0 
-0.000175075 
0.000723097 
0.00202209 
0.00270757 
0.00309206 
0.00329036 
0.00337166 
0.00337958 
0.00334186 
0.00327537 
0.00318949 
0.00308846 
0.00297322 
0.00284269 
0.00269485 
0.00252745 
0.00233847 
0.0021265 
0.00189095 
0.00163219 
0.00135159 
0.00105156 
0.000735588 
0.000408451 
7.75201e-05 
-0.000247008 
-0.000560621 
-0.000862076 
-0.00114877 
-0.00141661 
-0.00166127 
-0.00187852 
-0.00206399 
-0.0022133 
-0.00232234 
-0.00238759 
-0.00240651 
-0.00237803 
-0.00230319 
-0.00218613 
-0.00203575 
-0.0018676 
-0.00170441 
-0.00157142 
-0.00148463 
-0.00143808 
-0.00140295 
-0.00134462 
-0.00124491 
-0.00110943 
-0.000956407 
-0.000801875 
-0.000653738 
-0.000513768 
-0.000381219 
-0.000255121 
-0.000135211 
-2.2354e-05 
8.24191e-05 
0.000178426 
0.000261196 
0.000327653 
0.000374472 
0.000399249 
0 
0.000175075 
0.000175075 
-0.000723097 
-0.00202209 
-0.00270757 
-0.00309206 
-0.00329036 
-0.00337166 
-0.00337958 
-0.00334186 
-0.00327537 
-0.00318949 
-0.00308846 
-0.00297322 
-0.00284269 
-0.00269485 
-0.00252745 
-0.00233847 
-0.0021265 
-0.00189095 
-0.00163219 
-0.00135159 
-0.00105156 
-0.000735588 
-0.000408451 
-7.75201e-05 
0.000247008 
0.000560621 
0.000862076 
0.00114877 
0.00141661 
0.00166127 
0.00187852 
0.00206399 
0.0022133 
0.00232234 
0.00238759 
0.00240651 
0.00237803 
0.00230319 
0.00218613 
0.00203575 
0.0018676 
0.00170441 
0.00157142 
0.00148463 
0.00143808 
0.00140295 
0.00134462 
0.00124491 
0.00110943 
0.000956407 
0.000801875 
0.000653738 
0.000513768 
0.000381219 
0.000255121 
0.000135211 
2.2354e-05 
-8.24191e-05 
-0.000178426 
-0.000261196 
-0.000327653 
-0.000374472 
-0.000399249 
-0.000399249 
-0.00014455 
-0.00014455 
-0.00369147 
-0.00608368 
-0.00761213 
-0.00851966 
-0.00900696 
-0.00921424 
-0.00924236 
-0.00915971 
-0.00900931 
-0.008815 
-0.00858688 
-0.00832585 
-0.00802726 
-0.00768363 
-0.00728675 
-0.00682905 
-0.00630465 
-0.00571001 
-0.00504423 
-0.0043093 
-0.00351007 
-0.00265429 
-0.00175246 
-0.000818498 
0.000129213 
0.0010738 
0.00200329 
0.00290442 
0.00376235 
0.00456169 
0.00528662 
0.00592131 
0.00645026 
0.00685899 
0.0071352 
0.00727015 
0.00726028 
0.00710899 
0.00682921 
0.00644713 
0.00600627 
0.00556773 
0.00519762 
0.00493703 
0.00477029 
0.00462468 
0.00441585 
0.00410319 
0.00370454 
0.00326595 
0.00282616 
0.00240382 
0.00200282 
0.001621 
0.00125544 
0.000905033 
0.000570954 
0.000257076 
-2.88933e-05 
-0.000276637 
-0.000476444 
-0.000617573 
-0.000692358 
-0.000692358 
-0.00429888 
-0.00429888 
-0.00761072 
-0.0103864 
-0.0123885 
-0.0136367 
-0.0143163 
-0.0146006 
-0.0146313 
-0.0145087 
-0.0142959 
-0.0140265 
-0.0137128 
-0.0133524 
-0.0129349 
-0.0124455 
-0.0118688 
-0.0111908 
-0.0104006 
-0.00949127 
-0.00846065 
-0.00731131 
-0.00605071 
-0.00469085 
-0.00324768 
-0.00173977 
-0.000190083 
0.0013745 
0.00292791 
0.00444471 
0.00589947 
0.00726646 
0.00851903 
0.00962995 
0.0105722 
0.01132 
0.011851 
0.012149 
0.0122065 
0.0120285 
0.0116355 
0.0110694 
0.0103973 
0.00971147 
0.00910975 
0.00865152 
0.00831278 
0.00798961 
0.00756762 
0.00699959 
0.00631894 
0.00559226 
0.00487114 
0.00417835 
0.0035173 
0.002884 
0.00227441 
0.00168665 
0.00112369 
0.000591829 
0.000101368 
-0.000327324 
-0.000675102 
-0.000922281 
-0.00105408 
-0.00105408 
-0.00820916 
-0.00820916 
-0.0117634 
-0.0148362 
-0.0170482 
-0.018402 
-0.0191055 
-0.019365 
-0.0193509 
-0.0191816 
-0.0189282 
-0.0186239 
-0.0182751 
-0.0178708 
-0.0173907 
-0.0168102 
-0.016105 
-0.0152542 
-0.0142414 
-0.0130567 
-0.0116969 
-0.010166 
-0.00847477 
-0.00664094 
-0.0046878 
-0.00264247 
-0.00053616 
0.00159479 
0.00371624 
0.00579561 
0.00780032 
0.0096974 
0.0114522 
0.0130279 
0.0143863 
0.0154898 
0.0163043 
0.0168033 
0.0169732 
0.0168175 
0.0163621 
0.0156612 
0.0148025 
0.0139036 
0.0130868 
0.0124225 
0.0118769 
0.0113245 
0.0106396 
0.00978475 
0.00881307 
0.00780514 
0.00681634 
0.00586735 
0.00495791 
0.00408105 
0.0032304 
0.00240442 
0.00160675 
0.000847768 
0.000146212 
-0.000474508 
-0.000986166 
-0.00135281 
-0.00155032 
-0.00155032 
-0.0125673 
-0.0125673 
-0.0161977 
-0.0193089 
-0.0214723 
-0.0227349 
-0.0233376 
-0.023511 
-0.0234403 
-0.0232472 
-0.0229979 
-0.0227151 
-0.0223923 
-0.0220049 
-0.0215197 
-0.0209011 
-0.0201157 
-0.0191351 
-0.0179384 
-0.0165128 
-0.0148547 
-0.0129697 
-0.0108727 
-0.00858776 
-0.00614663 
-0.00358697 
-0.000951018 
0.0017171 
0.00437377 
0.00697869 
0.00949309 
0.0118792 
0.0140981 
0.0161076 
0.0178627 
0.0193164 
0.0204239 
0.0211483 
0.0214672 
0.0213797 
0.0209139 
0.0201329 
0.0191406 
0.0180751 
0.0170749 
0.0162128 
0.0154421 
0.0146253 
0.0136445 
0.0124865 
0.011226 
0.0099503 
0.00871069 
0.00752101 
0.00637546 
0.00526335 
0.00417667 
0.00311056 
0.00207248 
0.00107055 
0.000123899 
-0.000723237 
-0.00142904 
-0.00194388 
-0.00222764 
-0.00222764 
-0.0165488 
-0.0165488 
-0.0203708 
-0.0234436 
-0.0254338 
-0.0265014 
-0.0269412 
-0.027008 
-0.026893 
-0.0267103 
-0.0265112 
-0.0263004 
-0.0260533 
-0.0257295 
-0.0252819 
-0.0246639 
-0.0238334 
-0.0227556 
-0.021405 
-0.0197667 
-0.0178364 
-0.0156215 
-0.0131405 
-0.0104239 
-0.00751258 
-0.00445592 
-0.00130979 
0.00186773 
0.0050224 
0.00810671 
0.0110779 
0.0138967 
0.0165233 
0.018915 
0.0210235 
0.0227963 
0.0241805 
0.0251291 
0.0256106 
0.0256179 
0.0251779 
0.0243599 
0.0232805 
0.0220928 
0.0209432 
0.019897 
0.0188918 
0.0177892 
0.0164971 
0.0150373 
0.0135042 
0.0119838 
0.0105167 
0.00910627 
0.0077398 
0.00640134 
0.00507803 
0.00376619 
0.00246481 
0.00118886 
-2.55268e-05 
-0.00113087 
-0.00207029 
-0.00277277 
-0.00317332 
-0.00317332 
-0.0202952 
-0.0202952 
-0.0242425 
-0.0271593 
-0.0288758 
-0.0296914 
-0.0299474 
-0.0299157 
-0.0297828 
-0.0296462 
-0.0295354 
-0.0294329 
-0.0292945 
-0.029064 
-0.0286821 
-0.0280923 
-0.0272446 
-0.0260984 
-0.0246241 
-0.0228041 
-0.0206334 
-0.01812 
-0.0152853 
-0.0121652 
-0.00880955 
-0.0052799 
-0.0016467 
0.00201876 
0.00564768 
0.00918145 
0.0125719 
0.0157783 
0.018763 
0.0214852 
0.0238981 
0.0259478 
0.0275767 
0.0287306 
0.0293697 
0.0294805 
0.0290879 
0.0282656 
0.0271398 
0.0258728 
0.0246083 
0.0233936 
0.0221511 
0.020756 
0.0191583 
0.0174198 
0.0156469 
0.013916 
0.0122519 
0.0106466 
0.00907868 
0.00752822 
0.00597632 
0.00440836 
0.00282504 
0.0012486 
-0.000276503 
-0.00169532 
-0.00293526 
-0.00389361 
-0.00446442 
-0.00446442 
-0.0235476 
-0.0235476 
-0.0276028 
-0.0303132 
-0.0317298 
-0.0322951 
-0.0323827 
-0.0322765 
-0.0321518 
-0.0320854 
-0.0320824 
-0.032103 
-0.0320857 
-0.0319609 
-0.031659 
-0.031115 
-0.0302718 
-0.0290828 
-0.0275143 
-0.0255457 
-0.0231704 
-0.0203955 
-0.0172435 
-0.0137541 
-0.00998509 
-0.00600957 
-0.00191274 
0.00221484 
0.00628529 
0.0102285 
0.0139924 
0.0175372 
0.0208284 
0.0238297 
0.0264975 
0.0287785 
0.0306133 
0.0319429 
0.0327216 
0.0329308 
0.0325944 
0.0317898 
0.0306508 
0.0293411 
0.0279899 
0.026618 
0.0251387 
0.0234585 
0.0215819 
0.0196063 
0.0176395 
0.0157399 
0.013915 
0.0121438 
0.0103987 
0.00864927 
0.00686154 
0.00501892 
0.00313376 
0.00123067 
-0.000652899 
-0.0024568 
-0.00408915 
-0.00540551 
-0.00623217 
-0.00623217 
-0.0263025 
-0.0263025 
-0.0304154 
-0.0328869 
-0.0340106 
-0.0343523 
-0.0342984 
-0.0341411 
-0.0340401 
-0.0340513 
-0.0341565 
-0.0342972 
-0.0343979 
-0.0343788 
-0.0341622 
-0.0336757 
-0.0328551 
-0.0316479 
-0.0300158 
-0.0279352 
-0.0253971 
-0.0224063 
-0.0189844 
-0.0151727 
-0.0110354 
-0.006656 
-0.00213351 
0.00242192 
0.006898 
0.0112107 
0.0153046 
0.0191423 
0.0226943 
0.0259292 
0.0288074 
0.0312777 
0.0332798 
0.0347525 
0.0356465 
0.0359414 
0.0356618 
0.0348906 
0.0337654 
0.0324422 
0.0310228 
0.0294989 
0.0277889 
0.0258497 
0.0237431 
0.0215898 
0.0194859 
0.0174673 
0.0155234 
0.013623 
0.0117281 
0.00978861 
0.00776861 
0.00566007 
0.00346375 
0.0011944 
-0.00111707 
-0.00341164 
-0.00557412 
-0.00740408 
-0.00861987 
-0.00861987 
-0.0284964 
-0.0284964 
-0.03263 
-0.0348672 
-0.0357383 
-0.0358989 
-0.0357338 
-0.0355425 
-0.0354678 
-0.0355486 
-0.0357471 
-0.035991 
-0.036195 
-0.0362724 
-0.036139 
-0.0357155 
-0.0349312 
-0.0337273 
-0.0320606 
-0.0299043 
-0.0272465 
-0.0240894 
-0.0204513 
-0.0163727 
-0.011922 
-0.0071911 
-0.00228947 
0.00264558 
0.00747206 
0.0120968 
0.0164662 
0.0205478 
0.0243169 
0.0277457 
0.0307968 
0.0334199 
0.0355547 
0.0371391 
0.0381234 
0.0384885 
0.0382639 
0.0375385 
0.0364489 
0.035131 
0.0336496 
0.0319745 
0.0300513 
0.0279006 
0.0256326 
0.023373 
0.0211954 
0.0191114 
0.0170953 
0.0151053 
0.0130825 
0.0109718 
0.00874027 
0.00636772 
0.00384031 
0.00116137 
-0.00166212 
-0.00458965 
-0.00747215 
-0.0100213 
-0.0117967 
-0.0117967 
-0.0301369 
-0.0301369 
-0.0342545 
-0.0362825 
-0.0369548 
-0.0369775 
-0.0367275 
-0.0365098 
-0.0364526 
-0.036583 
-0.0368493 
-0.0371707 
-0.0374558 
-0.0376134 
-0.0375542 
-0.0371935 
-0.0364539 
-0.0352707 
-0.0335954 
-0.0313975 
-0.0286628 
-0.0253908 
-0.0215957 
-0.0173146 
-0.0126183 
-0.00760579 
-0.00239485 
0.00284754 
0.00795038 
0.0128203 
0.0174101 
0.0216917 
0.0256419 
0.0292331 
0.0324271 
0.0351732 
0.0374109 
0.0390789 
0.0401306 
0.0405527 
0.0403828 
0.0397147 
0.0386753 
0.0373677 
0.035819 
0.0339969 
0.0318972 
0.0296052 
0.0272594 
0.0249711 
0.0227854 
0.0206927 
0.0186553 
0.0166141 
0.0144992 
0.0122563 
0.00984221 
0.00721806 
0.00434492 
0.00119653 
-0.0022764 
-0.00604729 
-0.00988449 
-0.0133612 
-0.0158448 
-0.0158448 
-0.0312351 
-0.0312351 
-0.0353088 
-0.037169 
-0.0377018 
-0.0376263 
-0.0373131 
-0.0370689 
-0.0370126 
-0.0371656 
-0.0374684 
-0.0378365 
-0.0381752 
-0.0383909 
-0.0383911 
-0.0380864 
-0.0373943 
-0.0362442 
-0.0345818 
-0.0323721 
-0.0295988 
-0.0262601 
-0.0223677 
-0.0179526 
-0.0130843 
-0.00786717 
-0.0024376 
0.00300276 
0.00828371 
0.013327 
0.0180864 
0.0225304 
0.0266313 
0.0303574 
0.0336676 
0.0365094 
0.0388228 
0.0405496 
0.0416499 
0.0421203 
0.042008 
0.0414066 
0.0404209 
0.039114 
0.0374885 
0.0355383 
0.0333242 
0.0309802 
0.0286465 
0.0264065 
0.0242773 
0.0222342 
0.0202268 
0.0181804 
0.0160237 
0.0136957 
0.0111337 
0.00826694 
0.00501016 
0.00127255 
-0.00306905 
-0.00793468 
-0.01292 
-0.0174324 
-0.020674 
-0.020674 
-0.0318217 
-0.0318217 
-0.0358341 
-0.0375759 
-0.0380245 
-0.0378844 
-0.037524 
-0.0372476 
-0.0371717 
-0.0373177 
-0.0376244 
-0.0380068 
-0.0383698 
-0.0386188 
-0.0386596 
-0.0384004 
-0.0377548 
-0.0366468 
-0.0350162 
-0.0328223 
-0.0300456 
-0.0266846 
-0.0227529 
-0.0182792 
-0.0133268 
-0.00800552 
-0.00247911 
0.0030468 
0.00842748 
0.0135882 
0.0184743 
0.0230455 
0.0272663 
0.0310988 
0.0344974 
0.0374078 
0.0397714 
0.0415361 
0.0426721 
0.0431881 
0.043138 
0.0426047 
0.0416605 
0.0403345 
0.0386325 
0.0366001 
0.0343582 
0.0320604 
0.0298256 
0.0277046 
0.0256949 
0.023761 
0.0218357 
0.0198413 
0.0177042 
0.0153472 
0.0126728 
0.00954881 
0.00580163 
0.00124959 
-0.00423861 
-0.0103821 
-0.0165604 
-0.0220712 
-0.0260251 
-0.0260251 
-0.0319359 
-0.0319359 
-0.0358703 
-0.0375452 
-0.0379602 
-0.0377868 
-0.0373952 
-0.0370813 
-0.0369668 
-0.0370762 
-0.0373534 
-0.0377158 
-0.0380697 
-0.0383215 
-0.0383777 
-0.0381461 
-0.0375384 
-0.0364754 
-0.0348915 
-0.0327406 
-0.0299982 
-0.0266624 
-0.0227509 
-0.0183009 
-0.0133744 
-0.00807007 
-0.00254091 
0.00300869 
0.00842973 
0.0136495 
0.0186095 
0.0232615 
0.0275605 
0.0314612 
0.034913 
0.0378602 
0.0402477 
0.0420321 
0.0431956 
0.0437573 
0.0437691 
0.0432918 
0.0423647 
0.0410056 
0.0392547 
0.0372172 
0.0350483 
0.0328905 
0.0308301 
0.0288934 
0.0270638 
0.0252917 
0.0235056 
0.0216287 
0.0195781 
0.0172438 
0.0144598 
0.0109843 
0.00653019 
0.000880231 
-0.00594262 
-0.0133655 
-0.0206331 
-0.0270243 
-0.0316147 
-0.0316147 
-0.031599 
-0.031599 
-0.035485 
-0.0371391 
-0.0375571 
-0.0373747 
-0.0369599 
-0.0366018 
-0.0364309 
-0.0364793 
-0.0366994 
-0.0370128 
-0.0373296 
-0.0375585 
-0.0376083 
-0.037388 
-0.0368099 
-0.0357927 
-0.0342676 
-0.0321833 
-0.0295108 
-0.0262452 
-0.0224061 
-0.0180384 
-0.0132122 
-0.00802672 
-0.00261041 
0.00287426 
0.00827764 
0.013506 
0.0184917 
0.0231785 
0.0275127 
0.031442 
0.0349121 
0.0378677 
0.0402593 
0.0420532 
0.0432418 
0.0438467 
0.0439051 
0.0434545 
0.042519 
0.0411369 
0.0393998 
0.0374541 
0.0354558 
0.0335175 
0.0316962 
0.0299987 
0.0283972 
0.0268386 
0.0252531 
0.023562 
0.0216584 
0.0193669 
0.0164044 
0.0123895 
0.00696905 
2.05956e-05 
-0.00814234 
-0.0167051 
-0.0249073 
-0.0320538 
-0.0372119 
-0.0372119 
-0.0308556 
-0.0308556 
-0.0347248 
-0.0363981 
-0.0368512 
-0.0366842 
-0.036258 
-0.0358547 
-0.0356154 
-0.035583 
-0.0357212 
-0.0359588 
-0.0362106 
-0.0363896 
-0.0364086 
-0.0361807 
-0.0356205 
-0.0346479 
-0.0331926 
-0.0312004 
-0.0286376 
-0.0254952 
-0.0217903 
-0.0175669 
-0.0128949 
-0.00787031 
-0.00261282 
0.0027353 
0.0080424 
0.0132082 
0.0181554 
0.0228175 
0.027133 
0.0310433 
0.0344916 
0.0374253 
0.0398014 
0.0415939 
0.0427992 
0.0434318 
0.0435125 
0.0430654 
0.0421276 
0.0407777 
0.0391475 
0.0373927 
0.0356456 
0.0339867 
0.0324495 
0.0310307 
0.0296998 
0.0284051 
0.0270804 
0.0256347 
0.0239103 
0.0216228 
0.0183366 
0.0135595 
0.00698152 
-0.00130149 
-0.010664 
-0.0201966 
-0.0291877 
-0.0369766 
-0.0426413 
-0.0426413 
-0.0297473 
-0.0297473 
-0.0336331 
-0.0353609 
-0.0358792 
-0.0357527 
-0.0353303 
-0.0348868 
-0.0345738 
-0.0344477 
-0.0344862 
-0.0346269 
-0.0347912 
-0.034897 
-0.0348627 
-0.0346068 
-0.034049 
-0.0331126 
-0.0317289 
-0.0298424 
-0.027416 
-0.0244362 
-0.020915 
-0.0168918 
-0.0124323 
-0.00762509 
-0.00257894 
0.00258129 
0.00773383 
0.0127761 
0.0176252 
0.0222067 
0.0264527 
0.0303005 
0.0336925 
0.0365786 
0.03892 
0.0406941 
0.0418941 
0.0425258 
0.0426037 
0.0421613 
0.0412657 
0.04003 
0.0385992 
0.0371118 
0.0356682 
0.034324 
0.0331005 
0.0319907 
0.0309663 
0.029981 
0.0289675 
0.0278044 
0.0262488 
0.023871 
0.0200901 
0.0143825 
0.00658847 
-0.00292607 
-0.0133195 
-0.0236783 
-0.0333293 
-0.041654 
-0.0477659 
-0.0477659 
-0.028315 
-0.028315 
-0.032247 
-0.0340607 
-0.0346731 
-0.0346143 
-0.0342164 
-0.0337454 
-0.0333618 
-0.0331372 
-0.0330652 
-0.0330948 
-0.0331549 
-0.0331695 
-0.0330627 
-0.0327597 
-0.0321871 
-0.0312739 
-0.0299557 
-0.0281781 
-0.0259027 
-0.0231114 
-0.0198099 
-0.0160299 
-0.0118281 
-0.00728409 
-0.00249629 
0.00242449 
0.00736664 
0.0122276 
0.016921 
0.0213674 
0.0254947 
0.0292377 
0.0325384 
0.035348 
0.0376295 
0.0393595 
0.0405284 
0.0411411 
0.0412211 
0.0408237 
0.0400428 
0.039005 
0.0378438 
0.0366698 
0.0355563 
0.0345446 
0.0336511 
0.0328705 
0.03218 
0.0315387 
0.0308685 
0.0299946 
0.0285584 
0.0259764 
0.0215681 
0.0148637 
0.0059104 
-0.00468363 
-0.0159654 
-0.0270343 
-0.0372251 
-0.0459791 
-0.0524774 
-0.0524774 
-0.0265955 
-0.0265955 
-0.0305998 
-0.0325269 
-0.033261 
-0.0332987 
-0.0329514 
-0.0324734 
-0.0320316 
-0.0317125 
-0.0315278 
-0.03144 
-0.0313872 
-0.0312995 
-0.0311073 
-0.0307426 
-0.0301393 
-0.029234 
-0.0279684 
-0.0262921 
-0.0241675 
-0.0215741 
-0.0185119 
-0.0150039 
-0.0110964 
-0.00685676 
-0.00237078 
0.00226548 
0.0069491 
0.0115783 
0.016065 
0.020327 
0.02429 
0.0278874 
0.0310612 
0.0337631 
0.0359568 
0.0376198 
0.0387455 
0.0393472 
0.0394656 
0.0391753 
0.0385811 
0.0378024 
0.0369491 
0.0361059 
0.0353291 
0.0346531 
0.0340944 
0.0336523 
0.0333114 
0.0330324 
0.0327137 
0.032107 
0.0307241 
0.0278472 
0.0227552 
0.0150878 
0.00509738 
-0.00642885 
-0.0184955 
-0.0301771 
-0.0407901 
-0.0498656 
-0.0566866 
-0.0566866 
-0.0246216 
-0.0246216 
-0.0287205 
-0.0307848 
-0.0316667 
-0.0318304 
-0.0315641 
-0.0311072 
-0.0306284 
-0.0302283 
-0.0299373 
-0.029734 
-0.0295673 
-0.0293746 
-0.0290919 
-0.0286577 
-0.0280132 
-0.0271029 
-0.0258755 
-0.0242867 
-0.0223021 
-0.0199009 
-0.0170793 
-0.013853 
-0.0102577 
-0.00634885 
-0.00219831 
0.00211364 
0.00649519 
0.0108474 
0.0150815 
0.0191146 
0.0228718 
0.0262864 
0.0293007 
0.0318684 
0.0339558 
0.0355453 
0.0366387 
0.0372623 
0.0374705 
0.0373458 
0.0369876 
0.0364969 
0.0359603 
0.035444 
0.0349951 
0.0346459 
0.0344156 
0.0343093 
0.0343186 
0.0344002 
0.034418 
0.0340388 
0.0326515 
0.0294402 
0.0236903 
0.0151657 
0.00428267 
-0.00805461 
-0.0208295 
-0.0330324 
-0.0439493 
-0.053238 
-0.0603162 
-0.0603162 
-0.0224225 
-0.0224225 
-0.026635 
-0.0288566 
-0.0299091 
-0.0302275 
-0.0300754 
-0.0296736 
-0.0291881 
-0.0287297 
-0.0283474 
-0.028038 
-0.0277638 
-0.0274708 
-0.0271008 
-0.0265977 
-0.0259092 
-0.0249869 
-0.0237871 
-0.022272 
-0.020412 
-0.0181883 
-0.0155958 
-0.012645 
-0.00936293 
-0.00579364 
-0.00199542 
0.00196715 
0.00601471 
0.0100539 
0.013998 
0.0177657 
0.0212833 
0.0244859 
0.0273184 
0.0297382 
0.0317174 
0.033246 
0.0343356 
0.0350219 
0.0353645 
0.0354415 
0.0353384 
0.0351361 
0.0349036 
0.0346956 
0.0345547 
0.0345135 
0.0345941 
0.0348082 
0.0351514 
0.0355714 
0.0358914 
0.0356961 
0.0342731 
0.0307462 
0.0244328 
0.0152004 
0.00356709 
-0.00948521 
-0.0228982 
-0.0355237 
-0.0466255 
-0.0560242 
-0.0632941 
-0.0632941 
-0.0200251 
-0.0200251 
-0.024367 
-0.0267618 
-0.0280039 
-0.0285029 
-0.0284981 
-0.0281896 
-0.0277346 
-0.0272494 
-0.0267993 
-0.0264004 
-0.0260311 
-0.0256482 
-0.0252004 
-0.0246363 
-0.0239089 
-0.0229758 
-0.0217996 
-0.0203489 
-0.0185994 
-0.0165355 
-0.0141526 
-0.0114586 
-0.00847437 
-0.00523498 
-0.00178727 
0.00181773 
0.00551421 
0.00921791 
0.0128474 
0.0163257 
0.0195829 
0.022558 
0.0252009 
0.0274746 
0.0293581 
0.0308489 
0.031965 
0.0327451 
0.0332455 
0.0335333 
0.0336784 
0.0337456 
0.0337916 
0.0338643 
0.0340037 
0.0342426 
0.0346066 
0.0351122 
0.0357562 
0.0364736 
0.0370482 
0.0369965 
0.0355355 
0.03176 
0.0250232 
0.0152547 
0.00300867 
-0.0106727 
-0.0246331 
-0.0375605 
-0.0487334 
-0.0581507 
-0.0655495 
-0.0655495 
-0.0174545 
-0.0174545 
-0.021939 
-0.0245187 
-0.0259645 
-0.0266649 
-0.0268378 
-0.0266613 
-0.0262792 
-0.0258067 
-0.0253207 
-0.0248558 
-0.0244089 
-0.0239505 
-0.0234379 
-0.0228254 
-0.02207 
-0.0211336 
-0.0199843 
-0.0185956 
-0.0169482 
-0.0150299 
-0.0128377 
-0.0103783 
-0.00766871 
-0.0047372 
-0.00162146 
0.00163769 
0.00498624 
0.00835133 
0.01166 
0.0148424 
0.017835 
0.020583 
0.0230425 
0.0251829 
0.0269892 
0.0284636 
0.0296262 
0.0305129 
0.031172 
0.0316588 
0.0320293 
0.0323365 
0.0326287 
0.0329489 
0.0333351 
0.0338198 
0.0344307 
0.0351869 
0.0360838 
0.037043 
0.037817 
0.0378761 
0.0363987 
0.0324743 
0.0254832 
0.0153719 
0.00264625 
-0.0115814 
-0.0259531 
-0.0390324 
-0.0501784 
-0.0595435 
-0.0670154 
-0.0670154 
-0.0147356 
-0.0147356 
-0.0193736 
-0.0221459 
-0.0238036 
-0.0247198 
-0.0250948 
-0.0250862 
-0.0248207 
-0.0244061 
-0.0239243 
-0.0234247 
-0.022923 
-0.0224062 
-0.0218434 
-0.021196 
-0.0204253 
-0.0194967 
-0.0183815 
-0.0170572 
-0.0155079 
-0.0137244 
-0.0117053 
-0.00945707 
-0.00699466 
-0.00434175 
-0.00152981 
0.00140693 
0.00442514 
0.00746487 
0.0104633 
0.0133595 
0.0160982 
0.0186316 
0.0209225 
0.022946 
0.0246913 
0.0261622 
0.0273772 
0.0283667 
0.0291702 
0.029832 
0.0303976 
0.0309112 
0.0314146 
0.0319466 
0.0325424 
0.0332338 
0.0340485 
0.0350056 
0.0360967 
0.0372314 
0.0381419 
0.0382761 
0.0368038 
0.0328292 
0.0257531 
0.0154995 
0.0024503 
-0.0121905 
-0.0267635 
-0.0398221 
-0.050869 
-0.0601374 
-0.0676362 
-0.0676362 
-0.0118942 
-0.0118942 
-0.0166948 
-0.0196639 
-0.0215362 
-0.0226743 
-0.023267 
-0.0234548 
-0.0233468 
-0.0230379 
-0.0226073 
-0.0221127 
-0.0215858 
-0.0210316 
-0.0204341 
-0.0197648 
-0.0189907 
-0.0180807 
-0.0170085 
-0.0157541 
-0.0143037 
-0.0126504 
-0.0107935 
-0.0087394 
-0.00650127 
-0.00409911 
-0.00155927 
0.00108867 
0.00380838 
0.00655151 
0.00926567 
0.0118996 
0.0144065 
0.0167462 
0.0188874 
0.0208099 
0.0225052 
0.0239767 
0.0252397 
0.0263184 
0.0272444 
0.0280531 
0.0287818 
0.0294678 
0.0301474 
0.0308547 
0.031622 
0.0324787 
0.0334507 
0.0345547 
0.0357764 
0.0370177 
0.0380037 
0.0381835 
0.0367435 
0.0328083 
0.0257999 
0.0156514 
0.00243575 
-0.0124482 
-0.0269147 
-0.0398045 
-0.0507171 
-0.0598758 
-0.0673644 
-0.0673644 
-0.00895723 
-0.00895723 
-0.0139283 
-0.0170958 
-0.0191806 
-0.0205391 
-0.0213546 
-0.0217564 
-0.0218381 
-0.0216795 
-0.0213503 
-0.0209084 
-0.0203952 
-0.0198314 
-0.0192176 
-0.0185386 
-0.0177705 
-0.0168869 
-0.0158638 
-0.0146825 
-0.0133304 
-0.0118009 
-0.0100941 
-0.00821577 
-0.00617793 
-0.00399835 
-0.00170012 
0.00069014 
0.00314246 
0.00561996 
0.00807958 
0.0104791 
0.0127795 
0.0149475 
0.016957 
0.0187908 
0.0204417 
0.0219118 
0.0232126 
0.0243631 
0.025388 
0.0263158 
0.0271773 
0.0280034 
0.0288254 
0.029673 
0.0305743 
0.0315556 
0.0326393 
0.0338375 
0.0351306 
0.0364137 
0.0374073 
0.0375715 
0.036122 
0.032243 
0.0253759 
0.0154765 
0.00248169 
-0.012167 
-0.0262881 
-0.0389303 
-0.0496907 
-0.0587397 
-0.0661991 
-0.0661991 
-0.00595287 
-0.00595287 
-0.0111015 
-0.0144679 
-0.0167604 
-0.0183318 
-0.0193649 
-0.0199846 
-0.0202745 
-0.0203006 
-0.0201197 
-0.0197821 
-0.0193306 
-0.0187952 
-0.0181913 
-0.0175189 
-0.0167662 
-0.0159148 
-0.014945 
-0.0138397 
-0.0125867 
-0.0111797 
-0.0096178 
-0.00790601 
-0.00605426 
-0.00407735 
-0.00199447 
0.000171393 
0.00239399 
0.00464322 
0.00688411 
0.00908215 
0.0112052 
0.0132255 
0.0151214 
0.016878 
0.0184885 
0.0199536 
0.0212817 
0.0224872 
0.0235895 
0.0246113 
0.0255779 
0.0265149 
0.0274486 
0.0284038 
0.0294047 
0.030473 
0.0316267 
0.0328736 
0.0341842 
0.0354485 
0.0363918 
0.0365001 
0.0350357 
0.0312433 
0.0245967 
0.0150436 
0.00263568 
-0.0113628 
-0.024981 
-0.0372747 
-0.0478343 
-0.0567636 
-0.0641841 
-0.0641841 
-0.00290993 
-0.00290993 
-0.00824192 
-0.0118081 
-0.0143039 
-0.0160781 
-0.0173164 
-0.018145 
-0.0186447 
-0.0188729 
-0.0188743 
-0.0186881 
-0.0183502 
-0.0178915 
-0.0173354 
-0.0166946 
-0.0159709 
-0.0151571 
-0.0142408 
-0.0132084 
-0.0120487 
-0.0107545 
-0.00932399 
-0.00776061 
-0.0060727 
-0.00427329 
-0.00237949 
-0.000411879 
0.0016061 
0.00365281 
0.00570092 
0.00772195 
0.00968935 
0.0115799 
0.013375 
0.0150615 
0.0166327 
0.0180879 
0.0194326 
0.0206776 
0.0218381 
0.0229318 
0.0239793 
0.0250011 
0.0260191 
0.0270531 
0.028123 
0.0292463 
0.0304361 
0.03169 
0.0329718 
0.0341686 
0.0350154 
0.0350335 
0.0335462 
0.029867 
0.0235157 
0.0144246 
0.00282245 
-0.0102166 
-0.0231231 
-0.034951 
-0.0452492 
-0.0540361 
-0.0614035 
-0.0614035 
0.000145339 
0.000145339 
-0.00537401 
-0.00914347 
-0.0118414 
-0.0138111 
-0.0152408 
-0.0162614 
-0.0169569 
-0.0173838 
-0.0175804 
-0.0175758 
-0.017396 
-0.0170652 
-0.0166058 
-0.0160361 
-0.0153684 
-0.0146071 
-0.0137502 
-0.0127913 
-0.0117229 
-0.0105388 
-0.00923625 
-0.00781677 
-0.00628606 
-0.00465381 
-0.0029332 
-0.00114037 
0.000705478 
0.00258398 
0.00447265 
0.00634776 
0.00818696 
0.00997051 
0.0116821 
0.0133097 
0.0148464 
0.01629 
0.0176446 
0.0189176 
0.0201211 
0.0212686 
0.0223768 
0.0234617 
0.0245407 
0.0256294 
0.0267438 
0.0278965 
0.0290917 
0.0303203 
0.0315392 
0.0326344 
0.033356 
0.0332685 
0.0317674 
0.0282415 
0.0222674 
0.0137758 
0.00309359 
-0.00886723 
-0.0209007 
-0.0321378 
-0.0420921 
-0.0506937 
-0.0579832 
-0.0579832 
0.00318973 
0.00318973 
-0.00251619 
-0.00649506 
-0.00940072 
-0.0115666 
-0.0131799 
-0.0143762 
-0.0152459 
-0.0158508 
-0.0162305 
-0.016411 
-0.0164107 
-0.0162453 
-0.0159299 
-0.0154799 
-0.0149092 
-0.0142293 
-0.0134471 
-0.0125649 
-0.0115816 
-0.0104946 
-0.00930179 
-0.00800374 
-0.00660425 
-0.00511101 
-0.0035354 
-0.0018921 
-0.000198519 
0.00152694 
0.00327032 
0.00501286 
0.00673543 
0.00842108 
0.0100552 
0.0116263 
0.0131275 
0.014555 
0.0159109 
0.0172006 
0.0184331 
0.0196185 
0.02077 
0.0218993 
0.0230205 
0.0241451 
0.0252849 
0.026445 
0.0276235 
0.0288044 
0.0299393 
0.0309155 
0.0315022 
0.0313123 
0.0298191 
0.0264901 
0.0209612 
0.0131707 
0.00346841 
-0.00738439 
-0.0184615 
-0.0290062 
-0.0385306 
-0.04689 
-0.0540672 
-0.0540672 
0.00621783 
0.00621783 
0.000319548 
-0.00387524 
-0.00700112 
-0.00937494 
-0.0111773 
-0.0125441 
-0.0135712 
-0.0143281 
-0.0148618 
-0.0152031 
-0.0153708 
-0.0153769 
-0.0152304 
-0.0149392 
-0.0145124 
-0.0139595 
-0.0132897 
-0.012511 
-0.0116288 
-0.0106466 
-0.00956645 
-0.00839063 
-0.00712258 
-0.00576786 
-0.00433431 
-0.002832 
-0.00127289 
0.000329273 
0.00195932 
0.00360041 
0.00523545 
0.006849 
0.00842753 
0.00995864 
0.0114347 
0.0128496 
0.0142058 
0.0155073 
0.0167607 
0.0179734 
0.0191558 
0.020316 
0.0214658 
0.0226126 
0.0237623 
0.0249147 
0.0260622 
0.0271835 
0.0282261 
0.0290809 
0.0295398 
0.0292655 
0.0278096 
0.0247178 
0.0196822 
0.0126499 
0.00394099 
-0.00581843 
-0.0159104 
-0.0256977 
-0.0347174 
-0.0427749 
-0.0498005 
-0.0498005 
0.00923843 
0.00923843 
0.00313614 
-0.00128484 
-0.00464694 
-0.00725195 
-0.00926492 
-0.0108161 
-0.0120017 
-0.0128966 
-0.0135564 
-0.0140211 
-0.014318 
-0.014464 
-0.0144691 
-0.0143388 
-0.0140765 
-0.0136854 
-0.0131693 
-0.012533 
-0.0117816 
-0.0109203 
-0.00995402 
-0.00888762 
-0.00772647 
-0.00647721 
-0.00514824 
-0.00374999 
-0.00229493 
-0.000797866 
0.000725613 
0.00226685 
0.00381357 
0.00535274 
0.0068711 
0.00835576 
0.00980041 
0.0111959 
0.0125434 
0.0138463 
0.0151097 
0.0163381 
0.0175399 
0.0187201 
0.0198876 
0.021045 
0.0221936 
0.023329 
0.0244391 
0.0254978 
0.0264508 
0.027195 
0.0275458 
0.0272155 
0.0258295 
0.0230077 
0.0184916 
0.012234 
0.00450139 
-0.00420312 
-0.0133179 
-0.0223164 
-0.0307766 
-0.0384789 
-0.045314 
-0.045314 
0.0122728 
0.0122728 
0.00595781 
0.00128991 
-0.00232768 
-0.00519245 
-0.007451 
-0.00921985 
-0.0105896 
-0.0116343 
-0.0124148 
-0.0129791 
-0.0133651 
-0.0136004 
-0.0137048 
-0.0136904 
-0.0135636 
-0.0133262 
-0.0129776 
-0.0125161 
-0.0119401 
-0.0112495 
-0.0104453 
-0.00953076 
-0.00851116 
-0.00739435 
-0.00619039 
-0.00491085 
-0.00356751 
-0.00217114 
-0.000730765 
0.000745413 
0.00224149 
0.0037428 
0.00523802 
0.00671023 
0.00814778 
0.00953394 
0.0108776 
0.0121859 
0.0134592 
0.0147009 
0.0159178 
0.0171124 
0.0182904 
0.0194515 
0.0205935 
0.0217089 
0.0227819 
0.0237832 
0.0246586 
0.0253123 
0.0255838 
0.0252315 
0.0239476 
0.021419 
0.0174296 
0.0119332 
0.00513559 
-0.00256693 
-0.0107336 
-0.0189364 
-0.0268025 
-0.0341071 
-0.0407171 
-0.0407171 
0.0153499 
0.0153499 
0.00881914 
0.00388424 
-1.87191e-05 
-0.00317251 
-0.0057173 
-0.00774878 
-0.00934686 
-0.0105796 
-0.011507 
-0.0121809 
-0.0126457 
-0.0129387 
-0.0130909 
-0.0131268 
-0.0130641 
-0.0129137 
-0.0126799 
-0.0123611 
-0.0119516 
-0.0114436 
-0.0108291 
-0.0101008 
-0.00925434 
-0.00828883 
-0.00720839 
-0.00602285 
-0.00474779 
-0.00340309 
-0.00201002 
-0.000588456 
0.0008445 
0.00229191 
0.00374035 
0.00516818 
0.0065759 
0.00794165 
0.0092676 
0.0105649 
0.0118364 
0.0130809 
0.0143037 
0.0155046 
0.0166858 
0.0178454 
0.0189784 
0.0200748 
0.0211162 
0.0220714 
0.0228874 
0.0234774 
0.0237031 
0.0233648 
0.0222126 
0.0199919 
0.0165215 
0.0117541 
0.00583699 
-0.000925391 
-0.00818705 
-0.0156059 
-0.0228609 
-0.0297376 
-0.0360941 
-0.0360941 
0.0185019 
0.0185019 
0.0117558 
0.00653997 
0.00232103 
-0.00115857 
-0.00402735 
-0.00636876 
-0.00824504 
-0.00971571 
-0.0108363 
-0.0116589 
-0.0122308 
-0.0125941 
-0.0127862 
-0.0128403 
-0.0127852 
-0.0126451 
-0.0124374 
-0.012172 
-0.0118508 
-0.011469 
-0.0110167 
-0.0104816 
-0.00985046 
-0.00911147 
-0.00825545 
-0.00727759 
-0.00617952 
-0.00497136 
-0.00367242 
-0.00230826 
-0.000899779 
0.000544764 
0.00201893 
0.00349652 
0.00494287 
0.00629534 
0.00760535 
0.00891551 
0.0101979 
0.0114535 
0.0126833 
0.0138893 
0.0150724 
0.0162303 
0.0173569 
0.0184403 
0.0194605 
0.0203858 
0.0211658 
0.0217223 
0.0219382 
0.0216494 
0.0206552 
0.01875 
0.0157817 
0.0117003 
0.00660201 
0.000713848 
-0.00569368 
-0.0123526 
-0.0189937 
-0.0254238 
-0.0315054 
-0.0315054 
0.0217602 
0.0217602 
0.0148016 
0.00929458 
0.00473284 
0.000889161 
-0.00234389 
-0.00503875 
-0.00723993 
-0.00899531 
-0.0103543 
-0.0113686 
-0.0120885 
-0.01256 
-0.0128243 
-0.0129178 
-0.0128735 
-0.0127216 
-0.0124887 
-0.0121967 
-0.0118608 
-0.0114887 
-0.0110801 
-0.0106285 
-0.0101228 
-0.00954925 
-0.00889295 
-0.0081376 
-0.00726542 
-0.00625739 
-0.00509615 
-0.00377565 
-0.00231875 
-0.000803941 
0.000664188 
0.00205485 
0.00344208 
0.00477584 
0.00605957 
0.00733918 
0.00860784 
0.00985586 
0.0110815 
0.0122849 
0.0134655 
0.0146207 
0.0157435 
0.0168211 
0.0178327 
0.0187467 
0.0195159 
0.0200708 
0.0203121 
0.0201063 
0.0192927 
0.0177057 
0.0152175 
0.0117753 
0.0074337 
0.00235351 
-0.0032561 
-0.00918744 
-0.0152228 
-0.0211979 
-0.0269896 
-0.0269896 
0.0251538 
0.0251538 
0.0179867 
0.0121789 
0.00725106 
0.00300494 
-0.000636546 
-0.00372635 
-0.00629707 
-0.00837906 
-0.0100135 
-0.0112508 
-0.0121457 
-0.0127512 
-0.0131152 
-0.0132791 
-0.0132786 
-0.0131453 
-0.0129072 
-0.0125893 
-0.0122128 
-0.0117941 
-0.0113439 
-0.0108671 
-0.0103635 
-0.00982903 
-0.0092575 
-0.00864155 
-0.00797253 
-0.00723818 
-0.00641859 
-0.00548177 
-0.00438435 
-0.00307945 
-0.0015455 
0.000170177 
0.00184414 
0.00313756 
0.00431623 
0.0056642 
0.0069795 
0.00824534 
0.00947535 
0.0106767 
0.0118557 
0.0130113 
0.0141372 
0.0152202 
0.0162394 
0.0171639 
0.0179497 
0.0185353 
0.0188368 
0.0187452 
0.0181317 
0.0168633 
0.0148316 
0.011982 
0.00833748 
0.00400232 
-0.00086668 
-0.00610832 
-0.0115542 
-0.0170743 
-0.0225666 
-0.0225666 
0.0287087 
0.0287087 
0.0213375 
0.0152199 
0.00990295 
0.00521819 
0.00112296 
-0.00241067 
-0.00539693 
-0.00784875 
-0.00979426 
-0.0112799 
-0.0123651 
-0.013112 
-0.0135794 
-0.0138177 
-0.0138692 
-0.0137695 
-0.0135488 
-0.013233 
-0.0128438 
-0.012399 
-0.0119122 
-0.0113928 
-0.0108469 
-0.0102772 
-0.00968481 
-0.00906906 
-0.00842819 
-0.00775788 
-0.00704747 
-0.00627284 
-0.00539538 
-0.00436133 
-0.00310558 
-0.00151308 
0.000217292 
0.00161013 
0.00285774 
0.00414058 
0.00542037 
0.00667226 
0.00789461 
0.00909026 
0.0102656 
0.0114222 
0.0125554 
0.0136529 
0.0146944 
0.0156501 
0.016479 
0.017126 
0.0175196 
0.0175703 
0.017174 
0.016223 
0.014625 
0.0123246 
0.00932116 
0.00567429 
0.00149152 
-0.0031025 
-0.00798156 
-0.0130533 
-0.0182412 
-0.0182412 
0.0324468 
0.0324468 
0.0248769 
0.0184418 
0.012714 
0.00755481 
0.00295721 
-0.00107308 
-0.00452539 
-0.00739573 
-0.00969261 
-0.0114546 
-0.0127445 
-0.0136353 
-0.0141995 
-0.0145007 
-0.0145914 
-0.0145137 
-0.0143025 
-0.0139865 
-0.0135899 
-0.013132 
-0.0126277 
-0.0120879 
-0.0115193 
-0.0109264 
-0.010312 
-0.00967844 
-0.00902835 
-0.008364 
-0.00768411 
-0.00697377 
-0.00619971 
-0.00532854 
-0.0043579 
-0.00331016 
-0.00227199 
-0.00124114 
0.000130523 
0.00192834 
0.00357983 
0.00497498 
0.00625361 
0.00746799 
0.00865436 
0.00982474 
0.0109793 
0.0121083 
0.0131926 
0.014204 
0.0151043 
0.0158439 
0.0163608 
0.0165803 
0.0164171 
0.0157829 
0.0145983 
0.0128083 
0.0103952 
0.007385 
0.00384112 
-0.000148293 
-0.00448896 
-0.00912401 
-0.0140057 
-0.0140057 
0.0363851 
0.0363851 
0.0286231 
0.0218653 
0.0157073 
0.0100391 
0.00489108 
0.000306897 
-0.00366959 
-0.00701305 
-0.00970824 
-0.0117799 
-0.0132921 
-0.0143295 
-0.014982 
-0.0153307 
-0.0154418 
-0.0153675 
-0.0151484 
-0.0148176 
-0.0144016 
-0.0139222 
-0.0133966 
-0.0128375 
-0.0122538 
-0.0116512 
-0.0110327 
-0.0103996 
-0.00975292 
-0.00909346 
-0.00842234 
-0.00773568 
-0.0070158 
-0.00623639 
-0.0053796 
-0.0044228 
-0.00339785 
-0.00246528 
-0.00133819 
9.94961e-05 
0.0016051 
0.0030601 
0.00443175 
0.00572964 
0.00697934 
0.00820165 
0.0094064 
0.0105912 
0.0117423 
0.0128349 
0.0138343 
0.0146957 
0.0153646 
0.0157768 
0.0158611 
0.0155433 
0.0147546 
0.013441 
0.0115732 
0.00915185 
0.00620628 
0.00278298 
-0.00105182 
-0.00526575 
-0.00984101 
-0.00984101 
0.0405333 
0.0405333 
0.0325882 
0.0255062 
0.0189028 
0.012694 
0.00694808 
0.00175016 
-0.00281485 
-0.00669223 
-0.00983986 
-0.0122609 
-0.0140174 
-0.0152057 
-0.015937 
-0.0163146 
-0.0164238 
-0.0163296 
-0.0160813 
-0.0157166 
-0.0152657 
-0.0147525 
-0.0141959 
-0.0136101 
-0.0130058 
-0.0123901 
-0.0117674 
-0.0111402 
-0.0105098 
-0.00987595 
-0.00923752 
-0.00859084 
-0.00792406 
-0.00722288 
-0.00647671 
-0.00568692 
-0.0048496 
-0.00398376 
-0.00295517 
-0.00183149 
-0.000681769 
0.000586488 
0.00196508 
0.00339109 
0.00481153 
0.00621017 
0.00758165 
0.00892262 
0.0102237 
0.0114666 
0.0126231 
0.0136553 
0.0145165 
0.0151525 
0.015503 
0.0155055 
0.0150997 
0.014234 
0.0128717 
0.0109955 
0.00860832 
0.00572413 
0.00236749 
-0.0014463 
-0.00571656 
-0.00571656 
0.0448917 
0.0448917 
0.0367751 
0.0293727 
0.022315 
0.0155389 
0.00915016 
0.0032779 
-0.00194392 
-0.00642242 
-0.0100836 
-0.0129005 
-0.0149282 
-0.0162744 
-0.0170745 
-0.0174605 
-0.017542 
-0.0174018 
-0.0170996 
-0.0166796 
-0.0161754 
-0.0156134 
-0.015014 
-0.0143929 
-0.0137618 
-0.0131286 
-0.0124985 
-0.0118743 
-0.011257 
-0.0106463 
-0.0100402 
-0.00943563 
-0.00882318 
-0.00819231 
-0.00752872 
-0.00683101 
-0.00607126 
-0.00529819 
-0.00441563 
-0.00340857 
-0.00231413 
-0.00114343 
9.47688e-05 
0.00139318 
0.00275656 
0.00417889 
0.00564353 
0.00712788 
0.00860594 
0.0100476 
0.0114182 
0.0126784 
0.0137837 
0.0146851 
0.0153304 
0.0156655 
0.0156377 
0.0151987 
0.0143086 
0.0129383 
0.0110708 
0.00869648 
0.00580912 
0.00238597 
-0.00158772 
-0.00158772 
0.0494475 
0.0494475 
0.0411746 
0.0334623 
0.02595 
0.0185878 
0.0115165 
0.00491129 
-0.00103784 
-0.00618965 
-0.0104312 
-0.0136969 
-0.0160282 
-0.0175422 
-0.0184016 
-0.0187731 
-0.0187981 
-0.0185821 
-0.0181986 
-0.0176994 
-0.0171221 
-0.0164952 
-0.0158405 
-0.0151743 
-0.0145091 
-0.0138534 
-0.0132129 
-0.0125908 
-0.0119882 
-0.0114048 
-0.0108378 
-0.0102843 
-0.00973582 
-0.00918558 
-0.00861922 
-0.00803815 
-0.00741154 
-0.00675632 
-0.0060078 
-0.00517588 
-0.00426282 
-0.00324584 
-0.00212094 
-0.000891676 
0.000443168 
0.00189161 
0.0034419 
0.00507215 
0.00675027 
0.00843587 
0.0100829 
0.0116421 
0.0130628 
0.0142937 
0.0152844 
0.0159853 
0.0163494 
0.0163322 
0.015894 
0.0149996 
0.0136199 
0.0117268 
0.0092941 
0.00627301 
0.00260134 
0.00260134 
0.0541714 
0.0541714 
0.0457613 
0.0377578 
0.0298014 
0.0218459 
0.0140615 
0.00666932 
-7.91127e-05 
-0.00597834 
-0.0108691 
-0.0146416 
-0.0173138 
-0.0190093 
-0.0199196 
-0.0202527 
-0.0201898 
-0.0198654 
-0.0193708 
-0.0187666 
-0.018095 
-0.0173863 
-0.0166629 
-0.0159416 
-0.015235 
-0.0145515 
-0.0138967 
-0.0132739 
-0.0126837 
-0.0121256 
-0.0115963 
-0.0110931 
-0.0106074 
-0.0101334 
-0.00965513 
-0.00917349 
-0.00865412 
-0.00811074 
-0.00749142 
-0.00678709 
-0.00598717 
-0.00507969 
-0.00405381 
-0.00289883 
-0.00160358 
-0.000162691 
0.00141635 
0.00312195 
0.00493116 
0.00680706 
0.00870131 
0.0105575 
0.0123148 
0.013912 
0.0152904 
0.016396 
0.0171799 
0.017598 
0.01761 
0.0171782 
0.0162662 
0.0148346 
0.0128419 
0.0102175 
0.00686605 
0.00686605 
0.0590134 
0.0590134 
0.0504888 
0.042222 
0.0338451 
0.0253035 
0.0167885 
0.00856488 
0.000952259 
-0.00576692 
-0.0113756 
-0.0157152 
-0.01877 
-0.0206652 
-0.0216206 
-0.0218918 
-0.0217078 
-0.0212405 
-0.0206031 
-0.0198673 
-0.0190796 
-0.0182719 
-0.0174668 
-0.0166808 
-0.0159257 
-0.0152099 
-0.0145383 
-0.0139138 
-0.0133368 
-0.0128066 
-0.0123194 
-0.0118727 
-0.0114583 
-0.0110709 
-0.010695 
-0.0103296 
-0.00994322 
-0.00953662 
-0.00906553 
-0.00851943 
-0.00787539 
-0.00710962 
-0.00619892 
-0.00512252 
-0.00386265 
-0.00240785 
-0.000760742 
0.00106544 
0.00304614 
0.0051404 
0.00729696 
0.00945758 
0.0115586 
0.0135338 
0.0153179 
0.0168501 
0.0180755 
0.0189455 
0.0194162 
0.0194461 
0.0189939 
0.0180121 
0.016448 
0.0142121 
0.0111768 
0.0111768 
0.0638993 
0.0638993 
0.0552861 
0.0467923 
0.0380326 
0.0289293 
0.0196842 
0.0106006 
0.00207213 
-0.00553031 
-0.0119205 
-0.0168852 
-0.0203664 
-0.0224839 
-0.0234834 
-0.0236714 
-0.023334 
-0.0226887 
-0.0218764 
-0.020982 
-0.0200568 
-0.0191337 
-0.0182346 
-0.0173749 
-0.0165651 
-0.0158126 
-0.0151215 
-0.0144939 
-0.0139294 
-0.0134269 
-0.0129825 
-0.0125938 
-0.0122526 
-0.0119538 
-0.0116815 
-0.0114327 
-0.0111777 
-0.0109105 
-0.0105892 
-0.0101959 
-0.00969958 
-0.00907045 
-0.00827483 
-0.00727913 
-0.00605316 
-0.00457648 
-0.00284495 
-0.000873115 
0.00130237 
0.00363044 
0.00605405 
0.00851216 
0.0109403 
0.0132714 
0.0154394 
0.0173809 
0.0190368 
0.0203529 
0.021279 
0.021767 
0.0217683 
0.0212272 
0.0200804 
0.018221 
0.0154915 
0.0154915 
0.0687283 
0.0687283 
0.060054 
0.0513766 
0.0422856 
0.032666 
0.022716 
0.0127675 
0.00328991 
-0.00524371 
-0.0124641 
-0.0181031 
-0.0220531 
-0.0244196 
-0.0254683 
-0.0255578 
-0.0250382 
-0.0241817 
-0.0231638 
-0.0220853 
-0.0210029 
-0.0199495 
-0.0189458 
-0.018005 
-0.0171358 
-0.0163438 
-0.0156318 
-0.0150011 
-0.0144503 
-0.0139779 
-0.0135801 
-0.0132549 
-0.0129945 
-0.0127934 
-0.0126364 
-0.0125176 
-0.012411 
-0.0123035 
-0.012154 
-0.0119396 
-0.0116211 
-0.0111579 
-0.0105019 
-0.0096042 
-0.00841948 
-0.00691539 
-0.00508088 
-0.00293112 
-0.000509046 
0.00211891 
0.00487744 
0.00769136 
0.0104854 
0.0131868 
0.0157297 
0.0180549 
0.020108 
0.0218372 
0.0231908 
0.0241148 
0.024552 
0.0244359 
0.0236906 
0.0221913 
0.019752 
0.019752 
0.0733726 
0.0733726 
0.0646641 
0.0558503 
0.0464915 
0.036422 
0.0258221 
0.0150349 
0.0046023 
-0.00488516 
-0.012959 
-0.0193029 
-0.0237573 
-0.0264022 
-0.0275135 
-0.0274982 
-0.0267754 
-0.0256802 
-0.0244298 
-0.0231451 
-0.0218886 
-0.0206931 
-0.0195767 
-0.0185497 
-0.017618 
-0.016785 
-0.0160517 
-0.015418 
-0.0148818 
-0.0144409 
-0.0140919 
-0.0138336 
-0.0136579 
-0.0135593 
-0.013523 
-0.013541 
-0.0135902 
-0.0136537 
-0.0136902 
-0.0136708 
-0.0135482 
-0.01327 
-0.0127713 
-0.0119834 
-0.010842 
-0.00930007 
-0.00733848 
-0.00497249 
-0.00225332 
0.00073299 
0.00387957 
0.00709078 
0.0102802 
0.0133639 
0.016272 
0.0189496 
0.0213522 
0.023439 
0.0251653 
0.0264779 
0.0273126 
0.0275907 
0.027221 
0.0260586 
0.0238895 
0.0238895 
0.0776804 
0.0776804 
0.0689612 
0.0600574 
0.0505011 
0.0400672 
0.0289061 
0.0173499 
0.00599812 
-0.00443166 
-0.013348 
-0.0204 
-0.0253817 
-0.0283349 
-0.0295318 
-0.0294188 
-0.028484 
-0.0271322 
-0.0256298 
-0.0241225 
-0.02268 
-0.0213347 
-0.0201011 
-0.0189857 
-0.017991 
-0.0171175 
-0.0163642 
-0.0157293 
-0.0152098 
-0.0148032 
-0.0145067 
-0.0143199 
-0.0142348 
-0.0142456 
-0.0143388 
-0.0145055 
-0.0147245 
-0.0149776 
-0.0152245 
-0.0154286 
-0.0155339 
-0.0154721 
-0.0151572 
-0.0144963 
-0.0134031 
-0.0118154 
-0.00970743 
-0.00709582 
-0.0040418 
-0.000644648 
0.0029574 
0.00663598 
0.0102837 
0.0137928 
0.017081 
0.0200952 
0.0228037 
0.0251852 
0.0272132 
0.0288452 
0.0300173 
0.0306407 
0.0306072 
0.0297495 
0.0278255 
0.0278255 
0.0814819 
0.0814819 
0.07277 
0.0638163 
0.0541326 
0.0434305 
0.0318278 
0.0196224 
0.00744236 
-0.00386884 
-0.0135695 
-0.0212963 
-0.0268096 
-0.0300979 
-0.0314126 
-0.0312244 
-0.0300852 
-0.0284729 
-0.02671 
-0.0249718 
-0.0233382 
-0.0218408 
-0.0204902 
-0.0192882 
-0.0182329 
-0.0173218 
-0.0165511 
-0.0159176 
-0.0154171 
-0.0150471 
-0.014806 
-0.0146937 
-0.0147024 
-0.0148264 
-0.0150546 
-0.0153781 
-0.0157777 
-0.0162357 
-0.0167134 
-0.0171652 
-0.0175244 
-0.0177024 
-0.0175868 
-0.0170574 
-0.0160055 
-0.0143565 
-0.0120811 
-0.00919884 
-0.00577792 
-0.00192861 
0.00217831 
0.00637507 
0.010521 
0.0144799 
0.018153 
0.0214848 
0.0244557 
0.0270669 
0.0293181 
0.0311879 
0.0326217 
0.0335255 
0.0337755 
0.0331807 
0.0314712 
0.0314712 
0.0845985 
0.0845985 
0.0759069 
0.0669333 
0.0571849 
0.0463112 
0.034405 
0.0217224 
0.00888742 
-0.00317685 
-0.0135597 
-0.0218869 
-0.0279116 
-0.0315537 
-0.0330245 
-0.0328 
-0.031484 
-0.0296256 
-0.027608 
-0.0256421 
-0.023821 
-0.0221764 
-0.0207146 
-0.0194319 
-0.0183221 
-0.0173786 
-0.0165952 
-0.0159669 
-0.0154887 
-0.0151582 
-0.0149751 
-0.0149397 
-0.0150445 
-0.0152852 
-0.0156534 
-0.0161419 
-0.0167344 
-0.0174124 
-0.01814 
-0.018863 
-0.019497 
-0.0199289 
-0.0200148 
-0.0196076 
-0.0185813 
-0.0168567 
-0.0144064 
-0.011254 
-0.0074696 
-0.00317001 
0.0014605 
0.00621709 
0.0109053 
0.0153477 
0.0194163 
0.0230502 
0.0262428 
0.0290219 
0.0314196 
0.0334436 
0.0350571 
0.0361674 
0.0366391 
0.0362573 
0.0347268 
0.0347268 
0.0868564 
0.0868564 
0.0781955 
0.0692195 
0.0594571 
0.0484995 
0.036428 
0.0234664 
0.0102419 
-0.00233335 
-0.0132345 
-0.0220625 
-0.0285577 
-0.0325626 
-0.03423 
-0.0340209 
-0.0325752 
-0.0305049 
-0.0282549 
-0.0260772 
-0.0240822 
-0.0223038 
-0.0207433 
-0.0193917 
-0.0182371 
-0.0172694 
-0.0164797 
-0.0158615 
-0.015409 
-0.0151202 
-0.0149966 
-0.0150384 
-0.0152389 
-0.0155964 
-0.0161062 
-0.0167637 
-0.0175563 
-0.0184652 
-0.0194528 
-0.0204565 
-0.021369 
-0.0220443 
-0.0223085 
-0.0219931 
-0.0209657 
-0.0191535 
-0.0165372 
-0.0131417 
-0.00902921 
-0.00431016 
0.000841258 
0.00617093 
0.0114083 
0.0163304 
0.020776 
0.0246783 
0.0280448 
0.0309321 
0.0334063 
0.0355077 
0.0372227 
0.0384656 
0.0390941 
0.0388711 
0.0374807 
0.0374807 
0.0880901 
0.0880901 
0.0794858 
0.0705185 
0.0607889 
0.0498308 
0.0377209 
0.0246581 
0.0113423 
-0.00138115 
-0.0126069 
-0.021813 
-0.0287008 
-0.0330475 
-0.0349334 
-0.034785 
-0.0332585 
-0.0310227 
-0.0285796 
-0.0262216 
-0.0240786 
-0.0221882 
-0.020548 
-0.0191433 
-0.0179581 
-0.0169776 
-0.0161898 
-0.0155875 
-0.0151643 
-0.0149194 
-0.0148555 
-0.0149724 
-0.0152658 
-0.0157371 
-0.0163863 
-0.0172123 
-0.0182066 
-0.0193501 
-0.0205983 
-0.0218718 
-0.0230404 
-0.0239194 
-0.0243099 
-0.024038 
-0.0229811 
-0.0210847 
-0.01834 
-0.0147685 
-0.0104155 
-0.00537129 
0.000223468 
0.00609333 
0.0118928 
0.0172985 
0.0220946 
0.0262176 
0.0297008 
0.0326359 
0.0351246 
0.037239 
0.0389893 
0.0402986 
0.0410219 
0.0409033 
0.0396126 
0.0396126 
0.0881427 
0.0881427 
0.0796567 
0.0707006 
0.0610217 
0.0501388 
0.0381152 
0.0251953 
0.0121188 
-0.000366094 
-0.0116162 
-0.0210376 
-0.0282166 
-0.0328612 
-0.0349781 
-0.0349473 
-0.0334179 
-0.0310869 
-0.0285075 
-0.0260156 
-0.0237636 
-0.0217943 
-0.0201026 
-0.0186684 
-0.0174698 
-0.016489 
-0.0157133 
-0.0151332 
-0.0147429 
-0.0145428 
-0.0145366 
-0.014724 
-0.0151036 
-0.0156811 
-0.0164611 
-0.0174473 
-0.0186348 
-0.0200027 
-0.0214951 
-0.0230061 
-0.0243709 
-0.0253835 
-0.0258369 
-0.0255571 
-0.0244513 
-0.0224909 
-0.0196738 
-0.016011 
-0.0115245 
-0.00626899 
-0.0003248 
0.00603432 
0.0123278 
0.0181352 
0.0231996 
0.0274655 
0.0309981 
0.033926 
0.0363827 
0.0384651 
0.0402026 
0.0415255 
0.0422904 
0.0422253 
0.0409987 
0.0409987 
0.0869123 
0.0869123 
0.0786165 
0.0697059 
0.0601219 
0.0494208 
0.0376557 
0.025127 
0.0125115 
0.000435318 
-0.0105958 
-0.019993 
-0.0272791 
-0.0320995 
-0.0343913 
-0.0344767 
-0.0329808 
-0.0306149 
-0.0279663 
-0.0254028 
-0.0230947 
-0.0210903 
-0.0193821 
-0.0179463 
-0.0167575 
-0.0157947 
-0.0150413 
-0.0144904 
-0.0141359 
-0.0139804 
-0.0140279 
-0.0142778 
-0.0147331 
-0.0154033 
-0.0162984 
-0.0174266 
-0.0187857 
-0.0203495 
-0.0220446 
-0.0237339 
-0.0252178 
-0.0262705 
-0.0266948 
-0.026363 
-0.0252155 
-0.0232359 
-0.0204212 
-0.0167698 
-0.012287 
-0.00699634 
-0.000951188 
0.00572752 
0.0125465 
0.018732 
0.0239533 
0.0282375 
0.0317326 
0.0346007 
0.0369929 
0.0390172 
0.0407121 
0.0420108 
0.0427734 
0.0427162 
0.0415205 
0.0415205 
0.0843027 
0.0843027 
0.0762881 
0.0674959 
0.0580808 
0.0476946 
0.0363832 
0.0244644 
0.0125041 
0.00101622 
-0.0095889 
-0.018749 
-0.0259488 
-0.0307891 
-0.0331563 
-0.0333244 
-0.0318867 
-0.029547 
-0.0269042 
-0.0243423 
-0.022042 
-0.0200546 
-0.0183718 
-0.0169671 
-0.0158127 
-0.0148861 
-0.0141696 
-0.0136543 
-0.0133381 
-0.0132253 
-0.0133195 
-0.0136209 
-0.0141362 
-0.0148795 
-0.0158652 
-0.0171055 
-0.0185985 
-0.0203085 
-0.0221392 
-0.023921 
-0.0254293 
-0.0264404 
-0.0267883 
-0.0263855 
-0.0252026 
-0.023232 
-0.0204623 
-0.0168761 
-0.0124599 
-0.00720699 
-0.00112528 
0.00563406 
0.0124555 
0.0186707 
0.0239235 
0.0281826 
0.0316255 
0.0344342 
0.0367659 
0.0387299 
0.0403656 
0.0416114 
0.0423319 
0.0422477 
0.0410882 
0.0410882 
0.0802307 
0.0802307 
0.0726099 
0.0640559 
0.0549245 
0.045004 
0.0343357 
0.0232056 
0.0120573 
0.00130531 
-0.00869219 
-0.0174058 
-0.0243104 
-0.028989 
-0.0313026 
-0.0314925 
-0.0301177 
-0.0278568 
-0.0252955 
-0.0228134 
-0.0205906 
-0.0186777 
-0.0170657 
-0.0157271 
-0.0146337 
-0.0137628 
-0.0130964 
-0.0126245 
-0.0123483 
-0.0122746 
-0.0124063 
-0.0127444 
-0.0132997 
-0.0140896 
-0.0151325 
-0.0164429 
-0.0180162 
-0.0198035 
-0.0216839 
-0.0234609 
-0.0249011 
-0.0258022 
-0.026041 
-0.0255701 
-0.0243783 
-0.0224546 
-0.0197748 
-0.0163078 
-0.0120274 
-0.00692286 
-0.00103513 
0.00540216 
0.011871 
0.0178432 
0.0229743 
0.0271684 
0.0305577 
0.0333163 
0.0355957 
0.0374994 
0.0390632 
0.0402318 
0.0408754 
0.0407396 
0.0396291 
0.0396291 
0.0746235 
0.0746235 
0.0675294 
0.059381 
0.0506943 
0.0414035 
0.0315507 
0.0213621 
0.0111684 
0.00129788 
-0.00791842 
-0.0159843 
-0.0223866 
-0.0267183 
-0.0288434 
-0.028988 
-0.0276766 
-0.0255449 
-0.0231405 
-0.0208178 
-0.0187435 
-0.0169638 
-0.0154688 
-0.014232 
-0.0132263 
-0.01243 
-0.0118266 
-0.0114057 
-0.0111701 
-0.01113 
-0.0112876 
-0.0116447 
-0.0122154 
-0.0130194 
-0.0140777 
-0.0154051 
-0.016992 
-0.0187747 
-0.020611 
-0.02229 
-0.0235877 
-0.0243369 
-0.0244574 
-0.0239307 
-0.0227529 
-0.0209064 
-0.0183578 
-0.015071 
-0.0110262 
-0.00624064 
-0.000809417 
0.00502909 
0.0108943 
0.0163904 
0.0212113 
0.0252354 
0.0285263 
0.0312158 
0.0334316 
0.0352619 
0.0367349 
0.0378016 
0.0383416 
0.0381454 
0.0371056 
0.0371056 
0.0674171 
0.0674171 
0.0609994 
0.0534667 
0.0454308 
0.0369509 
0.0280772 
0.0189724 
0.009871 
0.00103029 
-0.00723644 
-0.0144613 
-0.0201629 
-0.0239737 
-0.0257881 
-0.0258316 
-0.0245911 
-0.022641 
-0.0204678 
-0.0183809 
-0.016523 
-0.014932 
-0.0135978 
-0.0124963 
-0.0116035 
-0.0108998 
-0.0103707 
-0.0100072 
-0.00981205 
-0.00979894 
-0.0099688 
-0.0103248 
-0.0108829 
-0.0116637 
-0.012689 
-0.0139723 
-0.0154977 
-0.0171891 
-0.0188916 
-0.0203952 
-0.0215 
-0.0220794 
-0.0220897 
-0.0215314 
-0.0204037 
-0.018686 
-0.0163439 
-0.0133476 
-0.0096917 
-0.00541434 
-0.000622706 
0.00448055 
0.00961123 
0.0144716 
0.0188192 
0.022535 
0.0256304 
0.028185 
0.0302893 
0.0320079 
0.0333578 
0.0342952 
0.0347152 
0.0344661 
0.0335243 
0.0335243 
0.058562 
0.058562 
0.0529799 
0.0463014 
0.0391583 
0.031692 
0.0239636 
0.0160842 
0.00821384 
0.000557491 
-0.00657613 
-0.0127627 
-0.0175787 
-0.0207231 
-0.0221392 
-0.0220562 
-0.0209131 
-0.0192039 
-0.0173333 
-0.0155512 
-0.0139693 
-0.0126155 
-0.0114802 
-0.0105435 
-0.00978547 
-0.00918989 
-0.00874511 
-0.00844344 
-0.00828807 
-0.00829407 
-0.00846164 
-0.00879495 
-0.00931031 
-0.0100279 
-0.0109683 
-0.0121426 
-0.0135293 
-0.015046 
-0.0165377 
-0.0178099 
-0.0186963 
-0.0191084 
-0.0190303 
-0.018474 
-0.0174416 
-0.0159142 
-0.0138624 
-0.0112649 
-0.00812609 
-0.00449107 
-0.000459037 
0.00381061 
0.00811257 
0.0122273 
0.0159704 
0.019238 
0.0220117 
0.0243278 
0.0262385 
0.0277826 
0.0289649 
0.0297462 
0.030044 
0.0297652 
0.0289506 
0.0289506 
0.0480503 
0.0480503 
0.0434652 
0.0378919 
0.0319075 
0.0256842 
0.0192896 
0.0128001 
0.00632581 
3.78096e-05 
-0.00577618 
-0.0107489 
-0.0145367 
-0.0169243 
-0.0179103 
-0.0177195 
-0.016725 
-0.0153215 
-0.0138176 
-0.0123967 
-0.0111377 
-0.0100588 
-0.00915263 
-0.00840423 
-0.00779877 
-0.00732399 
-0.0069712 
-0.00673463 
-0.00661744 
-0.00663421 
-0.00678479 
-0.00707383 
-0.00751637 
-0.0081304 
-0.00893396 
-0.0099349 
-0.0111097 
-0.0123781 
-0.0135986 
-0.0146051 
-0.0152682 
-0.0155318 
-0.015398 
-0.0148859 
-0.0140011 
-0.0127304 
-0.011052 
-0.00895148 
-0.00643564 
-0.00354289 
-0.000349969 
0.00302831 
0.00644363 
0.00973659 
0.0127724 
0.0154671 
0.01779 
0.0197495 
0.0213682 
0.0226632 
0.0236299 
0.0242359 
0.0244237 
0.0241498 
0.0234901 
0.0234901 
0.0359295 
0.0359295 
0.0324923 
0.0282631 
