0 
-0.000786187 
0.000192728 
0.00134931 
0.00178147 
0.0019663 
0.00205422 
0.00207599 
0.0020655 
0.00203946 
0.00200964 
0.0019824 
0.00196074 
0.00194524 
0.00193489 
0.00192772 
0.00192112 
0.00191222 
0.00189806 
0.00187577 
0.00184268 
0.00179639 
0.00173493 
0.00165676 
0.00156088 
0.0014468 
0.00131462 
0.00116496 
0.000998967 
0.000818245 
0.000624808 
0.000421021 
0.00020945 
-6.13285e-06 
-0.000221275 
-0.000433851 
-0.000642693 
-0.000846277 
-0.00104303 
-0.00123157 
-0.00141052 
-0.0015783 
-0.001733 
-0.00187221 
-0.00199288 
-0.00209123 
-0.00216292 
-0.00220318 
-0.00220709 
-0.00216995 
-0.00208781 
-0.00195904 
-0.0017883 
-0.00159203 
-0.00139713 
-0.00122529 
-0.00107574 
-0.00093026 
-0.000775235 
-0.000612245 
-0.000451187 
-0.000302448 
-0.000175797 
-8.22114e-05 
-2.87717e-05 
0 
0.000786187 
0.000786187 
-0.000192728 
-0.00134931 
-0.00178147 
-0.0019663 
-0.00205422 
-0.00207599 
-0.0020655 
-0.00203946 
-0.00200964 
-0.0019824 
-0.00196074 
-0.00194524 
-0.00193489 
-0.00192772 
-0.00192112 
-0.00191222 
-0.00189806 
-0.00187577 
-0.00184268 
-0.00179639 
-0.00173493 
-0.00165676 
-0.00156088 
-0.0014468 
-0.00131462 
-0.00116496 
-0.000998967 
-0.000818245 
-0.000624808 
-0.000421021 
-0.00020945 
6.13285e-06 
0.000221275 
0.000433851 
0.000642693 
0.000846277 
0.00104303 
0.00123157 
0.00141052 
0.0015783 
0.001733 
0.00187221 
0.00199288 
0.00209123 
0.00216292 
0.00220318 
0.00220709 
0.00216995 
0.00208781 
0.00195904 
0.0017883 
0.00159203 
0.00139713 
0.00122529 
0.00107574 
0.00093026 
0.000775235 
0.000612245 
0.000451187 
0.000302448 
0.000175797 
8.22114e-05 
2.87717e-05 
2.87717e-05 
0.00142276 
0.00142276 
-0.00163467 
-0.00343977 
-0.00453128 
-0.00509138 
-0.00536778 
-0.00545874 
-0.0054526 
-0.00540031 
-0.00533666 
-0.00528129 
-0.00524371 
-0.00522627 
-0.00522651 
-0.00523893 
-0.00525618 
-0.00526994 
-0.00527151 
-0.00525227 
-0.00520406 
-0.00511946 
-0.00499207 
-0.00481676 
-0.00458979 
-0.00430898 
-0.00397372 
-0.00358499 
-0.00314526 
-0.00265839 
-0.00212943 
-0.00156438 
-0.000969832 
-0.000353137 
0.000276899 
0.000912499 
0.00154763 
0.00217659 
0.00279383 
0.00339415 
0.00397228 
0.00452246 
0.00503776 
0.00550959 
0.00592729 
0.00627809 
0.0065474 
0.00671959 
0.00677904 
0.00671162 
0.00650667 
0.00616173 
0.00569274 
0.00514616 
0.00459301 
0.00408896 
0.00363442 
0.00318998 
0.00272867 
0.00225795 
0.0018001 
0.00137868 
0.00101404 
0.000736845 
0.000575188 
0.000575188 
-0.00104172 
-0.00104172 
-0.00370602 
-0.00574787 
-0.00718001 
-0.00798914 
-0.00839346 
-0.00852767 
-0.00851665 
-0.00844084 
-0.00835431 
-0.00828757 
-0.00825485 
-0.00825881 
-0.0082945 
-0.00835213 
-0.00841902 
-0.00848097 
-0.00852319 
-0.00853106 
-0.00849067 
-0.00838938 
-0.00821626 
-0.00796243 
-0.00762141 
-0.00718931 
-0.00666484 
-0.00604942 
-0.00534697 
-0.00456377 
-0.00370818 
-0.00279025 
-0.00182116 
-0.000812449 
0.000223973 
0.00127569 
0.00233124 
0.00338054 
0.00441436 
0.00542396 
0.00640073 
0.0073352 
0.00821598 
0.00902873 
0.00975537 
0.0103739 
0.0108588 
0.0111827 
0.0113183 
0.0112414 
0.0109347 
0.0103962 
0.00965385 
0.00878171 
0.00788736 
0.00705174 
0.00627529 
0.00550634 
0.00471384 
0.00391122 
0.00312883 
0.00239802 
0.00175519 
0.00126028 
0.000966403 
0.000966403 
-0.00291236 
-0.00291236 
-0.00578357 
-0.00810223 
-0.00969976 
-0.0105991 
-0.011024 
-0.0111424 
-0.011103 
-0.0110047 
-0.0109123 
-0.0108611 
-0.0108654 
-0.010925 
-0.0110304 
-0.0111661 
-0.0113131 
-0.0114511 
-0.0115589 
-0.0116159 
-0.0116025 
-0.0115011 
-0.0112964 
-0.0109759 
-0.0105308 
-0.00995553 
-0.00924854 
-0.00841187 
-0.00745119 
-0.00637549 
-0.00519677 
-0.00392964 
-0.00259059 
-0.00119737 
0.000231437 
0.00167826 
0.00312808 
0.00456751 
0.00598467 
0.00736885 
0.00870968 
0.0099958 
0.0112132 
0.0123436 
0.0133628 
0.0142403 
0.01494 
0.0154219 
0.0156457 
0.0155757 
0.0151875 
0.014479 
0.0134906 
0.0123226 
0.011113 
0.00995879 
0.00885694 
0.00775004 
0.00661139 
0.00546188 
0.00433528 
0.00327136 
0.00231576 
0.00155728 
0.00109269 
0.00109269 
-0.00535883 
-0.00535883 
-0.00822865 
-0.0105631 
-0.0121264 
-0.0129739 
-0.013336 
-0.0133996 
-0.0133244 
-0.013217 
-0.013145 
-0.0131419 
-0.0132177 
-0.0133665 
-0.013572 
-0.0138125 
-0.0140628 
-0.0142964 
-0.0144866 
-0.0146073 
-0.0146338 
-0.0145436 
-0.0143176 
-0.0139399 
-0.0133993 
-0.012689 
-0.011807 
-0.0107561 
-0.00954376 
-0.0081816 
-0.00668532 
-0.00507412 
-0.00336995 
-0.00159694 
0.000220619 
0.00206048 
0.00390175 
0.00572562 
0.00751592 
0.00925906 
0.010943 
0.0125557 
0.0140825 
0.0155035 
0.0167917 
0.0179104 
0.0188146 
0.0194525 
0.0197704 
0.0197203 
0.019269 
0.0184145 
0.0172099 
0.0157806 
0.014288 
0.012835 
0.0114108 
0.00995882 
0.008464 
0.00695294 
0.00545566 
0.00400267 
0.00265328 
0.00153825 
0.000814395 
0.000814395 
-0.00740304 
-0.00740304 
-0.01046 
-0.0128022 
-0.0142657 
-0.0150029 
-0.0152685 
-0.015268 
-0.0151667 
-0.0150725 
-0.0150493 
-0.015124 
-0.015299 
-0.0155606 
-0.0158856 
-0.0162461 
-0.0166117 
-0.0169508 
-0.017232 
-0.0174244 
-0.0174984 
-0.0174274 
-0.017188 
-0.0167611 
-0.016133 
-0.0152956 
-0.0142465 
-0.0129891 
-0.0115324 
-0.00989066 
-0.00808301 
-0.00613317 
-0.00406844 
-0.00191923 
0.000282726 
0.0025071 
0.00472661 
0.00691722 
0.00905898 
0.0111359 
0.0131349 
0.0150435 
0.0168475 
0.0185273 
0.0200542 
0.0213882 
0.0224767 
0.0232576 
0.0236646 
0.0236365 
0.0231315 
0.0221478 
0.0207527 
0.0190956 
0.0173541 
0.0156256 
0.0138894 
0.0120975 
0.0102497 
0.0083688 
0.00645305 
0.00453231 
0.00269807 
0.00108741 
-4.97281e-05 
-4.97281e-05 
-0.00949471 
-0.00949471 
-0.0126344 
-0.0148745 
-0.0161625 
-0.0167475 
-0.016901 
-0.0168395 
-0.016727 
-0.0166663 
-0.0167129 
-0.0168836 
-0.0171715 
-0.0175547 
-0.0180043 
-0.0184876 
-0.0189702 
-0.0194169 
-0.019792 
-0.0200602 
-0.0201878 
-0.0201432 
-0.019899 
-0.0194328 
-0.0187282 
-0.0177756 
-0.0165721 
-0.0151216 
-0.0134343 
-0.0115268 
-0.00942141 
-0.00714613 
-0.00473356 
-0.0022203 
0.000355849 
0.00295788 
0.00554992 
0.00810061 
0.0105845 
0.0129821 
0.0152785 
0.0174615 
0.0195179 
0.0214293 
0.0231674 
0.0246902 
0.0259403 
0.0268464 
0.0273306 
0.0273196 
0.0267638 
0.0256639 
0.0241038 
0.0222555 
0.0203028 
0.0183272 
0.0162995 
0.0141891 
0.012003 
0.00972661 
0.00733496 
0.00487607 
0.00242052 
9.94244e-05 
-0.00167656 
-0.00167656 
-0.0112654 
-0.0112654 
-0.014511 
-0.0166327 
-0.0177408 
-0.0181822 
-0.0182381 
-0.0181342 
-0.0180288 
-0.0180178 
-0.0181454 
-0.018418 
-0.0188193 
-0.0193213 
-0.0198907 
-0.0204918 
-0.0210874 
-0.0216392 
-0.0221081 
-0.0224547 
-0.0226404 
-0.0226292 
-0.0223893 
-0.0218944 
-0.0211254 
-0.0200711 
-0.018728 
-0.0171 
-0.0151984 
-0.0130413 
-0.0106539 
-0.00806779 
-0.00532054 
-0.00245454 
0.000484777 
0.00345021 
0.00639715 
0.0092879 
0.0120927 
0.0147894 
0.0173616 
0.0197971 
0.0220834 
0.0242031 
0.0261288 
0.0278173 
0.0292068 
0.0302187 
0.0307645 
0.0307606 
0.030152 
0.0289459 
0.0272468 
0.0252459 
0.0231209 
0.0209296 
0.0186426 
0.0162486 
0.0137283 
0.0110257 
0.00811838 
0.00500439 
0.00169238 
-0.00160573 
-0.0041365 
-0.0041365 
-0.0128514 
-0.0128514 
-0.0161445 
-0.0181155 
-0.0190452 
-0.0193594 
-0.0193362 
-0.0192073 
-0.0191213 
-0.0191663 
-0.0193748 
-0.0197434 
-0.0202485 
-0.0208577 
-0.0215353 
-0.0222436 
-0.0229437 
-0.0235949 
-0.0241547 
-0.0245799 
-0.0248272 
-0.0248559 
-0.0246293 
-0.0241174 
-0.0232981 
-0.0221585 
-0.020694 
-0.0189089 
-0.0168146 
-0.0144304 
-0.0117834 
-0.0089088 
-0.00584875 
-0.00265113 
0.000632237 
0.00394441 
0.00722998 
0.0104437 
0.013551 
0.0165273 
0.0193558 
0.0220244 
0.0245215 
0.0268309 
0.0289252 
0.03076 
0.0322697 
0.0333685 
0.033959 
0.0339497 
0.0332846 
0.0319837 
0.0301756 
0.028064 
0.0258071 
0.0234376 
0.0209376 
0.0182909 
0.0154371 
0.0122934 
0.00875861 
0.00475387 
0.000326978 
-0.0040255 
-0.00723657 
-0.00723657 
-0.014137 
-0.014137 
-0.0174588 
-0.0192861 
-0.0200688 
-0.0202882 
-0.0202122 
-0.0200762 
-0.0200178 
-0.0201185 
-0.0204 
-0.0208518 
-0.0214453 
-0.0221457 
-0.022916 
-0.0237177 
-0.0245108 
-0.0252526 
-0.025898 
-0.0263996 
-0.0267099 
-0.0267833 
-0.0265784 
-0.026061 
-0.0252061 
-0.0239984 
-0.0224328 
-0.0205128 
-0.0182498 
-0.0156635 
-0.0127822 
-0.00964381 
-0.00629489 
-0.00278759 
0.000818129 
0.00445161 
0.00804738 
0.0115548 
0.0149369 
0.0181677 
0.0212304 
0.0241129 
0.026804 
0.0292877 
0.0315357 
0.0335013 
0.0351144 
0.0362826 
0.036901 
0.0368737 
0.03615 
0.0347703 
0.032889 
0.0307111 
0.0283626 
0.0258607 
0.0231933 
0.0203195 
0.017125 
0.0134271 
0.00903362 
0.00388926 
-0.00172432 
-0.00695505 
-0.0107166 
-0.0107166 
-0.0151654 
-0.0151654 
-0.0184798 
-0.020175 
-0.0208451 
-0.0210004 
-0.0208949 
-0.0207648 
-0.0207365 
-0.0208863 
-0.0212275 
-0.0217456 
-0.0224088 
-0.0231815 
-0.0240264 
-0.024905 
-0.0257766 
-0.0265972 
-0.0273192 
-0.0278922 
-0.0282643 
-0.0283853 
-0.0282092 
-0.0276976 
-0.0268218 
-0.0255646 
-0.0239194 
-0.0218893 
-0.019485 
-0.0167256 
-0.01364 
-0.0102686 
-0.00666278 
-0.00287767 
0.00101953 
0.00494336 
0.00881753 
0.0125874 
0.016215 
0.019675 
0.0229505 
0.0260296 
0.0289007 
0.0315462 
0.0339359 
0.0360194 
0.037721 
0.0389419 
0.0395717 
0.0395154 
0.038736 
0.0373016 
0.0353893 
0.0331893 
0.0307925 
0.0282048 
0.0254143 
0.0223167 
0.0186823 
0.0142167 
0.0087358 
0.00237451 
-0.00425594 
-0.010165 
-0.0143892 
-0.0143892 
-0.0159144 
-0.0159144 
-0.0191987 
-0.0207883 
-0.0213865 
-0.0215086 
-0.0213963 
-0.0212825 
-0.021284 
-0.0214738 
-0.0218595 
-0.0224255 
-0.0231386 
-0.0239637 
-0.0248637 
-0.0258006 
-0.0267337 
-0.0276182 
-0.0284049 
-0.0290407 
-0.0294705 
-0.0296396 
-0.0294977 
-0.0290018 
-0.0281197 
-0.0268313 
-0.0251284 
-0.0230133 
-0.0204959 
-0.0175939 
-0.0143354 
-0.0107632 
-0.00693364 
-0.00290539 
0.00124294 
0.00541037 
0.00951733 
0.01351 
0.0173512 
0.0210151 
0.0244841 
0.0277448 
0.0307837 
0.0335805 
0.0361011 
0.0382899 
0.0400652 
0.0413221 
0.041948 
0.041856 
0.0410322 
0.0395767 
0.0376803 
0.0355029 
0.0330976 
0.0304783 
0.0275846 
0.0241885 
0.0199288 
0.0144779 
0.00780935 
0.000346973 
-0.00706856 
-0.0135075 
-0.0181271 
-0.0181271 
-0.0164046 
-0.0164046 
-0.0196391 
-0.0211524 
-0.0217157 
-0.0218305 
-0.0217303 
-0.0216398 
-0.0216688 
-0.0218882 
-0.0223032 
-0.022899 
-0.0236425 
-0.0244998 
-0.0254346 
-0.0264099 
-0.0273852 
-0.028316 
-0.0291523 
-0.0298392 
-0.0303191 
-0.0305339 
-0.0304292 
-0.0299577 
-0.0290829 
-0.0277815 
-0.026043 
-0.0238688 
-0.0212677 
-0.0182564 
-0.0148607 
-0.0111236 
-0.00710811 
-0.00288119 
0.00146372 
0.00581958 
0.0101126 
0.0142911 
0.0183171 
0.0221626 
0.0258077 
0.0292362 
0.0324312 
0.0353684 
0.0380083 
0.0402886 
0.0421209 
0.0433965 
0.0440048 
0.0438767 
0.043031 
0.0415999 
0.039767 
0.0376485 
0.0352893 
0.0326758 
0.0296377 
0.025796 
0.020709 
0.0141476 
0.00634666 
-0.00200964 
-0.0100077 
-0.0168771 
-0.0218357 
-0.0218357 
-0.0166449 
-0.0166449 
-0.0198134 
-0.0212828 
-0.0218449 
-0.0219759 
-0.021905 
-0.021844 
-0.0218988 
-0.0221382 
-0.0225687 
-0.0231773 
-0.0239327 
-0.0248026 
-0.025752 
-0.0267451 
-0.0277427 
-0.0287006 
-0.0295692 
-0.030293 
-0.030813 
-0.0310685 
-0.0310014 
-0.0305603 
-0.0297043 
-0.0284062 
-0.0266526 
-0.0244434 
-0.0217871 
-0.0187007 
-0.0152077 
-0.011348 
-0.00718932 
-0.00281641 
0.00166232 
0.00615172 
0.0105885 
0.0149191 
0.0191028 
0.0231078 
0.0269107 
0.0304914 
0.0338284 
0.0368917 
0.0396348 
0.0419882 
0.0438577 
0.0451341 
0.0457175 
0.0455663 
0.0447366 
0.0433737 
0.0416468 
0.0396377 
0.0373714 
0.0347584 
0.0314747 
0.0270146 
0.0209572 
0.0132819 
0.00450004 
-0.00454148 
-0.0129825 
-0.0201986 
-0.0254464 
-0.0254464 
-0.0166387 
-0.0166387 
-0.0197524 
-0.0212064 
-0.0217917 
-0.0219574 
-0.0219279 
-0.0219013 
-0.0219809 
-0.0222336 
-0.0226689 
-0.0232763 
-0.0240275 
-0.0248919 
-0.0258362 
-0.0268263 
-0.0278244 
-0.0287881 
-0.0296689 
-0.0304124 
-0.0309591 
-0.0312472 
-0.0312161 
-0.0308106 
-0.0299857 
-0.0287095 
-0.0269651 
-0.0247482 
-0.0220663 
-0.0189394 
-0.0153941 
-0.0114678 
-0.00722254 
-0.00275239 
0.0018189 
0.00640424 
0.0109486 
0.0153983 
0.0197105 
0.02385 
0.027789 
0.0315027 
0.0349635 
0.0381342 
0.0409606 
0.0433658 
0.0452525 
0.046516 
0.0470683 
0.0469121 
0.0461423 
0.0449058 
0.0433306 
0.0414766 
0.0393258 
0.036661 
0.0330003 
0.0277798 
0.0207025 
0.0120057 
0.00242023 
-0.00714723 
-0.0159282 
-0.0234131 
-0.0289049 
-0.0289049 
-0.0163999 
-0.0163999 
-0.0194778 
-0.02094 
-0.0215671 
-0.0217835 
-0.0218061 
-0.0218191 
-0.0219238 
-0.0221854 
-0.0226173 
-0.0232123 
-0.0239455 
-0.0247885 
-0.0257103 
-0.0266784 
-0.0276573 
-0.0286067 
-0.0294803 
-0.0302255 
-0.0307836 
-0.0310928 
-0.0310908 
-0.0307196 
-0.0299302 
-0.0286862 
-0.0269662 
-0.0247642 
-0.0220878 
-0.0189566 
-0.0154011 
-0.0114638 
-0.00720424 
-0.00270447 
0.00191887 
0.0065714 
0.0111948 
0.0157358 
0.0201496 
0.024398 
0.0284487 
0.0322711 
0.0358305 
0.0390812 
0.0419606 
0.0443861 
0.0462619 
0.0474969 
0.0480382 
0.0479259 
0.0472715 
0.0462038 
0.0448211 
0.0431587 
0.0411137 
0.0383136 
0.0341542 
0.028098 
0.0200397 
0.0104607 
0.000226752 
-0.00975643 
-0.018795 
-0.0264739 
-0.0321666 
-0.0321666 
-0.0159449 
-0.0159449 
-0.019007 
-0.0204975 
-0.0211819 
-0.0214626 
-0.0215471 
-0.0216065 
-0.0217389 
-0.0220082 
-0.0224321 
-0.0230067 
-0.0237111 
-0.0245195 
-0.025403 
-0.0263316 
-0.0272719 
-0.0281869 
-0.0290332 
-0.029761 
-0.0303145 
-0.0306328 
-0.0306538 
-0.0303175 
-0.0295715 
-0.0283751 
-0.0267022 
-0.0245429 
-0.0219024 
-0.0188007 
-0.0152703 
-0.0113569 
-0.00712163 
-0.00264191 
0.00198223 
0.00666077 
0.0113273 
0.0159272 
0.0204122 
0.0247402 
0.0288738 
0.0327753 
0.036402 
0.0397002 
0.0426008 
0.0450203 
0.0468718 
0.0480874 
0.04865 
0.0486268 
0.0481301 
0.0472677 
0.0461152 
0.0446616 
0.0426845 
0.0396617 
0.0349254 
0.0280334 
0.0190907 
0.00877127 
-0.00199216 
-0.0123163 
-0.0215392 
-0.0293391 
-0.0351911 
-0.0351911 
-0.0152913 
-0.0152913 
-0.018356 
-0.0198911 
-0.0206456 
-0.0210023 
-0.0211583 
-0.0212717 
-0.0214366 
-0.0217158 
-0.0221304 
-0.0226806 
-0.0233492 
-0.0241134 
-0.0249467 
-0.0258211 
-0.0267064 
-0.0275684 
-0.0283678 
-0.0290587 
-0.0295889 
-0.0299007 
-0.0299332 
-0.0296264 
-0.0289255 
-0.027786 
-0.0261772 
-0.0240848 
-0.0215114 
-0.0184753 
-0.0150089 
-0.0111586 
-0.00698373 
-0.00255757 
0.00202942 
0.00669343 
0.0113657 
0.0159888 
0.0205102 
0.0248836 
0.0290649 
0.0330093 
0.0366665 
0.039976 
0.0428661 
0.0452585 
0.0470826 
0.0482979 
0.0489188 
0.0490251 
0.04872 
0.0480949 
0.0471993 
0.0459495 
0.0439894 
0.0406796 
0.0353479 
0.027684 
0.0179803 
0.00703888 
-0.00417291 
-0.0147804 
-0.0241162 
-0.031967 
-0.037937 
-0.037937 
-0.0144562 
-0.0144562 
-0.0175399 
-0.0191328 
-0.0199676 
-0.0204102 
-0.0206467 
-0.0208226 
-0.0210273 
-0.0213215 
-0.0217297 
-0.0222552 
-0.0228853 
-0.0235998 
-0.0243747 
-0.0251846 
-0.0260016 
-0.0267951 
-0.02753 
-0.0281652 
-0.0286534 
-0.0289414 
-0.0289715 
-0.0286853 
-0.0280274 
-0.0269505 
-0.0254195 
-0.0234153 
-0.0209358 
-0.0179961 
-0.0146269 
-0.0108733 
-0.00679262 
-0.00245403 
0.00206072 
0.00667275 
0.0113127 
0.0159206 
0.0204402 
0.0248199 
0.0290095 
0.0329572 
0.0366065 
0.0398934 
0.0427485 
0.0451041 
0.0469097 
0.0481511 
0.0488638 
0.0491296 
0.0490414 
0.048677 
0.0480482 
0.0469793 
0.0449909 
0.0413694 
0.0354825 
0.0271539 
0.0168125 
0.00533112 
-0.00627112 
-0.0170998 
-0.026475 
-0.0343105 
-0.0403584 
-0.0403584 
-0.013457 
-0.013457 
-0.0165738 
-0.0182349 
-0.0191577 
-0.0196939 
-0.0200187 
-0.0202661 
-0.0205194 
-0.0208367 
-0.0212446 
-0.0217497 
-0.0223428 
-0.0230068 
-0.0237202 
-0.0244596 
-0.0251998 
-0.0259136 
-0.02657 
-0.027133 
-0.0275612 
-0.0278069 
-0.0278177 
-0.0275386 
-0.0269154 
-0.0258998 
-0.0244533 
-0.0225517 
-0.0201877 
-0.0173714 
-0.0141295 
-0.010504 
-0.00654893 
-0.00232958 
0.00207901 
0.00660276 
0.0111723 
0.0157257 
0.0202029 
0.0245477 
0.0287042 
0.0326154 
0.0362212 
0.0394578 
0.0422623 
0.0445811 
0.0463834 
0.047675 
0.0485031 
0.0489469 
0.0490916 
0.0489982 
0.0486274 
0.0477084 
0.0456642 
0.0417502 
0.0353966 
0.0265365 
0.0156743 
0.00370587 
-0.0082398 
-0.0192125 
-0.0285543 
-0.0363153 
-0.0424029 
-0.0424029 
-0.0123112 
-0.0123112 
-0.0154734 
-0.0172107 
-0.0182266 
-0.0188615 
-0.0192809 
-0.0196079 
-0.0199194 
-0.02027 
-0.0206871 
-0.0211797 
-0.0217419 
-0.0223594 
-0.023013 
-0.0236814 
-0.0243417 
-0.0249696 
-0.0255382 
-0.0260168 
-0.0263698 
-0.0265561 
-0.0265298 
-0.026241 
-0.0256393 
-0.0246771 
-0.0233142 
-0.0215224 
-0.0192885 
-0.0166164 
-0.0135273 
-0.0100579 
-0.00625802 
-0.00218844 
0.00208199 
0.0064829 
0.0109453 
0.0154052 
0.0197999 
0.0240694 
0.0281537 
0.0319927 
0.0355255 
0.0386922 
0.0414387 
0.0437255 
0.0455386 
0.0468969 
0.047853 
0.0484834 
0.0488655 
0.0490368 
0.0488994 
0.0480985 
0.0459939 
0.0418428 
0.0351419 
0.0258951 
0.0146193 
0.00219383 
-0.0100331 
-0.0210418 
-0.0302811 
-0.0379193 
-0.0440118 
-0.0440118 
-0.0110378 
-0.0110378 
-0.0142563 
-0.0160753 
-0.0171869 
-0.0179226 
-0.0184404 
-0.0188535 
-0.0192323 
-0.0196273 
-0.0200651 
-0.0205565 
-0.021098 
-0.0216776 
-0.0222783 
-0.0228805 
-0.0234634 
-0.0240052 
-0.0244827 
-0.0248699 
-0.0251372 
-0.0252502 
-0.0251701 
-0.0248538 
-0.0242564 
-0.0233335 
-0.0220454 
-0.0203613 
-0.0182633 
-0.0157487 
-0.0128315 
-0.00954169 
-0.00592333 
-0.00203186 
0.00206974 
0.00631483 
0.0106348 
0.0149646 
0.0192393 
0.0233965 
0.0273741 
0.0311113 
0.034549 
0.0376328 
0.0403183 
0.0425785 
0.0444111 
0.0458436 
0.0469309 
0.0477463 
0.0483568 
0.0487691 
0.0488289 
0.0481186 
0.0459671 
0.0416554 
0.034741 
0.0252632 
0.0137017 
0.000848111 
-0.011583 
-0.0224937 
-0.0315727 
-0.0390553 
-0.0451236 
-0.0451236 
-0.00965676 
-0.00965676 
-0.0129414 
-0.0148462 
-0.0160536 
-0.0168893 
-0.0175058 
-0.0180088 
-0.0184622 
-0.018912 
-0.0193831 
-0.0198866 
-0.0204207 
-0.0209751 
-0.0215343 
-0.0220803 
-0.022594 
-0.0230556 
-0.023445 
-0.0237403 
-0.0239174 
-0.0239485 
-0.0238019 
-0.0234422 
-0.0228311 
-0.0219296 
-0.0207009 
-0.0191142 
-0.0171483 
-0.0147948 
-0.0120606 
-0.00896763 
-0.0055526 
-0.0018641 
0.00204152 
0.00610137 
0.0102475 
0.0144143 
0.0185362 
0.0225496 
0.0263924 
0.0300048 
0.0333313 
0.0363239 
0.0389468 
0.0411827 
0.0430377 
0.044544 
0.0457573 
0.0467457 
0.0475607 
0.0481759 
0.04839 
0.0477469 
0.0455716 
0.0411804 
0.0341796 
0.0246178 
0.0129048 
-0.000274944 
-0.0127891 
-0.0234652 
-0.0323455 
-0.0396601 
-0.0456822 
-0.0456822 
-0.00819008 
-0.00819008 
-0.0115499 
-0.0135433 
-0.0148447 
-0.0157767 
-0.0164889 
-0.0170816 
-0.0176138 
-0.0181265 
-0.0186425 
-0.019172 
-0.0197137 
-0.0202583 
-0.0207915 
-0.0212959 
-0.0217537 
-0.0221467 
-0.0224571 
-0.0226667 
-0.022756 
-0.0227032 
-0.0224835 
-0.022069 
-0.0214288 
-0.0205304 
-0.0193421 
-0.0178354 
-0.0159884 
-0.0137892 
-0.0112381 
-0.00834952 
-0.00515172 
-0.00168528 
0.00200122 
0.00585016 
0.00979524 
0.0137712 
0.0177129 
0.0215572 
0.0252432 
0.0287137 
0.0319176 
0.0348128 
0.0373708 
0.0395816 
0.0414565 
0.0430304 
0.044357 
0.0454958 
0.0464792 
0.0472495 
0.0475722 
0.0469755 
0.0447977 
0.0403891 
0.0334011 
0.0239063 
0.012192 
-0.00109769 
-0.0134603 
-0.0238553 
-0.0325223 
-0.0396794 
-0.0456405 
-0.0456405 
-0.00666098 
-0.00666098 
-0.010105 
-0.0121893 
-0.0135817 
-0.0146038 
-0.0154054 
-0.0160838 
-0.0166944 
-0.0172744 
-0.0178439 
-0.0184116 
-0.0189756 
-0.0195271 
-0.0200517 
-0.0205326 
-0.0209522 
-0.0212934 
-0.0215398 
-0.021676 
-0.0216866 
-0.021555 
-0.0212627 
-0.0207887 
-0.0201093 
-0.0191993 
-0.0180331 
-0.0165865 
-0.0148395 
-0.0127791 
-0.0104015 
-0.00771426 
-0.00473756 
-0.00150315 
0.00194946 
0.00556899 
0.00929218 
0.0130557 
0.0167962 
0.0204523 
0.0239655 
0.027282 
0.0303549 
0.0331478 
0.035638 
0.0378202 
0.0397091 
0.0413391 
0.0427594 
0.0440174 
0.0451249 
0.0459988 
0.0463866 
0.0458174 
0.0436544 
0.039291 
0.0323849 
0.0229998 
0.0114027 
-0.0014636 
-0.0134144 
-0.0235879 
-0.0320611 
-0.0390831 
-0.0449801 
-0.0449801 
-0.00509355 
-0.00509355 
-0.0086306 
-0.0108082 
-0.0122885 
-0.0133937 
-0.0142758 
-0.015032 
-0.0157161 
-0.0163628 
-0.0169896 
-0.0176037 
-0.0182023 
-0.0187757 
-0.0193095 
-0.0197863 
-0.0201883 
-0.0204983 
-0.0207007 
-0.0207817 
-0.020729 
-0.0205303 
-0.0201726 
-0.0196414 
-0.0189199 
-0.0179896 
-0.0168312 
-0.015426 
-0.0137577 
-0.0118143 
-0.00959087 
-0.00709052 
-0.00432686 
-0.00132372 
0.00188848 
0.00526729 
0.00875461 
0.0122908 
0.0158154 
0.0192701 
0.0225996 
0.0257539 
0.0286905 
0.0313774 
0.0337962 
0.0359448 
0.0378386 
0.0395095 
0.0409985 
0.0423393 
0.0435247 
0.0444542 
0.0448713 
0.0443207 
0.0421949 
0.0378656 
0.0310644 
0.0219097 
0.0107219 
-0.00147078 
-0.0128626 
-0.0227247 
-0.0309916 
-0.0378841 
-0.043721 
-0.043721 
-0.00351111 
-0.00351111 
-0.00714991 
-0.00942404 
-0.0109904 
-0.012172 
-0.0131251 
-0.0139488 
-0.0146976 
-0.015405 
-0.0160875 
-0.0167505 
-0.0173904 
-0.0179969 
-0.0185546 
-0.0190455 
-0.0194508 
-0.0197523 
-0.0199341 
-0.0199829 
-0.0198877 
-0.0196398 
-0.0192306 
-0.0186514 
-0.0178918 
-0.0169396 
-0.0157819 
-0.0144053 
-0.0127981 
-0.0109512 
-0.00886022 
-0.00652633 
-0.00395845 
-0.00117388 
0.001805 
0.00494395 
0.00819193 
0.0114947 
0.0147967 
0.0180435 
0.0211841 
0.0241722 
0.0269696 
0.0295481 
0.0318922 
0.034001 
0.0358885 
0.0375816 
0.0391117 
0.0404982 
0.0417189 
0.0426652 
0.0430873 
0.0425405 
0.0404102 
0.0361724 
0.0295892 
0.0207984 
0.0102163 
-0.00114699 
-0.0118896 
-0.0213537 
-0.029382 
-0.0361384 
-0.0419138 
-0.0419138 
-0.00193535 
-0.00193535 
-0.00568348 
-0.00805833 
-0.00971085 
-0.0109645 
-0.0119805 
-0.0128612 
-0.0136637 
-0.0144223 
-0.0151532 
-0.0158615 
-0.0165429 
-0.0171867 
-0.0177771 
-0.0182955 
-0.0187218 
-0.0190366 
-0.0192224 
-0.0192648 
-0.0191528 
-0.018879 
-0.018438 
-0.0178257 
-0.0170377 
-0.016068 
-0.0149093 
-0.0135539 
-0.0119941 
-0.0102245 
-0.00824253 
-0.00605005 
-0.00365414 
-0.00106832 
0.0016906 
0.00459791 
0.00761101 
0.0106824 
0.0137621 
0.0168011 
0.0197526 
0.0225749 
0.0252332 
0.0277024 
0.0299685 
0.0320305 
0.0338992 
0.0355947 
0.0371382 
0.0385365 
0.0397575 
0.0406912 
0.0410917 
0.0405102 
0.038407 
0.0343134 
0.028039 
0.0197443 
0.00989668 
-0.000587819 
-0.0106105 
-0.0195973 
-0.0273382 
-0.0339361 
-0.0396408 
-0.0396408 
-0.000382477 
-0.000382477 
-0.0042462 
-0.00672651 
-0.00846782 
-0.00979264 
-0.010867 
-0.011797 
-0.0126434 
-0.0134423 
-0.0142113 
-0.0149561 
-0.0156727 
-0.0163507 
-0.0169748 
-0.0175261 
-0.0179843 
-0.0183287 
-0.01854 
-0.0186016 
-0.0185007 
-0.0182289 
-0.0177817 
-0.0171576 
-0.016357 
-0.0153798 
-0.0142252 
-0.0128906 
-0.0113731 
-0.00967058 
-0.00778266 
-0.00571199 
-0.00346489 
-0.00105235 
0.0015121 
0.00420879 
0.00700347 
0.00985597 
0.0127232 
0.015562 
0.0183306 
0.0209918 
0.0235141 
0.0258748 
0.0280606 
0.0300687 
0.0319059 
0.0335848 
0.0351168 
0.036499 
0.0376931 
0.0385897 
0.0389302 
0.0383184 
0.036267 
0.0323753 
0.0264955 
0.0188 
0.00975601 
0.00016664 
-0.00910475 
-0.0175604 
-0.0249681 
-0.0313793 
-0.0369982 
-0.0369982 
0.00113451 
0.00113451 
-0.00284411 
-0.00543496 
-0.0072699 
-0.00866914 
-0.00980257 
-0.0107791 
-0.0116634 
-0.0124945 
-0.0132918 
-0.0140626 
-0.0148044 
-0.015508 
-0.0161591 
-0.0167403 
-0.0172316 
-0.0176125 
-0.0178626 
-0.0179633 
-0.017899 
-0.0176582 
-0.0172341 
-0.0166252 
-0.0158335 
-0.0148637 
-0.0137207 
-0.0124081 
-0.0109281 
-0.00928204 
-0.00747223 
-0.00550314 
-0.00338218 
-0.00112041 
0.00126954 
0.0037744 
0.00636857 
0.00901843 
0.0116876 
0.0143387 
0.0169351 
0.0194436 
0.021836 
0.0240909 
0.026195 
0.0281433 
0.0299376 
0.0315836 
0.0330842 
0.0344292 
0.0355762 
0.0364033 
0.036678 
0.0360434 
0.034076 
0.0304389 
0.0250176 
0.0179837 
0.00976805 
0.001062 
-0.00744672 
-0.015338 
-0.0223752 
-0.0285711 
-0.0340866 
-0.0340866 
0.00261598 
0.00261598 
-0.00147536 
-0.00417975 
-0.00611389 
-0.00759386 
-0.008792 
-0.00981861 
-0.0107417 
-0.0116025 
-0.0124231 
-0.0132127 
-0.0139705 
-0.0146895 
-0.0153575 
-0.015959 
-0.0164762 
-0.01689 
-0.0171807 
-0.0173291 
-0.0173177 
-0.0171313 
-0.0167594 
-0.0161964 
-0.0154425 
-0.0145033 
-0.0133879 
-0.0121064 
-0.0106674 
-0.00907777 
-0.00734251 
-0.00546691 
-0.00345787 
-0.00132494 
0.000919949 
0.00326324 
0.00568457 
0.00815676 
0.0106498 
0.0131322 
0.0155722 
0.0179407 
0.020212 
0.0223662 
0.0243894 
0.0262739 
0.0280171 
0.0296182 
0.0310735 
0.0323665 
0.0334451 
0.0341927 
0.0344025 
0.033762 
0.0319107 
0.0285681 
0.0236447 
0.0172994 
0.00990982 
0.00205831 
-0.00569899 
-0.0130105 
-0.0196516 
-0.0256071 
-0.0310012 
-0.0310012 
0.00407353 
0.00407353 
-0.000131258 
-0.00294639 
-0.00498441 
-0.00655275 
-0.00782492 
-0.00891082 
-0.00988029 
-0.0107761 
-0.0116227 
-0.0124308 
-0.0132019 
-0.0139307 
-0.0146075 
-0.0152194 
-0.0157514 
-0.0161873 
-0.0165097 
-0.0167012 
-0.0167443 
-0.0166226 
-0.0163217 
-0.0158308 
-0.0151446 
-0.0142642 
-0.0131975 
-0.0119575 
-0.0105594 
-0.00901725 
-0.00734205 
-0.0055425 
-0.00362732 
-0.00160717 
0.00050542 
0.00269975 
0.00496453 
0.00727705 
0.00961271 
0.0119446 
0.0142449 
0.0164874 
0.0186485 
0.0207091 
0.0226543 
0.0244742 
0.0261618 
0.0277113 
0.0291128 
0.0303421 
0.031342 
0.0320116 
0.032167 
0.0315413 
0.0298327 
0.0268101 
0.0224011 
0.0167434 
0.0101562 
0.00311914 
-0.00391285 
-0.0106448 
-0.0168751 
-0.0225705 
-0.0278267 
-0.0278267 
0.00552891 
0.00552891 
0.00120811 
-0.00171388 
-0.00385711 
-0.00552118 
-0.00687803 
-0.00803588 
-0.00906464 
-0.0100078 
-0.0108909 
-0.0117261 
-0.0125164 
-0.0132583 
-0.0139439 
-0.0145626 
-0.0151023 
-0.0155496 
-0.0158909 
-0.0161118 
-0.0161978 
-0.0161341 
-0.0159059 
-0.0154995 
-0.0149038 
-0.0141124 
-0.0131264 
-0.0119552 
-0.0106159 
-0.00912983 
-0.00751735 
-0.00579357 
-0.00396809 
-0.00204825 
-4.32328e-05 
0.00203551 
0.00417437 
0.00635611 
0.00856109 
0.0107665 
0.0129476 
0.0150812 
0.0171455 
0.019122 
0.0209952 
0.022753 
0.0243849 
0.0258806 
0.027224 
0.0283821 
0.0293078 
0.0299084 
0.0300252 
0.0294349 
0.027889 
0.0251979 
0.0213005 
0.0163086 
0.0104838 
0.00421355 
-0.00212742 
-0.0082925 
-0.0141075 
-0.0195294 
-0.0246339 
-0.0246339 
0.0070068 
0.0070068 
0.00257121 
-0.000458272 
-0.00270397 
-0.00447016 
-0.00592201 
-0.00716552 
-0.00826904 
-0.00927567 
-0.0102115 
-0.0110894 
-0.0119132 
-0.0126805 
-0.0133847 
-0.0140167 
-0.0145663 
-0.0150227 
-0.0153751 
-0.0156128 
-0.0157253 
-0.0157016 
-0.0155303 
-0.0151989 
-0.0146949 
-0.0140065 
-0.0131254 
-0.0120503 
-0.0107894 
-0.0093622 
-0.00779616 
-0.00611978 
-0.00435518 
-0.0025159 
-0.0006113 
0.00134846 
0.00336267 
0.00542047 
0.00750633 
0.00960107 
0.0116803 
0.013721 
0.0157023 
0.0176057 
0.0194151 
0.0211163 
0.022696 
0.0241393 
0.0254215 
0.0265161 
0.0273775 
0.0279234 
0.0280198 
0.0274835 
0.026113 
0.0237528 
0.0203489 
0.0159868 
0.010874 
0.00531701 
-0.000373267 
-0.00599226 
-0.0113957 
-0.0165367 
-0.0214787 
-0.0214787 
0.0085304 
0.0085304 
0.00398819 
0.000852224 
-0.00149998 
-0.00337344 
-0.00492996 
-0.00627246 
-0.00746661 
-0.00855427 
-0.00956131 
-0.0105007 
-0.0113767 
-0.0121875 
-0.012927 
-0.0135871 
-0.0141585 
-0.0146319 
-0.0149985 
-0.0152502 
-0.0153797 
-0.0153801 
-0.0152444 
-0.0149652 
-0.0145334 
-0.0139388 
-0.01317 
-0.0122173 
-0.0110759 
-0.0097518 
-0.00826515 
-0.00664973 
-0.00494366 
-0.00317477 
-0.00135113 
0.000527138 
0.00245539 
0.00442366 
0.00642369 
0.00843601 
0.0104351 
0.0124018 
0.0143155 
0.016159 
0.0179149 
0.019568 
0.0211015 
0.0224938 
0.0237248 
0.0247677 
0.0255791 
0.0260875 
0.0261822 
0.0257156 
0.0245261 
0.0224866 
0.0195479 
0.0157703 
0.0113135 
0.00641433 
0.0013282 
-0.00377158 
-0.0087727 
-0.0136306 
-0.0184023 
-0.0184023 
0.0101228 
0.0101228 
0.00548447 
0.00224171 
-0.000224339 
-0.00220993 
-0.00388174 
-0.00533618 
-0.00663674 
-0.00782301 
-0.00891999 
-0.00994021 
-0.0108881 
-0.0117617 
-0.0125554 
-0.0132615 
-0.0138712 
-0.0143761 
-0.0147685 
-0.0150418 
-0.0151906 
-0.0152106 
-0.0150984 
-0.0148507 
-0.0144639 
-0.0139328 
-0.0132503 
-0.0124066 
-0.0113908 
-0.0101938 
-0.00881412 
-0.00726582 
-0.00558462 
-0.00382481 
-0.00203715 
-0.000243642 
0.00157349 
0.0034325 
0.00533755 
0.00727548 
0.00921322 
0.0111225 
0.0129845 
0.0147813 
0.0164957 
0.0181099 
0.0196026 
0.0209564 
0.0221498 
0.0231555 
0.0239334 
0.0244226 
0.0245333 
0.0241485 
0.0231401 
0.0214043 
0.0188958 
0.0156526 
0.0117932 
0.00749671 
0.00296593 
-0.00164864 
-0.00626046 
-0.0108366 
-0.0154329 
-0.0154329 
0.0118033 
0.0118033 
0.00707764 
0.00373083 
0.00114608 
-0.000965708 
-0.00276338 
-0.00434338 
-0.00576642 
-0.00706922 
-0.00827513 
-0.00939566 
-0.0104347 
-0.01139 
-0.012256 
-0.0130251 
-0.0136891 
-0.0142404 
-0.0146719 
-0.0149784 
-0.0151558 
-0.0152013 
-0.0151134 
-0.0148914 
-0.0145349 
-0.0140435 
-0.0134157 
-0.0126485 
-0.0117367 
-0.0106735 
-0.00945096 
-0.00806405 
-0.00651654 
-0.00483108 
-0.00305714 
-0.00126083 
0.000523877 
0.00233001 
0.00420755 
0.00612133 
0.00801671 
0.00988438 
0.0117085 
0.0134722 
0.015156 
0.0167406 
0.0182078 
0.0195379 
0.0207085 
0.0216927 
0.0224545 
0.0229426 
0.0230854 
0.0227911 
0.0219594 
0.0205061 
0.018389 
0.0156283 
0.0123076 
0.00855847 
0.00453722 
0.000373124 
-0.00386862 
-0.00816813 
-0.0125865 
-0.0125865 
0.0135892 
0.0135892 
0.00878382 
0.00533361 
0.00262324 
0.000374458 
-0.00156306 
-0.00328441 
-0.00484678 
-0.00628532 
-0.00762028 
-0.00886153 
-0.0100116 
-0.0110675 
-0.0120232 
-0.0128712 
-0.0136036 
-0.0142135 
-0.0146951 
-0.0150444 
-0.0152588 
-0.0153371 
-0.0152793 
-0.0150864 
-0.0147596 
-0.0143004 
-0.0137097 
-0.0129879 
-0.0121342 
-0.0111468 
-0.0100229 
-0.00875895 
-0.00735168 
-0.00579879 
-0.00410497 
-0.00229694 
-0.000460749 
0.00129482 
0.00307201 
0.00494369 
0.00683098 
0.00868106 
0.0104852 
0.0122288 
0.0138957 
0.0154676 
0.0169245 
0.0182458 
0.0194091 
0.0203883 
0.0211511 
0.0216551 
0.0218435 
0.0216455 
0.0209831 
0.0197886 
0.0180233 
0.0156935 
0.0128544 
0.00959927 
0.00604363 
0.00229023 
-0.0016003 
-0.00562906 
-0.00986952 
-0.00986952 
0.0154957 
0.0154957 
0.0106172 
0.00706255 
0.00422108 
0.00182366 
-0.00027091 
-0.00214864 
-0.00386963 
-0.00546465 
-0.00695092 
-0.00833536 
-0.00961823 
-0.010795 
-0.0118585 
-0.012801 
-0.0136148 
-0.0142939 
-0.0148339 
-0.0152323 
-0.0154884 
-0.0156033 
-0.0155789 
-0.015418 
-0.0151236 
-0.0146986 
-0.0141455 
-0.013466 
-0.0126612 
-0.0117314 
-0.010677 
-0.00949962 
-0.00820497 
-0.00680503 
-0.00531888 
-0.00376359 
-0.00212777 
-0.00033466 
0.0017091 
0.00378725 
0.00570139 
0.00752539 
0.00931697 
0.0110548 
0.0127215 
0.0142963 
0.0157585 
0.0170866 
0.0182581 
0.0192482 
0.0200283 
0.0205632 
0.0208082 
0.0207094 
0.020207 
0.0192469 
0.0177943 
0.0158459 
0.013434 
0.0106217 
0.00748995 
0.00411656 
0.000552328 
-0.00321808 
-0.00728097 
-0.00728097 
0.0175364 
0.0175364 
0.0125906 
0.0089304 
0.00595164 
0.00339544 
0.00113038 
-0.000925641 
-0.00282554 
-0.00459954 
-0.0062617 
-0.00781456 
-0.00925485 
-0.0105752 
-0.0117666 
-0.0128203 
-0.0137288 
-0.0144869 
-0.0150919 
-0.0155435 
-0.0158435 
-0.0159954 
-0.0160039 
-0.0158742 
-0.0156114 
-0.0152205 
-0.0147056 
-0.0140698 
-0.0133153 
-0.0124435 
-0.0114553 
-0.0103515 
-0.00913428 
-0.00780763 
-0.00637887 
-0.00485751 
-0.00325529 
-0.00155387 
0.000344709 
0.00240501 
0.00442221 
0.00632845 
0.00816683 
0.00993602 
0.0116284 
0.0132271 
0.0147128 
0.0160645 
0.0172601 
0.0182765 
0.0190885 
0.0196669 
0.019977 
0.0199781 
0.0196249 
0.0188751 
0.0176981 
0.0160842 
0.014049 
0.0116311 
0.00888388 
0.00586063 
0.00259533 
-0.000926611 
-0.00481315 
-0.00481315 
0.0197236 
0.0197236 
0.0147162 
0.0109499 
0.00782863 
0.00510365 
0.00265159 
0.000398492 
-0.00170221 
-0.00368019 
-0.00554509 
-0.0072949 
-0.00892078 
-0.010411 
-0.0117532 
-0.0129369 
-0.0139542 
-0.0148009 
-0.0154766 
-0.0159837 
-0.0163273 
-0.0165142 
-0.0165523 
-0.0164498 
-0.0162146 
-0.0158538 
-0.0153733 
-0.0147776 
-0.0140698 
-0.0132514 
-0.0123232 
-0.0112854 
-0.0101389 
-0.00888616 
-0.00753183 
-0.00607954 
-0.00453255 
-0.00287565 
-0.00110215 
0.000756315 
0.00275192 
0.00480931 
0.0068169 
0.00872921 
0.0105318 
0.0122143 
0.0137656 
0.0151708 
0.0164132 
0.0174739 
0.0183321 
0.0189651 
0.0193464 
0.0194459 
0.0192305 
0.0186677 
0.0177315 
0.0164088 
0.0147032 
0.0126347 
0.0102342 
0.00753317 
0.00454987 
0.00125609 
-0.00245617 
-0.00245617 
0.0220669 
0.0220669 
0.0170038 
0.0131322 
0.00986493 
0.00696275 
0.00431074 
0.00184136 
-0.00048606 
-0.00269354 
-0.0047907 
-0.00676941 
-0.00861336 
-0.0103041 
-0.0118241 
-0.0131594 
-0.0143014 
-0.0152468 
-0.0159979 
-0.0165611 
-0.0169457 
-0.017163 
-0.0172249 
-0.0171435 
-0.0169299 
-0.016594 
-0.0161436 
-0.0155848 
-0.0149213 
-0.0141548 
-0.0132851 
-0.0123104 
-0.0112287 
-0.0100377 
-0.00873639 
-0.0073225 
-0.00579555 
-0.00415473 
-0.00237715 
-0.000481803 
0.00147498 
0.00347345 
0.00549327 
0.00748669 
0.00940385 
0.0112068 
0.0128687 
0.0143698 
0.0156937 
0.0168254 
0.0177497 
0.0184504 
0.0189092 
0.0191057 
0.0190169 
0.0186192 
0.0178917 
0.0168206 
0.0154014 
0.0136403 
0.0115505 
0.00914482 
0.00642499 
0.00334999 
-0.000193843 
-0.000193843 
0.0245723 
0.0245723 
0.0194601 
0.015486 
0.012072 
0.00898671 
0.00612299 
0.00341917 
0.000842347 
-0.00162392 
-0.00398485 
-0.00622767 
-0.00832684 
-0.010254 
-0.0119839 
-0.0134969 
-0.014782 
-0.015837 
-0.0166676 
-0.0172854 
-0.0177058 
-0.0179457 
-0.0180227 
-0.0179534 
-0.0177531 
-0.0174346 
-0.0170085 
-0.0164821 
-0.01586 
-0.0151435 
-0.0143314 
-0.0134197 
-0.0124034 
-0.0112767 
-0.0100349 
-0.00867121 
-0.00717999 
-0.0055572 
-0.00379292 
-0.00191958 
3.79846e-05 
0.00206589 
0.0041392 
0.00621507 
0.00824528 
0.0101818 
0.0119833 
0.0136176 
0.0150615 
0.0162984 
0.0173159 
0.0181032 
0.01865 
0.0189447 
0.0189738 
0.0187223 
0.0181754 
0.0173202 
0.0161481 
0.0146557 
0.0128427 
0.0107065 
0.00823352 
0.0053707 
0.00199049 
0.00199049 
0.0272397 
0.0272397 
0.0220864 
0.0180155 
0.0144578 
0.011188 
0.00810499 
0.00515217 
0.00230269 
-0.000452674 
-0.00310985 
-0.00565485 
-0.0080511 
-0.0102566 
-0.0122345 
-0.0139566 
-0.0154074 
-0.0165849 
-0.0174989 
-0.0181679 
-0.0186155 
-0.0188668 
-0.0189465 
-0.0188774 
-0.0186795 
-0.0183695 
-0.0179608 
-0.0174624 
-0.0168795 
-0.016213 
-0.0154597 
-0.0146129 
-0.0136634 
-0.0126004 
-0.0114137 
-0.0100895 
-0.00861416 
-0.00698005 
-0.00518725 
-0.00325761 
-0.0012236 
0.000876968 
0.00300641 
0.00513478 
0.00723068 
0.00925643 
0.0111699 
0.0129306 
0.0145044 
0.015866 
0.0169989 
0.0178927 
0.0185412 
0.0189396 
0.0190827 
0.0189638 
0.0185743 
0.0179048 
0.0169455 
0.0156871 
0.0141198 
0.0122285 
0.00998679 
0.00732901 
0.00411833 
0.00411833 
0.0300613 
0.0300613 
0.0248761 
0.0207176 
0.0170245 
0.0135742 
0.0102696 
0.00705735 
0.00391592 
0.000843628 
-0.00214542 
-0.00503189 
-0.00777079 
-0.0103019 
-0.0125727 
-0.014542 
-0.0161867 
-0.017503 
-0.0185051 
-0.0192202 
-0.0196832 
-0.0199304 
-0.0199963 
-0.0199115 
-0.019702 
-0.0193894 
-0.0189899 
-0.0185147 
-0.0179695 
-0.0173545 
-0.0166644 
-0.015889 
-0.0150148 
-0.0140257 
-0.0129041 
-0.0116277 
-0.0101721 
-0.00853221 
-0.00670628 
-0.00471759 
-0.00259874 
-0.000394251 
0.00185336 
0.00410465 
0.00631844 
0.00845657 
0.0104819 
0.0123582 
0.014052 
0.0155351 
0.0167872 
0.0177954 
0.0185538 
0.0190609 
0.019317 
0.0193218 
0.0190729 
0.0185653 
0.0177904 
0.0167364 
0.0153872 
0.0137185 
0.0116939 
0.00923548 
0.00619609 
0.00619609 
0.0330179 
0.0330179 
0.0278117 
0.023579 
0.0197645 
0.0161448 
0.0126239 
0.00914877 
0.00570167 
0.00228713 
-0.00106856 
-0.0043359 
-0.00746469 
-0.010373 
-0.0129871 
-0.0152488 
-0.0171223 
-0.0185994 
-0.0196971 
-0.020453 
-0.0209164 
-0.0211394 
-0.0211701 
-0.0210494 
-0.0208112 
-0.0204822 
-0.0200824 
-0.0196252 
-0.0191168 
-0.0185562 
-0.0179357 
-0.0172409 
-0.0164526 
-0.0155483 
-0.0145001 
-0.0132713 
-0.0118342 
-0.0101731 
-0.00828747 
-0.0061975 
-0.00394121 
-0.00157109 
0.000849858 
0.00326056 
0.00561567 
0.00787775 
0.0100121 
0.0119879 
0.0137774 
0.0153569 
0.0167072 
0.0178155 
0.0186754 
0.0192858 
0.0196494 
0.0197696 
0.0196485 
0.0192847 
0.0186721 
0.0177984 
0.0166443 
0.0151791 
0.0133585 
0.0110937 
0.00822608 
0.00822608 
0.0360764 
0.0360764 
0.0308613 
0.0265719 
0.0226562 
0.0188863 
0.0151629 
0.0114299 
0.00767106 
0.00389638 
0.000142038 
-0.0035445 
-0.00710714 
-0.0104445 
-0.0134551 
-0.0160594 
-0.0182042 
-0.0198716 
-0.0210783 
-0.0218719 
-0.0223195 
-0.0224941 
-0.022463 
-0.0222816 
-0.0219934 
-0.0216316 
-0.0212205 
-0.0207758 
-0.020304 
-0.019803 
-0.0192618 
-0.0186614 
-0.017976 
-0.0171744 
-0.0162158 
-0.0150494 
-0.0136366 
-0.0119544 
-0.00999867 
-0.00779074 
-0.00537338 
-0.00280877 
-0.000172641 
0.00245646 
0.00501667 
0.00746143 
0.00974795 
0.0118443 
0.0137283 
0.0153852 
0.0168054 
0.0179834 
0.0189176 
0.0196094 
0.0200631 
0.0202839 
0.0202761 
0.0200404 
0.0195724 
0.01886 
0.0178825 
0.0166046 
0.0149765 
0.0128987 
0.0102006 
0.0102006 
0.0391864 
0.0391864 
0.0339753 
0.02965 
0.0256594 
0.021766 
0.0178636 
0.0138888 
0.00982316 
0.0056795 
0.00150225 
-0.00263792 
-0.00667119 
-0.0104836 
-0.0139401 
-0.016938 
-0.0194014 
-0.0212972 
-0.0226359 
-0.0234713 
-0.0238893 
-0.0239894 
-0.0238654 
-0.0235934 
-0.0232299 
-0.022816 
-0.0223809 
-0.0219428 
-0.0215083 
-0.0210734 
-0.0206235 
-0.020134 
-0.0195711 
-0.018892 
-0.0180388 
-0.0169454 
-0.0155582 
-0.0138462 
-0.011803 
-0.00945125 
-0.00683869 
-0.00403631 
-0.00113083 
0.00177208 
0.00458509 
0.0072517 
0.00972172 
0.0119586 
0.0139418 
0.015664 
0.0171272 
0.0183386 
0.0193075 
0.0200435 
0.0205554 
0.0208507 
0.0209348 
0.0208088 
0.0204686 
0.0199013 
0.0190851 
0.0179809 
0.0165344 
0.0146364 
0.0121034 
0.0121034 
0.042278 
0.042278 
0.0370837 
0.0327452 
0.0287098 
0.0247266 
0.020678 
0.0164881 
0.0121319 
0.00762117 
0.00300938 
-0.00160517 
-0.00613468 
-0.0104532 
-0.0143923 
-0.0178263 
-0.0206547 
-0.022824 
-0.0243297 
-0.025224 
-0.0256075 
-0.0256098 
-0.0253599 
-0.0249634 
-0.0244955 
-0.0240076 
-0.0235342 
-0.0230962 
-0.0227002 
-0.0223396 
-0.0219955 
-0.0216362 
-0.0212174 
-0.0206818 
-0.0199496 
-0.0189364 
-0.017575 
-0.0158283 
-0.0136901 
-0.0111858 
-0.00836769 
-0.00531283 
-0.00211824 
0.00109637 
0.00421717 
0.00716298 
0.00987026 
0.0122898 
0.0143978 
0.0161915 
0.0176848 
0.0189009 
0.0198655 
0.0206023 
0.0211305 
0.0214636 
0.0216091 
0.0215685 
0.0213363 
0.0208977 
0.0202285 
0.0192855 
0.0180102 
0.0162837 
0.0139091 
0.0139091 
0.0452605 
0.0452605 
0.040094 
0.0357646 
0.0317165 
0.0276812 
0.0235264 
0.0191589 
0.0145417 
0.00968267 
0.00464385 
-0.00045144 
-0.00548715 
-0.0103189 
-0.0147525 
-0.018644 
-0.0218721 
-0.0243601 
-0.0260799 
-0.0270686 
-0.0274307 
-0.027323 
-0.0269175 
-0.0263612 
-0.025757 
-0.0251705 
-0.024643 
-0.0241984 
-0.0238424 
-0.0235649 
-0.0233417 
-0.0231316 
-0.0228753 
-0.022496 
-0.0218898 
-0.0209526 
-0.0196079 
-0.0178177 
-0.0155797 
-0.0129226 
-0.00990033 
-0.00659164 
-0.00309962 
0.000452274 
0.00391666 
0.00717933 
0.0101615 
0.0127964 
0.0150529 
0.0169298 
0.0184504 
0.0196533 
0.020583 
0.0212816 
0.0217835 
0.0221129 
0.0222834 
0.0222979 
0.0221498 
0.0218209 
0.0212835 
0.020489 
0.019374 
0.017809 
0.015584 
0.015584 
0.0480232 
0.0480232 
0.0428923 
0.0385912 
0.034561 
0.0305122 
0.0262959 
0.021797 
0.0169622 
0.0117909 
0.00635165 
0.000785717 
-0.00474195 
-0.0100587 
-0.014962 
-0.0192977 
-0.022934 
-0.0257739 
-0.0277595 
-0.0288977 
-0.0292773 
-0.02907 
-0.0284918 
-0.0277441 
-0.0269712 
-0.0262604 
-0.0256621 
-0.0252037 
-0.024889 
-0.0247031 
-0.0246143 
-0.0245682 
-0.0244844 
-0.0242607 
-0.0237691 
-0.0228915 
-0.0215493 
-0.0197114 
-0.0173825 
-0.0145924 
-0.0113931 
-0.00786022 
-0.0040964 
-0.000221826 
0.00359512 
0.00720298 
0.0104958 
0.0133815 
0.0158154 
0.0177944 
0.0193494 
0.020534 
0.0214115 
0.0220443 
0.0224855 
0.022774 
0.0229331 
0.0229705 
0.0228796 
0.022639 
0.0222163 
0.0215559 
0.0205887 
0.0191735 
0.0170873 
0.0170873 
0.0504377 
0.0504377 
0.0453465 
0.0410871 
0.0371002 
0.0330732 
0.0288415 
0.0242646 
0.0192699 
0.0138425 
0.00805237 
0.0020545 
-0.00392474 
-0.00966467 
-0.0149705 
-0.0196935 
-0.0237076 
-0.0269051 
-0.0291993 
-0.0305541 
-0.0310187 
-0.0307548 
-0.0300117 
-0.0290536 
-0.0280836 
-0.0272234 
-0.0265372 
-0.0260575 
-0.0257847 
-0.0256965 
-0.025751 
-0.0258743 
-0.0259577 
-0.0258678 
-0.0254622 
-0.0246166 
-0.0232623 
-0.0213811 
-0.0189842 
-0.0160983 
-0.0127682 
-0.00906155 
-0.00507183 
-0.000911254 
0.00324173 
0.00719727 
0.0108083 
0.0139558 
0.0165789 
0.0186707 
0.0202676 
0.0214365 
0.0222576 
0.0228125 
0.0231733 
0.0233955 
0.0235153 
0.0235474 
0.0234883 
0.0233139 
0.0229875 
0.0224452 
0.0216116 
0.020332 
0.0183717 
0.0183717 
0.0523625 
0.0523625 
0.047312 
0.0430998 
0.0391742 
0.0351984 
0.0309959 
0.0264006 
0.0213168 
0.0157057 
0.00963102 
0.00326131 
-0.00309004 
-0.00915271 
-0.0147482 
-0.0197561 
-0.0240723 
-0.0275929 
-0.0302107 
-0.0318436 
-0.03248 
-0.032239 
-0.0313753 
-0.0302115 
-0.0290268 
-0.0279957 
-0.0272056 
-0.0266969 
-0.026465 
-0.0264766 
-0.0266746 
-0.0269582 
-0.0271844 
-0.0271898 
-0.0268271 
-0.0259889 
-0.0246165 
-0.0227089 
-0.0202795 
-0.0173487 
-0.0139511 
-0.0101425 
-0.00600006 
-0.00162408 
0.00281511 
0.00709616 
0.011018 
0.0144271 
0.0172388 
0.0194424 
0.0210818 
0.022237 
0.0230037 
0.0234804 
0.0237558 
0.0239013 
0.0239662 
0.0239744 
0.0239272 
0.0237996 
0.0235516 
0.0231106 
0.0223945 
0.0212342 
0.0193849 
0.0193849 
0.0536501 
0.0536501 
0.0486414 
0.0444735 
0.0406175 
0.036712 
0.0325753 
0.0280198 
0.0229291 
0.0172343 
0.0109796 
0.00434541 
-0.00227483 
-0.00852925 
-0.0142726 
-0.0194336 
-0.0239411 
-0.0277076 
-0.0306219 
-0.0325652 
-0.0334571 
-0.0333449 
-0.0324465 
-0.0311172 
-0.0297196 
-0.0285044 
-0.0275971 
-0.0270522 
-0.0268577 
-0.0269646 
-0.0272942 
-0.0277116 
-0.0280378 
-0.0280901 
-0.0277286 
-0.0268732 
-0.0254956 
-0.0235953 
-0.0211827 
-0.018267 
-0.0148725 
-0.0110426 
-0.00683407 
-0.00233114 
0.00232949 
0.00689372 
0.0110837 
0.0147121 
0.0176768 
0.0199693 
0.0216413 
0.0227841 
0.0235057 
0.0239165 
0.0241177 
0.0241932 
0.0242037 
0.0241825 
0.0241366 
0.024042 
0.0238567 
0.0235 
0.0228845 
0.021825 
0.0200714 
0.0200714 
0.0541482 
0.0541482 
0.049196 
0.0450615 
0.0412748 
0.0374501 
0.0334081 
0.0289486 
0.0239456 
0.0182971 
0.0120042 
0.00518895 
-0.00155717 
-0.00780816 
-0.0135439 
-0.018716 
-0.023286 
-0.0271879 
-0.0303228 
-0.0325566 
-0.0337534 
-0.0338755 
-0.0330599 
-0.0316464 
-0.0300673 
-0.0286687 
-0.0276362 
-0.0270488 
-0.0268859 
-0.0270758 
-0.0275117 
-0.0280199 
-0.0283919 
-0.0284437 
-0.0280599 
-0.0271905 
-0.0258214 
-0.0239541 
-0.0215922 
-0.0187432 
-0.0154218 
-0.0116546 
-0.00748177 
-0.00297246 
0.00177203 
0.00653044 
0.0109516 
0.0147667 
0.0178402 
0.0201736 
0.0218454 
0.0229627 
0.0236426 
0.0240014 
0.0241469 
0.0241699 
0.024139 
0.0240948 
0.0240497 
0.0239814 
0.0238468 
0.0235587 
0.0230259 
0.0220473 
0.0203752 
0.0203752 
0.0537008 
0.0537008 
0.0488612 
0.0447515 
0.0410209 
0.0372767 
0.0333333 
0.02899 
0.0241128 
0.0185941 
0.0124603 
0.00590151 
-0.000679793 
-0.00686635 
-0.0125034 
-0.0175862 
-0.0221098 
-0.0260354 
-0.0292883 
-0.0317456 
-0.0332374 
-0.0336595 
-0.0330435 
-0.0316584 
-0.0299637 
-0.0284031 
-0.0272456 
-0.0266118 
-0.0264723 
-0.0267251 
-0.0272303 
-0.027777 
-0.0281412 
-0.028157 
-0.0277424 
-0.0268721 
-0.0255397 
-0.0237412 
-0.0214733 
-0.0187363 
-0.0155378 
-0.0118947 
-0.00783305 
-0.00340311 
0.00131392 
0.00608843 
0.0105388 
0.0143916 
0.0174993 
0.0198446 
0.0215106 
0.0226128 
0.0232739 
0.0236119 
0.0237353 
0.0237371 
0.0236898 
0.0236387 
0.0236006 
0.0235563 
0.0234621 
0.0232277 
0.0227582 
0.0218411 
0.0202454 
0.0202454 
0.0521856 
0.0521856 
0.0475237 
0.0434518 
0.039775 
0.0361237 
0.0322994 
0.0281124 
0.0234274 
0.0181572 
0.012356 
0.00622621 
7.7503e-05 
-0.00579326 
-0.011198 
-0.0160915 
-0.020467 
-0.0243034 
-0.0275475 
-0.0301006 
-0.0318195 
-0.0325515 
-0.0322281 
-0.0310023 
-0.029293 
-0.0276192 
-0.02635 
-0.02567 
-0.0255446 
-0.0258349 
-0.0263661 
-0.0268991 
-0.0272134 
-0.027175 
-0.0267344 
-0.0258803 
-0.0246051 
-0.0228988 
-0.020753 
-0.0181646 
-0.0151364 
-0.0116771 
-0.00780274 
-0.00355067 
0.000992801 
0.00557551 
0.00984479 
0.0135683 
0.0166054 
0.0189181 
0.0205689 
0.0216658 
0.0223294 
0.0226754 
0.0228094 
0.0228228 
0.0227875 
0.0227504 
0.0227299 
0.0227097 
0.0226457 
0.022449 
0.022019 
0.0211456 
0.0196422 
0.0196422 
0.0494911 
0.0494911 
0.0450924 
0.0411056 
0.0375028 
0.0339742 
0.0303121 
0.0263452 
0.0219505 
0.0170714 
0.0117722 
0.00623321 
0.000681227 
-0.00469157 
-0.00971208 
-0.0143018 
-0.0184347 
-0.02209 
-0.0252268 
-0.0277672 
-0.0295876 
-0.0305398 
-0.0305058 
-0.0295297 
-0.0279333 
-0.0262281 
-0.0248814 
-0.0241619 
-0.0240423 
-0.0243428 
-0.024857 
-0.0253335 
-0.0255723 
-0.0254772 
-0.0250229 
-0.0242028 
-0.0230048 
-0.0214133 
-0.0194164 
-0.0170083 
-0.0141897 
-0.0109683 
-0.00736406 
-0.00342568 
0.000740995 
0.00491905 
0.0088386 
0.0122971 
0.0151606 
0.0173803 
0.0189934 
0.0200877 
0.020771 
0.0211503 
0.0213244 
0.021379 
0.021382 
0.0213782 
0.0213855 
0.0213895 
0.0213459 
0.021171 
0.0207593 
0.0199198 
0.0185272 
0.0185272 
0.0455203 
0.0455203 
0.0414883 
0.0376771 
0.0342074 
0.0308577 
0.0274291 
0.0237704 
0.019778 
0.015416 
0.0107404 
0.00588666 
0.00102226 
-0.00371127 
-0.0081857 
-0.0123249 
-0.0160908 
-0.0194543 
-0.0223766 
-0.0247934 
-0.0266049 
-0.0276784 
-0.0278799 
-0.0271765 
-0.0257804 
-0.0241535 
-0.0227838 
-0.0220424 
-0.0219229 
-0.0222085 
-0.0226695 
-0.0230611 
-0.023216 
-0.0230731 
-0.0226222 
-0.0218557 
-0.020757 
-0.0193076 
-0.0174943 
-0.0153115 
-0.0127621 
-0.00985948 
-0.00663367 
-0.0031425 
0.000511562 
0.00416343 
0.00761279 
0.010691 
0.013281 
0.0153318 
0.0168603 
0.0179305 
0.0186296 
0.0190497 
0.0192778 
0.0193898 
0.019446 
0.0194861 
0.0195251 
0.0195493 
0.0195157 
0.0193475 
0.0189399 
0.0181366 
0.0168797 
0.0168797 
0.0402083 
0.0402083 
0.0366623 
0.0331641 
0.0299383 
0.0268603 
0.0237631 
0.0205178 
0.0170399 
0.0133027 
0.00934646 
0.0052651 
0.00117699 
-0.0028262 
-0.0066521 
-0.0102307 
-0.0135178 
-0.01648 
-0.01908 
-0.0212639 
-0.0229516 
-0.0240337 
-0.0243848 
-0.0239313 
-0.0227871 
-0.0213274 
-0.0200234 
-0.0192888 
-0.0191679 
-0.0194191 
-0.0198017 
-0.020096 
-0.0201728 
-0.0199995 
-0.0195732 
-0.0188845 
-0.0179146 
-0.0166449 
-0.0150629 
-0.013165 
-0.0109576 
-0.00845903 
-0.00570421 
-0.00275099 
0.000312405 
0.00336461 
0.00626223 
0.00887409 
0.0111059 
0.0129112 
0.0142941 
0.015297 
0.0159848 
0.0164303 
0.0167047 
0.0168707 
0.0169779 
0.0170585 
0.0171233 
0.0171587 
0.0171245 
0.0169526 
0.0165481 
0.0157987 
0.0147062 
0.0147062 
0.0334905 
0.0334905 
0.0305543 
0.0275409 
0.0247172 
0.0220403 
0.0193915 
0.0166688 
0.0138045 
0.0107749 
0.00760274 
0.00434629 
0.00108172 
-0.002122 
-0.00520011 
-0.00810156 
-0.0107898 
-0.0132339 
-0.0153997 
-0.0172419 
-0.0186972 
-0.0196803 
-0.0200861 
-0.0198302 
-0.0189549 
-0.0177366 
-0.0165868 
-0.0159058 
-0.0157888 
-0.015992 
-0.0162835 
-0.0164826 
-0.016498 
-0.0163171 
-0.0159406 
-0.0153585 
-0.0145528 
-0.0135069 
-0.012211 
-0.0106633 
-0.00887183 
-0.00685547 
-0.00464675 
-0.00229484 
0.000131671 
0.00254623 
0.00484636 
0.00693642 
0.00874655 
0.0102395 
0.0114126 
0.0122922 
0.0129228 
0.0133573 
0.0136489 
0.0138451 
0.0139834 
0.0140872 
0.0141628 
0.0141971 
0.0141548 
0.0139796 
0.013595 
0.012933 
0.0120358 
0.0120358 
0.025423 
0.025423 
0.0232174 
0.0208774 
