0 
0.000737775 
0.00149792 
0.00265446 
0.00361889 
0.00429506 
0.00469709 
0.00487648 
0.00488294 
0.00475706 
0.00452939 
0.00422203 
0.00385091 
0.00342796 
0.0029629 
0.00246475 
0.00194284 
0.00140769 
0.000871537 
0.000349409 
-0.000141786 
-0.000592708 
-0.00100049 
-0.00136025 
-0.00166603 
-0.00191358 
-0.00210086 
-0.00222877 
-0.00230221 
-0.00233082 
-0.00232917 
-0.00231593 
-0.00231053 
-0.00232648 
-0.00236235 
-0.00239633 
-0.00239274 
-0.00232141 
-0.0021763 
-0.00197688 
-0.0017531 
-0.00152994 
-0.00132186 
-0.0011348 
-0.000969578 
-0.000824477 
-0.000696695 
-0.000583232 
-0.000481306 
-0.000388482 
-0.000302721 
-0.000222566 
-0.00014721 
-7.61389e-05 
-8.83508e-06 
5.5222e-05 
0.000116691 
0.000174878 
0.000228769 
0.000277465 
0.000320095 
0.000355726 
0.000383466 
0.000402517 
0.000412313 
0 
-0.000737775 
-0.000737775 
-0.00149792 
-0.00265446 
-0.00361889 
-0.00429506 
-0.00469709 
-0.00487648 
-0.00488294 
-0.00475706 
-0.00452939 
-0.00422203 
-0.00385091 
-0.00342796 
-0.0029629 
-0.00246475 
-0.00194284 
-0.00140769 
-0.000871537 
-0.000349409 
0.000141786 
0.000592708 
0.00100049 
0.00136025 
0.00166603 
0.00191358 
0.00210086 
0.00222877 
0.00230221 
0.00233082 
0.00232917 
0.00231593 
0.00231053 
0.00232648 
0.00236235 
0.00239633 
0.00239274 
0.00232141 
0.0021763 
0.00197688 
0.0017531 
0.00152994 
0.00132186 
0.0011348 
0.000969578 
0.000824477 
0.000696695 
0.000583232 
0.000481306 
0.000388482 
0.000302721 
0.000222566 
0.00014721 
7.61389e-05 
8.83508e-06 
-5.5222e-05 
-0.000116691 
-0.000174878 
-0.000228769 
-0.000277465 
-0.000320095 
-0.000355726 
-0.000383466 
-0.000402517 
-0.000412313 
-0.000412313 
-0.00171394 
-0.00171394 
-0.00520066 
-0.00853164 
-0.011066 
-0.0127585 
-0.0137296 
-0.0141296 
-0.014091 
-0.0137182 
-0.0130879 
-0.0122539 
-0.011253 
-0.0101115 
-0.00884963 
-0.00748633 
-0.00604192 
-0.00454058 
-0.00301194 
-0.00149302 
-2.69612e-05 
0.00135192 
0.00262234 
0.00376159 
0.00474703 
0.00556249 
0.00619956 
0.00665862 
0.00695138 
0.00710303 
0.00715302 
0.00715294 
0.00715831 
0.00721014 
0.00730875 
0.00739662 
0.00737565 
0.00716243 
0.00674158 
0.00616964 
0.00553191 
0.00489847 
0.00430875 
0.00377773 
0.00330655 
0.00288994 
0.00252029 
0.00218968 
0.00189084 
0.0016175 
0.00136444 
0.00112754 
0.000903537 
0.000690068 
0.000485722 
0.000290415 
0.000105033 
-6.88702e-05 
-0.000229307 
-0.000374095 
-0.000500854 
-0.000606874 
-0.000689503 
-0.000746306 
-0.000775533 
-0.000775533 
-0.0058065 
-0.0058065 
-0.0109225 
-0.0154436 
-0.0188756 
-0.0211537 
-0.0224293 
-0.0228985 
-0.0227427 
-0.0221078 
-0.0211004 
-0.0197935 
-0.0182352 
-0.0164581 
-0.0144868 
-0.0123449 
-0.0100596 
-0.00766481 
-0.00520324 
-0.00272736 
-0.000298706 
0.0020252 
0.00419487 
0.00616375 
0.00788959 
0.00934058 
0.0104975 
0.0113558 
0.0119293 
0.012253 
0.0123846 
0.0124014 
0.0123903 
0.01242 
0.0124994 
0.0125478 
0.0124204 
0.011995 
0.0112554 
0.0102948 
0.00924666 
0.00821721 
0.00726387 
0.00640636 
0.00564404 
0.00496754 
0.00436464 
0.00382304 
0.00333152 
0.00288035 
0.00246143 
0.00206827 
0.00169595 
0.00134109 
0.00100149 
0.00067614 
0.000365451 
7.13678e-05 
-0.000201944 
-0.000449148 
-0.00066605 
-0.00084782 
-0.000989705 
-0.00108733 
-0.00113759 
-0.00113759 
-0.0120704 
-0.0120704 
-0.0175475 
-0.0226608 
-0.0265791 
-0.0291414 
-0.0305055 
-0.0309062 
-0.0305643 
-0.0296548 
-0.0283004 
-0.02658 
-0.0245418 
-0.0222154 
-0.0196232 
-0.0167889 
-0.0137432 
-0.0105281 
-0.00719792 
-0.00381902 
-0.000468387 
0.00277112 
0.00582279 
0.00861621 
0.0110897 
0.0131949 
0.0148995 
0.0161907 
0.01708 
0.0176063 
0.0178386 
0.0178738 
0.0178238 
0.0177815 
0.0177652 
0.0176788 
0.0173461 
0.0166264 
0.0155179 
0.014153 
0.0127047 
0.0113035 
0.0100155 
0.00885998 
0.00783202 
0.00691745 
0.00609954 
0.00536197 
0.00468995 
0.00407065 
0.00349326 
0.00294904 
0.00243127 
0.00193523 
0.00145815 
0.000999677 
0.000561487 
0.000147199 
-0.000238323 
-0.000589181 
-0.000898424 
-0.00115867 
-0.0013626 
-0.00150337 
-0.00157605 
-0.00157605 
-0.0190171 
-0.0190171 
-0.0247604 
-0.03011 
-0.0341151 
-0.0366254 
-0.0378425 
-0.0380403 
-0.0374651 
-0.0363001 
-0.0346636 
-0.0326228 
-0.0302116 
-0.027447 
-0.0243427 
-0.0209182 
-0.0172062 
-0.0132561 
-0.00913576 
-0.00492853 
-0.00072908 
0.00336445 
0.00725129 
0.0108396 
0.0140497 
0.0168165 
0.0190931 
0.0208552 
0.0221066 
0.0228844 
0.023262 
0.0233486 
0.0232748 
0.0231504 
0.0229982 
0.0227096 
0.022093 
0.0210137 
0.0195036 
0.0177364 
0.0159141 
0.0141781 
0.0125937 
0.011175 
0.00991162 
0.00878453 
0.00777293 
0.00685706 
0.00601914 
0.00524369 
0.00451765 
0.00383046 
0.00317398 
0.00254262 
0.00193284 
0.00134367 
0.000776304 
0.000234509 
-0.000274176 
-0.000739268 
-0.00115145 
-0.00150018 
-0.00177444 
-0.00196428 
-0.00206268 
-0.00206268 
-0.0259655 
-0.0259655 
-0.0319362 
-0.0372824 
-0.0410872 
-0.0433086 
-0.0442278 
-0.044158 
-0.0433549 
-0.0419897 
-0.0401564 
-0.0378948 
-0.0352139 
-0.0321116 
-0.0285885 
-0.0246579 
-0.0203526 
-0.0157298 
-0.0108727 
-0.00588555 
-0.000886497 
0.00400164 
0.00865632 
0.0129696 
0.0168506 
0.0202252 
0.0230374 
0.0252535 
0.0268686 
0.0279132 
0.02846 
0.0286239 
0.0285452 
0.0283404 
0.0280272 
0.0274838 
0.02652 
0.0250339 
0.0231081 
0.0209575 
0.0187998 
0.0167738 
0.0149361 
0.0132926 
0.0118267 
0.010515 
0.00933316 
0.00825854 
0.00727069 
0.00635175 
0.00548655 
0.00466265 
0.00387041 
0.00310291 
0.00235631 
0.00163006 
0.0009266 
0.000253297 
-0.000382259 
-0.000969184 
-0.00149231 
-0.00193748 
-0.00229013 
-0.00253588 
-0.00266432 
-0.00266432 
-0.0325378 
-0.0325378 
-0.0387089 
-0.0438589 
-0.0472536 
-0.0490375 
-0.0495866 
-0.0492438 
-0.0482567 
-0.0467652 
-0.0448243 
-0.0424362 
-0.0395798 
-0.036231 
-0.0323765 
-0.0280215 
-0.023197 
-0.0179672 
-0.0124323 
-0.0067232 
-0.000986542 
0.00463358 
0.00999107 
0.0149622 
0.0194473 
0.0233671 
0.0266612 
0.0292911 
0.0312454 
0.0325489 
0.0332715 
0.033529 
0.0334632 
0.0331841 
0.0326918 
0.0318529 
0.0304989 
0.0285864 
0.0262613 
0.0237716 
0.0213351 
0.0190758 
0.017036 
0.015212 
0.0135816 
0.0121175 
0.010793 
0.0095829 
0.00846471 
0.00741863 
0.00642778 
0.00547826 
0.00455911 
0.00366275 
0.00278406 
0.00192277 
0.00108055 
0.000262886 
-0.000516283 
-0.00124044 
-0.0018918 
-0.00245008 
-0.00289576 
-0.00320886 
-0.00337427 
-0.00337427 
-0.0384157 
-0.0384157 
-0.0447338 
-0.0495459 
-0.0524135 
-0.0537081 
-0.0538876 
-0.05331 
-0.0521994 
-0.0506525 
-0.0486774 
-0.0462362 
-0.0432775 
-0.039757 
-0.0356477 
-0.0309449 
-0.0256732 
-0.0198995 
-0.0137408 
-0.00735706 
-0.000929676 
0.00536066 
0.0113401 
0.0168751 
0.0218667 
0.0262394 
0.029935 
0.0329132 
0.0351589 
0.0366923 
0.0375797 
0.0379342 
0.0378895 
0.0375342 
0.0368407 
0.0356715 
0.0339049 
0.0315781 
0.0289009 
0.0261383 
0.0234919 
0.0210621 
0.0188742 
0.0169154 
0.0151591 
0.0135757 
0.0121363 
0.0108143 
0.00958536 
0.00842818 
0.00732418 
0.00625781 
0.0052167 
0.00419118 
0.00317688 
0.00217124 
0.00117709 
0.000205949 
-0.000727229 
-0.00160265 
-0.00239866 
-0.00308881 
-0.00364571 
-0.00404117 
-0.00425299 
-0.00425299 
-0.0434027 
-0.0434027 
-0.0497984 
-0.0541811 
-0.0564853 
-0.0573081 
-0.0571584 
-0.0563978 
-0.0552172 
-0.0536658 
-0.051705 
-0.0492599 
-0.0462533 
-0.0426242 
-0.0383337 
-0.0333654 
-0.0277311 
-0.0214936 
-0.0147843 
-0.00779357 
-0.000740569 
0.00614858 
0.0126644 
0.0186668 
0.0240654 
0.0287952 
0.0328056 
0.0360592 
0.0385392 
0.0402633 
0.0412945 
0.0417391 
0.0417107 
0.0412626 
0.0403364 
0.0388097 
0.0366357 
0.033943 
0.0309912 
0.0280409 
0.0252627 
0.022729 
0.020449 
0.0184028 
0.0165612 
0.0148932 
0.0133691 
0.011961 
0.0106437 
0.00939441 
0.00819323 
0.00702303 
0.00586986 
0.00472317 
0.00357437 
0.00242098 
0.0012683 
0.000129788 
-0.000977424 
-0.00203013 
-0.00299951 
-0.00385086 
-0.00454665 
-0.00504728 
-0.00532 
-0.00532 
-0.0473629 
-0.0473629 
-0.0537649 
-0.0576836 
-0.0594551 
-0.0598652 
-0.0594411 
-0.0585434 
-0.0573267 
-0.0557958 
-0.0538715 
-0.051449 
-0.048431 
-0.0447436 
-0.0403387 
-0.0351884 
-0.0292863 
-0.0226818 
-0.0155152 
-0.00800193 
-0.000406415 
0.00697833 
0.0139109 
0.0202625 
0.0259611 
0.0309549 
0.0351999 
0.0386609 
0.0413209 
0.0431966 
0.0443474 
0.0448655 
0.0448321 
0.0442554 
0.0430583 
0.0411643 
0.0386245 
0.0356511 
0.0325265 
0.0294837 
0.0266538 
0.0240819 
0.0217642 
0.0196768 
0.0177895 
0.0160712 
0.0144921 
0.0130239 
0.0116406 
0.0103183 
0.00903555 
0.0077736 
0.0065157 
0.00524708 
0.00395734 
0.00264861 
0.00132792 
6.97323e-06 
-0.00129527 
-0.00255267 
-0.00372876 
-0.00477812 
-0.00564947 
-0.00628689 
-0.00664148 
-0.00664148 
-0.0502397 
-0.0502397 
-0.0565801 
-0.0600498 
-0.0613631 
-0.061434 
-0.0607878 
-0.0597835 
-0.0585419 
-0.0570325 
-0.0551452 
-0.0527534 
-0.0497449 
-0.0460352 
-0.0415697 
-0.0363141 
-0.0302456 
-0.0233929 
-0.0158954 
-0.00797873 
3.8528e-05 
0.00777052 
0.0149714 
0.0215488 
0.0274505 
0.0326302 
0.037044 
0.0406561 
0.0434503 
0.045443 
0.0466866 
0.0472492 
0.0471677 
0.0464102 
0.0449106 
0.0426731 
0.0398516 
0.036714 
0.0335313 
0.0304916 
0.0276859 
0.0251368 
0.0228325 
0.0207478 
0.0188531 
0.0171186 
0.0155147 
0.0140134 
0.0125882 
0.0112142 
0.00986847 
0.0085295 
0.00717548 
0.00578996 
0.00436623 
0.00290312 
0.00140294 
-0.000121666 
-0.00165015 
-0.00315177 
-0.00458165 
-0.00588118 
-0.00698095 
-0.00780203 
-0.00827059 
-0.00827059 
-0.0520311 
-0.0520311 
-0.0582538 
-0.0613294 
-0.0622809 
-0.0620848 
-0.0612598 
-0.0601624 
-0.0588888 
-0.057385 
-0.0555216 
-0.0531569 
-0.0501675 
-0.0464588 
-0.0419697 
-0.0366657 
-0.030522 
-0.0235481 
-0.015865 
-0.00771731 
0.000489202 
0.00835021 
0.0156818 
0.0223987 
0.0284396 
0.0337503 
0.0382835 
0.0420032 
0.0448947 
0.0469725 
0.0482744 
0.0488316 
0.0486367 
0.0476438 
0.0458399 
0.0433313 
0.0403522 
0.0371834 
0.0340553 
0.0311053 
0.02839 
0.0259174 
0.0236723 
0.0216305 
0.0197644 
0.0180459 
0.0164467 
0.0149392 
0.0134965 
0.012093 
0.0107031 
0.00929965 
0.00785916 
0.00636672 
0.00481103 
0.00318634 
0.00149331 
-0.000256607 
-0.00204324 
-0.00383452 
-0.0055765 
-0.00719465 
-0.00859551 
-0.0096677 
-0.0102987 
-0.0102987 
-0.0527785 
-0.0527785 
-0.0588465 
-0.0616094 
-0.0622996 
-0.0618997 
-0.0609287 
-0.0597385 
-0.0584139 
-0.0568904 
-0.0550295 
-0.0526819 
-0.0497163 
-0.046029 
-0.0415512 
-0.0362477 
-0.0301096 
-0.0231542 
-0.0154774 
-0.00733425 
0.000830007 
0.00867801 
0.0160454 
0.0228239 
0.0289358 
0.034317 
0.0389161 
0.0426968 
0.0456436 
0.0477626 
0.0490656 
0.0495447 
0.0491663 
0.0479129 
0.0458586 
0.0432019 
0.0402124 
0.0371418 
0.0341652 
0.0313751 
0.0288042 
0.026453 
0.0243065 
0.0223434 
0.020539 
0.0188673 
0.0173016 
0.0158151 
0.0143809 
0.0129715 
0.0115568 
0.0101073 
0.00859979 
0.0070144 
0.00533432 
0.0035479 
0.00165095 
-0.000349343 
-0.00243499 
-0.00457439 
-0.00670544 
-0.00873533 
-0.0105395 
-0.0119615 
-0.0128289 
-0.0128289 
-0.0525545 
-0.0525545 
-0.0584337 
-0.0609769 
-0.061502 
-0.0609592 
-0.0598727 
-0.0585854 
-0.057187 
-0.0556153 
-0.0537329 
-0.0513885 
-0.0484468 
-0.0447986 
-0.0403691 
-0.0351215 
-0.0290629 
-0.0222512 
-0.0148115 
-0.00695426 
0.00100777 
0.00875283 
0.0160688 
0.0228316 
0.0289465 
0.0343399 
0.0389549 
0.0427514 
0.0457067 
0.0478079 
0.0490353 
0.0493463 
0.0487337 
0.0472511 
0.0450615 
0.042411 
0.0395533 
0.0366869 
0.0339343 
0.0313551 
0.0289692 
0.0267749 
0.0247601 
0.0229069 
0.0211939 
0.0195977 
0.0180935 
0.0166552 
0.0152558 
0.0138648 
0.0124485 
0.0109772 
0.00942349 
0.00776104 
0.00596587 
0.00401868 
0.00190835 
-0.000365729 
-0.00279271 
-0.00534867 
-0.00796561 
-0.0105301 
-0.0128776 
-0.0147892 
-0.0160025 
-0.0160025 
-0.0514229 
-0.0514229 
-0.0571565 
-0.0595764 
-0.0600145 
-0.0593768 
-0.0581914 
-0.0568014 
-0.055312 
-0.0536728 
-0.0517548 
-0.0494106 
-0.0465062 
-0.0429322 
-0.038613 
-0.0335129 
-0.0276428 
-0.0210689 
-0.0139181 
-0.00639201 
0.00124236 
0.00873129 
0.0158654 
0.0224996 
0.028521 
0.0338434 
0.0383998 
0.0421396 
0.0450235 
0.0470156 
0.0480771 
0.0481853 
0.0473817 
0.045791 
0.0436218 
0.0411237 
0.0385076 
0.0359167 
0.0334335 
0.0310983 
0.0289256 
0.0269152 
0.0250587 
0.0233417 
0.0217466 
0.0202526 
0.0188367 
0.0174745 
0.0161378 
0.0147919 
0.013403 
0.0119389 
0.0103661 
0.00865051 
0.00675902 
0.00466134 
0.00233449 
-0.000236267 
-0.00305358 
-0.00611111 
-0.00933939 
-0.0126009 
-0.0156779 
-0.0182665 
-0.0199754 
-0.0199754 
-0.0494781 
-0.0494781 
-0.0551342 
-0.0575144 
-0.057934 
-0.0572514 
-0.0559916 
-0.054502 
-0.0529106 
-0.051188 
-0.0492207 
-0.0468708 
-0.0440101 
-0.0405338 
-0.036369 
-0.0314818 
-0.0258854 
-0.0196452 
-0.0128799 
-0.00576499 
0.00147752 
0.0086243 
0.0154783 
0.0218852 
0.0277194 
0.0328817 
0.0372918 
0.0408841 
0.0436038 
0.0454048 
0.0462596 
0.0461888 
0.0452895 
0.0437326 
0.0417345 
0.0395031 
0.0371963 
0.0349175 
0.0327259 
0.0306526 
0.0287112 
0.026904 
0.0252264 
0.0236678 
0.0222137 
0.0208464 
0.0195459 
0.0182884 
0.0170418 
0.0157715 
0.0144432 
0.0130201 
0.0114617 
0.00972467 
0.00776395 
0.00553423 
0.00299408 
0.000106599 
-0.0031568 
-0.00682395 
-0.010827 
-0.0149924 
-0.0190254 
-0.0225084 
-0.0248839 
-0.0248839 
-0.0468287 
-0.0468287 
-0.0524759 
-0.0548953 
-0.0553655 
-0.054694 
-0.0533943 
-0.0518201 
-0.050127 
-0.0483143 
-0.0462905 
-0.0439318 
-0.0411202 
-0.0377583 
-0.0337783 
-0.0291486 
-0.0238803 
-0.018032 
-0.0117098 
-0.00506697 
0.00170988 
0.008431 
0.0149123 
0.0209949 
0.0265443 
0.0314496 
0.0356185 
0.0389755 
0.0414618 
0.0430421 
0.0437208 
0.0435628 
0.0426998 
0.0413101 
0.0395826 
0.037678 
0.0357108 
0.0337564 
0.0318636 
0.0300596 
0.0283593 
0.0267682 
0.025285 
0.0239024 
0.0226098 
0.0213936 
0.020235 
0.019108 
0.0179812 
0.016821 
0.0155909 
0.0142493 
0.0127482 
0.0110331 
0.00904324 
0.00671193 
0.00396814 
0.000738848 
-0.0030526 
-0.00748185 
-0.0124738 
-0.0177832 
-0.0230006 
-0.0275687 
-0.0307502 
-0.0307502 
-0.0435777 
-0.0435777 
-0.0492809 
-0.0518128 
-0.0524043 
-0.0518083 
-0.0505176 
-0.0488894 
-0.0471088 
-0.0452101 
-0.0431297 
-0.0407626 
-0.0380033 
-0.0347641 
-0.0309844 
-0.0266363 
-0.021729 
-0.0163128 
-0.0104792 
-0.00435668 
0.0019015 
0.00813206 
0.0141633 
0.0198359 
0.0250115 
0.0295737 
0.0334258 
0.0364933 
0.0387279 
0.0401178 
0.0406991 
0.0405635 
0.0398486 
0.0387121 
0.0373035 
0.0357424 
0.0341156 
0.0324835 
0.0308868 
0.0293523 
0.0278974 
0.0265303 
0.0252528 
0.0240614 
0.0229496 
0.0219059 
0.0209114 
0.0199412 
0.0189659 
0.0179528 
0.0168632 
0.0156507 
0.0142591 
0.0126205 
0.0106529 
0.00825742 
0.0053153 
0.00169181 
-0.00276351 
-0.00816985 
-0.0143991 
-0.02107 
-0.0276239 
-0.0333681 
-0.0374111 
-0.0374111 
-0.039819 
-0.039819 
-0.0456363 
-0.0483491 
-0.0491337 
-0.0486857 
-0.0474678 
-0.0458342 
-0.0439972 
-0.0420297 
-0.0399022 
-0.0375333 
-0.034832 
-0.0317213 
-0.0281484 
-0.0240896 
-0.0195536 
-0.0145831 
-0.00925633 
-0.00367983 
0.00202262 
0.00771361 
0.013235 
0.0184325 
0.0231708 
0.0273357 
0.0308359 
0.0336076 
0.0356204 
0.0368844 
0.0374546 
0.0374273 
0.036925 
0.0360749 
0.0349905 
0.0337627 
0.0324608 
0.0311359 
0.0298257 
0.028557 
0.0273481 
0.0262092 
0.0251456 
0.0241576 
0.0232415 
0.0223874 
0.021578 
0.0207912 
0.0200003 
0.0191734 
0.0182707 
0.0172415 
0.0160208 
0.0145234 
0.0126364 
0.0102093 
0.00704549 
0.00291331 
-0.00241756 
-0.00905714 
-0.0167342 
-0.0248753 
-0.0327824 
-0.0396728 
-0.0445521 
-0.0445521 
-0.0356341 
-0.0356341 
-0.0416164 
-0.0445719 
-0.0456206 
-0.0453989 
-0.0443309 
-0.0427583 
-0.0409135 
-0.0389085 
-0.0367534 
-0.0343956 
-0.0317618 
-0.0287859 
-0.0254226 
-0.0216526 
-0.0174845 
-0.0129551 
-0.00813055 
-0.003099 
0.00204019 
0.00717166 
0.0121535 
0.0168441 
0.021118 
0.0248715 
0.0280254 
0.0305308 
0.0323733 
0.0335756 
0.0341963 
0.0343214 
0.0340502 
0.0334811 
0.0327009 
0.0317816 
0.0307809 
0.0297441 
0.0287067 
0.0276947 
0.0267276 
0.0258176 
0.0249728 
0.0241966 
0.0234878 
0.0228379 
0.0222332 
0.0216552 
0.0210808 
0.0204799 
0.0198128 
0.0190254 
0.0180419 
0.0167528 
0.014997 
0.0125409 
0.00907202 
0.0042426 
-0.00221485 
-0.0102969 
-0.0195052 
-0.0290813 
-0.0382423 
-0.0461736 
-0.0518252 
-0.0518252 
-0.0310917 
-0.0310917 
-0.0372825 
-0.0405352 
-0.0419142 
-0.0419982 
-0.0411663 
-0.0397367 
-0.0379505 
-0.035954 
-0.0338002 
-0.0314714 
-0.0289166 
-0.0260818 
-0.0229285 
-0.0194406 
-0.0156266 
-0.0115186 
-0.00717249 
-0.00266157 
0.00193334 
0.00651579 
0.010963 
0.015151 
0.0189705 
0.0223323 
0.025172 
0.0274539 
0.0291734 
0.0303565 
0.0310554 
0.0313399 
0.0312873 
0.0309732 
0.030466 
0.0298246 
0.0290986 
0.0283286 
0.0275475 
0.0267811 
0.0260491 
0.0253655 
0.0247408 
0.0241808 
0.0236866 
0.0232525 
0.0228692 
0.0225228 
0.0221944 
0.0218574 
0.0214736 
0.0209854 
0.0203024 
0.0192777 
0.0176752 
0.0151416 
0.0112228 
0.00547974 
-0.00230427 
-0.0119065 
-0.022591 
-0.0334722 
-0.0437339 
-0.0525735 
-0.0589229 
-0.0589229 
-0.0262487 
-0.0262487 
-0.032685 
-0.0362804 
-0.0380476 
-0.0385118 
-0.0380047 
-0.0368109 
-0.0351656 
-0.0332392 
-0.0311252 
-0.0288469 
-0.0263818 
-0.0236919 
-0.0207451 
-0.0175277 
-0.0140469 
-0.0103304 
-0.00642563 
-0.00239408 
0.00169664 
0.00576616 
0.00971234 
0.0134315 
0.0168322 
0.0198412 
0.0224075 
0.0245049 
0.0261331 
0.0273154 
0.0280938 
0.0285226 
0.0286614 
0.0285692 
0.0283012 
0.0279065 
0.0274282 
0.0269026 
0.0263605 
0.0258263 
0.0253203 
0.0248575 
0.0244507 
0.0241075 
0.0238316 
0.0236212 
0.0234719 
0.0233749 
0.023317 
0.0232764 
0.0232171 
0.0230767 
0.0227421 
0.0220108 
0.0205425 
0.0178378 
0.0133091 
0.00648976 
-0.00269689 
-0.0137647 
-0.0257957 
-0.0378227 
-0.0490169 
-0.0586216 
-0.0655895 
-0.0655895 
-0.0211532 
-0.0211532 
-0.027866 
-0.0318398 
-0.0340414 
-0.0349491 
-0.0348497 
-0.0339881 
-0.0325789 
-0.0308001 
-0.0287772 
-0.0265754 
-0.0242089 
-0.021662 
-0.0189125 
-0.0159485 
-0.0127752 
-0.00941565 
-0.00590935 
-0.00230788 
0.0013311 
0.00494045 
0.00843765 
0.0117384 
0.0147686 
0.0174695 
0.0198009 
0.0217432 
0.0232967 
0.02448 
0.0253255 
0.025875 
0.0261746 
0.0262714 
0.0262104 
0.026033 
0.0257766 
0.0254734 
0.0251521 
0.0248356 
0.0245443 
0.0242941 
0.0240995 
0.02397 
0.0239123 
0.0239288 
0.0240203 
0.024184 
0.0244129 
0.0246909 
0.0249844 
0.0252219 
0.0252577 
0.024815 
0.0234293 
0.0204539 
0.015205 
0.00725481 
-0.00328632 
-0.0156934 
-0.0289279 
-0.0419429 
-0.0538946 
-0.0641116 
-0.0716129 
-0.0716129 
-0.0158472 
-0.0158472 
-0.0228625 
-0.027241 
-0.0299095 
-0.0313082 
-0.0316849 
-0.0312454 
-0.0301728 
-0.0286342 
-0.0267706 
-0.0246826 
-0.0224247 
-0.0200132 
-0.0174431 
-0.0147075 
-0.0118093 
-0.00876655 
-0.00561163 
-0.00238786 
0.000855035 
0.00406133 
0.00716652 
0.0101031 
0.0128119 
0.0152464 
0.0173749 
0.0191819 
0.0206676 
0.021846 
0.0227419 
0.0233876 
0.0238195 
0.0240753 
0.0241922 
0.024205 
0.0241462 
0.0240442 
0.0239253 
0.0238107 
0.023721 
0.0236725 
0.0236814 
0.0237587 
0.0239146 
0.0241556 
0.0244879 
0.0249146 
0.0254353 
0.0260398 
0.0266946 
0.0273149 
0.0277125 
0.0275259 
0.0261651 
0.0228576 
0.0168681 
0.00784441 
-0.00392291 
-0.0175254 
-0.0318303 
-0.0456779 
-0.0582035 
-0.068872 
-0.0768154 
-0.0768154 
-0.0103688 
-0.0103688 
-0.0177095 
-0.0225109 
-0.0256661 
-0.0275843 
-0.0284844 
-0.028539 
-0.0278969 
-0.0266999 
-0.0250835 
-0.0231667 
-0.0210397 
-0.0187574 
-0.0163435 
-0.0138047 
-0.0111457 
-0.00837941 
-0.00553046 
-0.00263388 
0.000268462 
0.00313009 
0.00590025 
0.00852543 
0.0109589 
0.0131639 
0.0151156 
0.0168019 
0.0182226 
0.0193886 
0.0203191 
0.0210396 
0.021579 
0.0219681 
0.0222376 
0.0224167 
0.0225334 
0.0226123 
0.0226776 
0.0227486 
0.0228462 
0.0229866 
0.0231876 
0.0234616 
0.023822 
0.0242792 
0.0248441 
0.0255257 
0.0263296 
0.0272501 
0.0282516 
0.0292314 
0.0299553 
0.0299796 
0.0286058 
0.0249696 
0.0183151 
0.00836166 
-0.0044676 
-0.019128 
-0.034373 
-0.0488882 
-0.0617978 
-0.0727549 
-0.0810453 
-0.0810453 
-0.00475732 
-0.00475732 
-0.0124422 
-0.0176798 
-0.021331 
-0.0237806 
-0.0252265 
-0.0258198 
-0.0256804 
-0.0249202 
-0.0236517 
-0.0219893 
-0.0200412 
-0.0178963 
-0.0156159 
-0.0132339 
-0.0107668 
-0.00822725 
-0.00563354 
-0.00301275 
-0.000399074 
0.00216898 
0.00465309 
0.00701187 
0.00920835 
0.0112138 
0.013009 
0.0145846 
0.015941 
0.017087 
0.0180382 
0.018815 
0.0194409 
0.0199409 
0.0203406 
0.0206639 
0.0209354 
0.0211754 
0.0214067 
0.0216463 
0.0219156 
0.0222301 
0.0226091 
0.0230661 
0.0236171 
0.0242756 
0.0250568 
0.0259741 
0.027038 
0.028245 
0.0295545 
0.0308445 
0.0318382 
0.0320258 
0.0306305 
0.0267313 
0.0195634 
0.00888081 
-0.00482785 
-0.0204064 
-0.0364349 
-0.0514267 
-0.0645336 
-0.0756279 
-0.0841708 
-0.0841708 
0.000952137 
0.000952137 
-0.00709385 
-0.0127802 
-0.0169323 
-0.0199143 
-0.021908 
-0.0230532 
-0.0234539 
-0.0231984 
-0.0223716 
-0.0210648 
-0.0193785 
-0.0174162 
-0.0152711 
-0.0130148 
-0.0106924 
-0.00832905 
-0.00594158 
-0.00354866 
-0.0011747 
0.0011502 
0.00339549 
0.0055299 
0.00752437 
0.00935698 
0.0110135 
0.0124878 
0.0137812 
0.0149017 
0.0158626 
0.016681 
0.0173764 
0.0179693 
0.0184808 
0.0189303 
0.0193389 
0.0197229 
0.0201038 
0.0204959 
0.0209214 
0.0213945 
0.0219358 
0.022559 
0.0232827 
0.0241222 
0.0250957 
0.0262197 
0.0275068 
0.0289534 
0.0305116 
0.0320418 
0.0332351 
0.0335403 
0.0321395 
0.0280882 
0.0206143 
0.00945286 
-0.00494383 
-0.0212881 
-0.0378835 
-0.0531258 
-0.0662671 
-0.077375 
-0.0860835 
-0.0860835 
0.00671473 
0.00671473 
-0.00169149 
-0.00784216 
-0.0125037 
-0.0160186 
-0.0185521 
-0.0202384 
-0.0211778 
-0.0214501 
-0.021122 
-0.0202591 
-0.0189362 
-0.017243 
-0.0152799 
-0.0131462 
-0.0109251 
-0.00867395 
-0.00642578 
-0.00419987 
-0.00201325 
0.000113327 
0.00215802 
0.00410072 
0.00592008 
0.00759996 
0.0091308 
0.0105095 
0.0117392 
0.012828 
0.0137883 
0.014635 
0.0153846 
0.0160536 
0.0166594 
0.0172171 
0.0177453 
0.0182553 
0.0187687 
0.0192961 
0.0198609 
0.0204749 
0.0211603 
0.0219301 
0.0228044 
0.0237994 
0.0249348 
0.026228 
0.0276916 
0.0293188 
0.0310532 
0.0327411 
0.0340553 
0.0344303 
0.0330436 
0.0289581 
0.0213972 
0.0100243 
-0.0048391 
-0.0217236 
-0.0385655 
-0.0538121 
-0.0668668 
-0.0779052 
-0.0867044 
-0.0867044 
0.0125059 
0.0125059 
0.00373947 
-0.00288899 
-0.00807766 
-0.0121359 
-0.015207 
-0.0174169 
-0.0188677 
-0.0196445 
-0.0198146 
-0.0194326 
-0.0185508 
-0.0172304 
-0.0155497 
-0.0136049 
-0.0115001 
-0.00933037 
-0.00716613 
-0.0050482 
-0.00299572 
-0.00101992 
0.000867227 
0.00265342 
0.00432551 
0.00587277 
0.00729071 
0.00858014 
0.00974674 
0.0108 
0.0117523 
0.0126174 
0.0134101 
0.0141441 
0.0148336 
0.0154888 
0.0161264 
0.0167509 
0.0173849 
0.018034 
0.0187236 
0.0194622 
0.0202732 
0.0211687 
0.0221706 
0.0232941 
0.0245585 
0.0259799 
0.0275682 
0.029311 
0.0311426 
0.0328988 
0.0342462 
0.034628 
0.0332484 
0.0292116 
0.021773 
0.0105331 
-0.00451602 
-0.0215761 
-0.0382488 
-0.0532999 
-0.0662116 
-0.0771475 
-0.0859746 
-0.0859746 
0.0183255 
0.0183255 
0.00918739 
0.00206261 
-0.00367621 
-0.00830443 
-0.0119305 
-0.0146615 
-0.0165965 
-0.0178305 
-0.018446 
-0.0185094 
-0.0180718 
-0.0171773 
-0.0158743 
-0.0142269 
-0.012321 
-0.0102594 
-0.00814574 
-0.00606487 
-0.00406902 
-0.00218022 
-0.000404824 
0.00125493 
0.00280095 
0.00423065 
0.00554451 
0.00674761 
0.00784885 
0.00886047 
0.00979618 
0.0106699 
0.0114948 
0.0122812 
0.0130405 
0.0137773 
0.0145083 
0.0152296 
0.0159674 
0.0167198 
0.0175157 
0.0183587 
0.0192747 
0.0202751 
0.0213791 
0.0226008 
0.0239581 
0.025465 
0.0271265 
0.0289231 
0.0307794 
0.0325224 
0.0338192 
0.034133 
0.0327153 
0.0287291 
0.0214833 
0.010573 
-0.00407347 
-0.0206546 
-0.0368558 
-0.0515789 
-0.0642988 
-0.0751106 
-0.0839277 
-0.0839277 
0.0241922 
0.0241922 
0.0146719 
0.0070201 
0.000692254 
-0.00454468 
-0.00876752 
-0.0120478 
-0.0144675 
-0.0161239 
-0.0171171 
-0.0175399 
-0.0174675 
-0.0169561 
-0.0160469 
-0.0147778 
-0.0131965 
-0.0113719 
-0.00939634 
-0.0073746 
-0.00540222 
-0.00354383 
-0.00182556 
-0.00024696 
0.00120256 
0.00253233 
0.0037509 
0.00487022 
0.00590496 
0.00687072 
0.00778347 
0.0086581 
0.00950846 
0.0103436 
0.0111727 
0.0119942 
0.0128236 
0.0136409 
0.014479 
0.0153275 
0.0162192 
0.0171537 
0.0181602 
0.0192441 
0.0204247 
0.0217155 
0.0231319 
0.0246843 
0.0263719 
0.0281671 
0.0299861 
0.0316503 
0.0328352 
0.0330346 
0.0315626 
0.0276568 
0.0206924 
0.0103011 
-0.00345004 
-0.0190698 
-0.0345468 
-0.0487814 
-0.061224 
-0.0718779 
-0.0806541 
-0.0806541 
0.0301356 
0.0301356 
0.0202284 
0.0120212 
0.00505071 
-0.000854015 
-0.00573314 
-0.00962259 
-0.0125681 
-0.014654 
-0.015988 
-0.0166876 
-0.0168635 
-0.0166075 
-0.0159872 
-0.0150473 
-0.0138182 
-0.0123295 
-0.0106257 
-0.00877633 
-0.00687425 
-0.00501897 
-0.00329042 
-0.00172826 
-0.00033232 
0.00091911 
0.00205595 
0.00309802 
0.00406489 
0.0049794 
0.00586363 
0.00673583 
0.00760979 
0.0084893 
0.00937661 
0.010263 
0.0111703 
0.0120594 
0.0129773 
0.013898 
0.0148651 
0.0158716 
0.0169429 
0.0180849 
0.019315 
0.0206454 
0.0220884 
0.0236499 
0.0253225 
0.0270707 
0.0288037 
0.0303418 
0.031375 
0.0314361 
0.0299111 
0.0261254 
0.0195283 
0.0098292 
-0.00276004 
-0.0170722 
-0.0315451 
-0.0451103 
-0.0571664 
-0.0676062 
-0.0763022 
-0.0763022 
0.0361887 
0.0361887 
0.0258968 
0.0171139 
0.0094505 
0.00280186 
-0.00280992 
-0.00738807 
-0.0109343 
-0.0135027 
-0.0151943 
-0.0161413 
-0.0164836 
-0.0163522 
-0.0158573 
-0.0150832 
-0.014086 
-0.012897 
-0.0115337 
-0.0100154 
-0.00837987 
-0.00669073 
-0.00503116 
-0.0034827 
-0.00209862 
-0.000888732 
0.000175436 
0.00113671 
0.00203127 
0.00288965 
0.00373715 
0.00459435 
0.00547946 
0.00640056 
0.00736137 
0.00834652 
0.00937501 
0.0103586 
0.0113675 
0.0123716 
0.0134151 
0.0144862 
0.0156081 
0.0167905 
0.0180487 
0.0193947 
0.0208375 
0.0223786 
0.0240047 
0.0256735 
0.0272903 
0.0286787 
0.0295493 
0.0294812 
0.0279375 
0.0243396 
0.0182195 
0.00936657 
-0.00194946 
-0.0148298 
-0.0281046 
-0.0408242 
-0.0523607 
-0.062503 
-0.0710653 
-0.0710653 
0.0423813 
0.0423813 
0.0317132 
0.0223422 
0.0139445 
0.00647839 
4.14996e-05 
-0.00531418 
-0.00955126 
-0.0126814 
-0.0147878 
-0.016009 
-0.0165067 
-0.0164408 
-0.0159553 
-0.0151729 
-0.0141937 
-0.0130909 
-0.0119082 
-0.010662 
-0.00935357 
-0.00798776 
-0.0065874 
-0.00519744 
-0.00387586 
-0.00267466 
-0.00161892 
-0.00069612 
0.000137143 
0.000934784 
0.00174629 
0.00260561 
0.00353764 
0.00453578 
0.00556887 
0.00661278 
0.00771423 
0.00874207 
0.00981293 
0.0108655 
0.0119484 
0.0130517 
0.0141943 
0.0153886 
0.016648 
0.0179836 
0.0194009 
0.0208974 
0.0224543 
0.0240246 
0.0255125 
0.0267498 
0.0274728 
0.0273107 
0.0258045 
0.0224704 
0.0169232 
0.00901256 
-0.00100003 
-0.0124307 
-0.0244137 
-0.0361516 
-0.0470364 
-0.0567835 
-0.0651476 
-0.0651476 
0.0487352 
0.0487352 
0.0377048 
0.0277412 
0.0185759 
0.0102259 
0.00287099 
-0.00336068 
-0.00838206 
-0.0121592 
-0.0147477 
-0.0162908 
-0.0169742 
-0.0169874 
-0.0164993 
-0.0156522 
-0.0145673 
-0.0133514 
-0.0120956 
-0.0108674 
-0.0097019 
-0.00860294 
-0.00755711 
-0.0065515 
-0.00558402 
-0.00466178 
-0.00379319 
-0.00297933 
-0.00220806 
-0.00145209 
-0.000674531 
0.000157677 
0.00107482 
0.00209204 
0.00320838 
0.00442539 
0.0057737 
0.00692501 
0.0080764 
0.00922569 
0.0103663 
0.0115087 
0.0126673 
0.0138616 
0.0151067 
0.0164148 
0.0177901 
0.0192273 
0.020704 
0.0221706 
0.0235339 
0.0246381 
0.0252482 
0.0250449 
0.0236431 
0.0206459 
0.0157423 
0.00881842 
9.00272e-05 
-0.00992553 
-0.0205914 
-0.0312622 
-0.0413853 
-0.0506416 
-0.0587404 
-0.0587404 
0.0552592 
0.0552592 
0.043886 
0.0333333 
0.0233761 
0.0140835 
0.00572184 
-0.00148965 
-0.00739274 
-0.0119016 
-0.0150356 
-0.0169396 
-0.0178316 
-0.0179435 
-0.017481 
-0.0166064 
-0.0154458 
-0.0141033 
-0.0126748 
-0.0112537 
-0.00992619 
-0.00875732 
-0.00777591 
-0.00697278 
-0.0063155 
-0.00576575 
-0.00528621 
-0.00483547 
-0.00436376 
-0.00381193 
-0.00311383 
-0.00221388 
-0.00108754 
0.000216945 
0.0015272 
0.00281384 
0.00421762 
0.00536944 
0.00654714 
0.00770999 
0.00884775 
0.00997679 
0.0111088 
0.0122666 
0.0134669 
0.0147224 
0.0160366 
0.017402 
0.0187938 
0.0201617 
0.0214175 
0.0224201 
0.0229649 
0.0227816 
0.0215522 
0.0189546 
0.0147383 
0.00880767 
0.00132207 
-0.00733664 
-0.0167025 
-0.0262659 
-0.0355491 
-0.0442337 
-0.0520048 
-0.0520048 
0.0619452 
0.0619452 
0.0502538 
0.0391252 
0.0283634 
0.0180798 
0.00862869 
0.0003319 
-0.00655425 
-0.0118817 
-0.0156227 
-0.017917 
-0.0190201 
-0.0192201 
-0.0187769 
-0.0178908 
-0.0167057 
-0.015326 
-0.0138345 
-0.0123051 
-0.0108121 
-0.0094334 
-0.00824498 
-0.00730267 
-0.00662116 
-0.0061672 
-0.0058781 
-0.00568623 
-0.00553257 
-0.0053645 
-0.0051258 
-0.00476374 
-0.0041975 
-0.00330266 
-0.00203268 
-0.000271689 
0.00192436 
0.00340822 
0.00460592 
0.00592238 
0.00716718 
0.00833268 
0.00945099 
0.0105662 
0.0117092 
0.0128997 
0.0141438 
0.0154342 
0.0167461 
0.0180311 
0.0192077 
0.0201513 
0.0206864 
0.0205877 
0.0195951 
0.0174476 
0.0139413 
0.00898771 
0.00268964 
-0.00468077 
-0.0127831 
-0.021229 
-0.0296241 
-0.0376752 
-0.045065 
-0.045065 
0.0687637 
0.0687637 
0.0567839 
0.0451033 
0.0335393 
0.0222307 
0.0116182 
0.00213585 
-0.00583862 
-0.0120744 
-0.016485 
-0.0191961 
-0.0205039 
-0.0207627 
-0.0203011 
-0.0193703 
-0.0181435 
-0.0167376 
-0.0152369 
-0.0137083 
-0.012209 
-0.0107905 
-0.00949997 
-0.00838201 
-0.007478 
-0.00681499 
-0.00638867 
-0.00615129 
-0.00602945 
-0.0059441 
-0.00582845 
-0.00566546 
-0.00538744 
-0.00484587 
-0.00400915 
-0.00243569 
-4.18681e-05 
0.00166862 
0.00308932 
0.00444024 
0.00565499 
0.00677302 
0.00782316 
0.00885391 
0.0099046 
0.0110018 
0.0121569 
0.0133648 
0.0146022 
0.0158232 
0.0169539 
0.0178851 
0.0184682 
0.0185165 
0.0178178 
0.0161599 
0.0133725 
0.00936979 
0.00420119 
-0.00195194 
-0.00884156 
-0.0161835 
-0.0236677 
-0.0310426 
-0.0380072 
-0.0380072 
0.0756596 
0.0756596 
0.0634262 
0.0512296 
0.0388841 
0.0265367 
0.0147063 
0.00394668 
-0.0052184 
-0.0124508 
-0.0175919 
-0.020745 
-0.0222478 
-0.0225311 
-0.0220046 
-0.0209816 
-0.0196703 
-0.0182022 
-0.0166639 
-0.0151189 
-0.0136189 
-0.0122089 
-0.0109273 
-0.0098017 
-0.00884583 
-0.00805784 
-0.00742818 
-0.00694901 
-0.00661687 
-0.0064114 
-0.00624563 
-0.00615639 
-0.00605735 
-0.00571956 
-0.00511862 
-0.00426443 
-0.0032842 
-0.00227256 
-0.000634476 
0.00146662 
0.00335272 
0.00478457 
0.00594094 
0.00696987 
0.00796734 
0.00898865 
0.0100621 
0.0111939 
0.0123691 
0.0135499 
0.0146721 
0.0156414 
0.0163322 
0.0165892 
0.0162378 
0.0151027 
0.0130376 
0.00995522 
0.00586107 
0.000858721 
-0.00487231 
-0.0111376 
-0.017707 
-0.0243782 
-0.0308819 
-0.0308819 
0.0825486 
0.0825486 
0.0701004 
0.0574356 
0.0443504 
0.0309762 
0.0178955 
0.00578314 
-0.00466589 
-0.012975 
-0.0189011 
-0.0225178 
-0.0242043 
-0.0244764 
-0.0238381 
-0.0226751 
-0.0212365 
-0.01967 
-0.0180647 
-0.0164791 
-0.0149565 
-0.0135315 
-0.0122327 
-0.0110821 
-0.0100946 
-0.00927338 
-0.0086058 
-0.00806585 
-0.00761428 
-0.00725075 
-0.00690092 
-0.00664767 
-0.00648997 
-0.00623832 
-0.00581505 
-0.00517502 
-0.004246 
-0.00343577 
-0.0021388 
-0.00041468 
0.00123872 
0.00265413 
0.00385065 
0.00489882 
0.00588009 
0.00685711 
0.00787468 
0.0089541 
0.010093 
0.011265 
0.0124181 
0.0134736 
0.0143258 
0.0148452 
0.0148859 
0.0142994 
0.0129552 
0.0107626 
0.00769267 
0.0037865 
-0.000850167 
-0.00607819 
-0.0117422 
-0.0176929 
-0.0237067 
-0.0237067 
0.089316 
0.089316 
0.076693 
0.0636176 
0.0498558 
0.0354977 
0.0211688 
0.00765449 
-0.00415391 
-0.0136034 
-0.0203553 
-0.0244503 
-0.0263069 
-0.0265342 
-0.0257408 
-0.0243944 
-0.02279 
-0.0210927 
-0.0193929 
-0.017744 
-0.0161814 
-0.0147314 
-0.0134141 
-0.0122435 
-0.0112256 
-0.0103592 
-0.00963172 
-0.00903265 
-0.00853387 
-0.00813638 
-0.00777116 
-0.00747006 
-0.00721867 
-0.00695036 
-0.00658921 
-0.00612588 
-0.00553447 
-0.00484484 
-0.00391926 
-0.00289244 
-0.00180623 
-0.000641756 
0.000567522 
0.00177985 
0.00295026 
0.0040866 
0.00522063 
0.00638383 
0.00759472 
0.00884859 
0.0101144 
0.0113339 
0.012422 
0.013271 
0.013757 
0.0137508 
0.0131323 
0.0118061 
0.00971729 
0.0068582 
0.00326864 
-0.000971896 
-0.00574908 
-0.0109693 
-0.0164697 
-0.0164697 
0.0958168 
0.0958168 
0.0830581 
0.0696346 
0.0552772 
0.0400116 
0.0244822 
0.00955936 
-0.00365404 
-0.0142814 
-0.0218776 
-0.0264553 
-0.0284673 
-0.028621 
-0.0276376 
-0.0260745 
-0.0242759 
-0.0224247 
-0.0206119 
-0.0188845 
-0.0172693 
-0.0157834 
-0.0144389 
-0.0132437 
-0.0121999 
-0.0113059 
-0.0105483 
-0.00991722 
-0.00938051 
-0.00894061 
-0.00855083 
-0.00823054 
-0.00795821 
-0.00769565 
-0.00737827 
-0.00701766 
-0.00652214 
-0.00600413 
-0.00530342 
-0.00445288 
-0.00354774 
-0.0026363 
-0.0017218 
-0.000787725 
0.000188015 
0.00122411 
0.0023466 
0.00356829 
0.00488967 
0.006299 
0.00776521 
0.00923793 
0.0106457 
0.0118968 
0.0128839 
0.0134916 
0.0136062 
0.0131274 
0.0119801 
0.0101209 
0.0075416 
0.00426158 
0.000340148 
-0.00415472 
-0.00913071 
-0.00913071 
0.101882 
0.101882 
0.0890212 
0.0753114 
0.0604506 
0.0443837 
0.0277559 
0.0114823 
-0.00313123 
-0.0149388 
-0.0233694 
-0.0284214 
-0.0305741 
-0.0306343 
-0.0294396 
-0.0276405 
-0.0256326 
-0.0236161 
-0.0216819 
-0.0198698 
-0.0181976 
-0.016674 
-0.0153033 
-0.0140873 
-0.0130229 
-0.0121065 
-0.0113239 
-0.0106697 
-0.0101176 
-0.0096692 
-0.00928626 
-0.00897618 
-0.00871298 
-0.00848289 
-0.00823954 
-0.00798362 
-0.00766955 
-0.00732025 
-0.00687465 
-0.00636675 
-0.00580229 
-0.00518449 
-0.00451419 
-0.00378702 
-0.00298848 
-0.00208654 
-0.00104678 
0.000163047 
0.0015674 
0.00315934 
0.00490834 
0.00675906 
0.00863376 
0.0104362 
0.0120577 
0.013383 
0.0142975 
0.0146948 
0.0144847 
0.0135993 
0.0119962 
0.00965727 
0.00659507 
0.0028174 
-0.00164107 
-0.00164107 
0.107326 
0.107326 
0.0943903 
0.080448 
0.0651782 
0.0484342 
0.0308606 
0.0133744 
-0.00255689 
-0.0154942 
-0.024714 
-0.0302164 
-0.0324965 
-0.0324558 
-0.0310462 
-0.0290105 
-0.026795 
-0.0246164 
-0.0225643 
-0.0206709 
-0.018945 
-0.0173871 
-0.015994 
-0.0147626 
-0.0136857 
-0.0127584 
-0.0119659 
-0.011303 
-0.0107453 
-0.0102938 
-0.0099186 
-0.00962452 
-0.00938603 
-0.0091971 
-0.0090153 
-0.00885011 
-0.00864749 
-0.00844318 
-0.00817768 
-0.00786551 
-0.00751574 
-0.00713565 
-0.0067171 
-0.00623985 
-0.00567239 
-0.00497481 
-0.00410076 
-0.0030022 
-0.00163961 
7.25084e-06 
0.001927 
0.00408257 
0.00640234 
0.00878508 
0.011108 
0.0132369 
0.0150356 
0.0163756 
0.0171439 
0.0172472 
0.016615 
0.0151985 
0.0129729 
0.00991285 
0.00599032 
0.00599032 
0.111962 
0.111962 
0.0989711 
0.0848386 
0.0692493 
0.0519572 
0.0336234 
0.0151512 
-0.00189322 
-0.0158455 
-0.0257771 
-0.0316902 
-0.0340891 
-0.0339564 
-0.0323508 
-0.0300997 
-0.0276973 
-0.0253754 
-0.0232218 
-0.0212609 
-0.019493 
-0.017911 
-0.0165052 
-0.015268 
-0.0141885 
-0.0132603 
-0.0124684 
-0.0118083 
-0.0112594 
-0.0108218 
-0.0104707 
-0.0102082 
-0.0100119 
-0.00987925 
-0.00977994 
-0.00971778 
-0.00965983 
-0.00961929 
-0.00956203 
-0.00949501 
-0.00940783 
-0.0092933 
-0.00913486 
-0.00890709 
-0.00857209 
-0.0080786 
-0.00736643 
-0.00637239 
-0.00503895 
-0.00332745 
-0.00122626 
0.00124049 
0.00400935 
0.00698012 
0.0100244 
0.0129927 
0.0157238 
0.0180582 
0.0198494 
0.0209715 
0.0213229 
0.0208246 
0.0194205 
0.0170455 
0.0136289 
0.0136289 
0.115616 
0.115616 
0.102585 
0.0882913 
0.0724627 
0.0547468 
0.0358484 
0.016677 
-0.00114009 
-0.0158862 
-0.0264255 
-0.0326979 
-0.0352111 
-0.035012 
-0.033251 
-0.030828 
-0.0282785 
-0.0258476 
-0.023621 
-0.021616 
-0.0198251 
-0.0182348 
-0.0168299 
-0.0155989 
-0.0145286 
-0.0136109 
-0.0128314 
-0.012185 
-0.011654 
-0.0112373 
-0.0109151 
-0.0106885 
-0.0105384 
-0.0104644 
-0.0104411 
-0.0104757 
-0.0105384 
-0.0106433 
-0.0107601 
-0.0108913 
-0.0110255 
-0.0111526 
-0.0112508 
-0.0112867 
-0.0112115 
-0.0109609 
-0.0104567 
-0.00961272 
-0.00834555 
-0.0065893 
-0.00431089 
-0.00152097 
0.00171161 
0.00527422 
0.00903041 
0.0128202 
0.0164646 
0.0197786 
0.0225837 
0.0247185 
0.0260443 
0.0264478 
0.0258399 
0.0241195 
0.0211763 
0.0211763 
0.118146 
0.118146 
0.105093 
0.0906554 
0.0746652 
0.0566402 
0.0373563 
0.0177789 
-0.000400066 
-0.0156457 
-0.026639 
-0.0331803 
-0.0357811 
-0.0355359 
-0.0336663 
-0.0311277 
-0.0284856 
-0.0259933 
-0.0237333 
-0.0217163 
-0.0199284 
-0.0183506 
-0.0169639 
-0.015754 
-0.0147058 
-0.0138105 
-0.0130543 
-0.0124321 
-0.0119289 
-0.0115433 
-0.0112592 
-0.0110769 
-0.0109818 
-0.0109744 
-0.011037 
-0.0111755 
-0.01137 
-0.011628 
-0.0119276 
-0.0122679 
-0.0126336 
-0.0130106 
-0.0133734 
-0.0136837 
-0.0138847 
-0.0138984 
-0.0136267 
-0.0129565 
-0.0117731 
-0.00997932 
-0.00751616 
-0.00438081 
-0.000637562 
0.00358118 
0.00810741 
0.0127563 
0.0173218 
0.0215948 
0.0253748 
0.0284755 
0.0307289 
0.0319882 
0.0321307 
0.0310203 
0.0285113 
0.0285113 
0.119404 
0.119404 
0.106398 
0.0918244 
0.075718 
0.0575095 
0.0380559 
0.0184708 
0.000347218 
-0.0150288 
-0.0262637 
-0.0329758 
-0.0356524 
-0.0354112 
-0.033512 
-0.0309409 
-0.0282802 
-0.025788 
-0.0235439 
-0.0215536 
-0.0197988 
-0.0182573 
-0.016908 
-0.0157345 
-0.0147218 
-0.0138603 
-0.0131373 
-0.0125478 
-0.0120794 
-0.0117301 
-0.0114875 
-0.0113518 
-0.0113124 
-0.0113712 
-0.0115153 
-0.0117526 
-0.0120668 
-0.012465 
-0.0129297 
-0.0134596 
-0.014041 
-0.0146598 
-0.0152893 
-0.0158872 
-0.0163882 
-0.0166993 
-0.0166986 
-0.0162403 
-0.0151718 
-0.0133576 
-0.0107081 
-0.00720391 
-0.0029046 
0.0020228 
0.00736438 
0.0129006 
0.0183857 
0.0235806 
0.0282675 
0.0322487 
0.0353403 
0.0373721 
0.0381914 
0.0376292 
0.0355081 
0.0355081 
0.119323 
0.119323 
0.106448 
0.0917563 
0.075566 
0.0573513 
0.0380053 
0.0187072 
0.000853121 
-0.0143564 
-0.0255375 
-0.0322229 
-0.0348805 
-0.0346361 
-0.0327581 
-0.0302327 
-0.0276343 
-0.0252128 
-0.0230414 
-0.0211219 
-0.0194343 
-0.0179555 
-0.0166641 
-0.0155437 
-0.0145799 
-0.0137633 
-0.013083 
-0.0125341 
-0.0121069 
-0.0117993 
-0.0116022 
-0.0115163 
-0.0115352 
-0.0116621 
-0.0118892 
-0.0122246 
-0.0126569 
-0.0131914 
-0.0138167 
-0.0145321 
-0.0153262 
-0.0161866 
-0.0170873 
-0.0179836 
-0.0188025 
-0.0194357 
-0.0197348 
-0.0195176 
-0.0185883 
-0.0167696 
-0.0139391 
-0.0100569 
-0.00518064 
0.000505674 
0.00674059 
0.0132276 
0.0196571 
0.0257472 
0.0312655 
0.0360182 
0.0398266 
0.0425147 
0.0439101 
0.0438157 
0.0420271 
0.0420271 
0.117873 
0.117873 
0.105223 
0.0904799 
0.0742726 
0.0562473 
0.0372635 
0.0184648 
0.00109114 
-0.0136813 
-0.0245162 
-0.0309469 
-0.0334637 
-0.0331998 
-0.0313986 
-0.0290046 
-0.0265549 
-0.0242773 
-0.0222362 
-0.0204317 
-0.0188447 
-0.017454 
-0.0162402 
-0.0151883 
-0.0142856 
-0.0135237 
-0.0128938 
-0.0123916 
-0.0120097 
-0.0117463 
-0.0115954 
-0.0115587 
-0.0116337 
-0.0118258 
-0.0121302 
-0.012555 
-0.013093 
-0.0137506 
-0.0145222 
-0.0154094 
-0.0164049 
-0.0175 
-0.0186712 
-0.0198718 
-0.0210216 
-0.0219958 
-0.0226173 
-0.0226632 
-0.0218921 
-0.0200843 
-0.0170849 
-0.0128326 
-0.00737804 
-0.000902034 
0.00627278 
0.0137482 
0.0211266 
0.0280675 
0.0343237 
0.0397187 
0.0440995 
0.0473038 
0.0491539 
0.0494318 
0.0479124 
0.0479124 
0.11503 
0.11503 
0.102719 
0.0880393 
0.0719191 
0.05426 
0.0358431 
0.0177161 
0.00101941 
-0.0130464 
-0.0232406 
-0.0291873 
-0.0314458 
-0.0311507 
-0.0294823 
-0.0273014 
-0.02508 
-0.0230127 
-0.0211536 
-0.0195034 
-0.0180469 
-0.0167671 
-0.0156484 
-0.0146785 
-0.0138474 
-0.0131485 
-0.0125752 
-0.0121242 
-0.0117906 
-0.0115732 
-0.0114684 
-0.01148 
-0.0116098 
-0.0118638 
-0.0122396 
-0.0127453 
-0.0133787 
-0.0141475 
-0.0150516 
-0.016096 
-0.0172798 
-0.0186002 
-0.0200342 
-0.0215342 
-0.0230139 
-0.0243313 
-0.0252785 
-0.0255913 
-0.0249835 
-0.0231976 
-0.0200529 
-0.0154688 
-0.00947935 
-0.00223877 
0.00589139 
0.0143873 
0.022713 
0.030446 
0.0373288 
0.0432212 
0.0480173 
0.0515875 
0.0537619 
0.0543091 
0.0529912 
0.0529912 
0.110789 
0.110789 
0.0989438 
0.0844888 
0.0686017 
0.0514603 
0.033771 
0.0164805 
0.000680702 
-0.0124007 
-0.0216807 
-0.0269527 
-0.0288758 
-0.0285655 
-0.0270943 
-0.0252014 
-0.0232747 
-0.0214704 
-0.0198337 
-0.0183682 
-0.0170655 
-0.0159145 
-0.0149045 
-0.0140271 
-0.0132757 
-0.0126458 
-0.0121332 
-0.0117362 
-0.0114518 
-0.0112798 
-0.0112189 
-0.011276 
-0.0114558 
-0.0117641 
-0.0122003 
-0.0127738 
-0.0134872 
-0.0143504 
-0.0153688 
-0.0165522 
-0.0179059 
-0.0194296 
-0.0211051 
-0.0228871 
-0.0246815 
-0.0263237 
-0.0275757 
-0.0281346 
-0.0276755 
-0.0259149 
-0.0226588 
-0.0178167 
-0.0113997 
-0.00350825 
0.00553428 
0.0150753 
0.0243188 
0.0327421 
0.0401041 
0.0463317 
0.0513845 
0.0551743 
0.0575466 
0.058262 
0.0570784 
0.0570784 
0.105161 
0.105161 
0.0939128 
0.0798781 
0.0644079 
0.0479286 
0.0311115 
0.0148367 
0.000182401 
-0.0116396 
-0.0197802 
-0.0242596 
-0.0258354 
-0.0255608 
-0.024355 
-0.0228101 
-0.0212234 
-0.0197154 
-0.0183259 
-0.0170645 
-0.0159305 
-0.0149197 
-0.0140274 
-0.0132495 
-0.0125828 
-0.0120256 
-0.011576 
-0.0112338 
-0.0109983 
-0.0108699 
-0.0108497 
-0.0109486 
-0.011172 
-0.0115245 
-0.0120092 
-0.0126368 
-0.0134139 
-0.0143527 
-0.0154639 
-0.0167619 
-0.0182575 
-0.0199561 
-0.0218434 
-0.0238724 
-0.0259393 
-0.0278639 
-0.0293792 
-0.0301372 
-0.0297877 
-0.0280384 
-0.0246978 
-0.019681 
-0.0129738 
-0.00463458 
0.00520227 
0.0157378 
0.0257826 
0.0347179 
0.0423769 
0.0487799 
0.053951 
0.0578376 
0.0603007 
0.0610956 
0.0599887 
0.0599887 
0.0981736 
0.0981736 
0.0876537 
0.0742525 
0.0594134 
0.0437611 
0.027982 
0.0129392 
-0.000295672 
-0.0106162 
-0.0174825 
-0.0211565 
-0.0224489 
-0.0222901 
-0.02141 
-0.0202477 
-0.0190195 
-0.0178189 
-0.0166847 
-0.015634 
-0.0146743 
-0.0138086 
-0.0130377 
-0.0123622 
-0.0117822 
-0.0112988 
-0.0109122 
-0.0106241 
-0.0104352 
-0.0103468 
-0.0103628 
-0.0104976 
-0.0107549 
-0.0111398 
-0.0116588 
-0.0123238 
-0.0131445 
-0.0141357 
-0.0153127 
-0.0166941 
-0.0182966 
-0.0201302 
-0.0221843 
-0.0244095 
-0.0266911 
-0.028826 
-0.030519 
-0.0314083 
-0.0311291 
-0.0293904 
-0.0260131 
-0.0209141 
-0.0140895 
-0.00559313 
0.00481632 
0.0162654 
0.0268588 
0.0360548 
0.0438263 
0.0502766 
0.0554652 
0.0593589 
0.0618303 
0.0626329 
0.061556 
0.061556 
0.0898968 
0.0898968 
0.0802272 
0.0676758 
0.0537062 
0.0390895 
0.024566 
0.0110146 
-0.000535571 
-0.00920066 
-0.0147906 
-0.0177626 
-0.0188946 
-0.0189346 
-0.018413 
-0.0176346 
-0.0167546 
-0.0158504 
-0.0149635 
-0.0141183 
-0.0133297 
-0.0126071 
-0.0119565 
-0.0113824 
-0.0108882 
-0.0104772 
-0.0101518 
-0.0099152 
-0.0097694 
-0.00971638 
-0.00976346 
-0.00992632 
-0.0102068 
-0.0106115 
-0.0111497 
-0.0118336 
-0.0126758 
-0.013693 
-0.0149039 
-0.0163308 
-0.0179948 
-0.0199104 
-0.0220699 
-0.0244221 
-0.0268426 
-0.029109 
-0.0309009 
-0.0318359 
-0.0315464 
-0.0297553 
-0.0263072 
-0.0211446 
-0.0142432 
-0.00555531 
0.00491322 
0.0162478 
0.0269735 
0.0362827 
0.0440864 
0.0505284 
0.0556817 
0.059527 
0.0619502 
0.0627152 
0.0616643 
0.0616643 
0.0804625 
0.0804625 
0.0717545 
0.0602658 
0.0474258 
0.0341059 
0.0211112 
0.00932409 
-0.000352762 
-0.00735888 
-0.0118228 
-0.0142835 
-0.0153893 
-0.0156781 
-0.0155048 
-0.0150758 
-0.0145081 
-0.0138713 
-0.0132103 
-0.0125554 
-0.0119272 
-0.0113401 
-0.0108041 
-0.010327 
-0.00991476 
-0.00957272 
-0.00930496 
-0.00911584 
-0.00900824 
-0.00898511 
-0.0090568 
-0.00923816 
-0.0095303 
-0.00994146 
-0.0104822 
-0.0111652 
-0.0120047 
-0.0130188 
-0.0142281 
-0.0156573 
-0.0173306 
-0.0192653 
-0.0214559 
-0.0238499 
-0.0263158 
-0.0286186 
-0.0304236 
-0.0313422 
-0.0310129 
-0.029176 
-0.0256971 
-0.0205308 
-0.0136659 
-0.00512144 
0.00490457 
0.0156734 
0.026068 
0.0352643 
0.0430129 
0.0493935 
0.0544656 
0.0582172 
0.0605477 
0.0612518 
0.0602545 
0.0602545 
0.0700879 
0.0700879 
0.0624469 
0.0522311 
0.0407988 
0.0290764 
0.0179009 
0.00808725 
0.00030629 
-0.00522598 
-0.00882654 
-0.0109781 
-0.0121437 
-0.012672 
-0.0127924 
-0.0126503 
-0.0123411 
-0.0119303 
-0.0114646 
-0.0109774 
-0.0104932 
-0.0100293 
-0.00959876 
-0.00921148 
-0.00887538 
-0.00859711 
-0.008382 
-0.00823534 
-0.00816021 
-0.00816102 
-0.00825007 
-0.00843983 
-0.00873203 
-0.00913583 
-0.00966219 
-0.010324 
-0.0111359 
-0.0121163 
-0.0132866 
-0.0146721 
-0.0162981 
-0.0181834 
-0.0203241 
-0.022668 
-0.025082 
-0.0273279 
-0.0290688 
-0.0299202 
-0.0295336 
-0.0276702 
-0.02422 
-0.0191656 
-0.0125376 
-0.00443155 
0.00486888 
0.0147596 
0.0244447 
0.0332043 
0.0407039 
0.046902 
0.0518109 
0.0554079 
0.0576022 
0.0582352 
0.0573225 
0.0573225 
0.0590927 
0.0590927 
0.0526253 
0.043892 
0.0341459 
0.0243077 
0.0151621 
0.0073545 
0.00127322 
-0.00310479 
-0.0061064 
-0.00807689 
-0.00930551 
-0.0100081 
-0.0103382 
-0.0104063 
-0.0102938 
-0.0100616 
-0.00975531 
-0.00940927 
-0.00904894 
-0.00869324 
-0.0083565 
-0.00804993 
-0.00778247 
-0.00756153 
-0.00739317 
-0.00728306 
-0.00723424 
-0.00725262 
-0.00735107 
-0.00753917 
-0.00781988 
-0.00820257 
-0.00869789 
-0.00931827 
-0.010078 
-0.0109945 
-0.0120886 
-0.0133845 
-0.0149069 
-0.0166742 
-0.0186838 
-0.0208865 
-0.0231549 
-0.0252597 
-0.0268766 
-0.027638 
-0.0272152 
-0.0253916 
-0.0220831 
-0.0173067 
-0.011139 
-0.00372497 
0.00465141 
0.0135114 
0.022253 
0.0303008 
0.0373118 
0.0431535 
0.0477788 
0.0511413 
0.0531577 
0.0537222 
0.0529304 
0.0529304 
0.0479108 
0.0479108 
0.0427238 
0.03566 
0.0278188 
0.020026 
0.0129149 
0.00691322 
0.0021943 
-0.00132947 
-0.0038942 
-0.0057052 
-0.00693313 
-0.00771615 
-0.0081642 
-0.00836469 
-0.00838683 
-0.00828493 
-0.00810119 
-0.00786801 
-0.00761004 
-0.00734598 
-0.00709024 
-0.00685422 
-0.00664711 
-0.0064764 
-0.00634848 
-0.00626868 
-0.00624006 
-0.00626952 
-0.00636921 
-0.00654631 
-0.00680462 
-0.00715316 
-0.00760169 
-0.00816161 
-0.00884591 
-0.00967035 
-0.0106537 
-0.0118174 
-0.0131838 
-0.0147699 
-0.0165738 
-0.0185524 
-0.0205916 
-0.0224837 
-0.0239323 
-0.024599 
-0.024181 
-0.0224823 
-0.0194399 
-0.0150985 
-0.00956961 
-0.0030227 
0.00428288 
0.0119768 
0.019608 
0.0267254 
0.0330166 
0.038307 
0.0425045 
0.0455399 
0.0473381 
0.0478438 
0.0472059 
0.0472059 
0.0370864 
0.0370864 
0.0332407 
0.0279312 
0.0220395 
0.0162186 
0.0109164 
0.00639528 
0.00273954 
-0.00010495 
-0.0022721 
-0.00387234 
-0.00501063 
-0.00577996 
-0.00626144 
-0.00652379 
-0.00662375 
-0.00660726 
-0.00651087 
-0.00636319 
-0.00618638 
-0.00599745 
-0.00580979 
-0.00563401 
-0.00547882 
-0.00535117 
-0.00525727 
-0.00520172 
-0.00518748 
-0.00522168 
-0.00531494 
-0.00547245 
-0.00569844 
-0.00600096 
-0.00638852 
-0.00687093 
-0.00745927 
-0.00816678 
-0.00900911 
-0.0100042 
-0.0111704 
-0.0125218 
-0.0140575 
-0.0157426 
-0.0174829 
-0.0191035 
-0.0203501 
-0.0209273 
-0.0205651 
-0.0190865 
-0.0164396 
-0.0126823 
-0.00794343 
-0.00239652 
0.00373738 
0.010175 
0.016577 
0.0225993 
0.0279784 
0.0325376 
0.0361655 
0.0387834 
0.0403293 
0.0407879 
0.0403279 
0.0403279 
0.0271555 
0.0271555 
0.0245711 
0.0208988 
0.0167705 
0.0126527 
0.00884689 
0.00552969 
0.0027674 
0.000547395 
-0.00119144 
-0.0025118 
-0.00347861 
-0.00415517 
-0.0046002 
-0.00486542 
-0.00499477 
-0.00502461 
-0.00498445 
-0.0048977 
-0.00478269 
-0.00465371 
-0.00452207 
-0.00439689 
-0.00428568 
-0.00419441 
-0.00412853 
-0.00409173 
-0.00408668 
-0.00411988 
-0.0041999 
-0.00433045 
-0.00451553 
-0.00476186 
-0.00507634 
-0.00546682 
-0.005942 
-0.00651216 
-0.0071893 
-0.00798699 
-0.008919 
-0.00999583 
-0.0112169 
-0.0125565 
-0.0139439 
-0.0152449 
-0.0162594 
-0.0167473 
-0.0164815 
-0.0153052 
-0.0131677 
-0.0101209 
-0.00628953 
-0.00183835 
0.0030459 
0.00815073 
0.0132303 
0.0180321 
0.0223499 
0.0260307 
0.0289694 
0.0310932 
0.0323581 
0.0327756 
0.0325021 
0.0325021 
0.01837 
0.01837 
0.0168081 
0.0144887 
