0 
-0.000779022 
0.000200421 
0.00136009 
0.00179475 
0.0019811 
0.00206996 
0.00209222 
0.00208195 
0.00205596 
0.00202607 
0.00199865 
0.00197669 
0.00196076 
0.00194984 
0.00194191 
0.00193434 
0.00192424 
0.00190863 
0.00188463 
0.00184957 
0.00180107 
0.00173718 
0.00165639 
0.00155773 
0.00144077 
0.00130567 
0.0011531 
0.000984258 
0.000800814 
0.000604831 
0.000398723 
0.00018511 
-3.192e-05 
-0.000248077 
-0.000461527 
-0.000671035 
-0.000874993 
-0.00107189 
-0.00126034 
-0.00143891 
-0.00160596 
-0.00175949 
-0.00189695 
-0.00201516 
-0.00211023 
-0.00217771 
-0.00221279 
-0.00221058 
-0.00216648 
-0.00207681 
-0.00194066 
-0.0017643 
-0.00156626 
-0.00137408 
-0.00120699 
-0.00106059 
-0.000915521 
-0.000759663 
-0.000596151 
-0.000435173 
-0.000286837 
-0.000160735 
-6.76637e-05 
-1.4597e-05 
0 
0.000779022 
0.000779022 
-0.000200421 
-0.00136009 
-0.00179475 
-0.0019811 
-0.00206996 
-0.00209222 
-0.00208195 
-0.00205596 
-0.00202607 
-0.00199865 
-0.00197669 
-0.00196076 
-0.00194984 
-0.00194191 
-0.00193434 
-0.00192424 
-0.00190863 
-0.00188463 
-0.00184957 
-0.00180107 
-0.00173718 
-0.00165639 
-0.00155773 
-0.00144077 
-0.00130567 
-0.0011531 
-0.000984258 
-0.000800814 
-0.000604831 
-0.000398723 
-0.00018511 
3.192e-05 
0.000248077 
0.000461527 
0.000671035 
0.000874993 
0.00107189 
0.00126034 
0.00143891 
0.00160596 
0.00175949 
0.00189695 
0.00201516 
0.00211023 
0.00217771 
0.00221279 
0.00221058 
0.00216648 
0.00207681 
0.00194066 
0.0017643 
0.00156626 
0.00137408 
0.00120699 
0.00106059 
0.000915521 
0.000759663 
0.000596151 
0.000435173 
0.000286837 
0.000160735 
6.76637e-05 
1.4597e-05 
1.4597e-05 
0.00140447 
0.00140447 
-0.00166255 
-0.00347418 
-0.00456965 
-0.00513257 
-0.00541076 
-0.00550291 
-0.00549743 
-0.00544549 
-0.00538194 
-0.00532642 
-0.00528843 
-0.00527027 
-0.00526938 
-0.00528019 
-0.00529526 
-0.00530618 
-0.00530419 
-0.00528065 
-0.00522736 
-0.00513694 
-0.00500304 
-0.00482059 
-0.004586 
-0.00429718 
-0.00395369 
-0.00355666 
-0.00310873 
-0.00261389 
-0.00207734 
-0.00150521 
-0.000904171 
-0.000281799 
0.000352887 
0.000992383 
0.00163075 
0.00226221 
0.00288119 
0.0034824 
0.0040605 
0.00460947 
0.00512207 
0.00558931 
0.00600012 
0.00634132 
0.00659805 
0.00675459 
0.00679552 
0.00670718 
0.00647995 
0.00611369 
0.00562862 
0.00507636 
0.00452911 
0.00403617 
0.00358921 
0.00314626 
0.0026838 
0.00221249 
0.00175499 
0.00133432 
0.000970376 
0.000693882 
0.000532914 
0.000532914 
-0.00108957 
-0.00108957 
-0.00375735 
-0.005806 
-0.00724285 
-0.0080559 
-0.00846269 
-0.00859856 
-0.00858851 
-0.00851328 
-0.00842701 
-0.00836026 
-0.00832715 
-0.00833027 
-0.00836449 
-0.00841987 
-0.00848357 
-0.00854126 
-0.00857804 
-0.00857918 
-0.00853078 
-0.00842022 
-0.00823663 
-0.0079713 
-0.00761792 
-0.00717279 
-0.0066349 
-0.0060059 
-0.00528999 
-0.00449372 
-0.00362568 
-0.00269614 
-0.00171643 
-0.000698163 
0.000346621 
0.00140531 
0.00246661 
0.00352055 
0.00455777 
0.00556948 
0.00654688 
0.00748013 
0.0083573 
0.00916335 
0.00987942 
0.0104828 
0.0109474 
0.0112458 
0.011351 
0.0112397 
0.0108967 
0.0103238 
0.00955577 
0.00867398 
0.00778702 
0.00696608 
0.00619939 
0.00543233 
0.00463867 
0.00383569 
0.00305392 
0.00232407 
0.0016825 
0.00118905 
0.000896468 
0.000896468 
-0.00298126 
-0.00298126 
-0.0058593 
-0.0081846 
-0.00978723 
-0.0106903 
-0.0111175 
-0.0112374 
-0.011199 
-0.0111014 
-0.0110095 
-0.0109585 
-0.0109626 
-0.0110215 
-0.0111253 
-0.0112583 
-0.0114014 
-0.0115339 
-0.0116345 
-0.0116826 
-0.0116584 
-0.0115444 
-0.0113254 
-0.0109892 
-0.010527 
-0.00993378 
-0.00920825 
-0.00835283 
-0.00737355 
-0.00627979 
-0.00508395 
-0.00380093 
-0.00244753 
-0.0010417 
0.000397832 
0.00185361 
0.00331075 
0.00475599 
0.00617752 
0.00756457 
0.00890655 
0.0101917 
0.0114052 
0.0125276 
0.0135338 
0.0143921 
0.0150653 
0.0155131 
0.0156958 
0.0155791 
0.0151416 
0.0143869 
0.0133644 
0.0121833 
0.0109815 
0.00984323 
0.00875124 
0.00764592 
0.00650646 
0.0053572 
0.0042317 
0.00316946 
0.00221552 
0.00145894 
0.000996283 
0.000996283 
-0.00545142 
-0.00545142 
-0.0083279 
-0.0106689 
-0.0122367 
-0.0130872 
-0.0134512 
-0.0135159 
-0.0134416 
-0.0133351 
-0.013264 
-0.0132615 
-0.0133377 
-0.013486 
-0.0136901 
-0.0139278 
-0.0141735 
-0.0144007 
-0.0145822 
-0.0146918 
-0.0147049 
-0.014599 
-0.014355 
-0.0139575 
-0.0133953 
-0.0126622 
-0.0117567 
-0.010682 
-0.009446 
-0.0080609 
-0.00654287 
-0.0049116 
-0.00318944 
-0.00140091 
0.000429788 
0.00228036 
0.00412999 
0.00596009 
0.00775468 
0.00950032 
0.011185 
0.012796 
0.0143182 
0.0157303 
0.0170036 
0.0180999 
0.0189727 
0.0195695 
0.0198372 
0.0197295 
0.0192175 
0.0183066 
0.0170611 
0.0156159 
0.014131 
0.012693 
0.0112768 
0.00982556 
0.00833044 
0.00682041 
0.00532456 
0.00387285 
0.00252579 
0.00141408 
0.000693698 
0.000693698 
-0.00751678 
-0.00751678 
-0.0105811 
-0.0129293 
-0.0143966 
-0.0151358 
-0.0154025 
-0.0154026 
-0.0153022 
-0.0152091 
-0.0151872 
-0.0152633 
-0.0154392 
-0.0157008 
-0.0160246 
-0.0163823 
-0.0167429 
-0.0170748 
-0.017346 
-0.0175255 
-0.0175838 
-0.0174941 
-0.0172331 
-0.0167824 
-0.0161284 
-0.0152636 
-0.0141861 
-0.0129 
-0.0114147 
-0.00974521 
-0.00791127 
-0.0059372 
-0.00385088 
-0.00168324 
0.000533744 
0.00276984 
0.00499793 
0.00719433 
0.00933947 
0.0114177 
0.013416 
0.0153218 
0.01712 
0.0187895 
0.0202999 
0.0216089 
0.0226622 
0.0233963 
0.0237452 
0.0236502 
0.0230747 
0.0220263 
0.0205853 
0.0189111 
0.0171764 
0.0154602 
0.0137292 
0.0119371 
0.0100898 
0.00820992 
0.00629424 
0.00437541 
0.00254485 
0.000939619 
-0.000192816 
-0.000192816 
-0.00962722 
-0.00962722 
-0.0127747 
-0.0150203 
-0.016311 
-0.0168971 
-0.0170507 
-0.0169895 
-0.0168778 
-0.0168186 
-0.0168671 
-0.0170398 
-0.0173292 
-0.017713 
-0.0181617 
-0.0186423 
-0.0191198 
-0.0195586 
-0.0199226 
-0.0201764 
-0.020286 
-0.02022 
-0.0199511 
-0.0194574 
-0.0187228 
-0.0177384 
-0.016502 
-0.015018 
-0.0132975 
-0.0113576 
-0.00922158 
-0.00691807 
-0.00448041 
-0.00194593 
0.000647435 
0.00326231 
0.00586299 
0.00841856 
0.0109042 
0.013301 
0.0155946 
0.0177726 
0.0198211 
0.0217204 
0.0234401 
0.0249356 
0.026147 
0.0270013 
0.0274207 
0.0273349 
0.0267006 
0.0255298 
0.0239215 
0.0220561 
0.0201089 
0.0181416 
0.0161156 
0.0140049 
0.011819 
0.00954145 
0.0071494 
0.00469343 
0.00224237 
-7.23039e-05 
-0.00183697 
-0.00183697 
-0.0114145 
-0.0114145 
-0.014668 
-0.0167945 
-0.0179042 
-0.0183455 
-0.0184008 
-0.0182968 
-0.0181922 
-0.0181829 
-0.018313 
-0.0185881 
-0.0189915 
-0.0194947 
-0.0200636 
-0.0206621 
-0.0212526 
-0.0217961 
-0.0222531 
-0.0225838 
-0.0227497 
-0.0227147 
-0.0224471 
-0.0219213 
-0.0211186 
-0.0200286 
-0.0186483 
-0.0169825 
-0.0150432 
-0.0128495 
-0.0104272 
-0.00780893 
-0.00503315 
-0.00214309 
0.000815163 
0.00379396 
0.00674897 
0.00964324 
0.0124479 
0.0151414 
0.0177082 
0.0201361 
0.022412 
0.0245174 
0.0264224 
0.0280809 
0.0294284 
0.0303839 
0.0308589 
0.0307734 
0.03008 
0.0287997 
0.0270527 
0.025036 
0.0229144 
0.0207266 
0.0184387 
0.0160439 
0.0135214 
0.0108165 
0.00790916 
0.00479801 
0.0014909 
-0.00179812 
-0.00431481 
-0.00431481 
-0.0130137 
-0.0130137 
-0.0163151 
-0.0182903 
-0.0192206 
-0.0195337 
-0.0195092 
-0.0193797 
-0.0192944 
-0.0193414 
-0.0195527 
-0.0199243 
-0.020432 
-0.0210429 
-0.0217203 
-0.0224263 
-0.0231213 
-0.0237639 
-0.0243113 
-0.0247195 
-0.0249455 
-0.0249481 
-0.0246914 
-0.0241455 
-0.0232893 
-0.0221102 
-0.020605 
-0.0187782 
-0.0166423 
-0.0142174 
-0.0115316 
-0.00862126 
-0.00552948 
-0.00230515 
0.000999002 
0.00432493 
0.00761771 
0.0108331 
0.0139378 
0.0169083 
0.0197285 
0.0223866 
0.0248706 
0.027163 
0.0292341 
0.031036 
0.0325 
0.0335378 
0.034052 
0.0339554 
0.0332015 
0.031826 
0.0299728 
0.0278473 
0.0255908 
0.0232203 
0.020718 
0.0180688 
0.0152117 
0.0120651 
0.00852941 
0.00452609 
0.000102412 
-0.00423872 
-0.00743803 
-0.00743803 
-0.01431 
-0.01431 
-0.0176403 
-0.0194712 
-0.0202536 
-0.020471 
-0.0203929 
-0.0202558 
-0.0201979 
-0.0203006 
-0.0205851 
-0.0210402 
-0.0216366 
-0.022339 
-0.0231095 
-0.0239092 
-0.0246972 
-0.0254304 
-0.0260627 
-0.0265467 
-0.0268344 
-0.0268801 
-0.0266429 
-0.026089 
-0.0251942 
-0.0239441 
-0.0223344 
-0.0203694 
-0.0180614 
-0.0154308 
-0.0125072 
-0.0093298 
-0.00594618 
-0.00240962 
0.00121807 
0.00486488 
0.00846638 
0.0119734 
0.0153504 
0.0185727 
0.0216243 
0.0244936 
0.027169 
0.0296329 
0.0318547 
0.0337841 
0.0353475 
0.0364498 
0.0369867 
0.0368676 
0.0360534 
0.0346019 
0.0326806 
0.0304905 
0.0281388 
0.0256329 
0.0229622 
0.0200854 
0.0168867 
0.0131843 
0.00878758 
0.00364142 
-0.00197019 
-0.00719153 
-0.0109462 
-0.0109462 
-0.0153462 
-0.0153462 
-0.0186693 
-0.0203677 
-0.0210368 
-0.0211894 
-0.0210809 
-0.0209491 
-0.0209209 
-0.0210725 
-0.0214166 
-0.021938 
-0.0226043 
-0.0233791 
-0.0242245 
-0.0251013 
-0.025968 
-0.0267798 
-0.0274886 
-0.0280434 
-0.028392 
-0.0284841 
-0.028274 
-0.0277237 
-0.0268057 
-0.0255035 
-0.0238116 
-0.0217338 
-0.0192816 
-0.016475 
-0.013344 
-0.00993091 
-0.00628793 
-0.0024714 
0.00144863 
0.00538472 
0.00926263 
0.0130297 
0.0166498 
0.0200988 
0.0233608 
0.0264243 
0.029277 
0.0318999 
0.0342602 
0.0363035 
0.0379508 
0.0391008 
0.0396442 
0.0394931 
0.0386244 
0.0371241 
0.0351783 
0.0329669 
0.0305636 
0.0279707 
0.0251777 
0.0220765 
0.0184361 
0.0139629 
0.00847475 
0.00210782 
-0.00452328 
-0.0104268 
-0.0146487 
-0.0146487 
-0.0161005 
-0.0161005 
-0.0193937 
-0.0209861 
-0.0215829 
-0.0217015 
-0.0215855 
-0.0214692 
-0.0214701 
-0.0216612 
-0.0220495 
-0.0226186 
-0.0233346 
-0.0241619 
-0.0250624 
-0.0259976 
-0.0269259 
-0.0278017 
-0.0285751 
-0.0291925 
-0.0295981 
-0.0297374 
-0.0295602 
-0.0290242 
-0.028098 
-0.0267627 
-0.0250109 
-0.022846 
-0.0202784 
-0.0173268 
-0.0140205 
-0.0104043 
-0.00653591 
-0.00247496 
0.00169539 
0.00587298 
0.00998159 
0.0139696 
0.0178015 
0.0214526 
0.0249061 
0.028149 
0.031167 
0.0339382 
0.0364257 
0.03857 
0.0402857 
0.0414663 
0.0420018 
0.0418141 
0.0409057 
0.039393 
0.0374692 
0.0352799 
0.0328664 
0.0302434 
0.0273478 
0.0239465 
0.0196773 
0.0142143 
0.0075339 
6.24282e-05 
-0.00735527 
-0.0137943 
-0.0184158 
-0.0184158 
-0.0165935 
-0.0165935 
-0.0198371 
-0.0213532 
-0.0219147 
-0.0220254 
-0.0219206 
-0.0218268 
-0.0218544 
-0.0220742 
-0.0224912 
-0.0230896 
-0.0238357 
-0.0246949 
-0.0256301 
-0.0266036 
-0.0275741 
-0.0284963 
-0.0293193 
-0.0299877 
-0.0304432 
-0.0306278 
-0.030487 
-0.0299744 
-0.0290542 
-0.0277044 
-0.0259155 
-0.0236899 
-0.0210372 
-0.0179747 
-0.0145293 
-0.0107468 
-0.00669158 
-0.00243261 
0.00193194 
0.00629589 
0.0105893 
0.014762 
0.0187775 
0.022609 
0.026237 
0.0296457 
0.0328173 
0.0357257 
0.0383282 
0.0405588 
0.0423259 
0.0435201 
0.0440351 
0.0438135 
0.042891 
0.0414127 
0.039557 
0.037426 
0.0350601 
0.0324451 
0.0294044 
0.0255544 
0.0204534 
0.0138753 
0.00605894 
-0.0023083 
-0.0103122 
-0.0171876 
-0.022152 
-0.022152 
-0.0168345 
-0.0168345 
-0.0200124 
-0.0214846 
-0.0220446 
-0.022171 
-0.0220947 
-0.0220294 
-0.0220817 
-0.0223205 
-0.022752 
-0.0233624 
-0.0241198 
-0.0249911 
-0.0259405 
-0.0269317 
-0.0279244 
-0.0288738 
-0.0297292 
-0.0304346 
-0.0309303 
-0.0311555 
-0.0310522 
-0.0305695 
-0.0296675 
-0.02832 
-0.0265149 
-0.0242533 
-0.0215447 
-0.0184064 
-0.0148629 
-0.010957 
-0.00675901 
-0.00235705 
0.00213829 
0.00663497 
0.0110717 
0.0153962 
0.0195687 
0.0235586 
0.027343 
0.0309019 
0.0342127 
0.0372433 
0.0399441 
0.0422421 
0.0440406 
0.0452312 
0.0457209 
0.0454818 
0.0445861 
0.0431855 
0.0414386 
0.039418 
0.0371481 
0.0345351 
0.0312471 
0.0267749 
0.020699 
0.0130035 
0.00420357 
-0.00485157 
-0.0133029 
-0.0205303 
-0.0257874 
-0.0257874 
-0.0168269 
-0.0168269 
-0.0199505 
-0.0214074 
-0.0219905 
-0.0221512 
-0.0221155 
-0.0220834 
-0.0221593 
-0.0224102 
-0.0228453 
-0.0234535 
-0.0242057 
-0.0250708 
-0.0260146 
-0.0270023 
-0.0279953 
-0.0289503 
-0.0298181 
-0.0305434 
-0.0310662 
-0.0313242 
-0.031257 
-0.0308101 
-0.0299391 
-0.0286133 
-0.026817 
-0.024548 
-0.0218139 
-0.0186357 
-0.0150408 
-0.011069 
-0.0067852 
-0.00228833 
0.00229753 
0.00688958 
0.0114337 
0.015877 
0.0201775 
0.024301 
0.0282202 
0.0319098 
0.0353412 
0.0384748 
0.0412534 
0.0435971 
0.0454073 
0.0465823 
0.0470435 
0.046809 
0.0459851 
0.0447178 
0.0431245 
0.0412622 
0.0391114 
0.036447 
0.0327793 
0.0275431 
0.0204441 
0.0117247 
0.00211877 
-0.00746578 
-0.0162619 
-0.0237626 
-0.029267 
-0.029267 
-0.016585 
-0.016585 
-0.0196732 
-0.0211387 
-0.0217637 
-0.0219746 
-0.0219903 
-0.0219968 
-0.0220964 
-0.0223546 
-0.022785 
-0.0233794 
-0.0241125 
-0.0249552 
-0.0258756 
-0.0268408 
-0.0278142 
-0.0287549 
-0.0296156 
-0.0303429 
-0.0308777 
-0.0311576 
-0.0311203 
-0.0307084 
-0.0298735 
-0.0285804 
-0.0268091 
-0.0245547 
-0.0218265 
-0.0186448 
-0.0150418 
-0.0110617 
-0.00676614 
-0.00224094 
0.00239641 
0.00705484 
0.0116776 
0.0162117 
0.0206133 
0.0248446 
0.0288737 
0.0326693 
0.0361953 
0.0394038 
0.0422293 
0.0445874 
0.0463829 
0.0475301 
0.0479876 
0.0478084 
0.0471097 
0.0460156 
0.0446181 
0.0429518 
0.0409096 
0.0381094 
0.0339408 
0.0278661 
0.019784 
0.010181 
-7.59159e-05 
-0.0100804 
-0.0191389 
-0.0268374 
-0.0325459 
-0.0325459 
-0.0161254 
-0.0161254 
-0.0191983 
-0.0206925 
-0.021375 
-0.0216499 
-0.021727 
-0.0217786 
-0.0219045 
-0.0221689 
-0.0225895 
-0.0231621 
-0.023865 
-0.0246719 
-0.0255531 
-0.0264779 
-0.0274123 
-0.0283182 
-0.0291517 
-0.0298622 
-0.030393 
-0.0306831 
-0.0306699 
-0.0302942 
-0.029504 
-0.0282598 
-0.0265369 
-0.0243266 
-0.0216357 
-0.0184854 
-0.0149097 
-0.010956 
-0.00668734 
-0.00218346 
0.00245463 
0.00713864 
0.0118041 
0.0163965 
0.0208682 
0.0251777 
0.0292873 
0.0331586 
0.0367474 
0.0399979 
0.0428389 
0.0451866 
0.0469569 
0.0480891 
0.0485774 
0.048498 
0.0479641 
0.0470792 
0.0459163 
0.0444635 
0.0424911 
0.0394676 
0.0347207 
0.0278089 
0.0188413 
0.00849614 
-0.00229261 
-0.0126424 
-0.0218897 
-0.0297124 
-0.0355829 
-0.0355829 
-0.0154658 
-0.0154658 
-0.0185419 
-0.0200812 
-0.020834 
-0.021185 
-0.021333 
-0.0214377 
-0.0215947 
-0.0218673 
-0.022277 
-0.0228234 
-0.0234889 
-0.0242502 
-0.0250799 
-0.0259497 
-0.0268283 
-0.027681 
-0.0284676 
-0.0291416 
-0.02965 
-0.0299347 
-0.0299348 
-0.0295902 
-0.0288471 
-0.0276617 
-0.0260047 
-0.0238633 
-0.0212414 
-0.0181588 
-0.0146497 
-0.0107617 
-0.00655598 
-0.00210733 
0.00249283 
0.00716185 
0.0118323 
0.016447 
0.0209539 
0.0253067 
0.0294611 
0.0333713 
0.0369857 
0.0402423 
0.0430686 
0.0453873 
0.0471324 
0.0482715 
0.048828 
0.0488867 
0.0485496 
0.0479061 
0.0470053 
0.0457604 
0.0438067 
0.0404962 
0.0351538 
0.0274702 
0.0177412 
0.00677196 
-0.00446849 
-0.0151059 
-0.0244695 
-0.0323457 
-0.0383364 
-0.0383364 
-0.0146232 
-0.0146232 
-0.017719 
-0.0193167 
-0.0201504 
-0.0205875 
-0.0208157 
-0.0209821 
-0.0211776 
-0.0214637 
-0.021865 
-0.0223849 
-0.0230102 
-0.0237202 
-0.0244903 
-0.0252943 
-0.0261039 
-0.0268877 
-0.0276098 
-0.0282285 
-0.0286958 
-0.028958 
-0.0289575 
-0.0286358 
-0.027938 
-0.0268177 
-0.025241 
-0.0231903 
-0.0206649 
-0.0176815 
-0.0142722 
-0.0104836 
-0.00637446 
-0.00201515 
0.00251169 
0.00712793 
0.011765 
0.0163632 
0.0208665 
0.0252231 
0.0293824 
0.0332919 
0.0368939 
0.040124 
0.0429129 
0.0451958 
0.0469274 
0.0481007 
0.0487576 
0.048982 
0.0488663 
0.0484883 
0.0478593 
0.0467987 
0.0448182 
0.0411973 
0.0353012 
0.0269542 
0.0165872 
0.00507508 
-0.00655919 
-0.0174214 
-0.0268271 
-0.0346899 
-0.0407603 
-0.0407603 
-0.0136153 
-0.0136153 
-0.0167449 
-0.0184115 
-0.0193338 
-0.0198649 
-0.0201815 
-0.0204189 
-0.0206619 
-0.0209696 
-0.0213688 
-0.0218665 
-0.022453 
-0.0231108 
-0.0238179 
-0.0245502 
-0.0252822 
-0.0259857 
-0.0266292 
-0.0271761 
-0.0275843 
-0.0278058 
-0.0277878 
-0.0274755 
-0.0268151 
-0.025759 
-0.0242699 
-0.0223248 
-0.019918 
-0.0170609 
-0.0137819 
-0.0101242 
-0.00614315 
-0.00190511 
0.00251411 
0.00704087 
0.0116062 
0.0161481 
0.0206068 
0.0249256 
0.0290485 
0.0329179 
0.0364731 
0.0396508 
0.0423893 
0.0446384 
0.0463728 
0.0476039 
0.0483828 
0.0487903 
0.0489119 
0.0488098 
0.0484434 
0.0475352 
0.0455008 
0.0415898 
0.0352297 
0.0263535 
0.0154661 
0.00346395 
-0.00851746 
-0.0195262 
-0.0289006 
-0.0366904 
-0.0428019 
-0.0428019 
-0.0124596 
-0.0124596 
-0.0156353 
-0.0173788 
-0.0183951 
-0.0190255 
-0.019437 
-0.0197539 
-0.0200543 
-0.020394 
-0.0208008 
-0.0212842 
-0.021838 
-0.0224476 
-0.0230934 
-0.0237535 
-0.0244045 
-0.0250217 
-0.0255773 
-0.0260401 
-0.026374 
-0.0265375 
-0.0264844 
-0.0261648 
-0.0255287 
-0.0245291 
-0.023127 
-0.0212951 
-0.0190217 
-0.0163123 
-0.0131892 
-0.00969059 
-0.00586739 
-0.00178136 
0.00249795 
0.00690037 
0.0113567 
0.0158032 
0.0201771 
0.0244179 
0.0284657 
0.0322603 
0.0357407 
0.0388481 
0.0415305 
0.0437522 
0.0455033 
0.0468074 
0.0477197 
0.0483181 
0.0486818 
0.0488488 
0.0487191 
0.0479313 
0.0458388 
0.0416938 
0.0349899 
0.0257299 
0.0144302 
0.00196839 
-0.0102971 
-0.0213433 
-0.0306168 
-0.038285 
-0.0444024 
-0.0444024 
-0.0111749 
-0.0111749 
-0.0144076 
-0.0162338 
-0.0173467 
-0.0180788 
-0.0185893 
-0.0189924 
-0.0193599 
-0.019743 
-0.0201693 
-0.0206498 
-0.0211811 
-0.0217512 
-0.0223425 
-0.0229352 
-0.0235079 
-0.0240384 
-0.0245028 
-0.0248747 
-0.0251237 
-0.0252152 
-0.0251102 
-0.0247657 
-0.0241367 
-0.0231796 
-0.0218557 
-0.0201351 
-0.0180012 
-0.0154527 
-0.0125049 
-0.00918911 
-0.0055503 
-0.00164487 
0.00246363 
0.00670847 
0.0110206 
0.0153348 
0.0195865 
0.0237128 
0.0276519 
0.0313431 
0.0347281 
0.0377538 
0.0403784 
0.0425781 
0.0443543 
0.0457376 
0.0467856 
0.0475735 
0.0481697 
0.0485814 
0.048651 
0.0479556 
0.0458188 
0.0415167 
0.0346033 
0.0251159 
0.0135333 
0.00064384 
-0.0118282 
-0.0227779 
-0.0318925 
-0.0394063 
-0.0455003 
-0.0455003 
-0.00978143 
-0.00978143 
-0.0130808 
-0.0149937 
-0.0162034 
-0.0170366 
-0.0176468 
-0.0181404 
-0.0185826 
-0.01902 
-0.0194787 
-0.01997 
-0.0204924 
-0.0210357 
-0.0215841 
-0.0221194 
-0.022622 
-0.0230718 
-0.023448 
-0.0237283 
-0.0238881 
-0.0238991 
-0.0237296 
-0.0233439 
-0.0227041 
-0.0217716 
-0.0205105 
-0.0188908 
-0.0168926 
-0.0145089 
-0.0117475 
-0.00863176 
-0.0051992 
-0.00149934 
0.00241108 
0.00646878 
0.0106051 
0.0147546 
0.0188515 
0.0228325 
0.0266357 
0.0302018 
0.0334763 
0.036413 
0.0389786 
0.0411584 
0.0429618 
0.0444237 
0.045602 
0.046567 
0.0473715 
0.0479884 
0.0482135 
0.0475867 
0.0454284 
0.0410502 
0.0340534 
0.0244858 
0.0127536 
-0.000457068 
-0.0130099 
-0.023727 
-0.0326443 
-0.0399915 
-0.04604 
-0.04604 
-0.00830098 
-0.00830098 
-0.0116762 
-0.0136785 
-0.0149833 
-0.0159139 
-0.0166209 
-0.0172053 
-0.0177268 
-0.0182273 
-0.0187304 
-0.0192469 
-0.0197758 
-0.020308 
-0.0208291 
-0.0213217 
-0.0217676 
-0.0221483 
-0.0224455 
-0.0226405 
-0.0227133 
-0.0226419 
-0.0224012 
-0.0219631 
-0.0212969 
-0.0203706 
-0.0191531 
-0.0176169 
-0.0157412 
-0.0135151 
-0.0109402 
-0.00803194 
-0.00481948 
-0.00134426 
0.00234492 
0.00618985 
0.0101234 
0.0140804 
0.0179958 
0.0218068 
0.0254529 
0.0288778 
0.0320313 
0.0348734 
0.0373778 
0.0395368 
0.0413647 
0.0428985 
0.0441944 
0.0453135 
0.0462889 
0.0470621 
0.0473963 
0.0468167 
0.0446573 
0.0402647 
0.0332853 
0.02379 
0.0120588 
-0.00125538 
-0.0136486 
-0.0240885 
-0.0327949 
-0.0399864 
-0.0459742 
-0.0459742 
-0.00675682 
-0.00675682 
-0.0102168 
-0.0123107 
-0.0137075 
-0.0147296 
-0.0155272 
-0.0161985 
-0.0167994 
-0.0173679 
-0.0179247 
-0.0184791 
-0.0190298 
-0.019568 
-0.0200797 
-0.0205479 
-0.0209549 
-0.0212832 
-0.0215164 
-0.0216384 
-0.0216335 
-0.0214847 
-0.0211733 
-0.0206779 
-0.0199753 
-0.0190405 
-0.0178483 
-0.0163755 
-0.0146031 
-0.012519 
-0.0101207 
-0.00741667 
-0.00442788 
-0.00118696 
0.00226641 
0.00588028 
0.00959043 
0.0133339 
0.0170474 
0.0206699 
0.0241437 
0.0274157 
0.0304406 
0.0331835 
0.0356238 
0.0377586 
0.0396049 
0.0411993 
0.0425927 
0.043834 
0.0449351 
0.0458121 
0.0462112 
0.0456593 
0.0435172 
0.0391728 
0.0322713 
0.0228903 
0.0112849 
-0.0015951 
-0.0135759 
-0.0237918 
-0.032305 
-0.0393623 
-0.0452868 
-0.0452868 
-0.00517315 
-0.00517315 
-0.00872657 
-0.0109145 
-0.0124003 
-0.0135065 
-0.014386 
-0.0151364 
-0.0158121 
-0.0164484 
-0.0170634 
-0.0176646 
-0.0182499 
-0.0188099 
-0.0193303 
-0.019794 
-0.0201829 
-0.0204797 
-0.0206688 
-0.020736 
-0.0206686 
-0.020454 
-0.0200791 
-0.0195289 
-0.0187868 
-0.0178346 
-0.0166534 
-0.0152252 
-0.0135345 
-0.0115706 
-0.00932912 
-0.00681446 
-0.00404095 
-0.00103321 
0.00217814 
0.00555002 
0.0090233 
0.0125387 
0.0160361 
0.0194577 
0.0227489 
0.0258606 
0.0287517 
0.0313921 
0.0337651 
0.0358707 
0.0377262 
0.0393655 
0.0408311 
0.0421573 
0.043337 
0.0442694 
0.0446973 
0.0441649 
0.042056 
0.0377453 
0.0309575 
0.0218118 
0.0106243 
-0.00157762 
-0.0129974 
-0.0228988 
-0.0312053 
-0.0381334 
-0.0439983 
-0.0439983 
-0.00357344 
-0.00357344 
-0.00722901 
-0.00951417 
-0.0110867 
-0.0122704 
-0.0132221 
-0.0140414 
-0.0147833 
-0.0154817 
-0.0161536 
-0.0168049 
-0.0174323 
-0.0180259 
-0.0185705 
-0.0190483 
-0.0194405 
-0.0197289 
-0.0198974 
-0.0199326 
-0.0198235 
-0.0195608 
-0.0191359 
-0.0185399 
-0.0177622 
-0.0167911 
-0.0156136 
-0.0142172 
-0.0125907 
-0.0107261 
-0.00861969 
-0.00627372 
-0.00369781 
-0.000910011 
0.00206693 
0.00519814 
0.00843165 
0.0117137 
0.0149889 
0.0182036 
0.0213074 
0.0242554 
0.0270105 
0.0295461 
0.0318485 
0.0339186 
0.0357722 
0.0374374 
0.0389467 
0.0403201 
0.0415352 
0.0424838 
0.0429163 
0.0423831 
0.0402708 
0.0360538 
0.0294884 
0.0207114 
0.0101348 
-0.00123413 
-0.0120005 
-0.0215001 
-0.0295662 
-0.0363578 
-0.0421612 
-0.0421612 
-0.00197959 
-0.00197959 
-0.0057449 
-0.00813135 
-0.00979079 
-0.0110474 
-0.0120631 
-0.0129407 
-0.0137377 
-0.0144888 
-0.0152106 
-0.0159086 
-0.016579 
-0.0172111 
-0.0177895 
-0.0182956 
-0.0187094 
-0.0190116 
-0.0191844 
-0.0192137 
-0.0190882 
-0.0188005 
-0.0183451 
-0.0177178 
-0.016914 
-0.0159279 
-0.0147524 
-0.01338 
-0.0118039 
-0.0100192 
-0.00802429 
-0.00582179 
-0.00341952 
-0.000831667 
0.00192446 
0.0048237 
0.00782248 
0.0108737 
0.0139278 
0.0169363 
0.0198533 
0.0226383 
0.0252577 
0.0276879 
0.0299166 
0.031944 
0.0337825 
0.0354533 
0.0369781 
0.0383642 
0.0395795 
0.0405148 
0.0409217 
0.0403535 
0.0382687 
0.0341971 
0.0279446 
0.0196678 
0.00982963 
-0.000657461 
-0.0107 
-0.0197182 
-0.0274946 
-0.0341265 
-0.0398588 
-0.0398588 
-0.000408161 
-0.000408161 
-0.00428949 
-0.006782 
-0.00853094 
-0.00985956 
-0.0109346 
-0.0118625 
-0.0127045 
-0.0134974 
-0.014259 
-0.0149951 
-0.0157024 
-0.0163705 
-0.0169842 
-0.0175247 
-0.0179717 
-0.0183045 
-0.0185037 
-0.0185529 
-0.0184392 
-0.0181542 
-0.0176936 
-0.0170558 
-0.0162412 
-0.01525 
-0.014081 
-0.0127323 
-0.0112013 
-0.00948636 
-0.00758787 
-0.00550913 
-0.00325709 
-0.000843399 
0.00171785 
0.0044065 
0.00718749 
0.0100209 
0.0128642 
0.0156747 
0.0184116 
0.0210387 
0.0235258 
0.0258515 
0.0280038 
0.0299813 
0.0317916 
0.0334484 
0.0349634 
0.036334 
0.0375222 
0.0384176 
0.0387634 
0.0381637 
0.036131 
0.0322629 
0.0264076 
0.0187325 
0.00970077 
0.000111127 
-0.00917638 
-0.0176592 
-0.0250993 
-0.0315427 
-0.0371885 
-0.0371885 
0.00112757 
0.00112757 
-0.00286919 
-0.00547296 
-0.00731636 
-0.00872027 
-0.00985518 
-0.0108306 
-0.0117117 
-0.0125378 
-0.0133291 
-0.0140929 
-0.014827 
-0.0155224 
-0.016165 
-0.0167372 
-0.0172192 
-0.0175901 
-0.0178296 
-0.0179191 
-0.017843 
-0.0175899 
-0.0171534 
-0.0165317 
-0.0157275 
-0.0147453 
-0.01359 
-0.0122656 
-0.0107743 
-0.00911816 
-0.00729986 
-0.00532451 
-0.00320011 
-0.000938236 
0.00144788 
0.00394493 
0.0065263 
0.00915859 
0.0118058 
0.0144311 
0.0169989 
0.0194767 
0.0218376 
0.0240613 
0.0261358 
0.0280569 
0.0298274 
0.0314535 
0.0329385 
0.0342723 
0.0354127 
0.036237 
0.0365157 
0.0358925 
0.033944 
0.0303313 
0.0249358 
0.0179239 
0.00972226 
0.00101812 
-0.00750308 
-0.0154176 
-0.0224842 
-0.0287101 
-0.0342511 
-0.0342511 
0.00262754 
0.00262754 
-0.00148255 
-0.00420076 
-0.00614444 
-0.00763017 
-0.00883081 
-0.00985728 
-0.0107781 
-0.011635 
-0.0124506 
-0.0132344 
-0.0139859 
-0.0146982 
-0.0153592 
-0.0159535 
-0.0164631 
-0.0168688 
-0.0171508 
-0.0172898 
-0.0172681 
-0.0170709 
-0.0166876 
-0.016113 
-0.0153476 
-0.0143974 
-0.0132714 
-0.01198 
-0.010532 
-0.00893438 
-0.00719261 
-0.00531239 
-0.00330109 
-0.00116876 
0.00107221 
0.00340792 
0.00581743 
0.00827363 
0.0107469 
0.0132062 
0.0156206 
0.0179619 
0.0202053 
0.022332 
0.0243291 
0.0261896 
0.0279116 
0.0294949 
0.0309358 
0.0322179 
0.0332885 
0.0340333 
0.0342466 
0.033617 
0.0317842 
0.0284658 
0.0235685 
0.0172458 
0.0098712 
0.00202361 
-0.00574276 
-0.0130739 
-0.0197411 
-0.0257243 
-0.0311424 
-0.0311424 
0.00410324 
0.00410324 
-0.000121137 
-0.00295127 
-0.00500022 
-0.00657574 
-0.00785175 
-0.00893872 
-0.009907 
-0.0108 
-0.0116424 
-0.0124455 
-0.0132111 
-0.0139341 
-0.014605 
-0.0152108 
-0.0157366 
-0.0161658 
-0.0164812 
-0.0166651 
-0.0166999 
-0.0165691 
-0.0162585 
-0.0157576 
-0.0150613 
-0.014171 
-0.0130949 
-0.0118464 
-0.0104408 
-0.00889223 
-0.00721197 
-0.00540911 
-0.0034928 
-0.00147417 
0.00063381 
0.00282078 
0.00507463 
0.00737261 
0.00969046 
0.0120018 
0.0142795 
0.0164979 
0.0186346 
0.020671 
0.0225933 
0.0243921 
0.026061 
0.0275944 
0.0289827 
0.0302009 
0.0311935 
0.0318603 
0.0320189 
0.0314035 
0.0297128 
0.0267137 
0.0223302 
0.0166951 
0.0101233 
0.00309164 
-0.00394654 
-0.0106947 
-0.0169479 
-0.0226684 
-0.0279469 
-0.0279469 
0.00557628 
0.00557628 
0.00123482 
-0.00170364 
-0.0038595 
-0.00553258 
-0.00689498 
-0.00805545 
-0.00908438 
-0.0100257 
-0.0109056 
-0.0117365 
-0.0125219 
-0.0132584 
-0.0139384 
-0.0145515 
-0.0150854 
-0.0155269 
-0.0158621 
-0.0160767 
-0.016156 
-0.0160851 
-0.0158493 
-0.0154348 
-0.0148308 
-0.0140313 
-0.0130375 
-0.0118593 
-0.010514 
-0.00902307 
-0.00740705 
-0.00568122 
-0.00385544 
-0.0019374 
6.32564e-05 
0.00213487 
0.00426356 
0.00643204 
0.00862105 
0.0108082 
0.0129693 
0.0150819 
0.0171247 
0.0190802 
0.0209333 
0.0226725 
0.0242879 
0.0257693 
0.0271003 
0.0282485 
0.0291678 
0.0297661 
0.0298861 
0.0293055 
0.0277766 
0.0251077 
0.0212346 
0.0162646 
0.0104555 
0.00419178 
-0.00215298 
-0.00833128 
-0.0141661 
-0.0196105 
-0.0247354 
-0.0247354 
0.0070714 
0.0070714 
0.0026139 
-0.000433809 
-0.00269413 
-0.00447149 
-0.00593098 
-0.00717904 
-0.00828441 
-0.00929065 
-0.0102243 
-0.0110987 
-0.011918 
-0.0126802 
-0.0133788 
-0.014005 
-0.0145487 
-0.0149991 
-0.0153455 
-0.0155773 
-0.0156839 
-0.0156542 
-0.0154767 
-0.0151392 
-0.014629 
-0.0139345 
-0.0130476 
-0.0119671 
-0.0107015 
-0.00927057 
-0.00770184 
-0.00602415 
-0.00425994 
-0.00242312 
-0.000523411 
0.001429 
0.00343365 
0.00547916 
0.00755036 
0.00962865 
0.0116901 
0.0137122 
0.0156747 
0.0175597 
0.0193516 
0.0210367 
0.022602 
0.0240323 
0.0253034 
0.0263899 
0.0272461 
0.0277905 
0.0278902 
0.0273633 
0.0260085 
0.023669 
0.020288 
0.0159467 
0.0108495 
0.00529999 
-0.00039215 
-0.00602169 
-0.0114419 
-0.0166028 
-0.0215632 
-0.0215632 
0.00861194 
0.00861194 
0.00404644 
0.000890243 
-0.00147887 
-0.00336585 
-0.0049324 
-0.00628166 
-0.00747963 
-0.00856856 
-0.00957475 
-0.0105115 
-0.0113837 
-0.0121895 
-0.0129234 
-0.0135774 
-0.0141424 
-0.0146093 
-0.0149694 
-0.0152147 
-0.0153381 
-0.0153326 
-0.0151915 
-0.0149072 
-0.0144709 
-0.0138722 
-0.0131 
-0.0121442 
-0.0110005 
-0.00967462 
-0.00818689 
-0.0065713 
-0.00486634 
-0.00310015 
-0.00128103 
0.000590643 
0.00250959 
0.00446615 
0.00645266 
0.00845027 
0.0104334 
0.0123837 
0.0142809 
0.0161082 
0.0178489 
0.0194881 
0.0210088 
0.0223899 
0.023612 
0.0246485 
0.0254561 
0.0259639 
0.0260622 
0.0256046 
0.0244298 
0.0224094 
0.0194919 
0.015734 
0.0112924 
0.00640141 
0.00131517 
-0.00379275 
-0.00880795 
-0.0136831 
-0.0184713 
-0.0184713 
0.0102212 
0.0102212 
0.00555806 
0.00229292 
-0.000192477 
-0.00219419 
-0.00387864 
-0.00534227 
-0.00664884 
-0.00783824 
-0.00893584 
-0.00995458 
-0.0108992 
-0.0117683 
-0.0125564 
-0.013256 
-0.0138588 
-0.0143566 
-0.0147417 
-0.0150079 
-0.0151499 
-0.0151636 
-0.0150456 
-0.0147929 
-0.014402 
-0.0138679 
-0.0131834 
-0.0123387 
-0.0113227 
-0.0101261 
-0.00874713 
-0.00719964 
-0.00551966 
-0.00376239 
-0.00197972 
-0.000193939 
0.00161392 
0.00346171 
0.00535351 
0.00727738 
0.00920061 
0.0110952 
0.0129425 
0.0147252 
0.0164262 
0.0180281 
0.01951 
0.0208549 
0.0220415 
0.0230425 
0.0238181 
0.0243078 
0.0244228 
0.0240468 
0.0230521 
0.0213339 
0.0188448 
0.0156202 
0.0117755 
0.00748771 
0.0029583 
-0.00166215 
-0.00628547 
-0.0108764 
-0.0154873 
-0.0154873 
0.0119187 
0.0119187 
0.00716663 
0.00379516 
0.00118841 
-0.00094231 
-0.00275535 
-0.00434722 
-0.00577864 
-0.00708659 
-0.00829472 
-0.00941493 
-0.0104515 
-0.0114026 
-0.012263 
-0.0130254 
-0.0136821 
-0.0142255 
-0.0146491 
-0.0149477 
-0.0151175 
-0.0151559 
-0.0150616 
-0.0148342 
-0.0144734 
-0.0139789 
-0.0133495 
-0.0125823 
-0.011672 
-0.0106115 
-0.00939273 
-0.00801005 
-0.0064667 
-0.00478497 
-0.00301483 
-0.00122406 
0.000551415 
0.00234495 
0.00420938 
0.00611112 
0.00799333 
0.0098476 
0.0116585 
0.0134096 
0.0150816 
0.0166559 
0.0181145 
0.0194378 
0.0206035 
0.0215849 
0.022346 
0.022836 
0.0229838 
0.0226984 
0.0218796 
0.0204425 
0.0183434 
0.0156002 
0.0122937 
0.00855367 
0.00453516 
0.000367225 
-0.00388368 
-0.00819559 
-0.0126268 
-0.0126268 
0.0137219 
0.0137219 
0.00888845 
0.00541118 
0.00267604 
0.0004054 
-0.00155059 
-0.00328668 
-0.00486003 
-0.00630593 
-0.00764485 
-0.00888702 
-0.0100353 
-0.0110873 
-0.0120373 
-0.0128782 
-0.0136027 
-0.0142041 
-0.0146769 
-0.0150175 
-0.0152234 
-0.0152939 
-0.0152292 
-0.0150303 
-0.0146987 
-0.0142361 
-0.0136435 
-0.0129215 
-0.0120694 
-0.0110852 
-0.00996585 
-0.00870772 
-0.00730701 
-0.00576094 
-0.00407385 
-0.0022723 
-0.000444155 
0.00129976 
0.00306349 
0.00492162 
0.0067964 
0.00863422 
0.0104263 
0.0121587 
0.0138156 
0.015379 
0.0168292 
0.0181457 
0.0193061 
0.0202843 
0.0210483 
0.0215556 
0.0217501 
0.0215612 
0.0209113 
0.0197321 
0.0179835 
0.0156702 
0.0128448 
0.00959927 
0.00604764 
0.00229232 
-0.00160521 
-0.00564422 
-0.00989573 
-0.00989573 
0.0156462 
0.0156462 
0.0107379 
0.00715377 
0.00428454 
0.00186199 
-0.000254323 
-0.00214996 
-0.00388481 
-0.00548961 
-0.00698177 
-0.00836845 
-0.00965034 
-0.0108233 
-0.0118809 
-0.0128157 
-0.0136208 
-0.0142904 
-0.0148205 
-0.0152091 
-0.0154559 
-0.0155622 
-0.01553 
-0.0153626 
-0.0150629 
-0.0146342 
-0.014079 
-0.0133991 
-0.0125957 
-0.0116691 
-0.0106194 
-0.00944836 
-0.00816124 
-0.00676997 
-0.00529382 
-0.00375057 
-0.00212974 
-0.000353761 
0.00167715 
0.00374981 
0.0056554 
0.00746778 
0.00924843 
0.0109762 
0.0126344 
0.0142024 
0.0156598 
0.0169851 
0.0181556 
0.0191468 
0.0199299 
0.0204698 
0.0207221 
0.0206331 
0.020143 
0.0191976 
0.0177609 
0.015828 
0.0134298 
0.0106274 
0.00750088 
0.00412738 
0.000558231 
-0.00322051 
-0.00729282 
-0.00729282 
0.0177055 
0.0177055 
0.0127282 
0.00903584 
0.00602615 
0.0034413 
0.00115091 
-0.000926527 
-0.00284349 
-0.00463007 
-0.00630028 
-0.00785687 
-0.00929695 
-0.0106137 
-0.0117987 
-0.0128438 
-0.0137423 
-0.0144895 
-0.0150833 
-0.0155239 
-0.0158133 
-0.0159556 
-0.0159555 
-0.0158185 
-0.01555 
-0.015155 
-0.0146377 
-0.0140014 
-0.0132483 
-0.0123798 
-0.0113967 
-0.0102998 
-0.00909114 
-0.00777447 
-0.00635697 
-0.00484829 
-0.0032607 
-0.00157729 
0.00030369 
0.00235087 
0.00435848 
0.00625602 
0.00808565 
0.0098467 
0.0115323 
0.0131261 
0.0146089 
0.0159598 
0.0171566 
0.0181763 
0.0189933 
0.0195785 
0.0198974 
0.0199091 
0.0195687 
0.0188333 
0.0176717 
0.0160729 
0.0140512 
0.0116438 
0.00890285 
0.00588125 
0.00261299 
-0.000915514 
-0.00481003 
-0.00481003 
0.0199122 
0.0199122 
0.0148715 
0.0110704 
0.00791477 
0.00515732 
0.00267593 
0.000397538 
-0.00172385 
-0.00371756 
-0.00559303 
-0.00734829 
-0.00897481 
-0.0104614 
-0.0117965 
-0.0129703 
-0.013976 
-0.0148101 
-0.0154728 
-0.0159672 
-0.0162988 
-0.0164747 
-0.0165031 
-0.0163925 
-0.0161509 
-0.0157855 
-0.0153024 
-0.014706 
-0.0139995 
-0.0131846 
-0.0122619 
-0.0112317 
-0.0100949 
-0.00885373 
-0.00751279 
-0.00607566 
-0.00454541 
-0.00290629 
-0.00114916 
0.000692196 
0.00266938 
0.00471421 
0.00671387 
0.00862092 
0.0104202 
0.0121012 
0.0136528 
0.0150602 
0.0163066 
0.0173731 
0.0182388 
0.0188807 
0.0192726 
0.0193841 
0.019182 
0.0186338 
0.0177128 
0.0164052 
0.0147132 
0.0126556 
0.0102626 
0.00756484 
0.00458051 
0.00128188 
-0.00243704 
-0.00243704 
0.022276 
0.022276 
0.0171778 
0.0132686 
0.00996347 
0.00702471 
0.004339 
0.00183994 
-0.000512249 
-0.00273912 
-0.00484981 
-0.00683603 
-0.0086816 
-0.0103686 
-0.0118805 
-0.0132043 
-0.0143325 
-0.0152629 
-0.0159988 
-0.0165472 
-0.0169179 
-0.0171226 
-0.0171736 
-0.0170831 
-0.0168623 
-0.0165212 
-0.0160677 
-0.015508 
-0.0148458 
-0.0140829 
-0.0132191 
-0.0122528 
-0.0111818 
-0.0100038 
-0.00871757 
-0.00732081 
-0.00581262 
-0.00419191 
-0.00243432 
-0.000557424 
0.00138319 
0.00336658 
0.00537439 
0.00736009 
0.00927386 
0.0110771 
0.0127422 
0.014249 
0.0155805 
0.0167215 
0.0176564 
0.0183688 
0.0188404 
0.0190506 
0.0189763 
0.0185939 
0.0178819 
0.0168259 
0.0154206 
0.0136711 
0.0115898 
0.00918899 
0.00646999 
0.00339196 
-0.000157373 
-0.000157373 
0.0248029 
0.0248029 
0.019654 
0.0156395 
0.0121839 
0.00905763 
0.00615539 
0.00341697 
0.000810645 
-0.00167914 
-0.0040571 
-0.00630993 
-0.00841195 
-0.0103354 
-0.0120558 
-0.013555 
-0.0148236 
-0.0158606 
-0.016673 
-0.0172733 
-0.0176775 
-0.017903 
-0.0179676 
-0.0178881 
-0.0176796 
-0.0173553 
-0.0169256 
-0.0163979 
-0.015777 
-0.0150642 
-0.0142584 
-0.0133557 
-0.0123513 
-0.0112393 
-0.0100148 
-0.008671 
-0.00720159 
-0.00560209 
-0.00386073 
-0.00200848 
-7.00147e-05 
0.001941 
0.00400096 
0.00606804 
0.00809432 
0.0100319 
0.0118387 
0.0134819 
0.0149374 
0.0161876 
0.0172197 
0.0180224 
0.018585 
0.0188958 
0.0189412 
0.0187062 
0.0181754 
0.0173358 
0.0161781 
0.0146981 
0.0128948 
0.0107648 
0.00829441 
0.0054304 
0.00204628 
0.00204628 
0.0274932 
0.0274932 
0.0223014 
0.0181872 
0.0145842 
0.0112687 
0.00814194 
0.00514904 
0.00226475 
-0.000518933 
-0.00319733 
-0.00575544 
-0.00815614 
-0.0103578 
-0.0123248 
-0.0140303 
-0.015461 
-0.0166166 
-0.0175086 
-0.0181568 
-0.0185854 
-0.0188202 
-0.0188858 
-0.0188051 
-0.018598 
-0.0182815 
-0.0178686 
-0.0173685 
-0.0167865 
-0.0161237 
-0.015377 
-0.0145398 
-0.0136033 
-0.0125567 
-0.0113895 
-0.0100882 
-0.00863869 
-0.00703204 
-0.00526646 
-0.0033622 
-0.0013502 
0.000732857 
0.00284924 
0.00496902 
0.00706088 
0.00908758 
0.0110071 
0.0127784 
0.0143665 
0.0157452 
0.0168968 
0.01781 
0.0184781 
0.0188958 
0.0190578 
0.0189572 
0.0185852 
0.0179322 
0.016988 
0.0157429 
0.0141863 
0.0123027 
0.0100653 
0.00740818 
0.00419532 
0.00419532 
0.0303387 
0.0303387 
0.0251134 
0.0209089 
0.0171665 
0.0136657 
0.0103117 
0.00705334 
0.00387101 
0.000764714 
-0.0022502 
-0.0051536 
-0.00789912 
-0.0104267 
-0.0126847 
-0.0146342 
-0.0162542 
-0.0175437 
-0.0185189 
-0.019209 
-0.0196497 
-0.0198777 
-0.0199276 
-0.0198298 
-0.0196103 
-0.0192902 
-0.0188859 
-0.0184085 
-0.0178639 
-0.0172524 
-0.016569 
-0.015804 
-0.0149439 
-0.0139728 
-0.0128736 
-0.011624 
-0.0101989 
-0.00859185 
-0.0067985 
-0.00484023 
-0.00274761 
-0.00056345 
0.00166965 
0.00391277 
0.00612429 
0.00826561 
0.0102993 
0.0121886 
0.0138995 
0.015403 
0.0166774 
0.017709 
0.0184909 
0.019021 
0.019299 
0.0193246 
0.0190952 
0.0186055 
0.0178469 
0.0168072 
0.0154699 
0.0138104 
0.0117917 
0.00933585 
0.00629604 
0.00629604 
0.0333203 
0.0333203 
0.0280725 
0.0237911 
0.0199234 
0.0162483 
0.0126721 
0.00914421 
0.00564945 
0.00219444 
-0.00119272 
-0.00448153 
-0.00761983 
-0.0105251 
-0.0131248 
-0.0153627 
-0.0172063 
-0.0186503 
-0.0197151 
-0.0204406 
-0.0208775 
-0.0210784 
-0.021091 
-0.020956 
-0.0207066 
-0.0203694 
-0.0199642 
-0.0195042 
-0.0189958 
-0.0184384 
-0.0178245 
-0.0171404 
-0.0163672 
-0.0154827 
-0.0144599 
-0.0132628 
-0.011862 
-0.0102401 
-0.00839392 
-0.00634086 
-0.00411624 
-0.00177035 
0.000635424 
0.00303929 
0.00539457 
0.00766302 
0.00980929 
0.0118016 
0.0136116 
0.0152145 
0.0165904 
0.0177255 
0.0186124 
0.0192492 
0.019638 
0.0197817 
0.0196823 
0.0193384 
0.0187437 
0.0178856 
0.0167448 
0.0152902 
0.0134773 
0.0112168 
0.0083504 
0.0083504 
0.0364045 
0.0364045 
0.0311465 
0.0268059 
0.0228334 
0.019003 
0.0152181 
0.0114253 
0.00761135 
0.00378889 
-3.11877e-06 
-0.00371632 
-0.00729239 
-0.0106279 
-0.0136226 
-0.0161993 
-0.0183079 
-0.0199348 
-0.0211009 
-0.0218573 
-0.0222731 
-0.022422 
-0.0223707 
-0.0221735 
-0.0218733 
-0.0215026 
-0.0210854 
-0.0206372 
-0.0201649 
-0.0196665 
-0.0191316 
-0.0185419 
-0.0178724 
-0.0170927 
-0.0161635 
-0.0150341 
-0.0136647 
-0.0120297 
-0.0101215 
-0.00795799 
-0.00557868 
-0.00304285 
-0.000424199 
0.00219826 
0.00476116 
0.00721649 
0.00952037 
0.0116391 
0.013549 
0.0152341 
0.0166838 
0.017892 
0.0188561 
0.0195772 
0.0200587 
0.0203057 
0.0203219 
0.0201081 
0.0196597 
0.0189646 
0.0180019 
0.0167362 
0.0151173 
0.0130455 
0.0103502 
0.0103502 
0.0395406 
0.0395406 
0.0342855 
0.0299069 
0.025856 
0.0218973 
0.0179273 
0.0138853 
0.0097565 
0.00555709 
0.00133497 
-0.00283784 
-0.00688918 
-0.0107017 
-0.0141416 
-0.0171081 
-0.019529 
-0.0213759 
-0.0226646 
-0.0234541 
-0.0238334 
-0.0239033 
-0.0237566 
-0.0234677 
-0.0230915 
-0.0226683 
-0.0222266 
-0.0217842 
-0.0213482 
-0.020915 
-0.0204708 
-0.0199919 
-0.0194456 
-0.0187907 
-0.0179716 
-0.0169221 
-0.0155867 
-0.0139311 
-0.0119445 
-0.0096454 
-0.00707788 
-0.00430951 
-0.00142493 
0.00147217 
0.00429142 
0.00697324 
0.00946683 
0.0117331 
0.0137493 
0.015506 
0.0170038 
0.0182493 
0.0192511 
0.0200186 
0.0205603 
0.0208835 
0.0209934 
0.0208911 
0.0205722 
0.0200238 
0.019224 
0.0181335 
0.0166978 
0.0148074 
0.0122785 
0.0122785 
0.042658 
0.042658 
0.0374188 
0.0330252 
0.0289267 
0.0248738 
0.0207516 
0.0164873 
0.0120597 
0.00748478 
0.0028198 
-0.00183415 
-0.00638667 
-0.0107083 
-0.0146309 
-0.0180308 
-0.0208108 
-0.0229225 
-0.0243677 
-0.0252052 
-0.0255411 
-0.0255071 
-0.0252315 
-0.024817 
-0.0243362 
-0.0238387 
-0.0233582 
-0.0229153 
-0.0225167 
-0.0221567 
-0.0218173 
-0.0214682 
-0.0210672 
-0.0205588 
-0.0198668 
-0.018906 
-0.0176061 
-0.0159256 
-0.013853 
-0.0114094 
-0.00864312 
-0.00562759 
-0.00245795 
0.000750362 
0.00388017 
0.0068457 
0.00958363 
0.0120411 
0.0141908 
0.0160274 
0.0175622 
0.0188174 
0.0198183 
0.0205887 
0.021148 
0.0215099 
0.0216822 
0.0216663 
0.0214566 
0.0210383 
0.0203869 
0.0194591 
0.0181962 
0.0164786 
0.0141092 
0.0141092 
0.0456651 
0.0456651 
0.0404532 
0.0360674 
0.0319539 
0.0278452 
0.0236115 
0.0191627 
0.014466 
0.00953377 
0.00443255 
-0.000708514 
-0.00577199 
-0.0106108 
-0.0150293 
-0.0188859 
-0.0220615 
-0.0244842 
-0.0261325 
-0.0270518 
-0.0273544 
-0.0272021 
-0.0267666 
-0.0261911 
-0.0255741 
-0.0249784 
-0.0244437 
-0.0239934 
-0.0236336 
-0.0233552 
-0.0231355 
-0.0229354 
-0.0226987 
-0.0223514 
-0.0217933 
-0.0209183 
-0.0196453 
-0.0179305 
-0.0157662 
-0.0131766 
-0.010212 
-0.00694775 
-0.00348464 
5.89668e-05 
0.00353399 
0.0068215 
0.00984168 
0.0125235 
0.0148315 
0.0167605 
0.0183307 
0.0195789 
0.0205491 
0.0212836 
0.0218176 
0.0221761 
0.0223733 
0.0224126 
0.0222875 
0.0219797 
0.0214611 
0.020683 
0.0195815 
0.0180266 
0.0158078 
0.0158078 
0.0484502 
0.0484502 
0.0432737 
0.0389156 
0.0348185 
0.0306934 
0.026394 
0.0218076 
0.0168855 
0.011632 
0.00612114 
0.000503386 
-0.0050563 
-0.0103845 
-0.0152751 
-0.0195772 
-0.0231598 
-0.0259295 
-0.027834 
-0.0288894 
-0.0291951 
-0.0289315 
-0.0283168 
-0.0275479 
-0.0267627 
-0.0260435 
-0.0254382 
-0.0249735 
-0.0246538 
-0.0244653 
-0.0243789 
-0.0243434 
-0.0242826 
-0.0240976 
-0.0236638 
-0.0228588 
-0.0215976 
-0.0198423 
-0.0175927 
-0.014875 
-0.0117378 
-0.00825404 
-0.00452287 
-0.000660816 
0.00316595 
0.00680331 
0.0101413 
0.0130835 
0.0155793 
0.0176206 
0.019234 
0.020471 
0.0213938 
0.0220653 
0.0225395 
0.0228569 
0.0230421 
0.0231035 
0.0230352 
0.0228156 
0.0224122 
0.0217689 
0.0208161 
0.0194118 
0.0173325 
0.0173325 
0.0508836 
0.0508836 
0.045747 
0.0414306 
0.0373761 
0.0332713 
0.0289533 
0.0242842 
0.0191953 
0.0136776 
0.00780754 
0.00175132 
-0.00426413 
-0.0100182 
-0.0153141 
-0.0200069 
-0.0239698 
-0.0270965 
-0.0293037 
-0.0305637 
-0.0309385 
-0.0306029 
-0.0298131 
-0.0288302 
-0.0278482 
-0.0269809 
-0.0262885 
-0.0258021 
-0.0255229 
-0.0254308 
-0.025487 
-0.0256228 
-0.0257349 
-0.025693 
-0.0253555 
-0.0245915 
-0.0233247 
-0.0215302 
-0.0192154 
-0.0164046 
-0.0131398 
-0.00948635 
-0.00553358 
-0.00139129 
0.00276949 
0.00675825 
0.010421 
0.0136345 
0.0163298 
0.0184938 
0.020158 
0.0213862 
0.0222576 
0.0228541 
0.023249 
0.0234998 
0.0236444 
0.0236993 
0.0236615 
0.0235074 
0.0232001 
0.0226752 
0.0218564 
0.0205883 
0.0186352 
0.0186352 
0.0528224 
0.0528224 
0.0477271 
0.0434584 
0.0394656 
0.0354116 
0.0311214 
0.0264307 
0.0212476 
0.0155392 
0.00937685 
0.00294197 
-0.00344728 
-0.00952438 
-0.0151127 
-0.0200953 
-0.0243665 
-0.0278206 
-0.0303511 
-0.0318816 
-0.0324133 
-0.0320825 
-0.0311574 
-0.0299619 
-0.0287646 
-0.0277281 
-0.0269331 
-0.0264176 
-0.0261782 
-0.0261848 
-0.0263851 
-0.0266851 
-0.0269481 
-0.0270122 
-0.0267263 
-0.0259759 
-0.0246934 
-0.0228731 
-0.020526 
-0.0176711 
-0.0143409 
-0.010589 
-0.00648827 
-0.00213745 
0.00230523 
0.00662049 
0.0105999 
0.0140847 
0.016979 
0.0192647 
0.0209795 
0.0222002 
0.0230216 
0.0235424 
0.0238529 
0.0240266 
0.024115 
0.0241443 
0.0241168 
0.0240083 
0.0237787 
0.0233546 
0.0226534 
0.0215046 
0.0196627 
0.0196627 
0.0541176 
0.0541176 
0.049065 
0.0448416 
0.0409195 
0.0369367 
0.0327127 
0.028061 
0.0228682 
0.0170709 
0.0107215 
0.00401695 
-0.0026411 
-0.00890664 
-0.0146453 
-0.0197868 
-0.0242578 
-0.0279669 
-0.0308 
-0.0326399 
-0.0334168 
-0.0331965 
-0.032218 
-0.0308455 
-0.0294326 
-0.0282136 
-0.0273032 
-0.0267518 
-0.0265493 
-0.0266509 
-0.0269849 
-0.0274249 
-0.0277974 
-0.0279183 
-0.0276399 
-0.0268733 
-0.0255841 
-0.0237691 
-0.0214372 
-0.0185968 
-0.0152706 
-0.0114999 
-0.00733775 
-0.00286694 
0.00178956 
0.00638726 
0.0106413 
0.0143541 
0.0174107 
0.0197933 
0.0215471 
0.0227603 
0.0235398 
0.0239966 
0.0242336 
0.0243369 
0.0243698 
0.0243679 
0.0243399 
0.0242629 
0.0240947 
0.0237542 
0.0231531 
0.022105 
0.0203586 
0.0203586 
0.0546153 
0.0546153 
0.0496209 
0.0454322 
0.0415812 
0.037681 
0.0335533 
0.0289985 
0.0238932 
0.0181401 
0.0117478 
0.00485747 
-0.00191889 
-0.00817793 
-0.0139119 
-0.0190702 
-0.0236129 
-0.0274688 
-0.0305338 
-0.032671 
-0.0337501 
-0.0337498 
-0.0328336 
-0.0313607 
-0.0297599 
-0.0283584 
-0.0273249 
-0.026732 
-0.026561 
-0.0267465 
-0.0271906 
-0.0277293 
-0.0281571 
-0.0282842 
-0.0279851 
-0.027202 
-0.0259174 
-0.0241316 
-0.0218477 
-0.0190723 
-0.0158187 
-0.0121115 
-0.00798857 
-0.00351565 
0.00121473 
0.00599871 
0.0104892 
0.0143992 
0.0175752 
0.020005 
0.0217621 
0.0229516 
0.0236904 
0.0240958 
0.024277 
0.0243272 
0.0243176 
0.0242912 
0.0242624 
0.02421 
0.0240912 
0.0238183 
0.0232991 
0.0223312 
0.020666 
0.020666 
0.0541586 
0.0541586 
0.0492788 
0.0451165 
0.0413237 
0.0375067 
0.0334801 
0.0290442 
0.0240663 
0.0184446 
0.0122176 
0.00559081 
-0.00102568 
-0.00722024 
-0.012857 
-0.0179308 
-0.0224347 
-0.0263254 
-0.0295219 
-0.0318952 
-0.0332753 
-0.033569 
-0.0328349 
-0.0313708 
-0.0296438 
-0.0280789 
-0.0269228 
-0.0262848 
-0.0261379 
-0.0263885 
-0.0269074 
-0.0274928 
-0.02792 
-0.0280134 
-0.0276808 
-0.0268915 
-0.0256382 
-0.0239169 
-0.0217236 
-0.0190575 
-0.015925 
-0.0123414 
-0.00833118 
-0.00394064 
0.000756759 
0.00555549 
0.0100769 
0.0140254 
0.0172384 
0.019683 
0.0214355 
0.02261 
0.0233299 
0.0237141 
0.0238728 
0.0239013 
0.0238745 
0.0238402 
0.023817 
0.0237871 
0.0237073 
0.0234868 
0.0230297 
0.0221225 
0.0205333 
0.0205333 
0.0526242 
0.0526242 
0.0479247 
0.0438025 
0.0400661 
0.0363454 
0.0324419 
0.0281669 
0.0233867 
0.0180209 
0.0121359 
0.00594426 
-0.00024056 
-0.00612483 
-0.0115318 
-0.0164195 
-0.0207805 
-0.0245902 
-0.0277896 
-0.0302735 
-0.0318937 
-0.0325019 
-0.0320508 
-0.0307273 
-0.0289709 
-0.0272891 
-0.0260232 
-0.0253409 
-0.0252096 
-0.0255008 
-0.0260519 
-0.0266307 
-0.0270114 
-0.0270485 
-0.026684 
-0.0259043 
-0.0247025 
-0.0230685 
-0.0209931 
-0.0184718 
-0.0155064 
-0.0121043 
-0.00828044 
-0.00406764 
0.00045807 
0.0050675 
0.0094043 
0.0132166 
0.0163536 
0.0187625 
0.0204982 
0.0216659 
0.0223869 
0.0227781 
0.0229468 
0.0229863 
0.0229709 
0.0229498 
0.0229432 
0.0229363 
0.0228852 
0.0227009 
0.0222821 
0.0214175 
0.0199202 
0.0199202 
0.0499003 
0.0499003 
0.0454672 
0.0414331 
0.0377742 
0.0341808 
0.0304452 
0.0263975 
0.0219169 
0.0169536 
0.0115814 
0.00598794 
0.000399355 
-0.00499259 
-0.0100196 
-0.0146072 
-0.01873 
-0.0223649 
-0.0254665 
-0.0279503 
-0.0296874 
-0.0305283 
-0.0303683 
-0.0292825 
-0.0276231 
-0.0259022 
-0.0245596 
-0.0238402 
-0.0237168 
-0.024022 
-0.0245617 
-0.0250883 
-0.0253928 
-0.0253675 
-0.0249817 
-0.024229 
-0.0230981 
-0.0215734 
-0.0196417 
-0.0172958 
-0.0145353 
-0.0113664 
-0.00780712 
-0.00390083 
0.000255465 
0.00445812 
0.00843482 
0.0119709 
0.0149233 
0.0172311 
0.0189237 
0.0200853 
0.0208234 
0.0212461 
0.0214538 
0.021534 
0.0215565 
0.0215681 
0.0215886 
0.0216046 
0.0215727 
0.0214087 
0.0210067 
0.0201748 
0.0187878 
0.0187878 
0.0458898 
0.0458898 
0.0418272 
0.0379728 
0.0344518 
0.0310433 
0.027549 
0.0238189 
0.0197524 
0.0153187 
0.0105809 
0.005679 
0.000780327 
-0.00397467 
-0.00845926 
-0.0126004 
-0.0163604 
-0.0197089 
-0.0226035 
-0.0249749 
-0.0267178 
-0.0276959 
-0.0277816 
-0.0269662 
-0.0254956 
-0.023844 
-0.0224778 
-0.0217388 
-0.0216178 
-0.0219118 
-0.0224024 
-0.0228449 
-0.023061 
-0.0229799 
-0.0225888 
-0.0218819 
-0.0208432 
-0.0194539 
-0.0176993 
-0.0155723 
-0.0130742 
-0.0102169 
-0.00702758 
-0.00355998 
8.94157e-05 
0.0037624 
0.00725798 
0.0104007 
0.0130655 
0.0151924 
0.0167914 
0.0179227 
0.0186723 
0.019133 
0.0193927 
0.0195292 
0.0196042 
0.0196592 
0.0197105 
0.0197458 
0.0197225 
0.0195637 
0.0191642 
0.0183674 
0.0171155 
0.0171155 
0.0405281 
0.0405281 
0.0369557 
0.0334198 
0.0301491 
0.02702 
0.0238665 
0.0205612 
0.017022 
0.0132262 
0.00921859 
0.00509628 
0.000977469 
-0.0030476 
-0.00688615 
-0.0104696 
-0.0137543 
-0.0167059 
-0.0192846 
-0.0214327 
-0.0230655 
-0.0240694 
-0.0243206 
-0.0237623 
-0.0225394 
-0.0210476 
-0.0197453 
-0.0190148 
-0.0188946 
-0.019157 
-0.0195707 
-0.0199131 
-0.0200436 
-0.0199224 
-0.0195465 
-0.0189085 
-0.0179903 
-0.0167724 
-0.015241 
-0.0133909 
-0.0112266 
-0.00876482 
-0.00603813 
-0.00310131 
-3.89024e-05 
0.00303094 
0.00596474 
0.0086276 
0.0109192 
0.0127868 
0.0142287 
0.0152839 
0.0160159 
0.0164976 
0.0168007 
0.0169891 
0.0171138 
0.0172082 
0.0172844 
0.0173297 
0.0173042 
0.0171402 
0.0167423 
0.0159983 
0.0149102 
0.0149102 
0.0337512 
0.0337512 
0.0307935 
0.0277492 
0.0248885 
0.0221699 
0.0194758 
0.0167053 
0.0137929 
0.0107177 
0.00750499 
0.00421512 
0.000924533 
-0.00229834 
-0.00538886 
-0.00829653 
-0.0109849 
-0.0134223 
-0.0155725 
-0.0173875 
-0.0188008 
-0.0197229 
-0.0200484 
-0.0197025 
-0.0187531 
-0.0174996 
-0.0163489 
-0.0156731 
-0.0155588 
-0.0157744 
-0.0160956 
-0.0163365 
-0.0163957 
-0.0162561 
-0.0159197 
-0.0153783 
-0.0146143 
-0.0136105 
-0.0123554 
-0.010846 
-0.00908862 
-0.00710064 
-0.0049128 
-0.0025722 
-0.000145186 
0.00228321 
0.00461069 
0.00673916 
0.00859459 
0.0101353 
0.0113546 
0.0122761 
0.0129429 
0.0134074 
0.0137234 
0.0139389 
0.0140923 
0.0142082 
0.0142938 
0.0143364 
0.0143012 
0.0141322 
0.0137528 
0.0130952 
0.0122017 
0.0122017 
0.0256164 
0.0256164 
0.0233948 
0.0210318 
