0 
-0.000491267 
0.000479067 
0.00171263 
0.00226001 
0.00253161 
0.00266371 
0.00271042 
0.00270943 
0.00268286 
0.00264424 
0.0026009 
0.00255587 
0.00250934 
0.00245969 
0.00240423 
0.00233983 
0.00226329 
0.00217166 
0.00206243 
0.00193372 
0.0017843 
0.00161376 
0.00142239 
0.00121127 
0.000982158 
0.000737477 
0.000480303 
0.000214377 
-5.38899e-05 
-0.000318462 
-0.000577552 
-0.000829886 
-0.00107312 
-0.00130484 
-0.00152252 
-0.00172328 
-0.00190388 
-0.00206067 
-0.00218956 
-0.00228617 
-0.00234609 
-0.00236522 
-0.00234029 
-0.00226932 
-0.00215275 
-0.00199553 
-0.00181064 
-0.00162135 
-0.00145601 
-0.00133242 
-0.00124298 
-0.00115883 
-0.00105301 
-0.000918655 
-0.000765846 
-0.000607351 
-0.00045078 
-0.000299327 
-0.000155917 
-2.34369e-05 
9.33672e-05 
0.000190236 
0.00025985 
0.000297863 
0 
0.000491267 
0.000491267 
-0.000479067 
-0.00171263 
-0.00226001 
-0.00253161 
-0.00266371 
-0.00271042 
-0.00270943 
-0.00268286 
-0.00264424 
-0.0026009 
-0.00255587 
-0.00250934 
-0.00245969 
-0.00240423 
-0.00233983 
-0.00226329 
-0.00217166 
-0.00206243 
-0.00193372 
-0.0017843 
-0.00161376 
-0.00142239 
-0.00121127 
-0.000982158 
-0.000737477 
-0.000480303 
-0.000214377 
5.38899e-05 
0.000318462 
0.000577552 
0.000829886 
0.00107312 
0.00130484 
0.00152252 
0.00172328 
0.00190388 
0.00206067 
0.00218956 
0.00228617 
0.00234609 
0.00236522 
0.00234029 
0.00226932 
0.00215275 
0.00199553 
0.00181064 
0.00162135 
0.00145601 
0.00133242 
0.00124298 
0.00115883 
0.00105301 
0.000918655 
0.000765846 
0.000607351 
0.00045078 
0.000299327 
0.000155917 
2.34369e-05 
-9.33672e-05 
-0.000190236 
-0.00025985 
-0.000297863 
-0.000297863 
0.000666658 
0.000666658 
-0.00269873 
-0.00476797 
-0.0060289 
-0.00672933 
-0.00709073 
-0.00723473 
-0.00725279 
-0.00720404 
-0.00712598 
-0.00703937 
-0.00695292 
-0.00686707 
-0.00677691 
-0.00667438 
-0.00654991 
-0.00639361 
-0.00619614 
-0.00594934 
-0.00564669 
-0.00528358 
-0.00485753 
-0.00436824 
-0.00381752 
-0.00320926 
-0.00254914 
-0.00184447 
-0.00110387 
-0.000337948 
0.000440329 
0.00122094 
0.00199599 
0.00275677 
0.00349393 
0.00419794 
0.00485856 
0.00546426 
0.00600215 
0.00645797 
0.00681674 
0.00706368 
0.0071855 
0.00717205 
0.00701825 
0.00672698 
0.00631457 
0.00581852 
0.00530151 
0.00483675 
0.00446888 
0.00417892 
0.00389728 
0.00356169 
0.00315928 
0.00271589 
0.00226168 
0.00181403 
0.00138024 
0.000964994 
0.000576649 
0.00022711 
-6.61844e-05 
-0.000278229 
-0.000394459 
-0.000394459 
-0.00279322 
-0.00279322 
-0.00567466 
-0.00801637 
-0.00967302 
-0.0106628 
-0.0111817 
-0.0113871 
-0.0114102 
-0.0113413 
-0.0112376 
-0.0111302 
-0.0110309 
-0.010938 
-0.010842 
-0.0107279 
-0.010579 
-0.0103779 
-0.0101084 
-0.00975636 
-0.00931031 
-0.00876217 
-0.00810738 
-0.00734506 
-0.00647797 
-0.00551229 
-0.00445737 
-0.00332513 
-0.00212935 
-0.000884411 
0.000393172 
0.00168501 
0.00297491 
0.00424789 
0.00548851 
0.00668099 
0.00780838 
0.00885156 
0.00978859 
0.0105949 
0.0112442 
0.0117102 
0.0119694 
0.0120037 
0.0118047 
0.0113779 
0.0107509 
0.00998344 
0.00917094 
0.00842125 
0.00779772 
0.00727169 
0.00674654 
0.00614187 
0.00544748 
0.00470185 
0.00394458 
0.00319635 
0.00246597 
0.00176167 
0.00109491 
0.000490158 
-2.17125e-05 
-0.000397808 
-0.000606903 
-0.000606903 
-0.00557359 
-0.00557359 
-0.00873351 
-0.0113551 
-0.0131913 
-0.0142692 
-0.014806 
-0.0149917 
-0.0149844 
-0.0148924 
-0.0147823 
-0.0146871 
-0.0146153 
-0.0145594 
-0.0145017 
-0.0144188 
-0.0142852 
-0.0140758 
-0.013767 
-0.0133388 
-0.0127749 
-0.012064 
-0.0112 
-0.0101818 
-0.00901346 
-0.00770423 
-0.00626774 
-0.00472163 
-0.0030865 
-0.00138447 
0.000360182 
0.00212306 
0.00388313 
0.00562133 
0.00731906 
0.00895723 
0.0105149 
0.0119676 
0.0132862 
0.0144369 
0.015382 
0.0160829 
0.016504 
0.0166177 
0.0164102 
0.0158884 
0.0150899 
0.0140941 
0.0130243 
0.0120147 
0.0111391 
0.0103582 
0.0095594 
0.00866012 
0.00766165 
0.00661298 
0.00555559 
0.00450854 
0.00347889 
0.00247459 
0.00151931 
0.000639393 
-0.000122908 
-0.000691336 
-0.00101374 
-0.00101374 
-0.00893965 
-0.00893965 
-0.0121137 
-0.0147535 
-0.0165413 
-0.0175446 
-0.0180002 
-0.0181189 
-0.0180726 
-0.0179752 
-0.0178926 
-0.0178519 
-0.017853 
-0.0178784 
-0.0179004 
-0.0178862 
-0.0178015 
-0.0176134 
-0.0172916 
-0.0168103 
-0.0161494 
-0.0152945 
-0.0142381 
-0.0129792 
-0.0115237 
-0.00988361 
-0.00807722 
-0.0061282 
-0.00406456 
-0.00191731 
0.000281567 
0.00250152 
0.00471453 
0.00689562 
0.0090221 
0.0110725 
0.0130242 
0.0148509 
0.0165204 
0.017993 
0.0192224 
0.020159 
0.0207553 
0.0209728 
0.0207906 
0.0202149 
0.0192909 
0.0181156 
0.0168351 
0.0156016 
0.01449 
0.0134486 
0.012359 
0.0111519 
0.00984662 
0.00849878 
0.00714638 
0.0058004 
0.00446625 
0.00315022 
0.00186288 
0.000655609 
-0.000407183 
-0.00122712 
-0.00171275 
-0.00171275 
-0.0118629 
-0.0118629 
-0.015236 
-0.0178617 
-0.0195159 
-0.0203692 
-0.0206986 
-0.0207364 
-0.0206614 
-0.020585 
-0.0205647 
-0.0206156 
-0.0207251 
-0.0208638 
-0.0209934 
-0.0210722 
-0.0210578 
-0.0209103 
-0.0205933 
-0.0200761 
-0.0193344 
-0.0183512 
-0.0171178 
-0.0156333 
-0.0139046 
-0.0119467 
-0.00978231 
-0.00744107 
-0.00495865 
-0.00237529 
0.000266186 
0.00292472 
0.00556469 
0.00815563 
0.0106719 
0.0130911 
0.0153909 
0.0175456 
0.0195226 
0.0212796 
0.0227649 
0.0239201 
0.0246868 
0.0250155 
0.0248772 
0.0242758 
0.0232633 
0.0219516 
0.0205055 
0.0190859 
0.0177589 
0.0164594 
0.0150754 
0.0135632 
0.0119629 
0.0103317 
0.00869538 
0.00705703 
0.00540561 
0.00373607 
0.00207573 
0.000488119 
-0.000944913 
-0.00210097 
-0.00282813 
-0.00282813 
-0.0147123 
-0.0147123 
-0.0181874 
-0.0206868 
-0.0221216 
-0.0227785 
-0.0229645 
-0.0229266 
-0.0228418 
-0.0228119 
-0.0228801 
-0.0230461 
-0.0232832 
-0.0235504 
-0.0238005 
-0.0239837 
-0.0240514 
-0.0239572 
-0.0236593 
-0.0231219 
-0.0223167 
-0.0212243 
-0.0198341 
-0.0181451 
-0.0161651 
-0.0139113 
-0.0114099 
-0.00869639 
-0.00581385 
-0.00281188 
0.000256986 
0.00334147 
0.00639469 
0.00937782 
0.0122605 
0.0150187 
0.0176312 
0.0200747 
0.0223184 
0.0243208 
0.0260276 
0.0273746 
0.0282948 
0.0287291 
0.028641 
0.0280322 
0.0269608 
0.0255529 
0.0239862 
0.0224199 
0.0209014 
0.0193548 
0.0176877 
0.0158918 
0.0140251 
0.0121376 
0.0102396 
0.00831191 
0.00631788 
0.00426412 
0.00219203 
0.000156173 
-0.00176532 
-0.00340511 
-0.0045067 
-0.0045067 
-0.0171568 
-0.0171568 
-0.0207411 
-0.0230856 
-0.0242901 
-0.0247576 
-0.0248153 
-0.0247213 
-0.0246463 
-0.0246798 
-0.0248484 
-0.0251359 
-0.0255028 
-0.0258989 
-0.0262697 
-0.0265597 
-0.0267144 
-0.0266818 
-0.0264145 
-0.0258716 
-0.0250208 
-0.0238396 
-0.0223157 
-0.0204471 
-0.018242 
-0.0157186 
-0.0129057 
-0.00984355 
-0.00658228 
-0.00318024 
0.000298446 
0.00378744 
0.00722756 
0.0105725 
0.0137887 
0.0168514 
0.019741 
0.0224365 
0.0249099 
0.0271211 
0.0290151 
0.0305241 
0.0315746 
0.0321002 
0.0320587 
0.0314515 
0.0303443 
0.0288761 
0.0272307 
0.0255533 
0.0238659 
0.0220896 
0.0201661 
0.0181257 
0.0160357 
0.0139308 
0.0117927 
0.00956231 
0.00721526 
0.0047623 
0.00222419 
-0.000369651 
-0.00294746 
-0.00527499 
-0.00692727 
-0.00692727 
-0.0192754 
-0.0192754 
-0.0229151 
-0.0250751 
-0.0260551 
-0.0263547 
-0.0263052 
-0.0261737 
-0.0261201 
-0.0262212 
-0.026487 
-0.0268878 
-0.027374 
-0.0278887 
-0.0283724 
-0.028765 
-0.029007 
-0.0290411 
-0.0288143 
-0.0282806 
-0.027403 
-0.026156 
-0.0245251 
-0.0225074 
-0.0201101 
-0.0173515 
-0.0142619 
-0.0108853 
-0.0072783 
-0.00350716 
0.000353505 
0.00422145 
0.008022 
0.0117004 
0.0152198 
0.018556 
0.0216912 
0.0246075 
0.0272794 
0.0296684 
0.0317191 
0.0333612 
0.034517 
0.0351153 
0.0351115 
0.0345101 
0.033387 
0.0318923 
0.0302068 
0.0284491 
0.0266144 
0.0246356 
0.0225006 
0.0202733 
0.018018 
0.0157394 
0.0133732 
0.0108598 
0.00817462 
0.0052959 
0.00220926 
-0.00111986 
-0.00459701 
-0.00783191 
-0.0101854 
-0.0101854 
-0.020982 
-0.020982 
-0.0246505 
-0.026633 
-0.0274246 
-0.0275926 
-0.0274628 
-0.0273096 
-0.0272807 
-0.0274429 
-0.0277918 
-0.0282877 
-0.0288743 
-0.0294904 
-0.0300731 
-0.0305589 
-0.0308842 
-0.0309865 
-0.0308076 
-0.0302958 
-0.0294096 
-0.0281197 
-0.0264097 
-0.024275 
-0.0217217 
-0.0187666 
-0.01544 
-0.0117885 
-0.00787459 
-0.00377033 
0.000437796 
0.00464598 
0.00876465 
0.0127343 
0.0165179 
0.0200929 
0.0234433 
0.0265531 
0.0293977 
0.0319388 
0.0341202 
0.0358695 
0.0371064 
0.037758 
0.0377815 
0.0371894 
0.0360705 
0.034582 
0.0328894 
0.0310751 
0.0291161 
0.0269756 
0.0246925 
0.022351 
0.0199953 
0.0175812 
0.0150269 
0.0122669 
0.00924133 
0.00586875 
0.00206162 
-0.00226511 
-0.00686408 
-0.0111088 
-0.0141915 
-0.0141915 
-0.0223019 
-0.0223019 
-0.0259647 
-0.0277887 
-0.028435 
-0.028507 
-0.0283207 
-0.0281549 
-0.0281462 
-0.0283546 
-0.0287651 
-0.029332 
-0.029995 
-0.0306905 
-0.0313538 
-0.031919 
-0.032319 
-0.0324872 
-0.03236 
-0.0318805 
-0.0310023 
-0.0296921 
-0.0279308 
-0.0257125 
-0.0230416 
-0.0199326 
-0.0164141 
-0.0125348 
-0.0083633 
-0.00397587 
0.000529545 
0.00502611 
0.0094115 
0.0136258 
0.0176341 
0.0214156 
0.024955 
0.0282356 
0.031232 
0.0339041 
0.0361938 
0.0380269 
0.0393222 
0.040009 
0.0400515 
0.0394753 
0.0383831 
0.0369314 
0.0352569 
0.0334044 
0.0313508 
0.029107 
0.0267563 
0.0243836 
0.0219911 
0.0194984 
0.0168103 
0.0138268 
0.010408 
0.00637292 
0.00157031 
-0.00399025 
-0.00976016 
-0.0149477 
-0.0186867 
-0.0186867 
-0.0232317 
-0.0232317 
-0.0268642 
-0.0285631 
-0.0291122 
-0.0291223 
-0.028901 
-0.0287273 
-0.0287297 
-0.028965 
-0.029412 
-0.0300231 
-0.0307355 
-0.0314855 
-0.0322073 
-0.0328338 
-0.0332955 
-0.0335225 
-0.0334468 
-0.0330066 
-0.0321504 
-0.0308405 
-0.0290545 
-0.0267849 
-0.0240345 
-0.0208158 
-0.0171539 
-0.0130972 
-0.008721 
-0.00410748 
0.00062691 
0.00533638 
0.00992228 
0.0143299 
0.0185251 
0.0224847 
0.0261906 
0.0296229 
0.0327527 
0.0355365 
0.0379136 
0.0398084 
0.0411415 
0.0418486 
0.0419066 
0.0413588 
0.0403185 
0.0389291 
0.037289 
0.0354159 
0.0333111 
0.031041 
0.0287162 
0.0263967 
0.0240358 
0.0215277 
0.0187437 
0.0154976 
0.0115236 
0.0065619 
0.00051823 
-0.00631548 
-0.0131171 
-0.0191083 
-0.0234158 
-0.0234158 
-0.0237944 
-0.0237944 
-0.0273795 
-0.0289907 
-0.0294872 
-0.0294645 
-0.0292255 
-0.0290444 
-0.0290464 
-0.0292876 
-0.0297458 
-0.0303735 
-0.0311081 
-0.0318862 
-0.0326424 
-0.0333092 
-0.0338161 
-0.0340909 
-0.0340626 
-0.0336649 
-0.0328414 
-0.0315492 
-0.0297622 
-0.0274707 
-0.0246766 
-0.0213922 
-0.0176397 
-0.0134636 
-0.00894529 
-0.00418232 
0.000691045 
0.00553517 
0.0102646 
0.0148236 
0.0191732 
0.0232848 
0.0271349 
0.0306984 
0.0339411 
0.0368154 
0.0392574 
0.0411918 
0.042544 
0.0432613 
0.0433389 
0.0428378 
0.0418737 
0.0405629 
0.0389662 
0.0370973 
0.0350046 
0.0328026 
0.0306017 
0.0284128 
0.0261498 
0.0236739 
0.0207746 
0.017129 
0.0123601 
0.00624044 
-0.00111001 
-0.00906078 
-0.0167129 
-0.0233807 
-0.0281873 
-0.0281873 
-0.0240134 
-0.0240134 
-0.0275354 
-0.0290989 
-0.0295829 
-0.0295541 
-0.0293139 
-0.0291263 
-0.0291174 
-0.0293448 
-0.0297898 
-0.0304073 
-0.0311364 
-0.0319151 
-0.0326792 
-0.0333622 
-0.0338941 
-0.0342022 
-0.0342136 
-0.0338591 
-0.033078 
-0.0318224 
-0.0300614 
-0.0277801 
-0.0249775 
-0.021671 
-0.0178859 
-0.0136628 
-0.0090781 
-0.00424061 
0.000702284 
0.00562337 
0.0104468 
0.0151143 
0.0195816 
0.0238136 
0.0277803 
0.0314491 
0.0347798 
0.0377193 
0.0402017 
0.0421541 
0.043511 
0.0442365 
0.0443461 
0.0439135 
0.0430434 
0.0418177 
0.0402747 
0.0384536 
0.0364569 
0.0344258 
0.032433 
0.0304414 
0.0283284 
0.0258872 
0.022774 
0.0185264 
0.0127478 
0.0053812 
-0.00315907 
-0.0120253 
-0.0203785 
-0.0276139 
-0.032862 
-0.032862 
-0.0238989 
-0.0238989 
-0.0273761 
-0.028927 
-0.029428 
-0.0294147 
-0.0291842 
-0.0289899 
-0.028961 
-0.0291583 
-0.0295695 
-0.0301533 
-0.0308521 
-0.031606 
-0.0323527 
-0.0330277 
-0.0335627 
-0.0338858 
-0.033924 
-0.0336063 
-0.0328686 
-0.0316585 
-0.0299398 
-0.027694 
-0.0249211 
-0.0216375 
-0.0178751 
-0.0136814 
-0.00912585 
-0.00430366 
0.000651652 
0.00560994 
0.0104882 
0.0152269 
0.0197765 
0.0240944 
0.0281433 
0.0318844 
0.0352707 
0.0382448 
0.0407404 
0.0426905 
0.0440433 
0.0447823 
0.0449411 
0.0445949 
0.0438249 
0.0426819 
0.0412136 
0.0395082 
0.0377073 
0.035934 
0.0342152 
0.0324729 
0.030531 
0.0280698 
0.0245927 
0.0195554 
0.0126589 
0.00409975 
-0.00544643 
-0.0150599 
-0.0239929 
-0.0316976 
-0.037334 
-0.037334 
-0.0234774 
-0.0234774 
-0.0269335 
-0.0285018 
-0.029044 
-0.0290658 
-0.0288566 
-0.0286584 
-0.0286039 
-0.0287588 
-0.0291191 
-0.0296491 
-0.0302953 
-0.0310006 
-0.0317057 
-0.0323491 
-0.0328657 
-0.0331862 
-0.0332391 
-0.0329537 
-0.0322639 
-0.0311139 
-0.0294626 
-0.0272865 
-0.0245817 
-0.0213641 
-0.0176677 
-0.0135448 
-0.00906583 
-0.00432136 
0.000576649 
0.0055122 
0.0103935 
0.0151565 
0.0197443 
0.0241085 
0.0282025 
0.0319791 
0.0353855 
0.0383624 
0.0408469 
0.0427821 
0.0441329 
0.0449005 
0.0451261 
0.0448732 
0.0441993 
0.0431518 
0.0418106 
0.0403063 
0.038785 
0.0373338 
0.0359371 
0.0344736 
0.0326848 
0.0301092 
0.026121 
0.0201813 
0.0121739 
0.00255465 
-0.00782449 
-0.0180608 
-0.0274686 
-0.0355488 
-0.0415207 
-0.0415207 
-0.0227746 
-0.0227746 
-0.0262343 
-0.027846 
-0.0284511 
-0.0285269 
-0.0283518 
-0.0281559 
-0.0280748 
-0.02818 
-0.0284774 
-0.0289378 
-0.0295131 
-0.0301495 
-0.0307912 
-0.0313804 
-0.0318561 
-0.0321534 
-0.0322042 
-0.0319398 
-0.0312945 
-0.0302106 
-0.0286431 
-0.0265641 
-0.0239655 
-0.0208597 
-0.0172791 
-0.0132756 
-0.00891706 
-0.00428915 
0.000507916 
0.0053686 
0.0102021 
0.0149394 
0.0195173 
0.0238798 
0.0279733 
0.0317434 
0.0351332 
0.0380839 
0.0405394 
0.0424553 
0.0438115 
0.0446193 
0.044917 
0.0447533 
0.044178 
0.0432584 
0.042111 
0.0408843 
0.0397037 
0.0386164 
0.0375694 
0.036387 
0.0347027 
0.0319128 
0.0273161 
0.0204554 
0.0114274 
0.000894923 
-0.0101873 
-0.0209534 
-0.0307376 
-0.0391013 
-0.045355 
-0.045355 
-0.0218169 
-0.0218169 
-0.0253025 
-0.0269797 
-0.027667 
-0.0278156 
-0.0276896 
-0.0275065 
-0.0274031 
-0.0274573 
-0.0276851 
-0.0280657 
-0.0285568 
-0.0291088 
-0.0296696 
-0.0301855 
-0.0306003 
-0.0308545 
-0.0308851 
-0.0306277 
-0.030019 
-0.0290016 
-0.0275282 
-0.0255667 
-0.0231035 
-0.0201459 
-0.0167219 
-0.0128794 
-0.00868289 
-0.00421275 
0.000440585 
0.00518007 
0.0099169 
0.0145787 
0.0190973 
0.0234105 
0.0274586 
0.0311827 
0.0345239 
0.0374266 
0.0398427 
0.0417391 
0.0431053 
0.0439549 
0.0443201 
0.0442443 
0.043788 
0.0430473 
0.0421598 
0.0412665 
0.0404616 
0.0397577 
0.0390661 
0.038143 
0.0365036 
0.033427 
0.0281951 
0.0204751 
0.0105584 
-0.000755625 
-0.0124563 
-0.0236775 
-0.033741 
-0.0422973 
-0.048778 
-0.048778 
-0.0206282 
-0.0206282 
-0.0241593 
-0.0259207 
-0.0267079 
-0.0269475 
-0.0268876 
-0.026732 
-0.0266165 
-0.0266244 
-0.0267822 
-0.0270786 
-0.0274782 
-0.0279361 
-0.028404 
-0.0288324 
-0.02917 
-0.0293632 
-0.0293553 
-0.0290877 
-0.0285018 
-0.0275427 
-0.0261632 
-0.0243284 
-0.02202 
-0.0192388 
-0.0160058 
-0.0123622 
-0.00836632 
-0.00409197 
0.000378063 
0.00495353 
0.00954814 
0.014087 
0.0184986 
0.0227165 
0.026677 
0.030319 
0.0335843 
0.0364215 
0.0387898 
0.0406638 
0.0420375 
0.0429244 
0.0433555 
0.0433814 
0.043082 
0.0425736 
0.0419943 
0.041463 
0.0410434 
0.040721 
0.0403693 
0.0396689 
0.0380244 
0.0346354 
0.0288105 
0.020346 
0.00967932 
-0.00230972 
-0.01457 
-0.0261746 
-0.0364198 
-0.0450806 
-0.0517334 
-0.0517334 
-0.019231 
-0.019231 
-0.0228244 
-0.0246855 
-0.0255878 
-0.0259359 
-0.0259604 
-0.0258506 
-0.0257384 
-0.0257111 
-0.0258051 
-0.0260192 
-0.0263262 
-0.0266867 
-0.0270563 
-0.0273894 
-0.0276395 
-0.0277586 
-0.0276968 
-0.0274022 
-0.0268227 
-0.0259078 
-0.024613 
-0.0229027 
-0.0207553 
-0.0181653 
-0.0151465 
-0.0117315 
-0.00797017 
-0.00392793 
0.000320587 
0.00469217 
0.00910293 
0.0134759 
0.0177379 
0.0218198 
0.0256561 
0.0291855 
0.0323521 
0.0351084 
0.0374191 
0.0392639 
0.0406397 
0.0415628 
0.0420702 
0.0422258 
0.0421247 
0.0418879 
0.0416391 
0.0414712 
0.0414239 
0.0414609 
0.0414169 
0.0408986 
0.0392222 
0.0355456 
0.0292255 
0.0201635 
0.0088806 
-0.00370713 
-0.0164734 
-0.0283768 
-0.0387074 
-0.0473916 
-0.0541632 
-0.0541632 
-0.0176464 
-0.0176464 
-0.0213163 
-0.0232895 
-0.0243196 
-0.0247915 
-0.0249192 
-0.024876 
-0.0247873 
-0.0247418 
-0.0247846 
-0.0249247 
-0.0251443 
-0.0254101 
-0.0256825 
-0.0259195 
-0.0260787 
-0.0261173 
-0.0259917 
-0.0256569 
-0.0250678 
-0.0241804 
-0.0229544 
-0.0213564 
-0.0193636 
-0.0169664 
-0.0141716 
-0.0110029 
-0.00750084 
-0.00372042 
0.000273053 
0.0044049 
0.0085944 
0.0127635 
0.0168383 
0.020749 
0.02443 
0.027821 
0.0308689 
0.03353 
0.0357734 
0.037583 
0.0389606 
0.0399286 
0.0405337 
0.0408501 
0.0409777 
0.0410287 
0.0411058 
0.0412797 
0.0415727 
0.0419297 
0.0421488 
0.0417751 
0.0400649 
0.0361643 
0.0294811 
0.0199806 
0.00820482 
-0.00491277 
-0.0181092 
-0.0302009 
-0.0405264 
-0.0491648 
-0.0560059 
-0.0560059 
-0.0158953 
-0.0158953 
-0.0196535 
-0.0217484 
-0.0229154 
-0.0235237 
-0.0237717 
-0.0238168 
-0.023775 
-0.0237337 
-0.023744 
-0.0238247 
-0.0239677 
-0.0241475 
-0.0243297 
-0.0244762 
-0.0245483 
-0.0245076 
-0.0243156 
-0.0239339 
-0.0233241 
-0.0224492 
-0.0212747 
-0.0197711 
-0.0179169 
-0.0157008 
-0.0131248 
-0.0102051 
-0.00697283 
-0.00347253 
0.000241011 
0.00410361 
0.00804015 
0.0119729 
0.0158289 
0.019539 
0.0230387 
0.02627 
0.0291828 
0.0317375 
0.0339076 
0.0356823 
0.0370696 
0.0380992 
0.0388249 
0.039324 
0.0396907 
0.0400211 
0.0403978 
0.040874 
0.0414596 
0.0420836 
0.0425141 
0.0422532 
0.0405273 
0.036492 
0.029598 
0.0198342 
0.00769799 
-0.00588748 
-0.0194009 
-0.0315441 
-0.0417895 
-0.0503322 
-0.0572004 
-0.0572004 
-0.0139986 
-0.0139986 
-0.0178555 
-0.0200783 
-0.0213877 
-0.0221408 
-0.022523 
-0.0226767 
-0.0227068 
-0.0226957 
-0.0226977 
-0.0227395 
-0.0228227 
-0.0229304 
-0.0230344 
-0.0231012 
-0.0230959 
-0.0229835 
-0.0227301 
-0.0223024 
-0.0216682 
-0.0207967 
-0.0196596 
-0.0182327 
-0.0164975 
-0.0144435 
-0.0120703 
-0.00938871 
-0.00642209 
-0.00320517 
0.000217888 
0.00379403 
0.00745575 
0.0111284 
0.0147417 
0.0182288 
0.021528 
0.0245843 
0.0273516 
0.0297946 
0.031892 
0.0336387 
0.0350484 
0.0361559 
0.0370166 
0.0377035 
0.0382983 
0.0388803 
0.0395145 
0.0402416 
0.0410617 
0.0418907 
0.0424765 
0.0422986 
0.0405767 
0.0364909 
0.0295281 
0.0196714 
0.00731078 
-0.00661224 
-0.0202621 
-0.0323018 
-0.0424135 
-0.0508329 
-0.057694 
-0.057694 
-0.0119784 
-0.0119784 
-0.0159428 
-0.0182974 
-0.0197509 
-0.0206524 
-0.0211777 
-0.0214565 
-0.0215819 
-0.0216289 
-0.0216509 
-0.0216797 
-0.0217252 
-0.0217795 
-0.0218217 
-0.0218238 
-0.0217549 
-0.0215835 
-0.0212793 
-0.0208132 
-0.0201579 
-0.0192879 
-0.0181806 
-0.0168168 
-0.015182 
-0.0132679 
-0.0110739 
-0.00860839 
-0.0058893 
-0.00294403 
0.00019244 
0.00347748 
0.00685396 
0.0102531 
0.0136095 
0.0168605 
0.0199482 
0.0228221 
0.0254405 
0.0277732 
0.0298038 
0.031532 
0.0329751 
0.0341688 
0.0351649 
0.036027 
0.0368228 
0.0376158 
0.0384573 
0.0393777 
0.0403686 
0.0413368 
0.0420198 
0.0418951 
0.0401997 
0.0361475 
0.0292531 
0.019504 
0.00706824 
-0.00702338 
-0.0205312 
-0.0323613 
-0.0423164 
-0.0506123 
-0.05744 
-0.05744 
-0.00985851 
-0.00985851 
-0.0139382 
-0.0164265 
-0.0180223 
-0.0190703 
-0.0197415 
-0.0201557 
-0.0203955 
-0.0205268 
-0.0205988 
-0.0206447 
-0.0206801 
-0.0207048 
-0.0207058 
-0.0206615 
-0.0205457 
-0.020331 
-0.0199901 
-0.0194977 
-0.0188301 
-0.0179663 
-0.0168883 
-0.0155811 
-0.0140344 
-0.0122426 
-0.0102064 
-0.00793295 
-0.00543705 
-0.00274064 
0.000128227 
0.00313496 
0.00623212 
0.00935935 
0.012458 
0.0154713 
0.018347 
0.0210397 
0.023513 
0.0257415 
0.0277129 
0.02943 
0.0309106 
0.0321877 
0.033306 
0.0343181 
0.0352783 
0.0362366 
0.0372328 
0.0382885 
0.0393884 
0.0404342 
0.0411662 
0.0410664 
0.039377 
0.035364 
0.0285736 
0.0190274 
0.00680338 
-0.00694696 
-0.0200974 
-0.0316843 
-0.0414726 
-0.0496517 
-0.0564365 
-0.0564365 
-0.00766433 
-0.00766433 
-0.0118665 
-0.0144892 
-0.0162231 
-0.0174114 
-0.0182243 
-0.0187765 
-0.0191423 
-0.0193789 
-0.0195289 
-0.0196234 
-0.0196801 
-0.0197042 
-0.0196894 
-0.0196207 
-0.0194775 
-0.0192367 
-0.018875 
-0.0183699 
-0.0177013 
-0.0168515 
-0.0158058 
-0.0145529 
-0.0130857 
-0.0114012 
-0.00950156 
-0.00739453 
-0.00509367 
-0.00261829 
7.73807e-06 
0.00275568 
0.00558898 
0.00845649 
0.0113073 
0.0140915 
0.0167635 
0.0192834 
0.02162 
0.0237521 
0.0256705 
0.0273788 
0.028893 
0.0302411 
0.0314597 
0.0325903 
0.0336755 
0.0347537 
0.0358552 
0.0369936 
0.0381484 
0.0392206 
0.0399439 
0.0398166 
0.0381288 
0.0341962 
0.0275975 
0.018355 
0.00664277 
-0.00644994 
-0.0190798 
-0.030332 
-0.039918 
-0.0479767 
-0.0547151 
-0.0547151 
-0.00542225 
-0.00542225 
-0.00975399 
-0.0125116 
-0.0143786 
-0.0156981 
-0.0166431 
-0.0173274 
-0.0178213 
-0.0181751 
-0.0184247 
-0.0185963 
-0.0187065 
-0.0187623 
-0.0187619 
-0.0186957 
-0.0185484 
-0.0183018 
-0.0179365 
-0.0174337 
-0.0167765 
-0.0159501 
-0.0149432 
-0.0137473 
-0.0123578 
-0.0107739 
-0.00899921 
-0.00704154 
-0.00491339 
-0.00263174 
-0.000217656 
0.00230381 
0.00490199 
0.00753494 
0.0101597 
0.0127339 
0.0152185 
0.0175797 
0.0197911 
0.0218351 
0.0237041 
0.0254013 
0.0269397 
0.0283413 
0.0296347 
0.0308517 
0.0320244 
0.0331818 
0.0343454 
0.0355222 
0.0366871 
0.0377338 
0.0384046 
0.0382249 
0.0365378 
0.0327189 
0.0263873 
0.0175642 
0.00654811 
-0.00565665 
-0.017595 
-0.0284077 
-0.0377427 
-0.0456642 
-0.0523477 
-0.0523477 
-0.00315894 
-0.00315894 
-0.00762644 
-0.0105208 
-0.0125173 
-0.013959 
-0.0150235 
-0.0158277 
-0.0164419 
-0.0169135 
-0.0172731 
-0.0175419 
-0.0177329 
-0.0178521 
-0.0178987 
-0.017866 
-0.0177429 
-0.0175148 
-0.0171664 
-0.0166824 
-0.0160491 
-0.015255 
-0.0142915 
-0.0131528 
-0.0118363 
-0.010343 
-0.00867759 
-0.00684881 
-0.00486936 
-0.0027558 
-0.000528032 
0.00179094 
0.0041785 
0.00660115 
0.0090228 
0.0114079 
0.0137236 
0.0159414 
0.018039 
0.0200017 
0.0218226 
0.0235036 
0.0250542 
0.0264907 
0.0278342 
0.0291083 
0.0303363 
0.0315386 
0.0327293 
0.0339092 
0.0350454 
0.0360298 
0.0366161 
0.0363675 
0.0346918 
0.0310308 
0.0250501 
0.0167745 
0.00657582 
-0.00465881 
-0.0157938 
-0.0260639 
-0.0350803 
-0.0428301 
-0.0494406 
-0.0494406 
-0.000897955 
-0.000897955 
-0.00550666 
-0.00854133 
-0.0106675 
-0.012226 
-0.0133992 
-0.0143086 
-0.0150288 
-0.0156076 
-0.0160744 
-0.0164469 
-0.0167347 
-0.0169411 
-0.0170638 
-0.0170966 
-0.0170291 
-0.0168492 
-0.0165438 
-0.0161003 
-0.0155081 
-0.0147589 
-0.0138472 
-0.0127703 
-0.0115285 
-0.0101248 
-0.00856493 
-0.00685754 
-0.00501427 
-0.00304969 
-0.000981268 
0.00117028 
0.00338263 
0.00562837 
0.00787743 
0.0101003 
0.0122697 
0.0143619 
0.0163585 
0.0182469 
0.0200207 
0.0216803 
0.0232318 
0.0246866 
0.0260593 
0.0273664 
0.0286237 
0.0298443 
0.0310357 
0.0321907 
0.033271 
0.034169 
0.0346551 
0.0343368 
0.0326936 
0.0292363 
0.0236774 
0.0160462 
0.00672739 
-0.00351466 
-0.0137914 
-0.0234409 
-0.0320708 
-0.0396044 
-0.0461159 
-0.0461159 
0.00133983 
0.00133983 
-0.00341056 
-0.00659171 
-0.00885289 
-0.0105296 
-0.0118071 
-0.0128113 
-0.0136222 
-0.0142919 
-0.0148517 
-0.0153196 
-0.0157039 
-0.0160059 
-0.0162217 
-0.0163434 
-0.0163599 
-0.0162586 
-0.0160263 
-0.0156509 
-0.0151227 
-0.0144349 
-0.0135845 
-0.0125717 
-0.0113997 
-0.0100741 
-0.00860265 
-0.00699531 
-0.0052645 
-0.00342529 
-0.00149529 
0.00050541 
0.00255878 
0.00464593 
0.00674147 
0.00882037 
0.0108599 
0.0128399 
0.0147447 
0.0165637 
0.0182903 
0.0199236 
0.0214665 
0.022926 
0.0243114 
0.025633 
0.0269004 
0.0281205 
0.0292929 
0.030405 
0.0314139 
0.0322152 
0.0326 
0.0322239 
0.0306391 
0.0274253 
0.0223385 
0.0154086 
0.00699134 
-0.00227066 
-0.0116728 
-0.0206547 
-0.0288417 
-0.036114 
-0.0424969 
-0.0424969 
0.00354616 
0.00354616 
-0.00134648 
-0.00468053 
-0.00708708 
-0.00889182 
-0.0102795 
-0.011378 
-0.012272 
-0.0130186 
-0.0136538 
-0.0141989 
-0.0146641 
-0.0150519 
-0.0153582 
-0.0155745 
-0.0156889 
-0.0156874 
-0.0155549 
-0.0152776 
-0.0148439 
-0.0142458 
-0.0134804 
-0.0125492 
-0.0114585 
-0.0102174 
-0.00883733 
-0.00733041 
-0.00570921 
-0.00398684 
-0.00217756 
-0.000297962 
0.00163393 
0.00359761 
0.0055715 
0.00753411 
0.00946637 
0.0113516 
0.0131773 
0.0149346 
0.0166167 
0.0182218 
0.0197501 
0.0212052 
0.0225919 
0.0239156 
0.0251806 
0.0263869 
0.0275292 
0.0285898 
0.0295225 
0.030229 
0.0305232 
0.0301093 
0.0286099 
0.0256699 
0.0210826 
0.0148736 
0.00734727 
-0.00096541 
-0.00950191 
-0.0177948 
-0.0254994 
-0.0324711 
-0.0386966 
-0.0386966 
0.00572885 
0.00572885 
0.000685809 
-0.0028049 
-0.00536958 
-0.00731926 
-0.00883386 
-0.0100396 
-0.0110228 
-0.0118443 
-0.0125447 
-0.0131502 
-0.0136753 
-0.0141261 
-0.0145018 
-0.0147961 
-0.0149985 
-0.0150951 
-0.0150703 
-0.0149077 
-0.0145925 
-0.0141126 
-0.0134606 
-0.0126346 
-0.011639 
-0.0104839 
-0.00918337 
-0.00775405 
-0.00621307 
-0.00457738 
-0.00286393 
-0.00109072 
0.000723956 
0.00256721 
0.00442522 
0.00627819 
0.00811099 
0.00990814 
0.011659 
0.013357 
0.0149949 
0.0165697 
0.018079 
0.0195236 
0.0209044 
0.0222226 
0.0234769 
0.0246631 
0.0257717 
0.02678 
0.0276409 
0.0282638 
0.0284866 
0.0280599 
0.0266709 
0.0240238 
0.0199433 
0.0144461 
0.00777719 
0.000369214 
-0.00732712 
-0.0149296 
-0.0221282 
-0.0287688 
-0.0348113 
-0.0348113 
0.00790609 
0.00790609 
0.00270436 
-0.000950808 
-0.00368422 
-0.00579963 
-0.00746523 
-0.0088027 
-0.00989641 
-0.0108077 
-0.0115799 
-0.0122429 
-0.0128158 
-0.0133093 
-0.0137278 
-0.0140698 
-0.0143295 
-0.0144967 
-0.0145584 
-0.0144993 
-0.0143037 
-0.0139563 
-0.0134446 
-0.0127605 
-0.0119016 
-0.0108728 
-0.00968629 
-0.00836037 
-0.00691661 
-0.00537634 
-0.00375768 
-0.00207537 
-0.000343025 
0.00142406 
0.00320538 
0.00498217 
0.00673995 
0.00846662 
0.0101567 
0.0118071 
0.0134073 
0.0149553 
0.016446 
0.0178785 
0.0192508 
0.0205598 
0.0218008 
0.022967 
0.0240439 
0.025006 
0.0258069 
0.0263644 
0.0265399 
0.0261268 
0.0248695 
0.0225245 
0.0189423 
0.0141284 
0.0082692 
0.0017113 
-0.0051837 
-0.0121086 
-0.0187914 
-0.0250795 
-0.030918 
-0.030918 
0.0101032 
0.0101032 
0.00474029 
0.000908722 
-0.00200504 
-0.00430522 
-0.00614807 
-0.00764703 
-0.00888177 
-0.00991121 
-0.0107789 
-0.011516 
-0.0121444 
-0.0126782 
-0.0131261 
-0.0134921 
-0.013776 
-0.0139742 
-0.0140797 
-0.0140824 
-0.0139704 
-0.0137301 
-0.0133479 
-0.0128109 
-0.0121089 
-0.0112357 
-0.0101915 
-0.00898424 
-0.00763099 
-0.00615703 
-0.00459247 
-0.00296709 
-0.00130586 
0.000372536 
0.00205982 
0.00374402 
0.00542127 
0.00707517 
0.00869953 
0.0102981 
0.0118602 
0.0133807 
0.0148526 
0.0162723 
0.0176348 
0.0189342 
0.0201642 
0.0213141 
0.0223662 
0.0232934 
0.0240509 
0.0245655 
0.0247203 
0.0243466 
0.0232381 
0.0211961 
0.0180926 
0.0139212 
0.00881691 
0.00304742 
-0.00309525 
-0.00936546 
-0.0155332 
-0.0214557 
-0.027074 
-0.027074 
0.0123489 
0.0123489 
0.00682835 
0.00281041 
-0.000301209 
-0.00280135 
-0.00484619 
-0.00653543 
-0.00794294 
-0.00912311 
-0.0101178 
-0.0109581 
-0.0116665 
-0.0122589 
-0.0127464 
-0.0131361 
-0.0134323 
-0.013637 
-0.0137498 
-0.0137679 
-0.0136865 
-0.0134991 
-0.0131973 
-0.0127719 
-0.0122128 
-0.0115102 
-0.0106547 
-0.00964033 
-0.00846642 
-0.00714214 
-0.0056894 
-0.00414192 
-0.00253662 
-0.000898594 
0.000760156 
0.00241738 
0.00404843 
0.00564274 
0.00721904 
0.0087917 
0.0103292 
0.0118321 
0.0132905 
0.0147004 
0.0160555 
0.0173502 
0.0185748 
0.0197159 
0.0207541 
0.0216615 
0.0223957 
0.0228922 
0.0230534 
0.022743 
0.0217962 
0.0200521 
0.0174006 
0.0138244 
0.00941568 
0.0043726 
-0.00107126 
-0.00671808 
-0.0123803 
-0.0179318 
-0.0233185 
-0.0233185 
0.0146711 
0.0146711 
0.00899816 
0.0047892 
0.00146421 
-0.0012579 
-0.00352539 
-0.00543116 
-0.00703989 
-0.00840057 
-0.00955201 
-0.0105244 
-0.0113407 
-0.0120181 
-0.0125687 
-0.0130016 
-0.0133233 
-0.0135387 
-0.0136517 
-0.0136647 
-0.0135793 
-0.0133957 
-0.0131131 
-0.0127298 
-0.0122424 
-0.011646 
-0.0109333 
-0.0100934 
-0.00911222 
-0.00797421 
-0.00666812 
-0.00519824 
-0.00359878 
-0.0019423 
-0.000318922 
0.00122152 
0.00276773 
0.00429959 
0.00580629 
0.00732477 
0.00883425 
0.0103177 
0.0117639 
0.0131663 
0.0145192 
0.0158144 
0.0170406 
0.0181828 
0.0192203 
0.0201251 
0.0208576 
0.0213612 
0.0215549 
0.0213294 
0.0205538 
0.0190982 
0.0168683 
0.0138379 
0.010064 
0.00568677 
0.000888533 
-0.00417157 
-0.00934461 
-0.0145262 
-0.0196745 
-0.0196745 
0.0170961 
0.0170961 
0.0112763 
0.00687291 
0.00331895 
0.000352902 
-0.00216023 
-0.00430812 
-0.00614468 
-0.00771295 
-0.00904697 
-0.0101754 
-0.0111219 
-0.0119049 
-0.0125389 
-0.0130348 
-0.0134013 
-0.0136454 
-0.0137733 
-0.0137904 
-0.0137017 
-0.0135115 
-0.0132238 
-0.0128423 
-0.0123703 
-0.0118109 
-0.0111658 
-0.0104346 
-0.00961268 
-0.0086892 
-0.00764644 
-0.00646104 
-0.00510951 
-0.00358172 
-0.00190856 
-0.000202067 
0.00139064 
0.00282794 
0.00427525 
0.00583285 
0.00734888 
0.00882631 
0.0102659 
0.011666 
0.0130224 
0.0143257 
0.0155635 
0.0167194 
0.0177719 
0.0186932 
0.0194465 
0.0199822 
0.0202329 
0.0201112 
0.0195134 
0.0183352 
0.0164957 
0.0139622 
0.0107644 
0.00699551 
0.00278958 
-0.00172261 
-0.00642678 
-0.011245 
-0.016152 
-0.016152 
0.0196472 
0.0196472 
0.0136859 
0.00908307 
0.00528656 
0.00205361 
-0.000733071 
-0.00314855 
-0.00524178 
-0.00704569 
-0.00858842 
-0.00989544 
-0.0109904 
-0.0118938 
-0.0126231 
-0.0131924 
-0.0136138 
-0.0138971 
-0.0140515 
-0.014085 
-0.0140052 
-0.013819 
-0.0135328 
-0.0131526 
-0.0126841 
-0.0121328 
-0.011504 
-0.0108018 
-0.0100281 
-0.00917997 
-0.00824821 
-0.00721661 
-0.00606332 
-0.00475996 
-0.00328099 
-0.00162184 
5.3753e-05 
0.0015101 
0.00291033 
0.00438199 
0.00588274 
0.00735659 
0.00879904 
0.0102051 
0.011572 
0.0128913 
0.0141507 
0.015333 
0.0164163 
0.0173732 
0.0181692 
0.0187604 
0.0190904 
0.0190888 
0.0186736 
0.0177609 
0.0162813 
0.0141988 
0.0115218 
0.00830694 
0.00464656 
0.000642026 
-0.00361942 
-0.00808466 
-0.0127506 
-0.0127506 
0.0223457 
0.0223457 
0.0162478 
0.0114403 
0.00738702 
0.00386462 
0.000776485 
-0.00193914 
-0.00432083 
-0.00639199 
-0.008173 
-0.00968373 
-0.0109467 
-0.0119842 
-0.0128173 
-0.0134649 
-0.0139434 
-0.0142669 
-0.0144484 
-0.0144994 
-0.0144307 
-0.0142521 
-0.0139726 
-0.0136003 
-0.0131422 
-0.0126049 
-0.011994 
-0.0113147 
-0.0105707 
-0.00976301 
-0.00888819 
-0.00793812 
-0.00690364 
-0.00578229 
-0.00458886 
-0.00335919 
-0.00212948 
-0.000837492 
0.000756191 
0.00266541 
0.00437549 
0.00588708 
0.00734733 
0.00876602 
0.0101537 
0.0115015 
0.0127972 
0.0140226 
0.0151553 
0.0161683 
0.0170289 
0.0176979 
0.0181274 
0.0182602 
0.0180309 
0.0173719 
0.0162242 
0.0145501 
0.0123432 
0.00963174 
0.00647376 
0.00293755 
-0.00090706 
-0.0050337 
-0.00946119 
-0.00946119 
0.0252108 
0.0252108 
0.0189811 
0.0139641 
0.0096402 
0.00580574 
0.00238474 
-0.000665928 
-0.00337043 
-0.0057456 
-0.00779939 
-0.00954375 
-0.0109978 
-0.0121851 
-0.0131308 
-0.0138597 
-0.0143944 
-0.0147547 
-0.0149585 
-0.0150217 
-0.0149588 
-0.0147831 
-0.0145066 
-0.0141397 
-0.0136917 
-0.0131702 
-0.0125818 
-0.0119315 
-0.0112232 
-0.0104586 
-0.00963708 
-0.00875455 
-0.00780474 
-0.00678074 
-0.00568002 
-0.00450746 
-0.00329661 
-0.00210389 
-0.00072185 
0.000918742 
0.00260483 
0.00423207 
0.00578958 
0.00728693 
0.00873799 
0.0101445 
0.0114999 
0.0127894 
0.0139922 
0.0150823 
0.0160289 
0.0167964 
0.0173436 
0.017623 
0.017582 
0.017166 
0.0163245 
0.0150206 
0.0132374 
0.0109826 
0.00828607 
0.00518813 
0.00172991 
-0.00207544 
-0.00626822 
-0.00626822 
0.0282583 
0.0282583 
0.0219023 
0.0166723 
0.0120653 
0.00789717 
0.004113 
0.000690038 
-0.002379 
-0.00509897 
-0.00746553 
-0.00947898 
-0.011152 
-0.0125078 
-0.0135761 
-0.0143887 
-0.0149766 
-0.0153672 
-0.0155848 
-0.0156509 
-0.0155845 
-0.0154028 
-0.0151208 
-0.0147519 
-0.0143073 
-0.0137963 
-0.0132267 
-0.0126039 
-0.0119321 
-0.0112131 
-0.0104469 
-0.00963092 
-0.00876139 
-0.0078351 
-0.00685273 
-0.00581754 
-0.00473233 
-0.00358693 
-0.00229698 
-0.00091258 
0.000509889 
0.0021021 
0.00376338 
0.00542783 
0.00705496 
0.0086256 
0.0101284 
0.0115514 
0.0128784 
0.0140884 
0.0151554 
0.0160492 
0.0167351 
0.0171744 
0.0173248 
0.0171422 
0.0165844 
0.0156163 
0.0142151 
0.0123736 
0.0100998 
0.00740997 
0.00431864 
0.000814411 
-0.00314929 
-0.00314929 
0.0314997 
0.0314997 
0.0250239 
0.0195799 
0.0146804 
0.0101588 
0.00598149 
0.00214667 
-0.00133162 
-0.00444155 
-0.00716682 
-0.00949123 
-0.0114169 
-0.0129645 
-0.0141673 
-0.0150661 
-0.0157022 
-0.0161136 
-0.0163333 
-0.0163897 
-0.0163073 
-0.0161077 
-0.0158094 
-0.0154288 
-0.0149791 
-0.0144716 
-0.0139149 
-0.0133151 
-0.0126766 
-0.0120013 
-0.0112892 
-0.0105379 
-0.00974305 
-0.00889936 
-0.00800192 
-0.00704662 
-0.00602542 
-0.00494952 
-0.00375416 
-0.00242661 
-0.00100438 
0.000499813 
0.00206454 
0.00369061 
0.00535681 
0.00703026 
0.00867614 
0.010262 
0.0117582 
0.0131366 
0.0143694 
0.0154281 
0.0162828 
0.0169018 
0.0172518 
0.0172979 
0.0170058 
0.0163441 
0.0152875 
0.0138194 
0.0119316 
0.00962002 
0.00687843 
0.00366898 
-7.40346e-05 
-7.40346e-05 
0.0349399 
0.0349399 
0.0283528 
0.0226973 
0.0175001 
0.0126091 
0.00801095 
0.00372506 
-0.000210207 
-0.00375974 
-0.00689504 
-0.00957918 
-0.0117979 
-0.0135658 
-0.0149185 
-0.0159064 
-0.0165842 
-0.0170039 
-0.0172101 
-0.0172403 
-0.017126 
-0.0168937 
-0.0165659 
-0.0161618 
-0.0156973 
-0.015185 
-0.0146346 
-0.0140532 
-0.0134453 
-0.0128128 
-0.0121556 
-0.0114714 
-0.0107555 
-0.0100019 
-0.00920389 
-0.00835531 
-0.00743955 
-0.00645406 
-0.00535194 
-0.00413499 
-0.0028199 
-0.00137986 
0.000158239 
0.00179895 
0.0035223 
0.00529957 
0.0070928 
0.00886058 
0.0105608 
0.0121538 
0.0136028 
0.0148751 
0.0159403 
0.0167706 
0.017339 
0.0176186 
0.017583 
0.0172062 
0.0164637 
0.0153339 
0.0137983 
0.0118372 
0.00942661 
0.00651084 
0.0029979 
0.0029979 
0.0385746 
0.0385746 
0.0318869 
0.0260275 
0.0205336 
0.0152632 
0.0102208 
0.00544724 
0.00100748 
-0.00303703 
-0.00663773 
-0.00973685 
-0.0122962 
-0.0143196 
-0.0158418 
-0.0169235 
-0.0176354 
-0.0180477 
-0.0182209 
-0.0182046 
-0.0180388 
-0.0177559 
-0.0173829 
-0.016942 
-0.0164512 
-0.0159248 
-0.0153736 
-0.0148051 
-0.0142239 
-0.0136318 
-0.0130284 
-0.0124106 
-0.0117722 
-0.0111053 
-0.0103992 
-0.00964525 
-0.00882024 
-0.00791878 
-0.00690103 
-0.00575335 
-0.00447628 
-0.00306301 
-0.00152254 
0.000138767 
0.00189672 
0.0037325 
0.00561748 
0.007516 
0.00938529 
0.0111791 
0.012851 
0.0143581 
0.015663 
0.0167339 
0.0175444 
0.0180714 
0.0182939 
0.0181912 
0.017742 
0.0169238 
0.0157124 
0.0140777 
0.0119827 
0.00935516 
0.0060818 
0.0060818 
0.0423868 
0.0423868 
0.0356122 
0.0295623 
0.0237807 
0.0181291 
0.0126262 
0.0073331 
0.00234258 
-0.00225165 
-0.00637652 
-0.00995143 
-0.0129062 
-0.0152276 
-0.0169451 
-0.0181283 
-0.0188667 
-0.0192532 
-0.0193698 
-0.0192824 
-0.0190416 
-0.0186873 
-0.018251 
-0.0177579 
-0.0172285 
-0.0166783 
-0.016119 
-0.0155585 
-0.0150015 
-0.0144499 
-0.0139029 
-0.0133566 
-0.0128034 
-0.0122338 
-0.0116342 
-0.0109926 
-0.0102835 
-0.00948952 
-0.00857315 
-0.00751706 
-0.00630942 
-0.00493267 
-0.00338972 
-0.00168697 
0.00015314 
0.00210616 
0.00413616 
0.00620094 
0.00825557 
0.0102535 
0.0121473 
0.0138909 
0.0154425 
0.016766 
0.0178324 
0.0186182 
0.0191042 
0.019273 
0.0191062 
0.0185821 
0.0176744 
0.0163471 
0.0145539 
0.0122086 
0.0091762 
0.0091762 
0.046343 
0.046343 
0.0394983 
0.0332782 
0.0272271 
0.0212032 
0.0152342 
0.00939862 
0.00381749 
-0.00137949 
-0.00608799 
-0.0102021 
-0.0136125 
-0.0162815 
-0.0182273 
-0.019525 
-0.020284 
-0.0206251 
-0.020658 
-0.0204704 
-0.0201276 
-0.0196777 
-0.0191576 
-0.0185957 
-0.018014 
-0.0174296 
-0.0168544 
-0.0162968 
-0.0157612 
-0.0152495 
-0.0147604 
-0.014289 
-0.0138258 
-0.013359 
-0.0128721 
-0.0123486 
-0.0117608 
-0.0110824 
-0.0102712 
-0.00930209 
-0.00814903 
-0.00679116 
-0.00522177 
-0.00344561 
-0.00148622 
0.000618804 
0.00281865 
0.00506493 
0.00730943 
0.00950471 
0.0116039 
0.0135622 
0.0153385 
0.0168969 
0.0182068 
0.019244 
0.0199885 
0.0204231 
0.0205301 
0.0202882 
0.0196699 
0.0186354 
0.0171316 
0.01506 
0.0122643 
0.0122643 
0.0503897 
0.0503897 
0.0434942 
0.0371312 
0.0308395 
0.0244654 
0.0180387 
0.0116505 
0.00544943 
-0.000397659 
-0.00574557 
-0.0104593 
-0.0143871 
-0.0174585 
-0.0196733 
-0.0211062 
-0.0218847 
-0.0221615 
-0.0220814 
-0.0217612 
-0.0212854 
-0.0207132 
-0.020087 
-0.0194381 
-0.0187902 
-0.0181608 
-0.0175624 
-0.0170032 
-0.0164875 
-0.016017 
-0.01559 
-0.0152007 
-0.0148377 
-0.0144869 
-0.0141294 
-0.0137442 
-0.0133004 
-0.0127626 
-0.0120817 
-0.0112216 
-0.0101424 
-0.00881162 
-0.00721331 
-0.00534945 
-0.00324523 
-0.000946705 
0.00148274 
0.00397719 
0.00647421 
0.00891593 
0.0112491 
0.0134282 
0.0154164 
0.017184 
0.0187073 
0.0199666 
0.0209448 
0.0216252 
0.0219897 
0.0220155 
0.0216729 
0.0209177 
0.0196912 
0.0178827 
0.0153153 
0.0153153 
0.0544495 
0.0544495 
0.0475247 
0.0410523 
0.0345597 
0.0278722 
0.0210135 
0.0140801 
0.00724494 
0.000710971 
-0.00532294 
-0.0106855 
-0.015187 
-0.0187164 
-0.0212476 
-0.0228456 
-0.0236511 
-0.0238494 
-0.0236275 
-0.0231403 
-0.0224983 
-0.0217748 
-0.0210187 
-0.0202641 
-0.0195354 
-0.0188505 
-0.0182216 
-0.0176566 
-0.0171595 
-0.0167316 
-0.016371 
-0.0160703 
-0.0158165 
-0.0155937 
-0.0153803 
-0.0151514 
-0.0148712 
-0.0144951 
-0.0139646 
-0.0132276 
-0.0122272 
-0.0109182 
-0.00927433 
-0.00729459 
-0.00500667 
-0.00246537 
0.000250449 
0.00304454 
0.00583576 
0.00855788 
0.0111476 
0.0135547 
0.0157439 
0.0176931 
0.0193897 
0.0208255 
0.0219926 
0.0228797 
0.0234699 
0.0237385 
0.0236517 
0.0231593 
0.0221954 
0.0206365 
0.0182857 
0.0182857 
0.0584191 
0.0584191 
0.0514868 
0.0449431 
0.0382993 
0.03135 
0.0241045 
0.016654 
0.00919089 
0.00195388 
-0.00479353 
-0.0108362 
-0.015953 
-0.019989 
-0.0228869 
-0.0246905 
-0.0255432 
-0.025659 
-0.0252718 
-0.0245843 
-0.023742 
-0.0228373 
-0.0219272 
-0.0210482 
-0.020225 
-0.0194747 
-0.0188089 
-0.0182348 
-0.0177559 
-0.0173733 
-0.0170845 
-0.016881 
-0.0167482 
-0.016669 
-0.0166196 
-0.0165714 
-0.0164829 
-0.0162986 
-0.0159464 
-0.015354 
-0.0144452 
-0.0131596 
-0.0114621 
-0.00935025 
-0.00685552 
-0.00404199 
-0.000999729 
0.0021507 
0.00530063 
0.00836538 
0.0112633 
0.0139317 
0.0163327 
0.0184507 
0.0202871 
0.0218513 
0.0231525 
0.0241923 
0.0249606 
0.0254331 
0.0255717 
0.0253182 
0.0245972 
0.0232708 
0.0211216 
0.0211216 
0.0621689 
0.0621689 
0.0552497 
0.0486743 
0.0419355 
0.0347897 
0.0272222 
0.0193067 
0.0112465 
0.00331715 
-0.0041423 
-0.0108665 
-0.016612 
-0.0211859 
-0.0244964 
-0.0265545 
-0.0274906 
-0.0275364 
-0.0269722 
-0.0260574 
-0.0249831 
-0.0238684 
-0.0227811 
-0.0217602 
-0.0208298 
-0.0200056 
-0.0192976 
-0.0187119 
-0.0182514 
-0.0179169 
-0.0177053 
-0.0176069 
-0.0176065 
-0.0176863 
-0.0178206 
-0.0179763 
-0.0181053 
-0.0181383 
-0.0179838 
-0.0175452 
-0.016726 
-0.0154526 
-0.0136854 
-0.0114236 
-0.00870302 
-0.00559339 
-0.00219449 
0.0013553 
0.00491169 
0.00835946 
0.0115988 
0.0145506 
0.0171706 
0.0194472 
0.021395 
0.0230431 
0.0244228 
0.0255553 
0.0264442 
0.0270703 
0.0273933 
0.027346 
0.0268416 
0.0257253 
0.0237596 
0.0237596 
0.065545 
0.065545 
0.0586562 
0.0520859 
0.0453109 
0.0380434 
0.0302385 
0.0219379 
0.0133464 
0.00476999 
-0.00336572 
-0.010734 
-0.0170816 
-0.0221946 
-0.0259498 
-0.0283145 
-0.0293866 
-0.0293969 
-0.0286637 
-0.0275073 
-0.0261767 
-0.0248273 
-0.0235426 
-0.022365 
-0.0213174 
-0.0204126 
-0.0196586 
-0.0190602 
-0.0186193 
-0.0183363 
-0.0182073 
-0.0182219 
-0.0183654 
-0.0186198 
-0.0189577 
-0.0193399 
-0.019709 
-0.0199769 
-0.0200273 
-0.0197366 
-0.0189925 
-0.0177157 
-0.015869 
-0.0134567 
-0.0105184 
-0.00712422 
-0.00337909 
0.000577631 
0.00457057 
0.0084411 
0.0120631 
0.0153291 
0.0181831 
0.0206156 
0.0226549 
0.0243516 
0.0257616 
0.0269308 
0.0278819 
0.0286069 
0.0290666 
0.0291857 
0.0288653 
0.0279319 
0.0261278 
0.0261278 
0.0683755 
0.0683755 
0.0615296 
0.0549944 
0.0482383 
0.0409274 
0.0329864 
0.0244104 
0.0153879 
0.00624248 
-0.0024933 
-0.0104106 
-0.0172806 
-0.0228928 
-0.0270987 
-0.0298156 
-0.0310884 
-0.0311219 
-0.0302539 
-0.0288628 
-0.0272648 
-0.025664 
-0.0241672 
-0.0228226 
-0.0216511 
-0.0206622 
-0.0198609 
-0.0192499 
-0.0188304 
-0.0186018 
-0.0185597 
-0.0186937 
-0.0189905 
-0.0194323 
-0.0199894 
-0.0206134 
-0.0212299 
-0.0217299 
-0.021966 
-0.021793 
-0.0210939 
-0.0197936 
-0.0178652 
-0.0153194 
-0.012195 
-0.00855488 
-0.00449719 
-0.000149655 
0.00428229 
0.00858791 
0.012602 
0.0161858 
0.0192703 
0.0218477 
0.0239592 
0.0256761 
0.0270793 
0.0282401 
0.0292038 
0.0299768 
0.0305253 
0.0307682 
0.0305954 
0.0298134 
0.0281465 
0.0281465 
0.0704759 
0.0704759 
0.0636844 
0.0572025 
0.0505091 
0.0432253 
0.0352532 
0.0265403 
0.0172452 
0.00766988 
-0.00153614 
-0.00986801 
-0.0171306 
-0.0231596 
-0.0277882 
-0.030884 
-0.0324238 
-0.0325592 
-0.0316205 
-0.0300299 
-0.0281743 
-0.0263189 
-0.0246042 
-0.0230885 
-0.0217919 
-0.0207192 
-0.0198718 
-0.0192501 
-0.0188543 
-0.0186827 
-0.0187303 
-0.0189875 
-0.0194433 
-0.0200803 
-0.0208637 
-0.0217316 
-0.0225836 
-0.0232818 
-0.0236584 
-0.0235525 
-0.0228611 
-0.0215253 
-0.0195324 
-0.0168974 
-0.0136514 
-0.00984249 
-0.0055514 
-0.000886552 
0.0039418 
0.00868094 
0.0130952 
0.0169981 
0.0203024 
0.0230055 
0.0251664 
0.026879 
0.0282483 
0.0293694 
0.0303094 
0.0310903 
0.0316865 
0.0320127 
0.0319503 
0.0312857 
0.0297292 
0.0297292 
0.0716692 
0.0716692 
0.0649422 
0.058521 
0.0519232 
0.0447256 
0.0368207 
0.0281095 
0.0187384 
0.00895659 
-0.000548423 
-0.00909443 
-0.0165811 
-0.0229057 
-0.0278892 
-0.0313576 
-0.033215 
-0.033538 
-0.0326174 
-0.0308936 
-0.0288168 
-0.0267223 
-0.0247964 
-0.0231149 
-0.0216986 
-0.0205474 
-0.0196585 
-0.0190299 
-0.0186607 
-0.0185473 
-0.0186845 
-0.0190644 
-0.0196786 
-0.0205087 
-0.0215114 
-0.0226037 
-0.0236526 
-0.0244873 
-0.0249305 
-0.0248416 
-0.0241354 
-0.022769 
-0.0207477 
-0.0180832 
-0.0147927 
-0.0109059 
-0.00647639 
-0.00158381 
0.00358906 
0.00871854 
0.0134794 
0.0176495 
0.0211259 
0.0239159 
0.0260979 
0.027787 
0.0291081 
0.0301753 
0.0310733 
0.0318377 
0.0324511 
0.0328262 
0.032839 
0.0322577 
0.0307863 
0.0307863 
0.0717546 
0.0717546 
0.0651529 
0.0587873 
0.0522928 
0.04522 
0.0374498 
0.0288595 
0.0195992 
0.00999289 
0.000609467 
-0.00801534 
-0.0156072 
-0.0221022 
-0.0273472 
-0.0311449 
-0.0333347 
-0.0339117 
-0.0330998 
-0.0313279 
-0.0290918 
-0.0267957 
-0.0246808 
-0.02285 
-0.0213288 
-0.0201112 
-0.0191893 
-0.0185596 
-0.0182201 
-0.0181646 
-0.0183875 
-0.0188836 
-0.0196464 
-0.0206541 
-0.021849 
-0.0231197 
-0.024299 
-0.0251939 
-0.0256337 
-0.0255069 
-0.0247658 
-0.0233972 
-0.0213998 
-0.0187747 
-0.0155259 
-0.0116685 
-0.00723316 
-0.00228266 
0.0030824 
0.00856184 
0.0136605 
0.0180548 
0.0216312 
0.0244383 
0.0265942 
0.028236 
0.0295007 
0.0305124 
0.0313653 
0.0321036 
0.032716 
0.0331135 
0.0331706 
0.0326392 
0.0312287 
0.0312287 
0.0705948 
0.0705948 
0.064185 
0.0578889 
0.0515089 
0.0446071 
0.0370463 
0.0287191 
0.0197827 
0.0106032 
0.00163218 
-0.00674223 
-0.0142421 
-0.0207437 
-0.0261049 
-0.0301284 
-0.0326195 
-0.0334947 
-0.0328906 
-0.031184 
-0.0288829 
-0.0264517 
-0.0241939 
-0.0222468 
-0.0206437 
-0.0193772 
-0.0184359 
-0.0178129 
-0.0175062 
-0.0175057 
-0.0178059 
-0.018404 
-0.0192942 
-0.0204473 
-0.0217851 
-0.0231638 
-0.0243885 
-0.0252638 
-0.0256482 
-0.0254721 
-0.024715 
-0.0233698 
-0.0214306 
-0.0188872 
-0.0157323 
-0.0119684 
-0.00760814 
-0.00268881 
0.00271701 
0.00827956 
0.0134624 
0.0179256 
0.0215296 
0.0243209 
0.0264412 
0.0280428 
0.0292683 
0.0302429 
0.0310635 
0.0317776 
0.0323771 
0.032775 
0.0328455 
0.0323349 
0.0309829 
0.0309829 
0.0680613 
0.0680613 
0.0619295 
0.0557524 
0.0495234 
0.0428651 
0.0356263 
0.0277372 
0.0193499 
0.0107952 
0.00242868 
-0.00548723 
-0.0126935 
-0.0190323 
-0.0243536 
-0.028463 
-0.0311503 
-0.0322809 
-0.0319112 
-0.0303469 
-0.0280751 
-0.0255938 
-0.0232595 
-0.0212473 
-0.0196045 
-0.0183198 
-0.0173758 
-0.016769 
-0.0164977 
-0.0165468 
-0.01691 
-0.0175876 
-0.0185715 
-0.0198212 
-0.0212336 
-0.0226358 
-0.0238208 
-0.0246127 
-0.0249121 
-0.0246866 
-0.0239315 
-0.0226385 
-0.0207907 
-0.0183682 
-0.0153554 
-0.0117457 
-0.0075411 
-0.0027694 
0.0024615 
0.0077919 
0.0127762 
0.0171233 
0.0206697 
0.023426 
0.0255186 
0.0270993 
0.0283096 
0.0292708 
0.0300757 
0.0307712 
0.0313488 
0.0317272 
0.0317807 
0.0312677 
0.0299863 
0.0299863 
0.0640487 
0.0640487 
0.0583025 
0.0523408 
0.0463395 
0.0400251 
0.0332473 
0.0259669 
0.0183123 
0.0105422 
0.00292745 
-0.00433876 
-0.0110485 
-0.0170363 
-0.0221457 
-0.0261849 
-0.0289403 
-0.0302482 
-0.0301021 
-0.0287327 
-0.0265802 
-0.0241453 
-0.021819 
-0.0198087 
-0.0181766 
-0.0169133 
-0.0159931 
-0.0154149 
-0.0151807 
-0.0152707 
-0.0156776 
-0.0164032 
-0.0174355 
-0.0187191 
-0.0201273 
-0.0214687 
-0.0225435 
-0.0232122 
-0.0234182 
-0.0231543 
-0.0224193 
-0.0211975 
-0.0194632 
-0.01719 
-0.0143591 
-0.0109644 
-0.0070204 
-0.00258353 
0.0022035 
0.00705414 
0.0116391 
0.0156992 
0.0190743 
0.0217443 
0.0237984 
0.0253659 
0.0265757 
0.0275387 
0.0283385 
0.0290165 
0.0295623 
0.0299025 
0.0299142 
0.0293875 
0.0281946 
0.0281946 
0.0584722 
0.0584722 
0.0532388 
0.0476392 
0.0419935 
0.0361507 
0.029983 
0.0234633 
0.0166853 
0.00983177 
0.00309994 
-0.00336625 
-0.00940561 
-0.0148644 
-0.0195869 
-0.0233883 
-0.0260623 
-0.0274361 
-0.0274627 
-0.0263061 
-0.0243448 
-0.0220531 
-0.0198297 
-0.0179014 
-0.016342 
-0.0151454 
-0.014283 
-0.0137468 
-0.0135511 
-0.0136703 
-0.014096 
-0.0148311 
-0.015857 
-0.0171043 
-0.0184291 
-0.0196374 
-0.020554 
-0.0210819 
-0.021199 
-0.0209117 
-0.0202163 
-0.019091 
-0.0175058 
-0.0154339 
-0.0128605 
-0.00978873 
-0.00624877 
-0.00231213 
0.00188586 
0.00612813 
0.0101703 
0.0138021 
0.0168858 
0.0193851 
0.0213516 
0.022881 
0.0240778 
0.0250353 
0.0258225 
0.0264722 
0.0269714 
0.027255 
0.0272099 
0.026673 
0.0255928 
0.0255928 
0.0512786 
0.0512786 
0.046701 
0.0416572 
0.0365488 
0.0313368 
0.0259324 
0.0203109 
0.0145297 
0.00870616 
0.00297279 
-0.00256773 
-0.00778996 
-0.012557 
-0.0167243 
-0.0201223 
-0.0225633 
-0.0238824 
-0.0240126 
-0.0230652 
-0.0213517 
-0.0192955 
-0.0172748 
-0.0155166 
-0.0140991 
-0.0130191 
-0.0122478 
-0.0117728 
-0.011616 
-0.0117499 
-0.0121659 
-0.012866 
-0.013826 
-0.0149662 
-0.0161374 
-0.0171592 
-0.0178924 
-0.0182792 
-0.0183211 
-0.0180296 
-0.0173981 
-0.0164027 
-0.0150142 
-0.0132095 
-0.0109794 
-0.00833481 
-0.00531307 
-0.00198581 
0.00153275 
0.00508399 
0.00849039 
0.0115908 
0.0142764 
0.0165069 
0.0183064 
0.0197373 
0.0208756 
0.0217913 
0.0225362 
0.0231324 
0.0235649 
0.0237775 
0.0236754 
0.0231487 
0.0222091 
0.0222091 
0.0424273 
0.0424273 
0.0386527 
0.0343849 
0.0300345 
0.0256395 
0.0211537 
0.0165558 
0.011874 
0.00717538 
0.00254088 
-0.00195451 
-0.0062151 
-0.0101313 
-0.0135803 
-0.016417 
-0.0184811 
-0.0196291 
-0.0197914 
-0.0190409 
-0.0176216 
-0.0158872 
-0.0141685 
-0.0126705 
-0.0114666 
-0.0105549 
-0.00990899 
-0.00951407 
-0.00939598 
-0.00952825 
-0.00990323 
-0.0105216 
-0.0113556 
-0.0123234 
-0.013285 
-0.0140879 
-0.0146315 
-0.0148893 
-0.0148759 
-0.0146039 
-0.0140659 
-0.0132403 
-0.0121022 
-0.0106337 
-0.00882974 
-0.00670287 
-0.00428737 
-0.00164292 
0.00114362 
0.00395857 
0.00667344 
0.00917162 
0.0113722 
0.013239 
0.0147793 
0.0160294 
0.0170386 
0.0178538 
0.0185092 
0.0190173 
0.0193623 
0.0194992 
0.0193574 
0.0188758 
0.0181061 
0.0181061 
0.0320009 
0.0320009 
0.0291712 
0.0259053 
