0 
-0.000691399 
0.000290789 
0.0014815 
0.0019472 
0.00215545 
0.00225612 
0.00228491 
0.00227735 
0.00225182 
0.00222055 
0.00219017 
0.00216361 
0.00214126 
0.00212183 
0.002103 
0.00208188 
0.00205535 
0.0020203 
0.00197381 
0.00191329 
0.00183659 
0.0017421 
0.00162877 
0.00149618 
0.00134453 
0.00117463 
0.000987833 
0.000786025 
0.000571531 
0.000347089 
0.000115921 
-0.000116679 
-0.000346832 
-0.000573153 
-0.000794305 
-0.00100859 
-0.00121432 
-0.00140974 
-0.00159294 
-0.00176171 
-0.00191334 
-0.00204449 
-0.00215118 
-0.00222894 
-0.00227304 
-0.00227877 
-0.00224189 
-0.00215919 
-0.00202997 
-0.0018595 
-0.00166398 
-0.0014705 
-0.00130405 
-0.00116833 
-0.00104353 
-0.000907201 
-0.000753195 
-0.000589109 
-0.000425341 
-0.000269449 
-0.000128691 
-1.09609e-05 
7.52707e-05 
0.000124013 
0 
0.000691399 
0.000691399 
-0.000290789 
-0.0014815 
-0.0019472 
-0.00215545 
-0.00225612 
-0.00228491 
-0.00227735 
-0.00225182 
-0.00222055 
-0.00219017 
-0.00216361 
-0.00214126 
-0.00212183 
-0.002103 
-0.00208188 
-0.00205535 
-0.0020203 
-0.00197381 
-0.00191329 
-0.00183659 
-0.0017421 
-0.00162877 
-0.00149618 
-0.00134453 
-0.00117463 
-0.000987833 
-0.000786025 
-0.000571531 
-0.000347089 
-0.000115921 
0.000116679 
0.000346832 
0.000573153 
0.000794305 
0.00100859 
0.00121432 
0.00140974 
0.00159294 
0.00176171 
0.00191334 
0.00204449 
0.00215118 
0.00222894 
0.00227304 
0.00227877 
0.00224189 
0.00215919 
0.00202997 
0.0018595 
0.00166398 
0.0014705 
0.00130405 
0.00116833 
0.00104353 
0.000907201 
0.000753195 
0.000589109 
0.000425341 
0.000269449 
0.000128691 
1.09609e-05 
-7.52707e-05 
-0.000124013 
-0.000124013 
0.00118258 
0.00118258 
-0.00199161 
-0.00388137 
-0.00502458 
-0.00562394 
-0.00592487 
-0.00603191 
-0.00603436 
-0.00598582 
-0.00592181 
-0.0058623 
-0.00581644 
-0.00578585 
-0.00576709 
-0.00575359 
-0.00573698 
-0.00570805 
-0.00565749 
-0.00557638 
-0.00545661 
-0.00529126 
-0.00507483 
-0.00480342 
-0.00447488 
-0.00408882 
-0.0036466 
-0.00315124 
-0.00260724 
-0.00202039 
-0.00139748 
-0.000745908 
-7.48423e-05 
0.000605782 
0.00128899 
0.00196833 
0.00263716 
0.00328917 
0.00391805 
0.00451686 
0.00507756 
0.00559047 
0.00604398 
0.00642454 
0.00671714 
0.00690618 
0.00697672 
0.00691601 
0.00671569 
0.00637593 
0.00591427 
0.00537642 
0.00483395 
0.00435048 
0.00393594 
0.00354448 
0.00312648 
0.00267113 
0.00219838 
0.0017315 
0.00128691 
0.000881299 
0.000531565 
0.000269025 
0.00011954 
0.00011954 
-0.00164562 
-0.00164562 
-0.00436317 
-0.00649529 
-0.00799184 
-0.00885411 
-0.00929212 
-0.00944844 
-0.00944989 
-0.00938039 
-0.00929503 
-0.00922451 
-0.00918216 
-0.00916917 
-0.00917873 
-0.00919909 
-0.0092157 
-0.00921275 
-0.0091743 
-0.00908509 
-0.00893129 
-0.00870099 
-0.00838468 
-0.00797556 
-0.00746971 
-0.00686623 
-0.00616713 
-0.00537725 
-0.00450395 
-0.00355684 
-0.00254724 
-0.00148726 
-0.000389855 
0.000731591 
0.00186367 
0.00299439 
0.00411247 
0.00520739 
0.00626877 
0.00728535 
0.00824385 
0.00912813 
0.00991848 
0.0105915 
0.0111209 
0.0114793 
0.0116405 
0.0115825 
0.0112921 
0.0107711 
0.0100498 
0.00920046 
0.00833135 
0.00753484 
0.00682398 
0.00613553 
0.00540629 
0.00462763 
0.00382758 
0.00303651 
0.00227524 
0.00156947 
0.000955579 
0.000488723 
0.00021715 
0.00021715 
-0.00379626 
-0.00379626 
-0.00675714 
-0.00916532 
-0.0108319 
-0.0117822 
-0.012239 
-0.0123779 
-0.0123508 
-0.01226 
-0.0121709 
-0.0121181 
-0.0121141 
-0.012156 
-0.0122313 
-0.0123214 
-0.0124047 
-0.0124583 
-0.0124593 
-0.0123862 
-0.0122195 
-0.0119426 
-0.011542 
-0.0110084 
-0.0103365 
-0.00952501 
-0.00857705 
-0.00749957 
-0.00630324 
-0.00500198 
-0.00361245 
-0.00215303 
-0.000643358 
0.000896135 
0.0024474 
0.00399496 
0.0055246 
0.00702331 
0.00847861 
0.00987695 
0.0112021 
0.0124333 
0.0135443 
0.0145027 
0.015271 
0.015809 
0.0160779 
0.0160454 
0.0156917 
0.0150203 
0.0140734 
0.0129482 
0.0117833 
0.0106905 
0.00968111 
0.00868017 
0.00762331 
0.00651009 
0.00537517 
0.00424815 
0.00315423 
0.00212922 
0.00121308 
0.000497022 
7.07399e-05 
7.07399e-05 
-0.00654621 
-0.00654621 
-0.00950575 
-0.0119292 
-0.0135549 
-0.0144452 
-0.0148327 
-0.0149127 
-0.0148492 
-0.0147517 
-0.0146873 
-0.0146876 
-0.0147594 
-0.0148926 
-0.0150672 
-0.0152569 
-0.015433 
-0.0155656 
-0.0156258 
-0.0155861 
-0.0154218 
-0.0151118 
-0.0146394 
-0.0139926 
-0.013165 
-0.0121552 
-0.0109674 
-0.00961062 
-0.00809891 
-0.00645058 
-0.00468776 
-0.00283532 
-0.000920343 
0.00103158 
0.00299655 
0.00495286 
0.00688125 
0.00876523 
0.0105903 
0.0123418 
0.0140028 
0.015551 
0.0169569 
0.0181818 
0.0191791 
0.0198969 
0.0202834 
0.0202945 
0.019903 
0.0191127 
0.0179775 
0.0166174 
0.0151951 
0.0138319 
0.0125308 
0.0112112 
0.00981857 
0.00836559 
0.00688849 
0.00541389 
0.00395486 
0.00254566 
0.00125757 
0.00021222 
-0.000450992 
-0.000450992 
-0.0088676 
-0.0088676 
-0.0120212 
-0.0144457 
-0.0159613 
-0.0167285 
-0.0170097 
-0.0170201 
-0.0169299 
-0.0168488 
-0.0168392 
-0.0169242 
-0.0171016 
-0.017352 
-0.0176473 
-0.0179543 
-0.0182377 
-0.0184621 
-0.0185928 
-0.0185971 
-0.0184456 
-0.0181129 
-0.0175788 
-0.0168292 
-0.015856 
-0.014658 
-0.01324 
-0.0116131 
-0.00979455 
-0.00780679 
-0.00567742 
-0.00343776 
-0.00112248 
0.00123356 
0.00359847 
0.0059442 
0.00824691 
0.0104873 
0.0126493 
0.0147185 
0.0166783 
0.0185068 
0.0201731 
0.0216352 
0.0228395 
0.0237239 
0.0242243 
0.0242847 
0.02387 
0.0229837 
0.0216918 
0.0201356 
0.0184953 
0.0168905 
0.015311 
0.0136778 
0.0119562 
0.0101716 
0.00835578 
0.00650961 
0.00462816 
0.00276957 
0.00102112 
-0.000481415 
-0.00150886 
-0.00150886 
-0.0112024 
-0.0112024 
-0.0144449 
-0.0167601 
-0.0180864 
-0.0186873 
-0.0188462 
-0.0187905 
-0.0186894 
-0.0186464 
-0.0187136 
-0.0189027 
-0.0192002 
-0.019578 
-0.0200009 
-0.0204299 
-0.020825 
-0.021146 
-0.0213533 
-0.0214094 
-0.0212799 
-0.0209352 
-0.0203518 
-0.0195126 
-0.0184086 
-0.0170378 
-0.0154058 
-0.0135255 
-0.0114165 
-0.00910534 
-0.00662472 
-0.00401242 
-0.00131052 
0.00143938 
0.00419625 
0.00692297 
0.00958887 
0.0121702 
0.0146491 
0.0170108 
0.0192403 
0.0213173 
0.023212 
0.0248809 
0.0262661 
0.0272972 
0.0278995 
0.028006 
0.0275742 
0.0266092 
0.0251899 
0.0234776 
0.0216613 
0.0198474 
0.0180102 
0.0160824 
0.0140556 
0.0119634 
0.00980587 
0.00754518 
0.00519798 
0.00282241 
0.000477329 
-0.00169004 
-0.00327411 
-0.00327411 
-0.0131882 
-0.0131882 
-0.0165385 
-0.0187249 
-0.0198564 
-0.0202995 
-0.0203506 
-0.0202475 
-0.0201539 
-0.0201648 
-0.0203198 
-0.0206182 
-0.0210363 
-0.0215388 
-0.0220852 
-0.0226328 
-0.0231377 
-0.0235557 
-0.0238427 
-0.0239563 
-0.0238573 
-0.0235117 
-0.0228918 
-0.0219782 
-0.0207598 
-0.0192345 
-0.0174079 
-0.0152937 
-0.0129138 
-0.0102978 
-0.00748303 
-0.00451332 
-0.00143784 
0.00169133 
0.00482166 
0.0079074 
0.0109124 
0.0138095 
0.0165793 
0.0192073 
0.0216795 
0.0239773 
0.0260723 
0.0279205 
0.0294607 
0.0306163 
0.0313035 
0.0314464 
0.0309973 
0.0299658 
0.0284464 
0.0266178 
0.0246671 
0.0226765 
0.0206088 
0.0184204 
0.0161306 
0.0137538 
0.0112362 
0.00854888 
0.00569521 
0.00267722 
-0.000496631 
-0.00357279 
-0.00587007 
-0.00587007 
-0.0149456 
-0.0149456 
-0.018347 
-0.0203736 
-0.0213132 
-0.0216164 
-0.021579 
-0.0214459 
-0.0213713 
-0.0214415 
-0.0216826 
-0.0220831 
-0.0226112 
-0.0232264 
-0.023885 
-0.0245417 
-0.0251498 
-0.0256615 
-0.0260287 
-0.0262041 
-0.0261435 
-0.025808 
-0.025166 
-0.024195 
-0.0228823 
-0.0212248 
-0.019228 
-0.0169061 
-0.0142819 
-0.0113876 
-0.0082649 
-0.00496315 
-0.00153805 
0.00194955 
0.00543389 
0.0088586 
0.0121811 
0.0153712 
0.0184086 
0.0212795 
0.0239713 
0.0264672 
0.0287394 
0.0307437 
0.032416 
0.0336743 
0.0344278 
0.034594 
0.0341244 
0.0330376 
0.031447 
0.0295434 
0.0274988 
0.0253651 
0.0231043 
0.0207081 
0.0182052 
0.015557 
0.012699 
0.00956974 
0.00609312 
0.00219876 
-0.00207199 
-0.00617884 
-0.00919238 
-0.00919238 
-0.0163689 
-0.0163689 
-0.0198001 
-0.021674 
-0.0224548 
-0.0226517 
-0.022552 
-0.0224059 
-0.0223568 
-0.0224834 
-0.0228002 
-0.0232877 
-0.0239085 
-0.0246191 
-0.0253741 
-0.0261265 
-0.0268277 
-0.0274268 
-0.0278718 
-0.0281108 
-0.0280947 
-0.0277795 
-0.0271294 
-0.0261187 
-0.0247326 
-0.022967 
-0.020827 
-0.0183261 
-0.0154875 
-0.012345 
-0.0089439 
-0.00533834 
-0.00158938 
0.00222907 
0.00603563 
0.0097655 
0.0133724 
0.016825 
0.0201031 
0.0231935 
0.0260843 
0.0287591 
0.03119 
0.0333314 
0.0351159 
0.0364567 
0.0372578 
0.0374339 
0.0369408 
0.0358126 
0.0341831 
0.0322464 
0.030146 
0.027905 
0.0255025 
0.0229641 
0.0202918 
0.0174115 
0.014209 
0.010524 
0.00619064 
0.00114587 
-0.00432394 
-0.00935588 
-0.0129854 
-0.0129854 
-0.0174952 
-0.0174952 
-0.0209211 
-0.0226565 
-0.0233155 
-0.0234381 
-0.0232994 
-0.0231519 
-0.0231283 
-0.0233019 
-0.0236781 
-0.0242329 
-0.0249252 
-0.0257106 
-0.0265429 
-0.0273744 
-0.0281549 
-0.0288313 
-0.0293483 
-0.0296499 
-0.0296821 
-0.0293961 
-0.0287512 
-0.0277184 
-0.0262805 
-0.0244324 
-0.0221784 
-0.0195311 
-0.0165126 
-0.0131577 
-0.0095152 
-0.00564389 
-0.00160847 
0.00250407 
0.00659477 
0.0105918 
0.0144475 
0.0181314 
0.0216241 
0.0249125 
0.0279846 
0.0308228 
0.0333975 
0.0356598 
0.0375388 
0.0389432 
0.039774 
0.0399477 
0.0394318 
0.0382819 
0.0366505 
0.034722 
0.0326009 
0.0302953 
0.0278175 
0.0252045 
0.0224166 
0.0193089 
0.0156604 
0.0111967 
0.00575 
-0.000556706 
-0.00708209 
-0.0128631 
-0.0170146 
-0.0170146 
-0.0183089 
-0.0183089 
-0.0217062 
-0.0233316 
-0.0239116 
-0.0239918 
-0.0238364 
-0.0236962 
-0.0236948 
-0.0239027 
-0.0243197 
-0.0249201 
-0.0256614 
-0.0264994 
-0.0273877 
-0.0282787 
-0.0291216 
-0.0298618 
-0.0304415 
-0.0308012 
-0.0308826 
-0.030632 
-0.0300041 
-0.0289658 
-0.0274974 
-0.0255923 
-0.0232539 
-0.0204936 
-0.0173317 
-0.013802 
-0.00995698 
-0.00586026 
-0.0015826 
0.00277058 
0.00708918 
0.0113036 
0.0153682 
0.0192525 
0.0229361 
0.0264043 
0.0296426 
0.0326308 
0.0353354 
0.0377036 
0.0396596 
0.0411089 
0.0419528 
0.0421159 
0.0415847 
0.040441 
0.0388481 
0.0369647 
0.034858 
0.0325421 
0.0300666 
0.0274476 
0.0245604 
0.0211462 
0.0168519 
0.0113699 
0.00468735 
-0.00277007 
-0.0101279 
-0.0165207 
-0.0211205 
-0.0211205 
-0.0188307 
-0.0188307 
-0.0221808 
-0.0237278 
-0.0242681 
-0.0243329 
-0.0241793 
-0.0240513 
-0.0240669 
-0.0242952 
-0.024734 
-0.0253585 
-0.0261263 
-0.026994 
-0.0279159 
-0.0288451 
-0.0297308 
-0.0305179 
-0.0311471 
-0.0315567 
-0.0316847 
-0.0314727 
-0.0308714 
-0.0298432 
-0.028365 
-0.0264279 
-0.0240347 
-0.021196 
-0.0179309 
-0.0142698 
-0.0102666 
-0.005992 
-0.0015312 
0.00299574 
0.00748357 
0.0118696 
0.0161077 
0.020165 
0.024018 
0.0276484 
0.031038 
0.0341618 
0.0369815 
0.0394386 
0.0414528 
0.0429282 
0.043771 
0.043921 
0.0433911 
0.0422886 
0.0407741 
0.0389695 
0.0369151 
0.0346614 
0.032269 
0.0296782 
0.0266438 
0.0227642 
0.0176069 
0.0109683 
0.00310005 
-0.00529552 
-0.0133006 
-0.0201999 
-0.0251884 
-0.0251884 
-0.0190743 
-0.0190743 
-0.0223614 
-0.0238645 
-0.0244003 
-0.0244742 
-0.0243396 
-0.0242284 
-0.0242566 
-0.0244923 
-0.0249355 
-0.0255637 
-0.0263361 
-0.0272109 
-0.0281436 
-0.0290886 
-0.0299961 
-0.0308114 
-0.0314752 
-0.0319242 
-0.0320932 
-0.031921 
-0.0313539 
-0.0303498 
-0.0288812 
-0.0269359 
-0.0245155 
-0.0216316 
-0.0183035 
-0.0145596 
-0.0104503 
-0.00605303 
-0.00147478 
0.00316039 
0.00776558 
0.0122821 
0.0166603 
0.0208632 
0.0248626 
0.0286354 
0.0321578 
0.0353992 
0.0383144 
0.0408393 
0.04289 
0.0443726 
0.0452046 
0.0453487 
0.0448487 
0.0438285 
0.0424269 
0.0407271 
0.0387835 
0.0366746 
0.0344187 
0.0318414 
0.0285487 
0.0240198 
0.0178496 
0.0100515 
0.00115349 
-0.00797853 
-0.0164939 
-0.0238079 
-0.0291331 
-0.0291331 
-0.0190449 
-0.0190449 
-0.0222819 
-0.0237712 
-0.0243288 
-0.0244314 
-0.0243279 
-0.0242371 
-0.0242744 
-0.0245076 
-0.0249411 
-0.0255555 
-0.026313 
-0.0271738 
-0.0280952 
-0.0290331 
-0.0299394 
-0.0307609 
-0.031439 
-0.0319106 
-0.0321106 
-0.0319752 
-0.0314472 
-0.03048 
-0.0290414 
-0.0271149 
-0.0246996 
-0.0218076 
-0.0184614 
-0.0146931 
-0.010548 
-0.00609513 
-0.00144779 
0.00326031 
0.00794629 
0.0125564 
0.0170403 
0.0213579 
0.0254761 
0.0293661 
0.0329976 
0.0363325 
0.0393187 
0.0418866 
0.0439512 
0.0454255 
0.0462453 
0.0464015 
0.0459625 
0.0450583 
0.0437962 
0.0422449 
0.0404827 
0.0385848 
0.0364816 
0.0338545 
0.0301636 
0.024839 
0.0176094 
0.00875059 
-0.000994847 
-0.0107068 
-0.019631 
-0.027274 
-0.0328881 
-0.0328881 
-0.0187601 
-0.0187601 
-0.021967 
-0.0234681 
-0.0240677 
-0.0242161 
-0.0241549 
-0.0240893 
-0.0241342 
-0.024358 
-0.0247707 
-0.0253568 
-0.0260826 
-0.0269105 
-0.0278003 
-0.02871 
-0.029594 
-0.0304015 
-0.0310761 
-0.0315561 
-0.0317764 
-0.0316724 
-0.0311842 
-0.0302613 
-0.0288669 
-0.0269799 
-0.0245962 
-0.0217268 
-0.0183961 
-0.0146419 
-0.0105154 
-0.00608602 
-0.00144595 
0.00328773 
0.00802025 
0.012692 
0.0172506 
0.0216527 
0.0258602 
0.029838 
0.0335485 
0.0369457 
0.0399708 
0.0425507 
0.0446041 
0.0460579 
0.0468737 
0.0470723 
0.0467379 
0.0459814 
0.0448874 
0.0435354 
0.0420217 
0.0403743 
0.038402 
0.0356343 
0.0314221 
0.0252308 
0.0169877 
0.00721195 
-0.00322028 
-0.0134066 
-0.0226546 
-0.0305439 
-0.0364002 
-0.0364002 
-0.0182385 
-0.0182385 
-0.0214365 
-0.0229711 
-0.0236301 
-0.0238399 
-0.0238319 
-0.0237984 
-0.0238525 
-0.0240639 
-0.0244484 
-0.0249956 
-0.025676 
-0.0264551 
-0.0272951 
-0.0281567 
-0.0289972 
-0.0297693 
-0.0304198 
-0.0308902 
-0.0311174 
-0.0310375 
-0.0305892 
-0.0297191 
-0.0283858 
-0.0265637 
-0.0242445 
-0.0214368 
-0.0181649 
-0.0144676 
-0.0103976 
-0.00602353 
-0.00143151 
0.00327577 
0.00800904 
0.0127018 
0.0172974 
0.0217478 
0.0260091 
0.0300391 
0.0337925 
0.0372162 
0.040247 
0.0428126 
0.0448415 
0.0462803 
0.0471165 
0.0473909 
0.0471875 
0.0465985 
0.0457059 
0.0446092 
0.0433941 
0.0420055 
0.0401165 
0.0371201 
0.0323147 
0.0252666 
0.0161142 
0.00556351 
-0.00543987 
-0.0160256 
-0.0255155 
-0.0335706 
-0.0396226 
-0.0396226 
-0.0175001 
-0.0175001 
-0.0207086 
-0.0222945 
-0.0230277 
-0.0233129 
-0.0233697 
-0.023377 
-0.0234455 
-0.0236455 
-0.023999 
-0.0245008 
-0.0251265 
-0.0258448 
-0.0266208 
-0.0274178 
-0.0281966 
-0.0289138 
-0.0295205 
-0.0299624 
-0.0301803 
-0.0301124 
-0.0296982 
-0.0288824 
-0.0276203 
-0.0258815 
-0.0236528 
-0.0209392 
-0.0177626 
-0.0141614 
-0.0101881 
-0.00590882 
-0.00140233 
0.00323868 
0.00792958 
0.0126011 
0.0171929 
0.0216512 
0.0259259 
0.0299678 
0.0337246 
0.0371382 
0.0401443 
0.0426763 
0.0446768 
0.0461134 
0.046994 
0.0473684 
0.0473133 
0.0469132 
0.0462619 
0.0454679 
0.044576 
0.0434288 
0.0415682 
0.0382846 
0.0328789 
0.0250496 
0.0151167 
0.00390628 
-0.00759217 
-0.0185149 
-0.0281653 
-0.0363085 
-0.0425096 
-0.0425096 
-0.0165635 
-0.0165635 
-0.0197995 
-0.0214516 
-0.0222714 
-0.0226446 
-0.0227779 
-0.0228369 
-0.0229283 
-0.0231222 
-0.0234464 
-0.0239013 
-0.0244677 
-0.0251179 
-0.0258201 
-0.0265404 
-0.0272429 
-0.0278884 
-0.028433 
-0.0288276 
-0.0290182 
-0.0289472 
-0.0285566 
-0.0277915 
-0.0266051 
-0.024963 
-0.0228466 
-0.0202556 
-0.0172077 
-0.0137378 
-0.00989591 
-0.0057449 
-0.0013587 
0.00317829 
0.00778633 
0.0123944 
0.0169394 
0.0213622 
0.0256072 
0.029619 
0.0333403 
0.036711 
0.0396693 
0.0421578 
0.0441346 
0.0455848 
0.0465285 
0.0470174 
0.0471242 
0.0469374 
0.0465638 
0.0461005 
0.04553 
0.044591 
0.0427145 
0.0391285 
0.0331757 
0.0246832 
0.0140975 
0.00230583 
-0.009632 
-0.0208218 
-0.0305501 
-0.0387076 
-0.0450122 
-0.0450122 
-0.0154472 
-0.0154472 
-0.0187253 
-0.0204554 
-0.0213719 
-0.0218439 
-0.022065 
-0.022188 
-0.0223135 
-0.0225109 
-0.0228123 
-0.0232236 
-0.0237311 
-0.0243113 
-0.0249352 
-0.025572 
-0.0261889 
-0.0267506 
-0.0272184 
-0.0275489 
-0.0276942 
-0.0276027 
-0.0272207 
-0.0264959 
-0.0253813 
-0.02384 
-0.0218487 
-0.0194011 
-0.0165087 
-0.013201 
-0.00952321 
-0.00553371 
-0.00130155 
0.00309574 
0.00758233 
0.0120862 
0.0165418 
0.0208863 
0.0250593 
0.0290015 
0.032653 
0.0359545 
0.0388495 
0.0412913 
0.0432511 
0.0447264 
0.0457438 
0.0463557 
0.0466376 
0.0466871 
0.0466135 
0.046484 
0.0462115 
0.0454426 
0.0435269 
0.0396676 
0.0332673 
0.0242546 
0.0131424 
0.000824977 
-0.0115085 
-0.0228797 
-0.0326048 
-0.0407112 
-0.0470758 
-0.0470758 
-0.0141694 
-0.0141694 
-0.0175023 
-0.0193194 
-0.02034 
-0.0209189 
-0.0212382 
-0.0214376 
-0.0216107 
-0.0218246 
-0.0221141 
-0.0224902 
-0.0229446 
-0.023458 
-0.0240049 
-0.0245571 
-0.0250848 
-0.0255564 
-0.0259378 
-0.0261916 
-0.0262763 
-0.026147 
-0.0257562 
-0.0250562 
-0.0240023 
-0.0225571 
-0.0206939 
-0.0184009 
-0.0156828 
-0.0125619 
-0.00907662 
-0.00527916 
-0.00123305 
0.00299084 
0.0073198 
0.0116812 
0.0160078 
0.0202343 
0.0242975 
0.0281359 
0.0316898 
0.0349026 
0.0377245 
0.0401184 
0.0420656 
0.0435716 
0.0446674 
0.045409 
0.0458781 
0.0461775 
0.0464056 
0.0465888 
0.0465752 
0.0459408 
0.0439852 
0.0399147 
0.0331934 
0.0238111 
0.0122886 
-0.000506023 
-0.0131656 
-0.0246059 
-0.0342521 
-0.0422548 
-0.0486402 
-0.0486402 
-0.012749 
-0.012749 
-0.0161476 
-0.0180584 
-0.0191873 
-0.0198786 
-0.0203039 
-0.0205912 
-0.0208261 
-0.0210718 
-0.0213642 
-0.0217181 
-0.0221303 
-0.0225856 
-0.0230621 
-0.0235345 
-0.0239756 
-0.0243571 
-0.0246491 
-0.0248193 
-0.0248328 
-0.0246516 
-0.0242351 
-0.023542 
-0.022532 
-0.0211696 
-0.0194272 
-0.0172888 
-0.0147531 
-0.0118343 
-0.00856285 
-0.00498326 
-0.0011521 
0.00286708 
0.0070052 
0.0111893 
0.0153517 
0.0194254 
0.0233465 
0.0270533 
0.0304879 
0.0335976 
0.0363393 
0.0386835 
0.0406192 
0.0421579 
0.043335 
0.0442117 
0.0448741 
0.0454214 
0.0459303 
0.0463852 
0.0465826 
0.046052 
0.0440724 
0.0398722 
0.0329701 
0.0233815 
0.0115791 
-0.00163141 
-0.014522 
-0.0258984 
-0.035406 
-0.0432709 
-0.0496447 
-0.0496447 
-0.0112062 
-0.0112062 
-0.0146801 
-0.0166889 
-0.0179277 
-0.0187332 
-0.0192691 
-0.0196532 
-0.0199632 
-0.0202568 
-0.0205694 
-0.0209179 
-0.0213031 
-0.021714 
-0.0221321 
-0.0225349 
-0.0228978 
-0.0231954 
-0.0234015 
-0.0234883 
-0.0234266 
-0.0231849 
-0.0227299 
-0.0220272 
-0.0210426 
-0.0197446 
-0.0181072 
-0.016113 
-0.0137558 
-0.0110433 
-0.00799718 
-0.00465323 
-0.00105951 
0.00272916 
0.00664816 
0.0106254 
0.0145936 
0.0184858 
0.0222388 
0.0257921 
0.0290907 
0.0320864 
0.0347419 
0.0370341 
0.038958 
0.0405302 
0.0417907 
0.042804 
0.0436546 
0.0444297 
0.0451793 
0.0458515 
0.0462077 
0.0457541 
0.0437726 
0.0395192 
0.0325613 
0.0229188 
0.0109725 
-0.00253097 
-0.0154835 
-0.0266578 
-0.0359867 
-0.0436998 
-0.0500374 
-0.0500374 
-0.00956261 
-0.00956261 
-0.0131206 
-0.0152302 
-0.0165776 
-0.0174953 
-0.0181421 
-0.0186282 
-0.0190234 
-0.01938 
-0.0197307 
-0.0200931 
-0.0204703 
-0.0208548 
-0.0212311 
-0.0215795 
-0.021878 
-0.0221037 
-0.0222334 
-0.0222434 
-0.0221093 
-0.0218056 
-0.0213055 
-0.0205816 
-0.0196062 
-0.0183534 
-0.0168007 
-0.0149316 
-0.0127381 
-0.0102229 
-0.0074005 
-0.00429811 
-0.000954698 
0.00258459 
0.00626224 
0.0100089 
0.0137588 
0.017447 
0.0210115 
0.0243948 
0.0275451 
0.0304188 
0.0329837 
0.0352222 
0.0371342 
0.0387404 
0.0400835 
0.0412269 
0.0422474 
0.0432144 
0.044152 
0.0449806 
0.0454425 
0.0450395 
0.0430702 
0.0388328 
0.0319329 
0.022405 
0.0104526 
-0.00309792 
-0.0158483 
-0.0267736 
-0.0359146 
-0.0434885 
-0.0497718 
-0.0497718 
-0.0078417 
-0.0078417 
-0.011492 
-0.0137041 
-0.0151572 
-0.0161817 
-0.0169353 
-0.0175231 
-0.0180093 
-0.0184403 
-0.0188454 
-0.019241 
-0.0196311 
-0.0200103 
-0.0203654 
-0.0206791 
-0.0209315 
-0.0211021 
-0.0211702 
-0.0211158 
-0.0209185 
-0.020558 
-0.0200134 
-0.0192633 
-0.0182868 
-0.0170637 
-0.0155764 
-0.0138112 
-0.0117607 
-0.00942498 
-0.00681344 
-0.00394589 
-0.00085249 
0.00243124 
0.00585587 
0.00935712 
0.0128729 
0.0163414 
0.0197039 
0.0229061 
0.0259001 
0.028647 
0.0311191 
0.0333034 
0.0352034 
0.0368422 
0.0382615 
0.0395193 
0.0406799 
0.0417931 
0.0428609 
0.0437861 
0.0443052 
0.0439336 
0.0419996 
0.0377976 
0.0309773 
0.0216052 
0.00987034 
-0.00320564 
-0.0155396 
-0.0262197 
-0.0351737 
-0.042621 
-0.0488487 
-0.0488487 
-0.00606823 
-0.00606823 
-0.00981886 
-0.012135 
-0.0136897 
-0.0148137 
-0.0156659 
-0.0163501 
-0.0169268 
-0.0174381 
-0.0179094 
-0.0183549 
-0.0187781 
-0.0191741 
-0.0195311 
-0.0198331 
-0.0200617 
-0.0201982 
-0.0202241 
-0.0201221 
-0.0198757 
-0.0194691 
-0.0188864 
-0.018112 
-0.0171305 
-0.0159274 
-0.0144898 
-0.0128081 
-0.0108767 
-0.0086959 
-0.00627256 
-0.00362163 
-0.000766502 
0.00226545 
0.00543501 
0.00868522 
0.0119594 
0.0152004 
0.0183539 
0.0213697 
0.0242043 
0.0268231 
0.0292024 
0.0313326 
0.0332193 
0.0348851 
0.0363677 
0.0377161 
0.0389799 
0.0401908 
0.041334 
0.0423046 
0.0428454 
0.0424819 
0.0405416 
0.0364016 
0.0297517 
0.0206609 
0.00941406 
-0.00295333 
-0.0147157 
-0.0250572 
-0.033801 
-0.0411222 
-0.0472949 
-0.0472949 
-0.00426712 
-0.00426712 
-0.00812615 
-0.0105485 
-0.0122016 
-0.0134169 
-0.0143574 
-0.015128 
-0.0157889 
-0.0163793 
-0.0169218 
-0.0174283 
-0.0179006 
-0.0183334 
-0.0187149 
-0.0190295 
-0.0192594 
-0.0193865 
-0.0193936 
-0.0192653 
-0.0189883 
-0.0185505 
-0.0179411 
-0.0171493 
-0.0161653 
-0.0149794 
-0.0135835 
-0.0119717 
-0.0101413 
-0.00809354 
-0.00583452 
-0.00337611 
-0.000736755 
0.00206202 
0.00498872 
0.00799519 
0.0110317 
0.0140472 
0.0169929 
0.0198237 
0.0225007 
0.0249934 
0.0272815 
0.0293574 
0.0312271 
0.0329101 
0.0344378 
0.0358483 
0.0371768 
0.03844 
0.0396126 
0.0405887 
0.0411119 
0.040713 
0.038782 
0.0347548 
0.0283578 
0.0196747 
0.00908895 
-0.00241584 
-0.0134893 
-0.0233959 
-0.0318852 
-0.0390657 
-0.0451777 
-0.0451777 
-0.00246242 
-0.00246242 
-0.00643711 
-0.00896905 
-0.0107192 
-0.0120196 
-0.0130384 
-0.0138837 
-0.0146177 
-0.0152796 
-0.0158906 
-0.0164609 
-0.0169909 
-0.0174743 
-0.0178987 
-0.018248 
-0.0185039 
-0.0186478 
-0.0186626 
-0.0185335 
-0.0182486 
-0.0177989 
-0.0171776 
-0.0163788 
-0.0153977 
-0.0142295 
-0.0128703 
-0.0113176 
-0.00957133 
-0.00763474 
-0.00551474 
-0.00322259 
-0.000774437 
0.0018114 
0.00451221 
0.00728897 
0.0100992 
0.0128986 
0.0156446 
0.0182974 
0.0208228 
0.0231939 
0.0253932 
0.0274139 
0.0292602 
0.0309476 
0.0324995 
0.0339432 
0.0353012 
0.0365786 
0.0377442 
0.0386885 
0.0391546 
0.0387132 
0.0368071 
0.0329422 
0.0268853 
0.0187361 
0.00892589 
-0.00166549 
-0.0119766 
-0.0213654 
-0.0295437 
-0.0365542 
-0.0425914 
-0.0425914 
-0.000673929 
-0.000673929 
-0.00477049 
-0.00741667 
-0.00926602 
-0.0106494 
-0.0117397 
-0.0126494 
-0.0134445 
-0.0141662 
-0.0148363 
-0.0154648 
-0.0160517 
-0.01659 
-0.017067 
-0.0174659 
-0.0177676 
-0.0179524 
-0.0180017 
-0.0178997 
-0.0176343 
-0.0171973 
-0.0165844 
-0.0157939 
-0.014826 
-0.0136811 
-0.0123599 
-0.0108638 
-0.00919511 
-0.00735838 
-0.00536085 
-0.00321294 
-0.000928845 
0.00147491 
0.00397827 
0.00655029 
0.00915562 
0.0117573 
0.0143188 
0.0168064 
0.0191902 
0.0214468 
0.0235605 
0.0255243 
0.0273402 
0.0290182 
0.0305742 
0.0320253 
0.0333836 
0.0346459 
0.0357751 
0.0366538 
0.0370468 
0.0365623 
0.0347073 
0.0310564 
0.0254144 
0.0178909 
0.00891446 
-0.000751605 
-0.0102678 
-0.0190808 
-0.0268953 
-0.0337007 
-0.0396431 
-0.0396431 
0.00108205 
0.00108205 
-0.00313676 
-0.00590322 
-0.00785743 
-0.00932699 
-0.0104885 
-0.0114577 
-0.0123053 
-0.0130755 
-0.0137926 
-0.0144679 
-0.0151024 
-0.0156897 
-0.0162177 
-0.0166697 
-0.0170264 
-0.0172674 
-0.0173725 
-0.0173237 
-0.0171064 
-0.0167109 
-0.0161325 
-0.0153711 
-0.0144302 
-0.0133152 
-0.012032 
-0.0105862 
-0.0089835 
-0.00723047 
-0.00533578 
-0.00331075 
-0.00116971 
0.001071 
0.0033966 
0.00578446 
0.00820507 
0.0106277 
0.0130218 
0.0153586 
0.0176124 
0.0197626 
0.0217944 
0.0237001 
0.0254788 
0.0271354 
0.0286784 
0.0301168 
0.0314541 
0.0326799 
0.0337467 
0.0345458 
0.0348604 
0.0343437 
0.0325698 
0.0291768 
0.024003 
0.0171579 
0.00903307 
0.000278824 
-0.00843361 
-0.0166387 
-0.0240481 
-0.0306147 
-0.0364401 
-0.0364401 
0.00280131 
0.00280131 
-0.00153846 
-0.00443015 
-0.00649731 
-0.0080615 
-0.0093009 
-0.0103329 
-0.0112319 
-0.0120452 
-0.0128004 
-0.013511 
-0.0141803 
-0.0148038 
-0.0153712 
-0.0158676 
-0.0162751 
-0.0165737 
-0.0167431 
-0.0167635 
-0.0166176 
-0.0162923 
-0.0157793 
-0.0150764 
-0.0141871 
-0.0131197 
-0.0118852 
-0.0104949 
-0.00895945 
-0.00728828 
-0.00549053 
-0.00357642 
-0.00155813 
0.000549281 
0.00272981 
0.00496388 
0.00722766 
0.00949627 
0.0117448 
0.0139492 
0.0160874 
0.0181411 
0.0200963 
0.0219443 
0.0236814 
0.0253078 
0.026826 
0.028238 
0.0295399 
0.0307117 
0.0317064 
0.0324222 
0.0326644 
0.0321336 
0.0304687 
0.027366 
0.0226906 
0.0165427 
0.00925859 
0.00138632 
-0.00653437 
-0.0141185 
-0.0210955 
-0.0273946 
-0.0330817 
-0.0330817 
0.00449397 
0.00449397 
2.96609e-05 
-0.0029874 
-0.00517579 
-0.00684626 
-0.0081763 
-0.00928265 
-0.0102415 
-0.0111022 
-0.011895 
-0.0126361 
-0.0133312 
-0.0139785 
-0.0145706 
-0.0150954 
-0.0155382 
-0.0158815 
-0.0161068 
-0.0161951 
-0.0161283 
-0.01589 
-0.0154675 
-0.014853 
-0.0140452 
-0.0130494 
-0.0118769 
-0.0105432 
-0.00906524 
-0.00745848 
-0.00573668 
-0.00391278 
-0.00200049 
-1.49714e-05 
0.00202885 
0.00412102 
0.00624275 
0.00837282 
0.0104911 
0.0125777 
0.0146128 
0.0165796 
0.018464 
0.0202565 
0.0219503 
0.0235419 
0.0250286 
0.0264064 
0.027663 
0.0287748 
0.0296973 
0.0303357 
0.0305197 
0.0299958 
0.0284638 
0.0256711 
0.0215034 
0.016045 
0.00957284 
0.00253753 
-0.00462043 
-0.0115852 
-0.0181142 
-0.0241241 
-0.0296537 
-0.0296537 
0.00618003 
0.00618003 
0.001586 
-0.00155631 
-0.003871 
-0.00566006 
-0.00709635 
-0.0082942 
-0.00932919 
-0.0102513 
-0.0110922 
-0.0118699 
-0.0125922 
-0.0132597 
-0.0138678 
-0.0144078 
-0.0148684 
-0.0152364 
-0.0154972 
-0.0156352 
-0.0156344 
-0.0154791 
-0.0151546 
-0.0146485 
-0.0139526 
-0.0130643 
-0.0119891 
-0.0107403 
-0.00933806 
-0.0078051 
-0.00616249 
-0.00442662 
-0.00260974 
-0.000723275 
0.00121957 
0.00320301 
0.00521132 
0.00722881 
0.00924024 
0.0112294 
0.0131773 
0.0150696 
0.0168916 
0.0186334 
0.0202859 
0.0218424 
0.0232957 
0.0246354 
0.025844 
0.0269 
0.0277577 
0.0283316 
0.028476 
0.0279807 
0.0265998 
0.0241246 
0.020457 
0.0156613 
0.00995805 
0.00370809 
-0.00272725 
-0.00908746 
-0.015164 
-0.0208695 
-0.0262259 
-0.0262259 
0.00788454 
0.00788454 
0.00316028 
-0.000111849 
-0.00255429 
-0.00447282 
-0.00603077 
-0.00733894 
-0.00847033 
-0.00947396 
-0.0103818 
-0.0112124 
-0.0119751 
-0.0126718 
-0.0132998 
-0.0138532 
-0.0143239 
-0.0147024 
-0.0149785 
-0.0151414 
-0.01518 
-0.0150825 
-0.0148369 
-0.0144308 
-0.0138523 
-0.0130912 
-0.0121419 
-0.0110058 
-0.00969426 
-0.00822937 
-0.00664068 
-0.0049589 
-0.00320909 
-0.00140911 
0.000428119 
0.00229511 
0.00419033 
0.0060982 
0.00800813 
0.0099085 
0.0117805 
0.013608 
0.0153762 
0.0170735 
0.018689 
0.0202132 
0.0216341 
0.0229361 
0.0241042 
0.0251131 
0.0259189 
0.0264458 
0.0265717 
0.0261253 
0.0249075 
0.0227475 
0.0195594 
0.0153867 
0.0103992 
0.00487848 
-0.000878943 
-0.00665881 
-0.0122874 
-0.0176803 
-0.0228516 
-0.0228516 
0.00963265 
0.00963265 
0.00478454 
0.00138003 
-0.0011983 
-0.00325391 
-0.00494764 
-0.00638376 
-0.00763181 
-0.00873851 
-0.00973517 
-0.0106403 
-0.0114636 
-0.0122079 
-0.0128716 
-0.0134502 
-0.0139375 
-0.0143269 
-0.0146114 
-0.0147845 
-0.0148396 
-0.0147705 
-0.0145706 
-0.0142327 
-0.0137481 
-0.0131071 
-0.0122988 
-0.0113141 
-0.010149 
-0.00880993 
-0.00731799 
-0.00570855 
-0.00402227 
-0.00229011 
-0.000523173 
0.00127532 
0.00309113 
0.00491776 
0.00675588 
0.00859506 
0.0104089 
0.0121866 
0.0139117 
0.0155734 
0.0171589 
0.0186556 
0.0200477 
0.0213222 
0.0224602 
0.023435 
0.0242053 
0.0247051 
0.024834 
0.024454 
0.0234063 
0.0215514 
0.0188135 
0.0152169 
0.0108871 
0.00603743 
0.000909506 
-0.00431998 
-0.00951195 
-0.0145902 
-0.019568 
-0.019568 
0.0114496 
0.0114496 
0.00648633 
0.00294764 
0.000224275 
-0.00197815 
-0.00382129 
-0.00540161 
-0.00678535 
-0.00801572 
-0.00912259 
-0.0101239 
-0.0110293 
-0.0118421 
-0.0125614 
-0.0131835 
-0.0137037 
-0.0141168 
-0.014418 
-0.014603 
-0.0146688 
-0.0146127 
-0.0144331 
-0.014128 
-0.0136953 
-0.0131308 
-0.0124277 
-0.011576 
-0.0105629 
-0.00937618 
-0.00801064 
-0.00647761 
-0.00481486 
-0.00308694 
-0.00135988 
0.000339186 
0.00204958 
0.00377762 
0.00552578 
0.00729796 
0.00906563 
0.0108039 
0.012497 
0.0141323 
0.0156949 
0.0171708 
0.0185462 
0.0198044 
0.0209251 
0.0218811 
0.0226341 
0.0231277 
0.0232799 
0.0229813 
0.0221061 
0.0205411 
0.0182191 
0.0151484 
0.0114167 
0.00718086 
0.00263056 
-0.0020832 
-0.00685352 
-0.0116195 
-0.0163989 
-0.0163989 
0.0133574 
0.0133574 
0.00828669 
0.00461475 
0.00173757 
-0.000627777 
-0.00263292 
-0.00437461 
-0.00591277 
-0.00728717 
-0.00852499 
-0.00964295 
-0.0106504 
-0.0115509 
-0.012344 
-0.0130272 
-0.0135967 
-0.0140487 
-0.0143801 
-0.0145886 
-0.0146728 
-0.0146327 
-0.0144688 
-0.0141827 
-0.0137762 
-0.013251 
-0.0126075 
-0.0118437 
-0.0109544 
-0.00993063 
-0.00876031 
-0.0074317 
-0.00594024 
-0.00430158 
-0.00256764 
-0.000826346 
0.000857894 
0.00251498 
0.00423245 
0.00600569 
0.00774751 
0.00945914 
0.0111293 
0.0127458 
0.0142953 
0.0157637 
0.0171347 
0.0183901 
0.0195081 
0.0204621 
0.021217 
0.0217248 
0.021919 
0.0217136 
0.0210098 
0.0197165 
0.0177742 
0.0151784 
0.0119861 
0.00830832 
0.00428813 
5.24523e-05 
-0.00431699 
-0.00877717 
-0.0133562 
-0.0133562 
0.0153756 
0.0153756 
0.0102042 
0.00639779 
0.00335848 
0.00081711 
-0.00136904 
-0.00329057 
-0.00500325 
-0.00654332 
-0.00793399 
-0.00918981 
-0.0103191 
-0.011325 
-0.012208 
-0.0129662 
-0.0135975 
-0.0140998 
-0.0144718 
-0.0147131 
-0.0148245 
-0.0148078 
-0.0146656 
-0.014401 
-0.0140176 
-0.0135187 
-0.0129075 
-0.0121859 
-0.0113538 
-0.0104086 
-0.0093451 
-0.00815558 
-0.00683101 
-0.00536193 
-0.00374652 
-0.00200736 
-0.000255905 
0.00136695 
0.00298797 
0.00469916 
0.00643684 
0.00814146 
0.00980344 
0.0114153 
0.0129654 
0.0144388 
0.0158185 
0.017085 
0.018216 
0.0191853 
0.0199609 
0.0205018 
0.0207545 
0.0206515 
0.020116 
0.0190747 
0.0174757 
0.0153054 
0.0125962 
0.00942266 
0.00588755 
0.00208988 
-0.00190018 
-0.00606275 
-0.0104422 
-0.0104422 
0.0175219 
0.0175219 
0.0122559 
0.00831266 
0.00510296 
0.00236966 
-1.72189e-05 
-0.00213802 
-0.00404821 
-0.0057778 
-0.00734587 
-0.00876307 
-0.0100356 
-0.0111658 
-0.0121542 
-0.0130001 
-0.0137031 
-0.014263 
-0.014681 
-0.0149593 
-0.0151011 
-0.0151108 
-0.014993 
-0.014753 
-0.0143957 
-0.0139259 
-0.0133477 
-0.0126643 
-0.0118773 
-0.0109871 
-0.00999248 
-0.00889239 
-0.0076888 
-0.00639105 
-0.00501966 
-0.00360027 
-0.00213553 
-0.000543725 
0.00133571 
0.00335045 
0.00517051 
0.00686147 
0.00852329 
0.01014 
0.0117039 
0.0131966 
0.0146001 
0.0158934 
0.0170538 
0.0180558 
0.01887 
0.0194613 
0.0197863 
0.0197925 
0.0194203 
0.0186114 
0.0173208 
0.0155291 
0.0132503 
0.0105303 
0.00743787 
0.00404521 
0.000409085 
-0.00347028 
-0.00765185 
-0.00765185 
0.0198122 
0.0198122 
0.014457 
0.0103746 
0.00698575 
0.00404673 
0.00144065 
-0.000905371 
-0.00303758 
-0.00498366 
-0.00675692 
-0.00836261 
-0.00980305 
-0.0110787 
-0.0121895 
-0.0131359 
-0.0139193 
-0.0145424 
-0.0150093 
-0.0153252 
-0.0154966 
-0.0155307 
-0.0154353 
-0.0152178 
-0.0148854 
-0.0144445 
-0.0139006 
-0.0132578 
-0.0125191 
-0.0116859 
-0.0107584 
-0.00973617 
-0.00861891 
-0.00740786 
-0.00610821 
-0.00473032 
-0.00329355 
-0.00180061 
-0.000109617 
0.00178915 
0.00368556 
0.00548683 
0.00721973 
0.00888934 
0.0104975 
0.0120329 
0.0134797 
0.0148179 
0.0160253 
0.0170772 
0.0179468 
0.0186037 
0.0190126 
0.0191325 
0.0189176 
0.0183219 
0.0173069 
0.0158506 
0.0139534 
0.0116392 
0.00894962 
0.00593169 
0.00262054 
-0.000987338 
-0.00497407 
-0.00497407 
0.0222607 
0.0222607 
0.0168217 
0.0125984 
0.00902268 
0.00586415 
0.00301777 
0.000422254 
-0.00195968 
-0.00415214 
-0.00616181 
-0.00798722 
-0.00962437 
-0.01107 
-0.0123227 
-0.0133834 
-0.014256 
-0.0149464 
-0.0154627 
-0.0158143 
-0.0160114 
-0.0160651 
-0.0159863 
-0.0157856 
-0.0154726 
-0.0150556 
-0.0145417 
-0.013936 
-0.0132423 
-0.0124626 
-0.0115975 
-0.0106466 
-0.00960976 
-0.00848813 
-0.00728545 
-0.00600521 
-0.00464919 
-0.00319986 
-0.00161798 
4.66042e-05 
0.0018152 
0.00370926 
0.0056075 
0.00744568 
0.00920018 
0.0108573 
0.0124058 
0.0138318 
0.0151181 
0.0162449 
0.0171897 
0.0179277 
0.0184308 
0.0186677 
0.0186034 
0.0182025 
0.0174329 
0.0162722 
0.0147118 
0.0127591 
0.0104344 
0.00776199 
0.00475862 
0.00140151 
-0.00239422 
-0.00239422 
0.0248785 
0.0248785 
0.0193616 
0.0149973 
0.011229 
0.00783873 
0.00473369 
0.00186314 
-0.000800368 
-0.00327119 
-0.00555237 
-0.00763337 
-0.00950108 
-0.0111461 
-0.0125635 
-0.0137544 
-0.0147251 
-0.0154861 
-0.0160504 
-0.016433 
-0.0166493 
-0.0167149 
-0.0166447 
-0.0164528 
-0.0161517 
-0.0157523 
-0.0152631 
-0.0146906 
-0.0140392 
-0.0133112 
-0.0125068 
-0.0116245 
-0.0106617 
-0.00961537 
-0.00848302 
-0.00726133 
-0.00594648 
-0.00453747 
-0.00299429 
-0.00132061 
0.00043789 
0.00224996 
0.00411244 
0.00599362 
0.0078499 
0.00963851 
0.0113255 
0.0128843 
0.0142928 
0.0155312 
0.0165805 
0.017421 
0.0180319 
0.0183905 
0.0184718 
0.0182495 
0.0176982 
0.016797 
0.0155323 
0.0139001 
0.0119039 
0.00954923 
0.00683458 
0.00371987 
0.000108137 
0.000108137 
0.0276723 
0.0276723 
0.0220846 
0.0175814 
0.013618 
0.00998649 
0.00660561 
0.00343478 
0.000458843 
-0.0023258 
-0.00491684 
-0.00729411 
-0.00943197 
-0.0113112 
-0.0129213 
-0.0142613 
-0.0153403 
-0.0161741 
-0.0167829 
-0.0171889 
-0.0174144 
-0.0174808 
-0.0174081 
-0.0172145 
-0.016916 
-0.0165258 
-0.0160546 
-0.0155102 
-0.0148975 
-0.0142191 
-0.0134745 
-0.0126611 
-0.0117742 
-0.0108081 
-0.00975711 
-0.00861377 
-0.0073672 
-0.0060102 
-0.00451399 
-0.00289525 
-0.0011762 
0.000639044 
0.00253356 
0.00448024 
0.00643748 
0.00836046 
0.0102039 
0.0119277 
0.0134984 
0.0148896 
0.0160803 
0.0170532 
0.0177927 
0.0182838 
0.0185103 
0.0184549 
0.0180996 
0.0174268 
0.0164214 
0.0150721 
0.0133704 
0.0113066 
0.0088629 
0.0059849 
0.00255791 
0.00255791 
0.0306423 
0.0306423 
0.0249922 
0.0203561 
0.0161992 
0.0123217 
0.00865199 
0.00515918 
0.00183968 
-0.00129781 
-0.00423943 
-0.00695807 
-0.00941175 
-0.0115669 
-0.0134033 
-0.014916 
-0.0161157 
-0.0170244 
-0.017672 
-0.0180906 
-0.0183115 
-0.0183641 
-0.0182746 
-0.018066 
-0.0177583 
-0.0173677 
-0.016907 
-0.0163853 
-0.0158082 
-0.015178 
-0.0144935 
-0.0137497 
-0.0129391 
-0.0120519 
-0.0110776 
-0.0100036 
-0.00881173 
-0.0074888 
-0.00601378 
-0.00439026 
-0.00263495 
-0.000769325 
0.00117823 
0.00317536 
0.0051941 
0.00720162 
0.00915862 
0.0110222 
0.0127502 
0.0143056 
0.0156591 
0.0167886 
0.0176783 
0.0183168 
0.0186943 
0.0188011 
0.0186264 
0.0181576 
0.0173811 
0.0162819 
0.014844 
0.0130462 
0.0108575 
0.00820961 
0.00497457 
0.00497457 
0.0337795 
0.0337795 
0.0280773 
0.0233182 
0.0189755 
0.0148535 
0.0108877 
0.00705516 
0.00336356 
-0.000164916 
-0.00349992 
-0.00660816 
-0.00942908 
-0.0119086 
-0.0140124 
-0.0157274 
-0.0170639 
-0.018051 
-0.0187299 
-0.0191465 
-0.0193449 
-0.0193647 
-0.0192401 
-0.0190003 
-0.0186694 
-0.018267 
-0.0178083 
-0.0173037 
-0.0167597 
-0.0161782 
-0.0155568 
-0.0148883 
-0.0141623 
-0.0133648 
-0.0124808 
-0.0114907 
-0.0103692 
-0.00909666 
-0.00764897 
-0.00602823 
-0.00424484 
-0.00231745 
-0.000281079 
0.00182929 
0.00397589 
0.00611644 
0.0082099 
0.0102159 
0.0120943 
0.0138075 
0.0153228 
0.0166142 
0.0176634 
0.0184586 
0.0189927 
0.0192608 
0.0192576 
0.018976 
0.018405 
0.0175296 
0.0163296 
0.0147759 
0.0128279 
0.0104043 
0.0073632 
0.0073632 
0.0370621 
0.0370621 
0.0313204 
0.0264532 
0.0219394 
0.0175825 
0.0133218 
0.00913929 
0.00505271 
0.00109785 
-0.00267574 
-0.00622212 
-0.00946533 
-0.0123235 
-0.0147433 
-0.0166976 
-0.0181932 
-0.0192647 
-0.0199673 
-0.0203643 
-0.0205176 
-0.0204809 
-0.0202989 
-0.0200079 
-0.0196372 
-0.01921 
-0.0187437 
-0.0182505 
-0.0177371 
-0.0172053 
-0.0166511 
-0.0160646 
-0.0154316 
-0.0147335 
-0.0139492 
-0.0130516 
-0.0120039 
-0.0107799 
-0.00934984 
-0.00770704 
-0.00585743 
-0.00382401 
-0.00164546 
0.00062597 
0.00293291 
0.00522742 
0.00746726 
0.00961278 
0.0116267 
0.0134753 
0.0151285 
0.0165616 
0.0177557 
0.0186986 
0.0193835 
0.0198071 
0.0199671 
0.0198599 
0.0194774 
0.0188057 
0.017823 
0.0164952 
0.0147747 
0.0125687 
0.00972083 
0.00972083 
0.0404527 
0.0404527 
0.0346858 
0.0297307 
0.0250682 
0.0204957 
0.0159515 
0.0114185 
0.00692192 
0.00251081 
-0.00174167 
-0.00577308 
-0.00949342 
-0.0127877 
-0.0155775 
-0.0178161 
-0.019501 
-0.0206692 
-0.0213899 
-0.0217483 
-0.0218298 
-0.0217081 
-0.0214418 
-0.0210763 
-0.0206465 
-0.0201795 
-0.0196953 
-0.0192075 
-0.0187233 
-0.018244 
-0.0177638 
-0.01727 
-0.0167444 
-0.0161638 
-0.0154991 
-0.0147141 
-0.0137614 
-0.0126005 
-0.0111948 
-0.0095282 
-0.00760344 
-0.00544449 
-0.00309717 
-0.000624307 
0.00190118 
0.00441441 
0.00686156 
0.00919372 
0.0113696 
0.0133575 
0.0151341 
0.0166827 
0.0179918 
0.0190541 
0.0198659 
0.0204259 
0.0207331 
0.0207854 
0.0205761 
0.0200916 
0.0193098 
0.0181928 
0.0166879 
0.0146919 
0.0120329 
0.0120329 
0.0438942 
0.0438942 
0.0381179 
0.0330997 
0.0283183 
0.0235597 
0.0187554 
0.0138834 
0.00897366 
0.00408824 
-0.000675826 
-0.00523345 
-0.00947922 
-0.0132638 
-0.0164787 
-0.0190524 
-0.0209661 
-0.0222528 
-0.0229929 
-0.0232956 
-0.0232766 
-0.023037 
-0.0226551 
-0.0221879 
-0.0216772 
-0.0211539 
-0.0206405 
-0.0201519 
-0.0196959 
-0.0192727 
-0.0188747 
-0.0184861 
-0.0180843 
-0.0176407 
-0.0171175 
-0.0164655 
-0.0156234 
-0.0145345 
-0.0131506 
-0.0114468 
-0.00942267 
-0.00710507 
-0.00454623 
-0.00181975 
0.000980919 
0.00376226 
0.00645614 
0.00900716 
0.0113666 
0.0135012 
0.0153918 
0.017031 
0.0184189 
0.0195597 
0.0204584 
0.0211193 
0.0215446 
0.0217328 
0.0216772 
0.0213633 
0.020767 
0.0198471 
0.0185464 
0.0167512 
0.0142744 
0.0142744 
0.0473078 
0.0473078 
0.0415381 
0.0364847 
0.0316208 
0.0267148 
0.021686 
0.0165016 
0.011192 
0.00582964 
0.000530854 
-0.00458328 
-0.0093859 
-0.0137021 
-0.0173893 
-0.020349 
-0.0225388 
-0.0239787 
-0.0247519 
-0.0249898 
-0.0248435 
-0.0244512 
-0.0239189 
-0.02332 
-0.0227043 
-0.0221067 
-0.0215522 
-0.0210569 
-0.0206286 
-0.0202665 
-0.0199609 
-0.0196929 
-0.0194354 
-0.0191526 
-0.0187968 
-0.0183022 
-0.0175887 
-0.0165813 
-0.0152197 
-0.0134725 
-0.0113385 
-0.00884793 
-0.00605902 
-0.00305601 
5.75577e-05 
0.00316174 
0.00616139 
0.00898834 
0.0115778 
0.013889 
0.0159038 
0.0176234 
0.0190623 
0.0202411 
0.0211803 
0.021896 
0.0223979 
0.0226876 
0.0227584 
0.0225934 
0.0221654 
0.0214282 
0.0203192 
0.0187141 
0.0164101 
0.0164101 
0.0505914 
0.0505914 
0.0448431 
0.039783 
0.0348769 
0.0298697 
0.0246641 
0.0192092 
0.0135308 
0.00770666 
0.00186994 
-0.00381131 
-0.00917899 
-0.0140434 
-0.0182299 
-0.0216164 
-0.0241319 
-0.0257727 
-0.0266114 
-0.0267918 
-0.0265011 
-0.0259237 
-0.0252052 
-0.0244424 
-0.023696 
-0.0230054 
-0.0223975 
-0.0218895 
-0.021489 
-0.0211937 
-0.0209916 
-0.0208607 
-0.0207685 
-0.0206698 
-0.0205032 
-0.0201823 
-0.0196037 
-0.0186745 
-0.0173254 
-0.0155235 
-0.0132699 
-0.0105982 
-0.00757033 
-0.00427599 
-0.000823644 
0.00263985 
0.00598672 
0.00912807 
0.0119805 
0.0144921 
0.0166425 
0.0184391 
0.01991 
0.0210937 
0.0220302 
0.022753 
0.0232845 
0.0236336 
0.0237959 
0.0237522 
0.0234709 
0.0228989 
0.021967 
0.0205387 
0.0183959 
0.0183959 
0.05362 
0.05362 
0.0479052 
0.0428649 
0.037957 
0.0328991 
0.0275736 
0.0219049 
0.015907 
0.0096563 
0.00330453 
-0.00292598 
-0.00883624 
-0.0142279 
-0.0189064 
-0.0227357 
-0.025618 
-0.0275157 
-0.0284732 
-0.0286287 
-0.0281963 
-0.0274122 
-0.0264749 
-0.0255164 
-0.0246137 
-0.0238113 
-0.023138 
-0.0226118 
-0.0222397 
-0.0220172 
-0.02193 
-0.0219525 
-0.0220454 
-0.0221497 
-0.0221847 
-0.0220391 
-0.0215865 
-0.0207194 
-0.019369 
-0.0175076 
-0.0151402 
-0.0123033 
-0.00905844 
-0.00549353 
-0.00171861 
0.00211017 
0.0058337 
0.00932658 
0.01248 
0.0152224 
0.0175273 
0.0194064 
0.020901 
0.0220685 
0.02297 
0.0236595 
0.0241769 
0.0245428 
0.0247583 
0.0248039 
0.0246436 
0.0242158 
0.0234433 
0.0221758 
0.0201801 
0.0201801 
0.0562495 
0.0562495 
0.0505763 
0.0455765 
0.0407038 
0.0356456 
0.0302635 
0.024451 
0.0182026 
0.0115874 
0.00477298 
-0.00195669 
-0.00835132 
-0.0142031 
-0.0193209 
-0.0235712 
-0.0268374 
-0.0290446 
-0.0301913 
-0.0303843 
-0.0298435 
-0.0288526 
-0.0276749 
-0.0264935 
-0.0254107 
-0.024479 
-0.0237292 
-0.02318 
-0.0228369 
-0.0226925 
-0.0227301 
-0.0229194 
-0.0232106 
-0.0235251 
-0.0237541 
-0.0237631 
-0.0234058 
-0.022573 
-0.0212069 
-0.0192902 
-0.0168309 
-0.0138646 
-0.0104473 
-0.00665629 
-0.00259663 
0.00158128 
0.00568383 
0.00953599 
0.013001 
0.0159837 
0.0184496 
0.0204135 
0.0219284 
0.0230691 
0.0239169 
0.0245469 
0.0250179 
0.0253653 
0.0255994 
0.0257025 
0.0256358 
0.0253286 
0.024695 
0.0235693 
0.0217042 
0.0217042 
0.0583206 
0.0583206 
0.0526947 
0.0477476 
0.0429395 
0.0379262 
0.0325532 
0.0266793 
0.020271 
0.0133782 
0.00617992 
-0.000974452 
-0.00774576 
-0.0139381 
-0.0193912 
-0.023993 
-0.0276221 
-0.0301699 
-0.0315785 
-0.031897 
-0.0313184 
-0.0301537 
-0.0287349 
-0.0273136 
-0.0260322 
-0.0249569 
-0.0241215 
-0.0235453 
-0.0232318 
-0.0231694 
-0.0233381 
-0.0237009 
-0.0241918 
-0.0247052 
-0.0250985 
-0.025216 
-0.0249124 
-0.0240842 
-0.0226965 
-0.020743 
-0.0182319 
-0.0151942 
-0.0116744 
-0.00773283 
-0.0034633 
0.00100479 
0.00545617 
0.00966285 
0.0134431 
0.0166668 
0.0192901 
0.0213331 
0.0228625 
0.0239703 
0.0247563 
0.0253145 
0.0257216 
0.0260282 
0.0262554 
0.0263895 
0.0263907 
0.0261798 
0.025663 
0.0246574 
0.0229044 
0.0229044 
0.0596698 
0.0596698 
0.0540956 
0.0492037 
0.0444788 
0.0395453 
0.0342405 
0.0283936 
0.0219414 
0.0148975 
0.00742919 
-1.71541e-05 
-0.00702759 
-0.0134018 
-0.0190525 
-0.0238974 
-0.0278254 
-0.0307069 
-0.0324305 
-0.0329705 
-0.0324572 
-0.0311925 
-0.0295637 
-0.0279041 
-0.0264153 
-0.0251876 
-0.0242603 
-0.0236548 
-0.023371 
-0.0233913 
-0.0236914 
-0.0242232 
-0.0248977 
-0.0255754 
-0.0260821 
-0.0262489 
-0.0259484 
-0.0251122 
-0.0237187 
-0.0217649 
-0.0192546 
-0.0162126 
-0.0126682 
-0.00866352 
-0.00427228 
0.000410197 
0.00516231 
0.00968092 
0.0137298 
0.0171547 
0.0199046 
0.0220072 
0.0235423 
0.0246168 
0.025345 
0.0258352 
0.0261783 
0.0264381 
0.026646 
0.0267937 
0.0268421 
0.0267049 
0.026282 
0.0253731 
0.0237137 
0.0237137 
0.0601238 
0.0601238 
0.0546286 
0.0497844 
0.0451478 
0.0403164 
0.0351241 
0.0293844 
0.0230087 
0.0159921 
0.0084545 
0.000830266 
-0.00622802 
-0.0126 
-0.0182961 
-0.0232509 
-0.0273728 
-0.0305295 
-0.0325739 
-0.0334077 
-0.0330727 
-0.0318171 
-0.0300488 
-0.0281801 
-0.0264903 
-0.0251094 
-0.0240888 
-0.0234534 
-0.0231987 
-0.0232985 
-0.0237214 
-0.0244031 
-0.0252244 
-0.0260103 
-0.0265657 
-0.0267299 
-0.0264061 
-0.0255546 
-0.0241682 
-0.0222473 
-0.0197937 
-0.0168153 
-0.0133281 
-0.00936158 
-0.00496778 
-0.000221636 
0.00471605 
0.00951651 
0.0138123 
0.0173934 
0.0202116 
0.0223261 
0.0238396 
0.0248728 
0.0255487 
0.0259827 
0.0262739 
0.0264944 
0.0266837 
0.0268378 
0.0269192 
0.0268362 
0.0264848 
0.0256482 
0.0240649 
0.0240649 
0.0595203 
0.0595203 
0.0541642 
0.049364 
0.0448077 
0.0400887 
0.0350267 
0.029438 
0.0232163 
0.0163759 
0.0091105 
0.00179856 
-0.00515177 
-0.011455 
-0.0170927 
-0.0220414 
-0.026241 
-0.0295786 
-0.0318996 
-0.0330548 
-0.032993 
-0.0318678 
-0.0300623 
-0.0280448 
-0.0261812 
-0.0246587 
-0.0235495 
-0.0228865 
-0.0226597 
-0.0228304 
-0.0233574 
-0.0241544 
-0.0250678 
-0.0258935 
-0.0264347 
-0.0265583 
-0.0262046 
-0.0253573 
-0.0240121 
-0.0221628 
-0.0198027 
-0.0169325 
-0.013559 
-0.00969971 
-0.00538679 
-0.000676464 
0.00428709 
0.00914046 
0.0134953 
0.0171304 
0.0199714 
0.0220802 
0.0235731 
0.0245806 
0.0252293 
0.0256361 
0.0259022 
0.0261037 
0.0262843 
0.0264444 
0.0265478 
0.0265014 
0.026198 
0.0254109 
0.0238993 
0.0238993 
0.0577294 
0.0577294 
0.0525839 
0.047849 
0.043379 
0.0387982 
0.0339091 
0.0285432 
0.0226016 
0.0161237 
0.0093169 
0.00248389 
-0.00406816 
-0.0101077 
-0.0155496 
-0.0203642 
-0.0245072 
-0.0278894 
-0.0303718 
-0.0317926 
-0.0320385 
-0.0311604 
-0.0294543 
-0.0273901 
-0.0254076 
-0.0237716 
-0.0225881 
-0.0219034 
-0.0217027 
-0.021931 
-0.0225334 
-0.0233979 
-0.0243389 
-0.0251381 
-0.0256172 
-0.0256822 
-0.0253044 
-0.0244784 
-0.023196 
-0.0214442 
-0.019211 
-0.0164908 
-0.0132841 
-0.009599 
-0.00545506 
-0.000903789 
0.00388328 
0.00854212 
0.012743 
0.0162899 
0.0190884 
0.0211737 
0.0226524 
0.0236531 
0.0243016 
0.0247121 
0.0249831 
0.0251897 
0.0253761 
0.0255451 
0.0256608 
0.0256334 
0.0253517 
0.024594 
0.0231683 
0.0231683 
0.0546362 
0.0546362 
0.0497938 
0.0451838 
0.0408339 
0.0364386 
0.0317933 
0.0267516 
0.0212369 
0.0153011 
0.00912413 
0.002947 
-0.00303494 
-0.00863557 
-0.0137428 
-0.0183052 
-0.0222776 
-0.0255853 
-0.0281092 
-0.0296955 
-0.0302031 
-0.0296037 
-0.0280937 
-0.0260958 
-0.0240862 
-0.0223903 
-0.0211579 
-0.0204621 
-0.0202857 
-0.0205536 
-0.0211947 
-0.0220719 
-0.0229768 
-0.0236959 
-0.0240853 
-0.0240895 
-0.0237001 
-0.0229124 
-0.0217118 
-0.0200789 
-0.0179979 
-0.0154602 
-0.0124648 
-0.00902135 
-0.00516034 
-0.000957869 
0.00341304 
0.0076718 
0.0115568 
0.0148849 
0.0175576 
0.0195835 
0.0210438 
0.0220513 
0.0227219 
0.0231621 
0.0234636 
0.0236963 
0.0239009 
0.0240804 
0.0241993 
0.0241742 
0.0238914 
0.0231525 
0.0218305 
0.0218305 
0.050145 
0.050145 
0.0457168 
0.0413379 
0.0371859 
0.0330533 
0.0287498 
0.0241508 
0.0191993 
0.0139403 
0.00850819 
0.00307847 
-0.00219977 
-0.00719148 
-0.0117989 
-0.0159626 
-0.0196309 
-0.0227346 
-0.0251713 
-0.026805 
-0.0274925 
-0.0271572 
-0.0259033 
-0.0240734 
-0.0221344 
-0.0204584 
-0.0192224 
-0.0185344 
-0.0183803 
-0.0186672 
-0.0193058 
-0.0201406 
-0.0209554 
-0.0215595 
-0.0218495 
-0.0218009 
-0.0214145 
-0.0206824 
-0.0195846 
-0.0180989 
-0.0162088 
-0.013907 
-0.011197 
-0.00809801 
-0.00465363 
-0.000947223 
0.00287633 
0.00661002 
0.0100507 
0.0130421 
0.0154944 
0.0173984 
0.0188079 
0.0198109 
0.0205051 
0.0209831 
0.0213252 
0.0215919 
0.0218176 
0.0220034 
0.0221146 
0.0220759 
0.0217775 
0.0210597 
0.0198657 
0.0198657 
0.0441944 
0.0441944 
0.0403079 
0.0363154 
0.0324939 
0.0287389 
0.0248978 
0.0208665 
0.0166 
0.0121276 
0.00754031 
0.00296001 
-0.00151243 
-0.0057843 
-0.0097706 
-0.0134097 
-0.0166479 
-0.0194219 
-0.0216451 
-0.0232033 
-0.0239668 
-0.0238401 
-0.0228585 
-0.0212751 
-0.0195068 
-0.0179364 
-0.0167668 
-0.0161089 
-0.0159769 
-0.0162604 
-0.0168552 
-0.0175988 
-0.0182848 
-0.0187575 
-0.0189522 
-0.0188651 
-0.0184999 
-0.0178452 
-0.0168792 
-0.0155802 
-0.0139337 
-0.0119355 
-0.00959443 
-0.00693587 
-0.00400767 
-0.000887439 
0.00231089 
0.00543925 
0.00834631 
0.0109088 
0.0130523 
0.0147593 
0.0160615 
0.0170213 
0.0177136 
0.0182126 
0.0185829 
0.018873 
0.0191088 
0.0192888 
0.01938 
0.0193167 
0.0190022 
0.0183239 
0.017286 
0.017286 
0.0367291 
0.0367291 
0.0335161 
0.0300985 
0.0267871 
0.02356 
0.0203148 
0.0169708 
0.0134897 
0.00988429 
0.00620864 
0.00253893 
-0.00105312 
-0.00449868 
-0.00773623 
-0.0107164 
-0.0133926 
-0.0157095 
-0.0175958 
-0.0189594 
-0.0196925 
-0.0197015 
-0.0189793 
-0.0176959 
-0.0161908 
-0.0148186 
-0.0137846 
-0.0131974 
-0.0130895 
-0.0133469 
-0.0138598 
-0.0144734 
-0.015008 
-0.0153485 
-0.0154614 
-0.0153547 
-0.0150321 
-0.0144813 
-0.0136823 
-0.0126165 
-0.0112725 
-0.00964893 
-0.00775639 
-0.00561989 
-0.00328184 
-0.000805068 
0.00172619 
0.00420628 
0.00652567 
0.00859445 
0.0103559 
0.0117915 
0.012918 
0.0137759 
0.0144178 
0.0148974 
0.0152622 
0.0155475 
0.0157707 
0.0159274 
0.0159884 
0.0159001 
0.015587 
0.0149822 
0.0141303 
0.0141303 
0.0278193 
0.0278193 
0.0254079 
0.0227681 
