0 
0.000569851 
0.00133524 
0.00253846 
0.00347775 
0.00411739 
0.00449021 
0.00465568 
0.00466489 
0.0045572 
0.00436088 
0.00409546 
0.00377418 
0.00340624 
0.00299864 
0.00255755 
0.00208936 
0.00160146 
0.00110285 
0.000604678 
0.00012199 
-0.000330009 
-0.000746398 
-0.00112471 
-0.00145941 
-0.00174406 
-0.00197384 
-0.00214602 
-0.00226032 
-0.00231943 
-0.0023297 
-0.002302 
-0.00225213 
-0.00219977 
-0.00216457 
-0.00215852 
-0.00217671 
-0.00219374 
-0.00217344 
-0.00208934 
-0.00194015 
-0.00174694 
-0.00153742 
-0.0013329 
-0.00114473 
-0.000976707 
-0.000828329 
-0.000697193 
-0.00058034 
-0.00047489 
-0.000378321 
-0.000288678 
-0.000204716 
-0.000125646 
-5.08652e-05 
1.99743e-05 
8.76511e-05 
0.000152027 
0.000211978 
0.000266308 
0.00031405 
0.00035408 
0.000385343 
0.000406864 
0.000417953 
0 
-0.000569851 
-0.000569851 
-0.00133524 
-0.00253846 
-0.00347775 
-0.00411739 
-0.00449021 
-0.00465568 
-0.00466489 
-0.0045572 
-0.00436088 
-0.00409546 
-0.00377418 
-0.00340624 
-0.00299864 
-0.00255755 
-0.00208936 
-0.00160146 
-0.00110285 
-0.000604678 
-0.00012199 
0.000330009 
0.000746398 
0.00112471 
0.00145941 
0.00174406 
0.00197384 
0.00214602 
0.00226032 
0.00231943 
0.0023297 
0.002302 
0.00225213 
0.00219977 
0.00216457 
0.00215852 
0.00217671 
0.00219374 
0.00217344 
0.00208934 
0.00194015 
0.00174694 
0.00153742 
0.0013329 
0.00114473 
0.000976707 
0.000828329 
0.000697193 
0.00058034 
0.00047489 
0.000378321 
0.000288678 
0.000204716 
0.000125646 
5.08652e-05 
-1.99743e-05 
-8.76511e-05 
-0.000152027 
-0.000211978 
-0.000266308 
-0.00031405 
-0.00035408 
-0.000385343 
-0.000406864 
-0.000417953 
-0.000417953 
-0.00147134 
-0.00147134 
-0.00503474 
-0.00824131 
-0.010609 
-0.0121619 
-0.0130433 
-0.013408 
-0.0133847 
-0.0130716 
-0.0125382 
-0.0118312 
-0.0109806 
-0.0100056 
-0.00891965 
-0.00773432 
-0.00646215 
-0.00511885 
-0.00372488 
-0.00230668 
-0.000899058 
0.000460272 
0.00174396 
0.00293182 
0.00400158 
0.00493094 
0.00570174 
0.00630257 
0.00672998 
0.00698987 
0.00709887 
0.00708621 
0.00699483 
0.00687907 
0.0067945 
0.00677695 
0.00681611 
0.00684437 
0.00676393 
0.00650479 
0.00606723 
0.00551216 
0.00491656 
0.00433779 
0.00380517 
0.00332757 
0.00290294 
0.00252474 
0.00218527 
0.00187714 
0.00159397 
0.00133055 
0.00108274 
0.000847417 
0.000622588 
0.000407504 
0.000202852 
1.01433e-05 
-0.000168282 
-0.000329814 
-0.000471696 
-0.000590764 
-0.000683875 
-0.000748052 
-0.000781143 
-0.000781143 
-0.00574571 
-0.00574571 
-0.0105762 
-0.0147826 
-0.017947 
-0.0200296 
-0.0211929 
-0.021632 
-0.0215213 
-0.0209975 
-0.0201573 
-0.0190635 
-0.0177544 
-0.0162528 
-0.0145733 
-0.0127286 
-0.0107341 
-0.00861093 
-0.0063881 
-0.0041033 
-0.00180365 
0.000456839 
0.00262559 
0.00465624 
0.00650524 
0.00813249 
0.00950468 
0.0105989 
0.0114056 
0.0119298 
0.0121944 
0.0122419 
0.0121363 
0.0119601 
0.0117997 
0.0117143 
0.0116941 
0.0116416 
0.0114137 
0.0109124 
0.0101481 
0.00921982 
0.0082451 
0.00730777 
0.00644818 
0.00567656 
0.00498804 
0.00437189 
0.00381614 
0.00330948 
0.00284208 
0.00240584 
0.00199446 
0.0016034 
0.00122962 
0.000871571 
0.000529295 
0.000204401 
-9.91447e-05 
-0.000375076 
-0.000618083 
-0.000822511 
-0.000982644 
-0.00109314 
-0.00115017 
-0.00115017 
-0.0118298 
-0.0118298 
-0.0168978 
-0.0216004 
-0.0251792 
-0.0275028 
-0.0287395 
-0.0291203 
-0.0288567 
-0.0281111 
-0.0269935 
-0.0255704 
-0.0238775 
-0.0219325 
-0.0197451 
-0.017325 
-0.0146878 
-0.0118588 
-0.00887492 
-0.00578485 
-0.00264758 
0.000467383 
0.00348474 
0.0063345 
0.00895227 
0.0112807 
0.0132713 
0.0148882 
0.0161119 
0.0169428 
0.0174047 
0.0175483 
0.0174529 
0.0172229 
0.01697 
0.016773 
0.0166232 
0.0164008 
0.0159348 
0.01512 
0.0139902 
0.012682 
0.0113434 
0.0100731 
0.00891435 
0.00787475 
0.00694498 
0.0061099 
0.00535349 
0.00466087 
0.00401909 
0.00341735 
0.0028471 
0.00230208 
0.0017783 
0.00127438 
0.000791498 
0.000333275 
-9.50895e-05 
-0.000486699 
-0.000833411 
-0.00112652 
-0.00135722 
-0.00151702 
-0.00159973 
-0.00159973 
-0.0183974 
-0.0183974 
-0.0237029 
-0.0285887 
-0.0322114 
-0.0344626 
-0.0355554 
-0.0357569 
-0.0353006 
-0.0343548 
-0.0330231 
-0.0313589 
-0.0293826 
-0.0270978 
-0.0245034 
-0.0216031 
-0.0184108 
-0.0149554 
-0.0112826 
-0.0074546 
-0.0035465 
0.000357161 
0.0041653 
0.0077877 
0.011142 
0.0141552 
0.0167648 
0.0189216 
0.0205948 
0.0217762 
0.0224857 
0.0227762 
0.0227363 
0.0224859 
0.0221553 
0.0218359 
0.0215153 
0.0210576 
0.020282 
0.0191005 
0.0175846 
0.0159063 
0.0142322 
0.012664 
0.0112406 
0.00996367 
0.0088188 
0.00778663 
0.00684761 
0.00598384 
0.00517969 
0.00442218 
0.00370101 
0.00300874 
0.00234042 
0.00169399 
0.00107011 
0.000472037 
-9.26059e-05 
-0.00061214 
-0.00107517 
-0.00146904 
-0.00178024 
-0.00199656 
-0.00210912 
-0.00210912 
-0.0248998 
-0.0248998 
-0.0304103 
-0.0352674 
-0.0386774 
-0.0406463 
-0.0414634 
-0.0414318 
-0.040792 
-0.0396993 
-0.0382333 
-0.03642 
-0.0342551 
-0.0317224 
-0.0288072 
-0.0255049 
-0.021827 
-0.0178054 
-0.0134955 
-0.00897523 
-0.00434011 
0.000303541 
0.00484376 
0.00917286 
0.0131957 
0.0168304 
0.0200069 
0.0226683 
0.0247743 
0.026308 
0.0272823 
0.0277475 
0.0277956 
0.0275556 
0.0271682 
0.0267266 
0.0262076 
0.0254628 
0.024323 
0.0227414 
0.0208383 
0.0188155 
0.0168447 
0.0150197 
0.0133697 
0.0118889 
0.0105574 
0.00935225 
0.00825062 
0.00723189 
0.00627799 
0.00537373 
0.00450696 
0.00366854 
0.00285279 
0.00205762 
0.0012846 
0.000541017 
-0.000165105 
-0.00082139 
-0.00141013 
-0.00191435 
-0.00231628 
-0.00259781 
-0.00274575 
-0.00274575 
-0.0309947 
-0.0309947 
-0.0366907 
-0.0413479 
-0.0443624 
-0.0459228 
-0.046406 
-0.0461414 
-0.0453608 
-0.0441894 
-0.0426694 
-0.040791 
-0.0385205 
-0.0358203 
-0.0326616 
-0.0290313 
-0.0249369 
-0.0204117 
-0.0155203 
-0.0103585 
-0.0050472 
0.000282531 
0.00549863 
0.0104739 
0.0151011 
0.0192921 
0.022974 
0.0260865 
0.0285852 
0.0304468 
0.031678 
0.032325 
0.0324799 
0.0322753 
0.0318521 
0.0312926 
0.0305539 
0.0294835 
0.0279472 
0.0259614 
0.0236989 
0.0213791 
0.0191649 
0.0171337 
0.0153019 
0.0136557 
0.0121707 
0.0108205 
0.00957987 
0.008426 
0.00733873 
0.00630112 
0.00529938 
0.00432344 
0.0033661 
0.00242541 
0.00150214 
0.000600328 
-0.000265304 
-0.00107621 
-0.00181116 
-0.00244584 
-0.00295648 
-0.00331768 
-0.00350994 
-0.00350994 
-0.036415 
-0.036415 
-0.0422434 
-0.0465768 
-0.0490994 
-0.050214 
-0.0503699 
-0.0499099 
-0.0490434 
-0.0478554 
-0.0463441 
-0.0444622 
-0.0421472 
-0.0393423 
-0.0360057 
-0.0321155 
-0.0276725 
-0.0227071 
-0.0172897 
-0.011534 
-0.00558872 
0.000383404 
0.00621768 
0.0117648 
0.0169107 
0.0215696 
0.0256722 
0.0291611 
0.0319908 
0.0341344 
0.0355937 
0.0364111 
0.036677 
0.0365219 
0.0360755 
0.0353947 
0.0344126 
0.0329883 
0.0310483 
0.0286856 
0.026118 
0.0235659 
0.0211705 
0.0189878 
0.0170207 
0.0152486 
0.0136435 
0.0121768 
0.0108213 
0.00955221 
0.00834761 
0.00718864 
0.00605982 
0.00494854 
0.00384801 
0.00275297 
0.00166443 
0.000592885 
-0.000444593 
-0.00142575 
-0.00232635 
-0.00311461 
-0.00375694 
-0.00421725 
-0.00446635 
-0.00446635 
-0.0409896 
-0.0409896 
-0.0468869 
-0.0508211 
-0.0528291 
-0.0535215 
-0.0533901 
-0.0527817 
-0.051875 
-0.0507116 
-0.0492467 
-0.0473987 
-0.0450812 
-0.0422211 
-0.0387661 
-0.0346857 
-0.0299707 
-0.0246423 
-0.0187718 
-0.0124892 
-0.00597124 
0.000584704 
0.0069719 
0.013013 
0.018591 
0.0236281 
0.0280652 
0.0318516 
0.0349446 
0.037316 
0.0389649 
0.039931 
0.0403021 
0.0401997 
0.0397288 
0.0389093 
0.0376559 
0.035864 
0.0335442 
0.0308657 
0.0280723 
0.0253662 
0.022858 
0.0205813 
0.0185274 
0.0166707 
0.0149813 
0.0134288 
0.011985 
0.0106234 
0.00932078 
0.00805641 
0.0068129 
0.00557645 
0.00433526 
0.00308285 
0.00182354 
0.000569634 
-0.000660739 
-0.00184232 
-0.00294263 
-0.00392031 
-0.00472925 
-0.00531834 
-0.00564379 
-0.00564379 
-0.0446094 
-0.0446094 
-0.0505108 
-0.0540219 
-0.0555516 
-0.0558796 
-0.0555115 
-0.0547945 
-0.0538737 
-0.052751 
-0.051345 
-0.049547 
-0.0472517 
-0.0443734 
-0.0408511 
-0.0366468 
-0.0317406 
-0.0261382 
-0.019904 
-0.0131803 
-0.00616692 
0.000894972 
0.00773943 
0.0141675 
0.0200734 
0.0253949 
0.030084 
0.0340958 
0.0373896 
0.0399371 
0.0417367 
0.0428274 
0.043292 
0.043233 
0.0427174 
0.0417258 
0.0401747 
0.038027 
0.0353879 
0.0324853 
0.0295618 
0.0267855 
0.0242333 
0.021919 
0.0198257 
0.0179252 
0.0161865 
0.0145791 
0.0130736 
0.0116428 
0.0102615 
0.00890756 
0.00756034 
0.0062011 
0.00481401 
0.0033981 
0.00195925 
0.000506274 
-0.000940141 
-0.00235302 
-0.00369252 
-0.00490502 
-0.0059275 
-0.00668742 
-0.00711824 
-0.00711824 
-0.0472328 
-0.0472328 
-0.0530781 
-0.0561869 
-0.0573118 
-0.0573441 
-0.056786 
-0.0559844 
-0.0550541 
-0.053966 
-0.0526116 
-0.0508628 
-0.0486007 
-0.0457287 
-0.0421785 
-0.0379069 
-0.0328875 
-0.0271098 
-0.0206234 
-0.0135747 
-0.00617568 
0.00127705 
0.0084424 
0.0151274 
0.0212547 
0.0267767 
0.031649 
0.0358271 
0.0392697 
0.0419493 
0.0438659 
0.045058 
0.0455975 
0.0455558 
0.0449542 
0.0437477 
0.04189 
0.0394359 
0.0365754 
0.033562 
0.0306102 
0.0278454 
0.0253138 
0.023015 
0.0209274 
0.0190226 
0.0172698 
0.0156386 
0.0140997 
0.0126247 
0.0111873 
0.00976221 
0.00832326 
0.00684792 
0.00532496 
0.00374986 
0.00212215 
0.000450173 
-0.00124526 
-0.00293399 
-0.00456808 
-0.00607954 
-0.00738339 
-0.00837708 
-0.00895848 
-0.00895848 
-0.0488668 
-0.0488668 
-0.0546069 
-0.0573685 
-0.0581793 
-0.0579813 
-0.0572708 
-0.0563929 
-0.0554408 
-0.0543662 
-0.0530438 
-0.051333 
-0.0491049 
-0.0462537 
-0.0427025 
-0.0384044 
-0.0333332 
-0.0274734 
-0.0208553 
-0.0136162 
-0.00599673 
0.00163164 
0.00893083 
0.0157555 
0.0220283 
0.0276933 
0.032699 
0.0369976 
0.0405476 
0.0433237 
0.0453289 
0.0465967 
0.0471784 
0.0471049 
0.046359 
0.0449047 
0.0427696 
0.0401036 
0.0371482 
0.0341438 
0.0312594 
0.0285786 
0.0261246 
0.0238887 
0.0218485 
0.0199764 
0.0182432 
0.0166192 
0.0150751 
0.0135821 
0.0121115 
0.0106323 
0.0091144 
0.00753735 
0.0058853 
0.00414739 
0.00231961 
0.000407088 
-0.00157001 
-0.00358465 
-0.00558151 
-0.00747619 
-0.00915529 
-0.0104744 
-0.0112758 
-0.0112758 
-0.0495548 
-0.0495548 
-0.0551586 
-0.05765 
-0.0582388 
-0.0578669 
-0.0570316 
-0.0560736 
-0.0550773 
-0.0539864 
-0.0526692 
-0.0509788 
-0.0487805 
-0.0459607 
-0.0424345 
-0.0381489 
-0.0330806 
-0.0272286 
-0.0206209 
-0.0133694 
-0.00574529 
0.00186347 
0.00917597 
0.0160537 
0.0224002 
0.0281453 
0.0332283 
0.0375974 
0.0412114 
0.0440475 
0.0461081 
0.047414 
0.0479847 
0.0478122 
0.0468708 
0.0451756 
0.0428459 
0.0401004 
0.0371854 
0.0342997 
0.0315625 
0.0290249 
0.026696 
0.0245641 
0.0226082 
0.0208033 
0.0191219 
0.0175358 
0.0160159 
0.0145326 
0.0130527 
0.0115408 
0.00996776 
0.00830842 
0.00654022 
0.00464468 
0.0026105 
0.00043614 
-0.00186345 
-0.00426753 
-0.00671663 
-0.00910882 
-0.0112948 
-0.0130724 
-0.0141987 
-0.0141987 
-0.0493665 
-0.0493665 
-0.0548047 
-0.0571121 
-0.057566 
-0.057075 
-0.0561397 
-0.0550937 
-0.0540277 
-0.0528887 
-0.051547 
-0.0498555 
-0.0476766 
-0.0448925 
-0.0414125 
-0.037178 
-0.0321663 
-0.0263957 
-0.0199312 
-0.0129 
-0.00550789 
0.00195023 
0.00919133 
0.016041 
0.0223893 
0.0281507 
0.0332561 
0.0376489 
0.0412871 
0.0441467 
0.0462207 
0.0474988 
0.0479771 
0.0476353 
0.0464828 
0.0446142 
0.0422217 
0.0395424 
0.036789 
0.0341077 
0.0315769 
0.0292268 
0.0270604 
0.0250667 
0.0232277 
0.0215211 
0.0199221 
0.0184038 
0.0169379 
0.0154926 
0.0140298 
0.012514 
0.0109127 
0.00919367 
0.00732566 
0.00528053 
0.00303665 
0.000581685 
-0.00208105 
-0.00494864 
-0.00796327 
-0.0110037 
-0.0138734 
-0.0162908 
-0.0178883 
-0.0178883 
-0.0483588 
-0.0483588 
-0.0536763 
-0.0558858 
-0.0562733 
-0.0557038 
-0.0546813 
-0.0535389 
-0.0523827 
-0.0511713 
-0.049784 
-0.0480782 
-0.0459182 
-0.0431865 
-0.0397914 
-0.0356727 
-0.030808 
-0.0252189 
-0.0189774 
-0.0122123 
-0.00511844 
0.00205987 
0.00909293 
0.0157972 
0.0220454 
0.0277358 
0.0327889 
0.0371412 
0.0407451 
0.0435672 
0.0455819 
0.0467604 
0.0470877 
0.0465697 
0.0452762 
0.0433639 
0.0410551 
0.038568 
0.0360643 
0.0336439 
0.0313579 
0.029226 
0.0272503 
0.0254224 
0.0237278 
0.0221478 
0.0206597 
0.0192392 
0.0178585 
0.0164807 
0.0150674 
0.0135818 
0.0119857 
0.0102383 
0.00829773 
0.00612257 
0.00367476 
0.000923665 
-0.00215145 
-0.00557899 
-0.00931042 
-0.0131965 
-0.0169717 
-0.0202451 
-0.0224851 
-0.0224851 
-0.0466197 
-0.0466197 
-0.0518773 
-0.0540638 
-0.0544456 
-0.0538416 
-0.0527519 
-0.0515129 
-0.0502521 
-0.0489481 
-0.0474951 
-0.0457598 
-0.043613 
-0.0409414 
-0.037656 
-0.033698 
-0.0290454 
-0.0237204 
-0.0177931 
-0.0113823 
-0.00465656 
0.00217714 
0.00891508 
0.0153805 
0.0214371 
0.0269718 
0.0318944 
0.036132 
0.0396261 
0.0423299 
0.0442038 
0.0452183 
0.0453782 
0.0447363 
0.0434175 
0.0416093 
0.0395166 
0.0373093 
0.0351057 
0.0329752 
0.0309549 
0.0290605 
0.0272957 
0.0256553 
0.0241283 
0.0226994 
0.0213501 
0.0200582 
0.0187919 
0.0175141 
0.0161873 
0.0147711 
0.0132207 
0.0114854 
0.0095095 
0.00723336 
0.00459399 
0.0015296 
-0.00202485 
-0.00614841 
-0.0107994 
-0.015768 
-0.0206799 
-0.025005 
-0.0280302 
-0.0280302 
-0.0442453 
-0.0442453 
-0.0495049 
-0.0517383 
-0.0521751 
-0.0515854 
-0.0504579 
-0.0491332 
-0.0477644 
-0.0463567 
-0.0448249 
-0.0430495 
-0.0409107 
-0.0383032 
-0.0351438 
-0.0313768 
-0.0269806 
-0.0219735 
-0.0164175 
-0.0104182 
-0.00412232 
0.0022952 
0.00865831 
0.0147985 
0.0205746 
0.0258658 
0.0305723 
0.0346109 
0.0379136 
0.0404259 
0.0421107 
0.0429579 
0.0430059 
0.0423487 
0.0411368 
0.0395485 
0.0377501 
0.0358677 
0.033985 
0.0321553 
0.0304097 
0.0287635 
0.0272227 
0.0257859 
0.0244458 
0.0231921 
0.0220085 
0.0208714 
0.0197496 
0.018608 
0.0174087 
0.0161077 
0.0146527 
0.0129815 
0.0110206 
0.00868309 
0.00586537 
0.00244868 
-0.00170357 
-0.00672688 
-0.012546 
-0.0188236 
-0.0250356 
-0.0305114 
-0.0343806 
-0.0343806 
-0.0413267 
-0.0413267 
-0.046646 
-0.048991 
-0.0495447 
-0.0490257 
-0.0479024 
-0.0465178 
-0.0450511 
-0.0435394 
-0.0419239 
-0.0401026 
-0.0379679 
-0.0354241 
-0.032396 
-0.0288334 
-0.0247162 
-0.020059 
-0.0149142 
-0.00937163 
-0.00355467 
0.00239192 
0.00831516 
0.0140554 
0.0194701 
0.0244345 
0.028843 
0.0326071 
0.0356566 
0.0379419 
0.0394415 
0.0401724 
0.0402012 
0.0396407 
0.0386358 
0.0373347 
0.0358635 
0.0343151 
0.0327546 
0.0312253 
0.0297552 
0.0283615 
0.0270534 
0.0258327 
0.0246968 
0.023638 
0.0226414 
0.0216845 
0.0207387 
0.0197715 
0.0187445 
0.0176102 
0.0163086 
0.0147637 
0.0128762 
0.0105155 
0.0075086 
0.00364308 
-0.00130424 
-0.00748595 
-0.0146982 
-0.0224095 
-0.0299493 
-0.0365507 
-0.0412389 
-0.0412389 
-0.0379464 
-0.0379464 
-0.0433768 
-0.0458933 
-0.0466268 
-0.0462419 
-0.0451787 
-0.0437759 
-0.0422372 
-0.0406346 
-0.038941 
-0.037076 
-0.0349463 
-0.0324668 
-0.0295711 
-0.0262154 
-0.0223824 
-0.0180844 
-0.013365 
-0.00830009 
-0.00299184 
0.00244347 
0.00787571 
0.0131554 
0.0181433 
0.0227157 
0.0267673 
0.0302124 
0.0329874 
0.0350561 
0.0364164 
0.0371059 
0.037203 
0.0368167 
0.0360693 
0.0350755 
0.03393 
0.0327049 
0.0314537 
0.0302149 
0.0290161 
0.0278756 
0.0268049 
0.0258093 
0.0248898 
0.0240412 
0.0232506 
0.0224985 
0.0217602 
0.0210061 
0.0201983 
0.0192867 
0.018203 
0.0168517 
0.0150932 
0.0127234 
0.0094594 
0.00496878 
-0.00102835 
-0.00859803 
-0.017307 
-0.0264288 
-0.0352024 
-0.0428262 
-0.0482691 
-0.0482691 
-0.0341758 
-0.0341758 
-0.0397621 
-0.0425043 
-0.0434794 
-0.0432971 
-0.0423616 
-0.0409991 
-0.0394308 
-0.0377642 
-0.0360084 
-0.0341099 
-0.0319922 
-0.0295813 
-0.0268192 
-0.0236687 
-0.0201158 
-0.0161718 
-0.0118733 
-0.00728414 
-0.00248812 
0.00242202 
0.00733665 
0.0121201 
0.0166425 
0.0207878 
0.0244582 
0.0275771 
0.0300931 
0.0319846 
0.0332634 
0.0339754 
0.0341956 
0.0340165 
0.0335341 
0.0328361 
0.0319959 
0.0310724 
0.0301118 
0.0291496 
0.028213 
0.0273213 
0.0264884 
0.0257226 
0.0250278 
0.0244011 
0.0238326 
0.0233075 
0.0228061 
0.0223024 
0.0217604 
0.0211279 
0.020326 
0.0192283 
0.0176299 
0.0152143 
0.0115563 
0.00621946 
-0.00104907 
-0.0101076 
-0.0202695 
-0.0306759 
-0.0405337 
-0.0490509 
-0.055176 
-0.055176 
-0.0300753 
-0.0300753 
-0.0358559 
-0.0388712 
-0.0401456 
-0.0402355 
-0.0395035 
-0.0382536 
-0.0367148 
-0.0350254 
-0.0332335 
-0.0313182 
-0.0292241 
-0.0268893 
-0.0242634 
-0.0213147 
-0.0180325 
-0.0144273 
-0.0105307 
-0.00639622 
-0.00209295 
0.00230401 
0.00670318 
0.0109861 
0.0150379 
0.0187554 
0.0220533 
0.0248675 
0.0271592 
0.0289172 
0.0301595 
0.0309296 
0.0312909 
0.0313166 
0.0310808 
0.0306516 
0.0300881 
0.0294399 
0.0287481 
0.0280459 
0.0273597 
0.0267096 
0.0261113 
0.0255759 
0.0251096 
0.024712 
0.0243781 
0.0240982 
0.0238585 
0.0236379 
0.0234035 
0.0231006 
0.0226326 
0.0218254 
0.0203772 
0.0178268 
0.0136077 
0.00724092 
-0.00140193 
-0.0119081 
-0.0233952 
-0.0349296 
-0.0457099 
-0.0549845 
-0.0617166 
-0.0617166 
-0.0256955 
-0.0256955 
-0.0317028 
-0.0350308 
-0.0366548 
-0.0370822 
-0.0366319 
-0.0355772 
-0.0341416 
-0.0324851 
-0.0306932 
-0.0287827 
-0.026725 
-0.0244737 
-0.0219863 
-0.0192348 
-0.0162104 
-0.0129228 
-0.00939955 
-0.0056856 
-0.00183886 
0.00207815 
0.00598957 
0.00979635 
0.0134013 
0.0167173 
0.0196733 
0.0222176 
0.0243212 
0.0259789 
0.0272079 
0.0280449 
0.0285398 
0.0287492 
0.0287306 
0.0285381 
0.0282206 
0.0278206 
0.027375 
0.0269144 
0.0264646 
0.0260459 
0.0256759 
0.0253673 
0.0251288 
0.0249635 
0.0248713 
0.0248488 
0.0248885 
0.0249754 
0.0250799 
0.0251418 
0.0250373 
0.0245238 
0.0231775 
0.0203848 
0.0154732 
0.00799431 
-0.00199438 
-0.0138248 
-0.0264937 
-0.0390037 
-0.0505424 
-0.0604315 
-0.0676911 
-0.0676911 
-0.0210794 
-0.0210794 
-0.0273405 
-0.031012 
-0.0330258 
-0.0338464 
-0.0337516 
-0.0329782 
-0.0317312 
-0.0301781 
-0.0284343 
-0.0265554 
-0.0245465 
-0.022383 
-0.0200324 
-0.0174705 
-0.0146886 
-0.0116948 
-0.00851262 
-0.00517984 
-0.00174498 
0.00173867 
0.00520802 
0.0085829 
0.0117839 
0.0147399 
0.0173935 
0.0197038 
0.0216489 
0.0232254 
0.0244477 
0.0253442 
0.0259535 
0.0263192 
0.0264866 
0.0264993 
0.0263983 
0.0262204 
0.0259984 
0.0257604 
0.0255314 
0.0253317 
0.0251802 
0.025091 
0.0250754 
0.0251401 
0.0252908 
0.0255299 
0.0258569 
0.026263 
0.0267209 
0.0271603 
0.0274195 
0.0271727 
0.0258661 
0.022752 
0.0171001 
0.00854124 
-0.00267667 
-0.0156877 
-0.0294092 
-0.0427504 
-0.0548777 
-0.0652312 
-0.0729331 
-0.0729331 
-0.0162652 
-0.0162652 
-0.0228026 
-0.02684 
-0.0292719 
-0.0305275 
-0.0308497 
-0.0304386 
-0.0294711 
-0.0281057 
-0.0264733 
-0.0246627 
-0.0227168 
-0.0206405 
-0.0184182 
-0.0160314 
-0.0134713 
-0.010743 
-0.007866 
-0.00487182 
-0.00180149 
0.00129886 
0.00437741 
0.00737143 
0.0102172 
0.0128579 
0.0152481 
0.0173555 
0.0191627 
0.0206674 
0.0218801 
0.0228227 
0.0235244 
0.0240194 
0.0243437 
0.0245328 
0.0246213 
0.0246405 
0.0246201 
0.0245852 
0.02456 
0.0245648 
0.024619 
0.0247382 
0.0249361 
0.0252234 
0.0256106 
0.0261062 
0.026716 
0.0274368 
0.0282413 
0.0290445 
0.0296399 
0.0296157 
0.0283006 
0.0248456 
0.0185009 
0.00898368 
-0.00330642 
-0.0173621 
-0.0320171 
-0.046042 
-0.0585823 
-0.0692467 
-0.0773016 
-0.0773016 
-0.0112885 
-0.0112885 
-0.0181214 
-0.02254 
-0.0254064 
-0.0271224 
-0.0279043 
-0.0279219 
-0.0273199 
-0.0262351 
-0.0247947 
-0.0231067 
-0.0212479 
-0.0192591 
-0.0171512 
-0.014919 
-0.0125561 
-0.0100645 
-0.00745835 
-0.00476281 
-0.00201153 
0.000756174 
0.00349725 
0.0061627 
0.00870202 
0.0110706 
0.0132327 
0.015163 
0.0168479 
0.0182852 
0.019483 
0.0204577 
0.0212322 
0.021833 
0.0222891 
0.0226295 
0.0228833 
0.0230769 
0.023237 
0.0233859 
0.023547 
0.0237399 
0.0239849 
0.0242982 
0.0246962 
0.0251927 
0.0258025 
0.0265391 
0.0274138 
0.0284268 
0.0295482 
0.0306753 
0.0315574 
0.031708 
0.0303652 
0.0266152 
0.0197064 
0.00941432 
-0.00377549 
-0.0187491 
-0.0342073 
-0.0487496 
-0.0615269 
-0.0723555 
-0.0806731 
-0.0806731 
-0.00618469 
-0.00618469 
-0.0133298 
-0.0181399 
-0.0214478 
-0.023634 
-0.0248968 
-0.0253853 
-0.0252173 
-0.0245017 
-0.0233463 
-0.0218575 
-0.0201314 
-0.0182417 
-0.0162338 
-0.0141271 
-0.0119261 
-0.00963319 
-0.00725746 
-0.00481761 
-0.0023408 
0.000140091 
0.00258951 
0.00497124 
0.00724573 
0.00937817 
0.0113407 
0.0131139 
0.0146873 
0.0160592 
0.0172359 
0.0182303 
0.0190602 
0.0197465 
0.0203126 
0.020782 
0.0211789 
0.0215256 
0.0218456 
0.0221589 
0.022488 
0.0228513 
0.02327 
0.0237604 
0.0243408 
0.0250275 
0.0258385 
0.0267909 
0.0278992 
0.0291649 
0.030553 
0.031943 
0.0330484 
0.03333 
0.0319705 
0.0280238 
0.0207372 
0.00989297 
-0.00402044 
-0.0197794 
-0.0358645 
-0.050725 
-0.063578 
-0.0744453 
-0.0829408 
-0.0829408 
-0.000989532 
-0.000989532 
-0.00846049 
-0.0136708 
-0.0174224 
-0.0200778 
-0.0218229 
-0.0227968 
-0.0231012 
-0.0228217 
-0.0220404 
-0.0208445 
-0.0193267 
-0.0175776 
-0.0156742 
-0.01367 
-0.0115947 
-0.00946099 
-0.007277 
-0.00505445 
-0.00281225 
-0.00057536 
0.00162789 
0.00376854 
0.00581673 
0.00774557 
0.00953405 
0.0111678 
0.0126394 
0.0139483 
0.0150998 
0.0161045 
0.0169766 
0.0177327 
0.0183916 
0.0189718 
0.0194937 
0.0199747 
0.0204368 
0.0208962 
0.0213757 
0.0218916 
0.0224657 
0.0231139 
0.0238562 
0.0247099 
0.0256947 
0.0268293 
0.0281292 
0.0295942 
0.031182 
0.0327571 
0.034009 
0.034373 
0.0330132 
0.0289818 
0.0215253 
0.0103852 
-0.00404237 
-0.0204036 
-0.0368559 
-0.0518066 
-0.0646077 
-0.0754231 
-0.0840218 
-0.0840218 
0.00426082 
0.00426082 
-0.0035414 
-0.00916319 
-0.0133625 
-0.0164843 
-0.0187022 
-0.0201523 
-0.0209321 
-0.021117 
-0.02077 
-0.0199535 
-0.0187385 
-0.0172076 
-0.0154492 
-0.0135454 
-0.0115601 
-0.00953342 
-0.00748576 
-0.00542865 
-0.0033742 
-0.00133931 
0.000654353 
0.00258653 
0.00443738 
0.00618678 
0.0078196 
0.00932603 
0.0107018 
0.0119477 
0.0130691 
0.0140751 
0.0149771 
0.0157884 
0.0165237 
0.0171971 
0.0178261 
0.0184231 
0.0190088 
0.019596 
0.0202073 
0.0208567 
0.0215665 
0.0223513 
0.0232319 
0.0242254 
0.0253521 
0.0266305 
0.0280738 
0.0296777 
0.0313917 
0.0330701 
0.0343929 
0.0347964 
0.03346 
0.0294617 
0.0220583 
0.0109177 
-0.00382835 
-0.020552 
-0.0370049 
-0.0518272 
-0.0644985 
-0.0752156 
-0.0838543 
-0.0838543 
0.00953414 
0.00953414 
0.00140376 
-0.00464159 
-0.00930093 
-0.0128936 
-0.0155775 
-0.0174849 
-0.0187166 
-0.0193514 
-0.0194489 
-0.0190576 
-0.0182256 
-0.0170106 
-0.0154858 
-0.0137368 
-0.0118515 
-0.00990461 
-0.00794765 
-0.00600801 
-0.00409809 
-0.00222645 
-0.00040441 
0.00135494 
0.00303804 
0.00463201 
0.00612719 
0.00751854 
0.00880523 
0.00999014 
0.0110794 
0.0120813 
0.013006 
0.0138637 
0.0146663 
0.0154229 
0.0161485 
0.0168492 
0.0175457 
0.0182459 
0.0189735 
0.019739 
0.0205652 
0.021465 
0.0224606 
0.0235675 
0.0248039 
0.0261859 
0.0277231 
0.0294051 
0.0311718 
0.0328677 
0.0341697 
0.0345293 
0.0331649 
0.0292077 
0.0219622 
0.0110856 
-0.0035053 
-0.0200226 
-0.0361144 
-0.0506715 
-0.0631842 
-0.0737888 
-0.0824241 
-0.0824241 
0.014827 
0.014827 
0.00635848 
-0.000123456 
-0.0052621 
-0.00934534 
-0.0125043 
-0.0148601 
-0.0165147 
-0.0175572 
-0.0180592 
-0.0180747 
-0.0176454 
-0.0168091 
-0.0156113 
-0.0141132 
-0.0123937 
-0.010542 
-0.00864195 
-0.00675732 
-0.00492464 
-0.00315881 
-0.001465 
0.000152564 
0.0016899 
0.00314515 
0.00451439 
0.00579744 
0.00699726 
0.00811951 
0.00917197 
0.010163 
0.0111014 
0.0119947 
0.0128513 
0.0136759 
0.0144825 
0.0152695 
0.0160598 
0.0168546 
0.0176801 
0.0185416 
0.0194635 
0.0204582 
0.0215445 
0.0227352 
0.0240472 
0.0254931 
0.0270773 
0.0287818 
0.0305374 
0.0321816 
0.0333971 
0.0336627 
0.0322535 
0.0283684 
0.0213651 
0.0109049 
-0.00301071 
-0.0187914 
-0.034297 
-0.048451 
-0.0607324 
-0.071199 
-0.0798038 
-0.0798038 
0.0201533 
0.0201533 
0.0113349 
0.00438895 
-0.00125722 
-0.00586415 
-0.0095311 
-0.0123525 
-0.0144218 
-0.0158341 
-0.0166781 
-0.0170294 
-0.0169461 
-0.0164702 
-0.0156347 
-0.0144741 
-0.0130352 
-0.0113846 
-0.00960545 
-0.00778587 
-0.00600006 
-0.00429428 
-0.00268582 
-0.00117413 
0.00024661 
0.00158254 
0.00283817 
0.00402009 
0.00513648 
0.0061967 
0.00721073 
0.0081879 
0.00913739 
0.0100652 
0.0109778 
0.0118739 
0.0127655 
0.0136373 
0.0145171 
0.0153987 
0.0163111 
0.0172552 
0.0182591 
0.0193288 
0.0204817 
0.0217296 
0.0230864 
0.0245606 
0.0261505 
0.0278299 
0.0295216 
0.0310595 
0.0321375 
0.0322714 
0.0308048 
0.0270177 
0.0203337 
0.0104643 
-0.0024263 
-0.0170693 
-0.0317219 
-0.0453098 
-0.0572707 
-0.0675596 
-0.0761039 
-0.0761039 
0.0255408 
0.0255408 
0.016365 
0.00892532 
0.00272319 
-0.00245318 
-0.00667988 
-0.0100159 
-0.0125286 
-0.0143074 
-0.015451 
-0.0160587 
-0.0162182 
-0.0159992 
-0.0154516 
-0.0146087 
-0.0134965 
-0.0121454 
-0.0106014 
-0.00893127 
-0.00721663 
-0.00553751 
-0.00395272 
-0.00248861 
-0.0011438 
9.74194e-05 
0.00125269 
0.00234089 
0.00337638 
0.00437307 
0.00534624 
0.00630731 
0.00726567 
0.00822302 
0.00917924 
0.0101278 
0.0110846 
0.0120187 
0.0129685 
0.0139145 
0.0148943 
0.0159033 
0.0169662 
0.0180872 
0.019282 
0.0205609 
0.0219341 
0.0234056 
0.0249672 
0.0265852 
0.0281761 
0.0295739 
0.03049 
0.030484 
0.0289763 
0.025339 
0.0190714 
0.00995069 
-0.00176156 
-0.0150636 
-0.0286359 
-0.0414857 
-0.0530089 
-0.0630534 
-0.0714944 
-0.0714944 
0.0310229 
0.0310229 
0.0214886 
0.0135321 
0.00672333 
0.00090928 
-0.00394187 
-0.00786305 
-0.0108828 
-0.0130695 
-0.0145198 
-0.0153472 
-0.0156665 
-0.0155815 
-0.0151781 
-0.0145204 
-0.0136504 
-0.0125928 
-0.0113651 
-0.00999081 
-0.00851023 
-0.00698293 
-0.00547889 
-0.00406048 
-0.00276416 
-0.00159337 
-0.000526056 
0.000469802 
0.00142179 
0.0023524 
0.00328034 
0.004219 
0.0051806 
0.00616968 
0.00718771 
0.00822176 
0.00928433 
0.0103 
0.0113288 
0.0123475 
0.0133958 
0.0144636 
0.0155721 
0.0167286 
0.0179466 
0.019236 
0.0206033 
0.0220485 
0.0235576 
0.0250909 
0.0265614 
0.027808 
0.0285641 
0.0284387 
0.0269316 
0.0235102 
0.0177545 
0.00950134 
-0.000968148 
-0.0128799 
-0.0252461 
-0.0372115 
-0.048171 
-0.0578848 
-0.0661671 
-0.0661671 
0.0366331 
0.0366331 
0.0267446 
0.0182549 
0.010796 
0.00427314 
-0.00128341 
-0.00586968 
-0.00947877 
-0.0121451 
-0.0139528 
-0.0150213 
-0.0154829 
-0.0154671 
-0.0150901 
-0.0144518 
-0.0136327 
-0.0126906 
-0.0116593 
-0.0105527 
-0.00937597 
-0.00813951 
-0.00686824 
-0.00560186 
-0.00438573 
-0.00325584 
-0.00222538 
-0.00128204 
-0.000394001 
0.000475573 
0.00136436 
0.00229518 
0.00328743 
0.00433546 
0.00540785 
0.00648804 
0.00760838 
0.0086623 
0.00974334 
0.0108034 
0.0118879 
0.0129854 
0.0141126 
0.0152798 
0.0164978 
0.0177757 
0.0191168 
0.0205173 
0.0219582 
0.0233956 
0.0247422 
0.0258455 
0.0264651 
0.026261 
0.0248106 
0.0216724 
0.0165024 
0.00917886 
-4.85318e-05 
-0.0105843 
-0.0216956 
-0.0326761 
-0.0429585 
-0.0522502 
-0.0603119 
-0.0603119 
0.0423994 
0.0423994 
0.0321659 
0.0231329 
0.0149872 
0.0076896 
0.00134088 
-0.00399725 
-0.00828175 
-0.0115078 
-0.0137387 
-0.0150976 
-0.0157345 
-0.0158006 
-0.0154319 
-0.0147464 
-0.0138478 
-0.0128278 
-0.0117637 
-0.0107101 
-0.00969453 
-0.00872033 
-0.0077787 
-0.00686135 
-0.00596675 
-0.0050983 
-0.0042585 
-0.0034433 
-0.00263968 
-0.00182625 
-0.000977845 
-7.36915e-05 
0.000905979 
0.00196937 
0.0031178 
0.00435472 
0.00569738 
0.00685262 
0.00799969 
0.00914408 
0.0102803 
0.011414 
0.0125568 
0.0137249 
0.0149307 
0.0161838 
0.0174867 
0.0188328 
0.0202002 
0.021543 
0.0227767 
0.0237607 
0.0242831 
0.0240538 
0.022722 
0.0199274 
0.015392 
0.00901714 
0.00100005 
-0.00820904 
-0.0180685 
-0.02801 
-0.037529 
-0.0463161 
-0.0540969 
-0.0540969 
0.048341 
0.048341 
0.0377762 
0.0281962 
0.0193336 
0.0112015 
0.00397566 
-0.00220865 
-0.00725627 
-0.0111212 
-0.0138374 
-0.0155301 
-0.016374 
-0.0165518 
-0.0162266 
-0.0155306 
-0.0145713 
-0.0134418 
-0.0122297 
-0.0110193 
-0.00988467 
-0.00887812 
-0.00802023 
-0.00730137 
-0.00669359 
-0.00616293 
-0.00567414 
-0.00518868 
-0.00466187 
-0.00404288 
-0.00327608 
-0.00231488 
-0.00114982 
0.000160041 
0.00146246 
0.00274818 
0.00412119 
0.00527571 
0.00644557 
0.00760164 
0.00873479 
0.00985802 
0.0109791 
0.0121169 
0.0132846 
0.0144926 
0.0157427 
0.0170266 
0.0183205 
0.0195784 
0.0207201 
0.0216196 
0.0220931 
0.0218971 
0.0207441 
0.0183425 
0.0144674 
0.00903107 
0.00217382 
-0.00577401 
-0.0144123 
-0.0232956 
-0.0319944 
-0.0402111 
-0.0476574 
-0.0476574 
0.0544643 
0.0544643 
0.0435863 
0.0334627 
0.0238614 
0.0148415 
0.00665711 
-0.000470923 
-0.00637463 
-0.0109589 
-0.0142194 
-0.0162777 
-0.0173383 
-0.0176278 
-0.0173517 
-0.0166718 
-0.0157091 
-0.0145557 
-0.0132885 
-0.0119779 
-0.0106942 
-0.00950776 
-0.00848147 
-0.00765603 
-0.00703671 
-0.00659269 
-0.00627229 
-0.00602051 
-0.00578811 
-0.00553077 
-0.00520267 
-0.00475707 
-0.00412128 
-0.00318805 
-0.00190971 
-0.000178405 
0.00194134 
0.00337064 
0.00452515 
0.0058129 
0.007044 
0.00820433 
0.00931732 
0.0104208 
0.0115412 
0.012695 
0.0138868 
0.0151089 
0.0163379 
0.0175293 
0.0186095 
0.0194673 
0.0199457 
0.0198429 
0.0189247 
0.0169555 
0.0137507 
0.00922763 
0.00347024 
-0.00328778 
-0.0107497 
-0.0185794 
-0.0264268 
-0.0340258 
-0.0410931 
-0.0410931 
0.0607592 
0.0607592 
0.0495909 
0.038936 
0.0285854 
0.0186342 
0.00941589 
0.00124592 
-0.00561217 
-0.0110006 
-0.0148665 
-0.0173193 
-0.0185954 
-0.0189741 
-0.0187164 
-0.018026 
-0.0170485 
-0.0158875 
-0.0146206 
-0.0133117 
-0.0120155 
-0.0107811 
-0.00965219 
-0.00866772 
-0.00785937 
-0.00724269 
-0.00680686 
-0.00651149 
-0.00629978 
-0.0061116 
-0.00589782 
-0.00564138 
-0.00527922 
-0.00468505 
-0.00381201 
-0.00226217 
-6.08716e-06 
0.00163431 
0.0029958 
0.00430989 
0.00551139 
0.00663081 
0.00768728 
0.00872099 
0.00976481 
0.0108416 
0.0119607 
0.0131169 
0.0142885 
0.0154336 
0.0164856 
0.0173468 
0.0178844 
0.0179315 
0.0172977 
0.0157912 
0.0132571 
0.00961422 
0.00489791 
-0.000739415 
-0.00708 
-0.0138792 
-0.0208654 
-0.0278163 
-0.0344694 
-0.0344694 
0.0671951 
0.0671951 
0.0557645 
0.0446011 
0.0335047 
0.0225927 
0.0122747 
0.00296943 
-0.00494373 
-0.0112244 
-0.0157589 
-0.0186353 
-0.0201229 
-0.0205622 
-0.020281 
-0.0195349 
-0.0185008 
-0.0172957 
-0.0160007 
-0.0146776 
-0.013377 
-0.0121423 
-0.0110088 
-0.0100008 
-0.00912961 
-0.00839367 
-0.00778474 
-0.00729467 
-0.00691629 
-0.00662879 
-0.00637684 
-0.00618783 
-0.00598003 
-0.00556786 
-0.00492861 
-0.00406545 
-0.00309818 
-0.00213141 
-0.000585648 
0.00141111 
0.0032422 
0.00466351 
0.00582691 
0.00686733 
0.00787149 
0.0088892 
0.00994546 
0.0110452 
0.0121744 
0.0132984 
0.0143589 
0.0152716 
0.0159238 
0.0161766 
0.0158734 
0.0148559 
0.0129902 
0.0101939 
0.00646415 
0.00188396 
-0.00339206 
-0.00919385 
-0.0153241 
-0.0216094 
-0.0278203 
-0.0278203 
0.0737171 
0.0737171 
0.0620566 
0.0504192 
0.0385985 
0.0267152 
0.0152469 
0.00472125 
-0.00434468 
-0.0116039 
-0.0168691 
-0.0201979 
-0.0218918 
-0.0223606 
-0.0220109 
-0.0211615 
-0.0200263 
-0.0187387 
-0.0173837 
-0.0160196 
-0.0146908 
-0.0134323 
-0.0122724 
-0.011232 
-0.0103241 
-0.00955038 
-0.00889921 
-0.00834867 
-0.0078705 
-0.00745733 
-0.00705981 
-0.00674211 
-0.0064914 
-0.00615997 
-0.00568282 
-0.00501226 
-0.00408762 
-0.00329181 
-0.00208176 
-0.000461094 
0.00114201 
0.00254851 
0.00376028 
0.00483348 
0.00583839 
0.00683107 
0.00785189 
0.00892005 
0.0100332 
0.0111671 
0.0122744 
0.0132838 
0.0141005 
0.014608 
0.0146749 
0.014167 
0.0129652 
0.010984 
0.00819157 
0.00461617 
0.000342561 
-0.00450445 
-0.00979439 
-0.0154053 
-0.0211513 
-0.0211513 
0.080242 
0.080242 
0.0683879 
0.0563223 
0.0438185 
0.0309782 
0.0183324 
0.00651699 
-0.00379025 
-0.0121063 
-0.0181583 
-0.0219649 
-0.0238586 
-0.0243257 
-0.0238634 
-0.0228638 
-0.0215843 
-0.0201767 
-0.0187296 
-0.0172985 
-0.0159217 
-0.0146277 
-0.0134379 
-0.0123665 
-0.0114204 
-0.0105986 
-0.00989197 
-0.00929033 
-0.00877263 
-0.00833472 
-0.00792726 
-0.00757551 
-0.00726069 
-0.00692972 
-0.00651679 
-0.00601941 
-0.00540856 
-0.00472302 
-0.00381384 
-0.0028072 
-0.00174678 
-0.000603937 
0.000596748 
0.00181469 
0.00300149 
0.00415743 
0.005307 
0.0064768 
0.00768178 
0.00891638 
0.0101515 
0.0113335 
0.0123855 
0.0132099 
0.0136952 
0.0137246 
0.0131887 
0.0119989 
0.0101014 
0.00748304 
0.00417165 
0.000227831 
-0.00424662 
-0.00917915 
-0.0144419 
-0.0144419 
0.0866574 
0.0866574 
0.0746475 
0.0622085 
0.0490826 
0.035329 
0.0215116 
0.00836349 
-0.00325612 
-0.0126914 
-0.0195726 
-0.0238763 
-0.0259617 
-0.026398 
-0.0257828 
-0.0245916 
-0.0231308 
-0.0215723 
-0.020008 
-0.0184893 
-0.0170479 
-0.0157049 
-0.014475 
-0.013368 
-0.0123876 
-0.0115326 
-0.0107932 
-0.0101599 
-0.00960891 
-0.00913909 
-0.00871495 
-0.008352 
-0.00802788 
-0.00771368 
-0.00735085 
-0.00695327 
-0.00643491 
-0.00590213 
-0.00520712 
-0.00437001 
-0.003468 
-0.00254783 
-0.00161383 
-0.00065198 
0.000354491 
0.00142154 
0.00256975 
0.00380802 
0.00513438 
0.00653502 
0.00797892 
0.00941787 
0.010785 
0.0119961 
0.0129535 
0.0135523 
0.0136896 
0.0132737 
0.012234 
0.010527 
0.00813922 
0.00507987 
0.00139116 
-0.00287362 
-0.00764563 
-0.00764563 
0.0928219 
0.0928219 
0.0806926 
0.0679395 
0.0542693 
0.0396774 
0.0247381 
0.0102557 
-0.00271811 
-0.0133093 
-0.0210401 
-0.0258497 
-0.0281173 
-0.0284986 
-0.0276984 
-0.0262835 
-0.0246136 
-0.0228817 
-0.0211827 
-0.0195632 
-0.0180477 
-0.0166499 
-0.0153781 
-0.0142366 
-0.013225 
-0.0123406 
-0.0115732 
-0.010917 
-0.0103518 
-0.00987728 
-0.00946289 
-0.00911488 
-0.00880845 
-0.00853386 
-0.00824777 
-0.00795479 
-0.00760865 
-0.00723446 
-0.00676879 
-0.00624191 
-0.00565689 
-0.00501257 
-0.00430747 
-0.00353662 
-0.00268832 
-0.00173534 
-0.000648211 
0.000601619 
0.00202927 
0.00362463 
0.00535486 
0.00716521 
0.00898154 
0.0107144 
0.0122641 
0.013526 
0.0143967 
0.0147799 
0.0145933 
0.0137728 
0.0122756 
0.0100776 
0.00718136 
0.00358207 
-0.000710205 
-0.000710205 
0.0985706 
0.0985706 
0.0863536 
0.0733444 
0.0592173 
0.0438897 
0.0279298 
0.0121748 
-0.00214487 
-0.0138951 
-0.022467 
-0.0277784 
-0.0302186 
-0.0305289 
-0.0295247 
-0.0278677 
-0.0259739 
-0.0240581 
-0.0222171 
-0.0204919 
-0.0188992 
-0.0174456 
-0.0161324 
-0.0149595 
-0.0139227 
-0.0130181 
-0.0122344 
-0.0115664 
-0.010995 
-0.0105196 
-0.0101155 
-0.00978686 
-0.00950953 
-0.00928033 
-0.00905893 
-0.00885657 
-0.00862033 
-0.00838436 
-0.00809095 
-0.00774975 
-0.00736433 
-0.00693921 
-0.00646486 
-0.00592147 
-0.00527994 
-0.00450392 
-0.0035522 
-0.00238392 
-0.00096786 
0.000706474 
0.00262281 
0.00474055 
0.00698898 
0.00927173 
0.0114754 
0.0134781 
0.0151576 
0.0163993 
0.017102 
0.0171806 
0.0165686 
0.0152156 
0.0130903 
0.0101552 
0.00636538 
0.00636538 
0.103725 
0.103725 
0.0914441 
0.0782288 
0.063733 
0.0477882 
0.0309555 
0.0140666 
-0.00151524 
-0.0143741 
-0.0237431 
-0.0295357 
-0.0321392 
-0.032374 
-0.0311636 
-0.0292641 
-0.0271479 
-0.0250511 
-0.0230721 
-0.0212459 
-0.0195812 
-0.018077 
-0.0167287 
-0.0155312 
-0.0144769 
-0.0135602 
-0.0127693 
-0.0120996 
-0.0115342 
-0.0110723 
-0.0106927 
-0.0103973 
-0.0101649 
-0.00999471 
-0.0098573 
-0.00975801 
-0.00966303 
-0.00958521 
-0.00948908 
-0.00937877 
-0.00924119 
-0.00906606 
-0.00883493 
-0.0085215 
-0.00808927 
-0.00749033 
-0.00667006 
-0.00557328 
-0.00415363 
-0.00238451 
-0.000265966 
0.00217043 
0.00485765 
0.00769992 
0.0105774 
0.0133539 
0.0158854 
0.0180313 
0.0196625 
0.0206669 
0.0209514 
0.0204397 
0.0190726 
0.0167763 
0.0134622 
0.0134622 
0.108104 
0.108104 
0.0957763 
0.0823931 
0.0676109 
0.0511704 
0.0336416 
0.0158408 
-0.0007967 
-0.0146526 
-0.024742 
-0.0309777 
-0.0337377 
-0.0339074 
-0.0325097 
-0.0303884 
-0.0280698 
-0.0258104 
-0.0237099 
-0.0217969 
-0.0200726 
-0.0185291 
-0.0171557 
-0.0159433 
-0.0148812 
-0.0139623 
-0.0131742 
-0.012512 
-0.0119603 
-0.0115178 
-0.0111668 
-0.0109082 
-0.0107239 
-0.0106147 
-0.0105556 
-0.0105543 
-0.0105802 
-0.0106458 
-0.0107198 
-0.0108014 
-0.0108759 
-0.0109303 
-0.0109405 
-0.0108716 
-0.0106753 
-0.0102895 
-0.00964123 
-0.00865369 
-0.00725707 
-0.00540287 
-0.00307552 
-0.000302411 
0.00283727 
0.00623841 
0.0097764 
0.0133066 
0.0166703 
0.0197055 
0.0222566 
0.0241813 
0.0253551 
0.0256714 
0.0250412 
0.0233573 
0.0204913 
0.0204913 
0.111538 
0.111538 
0.0991781 
0.0856525 
0.0706565 
0.0538359 
0.0357939 
0.0173523 
-5.88084e-06 
-0.0146325 
-0.025338 
-0.0319659 
-0.0348777 
-0.0350064 
-0.0334606 
-0.0311595 
-0.028677 
-0.0262884 
-0.0240949 
-0.0221191 
-0.0203551 
-0.0187889 
-0.0174049 
-0.0161903 
-0.0151319 
-0.0142212 
-0.0134457 
-0.0128002 
-0.0122714 
-0.0118573 
-0.011543 
-0.0113291 
-0.0112012 
-0.0111606 
-0.0111894 
-0.0112938 
-0.011452 
-0.01167 
-0.0119241 
-0.0122104 
-0.0125108 
-0.0128078 
-0.0130726 
-0.013264 
-0.0133236 
-0.013174 
-0.012721 
-0.0118617 
-0.010498 
-0.0085559 
-0.00600245 
-0.0028586 
0.000792086 
0.00481986 
0.0090736 
0.0133877 
0.0175832 
0.0214818 
0.0249125 
0.0277132 
0.0297338 
0.0308378 
0.030905 
0.0297945 
0.0273419 
0.0273419 
0.113894 
0.113894 
0.101516 
0.0878629 
0.0727229 
0.0556295 
0.0372405 
0.0184266 
0.000753768 
-0.0143467 
-0.0255202 
-0.0324495 
-0.0354833 
-0.0355871 
-0.0339356 
-0.031508 
-0.0289144 
-0.0264435 
-0.0241964 
-0.0221903 
-0.020413 
-0.0188457 
-0.0174689 
-0.0162669 
-0.015225 
-0.0143335 
-0.0135803 
-0.0129598 
-0.0124602 
-0.0120793 
-0.0118051 
-0.011638 
-0.0115674 
-0.0115956 
-0.0117092 
-0.0119155 
-0.0121964 
-0.012557 
-0.012978 
-0.013455 
-0.0139709 
-0.0145078 
-0.0150345 
-0.0155039 
-0.0158464 
-0.0159668 
-0.015745 
-0.0150453 
-0.0137351 
-0.0117095 
-0.00891395 
-0.00536388 
-0.00114769 
0.00356227 
0.00857311 
0.0136923 
0.0187115 
0.0234328 
0.0276755 
0.0312708 
0.0340559 
0.0358725 
0.0365715 
0.0359795 
0.0338985 
0.0338985 
0.115027 
0.115027 
0.102697 
0.0889221 
0.0736786 
0.0564257 
0.0378884 
0.0190715 
0.00147398 
-0.0137268 
-0.0251479 
-0.0322733 
-0.0354078 
-0.0355284 
-0.0338457 
-0.0313716 
-0.0287392 
-0.026247 
-0.0239959 
-0.0219989 
-0.0202397 
-0.018696 
-0.0173461 
-0.0161726 
-0.0151603 
-0.014299 
-0.0135772 
-0.0129894 
-0.0125256 
-0.0121833 
-0.0119531 
-0.0118362 
-0.0118258 
-0.0119252 
-0.0121257 
-0.0124339 
-0.0128373 
-0.0133391 
-0.0139258 
-0.0145937 
-0.0153277 
-0.0161109 
-0.0169111 
-0.017676 
-0.0183251 
-0.0187436 
-0.0187815 
-0.0182659 
-0.0170249 
-0.0149202 
-0.0118743 
-0.00789482 
-0.00307259 
0.00238118 
0.0082221 
0.0142044 
0.0200653 
0.0255773 
0.0305556 
0.0348412 
0.0382775 
0.0407002 
0.0419396 
0.0417929 
0.0400329 
0.0400329 
0.114876 
0.114876 
0.102669 
0.0887903 
0.0734752 
0.0562215 
0.0377931 
0.0192603 
0.00193884 
-0.0130938 
-0.0244736 
-0.0315921 
-0.0347207 
-0.0348372 
-0.0331618 
-0.030712 
-0.0281187 
-0.0256756 
-0.0234781 
-0.0215356 
-0.0198296 
-0.0183369 
-0.0170353 
-0.0159075 
-0.0149384 
-0.0141181 
-0.0134363 
-0.0128877 
-0.0124639 
-0.0121629 
-0.0119779 
-0.0119112 
-0.0119596 
-0.0121281 
-0.0124105 
-0.0128137 
-0.0133295 
-0.013962 
-0.0147042 
-0.0155544 
-0.0165011 
-0.0175304 
-0.0186102 
-0.0196836 
-0.0206584 
-0.0213975 
-0.0217174 
-0.0214036 
-0.0202435 
-0.0180655 
-0.0147709 
-0.0103565 
-0.00491269 
0.00132194 
0.00804775 
0.0149313 
0.0216339 
0.02789 
0.0335135 
0.0383675 
0.0423208 
0.0452203 
0.0468885 
0.0470993 
0.0456014 
0.0456014 
0.113409 
0.113409 
0.101413 
0.0874904 
0.0721678 
0.0550938 
0.0370143 
0.0189709 
0.00211667 
-0.0124992 
-0.0235558 
-0.0304346 
-0.03342 
-0.0334976 
-0.0318711 
-0.0295243 
-0.0270546 
-0.0247345 
-0.0226499 
-0.0208077 
-0.0191901 
-0.0177752 
-0.0165428 
-0.0154766 
-0.0145633 
-0.0137939 
-0.0131595 
-0.0126557 
-0.0122759 
-0.0120184 
-0.011879 
-0.0118624 
-0.0119687 
-0.0122032 
-0.0125624 
-0.0130532 
-0.0136728 
-0.0144272 
-0.0153147 
-0.016337 
-0.0174896 
-0.0187625 
-0.0201215 
-0.0215063 
-0.0228129 
-0.0238794 
-0.0244856 
-0.0243752 
-0.0232974 
-0.0210538 
-0.0175294 
-0.0127087 
-0.00667252 
0.000351183 
0.00800293 
0.0158124 
0.0233429 
0.0302808 
0.036444 
0.0417326 
0.0460582 
0.0492952 
0.0512708 
0.0517428 
0.0504429 
0.0504429 
0.1106 
0.1106 
0.0989213 
0.0850603 
0.0698284 
0.0531018 
0.0355663 
0.0181736 
0.00196322 
-0.0119924 
-0.0224423 
-0.0288434 
-0.0315468 
-0.0315522 
-0.0300157 
-0.0278469 
-0.0255798 
-0.0234509 
-0.0215333 
-0.019833 
-0.0183355 
-0.0170229 
-0.0158782 
-0.0148881 
-0.0140416 
-0.0133313 
-0.0127505 
-0.0122955 
-0.0119617 
-0.0117481 
-0.0116527 
-0.011684 
-0.011844 
-0.0121373 
-0.0125632 
-0.0131302 
-0.0138403 
-0.014702 
-0.0157197 
-0.0169002 
-0.0182445 
-0.0197444 
-0.0213695 
-0.0230571 
-0.0246846 
-0.026063 
-0.0269361 
-0.0270094 
-0.0260031 
-0.0237037 
-0.0199898 
-0.0148352 
-0.0083011 
-0.000566335 
0.00800117 
0.0167515 
0.0250769 
0.0326062 
0.0391796 
0.0447579 
0.0493104 
0.0527485 
0.0549123 
0.0555491 
0.0543826 
0.0543826 
0.106441 
0.106441 
0.0951978 
0.0815481 
0.0665434 
0.050311 
0.0334728 
0.0168785 
0.00150611 
-0.0115326 
-0.0211047 
-0.0268198 
-0.0291379 
-0.0290645 
-0.0276703 
-0.0257513 
-0.0237547 
-0.0218728 
-0.0201656 
-0.0186405 
-0.0172886 
-0.0160977 
-0.0150559 
-0.0141535 
-0.0133825 
-0.0127379 
-0.0122149 
-0.0118114 
-0.0115246 
-0.0113539 
-0.0113004 
-0.0113763 
-0.0115835 
-0.0119263 
-0.0124076 
-0.0130379 
-0.0138233 
-0.0147756 
-0.0159044 
-0.0172219 
-0.0187345 
-0.0204388 
-0.0223055 
-0.0242633 
-0.0261762 
-0.0278293 
-0.0289234 
-0.0291343 
-0.0281698 
-0.0258182 
-0.0219629 
-0.0165731 
-0.00968381 
-0.00137201 
0.00803327 
0.0176679 
0.026684 
0.0346524 
0.0414766 
0.0471989 
0.0518483 
0.0553697 
0.0576176 
0.0583322 
0.0572412 
0.0572412 
0.100936 
0.100936 
0.0902533 
0.0769978 
0.0623923 
0.0467928 
0.0307857 
0.0151465 
0.000832748 
-0.0110239 
-0.0194806 
-0.0243628 
-0.026254 
-0.0261345 
-0.0249448 
-0.0233371 
-0.0216605 
-0.020063 
-0.0185947 
-0.0172668 
-0.0160777 
-0.0150221 
-0.0140936 
-0.0132869 
-0.0125975 
-0.0120227 
-0.01156 
-0.0112088 
-0.0109682 
-0.0108379 
-0.0108229 
-0.0109375 
-0.0111826 
-0.0115633 
-0.0120864 
-0.0127635 
-0.0136048 
-0.014625 
-0.0158394 
-0.0172649 
-0.018914 
-0.0207867 
-0.0228536 
-0.0250345 
-0.0271725 
-0.0290235 
-0.0302696 
-0.030569 
-0.0296284 
-0.0272361 
-0.0232954 
-0.0177907 
-0.010748 
-0.00219431 
0.00792574 
0.0184294 
0.0279384 
0.036125 
0.0430326 
0.0487782 
0.0534272 
0.056944 
0.0591944 
0.0599147 
0.0588518 
0.0588518 
0.0941016 
0.0941016 
0.0841062 
0.071447 
0.0574417 
0.0426289 
0.0276007 
0.0131063 
0.000106336 
-0.0103176 
-0.0174916 
-0.0214903 
-0.0229929 
-0.0228986 
-0.0219765 
-0.0207216 
-0.0193895 
-0.0180921 
-0.0168741 
-0.0157528 
-0.0147345 
-0.0138208 
-0.0130111 
-0.0123043 
-0.0116995 
-0.0111963 
-0.0107946 
-0.0104951 
-0.0102984 
-0.0102051 
-0.0102238 
-0.0103696 
-0.010642 
-0.011048 
-0.0115973 
-0.0123026 
-0.0131771 
-0.0142386 
-0.0155063 
-0.017002 
-0.0187429 
-0.0207325 
-0.0229407 
-0.0252777 
-0.0275671 
-0.0295373 
-0.0308456 
-0.0311433 
-0.0301493 
-0.0276925 
-0.0237003 
-0.018152 
-0.0110335 
-0.00226715 
0.00801987 
0.0186553 
0.0283412 
0.0366021 
0.0435077 
0.0492169 
0.0538112 
0.0572663 
0.0594604 
0.060136 
0.0590872 
0.0590872 
0.085988 
0.085988 
0.0767999 
0.0649448 
0.0517636 
0.0379277 
0.0240716 
0.0109598 
-0.000457558 
-0.00925947 
-0.0151004 
-0.0182827 
-0.0195072 
-0.0195269 
-0.0189169 
-0.0180257 
-0.0170341 
-0.0160299 
-0.0150571 
-0.0141396 
-0.0132911 
-0.0125193 
-0.0118288 
-0.0112224 
-0.0107022 
-0.0102703 
-0.00992823 
-0.00967839 
-0.00952207 
-0.00946122 
-0.00950767 
-0.00967507 
-0.00996314 
-0.0103807 
-0.0109388 
-0.0116513 
-0.0125335 
-0.0136051 
-0.0148887 
-0.016409 
-0.018187 
-0.0202285 
-0.0225017 
-0.0249086 
-0.0272569 
-0.0292561 
-0.0305528 
-0.030803 
-0.0297457 
-0.0272347 
-0.0232137 
-0.0176647 
-0.010568 
-0.00193746 
0.00792071 
0.0181199 
0.0276247 
0.0358301 
0.0426867 
0.0483282 
0.0528329 
0.0561863 
0.0582798 
0.058884 
0.0578734 
0.0578734 
0.0766974 
0.0766974 
0.0684282 
0.0575829 
0.0454696 
0.0328503 
0.0204189 
0.008962 
-0.000647603 
-0.0077654 
-0.0123732 
-0.0149109 
-0.0160002 
-0.0162027 
-0.0159107 
-0.0153581 
-0.0146759 
-0.0139387 
-0.0131921 
-0.0124654 
-0.0117778 
-0.0111422 
-0.0105668 
-0.0100579 
-0.00961988 
-0.00925671 
-0.00897151 
-0.00876783 
-0.00864738 
-0.00861383 
-0.008681 
-0.00885995 
-0.00915167 
-0.00956604 
-0.0101148 
-0.0108122 
-0.0116747 
-0.0127229 
-0.0139808 
-0.015475 
-0.0172282 
-0.0192473 
-0.0214997 
-0.023882 
-0.0261933 
-0.0281348 
-0.0293535 
-0.0295187 
-0.0283945 
-0.0258618 
-0.0218854 
-0.0164644 
-0.00961776 
-0.00145178 
0.00767917 
0.0171069 
0.0260549 
0.0339481 
0.0406172 
0.0461054 
0.0504587 
0.0536598 
0.0556117 
0.056131 
0.0551859 
0.0551859 
0.0664074 
0.0664074 
0.0591628 
0.0495311 
0.0387496 
0.0276327 
0.0169169 
0.00735884 
-0.000352417 
-0.00590602 
-0.00951591 
-0.0116217 
-0.0126882 
-0.0130876 
-0.013072 
-0.0128015 
-0.0123777 
-0.011868 
-0.0113187 
-0.0107622 
-0.0102211 
-0.00971127 
-0.00924366 
-0.00882651 
-0.00846609 
-0.00816759 
-0.00793525 
-0.00777326 
-0.00768357 
-0.00767151 
-0.0077515 
-0.00793179 
-0.00821496 
-0.00861121 
-0.0091322 
-0.00979191 
-0.0106067 
-0.0115969 
-0.0127864 
-0.0142015 
-0.0158652 
-0.0177847 
-0.0199275 
-0.0221907 
-0.0243749 
-0.0261868 
-0.0272863 
-0.0273637 
-0.0262087 
-0.0237286 
-0.0199149 
-0.0147984 
-0.00844185 
-0.000994834 
0.00721595 
0.0156812 
0.0238143 
0.0311342 
0.0374162 
0.042612 
0.0467176 
0.0497004 
0.0514736 
0.0519095 
0.051064 
0.051064 
0.0553904 
0.0553904 
0.0492775 
0.0410661 
0.0318928 
0.0225756 
0.0138259 
0.00626903 
0.000332754 
-0.00394129 
-0.00682944 
-0.00866275 
-0.00973825 
-0.0102857 
-0.0104696 
-0.0104066 
-0.0101804 
-0.00985199 
-0.00946595 
-0.00905486 
-0.00864225 
-0.00824498 
-0.00787534 
-0.00754254 
-0.00725374 
-0.00701475 
-0.00683047 
-0.00670515 
-0.00664094 
-0.00664425 
-0.00672892 
-0.00690079 
-0.00716362 
-0.0075273 
-0.00800268 
-0.00860281 
-0.00934293 
-0.0102418 
-0.0113214 
-0.0126063 
-0.0141179 
-0.0158631 
-0.0178121 
-0.019869 
-0.0218473 
-0.0234738 
-0.024433 
-0.0244422 
-0.0233157 
-0.0209845 
-0.0174656 
-0.0128201 
-0.00714221 
-0.00059297 
0.00655228 
0.0139131 
0.0210476 
0.0275703 
0.0332502 
0.0379822 
0.0417165 
0.0444017 
0.0459624 
0.0463261 
0.0456132 
0.0456132 
0.0440301 
0.0440301 
0.0391613 
0.0325699 
0.0252501 
0.0179432 
0.0112354 
0.00554876 
0.00108487 
-0.00222075 
-0.00457755 
-0.00618753 
-0.00722485 
-0.00783314 
-0.00812635 
-0.00819357 
-0.00810379 
-0.00790992 
-0.00765208 
-0.0073603 
-0.00705675 
-0.0067577 
-0.00647519 
-0.00621838 
-0.00599451 
-0.00580937 
-0.00566794 
-0.00557415 
-0.00553021 
-0.00554286 
-0.00562437 
-0.00577873 
-0.00601031 
-0.00632802 
-0.00674143 
-0.00726192 
-0.00790271 
-0.00867987 
-0.00961243 
-0.0107213 
-0.0120251 
-0.0135301 
-0.0152112 
-0.0169863 
-0.0186933 
-0.0200927 
-0.0209061 
-0.0208828 
-0.0198606 
-0.0177868 
-0.0146964 
-0.0106715 
-0.00582233 
-0.000299227 
0.00568302 
0.0118413 
0.0178447 
0.0233944 
0.0282815 
0.0323805 
0.0356152 
0.0379237 
0.0392452 
0.0395533 
0.0389998 
0.0389998 
0.0328373 
0.0328373 
0.0292963 
0.0244491 
0.0190836 
0.0137809 
0.0089496 
0.00484053 
0.00154531 
-0.000985121 
-0.00287019 
-0.0042189 
-0.00513443 
-0.00571105 
-0.00602975 
-0.00615774 
-0.0061493 
-0.00604731 
-0.00588504 
-0.00568783 
-0.00547469 
-0.00525975 
-0.00505363 
-0.0048645 
-0.0046989 
-0.00456198 
-0.00445834 
-0.00439126 
-0.00436281 
-0.00437919 
-0.00445052 
-0.00457942 
-0.00477019 
-0.00503027 
-0.00536749 
-0.00579104 
-0.00631145 
-0.00694143 
-0.00769591 
-0.00859126 
-0.00964212 
-0.0108538 
-0.0122076 
-0.0136397 
-0.0150217 
-0.0161602 
-0.0168252 
-0.0168056 
-0.0159613 
-0.0142483 
-0.0117049 
-0.00841966 
-0.00450662 
-9.9546e-05 
0.00464075 
0.00951446 
0.0142825 
0.018722 
0.0226617 
0.025983 
0.0286056 
0.03047 
0.0315333 
0.0318004 
0.0314211 
0.0314211 
0.0223564 
0.0223564 
0.0200961 
0.0169258 
