0 
-0.000985903 
-5.22972e-05 
0.000965731 
0.00132674 
0.00149152 
0.00155661 
0.00156802 
0.00155261 
0.0015248 
0.00149531 
0.00146987 
0.00145164 
0.00144169 
0.00143981 
0.00144493 
0.00145547 
0.00146954 
0.00148507 
0.00149991 
0.00151189 
0.00151884 
0.00151868 
0.00150943 
0.00148932 
0.00145679 
0.0014106 
0.00134984 
0.00127403 
0.00118304 
0.00107721 
0.000957254 
0.000824271 
0.00067969 
0.000525202 
0.000362714 
0.000194202 
2.19733e-05 
-0.000150869 
-0.000322227 
-0.000490736 
-0.000655072 
-0.000813962 
-0.000966356 
-0.00111141 
-0.00124842 
-0.00137668 
-0.00149532 
-0.00160319 
-0.00169871 
-0.0017797 
-0.00184337 
-0.00188635 
-0.00190479 
-0.00189451 
-0.00185112 
-0.00177056 
-0.00165185 
-0.00150277 
-0.00134203 
-0.00118902 
-0.00105191 
-0.000932408 
-0.000837361 
-0.000778227 
0 
0.000985903 
0.000985903 
5.22972e-05 
-0.000965731 
-0.00132674 
-0.00149152 
-0.00155661 
-0.00156802 
-0.00155261 
-0.0015248 
-0.00149531 
-0.00146987 
-0.00145164 
-0.00144169 
-0.00143981 
-0.00144493 
-0.00145547 
-0.00146954 
-0.00148507 
-0.00149991 
-0.00151189 
-0.00151884 
-0.00151868 
-0.00150943 
-0.00148932 
-0.00145679 
-0.0014106 
-0.00134984 
-0.00127403 
-0.00118304 
-0.00107721 
-0.000957254 
-0.000824271 
-0.00067969 
-0.000525202 
-0.000362714 
-0.000194202 
-2.19733e-05 
0.000150869 
0.000322227 
0.000490736 
0.000655072 
0.000813962 
0.000966356 
0.00111141 
0.00124842 
0.00137668 
0.00149532 
0.00160319 
0.00169871 
0.0017797 
0.00184337 
0.00188635 
0.00190479 
0.00189451 
0.00185112 
0.00177056 
0.00165185 
0.00150277 
0.00134203 
0.00118902 
0.00105191 
0.000932408 
0.000837361 
0.000778227 
0.000778227 
0.00194955 
0.00194955 
-0.000744006 
-0.00234923 
-0.00332493 
-0.00381053 
-0.00403969 
-0.00409981 
-0.00407552 
-0.00401119 
-0.00393961 
-0.00387891 
-0.00383916 
-0.00382417 
-0.00383386 
-0.00386555 
-0.00391497 
-0.00397686 
-0.00404539 
-0.00411438 
-0.00417745 
-0.00422819 
-0.00426028 
-0.00426769 
-0.00424481 
-0.00418668 
-0.00408915 
-0.00394905 
-0.00376431 
-0.00353404 
-0.00325858 
-0.00293942 
-0.00257919 
-0.00218151 
-0.00175084 
-0.00129228 
-0.000811301 
-0.000313476 
0.000194728 
0.000706994 
0.00121812 
0.00172342 
0.00221864 
0.00270014 
0.00316474 
0.00360958 
0.00403173 
0.00442773 
0.00479319 
0.00512225 
0.00540725 
0.0056386 
0.00580492 
0.00589356 
0.00589113 
0.00578444 
0.00556282 
0.00522627 
0.00480002 
0.00433814 
0.00389644 
0.00350413 
0.00317259 
0.00291804 
0.00276261 
0.00276261 
0.000553938 
0.000553938 
-0.00207717 
-0.00392118 
-0.00522456 
-0.00592469 
-0.0062627 
-0.00635301 
-0.0063156 
-0.00622052 
-0.00611835 
-0.00603767 
-0.00599396 
-0.00599282 
-0.00603363 
-0.00611166 
-0.00621967 
-0.00634886 
-0.00648944 
-0.00663107 
-0.00676302 
-0.00687451 
-0.00695486 
-0.00699385 
-0.00698194 
-0.00691068 
-0.00677295 
-0.00656328 
-0.00627804 
-0.0059156 
-0.00547632 
-0.00496256 
-0.00437856 
-0.00373028 
-0.00302511 
-0.00227167 
-0.00147934 
-0.00065782 
0.000183327 
0.00103467 
0.00188708 
0.00273232 
0.00356313 
0.00437317 
0.00515697 
0.0059096 
0.00662608 
0.00730065 
0.0079259 
0.0084919 
0.0089855 
0.00938997 
0.00968527 
0.00984887 
0.00985715 
0.00968736 
0.00932265 
0.00876601 
0.00806218 
0.00729914 
0.0065644 
0.00590581 
0.00534483 
0.00491141 
0.00464426 
0.00464426 
-0.000724684 
-0.000724684 
-0.00339941 
-0.00552839 
-0.00698577 
-0.00778648 
-0.00815364 
-0.00823588 
-0.00817302 
-0.00805282 
-0.00793682 
-0.00785949 
-0.00783853 
-0.00787908 
-0.00797844 
-0.00812885 
-0.00831949 
-0.00853768 
-0.00876961 
-0.0090008 
-0.00921634 
-0.00940123 
-0.00954062 
-0.00962024 
-0.00962679 
-0.00954841 
-0.00937515 
-0.00909934 
-0.00871592 
-0.00822262 
-0.00762001 
-0.00691149 
-0.00610307 
-0.00520321 
-0.00422247 
-0.00317318 
-0.00206896 
-0.000924433 
0.000245601 
0.00142751 
0.002609 
0.00377876 
0.00492678 
0.00604452 
0.00712482 
0.00816139 
0.0091481 
0.0100779 
0.0109414 
0.0117256 
0.0124125 
0.0129785 
0.0133945 
0.0136272 
0.0136412 
0.0134027 
0.0128886 
0.0121065 
0.0111233 
0.0100591 
0.00902619 
0.00808609 
0.00727129 
0.00663065 
0.00622845 
0.00622845 
-0.00241057 
-0.00241057 
-0.0050986 
-0.00724973 
-0.00869876 
-0.00947132 
-0.00979729 
-0.00983925 
-0.0097463 
-0.00961374 
-0.00950693 
-0.009461 
-0.00949211 
-0.00960236 
-0.00978547 
-0.0100299 
-0.010321 
-0.0106426 
-0.0109775 
-0.0113075 
-0.0116143 
-0.0118791 
-0.0120833 
-0.0122088 
-0.0122386 
-0.0121575 
-0.0119527 
-0.0116143 
-0.0111358 
-0.0105144 
-0.00975072 
-0.00884931 
-0.00781801 
-0.00666781 
-0.00541245 
-0.00406807 
-0.00265253 
-0.0011853 
0.000314815 
0.00183068 
0.00334523 
0.00484249 
0.00630836 
0.00773105 
0.00910099 
0.0104104 
0.0116523 
0.0128192 
0.0139011 
0.0148834 
0.0157449 
0.0164562 
0.0169795 
0.0172702 
0.0172799 
0.0169627 
0.0162886 
0.0152726 
0.0140066 
0.0126397 
0.0112994 
0.0100551 
0.00894595 
0.00804545 
0.00745709 
0.00745709 
-0.00382384 
-0.00382384 
-0.00666145 
-0.00883151 
-0.010199 
-0.0108921 
-0.0111475 
-0.0111438 
-0.0110315 
-0.0109078 
-0.0108363 
-0.0108487 
-0.0109565 
-0.0111572 
-0.0114403 
-0.0117905 
-0.0121903 
-0.0126209 
-0.0130624 
-0.0134942 
-0.0138948 
-0.0142421 
-0.0145141 
-0.0146887 
-0.0147452 
-0.014665 
-0.0144322 
-0.0140345 
-0.0134639 
-0.0127169 
-0.0117945 
-0.0107021 
-0.00944952 
-0.00805023 
-0.00652119 
-0.00488228 
-0.0031556 
-0.00136524 
0.000464822 
0.00231184 
0.00415382 
0.00597038 
0.00774372 
0.00945901 
0.0111044 
0.0126704 
0.0141493 
0.0155332 
0.0168119 
0.0179701 
0.0189841 
0.0198198 
0.0204312 
0.020762 
0.02075 
0.0203359 
0.0194839 
0.0182209 
0.0166668 
0.0149943 
0.0133348 
0.0117525 
0.0102855 
0.0090233 
0.00813552 
0.00813552 
-0.00532628 
-0.00532628 
-0.00823035 
-0.0103104 
-0.0115339 
-0.012109 
-0.0122813 
-0.0122361 
-0.0121193 
-0.0120242 
-0.0120084 
-0.0120968 
-0.0122949 
-0.0125948 
-0.0129822 
-0.0134394 
-0.013947 
-0.0144847 
-0.0150309 
-0.0155629 
-0.0160569 
-0.0164877 
-0.0168294 
-0.0170562 
-0.0171434 
-0.0170686 
-0.0168127 
-0.0163609 
-0.0157036 
-0.0148364 
-0.0137607 
-0.012483 
-0.0110148 
-0.00937222 
-0.00757523 
-0.00564755 
-0.00361549 
-0.00150786 
0.000647668 
0.00282383 
0.0049925 
0.00712765 
0.00920662 
0.0112106 
0.0131249 
0.0149382 
0.0166419 
0.0182278 
0.0196861 
0.0210011 
0.0221476 
0.0230874 
0.0237664 
0.0241167 
0.0240611 
0.0235272 
0.0224768 
0.0209551 
0.0191135 
0.0171389 
0.0151509 
0.0131881 
0.0112588 
0.00946791 
0.00811355 
0.00811355 
-0.00658573 
-0.00658573 
-0.00958302 
-0.011561 
-0.0126324 
-0.0130969 
-0.0132001 
-0.0131324 
-0.0130306 
-0.012982 
-0.0130357 
-0.0132088 
-0.0135008 
-0.0138993 
-0.0143876 
-0.0149467 
-0.0155565 
-0.0161959 
-0.0168424 
-0.0174717 
-0.0180575 
-0.0185716 
-0.0189845 
-0.0192662 
-0.019388 
-0.0193233 
-0.0190496 
-0.0185493 
-0.0178112 
-0.0168302 
-0.0156077 
-0.0141512 
-0.012474 
-0.0105945 
-0.00853572 
-0.00632492 
-0.0039925 
-0.00157171 
0.000904665 
0.0034028 
0.00588859 
0.00833113 
0.0107038 
0.0129844 
0.0151555 
0.0172039 
0.0191198 
0.0208945 
0.0225179 
0.0239742 
0.0252365 
0.0262621 
0.026989 
0.0273365 
0.0272125 
0.0265326 
0.0252625 
0.0234761 
0.0213563 
0.0190919 
0.0167626 
0.0143339 
0.0117825 
0.00926191 
0.00724992 
0.00724992 
-0.0077481 
-0.0077481 
-0.0107786 
-0.0126185 
-0.0135378 
-0.0139055 
-0.013958 
-0.013886 
-0.013814 
-0.0138223 
-0.01395 
-0.0142074 
-0.0145883 
-0.015078 
-0.0156584 
-0.0163101 
-0.0170132 
-0.0177464 
-0.0184864 
-0.0192078 
-0.0198819 
-0.0204777 
-0.0209619 
-0.0213005 
-0.0214603 
-0.0214104 
-0.0211247 
-0.0205829 
-0.0197717 
-0.0186854 
-0.0173253 
-0.0157001 
-0.0138243 
-0.0117185 
-0.00940864 
-0.00692544 
-0.00430347 
-0.00158038 
0.00120725 
0.00401933 
0.00681463 
0.00955645 
0.0122136 
0.0147606 
0.0171777 
0.0194501 
0.021567 
0.0235193 
0.0252965 
0.026882 
0.0282468 
0.029343 
0.0300993 
0.0304216 
0.0302022 
0.0293492 
0.0278432 
0.0257968 
0.0234228 
0.0208782 
0.0181416 
0.0151004 
0.011748 
0.00833537 
0.00559108 
0.00559108 
-0.00868369 
-0.00868369 
-0.0117335 
-0.0134411 
-0.0142357 
-0.0145369 
-0.0145648 
-0.0145089 
-0.0144794 
-0.0145503 
-0.014751 
-0.0150871 
-0.0155483 
-0.0161187 
-0.0167802 
-0.0175136 
-0.0182996 
-0.0191168 
-0.019942 
-0.0207483 
-0.0215055 
-0.0221796 
-0.0227338 
-0.02313 
-0.0233302 
-0.0232996 
-0.0230079 
-0.0224318 
-0.0215562 
-0.0203742 
-0.0188875 
-0.017105 
-0.0150427 
-0.0127228 
-0.0101738 
-0.00742986 
-0.00452933 
-0.00151382 
0.00157453 
0.00468725 
0.00777663 
0.0108013 
0.0137267 
0.0165248 
0.0191738 
0.0216577 
0.0239646 
0.0260848 
0.0280068 
0.0297126 
0.0311696 
0.0323236 
0.0330917 
0.0333655 
0.0330229 
0.0319708 
0.0302211 
0.0279366 
0.0253293 
0.0224533 
0.0191778 
0.0153569 
0.0110541 
0.00671506 
0.00333366 
0.00333366 
-0.00944798 
-0.00944798 
-0.0124769 
-0.0140585 
-0.0147582 
-0.0150208 
-0.0150473 
-0.015023 
-0.0150437 
-0.0151779 
-0.0154465 
-0.0158524 
-0.0163828 
-0.0170221 
-0.0177523 
-0.0185551 
-0.0194117 
-0.0203016 
-0.0212011 
-0.0220831 
-0.0229155 
-0.0236622 
-0.0242829 
-0.0247356 
-0.0249778 
-0.02497 
-0.0246783 
-0.024076 
-0.0231458 
-0.0218798 
-0.0202793 
-0.0183538 
-0.01612 
-0.0136017 
-0.0108292 
-0.00784032 
-0.00467746 
-0.00138552 
0.00198847 
0.00538665 
0.00875413 
0.012045 
0.0152217 
0.0182548 
0.0211213 
0.0238045 
0.0262915 
0.0285715 
0.0306318 
0.0324516 
0.0339929 
0.0351931 
0.0359558 
0.0361569 
0.0356602 
0.0343901 
0.0324067 
0.0299019 
0.0270354 
0.0237216 
0.0197384 
0.0149815 
0.00968806 
0.00454821 
0.000702324 
0.000702324 
-0.0100024 
-0.0100024 
-0.0129882 
-0.0144675 
-0.0151098 
-0.0153626 
-0.0154106 
-0.0154314 
-0.015508 
-0.015704 
-0.0160344 
-0.0165007 
-0.0170894 
-0.0177856 
-0.0185719 
-0.0194312 
-0.0203454 
-0.0212947 
-0.0222562 
-0.0232021 
-0.0240997 
-0.0249108 
-0.0255924 
-0.0260984 
-0.0263824 
-0.0264005 
-0.0261144 
-0.0254941 
-0.0245199 
-0.0231824 
-0.0214825 
-0.0194299 
-0.0170414 
-0.0143417 
-0.0113629 
-0.00814625 
-0.00473836 
-0.00118695 
0.0024533 
0.00611411 
0.00973571 
0.0132696 
0.016677 
0.0199272 
0.0229967 
0.0258678 
0.0285264 
0.0309604 
0.0331543 
0.0350836 
0.0367028 
0.0379381 
0.0386749 
0.0387755 
0.0381019 
0.0365999 
0.0343893 
0.0316753 
0.0284724 
0.0245555 
0.019695 
0.0139357 
0.00775274 
0.00201566 
-0.00215054 
-0.00215054 
-0.0103716 
-0.0103716 
-0.0132905 
-0.0146933 
-0.0153112 
-0.0155773 
-0.0156647 
-0.0157397 
-0.0158755 
-0.0161309 
-0.0165168 
-0.0170351 
-0.0176717 
-0.0184133 
-0.0192432 
-0.0201454 
-0.0211031 
-0.0220976 
-0.0231065 
-0.0241027 
-0.0250529 
-0.0259177 
-0.0266518 
-0.027206 
-0.0275301 
-0.0275757 
-0.0273004 
-0.0266706 
-0.0256635 
-0.0242681 
-0.0224843 
-0.0203217 
-0.0177974 
-0.0149361 
-0.0117705 
-0.00834614 
-0.00471416 
-0.000925988 
0.00295425 
0.00684898 
0.0106968 
0.014449 
0.0180661 
0.0215167 
0.0247763 
0.0278257 
0.0306495 
0.0332333 
0.0355583 
0.0375938 
0.0392832 
0.0405395 
0.0412316 
0.0412072 
0.0403101 
0.0385789 
0.0361805 
0.0332141 
0.029529 
0.0248313 
0.0189938 
0.0122899 
0.00541041 
-0.000730237 
-0.00511929 
-0.00511929 
-0.0105513 
-0.0105513 
-0.0133871 
-0.0147437 
-0.0153682 
-0.0156682 
-0.0158109 
-0.0159478 
-0.0161458 
-0.0164581 
-0.0168944 
-0.0174569 
-0.0181324 
-0.0189092 
-0.0197709 
-0.0207031 
-0.0216899 
-0.0227143 
-0.023755 
-0.0247858 
-0.0257738 
-0.0266791 
-0.0274551 
-0.0280502 
-0.0284106 
-0.0284842 
-0.0282241 
-0.0275927 
-0.026564 
-0.0251246 
-0.0232733 
-0.0210193 
-0.0183793 
-0.0153781 
-0.0120475 
-0.00843635 
-0.00460144 
-0.000604362 
0.00347863 
0.0075704 
0.0116132 
0.0155586 
0.0193659 
0.0230021 
0.0264407 
0.0296608 
0.0326449 
0.0353754 
0.0378283 
0.0399652 
0.0417186 
0.042984 
0.0435896 
0.0433825 
0.0422749 
0.0403573 
0.0377613 
0.0344328 
0.0300931 
0.0244839 
0.0176745 
0.0101801 
0.0028136 
-0.00358234 
-0.00814136 
-0.00814136 
-0.0105437 
-0.0105437 
-0.0133096 
-0.0146459 
-0.0152968 
-0.0156449 
-0.0158517 
-0.0160553 
-0.0163173 
-0.0166859 
-0.01717 
-0.0177719 
-0.0184796 
-0.0192819 
-0.0201641 
-0.0211133 
-0.022115 
-0.0231535 
-0.0242095 
-0.0252581 
-0.0262675 
-0.0271983 
-0.0280034 
-0.0286295 
-0.0290204 
-0.0291201 
-0.028878 
-0.0282519 
-0.0272123 
-0.0257433 
-0.0238418 
-0.021516 
-0.0187826 
-0.0156666 
-0.0121984 
-0.00842708 
-0.00441562 
-0.000245174 
0.00400036 
0.00825553 
0.012466 
0.0165826 
0.0205621 
0.0243695 
0.0279761 
0.0313591 
0.0344983 
0.037372 
0.0399519 
0.0421881 
0.0439842 
0.0452126 
0.0456958 
0.0453063 
0.0440182 
0.0419332 
0.0390764 
0.0352373 
0.0300944 
0.0235276 
0.0158471 
0.00775682 
8.05033e-05 
-0.00647138 
-0.0111668 
-0.0111668 
-0.0103576 
-0.0103576 
-0.013072 
-0.0144091 
-0.0151012 
-0.0155091 
-0.0157882 
-0.0160632 
-0.0163914 
-0.016816 
-0.0173459 
-0.0179833 
-0.0187175 
-0.0195383 
-0.0204321 
-0.0213871 
-0.0223903 
-0.0234277 
-0.0244819 
-0.0255303 
-0.0265433 
-0.0274828 
-0.0283026 
-0.0289488 
-0.0293632 
-0.0294874 
-0.029265 
-0.0286504 
-0.0276103 
-0.0261258 
-0.0241913 
-0.0218136 
-0.0190093 
-0.0158044 
-0.0122306 
-0.00833526 
-0.00418169 
0.000128131 
0.00450371 
0.00889388 
0.0132463 
0.0175118 
0.0216452 
0.0256095 
0.0293739 
0.0329134 
0.0362041 
0.0392169 
0.0419106 
0.0442207 
0.0460302 
0.0471926 
0.0475388 
0.0469852 
0.0455493 
0.0432795 
0.0400554 
0.0355599 
0.0295279 
0.022046 
0.013651 
0.00514731 
-0.00270907 
-0.00935076 
-0.014157 
-0.014157 
-0.0100084 
-0.0100084 
-0.0126914 
-0.0140464 
-0.0147909 
-0.0152671 
-0.0156236 
-0.0159735 
-0.01637 
-0.0168515 
-0.0174268 
-0.0180978 
-0.018855 
-0.0196885 
-0.020586 
-0.0215366 
-0.0225288 
-0.0235507 
-0.024587 
-0.025618 
-0.0266165 
-0.027547 
-0.0283647 
-0.0290162 
-0.0294423 
-0.0295823 
-0.0293782 
-0.0287803 
-0.0277508 
-0.0262668 
-0.0243195 
-0.0219136 
-0.0190653 
-0.0158011 
-0.012157 
-0.00818196 
-0.0039353 
0.00047958 
0.00496749 
0.00947474 
0.0139504 
0.0183459 
0.0226155 
0.0267209 
0.0306295 
0.0343131 
0.0377428 
0.0408805 
0.0436727 
0.0460318 
0.0478236 
0.0488971 
0.0491137 
0.0484307 
0.0468629 
0.044352 
0.0406403 
0.035383 
0.0284535 
0.0201639 
0.0112218 
0.0024463 
-0.00550307 
-0.0121854 
-0.017079 
-0.017079 
-0.00951144 
-0.00951144 
-0.0121815 
-0.0135683 
-0.0143734 
-0.0149241 
-0.0153616 
-0.0157893 
-0.016256 
-0.0167957 
-0.017417 
-0.018121 
-0.0188991 
-0.0197416 
-0.0206369 
-0.021575 
-0.0225457 
-0.0235389 
-0.0245421 
-0.0255386 
-0.0265048 
-0.0274086 
-0.0282077 
-0.0288508 
-0.029279 
-0.0294299 
-0.0292428 
-0.0286643 
-0.0276525 
-0.0261804 
-0.024236 
-0.0218216 
-0.0189526 
-0.0156558 
-0.0119706 
-0.00794936 
-0.00365594 
0.00081797 
0.0053858 
0.00998519 
0.0145629 
0.0190689 
0.023458 
0.02769 
0.03173 
0.0355451 
0.0390989 
0.0423421 
0.0452046 
0.0475809 
0.0493298 
0.0503125 
0.0504273 
0.0496489 
0.0479372 
0.0451064 
0.0408072 
0.0347454 
0.026977 
0.018015 
0.00866835 
-0.000281062 
-0.00826383 
-0.0149439 
-0.0199017 
-0.0199017 
-0.00888413 
-0.00888413 
-0.0115581 
-0.0129876 
-0.0138591 
-0.0144878 
-0.0150083 
-0.0155152 
-0.0160533 
-0.0166528 
-0.0173212 
-0.0180588 
-0.0188572 
-0.0197068 
-0.0205962 
-0.0215159 
-0.0224568 
-0.0234106 
-0.0243674 
-0.0253138 
-0.0262304 
-0.0270891 
-0.0278518 
-0.0284701 
-0.0288868 
-0.0290398 
-0.0288667 
-0.0283107 
-0.0273259 
-0.0258805 
-0.0239589 
-0.0215605 
-0.0186993 
-0.0154019 
-0.0117085 
-0.00767223 
-0.00335802 
0.00114715 
0.00576374 
0.0104286 
0.015085 
0.0196811 
0.0241704 
0.0285106 
0.0326633 
0.0365895 
0.0402436 
0.0435642 
0.0464659 
0.0488325 
0.0505287 
0.0514383 
0.0514874 
0.0506323 
0.0487427 
0.0455172 
0.0405755 
0.0337308 
0.0252243 
0.0157186 
0.00606728 
-0.00298846 
-0.0109555 
-0.0175935 
-0.0225927 
-0.0225927 
-0.00814407 
-0.00814407 
-0.0108369 
-0.0123178 
-0.0132596 
-0.0139677 
-0.0145711 
-0.0151574 
-0.0157672 
-0.0164273 
-0.0171438 
-0.0179161 
-0.0187355 
-0.0195917 
-0.0204737 
-0.0213717 
-0.0222776 
-0.0231842 
-0.0240841 
-0.0249675 
-0.025819 
-0.0266156 
-0.0273243 
-0.0279011 
-0.0282921 
-0.0284367 
-0.0282719 
-0.0277383 
-0.0267862 
-0.0253792 
-0.0234973 
-0.0211366 
-0.0183089 
-0.0150396 
-0.0113686 
-0.00734824 
-0.00304269 
0.001466 
0.00610269 
0.0108048 
0.0155136 
0.0201757 
0.0247422 
0.0291678 
0.0334093 
0.0374202 
0.0411451 
0.0445113 
0.047423 
0.0497635 
0.0514132 
0.0522789 
0.0522938 
0.0513629 
0.0492545 
0.0455866 
0.0400028 
0.0324474 
0.0233178 
0.0133699 
0.00347365 
-0.00563962 
-0.0135409 
-0.0200973 
-0.025115 
-0.025115 
-0.00731023 
-0.00731023 
-0.0100355 
-0.0115749 
-0.012589 
-0.0133759 
-0.0140603 
-0.0147241 
-0.0154044 
-0.0161247 
-0.0168897 
-0.0176975 
-0.0185387 
-0.0194024 
-0.0202771 
-0.0211528 
-0.0220214 
-0.0228767 
-0.0237133 
-0.0245241 
-0.0252983 
-0.026018 
-0.0266561 
-0.0271744 
-0.0275238 
-0.027647 
-0.0274819 
-0.0269679 
-0.0260518 
-0.0246928 
-0.022866 
-0.0205635 
-0.0177938 
-0.0145802 
-0.0109607 
-0.00698547 
-0.00271639 
0.00176885 
0.00639861 
0.0111106 
0.0158449 
0.0205463 
0.0251632 
0.0296465 
0.033947 
0.0380107 
0.0417731 
0.0451534 
0.0480528 
0.050363 
0.0519836 
0.0528359 
0.0528358 
0.0518182 
0.0494611 
0.0453439 
0.0391694 
0.0310055 
0.0213599 
0.0110403 
0.000933817 
-0.00819139 
-0.0159749 
-0.0224113 
-0.0274252 
-0.0274252 
-0.0064022 
-0.0064022 
-0.00917253 
-0.0107763 
-0.0118635 
-0.0127269 
-0.0134885 
-0.0142258 
-0.0149733 
-0.0157517 
-0.016564 
-0.017407 
-0.0182705 
-0.0191429 
-0.0200117 
-0.0208665 
-0.0216988 
-0.0225026 
-0.0232736 
-0.024007 
-0.024696 
-0.0253277 
-0.0258813 
-0.0263254 
-0.0266171 
-0.0267042 
-0.0265274 
-0.0260265 
-0.0251459 
-0.0238406 
-0.0220806 
-0.019853 
-0.0171623 
-0.0140286 
-0.010487 
-0.00658472 
-0.00238032 
0.0020534 
0.00664802 
0.0113414 
0.0160725 
0.0207837 
0.0254205 
0.0299293 
0.034255 
0.0383367 
0.0421033 
0.0454708 
0.0483447 
0.0506298 
0.0522422 
0.0531039 
0.0530951 
0.051978 
0.0493655 
0.0448346 
0.0381592 
0.0295008 
0.0194251 
0.00877034 
-0.00150271 
-0.0105842 
-0.0182017 
-0.0244829 
-0.0294721 
-0.0294721 
-0.00544023 
-0.00544023 
-0.00826751 
-0.0099409 
-0.011101 
-0.0120373 
-0.0128704 
-0.0136754 
-0.0144846 
-0.0153164 
-0.0161726 
-0.0170488 
-0.0179339 
-0.0188155 
-0.0196804 
-0.0205173 
-0.0213169 
-0.0220726 
-0.0227804 
-0.0234369 
-0.0240379 
-0.0245754 
-0.0250347 
-0.0253915 
-0.0256106 
-0.0256462 
-0.025444 
-0.0249461 
-0.0240962 
-0.0228459 
-0.0211603 
-0.0190208 
-0.0164267 
-0.013394 
-0.00995389 
-0.00615012 
-0.00203738 
0.00231685 
0.00684761 
0.0114926 
0.0161895 
0.0208785 
0.0255018 
0.0300011 
0.0343163 
0.0383814 
0.0421224 
0.0454569 
0.0482992 
0.050568 
0.0521886 
0.0530705 
0.0530497 
0.0518273 
0.04898 
0.0441067 
0.0370464 
0.0280126 
0.0175773 
0.00659784 
-0.00379086 
-0.0127447 
-0.0201548 
-0.0262527 
-0.0311986 
-0.0311986 
-0.00444441 
-0.00444441 
-0.00734002 
-0.00908781 
-0.0103202 
-0.0113248 
-0.0122226 
-0.0130873 
-0.0139503 
-0.0148286 
-0.0157228 
-0.0166277 
-0.0175317 
-0.0184219 
-0.0192844 
-0.0201069 
-0.0208791 
-0.0215933 
-0.0222445 
-0.0228297 
-0.0233462 
-0.0237894 
-0.02415 
-0.024411 
-0.0245451 
-0.0245148 
-0.0242724 
-0.0237644 
-0.022936 
-0.0217372 
-0.0201285 
-0.0180857 
-0.0156019 
-0.0126876 
-0.00936942 
-0.00568712 
-0.00169113 
0.0025564 
0.00699431 
0.0115603 
0.0161909 
0.020824 
0.0253987 
0.029853 
0.0341228 
0.0381397 
0.0418301 
0.0451172 
0.0479254 
0.050184 
0.0518191 
0.0527194 
0.052679 
0.0513558 
0.0483164 
0.0431937 
0.035877 
0.0265921 
0.0158679 
0.00455274 
-0.0058808 
-0.0145972 
-0.021763 
-0.0276581 
-0.0325447 
-0.0325447 
-0.00343361 
-0.00343361 
-0.00640837 
-0.00823517 
-0.00953918 
-0.010607 
-0.0115616 
-0.0124767 
-0.0133839 
-0.0142993 
-0.0152234 
-0.0161502 
-0.0170684 
-0.0179646 
-0.0188249 
-0.0196362 
-0.0203869 
-0.021068 
-0.0216727 
-0.0221968 
-0.0226378 
-0.022993 
-0.0232572 
-0.0234197 
-0.0234614 
-0.0233534 
-0.0230565 
-0.0225237 
-0.0217041 
-0.0205481 
-0.0190136 
-0.0170708 
-0.0147063 
-0.0119242 
-0.00874537 
-0.00520461 
-0.00134803 
0.00276779 
0.00708527 
0.0115422 
0.0160744 
0.0206182 
0.0251099 
0.0294851 
0.0336777 
0.0376191 
0.0412388 
0.044467 
0.0472373 
0.0494846 
0.051129 
0.0520363 
0.0519669 
0.0505557 
0.0473771 
0.0421002 
0.0346486 
0.0252366 
0.0143249 
0.00275062 
-0.00763374 
-0.0160378 
-0.0229456 
-0.0286353 
-0.0334521 
-0.0334521 
-0.00242455 
-0.00242455 
-0.00548823 
-0.00739819 
-0.008773 
-0.00989901 
-0.0109023 
-0.0118578 
-0.0127985 
-0.0137403 
-0.0146842 
-0.0156245 
-0.0165502 
-0.0174483 
-0.0183051 
-0.0191071 
-0.0198418 
-0.0204985 
-0.0210684 
-0.0215451 
-0.0219245 
-0.0222041 
-0.0223809 
-0.0224491 
-0.0223971 
-0.0222045 
-0.0218416 
-0.0212696 
-0.0204438 
-0.0193178 
-0.0178488 
-0.0160034 
-0.0137618 
-0.0111209 
-0.00809464 
-0.00471214 
-0.00101464 
0.00294689 
0.00711848 
0.0114382 
0.015842 
0.0202649 
0.024642 
0.0289075 
0.0329952 
0.0368381 
0.0403702 
0.0435284 
0.0462526 
0.0484789 
0.0501175 
0.0510139 
0.0509069 
0.0494244 
0.0461586 
0.0408102 
0.033323 
0.0238923 
0.0128978 
0.00128567 
-0.00885977 
-0.0169663 
-0.0236285 
-0.0291316 
-0.0338741 
-0.0338741 
-0.00142989 
-0.00142989 
-0.00459068 
-0.00658709 
-0.00803173 
-0.00921107 
-0.0102552 
-0.0112415 
-0.0122048 
-0.0131624 
-0.0141159 
-0.0150606 
-0.0159863 
-0.0168811 
-0.0177317 
-0.018525 
-0.0192478 
-0.019888 
-0.0204347 
-0.0208787 
-0.0212134 
-0.0214345 
-0.0215391 
-0.0215244 
-0.0213842 
-0.0211066 
-0.020671 
-0.0200481 
-0.0192013 
-0.0180896 
-0.0166727 
-0.0149158 
-0.0127943 
-0.0102981 
-0.0074333 
-0.00422201 
-0.00069959 
0.00308898 
0.00709298 
0.011251 
0.0154998 
0.0197744 
0.0240094 
0.0281392 
0.0320987 
0.0358237 
0.0392529 
0.0423284 
0.0449933 
0.0471812 
0.0487928 
0.0496584 
0.0495072 
0.0479717 
0.0446654 
0.0393118 
0.0318607 
0.0225131 
0.0115844 
0.000252954 
-0.00945781 
-0.0173209 
-0.0237656 
-0.0291132 
-0.0337794 
-0.0337794 
-0.000458233 
-0.000458233 
-0.00372127 
-0.00580553 
-0.00731832 
-0.00854641 
-0.00962472 
-0.0106332 
-0.01161 
-0.0125738 
-0.013528 
-0.0144692 
-0.0153885 
-0.016275 
-0.0171167 
-0.0179007 
-0.018614 
-0.0192437 
-0.0197771 
-0.0202024 
-0.0205097 
-0.0206916 
-0.0207437 
-0.0206632 
-0.0204477 
-0.0200914 
-0.0195828 
-0.0189021 
-0.0180219 
-0.0169088 
-0.0155274 
-0.0138442 
-0.0118326 
-0.00947685 
-0.00677558 
-0.00374295 
-0.000407469 
0.00319264 
0.00701092 
0.0109869 
0.0150588 
0.0191622 
0.0232327 
0.0272057 
0.0310179 
0.0346086 
0.0379201 
0.0408981 
0.0434863 
0.0456149 
0.0471763 
0.0479933 
0.0477952 
0.0462276 
0.0429241 
0.0376239 
0.0302881 
0.0210981 
0.010468 
-0.000244028 
-0.009485 
-0.0171099 
-0.0233616 
-0.0285762 
-0.0331723 
-0.0331723 
0.000488466 
0.000488466 
-0.00287825 
-0.00504936 
-0.00662751 
-0.00790003 
-0.00900707 
-0.0100315 
-0.0110151 
-0.0119787 
-0.0129279 
-0.0138606 
-0.0147695 
-0.015645 
-0.016476 
-0.0172506 
-0.0179561 
-0.0185793 
-0.0191066 
-0.0195241 
-0.0198193 
-0.0199812 
-0.0200019 
-0.0198769 
-0.0196044 
-0.0191827 
-0.0186074 
-0.0178681 
-0.0169471 
-0.0158197 
-0.014457 
-0.0128299 
-0.0109124 
-0.00868607 
-0.00614324 
-0.00328995 
-0.000146806 
0.00325577 
0.00687575 
0.0106547 
0.0145332 
0.0184482 
0.0223369 
0.0261366 
0.0297865 
0.0332286 
0.0364083 
0.0392729 
0.0417659 
0.0438138 
0.0453046 
0.0460603 
0.0458191 
0.0442449 
0.0409911 
0.0358098 
0.0286126 
0.0197019 
0.00965347 
-0.000333657 
-0.00907177 
-0.016403 
-0.0224574 
-0.0275479 
-0.032081 
-0.032081 
0.00141139 
0.00141139 
-0.00205252 
-0.00430674 
-0.00594592 
-0.00725881 
-0.00839095 
-0.00942796 
-0.0104156 
-0.0113766 
-0.0123193 
-0.0132428 
-0.0141416 
-0.0150069 
-0.0158285 
-0.0165952 
-0.017295 
-0.0179147 
-0.0184406 
-0.0188581 
-0.0191525 
-0.0193101 
-0.0193193 
-0.019172 
-0.0188644 
-0.0183959 
-0.0177666 
-0.016974 
-0.0160101 
-0.0148594 
-0.013501 
-0.0119113 
-0.0100677 
-0.00795194 
-0.00555333 
-0.00287159 
8.05091e-05 
0.00328099 
0.00669479 
0.0102668 
0.0139404 
0.017655 
0.0213497 
0.0249642 
0.02844 
0.0317216 
0.0347566 
0.037493 
0.0398735 
0.0418226 
0.0432278 
0.0439169 
0.0436442 
0.0420938 
0.0389233 
0.0338582 
0.0269294 
0.0184793 
0.0091324 
-8.94526e-05 
-0.00828515 
-0.0152778 
-0.0211198 
-0.0260855 
-0.0305588 
-0.0305588 
0.00232356 
0.00232356 
-0.00123088 
-0.00356066 
-0.00525463 
-0.00660402 
-0.00775946 
-0.0088089 
-0.00980159 
-0.0107625 
-0.0117019 
-0.0126207 
-0.0135142 
-0.0143745 
-0.0151919 
-0.0159556 
-0.0166537 
-0.0172738 
-0.0178022 
-0.0182245 
-0.0185254 
-0.0186896 
-0.0187028 
-0.0185531 
-0.018233 
-0.0177396 
-0.0170742 
-0.0162397 
-0.0152364 
-0.0140588 
-0.012695 
-0.011128 
-0.00933962 
-0.0073141 
-0.00504022 
-0.00251385 
0.000259003 
0.00326389 
0.0064723 
0.00983472 
0.0132984 
0.0168062 
0.0202998 
0.0237213 
0.0270149 
0.0301271 
0.0330068 
0.0356027 
0.037857 
0.0396945 
0.0410062 
0.0416316 
0.0413421 
0.0398306 
0.0367334 
0.0318826 
0.0253322 
0.017459 
0.00887327 
0.000419141 
-0.00720823 
-0.0138239 
-0.0194319 
-0.0242645 
-0.0286763 
-0.0286763 
0.00324075 
0.00324075 
-0.000396601 
-0.00278947 
-0.00453169 
-0.00591428 
-0.00709339 
-0.00815819 
-0.00916092 
-0.0101282 
-0.0110723 
-0.0119951 
-0.0128928 
-0.0137577 
-0.0145802 
-0.0153494 
-0.0160534 
-0.01668 
-0.0172159 
-0.0176472 
-0.0179592 
-0.0181364 
-0.0181634 
-0.0180259 
-0.0177126 
-0.0172166 
-0.0165365 
-0.0156763 
-0.0146419 
-0.0134373 
-0.0120604 
-0.0105025 
-0.00875077 
-0.00679272 
-0.00461917 
-0.00222599 
0.000384551 
0.00320458 
0.00621443 
0.00937079 
0.0126256 
0.0159255 
0.0192157 
0.022441 
0.0255478 
0.0284848 
0.031202 
0.0336489 
0.0357684 
0.0374876 
0.0387048 
0.039273 
0.0389763 
0.0374832 
0.0345197 
0.0299512 
0.0238681 
0.016644 
0.00883488 
0.00113288 
-0.00591413 
-0.0121261 
-0.0174798 
-0.0221678 
-0.0265131 
-0.0265131 
0.00418477 
0.00418477 
0.000471216 
-0.00197332 
-0.00375621 
-0.00517004 
-0.00637498 
-0.00746071 
-0.00848142 
-0.00946495 
-0.010425 
-0.0113639 
-0.0122785 
-0.013161 
-0.0140014 
-0.0147882 
-0.0155093 
-0.0161519 
-0.016703 
-0.0171492 
-0.0174765 
-0.0176706 
-0.0177166 
-0.0175997 
-0.0173066 
-0.0168265 
-0.0161538 
-0.015289 
-0.0142388 
-0.0130131 
-0.0116204 
-0.0100628 
-0.00833519 
-0.00642839 
-0.00433416 
-0.00204855 
0.000427131 
0.00308719 
0.00591706 
0.00888075 
0.0119358 
0.0150338 
0.0181239 
0.0211544 
0.0240742 
0.0268341 
0.0293857 
0.0316797 
0.033661 
0.0352608 
0.036387 
0.0369048 
0.036576 
0.0351356 
0.0323473 
0.0281203 
0.0225623 
0.0160186 
0.00897584 
0.00200035 
-0.00446821 
-0.010262 
-0.015346 
-0.0198779 
-0.0241498 
-0.0241498 
0.00517688 
0.00517688 
0.00139574 
-0.00109381 
-0.00291075 
-0.00435567 
-0.00559029 
-0.00670447 
-0.00775305 
-0.00876469 
-0.00975376 
-0.0107231 
-0.0116695 
-0.0125847 
-0.0134581 
-0.0142774 
-0.0150294 
-0.0157009 
-0.0162783 
-0.0167482 
-0.0170975 
-0.0173128 
-0.0173808 
-0.017288 
-0.0170212 
-0.0165684 
-0.0159202 
-0.0150721 
-0.0140261 
-0.0127917 
-0.0113829 
-0.00981338 
-0.00809017 
-0.00621216 
-0.00417406 
-0.00197286 
0.000389841 
0.00290976 
0.0055806 
0.00837035 
0.0112409 
0.014149 
0.017048 
0.0198899 
0.0226271 
0.0252124 
0.0275997 
0.0297415 
0.0315857 
0.0330698 
0.0341091 
0.0345604 
0.0342142 
0.0328495 
0.0302745 
0.0264287 
0.0214224 
0.0155602 
0.00925639 
0.00297282 
-0.00293062 
-0.00830222 
-0.0131066 
-0.0174725 
-0.0216634 
-0.0216634 
0.00623394 
0.00623394 
0.00239667 
-0.000133944 
-0.00198206 
-0.00346003 
-0.00472968 
-0.00588085 
-0.00696822 
-0.00802073 
-0.00905302 
-0.010068 
-0.011062 
-0.0120263 
-0.0129493 
-0.0138174 
-0.0146164 
-0.0153318 
-0.0159492 
-0.0164549 
-0.0168358 
-0.0170794 
-0.0171736 
-0.017107 
-0.0168681 
-0.0164461 
-0.015831 
-0.0150153 
-0.0139957 
-0.0127755 
-0.0113665 
-0.00978726 
-0.00805791 
-0.00619183 
-0.00419092 
-0.00205001 
0.000232409 
0.00265023 
0.00519402 
0.00783744 
0.0105469 
0.0132839 
0.0160068 
0.0186721 
0.0212356 
0.0236534 
0.0258818 
0.0278763 
0.0295885 
0.0309614 
0.0319097 
0.0322927 
0.0319448 
0.0306799 
0.0283446 
0.0248986 
0.0204459 
0.0152448 
0.00964101 
0.00400807 
-0.00135199 
-0.00630625 
-0.0108279 
-0.0150201 
-0.0191225 
-0.0191225 
0.00736982 
0.00736982 
0.00349055 
0.000924883 
-0.000961247 
-0.00247621 
-0.00378649 
-0.00498359 
-0.00612078 
-0.00722719 
-0.00831721 
-0.00939352 
-0.0104519 
-0.0114825 
-0.0124725 
-0.013407 
-0.0142701 
-0.0150459 
-0.0157188 
-0.0162744 
-0.0166991 
-0.0169808 
-0.0171084 
-0.0170719 
-0.0168618 
-0.0164696 
-0.0158872 
-0.0151074 
-0.014125 
-0.0129377 
-0.0115492 
-0.00997114 
-0.00822487 
-0.00633762 
-0.00433347 
-0.00222359 
-6.49988e-06 
0.00231829 
0.00475965 
0.0072856 
0.00986001 
0.012449 
0.0150155 
0.0175206 
0.0199241 
0.0221857 
0.0242647 
0.0261201 
0.0277075 
0.0289723 
0.0298212 
0.0301495 
0.0298163 
0.0286691 
0.0265863 
0.0235411 
0.0196247 
0.0150492 
0.0100987 
0.00507224 
0.000225187 
-0.00432592 
-0.00856595 
-0.012579 
-0.0165854 
-0.0165854 
0.008597 
0.008597 
0.00468707 
0.00208931 
0.000161434 
-0.00139634 
-0.00275508 
-0.0040064 
-0.00520458 
-0.0063778 
-0.00754028 
-0.00869415 
-0.00983423 
-0.0109495 
-0.0120254 
-0.0130451 
-0.0139907 
-0.0148444 
-0.0155893 
-0.0162097 
-0.0166916 
-0.017023 
-0.0171933 
-0.0171935 
-0.0170159 
-0.0166537 
-0.016101 
-0.0153531 
-0.0144062 
-0.0132584 
-0.0119102 
-0.0103662 
-0.00863784 
-0.00674632 
-0.0047232 
-0.00260068 
-0.00039446 
0.00190108 
0.00428028 
0.00671914 
0.00918772 
0.0116542 
0.0140872 
0.016452 
0.0187127 
0.0208325 
0.0227745 
0.0245012 
0.0259708 
0.0271211 
0.0278837 
0.0281704 
0.0278656 
0.0268461 
0.025017 
0.0223589 
0.0189475 
0.0149528 
0.0106035 
0.00613813 
0.00176754 
-0.00240219 
-0.00636421 
-0.010195 
-0.0140989 
-0.0140989 
0.00992518 
0.00992518 
0.00599315 
0.00336753 
0.00139668 
-0.000214943 
-0.00162794 
-0.0029425 
-0.00421211 
-0.00546506 
-0.00671493 
-0.00796323 
-0.00920357 
-0.0104232 
-0.0116054 
-0.0127308 
-0.0137789 
-0.0147296 
-0.0155639 
-0.0162648 
-0.0168178 
-0.0172106 
-0.0174335 
-0.0174784 
-0.017339 
-0.0170098 
-0.0164866 
-0.015766 
-0.0148459 
-0.013726 
-0.0124081 
-0.0108958 
-0.00919483 
-0.00731304 
-0.00526541 
-0.00308567 
-0.000838061 
0.0014198 
0.00374994 
0.00614292 
0.00853641 
0.0109079 
0.0132317 
0.0154786 
0.0176159 
0.019611 
0.0214304 
0.0230388 
0.02439 
0.0254383 
0.0261275 
0.0263851 
0.026118 
0.025229 
0.0236442 
0.0213488 
0.0184022 
0.0149371 
0.0111342 
0.00718247 
0.00325098 
-0.000561588 
-0.00425444 
-0.00790168 
-0.0116977 
-0.0116977 
0.0113623 
0.0113623 
0.00741543 
0.00476338 
0.00274929 
0.00108178 
-0.000397961 
-0.0017834 
-0.00313453 
-0.00447973 
-0.00583207 
-0.00719239 
-0.00855283 
-0.00989848 
-0.0112097 
-0.0124638 
-0.0136368 
-0.0147054 
-0.0156481 
-0.0164461 
-0.017084 
-0.0175499 
-0.0178346 
-0.0179317 
-0.0178362 
-0.0175443 
-0.0170529 
-0.0163596 
-0.0154628 
-0.0143632 
-0.0130639 
-0.011572 
-0.0098984 
-0.00805741 
-0.00606283 
-0.00392045 
-0.00162749 
0.00079321 
0.00322519 
0.00560146 
0.00793615 
0.0102291 
0.0124645 
0.0146142 
0.0166477 
0.018535 
0.0202434 
0.0217382 
0.0229854 
0.0239464 
0.024575 
0.0248134 
0.0245889 
0.0238263 
0.0224688 
0.020504 
0.0179763 
0.0149869 
0.0116749 
0.0081888 
0.00466061 
0.00117598 
-0.00225827 
-0.00572231 
-0.00940595 
-0.00940595 
0.0129151 
0.0129151 
0.00896002 
0.00628315 
0.00422569 
0.002499 
0.000948094 
-0.000519551 
-0.00196127 
-0.0034105 
-0.00488037 
-0.00637093 
-0.00787273 
-0.00936817 
-0.0108339 
-0.0122427 
-0.0135661 
-0.0147765 
-0.0158487 
-0.0167617 
-0.0174991 
-0.0180493 
-0.0184044 
-0.0185599 
-0.0185129 
-0.0182617 
-0.0178043 
-0.0171388 
-0.0162638 
-0.0151793 
-0.0138876 
-0.0123952 
-0.0107126 
-0.00885502 
-0.00684077 
-0.00468579 
-0.00239404 
4.92478e-05 
0.00256921 
0.00501683 
0.00735778 
0.00961235 
0.01179 
0.0138668 
0.015815 
0.0176076 
0.0192171 
0.0206158 
0.0217741 
0.0226608 
0.0232396 
0.0234658 
0.0232844 
0.022639 
0.0214863 
0.0198156 
0.0176587 
0.0150901 
0.0122146 
0.00914651 
0.00598723 
0.00280567 
-0.000387281 
-0.00367246 
-0.00723829 
-0.00723829 
0.014589 
0.014589 
0.0106316 
0.00793214 
0.00583181 
0.00404539 
0.00241953 
0.00086316 
-0.000680198 
-0.0022445 
-0.00384625 
-0.00548566 
-0.00715142 
-0.00882278 
-0.0104716 
-0.0120649 
-0.013568 
-0.0149474 
-0.0161732 
-0.0172212 
-0.0180736 
-0.0187191 
-0.0191522 
-0.0193711 
-0.0193759 
-0.0191674 
-0.0187453 
-0.018108 
-0.0172531 
-0.016179 
-0.0148864 
-0.0133797 
-0.0116687 
-0.00976849 
-0.0077016 
-0.00549647 
-0.00318322 
-0.000803573 
0.00164518 
0.00418577 
0.00667822 
0.00900972 
0.0111938 
0.0132345 
0.0151219 
0.0168401 
0.0183684 
0.0196849 
0.0207668 
0.0215899 
0.0221269 
0.0223447 
0.0222035 
0.0216621 
0.0206887 
0.0192738 
0.017439 
0.0152375 
0.0127462 
0.0100502 
0.00722589 
0.00432398 
0.00135319 
-0.0017568 
-0.0052019 
-0.0052019 
0.0163866 
0.0163866 
0.012433 
0.00971409 
0.00757325 
0.00572786 
0.00402638 
0.00237728 
0.000723952 
-0.000966649 
-0.00271419 
-0.00452079 
-0.0063742 
-0.00824985 
-0.0101137 
-0.0119252 
-0.0136418 
-0.0152218 
-0.016629 
-0.0178346 
-0.0188188 
-0.0195711 
-0.0200888 
-0.0203743 
-0.0204326 
-0.020268 
-0.0198823 
-0.0192743 
-0.0184398 
-0.0173748 
-0.0160764 
-0.0145468 
-0.012793 
-0.0108292 
-0.00868099 
-0.00638385 
-0.00398037 
-0.00150614 
0.00100494 
0.00351655 
0.00600609 
0.00839699 
0.0106335 
0.0126909 
0.0145597 
0.0162328 
0.0177004 
0.0189501 
0.0199671 
0.0207354 
0.021236 
0.0214464 
0.0213394 
0.0208865 
0.0200653 
0.0188679 
0.0173082 
0.0154228 
0.0132659 
0.0108985 
0.00837604 
0.00573265 
0.0029704 
2.34792e-05 
-0.0032988 
-0.0032988 
0.0183074 
0.0183074 
0.0143636 
0.0116299 
0.00945313 
0.00755264 
0.0057777 
0.00403533 
0.00226719 
0.00043835 
-0.00146753 
-0.00345899 
-0.00552408 
-0.00763424 
-0.00974807 
-0.0118157 
-0.013784 
-0.015601 
-0.0172217 
-0.0186108 
-0.0197458 
-0.0206167 
-0.0212244 
-0.0215779 
-0.0216888 
-0.0215675 
-0.0212188 
-0.0206416 
-0.0198289 
-0.0187726 
-0.0174649 
-0.0159042 
-0.0140922 
-0.0120402 
-0.00977874 
-0.00735206 
-0.00481593 
-0.00223218 
0.000338572 
0.00288166 
0.00538826 
0.00781528 
0.0101054 
0.0122093 
0.0140997 
0.015765 
0.0172008 
0.018404 
0.0193698 
0.0200916 
0.0205597 
0.0207616 
0.0206808 
0.0202998 
0.0196037 
0.018587 
0.0172581 
0.015641 
0.013772 
0.0116927 
0.00944015 
0.00703452 
0.00446776 
0.0016751 
-0.0015244 
-0.0015244 
0.0203458 
0.0203458 
0.0164181 
0.0136761 
0.0114706 
0.00952208 
0.00767934 
0.00584675 
0.0039631 
0.00199048 
-9.0895e-05 
-0.00228381 
-0.00458361 
-0.00695919 
-0.00936003 
-0.0117246 
-0.0139866 
-0.0160813 
-0.0179521 
-0.0195551 
-0.0208628 
-0.0218652 
-0.022568 
-0.0229885 
-0.0231485 
-0.0230673 
-0.022755 
-0.0222106 
-0.021423 
-0.0203776 
-0.01906 
-0.0174632 
-0.0155787 
-0.0134127 
-0.0109956 
-0.00839153 
-0.00567417 
-0.00291722 
-0.00018828 
0.00245673 
0.00499975 
0.00742885 
0.00972145 
0.0118404 
0.013749 
0.0154221 
0.0168487 
0.0180264 
0.018957 
0.0196424 
0.0200825 
0.0202744 
0.0202116 
0.0198859 
0.0192895 
0.0184194 
0.0172806 
0.0158881 
0.0142645 
0.0124356 
0.010423 
0.00823462 
0.00585262 
0.0032092 
0.000126834 
0.000126834 
0.0224895 
0.0224895 
0.0185845 
0.0158423 
0.0136184 
0.0116328 
0.00973228 
0.00781661 
0.00581986 
0.00369947 
0.00143369 
-0.000981029 
-0.00353753 
-0.00620849 
-0.00893349 
-0.0116365 
-0.0142358 
-0.0166514 
-0.0188124 
-0.0206636 
-0.0221702 
-0.0233201 
-0.0241234 
-0.0246081 
-0.0248102 
-0.0247628 
-0.0244843 
-0.0239746 
-0.0232161 
-0.0221853 
-0.0208587 
-0.0192213 
-0.0172474 
-0.0149325 
-0.0123352 
-0.00953062 
-0.00659982 
-0.00363039 
-0.000710405 
0.00208724 
0.00473543 
0.00722159 
0.00953122 
0.0116486 
0.0135526 
0.0152209 
0.0166382 
0.0177988 
0.0187049 
0.019363 
0.0197799 
0.0199613 
0.0199094 
0.0196244 
0.019105 
0.0183511 
0.0173664 
0.0161594 
0.0147428 
0.0131299 
0.0113298 
0.00933901 
0.0071313 
0.00463262 
0.00166644 
0.00166644 
0.0247177 
0.0247177 
0.0208419 
0.0181092 
0.0158799 
0.0138716 
0.0119275 
0.00994058 
0.00783804 
0.00557071 
0.00311186 
0.000457003 
-0.00237879 
-0.00537088 
-0.00845409 
-0.0115338 
-0.0145114 
-0.0172895 
-0.0197813 
-0.0219178 
-0.0236536 
-0.0249715 
-0.0258841 
-0.0264304 
-0.0266649 
-0.0266408 
-0.0263906 
-0.0259162 
-0.0251907 
-0.0241777 
-0.0228427 
-0.0211574 
-0.0190686 
-0.0165949 
-0.0138039 
-0.0107729 
-0.00759155 
-0.00436076 
-0.00118226 
0.00184183 
0.00465488 
0.00724108 
0.00959073 
0.0117033 
0.0135785 
0.0152109 
0.0165938 
0.0177226 
0.0185986 
0.0192289 
0.0196233 
0.0197926 
0.0197457 
0.0194895 
0.0190281 
0.018365 
0.0175035 
0.0164484 
0.0152051 
0.0137777 
0.012165 
0.0103537 
0.00831008 
0.00595273 
0.0031042 
0.0031042 
0.0269991 
0.0269991 
0.0231586 
0.0204459 
0.0182258 
0.016212 
0.014242 
0.0121995 
0.0100023 
0.00759237 
0.004937 
0.00202865 
-0.00110867 
-0.0044439 
-0.00791232 
-0.0113991 
-0.0147869 
-0.0179613 
-0.0208192 
-0.023277 
-0.0252757 
-0.0267883 
-0.0278252 
-0.0284341 
-0.0286906 
-0.0286759 
-0.0284442 
-0.028003 
-0.0273124 
-0.0263177 
-0.0249707 
-0.0232243 
-0.0210131 
-0.0183771 
-0.0153858 
-0.012118 
-0.00867076 
-0.00515473 
-0.0016858 
0.00161092 
0.00465315 
0.00740727 
0.00985506 
0.011998 
0.013851 
0.0154303 
0.0167491 
0.0178161 
0.0186386 
0.0192255 
0.0195877 
0.019738 
0.0196888 
0.0194507 
0.0190322 
0.0184393 
0.0176761 
0.016745 
0.0156467 
0.0143784 
0.0129311 
0.0112831 
0.00939432 
0.00717531 
0.00444584 
0.00444584 
0.0292906 
0.0292906 
0.02549 
0.0228074 
0.0206117 
0.0186106 
0.0166341 
0.014554 
0.0122765 
0.00973241 
0.0068816 
0.00371452 
0.000257483 
-0.00344034 
-0.00730759 
-0.011218 
-0.0150316 
-0.0186205 
-0.0218672 
-0.0246747 
-0.026969 
-0.0287089 
-0.0298943 
-0.0305755 
-0.0308474 
-0.030826 
-0.0305988 
-0.0301848 
-0.0295264 
-0.0285455 
-0.0271765 
-0.0253549 
-0.0230232 
-0.0202276 
-0.0170401 
-0.013539 
-0.00982462 
-0.00601244 
-0.00222792 
0.00138715 
0.00471308 
0.00769085 
0.0102896 
0.0125053 
0.01436 
0.0158873 
0.0171232 
0.018098 
0.0188342 
0.0193492 
0.0196575 
0.0197729 
0.0197086 
0.0194769 
0.0190878 
0.0185487 
0.0178641 
0.0170349 
0.0160589 
0.014928 
0.0136276 
0.0121288 
0.0103864 
0.00830278 
0.00569296 
0.00569296 
0.0315366 
0.0315366 
0.0277784 
0.0251339 
0.0229758 
0.0210042 
0.01904 
0.0169412 
0.0146006 
0.0119356 
0.00889718 
0.00547166 
0.00168584 
-0.00238355 
-0.00665021 
-0.0109818 
-0.0152149 
-0.019213 
-0.0228496 
-0.0260192 
-0.0286343 
-0.0306355 
-0.0320041 
-0.0327803 
-0.0330705 
-0.0330289 
-0.0327887 
-0.0323908 
-0.0317564 
-0.030778 
-0.0293719 
-0.0274682 
-0.0250198 
-0.0220768 
-0.0187104 
-0.0149969 
-0.0110353 
-0.00694183 
-0.00284782 
0.00109671 
0.00474178 
0.00799316 
0.0107993 
0.013141 
0.015039 
0.0165377 
0.0176932 
0.01856 
0.0191828 
0.0195952 
0.0198208 
0.0198775 
0.0197796 
0.019539 
0.0191655 
0.018666 
0.0180444 
0.0173003 
0.0164288 
0.0154182 
0.0142497 
0.0128886 
0.0112852 
0.00933357 
0.00684288 
0.00684288 
0.033669 
0.033669 
0.0299524 
0.0273502 
0.0252389 
0.0233097 
0.0213739 
0.0192741 
0.0168886 
0.01412 
0.0109078 
0.00723358 
0.00312885 
-0.00130432 
-0.00595968 
-0.0106887 
-0.0153095 
-0.0196833 
-0.023683 
-0.0272026 
-0.0301466 
-0.0324375 
-0.0340301 
-0.0349395 
-0.0352667 
-0.035199 
-0.0349277 
-0.0345306 
-0.0339063 
-0.0329131 
-0.0314533 
-0.0294635 
-0.0269095 
-0.0238402 
-0.0203241 
-0.0164324 
-0.0122586 
-0.00791479 
-0.00353418 
0.000733914 
0.00470939 
0.00825997 
0.0113099 
0.013819 
0.0158006 
0.0173029 
0.0183965 
0.0191575 
0.0196547 
0.0199423 
0.0200592 
0.020032 
0.0198784 
0.0196107 
0.0192375 
0.0187641 
0.0181926 
0.0175202 
0.01674 
0.0158367 
0.0147885 
0.0135555 
0.0120845 
0.0102612 
0.00788761 
0.00788761 
0.0356094 
0.0356094 
0.0319296 
0.0293684 
0.0273073 
0.0254274 
0.0235311 
0.0214456 
0.0190347 
0.0161851 
0.0128236 
0.0089263 
0.00452917 
-0.000247683 
-0.00526478 
-0.010345 
-0.0152956 
-0.0199824 
-0.024288 
-0.0281161 
-0.0313715 
-0.0339641 
-0.0358188 
-0.0369111 
-0.0373129 
-0.0372274 
-0.0369106 
-0.0364967 
-0.0358646 
-0.0348375 
-0.033311 
-0.0312371 
-0.0285942 
-0.0254283 
-0.0218024 
-0.0177797 
-0.0134438 
-0.00889956 
-0.00427651 
0.000281596 
0.00457411 
0.00842722 
0.0117367 
0.0144391 
0.0165359 
0.018074 
0.0191333 
0.0198066 
0.0201838 
0.020341 
0.0203351 
0.0202056 
0.0199772 
0.0196649 
0.0192769 
0.0188166 
0.0182836 
0.0176724 
0.0169733 
0.0161675 
0.0152309 
0.0141182 
0.0127737 
0.0110742 
0.00881403 
0.00881403 
0.0372711 
0.0372711 
0.0336195 
0.0310917 
0.0290772 
0.0272459 
0.0253943 
0.0233351 
0.0209193 
0.0180184 
0.0145454 
0.0104687 
0.00582465 
0.000741687 
-0.00459396 
-0.00995878 
-0.0151591 
-0.0200717 
-0.0245995 
-0.0286657 
-0.0321859 
-0.0350659 
-0.037205 
-0.0385314 
-0.0390617 
-0.0389853 
-0.038617 
-0.0381692 
-0.0375109 
-0.0364333 
-0.0348354 
-0.032681 
-0.0299781 
-0.0267521 
-0.0230618 
-0.0189619 
-0.0145246 
-0.0098428 
-0.00503645 
-0.000239081 
0.00433589 
0.00847576 
0.0120369 
0.0149335 
0.0171556 
0.0187481 
0.0197963 
0.020405 
0.0206804 
0.0207169 
0.0205894 
0.0203516 
0.0200381 
0.0196691 
0.0192544 
0.0187963 
0.0182923 
0.0177336 
0.0171077 
0.016392 
0.0155599 
0.0145611 
0.0133375 
0.0117562 
0.00960407 
0.00960407 
0.0385629 
0.0385629 
0.0349285 
0.0324202 
0.0304418 
0.0286515 
0.0268438 
0.0248198 
0.0224216 
0.0195077 
0.0159774 
0.0117842 
0.00695625 
0.00162009 
-0.00397061 
-0.0095373 
-0.0148875 
-0.0199212 
-0.0245703 
-0.0287838 
-0.0324958 
-0.0356183 
-0.0380361 
-0.0396338 
-0.0403533 
-0.0403312 
-0.0399182 
-0.0394235 
-0.0387235 
-0.0375852 
-0.0359208 
-0.0337076 
-0.030962 
-0.0277171 
-0.0240162 
-0.0199039 
-0.0154348 
-0.0106908 
-0.0057763 
-0.000810783 
0.00399619 
0.0083809 
0.012156 
0.0152227 
0.0175599 
0.0192117 
0.0202658 
0.0208345 
0.0210346 
0.0209743 
0.0207425 
0.0204061 
0.0200104 
0.0195825 
0.0191358 
0.0186735 
0.0181918 
0.0176792 
0.0171206 
0.0164891 
0.0157558 
0.0148648 
0.0137561 
0.0122861 
0.010235 
0.010235 
0.039392 
0.039392 
0.0357656 
0.0332585 
0.0313004 
0.0295365 
0.0277653 
0.0257801 
0.0234198 
0.0205344 
0.0170121 
0.0127877 
0.00786767 
0.00236719 
-0.00340026 
-0.00906458 
-0.0144508 
-0.0194962 
-0.024164 
-0.0284277 
-0.0322439 
-0.0355384 
-0.0381952 
-0.0400715 
-0.0410322 
-0.0411219 
-0.0406854 
-0.040138 
-0.0393871 
-0.0381869 
-0.036469 
-0.0342235 
-0.0314731 
-0.0282446 
-0.0245749 
-0.0205029 
-0.0160761 
-0.0113563 
-0.00642824 
-0.00140221 
0.00355441 
0.00815121 
0.0121038 
0.0152954 
0.0177088 
0.0193986 
0.0204568 
0.0209996 
0.0211489 
0.0210197 
0.02071 
0.0202965 
0.0198337 
0.0193558 
0.0188811 
0.0184148 
0.0179533 
0.0174833 
0.0169876 
0.0164356 
0.0157958 
0.0150066 
0.0140064 
0.0126392 
0.0106805 
0.0106805 
0.0396653 
0.0396653 
0.0360477 
0.0335204 
0.0315645 
0.0298105 
0.0280643 
0.0261175 
0.0238113 
0.0209954 
0.0175592 
0.0134171 
0.00852943 
0.00293333 
-0.00289613 
-0.00850556 
-0.0138092 
-0.0187622 
-0.0233561 
-0.0275794 
-0.0314096 
-0.0347898 
-0.0376151 
-0.0397381 
-0.040965 
-0.041225 
-0.0407991 
-0.0402018 
-0.0393993 
-0.0381454 
-0.0363944 
-0.0341463 
-0.0314258 
-0.0282579 
-0.024673 
-0.0207018 
-0.0163795 
-0.0117544 
-0.00689368 
-0.00190031 
0.00306557 
0.00771786 
0.01175 
0.0150125 
0.0174725 
0.0191871 
0.0202541 
0.020791 
0.0209205 
0.0207589 
0.020408 
0.0199502 
0.0194464 
0.0189375 
0.0184468 
0.0179832 
0.0175446 
0.0171175 
0.0166827 
0.0162065 
0.0156548 
0.0149603 
0.0140601 
0.0127853 
0.0109121 
0.0109121 
0.0392814 
0.0392814 
0.035712 
0.0331483 
0.0311724 
0.0294118 
0.027674 
0.0257573 
0.0235047 
0.0207713 
0.0174477 
0.0134383 
0.008721 
0.00337813 
-0.00224789 
-0.00771328 
-0.0128595 
-0.017657 
-0.0221125 
-0.0262273 
-0.0299945 
-0.0333759 
-0.0362823 
-0.0385805 
-0.0400566 
-0.0405299 
-0.0401573 
-0.0395212 
-0.0386747 
-0.0373846 
-0.0356265 
-0.033408 
-0.0307535 
-0.0276863 
-0.0242324 
-0.020417 
-0.0162665 
-0.0118154 
-0.00711515 
-0.0022547 
0.00260771 
0.00716748 
0.0111293 
0.0143592 
0.0168106 
0.018527 
0.0196009 
0.0201464 
0.0202827 
0.0201233 
0.0197692 
0.0193039 
0.018792 
0.0182787 
0.0177918 
0.0173437 
0.0169349 
0.0165529 
0.0161777 
0.0157737 
0.0153043 
0.0146975 
0.0138891 
0.0126957 
0.0109015 
0.0109015 
0.0381583 
0.0381583 
0.0346856 
0.0320867 
0.0300777 
0.0283052 
0.0265722 
0.0246899 
0.0225043 
0.01988 
0.016711 
0.0129151 
0.00849368 
0.00356028 
-0.00162497 
-0.0067517 
-0.0116301 
-0.0161963 
-0.0204466 
-0.0243875 
-0.0280183 
-0.0313126 
-0.0342078 
-0.0365916 
-0.0382586 
-0.0389565 
-0.0386804 
-0.0380243 
-0.0371489 
-0.035848 
-0.0341139 
-0.0319601 
-0.0294093 
-0.0264836 
-0.0232057 
-0.0195968 
-0.0156774 
-0.0114746 
-0.00703255 
-0.00243668 
0.00215171 
0.00645171 
0.0102108 
0.0133072 
0.015688 
0.0173781 
0.0184547 
0.0190209 
0.0191881 
0.019063 
0.0187422 
0.0183071 
0.0178223 
0.017335 
0.0168761 
0.0164611 
0.0160927 
0.0157605 
0.0154441 
0.0151081 
0.014712 
0.0141828 
0.0134502 
0.012328 
0.0106301 
0.0106301 
0.0362175 
0.0362175 
0.0329094 
0.0303033 
0.0282651 
0.0264883 
0.0247711 
0.0229403 
0.0208487 
0.018374 
0.0154218 
0.0119339 
0.00792889 
0.00352196 
-0.00109793 
-0.00572196 
-0.0101906 
-0.0144217 
-0.0183895 
-0.0220905 
-0.0255215 
-0.0286608 
-0.0314536 
-0.0338052 
-0.0355597 
-0.0364592 
-0.0363137 
-0.0356631 
-0.0347803 
-0.0335013 
-0.0318282 
-0.0297793 
-0.0273746 
-0.0246346 
-0.0215799 
-0.0182298 
-0.0146039 
-0.0107293 
-0.00665312 
-0.00246233 
0.00169511 
0.00559711 
0.00904102 
0.011911 
0.014152 
0.0157737 
0.0168347 
0.0174219 
0.0176334 
0.0175656 
0.0173069 
0.0169337 
0.0165078 
0.0160757 
0.0156691 
0.0153056 
0.0149895 
0.0147123 
0.014454 
0.0141804 
0.0138478 
0.0133843 
0.0127114 
0.0116533 
0.0100765 
0.0100765 
0.0333787 
0.0333787 
0.0303194 
0.0277686 
0.0257332 
0.0239784 
0.0223079 
0.0205641 
0.0186121 
0.0163446 
0.0136834 
0.0105902 
0.00708896 
0.00327292 
-0.000718151 
-0.00474002 
-0.00867511 
-0.0124504 
-0.0160307 
-0.0194004 
-0.0225478 
-0.0254497 
-0.0280582 
-0.0302915 
-0.0320135 
-0.033027 
-0.0330289 
-0.0324139 
-0.0315513 
-0.0303334 
-0.0287656 
-0.0268698 
-0.0246625 
-0.0221628 
-0.0193897 
-0.0163632 
-0.0131057 
-0.00964882 
-0.00604324 
-0.00237003 
0.00125077 
0.0046581 
0.00769395 
0.010254 
0.0122854 
0.0137874 
0.014801 
0.0153947 
0.0156496 
0.0156486 
0.0154692 
0.0151795 
0.0148358 
0.0144816 
0.0141473 
0.0138503 
0.0135958 
0.0133768 
0.0131742 
0.0129555 
0.0126753 
0.0122649 
0.0116391 
0.0106485 
0.00922212 
0.00922212 
0.0295802 
0.0295802 
0.026869 
0.0244758 
0.0225149 
0.0208351 
0.0192637 
0.0176607 
0.0159079 
0.013914 
0.011617 
0.00899097 
0.00605716 
0.00288434 
-0.00043048 
-0.00379403 
-0.00712179 
-0.0103527 
-0.0134502 
-0.0163928 
-0.0191629 
-0.0217356 
-0.0240667 
-0.0260868 
-0.0276814 
-0.0286924 
-0.028826 
-0.0282762 
-0.0274682 
-0.0263567 
-0.0249458 
-0.02326 
-0.0213119 
-0.0191187 
-0.0166983 
-0.0140714 
-0.0112626 
-0.00830543 
-0.00524855 
-0.00216174 
0.000862009 
0.00370937 
0.00626494 
0.00844364 
0.0101997 
0.0115262 
0.0124499 
0.0130214 
0.0133039 
0.0133642 
0.0132667 
0.0130688 
0.0128187 
0.0125544 
0.0123028 
0.0120799 
0.0118904 
0.0117283 
0.0115757 
0.0114025 
0.011164 
0.0107965 
0.0102158 
0.00930951 
0.00806688 
0.00806688 
0.0247412 
0.0247412 
0.0224827 
0.0203812 
0.0186076 
0.0170875 
0.0156879 
0.0142932 
0.0128053 
0.01115 
0.00927842 
0.00717133 
0.0048427 
0.00233745 
-0.000280072 
-0.00294448 
-0.0055991 
-0.00820049 
-0.0107193 
-0.0131348 
-0.0154273 
-0.0175715 
-0.0195277 
-0.0212386 
-0.0226114 
-0.0235256 
-0.0237334 
-0.0232732 
-0.0225613 
-0.0216059 
-0.02041 
-0.0189976 
-0.0173778 
-0.0155652 
-0.0135756 
-0.0114284 
-0.00914762 
-0.0067643 
-0.00431974 
-0.00186844 
0.000522129 
0.00277444 
0.00480578 
0.00655315 
0.00798109 
0.00908122 
0.00987014 
0.0103829 
0.0106655 
0.0107684 
0.0107411 
0.0106287 
0.0104696 
0.0102942 
0.0101246 
0.00997354 
0.00984493 
0.00973315 
0.00962231 
0.00948555 
0.00928202 
0.0089562 
0.00843464 
0.00764544 
0.0066217 
0.0066217 
0.0188778 
0.0188778 
0.0171747 
0.0155176 
