0 
-0.000289389 
0.000638755 
0.00191707 
0.00255086 
0.00289207 
0.00306392 
0.00313175 
0.00313683 
0.00310479 
0.0030511 
0.0029842 
0.00290771 
0.0028221 
0.00272589 
0.00261665 
0.00249157 
0.00234802 
0.00218385 
0.0019976 
0.00178863 
0.00155723 
0.00130456 
0.00103272 
0.000744696 
0.000444465 
0.000137639 
-0.000166688 
-0.000463092 
-0.000750263 
-0.00102618 
-0.00128768 
-0.00153119 
-0.00175289 
-0.00194882 
-0.00211482 
-0.00224659 
-0.00233997 
-0.00239121 
-0.00239743 
-0.00235712 
-0.00227083 
-0.00214231 
-0.00198058 
-0.00180233 
-0.00163209 
-0.00149566 
-0.00140592 
-0.00135094 
-0.00129866 
-0.00121857 
-0.00110108 
-0.000957101 
-0.000803409 
-0.000651306 
-0.000505 
-0.000365084 
-0.000231318 
-0.000104555 
1.33707e-05 
0.000121598 
0.000216234 
0.000292668 
0.000346943 
0.000375909 
0 
0.000289389 
0.000289389 
-0.000638755 
-0.00191707 
-0.00255086 
-0.00289207 
-0.00306392 
-0.00313175 
-0.00313683 
-0.00310479 
-0.0030511 
-0.0029842 
-0.00290771 
-0.0028221 
-0.00272589 
-0.00261665 
-0.00249157 
-0.00234802 
-0.00218385 
-0.0019976 
-0.00178863 
-0.00155723 
-0.00130456 
-0.00103272 
-0.000744696 
-0.000444465 
-0.000137639 
0.000166688 
0.000463092 
0.000750263 
0.00102618 
0.00128768 
0.00153119 
0.00175289 
0.00194882 
0.00211482 
0.00224659 
0.00233997 
0.00239121 
0.00239743 
0.00235712 
0.00227083 
0.00214231 
0.00198058 
0.00180233 
0.00163209 
0.00149566 
0.00140592 
0.00135094 
0.00129866 
0.00121857 
0.00110108 
0.000957101 
0.000803409 
0.000651306 
0.000505 
0.000365084 
0.000231318 
0.000104555 
-1.33707e-05 
-0.000121598 
-0.000216234 
-0.000292668 
-0.000346943 
-0.000375909 
-0.000375909 
0.000150025 
0.000150025 
-0.00335039 
-0.00561687 
-0.00703475 
-0.007859 
-0.00829578 
-0.00847936 
-0.00850645 
-0.00844181 
-0.00832599 
-0.00818132 
-0.00801697 
-0.00783324 
-0.0076249 
-0.00738378 
-0.00710066 
-0.00676663 
-0.00637405 
-0.00591722 
-0.00539278 
-0.00479987 
-0.00414027 
-0.00341829 
-0.00264066 
-0.00181638 
-0.00095675 
-7.71143e-05 
0.000806743 
0.00168426 
0.00254434 
0.00337431 
0.00416123 
0.00489155 
0.00555094 
0.00612446 
0.00659703 
0.00695417 
0.00718314 
0.00727447 
0.00722356 
0.00703272 
0.0067142 
0.00629485 
0.00582121 
0.00535865 
0.00497389 
0.00469935 
0.00450453 
0.0043102 
0.00404412 
0.00368705 
0.00326817 
0.00282845 
0.00239447 
0.00197586 
0.00157351 
0.00118671 
0.000816277 
0.000465873 
0.000143003 
-0.00014038 
-0.000371117 
-0.000535223 
-0.000623052 
-0.000623052 
-0.00379881 
-0.00379881 
-0.00692683 
-0.00952663 
-0.0113875 
-0.0125318 
-0.0131478 
-0.0134035 
-0.0134363 
-0.0133427 
-0.013183 
-0.0129895 
-0.0127735 
-0.0125324 
-0.0122552 
-0.0119264 
-0.0115293 
-0.0110478 
-0.0104682 
-0.00978028 
-0.00897776 
-0.00805866 
-0.00702545 
-0.00588489 
-0.0046477 
-0.003328 
-0.00194205 
-0.000508828 
0.000949007 
0.00240874 
0.00384916 
0.00524851 
0.00658498 
0.00783602 
0.00897751 
0.00998384 
0.0108287 
0.0114863 
0.0119336 
0.0121534 
0.0121369 
0.0118877 
0.0114259 
0.0107946 
0.010066 
0.00933822 
0.00870924 
0.00822486 
0.00783983 
0.007443 
0.00693961 
0.00631219 
0.00560673 
0.00487955 
0.00416433 
0.00347174 
0.0028021 
0.00215388 
0.00152939 
0.000935462 
0.000382208 
-0.00010788 
-0.00051036 
-0.000799137 
-0.000954979 
-0.000954979 
-0.00727827 
-0.00727827 
-0.0106734 
-0.0135616 
-0.0156187 
-0.0168596 
-0.0174963 
-0.0177296 
-0.0177252 
-0.0175972 
-0.0174145 
-0.0172094 
-0.0169885 
-0.0167411 
-0.0164468 
-0.0160804 
-0.0156161 
-0.0150301 
-0.0143025 
-0.0134186 
-0.0123693 
-0.0111521 
-0.00977091 
-0.00823561 
-0.00656207 
-0.00477117 
-0.00288728 
-0.000937078 
0.00104818 
0.00303795 
0.00500543 
0.00692384 
0.00876575 
0.0105025 
0.0121025 
0.0135312 
0.0147513 
0.015725 
0.0164175 
0.0168014 
0.0168615 
0.0166002 
0.0160435 
0.0152482 
0.0143085 
0.0133495 
0.0124921 
0.0117887 
0.01118 
0.0105356 
0.00975664 
0.00883929 
0.00784565 
0.00683951 
0.00585406 
0.00489681 
0.00396485 
0.0030561 
0.00217269 
0.001325 
0.000532657 
-0.000178473 
-0.000773129 
-0.0012042 
-0.00144001 
-0.00144001 
-0.0112691 
-0.0112691 
-0.0147126 
-0.0176292 
-0.0196357 
-0.0207904 
-0.0213338 
-0.0214895 
-0.0214376 
-0.0212964 
-0.0211312 
-0.0209657 
-0.0207947 
-0.0205953 
-0.020335 
-0.0199778 
-0.0194888 
-0.0188362 
-0.0179943 
-0.0169444 
-0.0156753 
-0.0141842 
-0.0124766 
-0.0105662 
-0.0084742 
-0.00622917 
-0.00386474 
-0.00141821 
0.00107165 
0.00356628 
0.00603094 
0.00843322 
0.0107416 
0.0129243 
0.0149463 
0.0167681 
0.0183454 
0.0196309 
0.0205787 
0.0211504 
0.0213223 
0.021093 
0.0204915 
0.0195853 
0.0184865 
0.0173414 
0.0162855 
0.0153691 
0.0145187 
0.0135973 
0.0125198 
0.0113055 
0.0100303 
0.00875771 
0.00751451 
0.0063018 
0.00511337 
0.00394266 
0.00279544 
0.00167908 
0.00060956 
-0.000362996 
-0.00118666 
-0.00179792 
-0.00214205 
-0.00214205 
-0.014847 
-0.014847 
-0.0184861 
-0.0213729 
-0.0232206 
-0.0241973 
-0.0245923 
-0.0246527 
-0.0245649 
-0.0244414 
-0.0243352 
-0.0242541 
-0.0241769 
-0.024066 
-0.0238763 
-0.0235614 
-0.0230773 
-0.0223855 
-0.0214548 
-0.0202628 
-0.0187965 
-0.0170529 
-0.0150388 
-0.0127713 
-0.0102773 
-0.0075929 
-0.00476193 
-0.00183374 
0.00113977 
0.00410942 
0.00703286 
0.00987313 
0.0125969 
0.015172 
0.0175635 
0.019731 
0.0216267 
0.0231969 
0.0243867 
0.0251475 
0.0254462 
0.0252758 
0.0246657 
0.0236915 
0.0224802 
0.0211933 
0.0199713 
0.0188536 
0.0177532 
0.0165398 
0.015158 
0.0136557 
0.0121175 
0.0105993 
0.0091165 
0.00766137 
0.00622037 
0.00478613 
0.00335256 
0.00193076 
0.000556038 
-0.000717104 
-0.00181902 
-0.00266284 
-0.00315875 
-0.00315875 
-0.01825 
-0.01825 
-0.0220054 
-0.0247472 
-0.026342 
-0.0270885 
-0.0273163 
-0.0272884 
-0.0271879 
-0.0271136 
-0.0270994 
-0.0271333 
-0.0271768 
-0.0271781 
-0.0270808 
-0.0268292 
-0.0263716 
-0.025663 
-0.0246674 
-0.0233586 
-0.0217217 
-0.019753 
-0.0174602 
-0.0148626 
-0.011992 
-0.00889195 
-0.00561637 
-0.00222723 
0.00121145 
0.00463752 
0.00799693 
0.0112457 
0.0143479 
0.0172723 
0.0199863 
0.0224517 
0.0246213 
0.0264387 
0.0278434 
0.0287784 
0.0292023 
0.0291023 
0.0285074 
0.0275 
0.0262186 
0.0248335 
0.0234789 
0.0221746 
0.0208242 
0.0193202 
0.0176491 
0.0158866 
0.0141176 
0.0123839 
0.010686 
0.00900707 
0.00732512 
0.00561891 
0.00387802 
0.00212406 
0.000401834 
-0.00123474 
-0.00269923 
-0.00386725 
-0.00459109 
-0.00459109 
-0.021192 
-0.021192 
-0.0250558 
-0.0276112 
-0.0289336 
-0.0294542 
-0.0295298 
-0.0294357 
-0.0293457 
-0.0293411 
-0.0294346 
-0.0295943 
-0.0297662 
-0.0298866 
-0.02989 
-0.0297128 
-0.0292965 
-0.0285897 
-0.0275514 
-0.0261517 
-0.0243733 
-0.022211 
-0.0196723 
-0.0167774 
-0.0135614 
-0.0100743 
-0.00637938 
-0.00255096 
0.00133069 
0.00518532 
0.00894639 
0.0125642 
0.0160021 
0.0192307 
0.0222212 
0.0249387 
0.027338 
0.0293626 
0.0309485 
0.032033 
0.0325686 
0.0325381 
0.031971 
0.0309563 
0.0296413 
0.0281963 
0.0267372 
0.0252587 
0.0236649 
0.0218877 
0.0199617 
0.0179826 
0.0160257 
0.0141134 
0.0122315 
0.0103498 
0.00842711 
0.00643117 
0.00436722 
0.00225625 
0.000133024 
-0.00195024 
-0.00389347 
-0.00552234 
-0.00659373 
-0.00659373 
-0.0237011 
-0.0237011 
-0.0276222 
-0.0299607 
-0.031018 
-0.0313375 
-0.0312856 
-0.0311463 
-0.0310801 
-0.0311506 
-0.0313499 
-0.0316295 
-0.0319228 
-0.0321575 
-0.032261 
-0.0321632 
-0.0317988 
-0.0311106 
-0.0300519 
-0.028589 
-0.0267017 
-0.0243833 
-0.0216395 
-0.01849 
-0.0149713 
-0.0111383 
-0.00706318 
-0.00283127 
0.00146144 
0.00571308 
0.00984147 
0.0137911 
0.0175254 
0.0210182 
0.0242449 
0.0271748 
0.029765 
0.0319597 
0.0336929 
0.034899 
0.0355267 
0.0355576 
0.0350243 
0.034023 
0.032706 
0.0312326 
0.029689 
0.028046 
0.0262249 
0.0242115 
0.0220849 
0.0199475 
0.0178556 
0.0158104 
0.0137812 
0.0117144 
0.00955614 
0.00728505 
0.00489548 
0.00239196 
-0.00020414 
-0.00285969 
-0.00545524 
-0.00774099 
-0.00932658 
-0.00932658 
-0.0257077 
-0.0257077 
-0.0296531 
-0.0317807 
-0.0326116 
-0.03277 
-0.0326192 
-0.0324508 
-0.0324105 
-0.0325479 
-0.0328374 
-0.0332185 
-0.033616 
-0.0339518 
-0.0341478 
-0.0341283 
-0.033822 
-0.0331656 
-0.0321067 
-0.0306073 
-0.0286443 
-0.0262088 
-0.0233042 
-0.0199482 
-0.0161763 
-0.012047 
-0.00763934 
-0.00304679 
0.0016143 
0.00621421 
0.0106581 
0.0148895 
0.0188748 
0.0225917 
0.0260187 
0.0291273 
0.0318759 
0.0342085 
0.0360583 
0.0373583 
0.0380573 
0.0381392 
0.0376435 
0.0366742 
0.0353817 
0.0339019 
0.0322839 
0.0304864 
0.0284686 
0.0262761 
0.0240193 
0.0217916 
0.0196241 
0.0174968 
0.0153546 
0.0131264 
0.010762 
0.00822977 
0.00550232 
0.00256149 
-0.0006113 
-0.00401936 
-0.00749353 
-0.0106529 
-0.0129145 
-0.0129145 
-0.0272256 
-0.0272256 
-0.03116 
-0.0330999 
-0.0337543 
-0.0337917 
-0.0335669 
-0.0333771 
-0.0333549 
-0.0335404 
-0.0338955 
-0.0343521 
-0.0348299 
-0.0352471 
-0.0355219 
-0.0355741 
-0.0353273 
-0.0347119 
-0.0336701 
-0.032159 
-0.0301522 
-0.0276386 
-0.0246196 
-0.0211098 
-0.0171419 
-0.0127759 
-0.00809773 
-0.00320717 
0.00175813 
0.00664023 
0.0113379 
0.0157983 
0.0199922 
0.023899 
0.0274973 
0.030758 
0.0336384 
0.0360816 
0.0380208 
0.0393897 
0.0401406 
0.0402652 
0.0398128 
0.0388933 
0.0376449 
0.0361682 
0.0344786 
0.0325439 
0.0303796 
0.0280844 
0.0257792 
0.0235344 
0.0213549 
0.0191974 
0.0169837 
0.014641 
0.0121109 
0.00933848 
0.0062575 
0.0027969 
-0.00113861 
-0.00555323 
-0.0101268 
-0.0142994 
-0.0173081 
-0.0173081 
-0.0282616 
-0.0282616 
-0.0321584 
-0.0339491 
-0.0344817 
-0.0344354 
-0.034158 
-0.0339481 
-0.0339298 
-0.0341387 
-0.0345297 
-0.0350316 
-0.0355614 
-0.0360356 
-0.0363704 
-0.0364823 
-0.0362906 
-0.0357208 
-0.0347092 
-0.0332076 
-0.0311856 
-0.02863 
-0.0255412 
-0.0219314 
-0.0178285 
-0.0132907 
-0.00840909 
-0.00329551 
0.00188073 
0.00695238 
0.0118316 
0.0164693 
0.020834 
0.0249013 
0.028646 
0.032035 
0.0350233 
0.0375523 
0.0395558 
0.0409714 
0.0417594 
0.0419231 
0.0415233 
0.0406691 
0.0394738 
0.0379977 
0.0362391 
0.0342018 
0.0319634 
0.0296556 
0.0273868 
0.025199 
0.0230732 
0.0209394 
0.0187112 
0.0163111 
0.0136585 
0.0106504 
0.00714548 
0.00298216 
-0.00198915 
-0.00763432 
-0.0133915 
-0.0185623 
-0.0222797 
-0.0222797 
-0.028843 
-0.028843 
-0.0326855 
-0.0343715 
-0.0348334 
-0.034735 
-0.0344212 
-0.0341876 
-0.0341557 
-0.0343611 
-0.0347573 
-0.0352733 
-0.0358255 
-0.0363303 
-0.0367031 
-0.0368589 
-0.0367143 
-0.0361905 
-0.0352188 
-0.0337451 
-0.031734 
-0.0291693 
-0.0260513 
-0.0223936 
-0.0182211 
-0.0135865 
-0.0085852 
-0.00335496 
0.00192342 
0.00710432 
0.0121088 
0.0168813 
0.0213832 
0.0255824 
0.0294474 
0.0329399 
0.0360108 
0.0386005 
0.0406449 
0.0420888 
0.0429045 
0.04311 
0.0427737 
0.0419926 
0.0408455 
0.0393609 
0.0375486 
0.0354677 
0.0332456 
0.0310186 
0.0288691 
0.0268131 
0.0248024 
0.0227537 
0.0205783 
0.0181811 
0.0154311 
0.012133 
0.00803015 
0.00288991 
-0.00335789 
-0.0102886 
-0.0171442 
-0.0231981 
-0.0275457 
-0.0275457 
-0.0290032 
-0.0290032 
-0.0327751 
-0.0344035 
-0.034841 
-0.0347198 
-0.0343857 
-0.0341252 
-0.0340637 
-0.0342395 
-0.0346106 
-0.0351083 
-0.0356509 
-0.036156 
-0.03654 
-0.0367181 
-0.0366061 
-0.0361231 
-0.0351964 
-0.0337671 
-0.031794 
-0.0292564 
-0.0261537 
-0.0225026 
-0.0183348 
-0.0137006 
-0.00868174 
-0.00341728 
0.0018962 
0.0071263 
0.0122015 
0.0170605 
0.0216568 
0.0259499 
0.0299004 
0.0334636 
0.0365864 
0.0392089 
0.0412719 
0.0427308 
0.0435724 
0.0438271 
0.0435617 
0.0428492 
0.0417351 
0.0402408 
0.0384156 
0.0363737 
0.0342654 
0.032209 
0.0302576 
0.0283962 
0.0265604 
0.0246641 
0.0226083 
0.0202531 
0.01737 
0.0136273 
0.00867144 
0.0023151 
-0.00527015 
-0.013366 
-0.0211613 
-0.0279696 
-0.0328757 
-0.0328757 
-0.028759 
-0.028759 
-0.0324857 
-0.0340979 
-0.0345447 
-0.0344239 
-0.0340786 
-0.0337868 
-0.0336807 
-0.0338049 
-0.0341253 
-0.0345773 
-0.0350826 
-0.0355612 
-0.0359318 
-0.0361114 
-0.0360168 
-0.0355666 
-0.0346858 
-0.0333115 
-0.0313974 
-0.0289179 
-0.0258696 
-0.0222703 
-0.0181593 
-0.0135971 
-0.00866963 
-0.00349044 
0.00178661 
0.00701815 
0.0121171 
0.0170182 
0.0216665 
0.0260134 
0.0300116 
0.0336104 
0.0367539 
0.0393842 
0.0414494 
0.0429152 
0.0437834 
0.0440904 
0.0438897 
0.0432267 
0.0421314 
0.0406491 
0.0388803 
0.0369732 
0.0350722 
0.0332641 
0.0315702 
0.0299575 
0.0283566 
0.0266773 
0.0247894 
0.0224649 
0.0193328 
0.0149296 
0.00889901 
0.00123589 
-0.00757958 
-0.0166597 
-0.025244 
-0.0326921 
-0.0380957 
-0.0380957 
-0.0281477 
-0.0281477 
-0.0318576 
-0.0334896 
-0.0339745 
-0.0338768 
-0.0335318 
-0.033209 
-0.0330487 
-0.033104 
-0.0333514 
-0.0337328 
-0.0341744 
-0.0346 
-0.0349317 
-0.0350906 
-0.0349964 
-0.0345696 
-0.0337351 
-0.032428 
-0.0305979 
-0.0282147 
-0.0252705 
-0.0217811 
-0.0177855 
-0.013346 
-0.00854737 
-0.00349884 
0.00166796 
0.00682944 
0.0118885 
0.0167731 
0.0214188 
0.0257687 
0.0297678 
0.0333604 
0.0364902 
0.0391035 
0.0411582 
0.0426324 
0.0435322 
0.0438881 
0.0437352 
0.0431049 
0.0420405 
0.0406291 
0.0390087 
0.0373303 
0.0357099 
0.0342034 
0.0328122 
0.031496 
0.0301844 
0.0287712 
0.0270612 
0.0246959 
0.0211506 
0.0158945 
0.00868453 
-0.000228542 
-0.0100993 
-0.0200011 
-0.0292455 
-0.0372288 
-0.0430728 
-0.0430728 
-0.0272046 
-0.0272046 
-0.0309274 
-0.0326107 
-0.0331604 
-0.0331083 
-0.032778 
-0.0324295 
-0.0322111 
-0.0321866 
-0.0323449 
-0.0326362 
-0.0329926 
-0.0333422 
-0.0336119 
-0.0337277 
-0.0336143 
-0.0331962 
-0.032401 
-0.0311637 
-0.029432 
-0.0271715 
-0.0243695 
-0.0210373 
-0.0172109 
-0.0129499 
-0.00833416 
-0.00346368 
0.00154658 
0.0065816 
0.0115435 
0.0163545 
0.0209433 
0.0252455 
0.0292004 
0.0327494 
0.035837 
0.0384152 
0.0404494 
0.0419238 
0.0428431 
0.043228 
0.0431047 
0.0425127 
0.0415262 
0.0402658 
0.038879 
0.0374965 
0.0362034 
0.0350333 
0.0339784 
0.0329974 
0.0320158 
0.0308904 
0.029326 
0.0268119 
0.0227023 
0.0164879 
0.00811801 
-0.00190395 
-0.0126663 
-0.0232688 
-0.0330575 
-0.0414755 
-0.0477025 
-0.0477025 
-0.0259646 
-0.0259646 
-0.0297269 
-0.0314889 
-0.0321285 
-0.032146 
-0.0318486 
-0.0314864 
-0.0312133 
-0.0311051 
-0.0311648 
-0.0313528 
-0.0316083 
-0.0318643 
-0.0320528 
-0.0321057 
-0.0319538 
-0.0315277 
-0.0307598 
-0.0295879 
-0.0279599 
-0.0258387 
-0.0232067 
-0.020069 
-0.0164547 
-0.0124165 
-0.00802733 
-0.00337881 
0.0014263 
0.00628245 
0.0110923 
0.0157746 
0.0202532 
0.0244587 
0.0283265 
0.0317968 
0.0348161 
0.0373406 
0.0393398 
0.0407992 
0.0417204 
0.0421203 
0.042032 
0.0415169 
0.0406766 
0.0396441 
0.0385529 
0.0375059 
0.0365642 
0.0357494 
0.0350518 
0.0344315 
0.0338002 
0.0329541 
0.0314752 
0.028709 
0.0239455 
0.0167686 
0.00734025 
-0.00363218 
-0.0151674 
-0.0263761 
-0.0365984 
-0.0453498 
-0.0519003 
-0.0519003 
-0.024459 
-0.024459 
-0.0282842 
-0.0301489 
-0.030902 
-0.0310136 
-0.0307719 
-0.0304141 
-0.0300977 
-0.02991 
-0.0298693 
-0.0299481 
-0.030094 
-0.0302456 
-0.03034 
-0.0303149 
-0.0301079 
-0.0296567 
-0.0289004 
-0.0277819 
-0.0262516 
-0.0242722 
-0.0218228 
-0.0189023 
-0.0155316 
-0.0117541 
-0.00763263 
-0.00324811 
0.00130856 
0.00593946 
0.0105487 
0.0150529 
0.0193729 
0.0234368 
0.0271782 
0.030537 
0.0334615 
0.0359104 
0.0378553 
0.0392826 
0.0401954 
0.0406171 
0.0405967 
0.0402162 
0.0395886 
0.0388383 
0.038075 
0.0373777 
0.0367927 
0.0363373 
0.0360042 
0.0357527 
0.0354686 
0.0348703 
0.0334138 
0.0303317 
0.0249055 
0.0168447 
0.00649668 
-0.00529588 
-0.0175225 
-0.0292525 
-0.0397983 
-0.0487813 
-0.055594 
-0.055594 
-0.0227164 
-0.0227164 
-0.0266244 
-0.0286123 
-0.0295005 
-0.0297309 
-0.0295706 
-0.0292417 
-0.0289011 
-0.0286463 
-0.0285111 
-0.0284823 
-0.0285173 
-0.0285612 
-0.0285562 
-0.0284453 
-0.0281725 
-0.0276829 
-0.0269231 
-0.0258425 
-0.0243966 
-0.0225501 
-0.0202807 
-0.0175831 
-0.0144704 
-0.010976 
-0.00715195 
-0.00306688 
0.00120117 
0.00556404 
0.00992871 
0.0142103 
0.0183289 
0.0222113 
0.0257904 
0.0290071 
0.0318112 
0.0341637 
0.0360391 
0.0374281 
0.0383411 
0.0388135 
0.0389084 
0.0387168 
0.0383464 
0.0379029 
0.037473 
0.0371191 
0.0368803 
0.0367744 
0.0367973 
0.036903 
0.0369419 
0.0365494 
0.0350704 
0.0316634 
0.0256379 
0.0168233 
0.00569769 
-0.00681196 
-0.0196656 
-0.0318301 
-0.0425883 
-0.051704 
-0.058717 
-0.058717 
-0.0207627 
-0.0207627 
-0.0247704 
-0.0268983 
-0.0279405 
-0.0283132 
-0.0282619 
-0.0279908 
-0.0276524 
-0.027351 
-0.0271354 
-0.0270077 
-0.0269374 
-0.0268775 
-0.0267753 
-0.0265786 
-0.0262372 
-0.0257026 
-0.0249288 
-0.0238725 
-0.0224953 
-0.0207659 
-0.0186634 
-0.0161802 
-0.0133241 
-0.0101193 
-0.00660733 
-0.0028439 
0.00110658 
0.00516741 
0.00925063 
0.0132719 
0.0171521 
0.0208183 
0.0242046 
0.0272535 
0.0299174 
0.032161 
0.0339642 
0.035325 
0.0362633 
0.0368241 
0.0370765 
0.0371077 
0.0370111 
0.0368722 
0.0367605 
0.0367285 
0.0368126 
0.0370326 
0.0373867 
0.0378191 
0.0381412 
0.0379129 
0.0363949 
0.0327067 
0.0261996 
0.0167911 
0.00502581 
-0.00812026 
-0.0215329 
-0.034031 
-0.044893 
-0.0540502 
-0.0612035 
-0.0612035 
-0.018622 
-0.018622 
-0.0227436 
-0.0250247 
-0.0262359 
-0.0267716 
-0.0268563 
-0.0266749 
-0.0263709 
-0.0260512 
-0.0257769 
-0.025566 
-0.0254021 
-0.0252479 
-0.025057 
-0.0247819 
-0.0243768 
-0.0237987 
-0.023008 
-0.0219681 
-0.0206468 
-0.0190182 
-0.0170642 
-0.0147772 
-0.0121619 
-0.00923643 
-0.00603304 
-0.00259633 
0.00102226 
0.00475886 
0.00853381 
0.0122662 
0.0158796 
0.0193037 
0.0224753 
0.0253402 
0.0278549 
0.0299898 
0.0317311 
0.0330844 
0.0340766 
0.0347561 
0.0351888 
0.0354511 
0.0356198 
0.0357641 
0.0359417 
0.0361994 
0.0365723 
0.0370821 
0.0377271 
0.0384392 
0.0389942 
0.0388943 
0.0373468 
0.0334595 
0.0266217 
0.0167931 
0.00451494 
-0.0091878 
-0.0230568 
-0.0357594 
-0.0466254 
-0.0557488 
-0.0629869 
-0.0629869 
-0.0163176 
-0.0163176 
-0.020565 
-0.0230088 
-0.0243997 
-0.0251144 
-0.0253592 
-0.0252995 
-0.0250657 
-0.0247622 
-0.0244585 
-0.024187 
-0.0239466 
-0.0237122 
-0.0234456 
-0.0231041 
-0.0226462 
-0.0220331 
-0.0212302 
-0.0202063 
-0.0189352 
-0.0173957 
-0.0155737 
-0.013463 
-0.0110674 
-0.00840083 
-0.00548883 
-0.00236676 
0.000924652 
0.00433312 
0.00778921 
0.0112187 
0.0145509 
0.0177201 
0.0206678 
0.0233447 
0.0257131 
0.0277491 
0.029445 
0.0308114 
0.0318773 
0.0326883 
0.0333024 
0.0337827 
0.0341917 
0.0345864 
0.0350164 
0.0355241 
0.0361436 
0.0368969 
0.0377799 
0.0387127 
0.0394444 
0.0394419 
0.037888 
0.0338987 
0.0268932 
0.0168342 
0.00418938 
-0.00997908 
-0.0241496 
-0.036902 
-0.0476934 
-0.0567304 
-0.0640068 
-0.0640068 
-0.0138733 
-0.0138733 
-0.0182562 
-0.0208688 
-0.022445 
-0.0233489 
-0.0237722 
-0.0238628 
-0.0237357 
-0.0234875 
-0.0231904 
-0.022888 
-0.022594 
-0.0222973 
-0.0219702 
-0.0215768 
-0.0210798 
-0.0204442 
-0.0196387 
-0.0186365 
-0.0174157 
-0.0159592 
-0.0142564 
-0.0123031 
-0.0101033 
-0.0076691 
-0.00502169 
-0.00219026 
0.000791964 
0.00388284 
0.00702495 
0.0101532 
0.0132045 
0.0161199 
0.0188473 
0.0213433 
0.0235759 
0.0255266 
0.0271916 
0.0285832 
0.0297285 
0.030667 
0.0314466 
0.0321188 
0.0327345 
0.0333414 
0.0339828 
0.034697 
0.0355156 
0.0364592 
0.0375194 
0.0386058 
0.0394527 
0.039515 
0.0379803 
0.033987 
0.0269766 
0.0168927 
0.00401199 
-0.01048 
-0.0247119 
-0.0373525 
-0.0480154 
-0.0569386 
-0.0642148 
-0.0642148 
-0.0113137 
-0.0113137 
-0.0158407 
-0.0186251 
-0.0203874 
-0.0214835 
-0.0220962 
-0.0223589 
-0.0223714 
-0.0222186 
-0.0219693 
-0.0216726 
-0.0213545 
-0.0210182 
-0.0206483 
-0.0202181 
-0.0196963 
-0.0190514 
-0.0182553 
-0.0172839 
-0.0161184 
-0.0147451 
-0.0131556 
-0.0113479 
-0.00932622 
-0.00710147 
-0.00469168 
-0.00212127 
0.000581554 
0.00338154 
0.00623176 
0.0090772 
0.0118637 
0.0145403 
0.0170619 
0.0193916 
0.0215027 
0.0233806 
0.0250234 
0.0264425 
0.0276608 
0.0287109 
0.0296313 
0.0304637 
0.0312498 
0.0320298 
0.0328409 
0.0337169 
0.0346858 
0.0357646 
0.0369393 
0.0381136 
0.0390197 
0.039116 
0.037599 
0.033648 
0.0267328 
0.0168277 
0.00395128 
-0.0105727 
-0.0245613 
-0.0369881 
-0.0475086 
-0.0563226 
-0.0635707 
-0.0635707 
-0.00866514 
-0.00866514 
-0.0133435 
-0.0163008 
-0.018246 
-0.019531 
-0.0203347 
-0.0207814 
-0.0209582 
-0.020937 
-0.020778 
-0.0205296 
-0.0202245 
-0.0198775 
-0.0194866 
-0.0190363 
-0.0185032 
-0.0178609 
-0.0170845 
-0.0161523 
-0.0150472 
-0.0137572 
-0.0122758 
-0.0106019 
-0.00874023 
-0.00670116 
-0.00450112 
-0.00216191 
0.000291149 
0.00282817 
0.0054134 
0.00800127 
0.0105464 
0.0130057 
0.0153412 
0.0175217 
0.0195249 
0.0213387 
0.0229617 
0.0244031 
0.0256813 
0.0268219 
0.0278557 
0.0288161 
0.0297374 
0.0306529 
0.0315941 
0.0325894 
0.0336622 
0.0348248 
0.0360581 
0.0372592 
0.0381564 
0.0382264 
0.0367071 
0.0328277 
0.0260821 
0.0164548 
0.00395253 
-0.0101273 
-0.0237064 
-0.035848 
-0.0461934 
-0.0548933 
-0.0621046 
-0.0621046 
-0.00595501 
-0.00595501 
-0.0107916 
-0.0139221 
-0.0160451 
-0.0175105 
-0.0184982 
-0.0191293 
-0.0194829 
-0.0196196 
-0.019589 
-0.0194327 
-0.0191836 
-0.0188633 
-0.0184804 
-0.0180309 
-0.0175016 
-0.0168735 
-0.0161262 
-0.0152406 
-0.0142016 
-0.0129982 
-0.0116248 
-0.0100808 
-0.00837052 
-0.00650337 
-0.0044935 
-0.00235953 
-0.000123826 
0.0021873 
0.00454366 
0.00690821 
0.00924338 
0.0115135 
0.0136866 
0.0157368 
0.0176454 
0.0194018 
0.0210045 
0.0224602 
0.023783 
0.0249928 
0.0261139 
0.0271728 
0.0281973 
0.0292143 
0.0302496 
0.0313261 
0.0324619 
0.0336645 
0.0349066 
0.03608 
0.0369181 
0.0369258 
0.0353944 
0.0316143 
0.0251127 
0.0158634 
0.00403169 
-0.00925754 
-0.0222477 
-0.0340003 
-0.0441242 
-0.0526989 
-0.0598649 
-0.0598649 
-0.00321147 
-0.00321147 
-0.00821196 
-0.0115166 
-0.0138129 
-0.0154487 
-0.0166076 
-0.0174128 
-0.0179413 
-0.0182473 
-0.0183706 
-0.018344 
-0.0181949 
-0.0179447 
-0.0176073 
-0.0171877 
-0.0166827 
-0.0160821 
-0.015372 
-0.0145377 
-0.0135658 
-0.0124467 
-0.0111747 
-0.00974906 
-0.0081737 
-0.00645733 
-0.0046132 
-0.00265866 
-0.000614454 
0.00149536 
0.0036484 
0.00581578 
0.0079662 
0.01007 
0.0121004 
0.0140354 
0.0158591 
0.0175618 
0.0191414 
0.0206023 
0.0219549 
0.0232144 
0.0243996 
0.0255311 
0.0266309 
0.02772 
0.0288187 
0.0299441 
0.0311097 
0.0323147 
0.0335236 
0.0346263 
0.0353667 
0.0352864 
0.0337425 
0.0300951 
0.0239175 
0.0151744 
0.00416341 
-0.00813194 
-0.0203474 
-0.031593 
-0.0414286 
-0.0498487 
-0.0569533 
-0.0569533 
-0.000459804 
-0.000459804 
-0.00562879 
-0.00911066 
-0.0115792 
-0.0133784 
-0.0146953 
-0.015658 
-0.0163473 
-0.0168165 
-0.0171009 
-0.0172258 
-0.0172111 
-0.0170731 
-0.0168244 
-0.0164735 
-0.0160236 
-0.0154726 
-0.0148141 
-0.0140394 
-0.0131394 
-0.0121065 
-0.0109363 
-0.0096278 
-0.00818425 
-0.0066128 
-0.00492431 
-0.00313299 
-0.00125593 
0.000686431 
0.00267239 
0.00467757 
0.00667579 
0.00864201 
0.0105537 
0.0123919 
0.0141426 
0.0157969 
0.0173525 
0.0188119 
0.0201827 
0.0214761 
0.0227064 
0.0238891 
0.0250412 
0.0261782 
0.0273154 
0.0284651 
0.0296332 
0.0308109 
0.0319566 
0.0329602 
0.0335816 
0.0334061 
0.0318644 
0.0283918 
0.0226154 
0.0145007 
0.0044045 
-0.00683608 
-0.0181663 
-0.0287954 
-0.0382624 
-0.0464814 
-0.0534978 
-0.0534978 
0.0022769 
0.0022769 
-0.00306023 
-0.00672527 
-0.00937119 
-0.011334 
-0.0128017 
-0.0139072 
-0.0147374 
-0.0153506 
-0.0157833 
-0.0160588 
-0.0161919 
-0.0161932 
-0.0160702 
-0.015829 
-0.0154732 
-0.0150043 
-0.014421 
-0.0137202 
-0.0128975 
-0.0119488 
-0.0108714 
-0.00966514 
-0.00833318 
-0.00688202 
-0.00532184 
-0.0036663 
-0.00193208 
-0.000138366 
0.001695 
0.00355257 
0.00541333 
0.00725571 
0.00906039 
0.0108104 
0.0124934 
0.0141006 
0.0156289 
0.0170797 
0.0184579 
0.0197716 
0.0210311 
0.0222475 
0.0234334 
0.0245996 
0.025757 
0.0269116 
0.0280621 
0.029193 
0.0302579 
0.0311493 
0.0316474 
0.0313853 
0.0298705 
0.0266147 
0.0212987 
0.0138932 
0.00474931 
-0.00542949 
-0.0158242 
-0.0257579 
-0.0347799 
-0.0427431 
-0.0496374 
-0.0496374 
0.00499134 
0.00499134 
-0.000517208 
-0.00437208 
-0.00720696 
-0.009344 
-0.0109675 
-0.0122116 
-0.0131686 
-0.0139036 
-0.0144594 
-0.0148633 
-0.0151312 
-0.0152717 
-0.0152889 
-0.0151843 
-0.0149582 
-0.0146101 
-0.0141389 
-0.0135432 
-0.0128216 
-0.0119733 
-0.0109988 
-0.00990057 
-0.00868334 
-0.00735413 
-0.00592218 
-0.00439865 
-0.00279629 
-0.00112945 
0.000585806 
0.00233151 
0.00408865 
0.00583771 
0.00756167 
0.00924432 
0.010874 
0.0124417 
0.0139453 
0.0153858 
0.0167658 
0.0180911 
0.0193688 
0.0206066 
0.0218132 
0.0229957 
0.0241599 
0.025306 
0.0264266 
0.0275011 
0.0284798 
0.0292598 
0.0296442 
0.0293158 
0.0278573 
0.0248542 
0.0200367 
0.013379 
0.00519041 
-0.00395154 
-0.0134031 
-0.0225973 
-0.0311142 
-0.038769 
-0.045505 
-0.045505 
0.00769114 
0.00769114 
0.00199995 
-0.00205148 
-0.00509028 
-0.00742235 
-0.00922093 
-0.0106166 
-0.0117028 
-0.0125494 
-0.0132067 
-0.0137092 
-0.0140795 
-0.0143306 
-0.0144686 
-0.0144948 
-0.0144069 
-0.0142008 
-0.0138718 
-0.0134149 
-0.0128261 
-0.0121032 
-0.011246 
-0.0102573 
-0.00914299 
-0.00791192 
-0.00657547 
-0.00514701 
-0.0036415 
-0.00207506 
-0.000465095 
0.0011709 
0.00282443 
0.00448007 
0.00612248 
0.00773595 
0.0093108 
0.0108367 
0.0123105 
0.0137339 
0.0151079 
0.0164357 
0.0177221 
0.0189712 
0.0201892 
0.0213785 
0.0225404 
0.0236704 
0.0247564 
0.0257734 
0.0266705 
0.0273512 
0.0276427 
0.0272757 
0.0259033 
0.0231796 
0.0188773 
0.0129703 
0.0057105 
-0.00243664 
-0.0109627 
-0.0194005 
-0.0273713 
-0.0346734 
-0.0412173 
-0.0412173 
0.0103959 
0.0103959 
0.00451329 
0.000248792 
-0.00300942 
-0.0055629 
-0.00756737 
-0.00914443 
-0.0103835 
-0.0113546 
-0.0121121 
-0.0126973 
-0.0131405 
-0.0134631 
-0.013679 
-0.0137954 
-0.013814 
-0.013732 
-0.0135432 
-0.0132393 
-0.0128116 
-0.0122524 
-0.0115561 
-0.0107209 
-0.00974988 
-0.00865079 
-0.00743631 
-0.00612231 
-0.00472559 
-0.00326152 
-0.00174284 
-0.000181201 
0.00141178 
0.00301492 
0.00461479 
0.00619282 
0.00773604 
0.00923159 
0.0106827 
0.0120949 
0.0134642 
0.0147937 
0.0160854 
0.0173417 
0.0185655 
0.0197566 
0.0209122 
0.0220244 
0.0230773 
0.0240433 
0.0248716 
0.0254735 
0.0256998 
0.0253258 
0.0240674 
0.02164 
0.0178522 
0.0126741 
0.00629809 
-0.000908895 
-0.00854413 
-0.0162288 
-0.0236302 
-0.0305464 
-0.0368689 
-0.0368689 
0.0131326 
0.0131326 
0.00705537 
0.00255977 
-0.00094055 
-0.00374028 
-0.00598683 
-0.00778484 
-0.00921618 
-0.0103465 
-0.0112299 
-0.0119104 
-0.0124236 
-0.0127978 
-0.0130552 
-0.0132124 
-0.0132803 
-0.013264 
-0.0131632 
-0.0129723 
-0.0126821 
-0.0122812 
-0.0117576 
-0.0111008 
-0.0103032 
-0.00936217 
-0.00828123 
-0.00707118 
-0.00575014 
-0.00434191 
-0.00287263 
-0.00136688 
0.000157372 
0.00168805 
0.0032224 
0.00473858 
0.00623442 
0.00769222 
0.00910942 
0.0104977 
0.0118539 
0.0131772 
0.0144685 
0.0157262 
0.0169514 
0.0181413 
0.0192898 
0.0203864 
0.0214128 
0.0223395 
0.0231175 
0.0236663 
0.0238588 
0.02351 
0.0223902 
0.0202676 
0.0169807 
0.0124946 
0.00694562 
0.000617327 
-0.00617241 
-0.0131221 
-0.0199458 
-0.0264537 
-0.0325319 
-0.0325319 
0.0159322 
0.0159322 
0.00966167 
0.00492191 
0.00115336 
-0.00192096 
-0.00444293 
-0.00650251 
-0.00816963 
-0.00950304 
-0.0105537 
-0.0113655 
-0.0119763 
-0.0124175 
-0.0127161 
-0.012895 
-0.0129735 
-0.0129664 
-0.0128838 
-0.0127302 
-0.0125043 
-0.0121997 
-0.0118067 
-0.0113131 
-0.0107066 
-0.00997575 
-0.00911188 
-0.00811043 
-0.00697343 
-0.00571181 
-0.00434668 
-0.00290717 
-0.00142048 
9.6863e-05 
0.00164212 
0.00318067 
0.00468101 
0.00610714 
0.00749615 
0.00888486 
0.0102407 
0.0115666 
0.0128592 
0.0141193 
0.0153462 
0.0165359 
0.017681 
0.0187689 
0.0197798 
0.0206835 
0.0214335 
0.021958 
0.0221494 
0.0218572 
0.0208968 
0.0190813 
0.0162739 
0.0124344 
0.00765147 
0.00213636 
-0.00386054 
-0.0101027 
-0.016352 
-0.0224392 
-0.0282561 
-0.0282561 
0.0188254 
0.0188254 
0.0123648 
0.00737285 
0.00331199 
-6.98292e-05 
-0.0028983 
-0.00525702 
-0.00719969 
-0.00877687 
-0.0100345 
-0.011016 
-0.0117607 
-0.0123027 
-0.0126716 
-0.0128928 
-0.0129889 
-0.0129798 
-0.0128824 
-0.0127103 
-0.0124725 
-0.0121729 
-0.0118109 
-0.0113818 
-0.0108777 
-0.0102889 
-0.00960396 
-0.00880941 
-0.00788961 
-0.00682728 
-0.00560737 
-0.00422777 
-0.00271613 
-0.00114875 
0.000375162 
0.00181005 
0.00324301 
0.00463796 
0.00598507 
0.00733362 
0.00867166 
0.00998669 
0.0112747 
0.0125333 
0.0137605 
0.0149515 
0.0160977 
0.0171853 
0.0181937 
0.0190929 
0.0198391 
0.0203687 
0.0205911 
0.0203842 
0.0196007 
0.0180902 
0.0157369 
0.0124959 
0.00841809 
0.00365143 
-0.00160942 
-0.00717852 
-0.0128655 
-0.0185281 
-0.0240724 
-0.0240724 
0.0218404 
0.0218404 
0.015194 
0.0099418 
0.00556838 
0.00184781 
-0.00132406 
-0.00401674 
-0.00627272 
-0.0081297 
-0.00962719 
-0.010807 
-0.0117111 
-0.012378 
-0.0128418 
-0.0131314 
-0.0132718 
-0.0132848 
-0.0131896 
-0.0130029 
-0.0127387 
-0.0124078 
-0.0120177 
-0.0115727 
-0.0110743 
-0.0105222 
-0.00991455 
-0.00924803 
-0.00851674 
-0.00770957 
-0.00680695 
-0.00577896 
-0.00458802 
-0.00319902 
-0.00160699 
0.000105607 
0.00172661 
0.00304813 
0.00430171 
0.00571134 
0.00708375 
0.0084088 
0.00969914 
0.0109577 
0.0121874 
0.0133842 
0.0145394 
0.0156387 
0.0166609 
0.0175766 
0.0183447 
0.0189091 
0.0191933 
0.0190982 
0.0185065 
0.0172969 
0.0153712 
0.0126813 
0.00924924 
0.00517078 
0.000590616 
-0.0043452 
-0.00948875 
-0.01473 
-0.0199953 
-0.0199953 
0.0250029 
0.0250029 
0.018175 
0.0126547 
0.00794901 
0.00385739 
0.000303828 
-0.00276184 
-0.00537019 
-0.00754391 
-0.0093129 
-0.0107153 
-0.0117954 
-0.0125976 
-0.0131632 
-0.0135277 
-0.0137211 
-0.0137689 
-0.0136928 
-0.0135116 
-0.0132413 
-0.0128948 
-0.0124827 
-0.0120127 
-0.0114906 
-0.010921 
-0.0103072 
-0.00965193 
-0.00895632 
-0.00821754 
-0.00742501 
-0.00655645 
-0.00557899 
-0.00444715 
-0.00310735 
-0.00149393 
0.000195897 
0.00159169 
0.0028723 
0.00420272 
0.00554459 
0.00686044 
0.00814901 
0.00940843 
0.0106424 
0.0118486 
0.0130195 
0.0141411 
0.0151926 
0.0161449 
0.0169597 
0.0175868 
0.0179611 
0.0180017 
0.0176141 
0.0167003 
0.0151768 
0.012994 
0.0101521 
0.0067064 
0.00275453 
-0.0015892 
-0.00621351 
-0.0110424 
-0.0160265 
-0.0160265 
0.0283357 
0.0283357 
0.021331 
0.0155352 
0.0104777 
0.00598411 
0.00200817 
-0.00147558 
-0.0044791 
-0.00701148 
-0.00908789 
-0.0107396 
-0.0120122 
-0.0129566 
-0.0136235 
-0.0140578 
-0.0142972 
-0.0143731 
-0.0143116 
-0.014135 
-0.0138621 
-0.0135085 
-0.0130867 
-0.0126063 
-0.0120747 
-0.0114974 
-0.0108788 
-0.0102233 
-0.00953492 
-0.0088161 
-0.00806418 
-0.00726529 
-0.00639577 
-0.00543551 
-0.00438803 
-0.00328427 
-0.00219327 
-0.00108953 
0.000329305 
0.00215868 
0.00382017 
0.00523975 
0.0065693 
0.0078454 
0.00909523 
0.010323 
0.011524 
0.012685 
0.0137856 
0.0147978 
0.0156855 
0.0164032 
0.0168948 
0.0170928 
0.0169206 
0.0162981 
0.0151539 
0.0134384 
0.0111362 
0.00827198 
0.00490415 
0.0011106 
-0.00302376 
-0.00745341 
-0.0121566 
-0.0121566 
0.0318576 
0.0318576 
0.0246817 
0.0186044 
0.013177 
0.00825078 
0.00381019 
-0.000140222 
-0.00358735 
-0.00652602 
-0.00895197 
-0.0108852 
-0.0123702 
-0.0134647 
-0.0142311 
-0.0147267 
-0.0150002 
-0.0150912 
-0.0150318 
-0.0148486 
-0.0145639 
-0.0141962 
-0.0137608 
-0.0132697 
-0.012732 
-0.0121547 
-0.0115426 
-0.0108993 
-0.0102277 
-0.00952944 
-0.0088049 
-0.00804851 
-0.0072469 
-0.00638212 
-0.00544183 
-0.00441498 
-0.00333856 
-0.00233252 
-0.00113966 
0.000346739 
0.00189626 
0.00339896 
0.00482774 
0.00618918 
0.00750563 
0.00879108 
0.0100492 
0.0112731 
0.0124459 
0.0135421 
0.0145282 
0.0153627 
0.0159963 
0.0163715 
0.0164247 
0.0160896 
0.0153044 
0.0140211 
0.0122136 
0.00988368 
0.00705889 
0.00378078 
0.000104797 
-0.00394327 
-0.00836728 
-0.00836728 
0.0355826 
0.0355826 
0.0282422 
0.0218803 
0.0160678 
0.0106801 
0.00573343 
0.0012651 
-0.0026818 
-0.00607988 
-0.00890433 
-0.0111575 
-0.0128795 
-0.0141345 
-0.0149983 
-0.0155446 
-0.0158368 
-0.0159257 
-0.0158515 
-0.0156462 
-0.0153362 
-0.014943 
-0.0144846 
-0.013975 
-0.0134253 
-0.0128439 
-0.0122367 
-0.0116082 
-0.0109609 
-0.0102962 
-0.00961325 
-0.00890813 
-0.00817212 
-0.00739533 
-0.00657257 
-0.0057054 
-0.00479483 
-0.0038468 
-0.00274552 
-0.00154649 
-0.000323571 
0.00103896 
0.00250291 
0.00400664 
0.00549811 
0.00695968 
0.00838276 
0.00976007 
0.011079 
0.0123196 
0.013454 
0.0144468 
0.0152558 
0.0158327 
0.0161244 
0.0160757 
0.0156333 
0.0147517 
0.0133987 
0.0115598 
0.00923816 
0.00644741 
0.00320621 
-0.000481572 
-0.00463017 
-0.00463017 
0.039517 
0.039517 
0.0320213 
0.0253755 
0.0191672 
0.0132928 
0.00779976 
0.00275994 
-0.00174625 
-0.00566288 
-0.00894179 
-0.0115604 
-0.0135497 
-0.0149786 
-0.0159384 
-0.0165232 
-0.0168157 
-0.0168819 
-0.0167724 
-0.0165263 
-0.0161744 
-0.0157418 
-0.0152486 
-0.014711 
-0.0141418 
-0.0135502 
-0.0129433 
-0.0123255 
-0.0116994 
-0.0110659 
-0.010424 
-0.00977043 
-0.00909793 
-0.00839788 
-0.00766062 
-0.00688279 
-0.0060462 
-0.00518445 
-0.00421237 
-0.00311295 
-0.0019239 
-0.000652204 
0.000688333 
0.00209156 
0.0035573 
0.00507145 
0.00660851 
0.00814128 
0.00964044 
0.0110751 
0.0124119 
0.0136146 
0.0146437 
0.0154566 
0.0160083 
0.0162525 
0.0161436 
0.01564 
0.014707 
0.0133196 
0.0114635 
0.0091297 
0.00631083 
0.00297712 
-0.000905472 
-0.000905472 
0.0436573 
0.0436573 
0.0360182 
0.0290946 
0.0224866 
0.016106 
0.01003 
0.00436658 
-0.000761825 
-0.00526181 
-0.0090573 
-0.0120941 
-0.0143871 
-0.0160076 
-0.0170632 
-0.0176727 
-0.0179439 
-0.017963 
-0.0177943 
-0.0174854 
-0.0170726 
-0.0165844 
-0.0160432 
-0.015467 
-0.0148696 
-0.0142615 
-0.0136502 
-0.0130405 
-0.0124352 
-0.011835 
-0.0112385 
-0.0106426 
-0.010041 
-0.00942686 
-0.00878985 
-0.00812798 
-0.00741634 
-0.0066646 
-0.00581363 
-0.00486798 
-0.00383557 
-0.00268762 
-0.00143103 
-6.97601e-05 
0.00139965 
0.00296934 
0.00461826 
0.00631532 
0.00802256 
0.00969736 
0.0112951 
0.0127711 
0.0140811 
0.0151823 
0.0160329 
0.0165926 
0.0168224 
0.0166856 
0.0161485 
0.015181 
0.0137574 
0.0118524 
0.0094392 
0.00646521 
0.00285838 
0.00285838 
0.0479864 
0.0479864 
0.0402192 
0.033031 
0.0260282 
0.0191308 
0.0124418 
0.00610519 
0.00029027 
-0.0048613 
-0.00923919 
-0.0127531 
-0.0153926 
-0.0172273 
-0.0183807 
-0.0190006 
-0.0192262 
-0.0191702 
-0.0189148 
-0.0185183 
-0.0180232 
-0.0174614 
-0.0168576 
-0.016231 
-0.0155963 
-0.0149645 
-0.0143434 
-0.0137378 
-0.0131501 
-0.0125809 
-0.0120281 
-0.011489 
-0.0109565 
-0.0104238 
-0.00987812 
-0.00931631 
-0.00870879 
-0.00806232 
-0.00732821 
-0.00649412 
-0.00555205 
-0.00448882 
-0.00329825 
-0.00197422 
-0.000513534 
0.00107553 
0.00277801 
0.00457411 
0.00643111 
0.00830629 
0.0101495 
0.0119069 
0.013524 
0.0149493 
0.0161358 
0.0170414 
0.0176286 
0.0178631 
0.0177129 
0.0171465 
0.0161324 
0.0146344 
0.0126121 
0.00999323 
0.00667618 
0.00667618 
0.0524698 
0.0524698 
0.0445934 
0.0371617 
0.02978 
0.0223668 
0.0150449 
0.00799293 
0.00143151 
-0.00444039 
-0.00946888 
-0.0135233 
-0.016558 
-0.0186352 
-0.019892 
-0.0205086 
-0.0206626 
-0.0205003 
-0.0201274 
-0.0196158 
-0.0190149 
-0.0183603 
-0.0176786 
-0.0169895 
-0.0163084 
-0.0156463 
-0.0150107 
-0.0144066 
-0.0138359 
-0.0132988 
-0.0127933 
-0.0123165 
-0.0118611 
-0.0114203 
-0.0109803 
-0.010536 
-0.0100582 
-0.00954204 
-0.00894407 
-0.00825003 
-0.00743905 
-0.00648622 
-0.00537389 
-0.00408775 
-0.00262019 
-0.000976039 
0.000829087 
0.0027723 
0.00481524 
0.00691137 
0.00900889 
0.0110519 
0.0129824 
0.0147437 
0.0162831 
0.0175538 
0.0185149 
0.019131 
0.0193693 
0.0191972 
0.0185798 
0.0174744 
0.0158305 
0.0135595 
0.010531 
0.010531 
0.0570518 
0.0570518 
0.0490886 
0.0414427 
0.0337103 
0.0257966 
0.0178361 
0.0100389 
0.00268028 
-0.00397515 
-0.00972055 
-0.0143797 
-0.0178623 
-0.020216 
-0.0215871 
-0.0221894 
-0.0222454 
-0.0219438 
-0.0214202 
-0.0207639 
-0.0200325 
-0.0192652 
-0.0184897 
-0.0177262 
-0.0169895 
-0.0162903 
-0.0156356 
-0.0150298 
-0.0144743 
-0.0139689 
-0.0135113 
-0.0130986 
-0.012723 
-0.012377 
-0.0120455 
-0.0117206 
-0.0113742 
-0.0109936 
-0.0105359 
-0.00997916 
-0.00929187 
-0.00844327 
-0.00740369 
-0.00614797 
-0.00466023 
-0.00293974 
-0.00100355 
0.00111263 
0.00335956 
0.00568482 
0.00803343 
0.0103485 
0.012572 
0.0146471 
0.0165201 
0.0181421 
0.0194693 
0.0204624 
0.0210853 
0.0213016 
0.0210723 
0.0203487 
0.0190719 
0.0171382 
0.0143902 
0.0143902 
0.0616519 
0.0616519 
0.0536267 
0.0458038 
0.0377619 
0.0293807 
0.0207957 
0.0122414 
0.00404857 
-0.00344288 
-0.00996176 
-0.0152842 
-0.0192675 
-0.0219365 
-0.0234394 
-0.024022 
-0.0239564 
-0.0234826 
-0.0227743 
-0.0219428 
-0.0210558 
-0.020156 
-0.0192715 
-0.0184221 
-0.0176216 
-0.0168796 
-0.0162022 
-0.015593 
-0.0150526 
-0.0145807 
-0.0141747 
-0.0138319 
-0.0135442 
-0.0133031 
-0.0130931 
-0.0129033 
-0.0127074 
-0.0124853 
-0.012192 
-0.0118 
-0.0112662 
-0.0105475 
-0.00959914 
-0.00838206 
-0.00686985 
-0.00505625 
-0.00295921 
-0.000621355 
0.00189371 
0.0045159 
0.00717598 
0.00980639 
0.0123431 
0.0147291 
0.0169152 
0.0188583 
0.0205192 
0.0218607 
0.022845 
0.0234317 
0.0235754 
0.0232197 
0.0222962 
0.0206857 
0.0182053 
0.0182053 
0.0661626 
0.0661626 
0.0581015 
0.0501447 
0.0418473 
0.0330507 
0.0238792 
0.0145802 
0.00553819 
-0.00282287 
-0.010154 
-0.0161843 
-0.0207151 
-0.0237406 
-0.0254007 
-0.0259667 
-0.0257627 
-0.0250873 
-0.0241618 
-0.0231256 
-0.0220588 
-0.0210077 
-0.0200004 
-0.0190551 
-0.0181837 
-0.0173943 
-0.0166913 
-0.0160773 
-0.015552 
-0.0151145 
-0.0147628 
-0.014494 
-0.0142994 
-0.0141699 
-0.0140897 
-0.0140452 
-0.0140114 
-0.0139635 
-0.0138537 
-0.0136453 
-0.0132836 
-0.0127101 
-0.0118619 
-0.0106828 
-0.0091334 
-0.00720118 
-0.00490497 
-0.00229575 
0.000545179 
0.00351676 
0.00653016 
0.00950778 
0.0123747 
0.0150694 
0.0175458 
0.01977 
0.0217146 
0.0233525 
0.0246512 
0.0255693 
0.0260555 
0.0260433 
0.0254522 
0.0241459 
0.0219162 
0.0219162 
0.07045 
0.07045 
0.0623775 
0.0543326 
0.0458436 
0.0367029 
0.0270107 
0.0170103 
0.00713301 
-0.00210484 
-0.0102569 
-0.0170134 
-0.0221244 
-0.0255455 
-0.0273958 
-0.0279606 
-0.0276123 
-0.0267143 
-0.0255443 
-0.0242772 
-0.0230092 
-0.0217909 
-0.0206494 
-0.0196005 
-0.0186533 
-0.0178135 
-0.0170837 
-0.0164648 
-0.0159557 
-0.0155552 
-0.0152617 
-0.0150726 
-0.0149783 
-0.0149696 
-0.015031 
-0.0151478 
-0.0152952 
-0.0154454 
-0.015548 
-0.0155546 
-0.0153961 
-0.0149936 
-0.0142618 
-0.0131248 
-0.0115305 
-0.0094613 
-0.00693846 
-0.00402262 
-0.000807622 
0.00257704 
0.00601237 
0.00940087 
0.0126459 
0.0156733 
0.0184364 
0.0209114 
0.0230884 
0.0249598 
0.026508 
0.0276988 
0.0284788 
0.0287712 
0.0284811 
0.0274528 
0.0254527 
0.0254527 
0.0743558 
0.0743558 
0.0662931 
0.0582037 
0.0495918 
0.0401936 
0.0300764 
0.0194591 
0.00880385 
-0.00128073 
-0.0102267 
-0.0176912 
-0.0233925 
-0.0272409 
-0.0293207 
-0.0299138 
-0.0294319 
-0.0283035 
-0.0268711 
-0.0253537 
-0.0238682 
-0.0224709 
-0.0211876 
-0.0200306 
-0.0190055 
-0.0181146 
-0.0173581 
-0.0167353 
-0.0162439 
-0.0158827 
-0.0156508 
-0.0155453 
-0.0155565 
-0.0156755 
-0.0158882 
-0.0161797 
-0.0165249 
-0.016895 
-0.0172356 
-0.0174833 
-0.0175506 
-0.0173328 
-0.0167198 
-0.0156162 
-0.0139605 
-0.0117334 
-0.00895999 
-0.0057074 
-0.00208034 
0.00176556 
0.00567349 
0.00951375 
0.0131658 
0.0165386 
0.019581 
0.0222773 
0.0246366 
0.0266757 
0.0284004 
0.0297924 
0.0308026 
0.031347 
0.0313156 
0.0305312 
0.0287349 
0.0287349 
0.0777054 
0.0777054 
0.0696683 
0.0615707 
0.0529022 
0.0433406 
0.0329192 
0.0218129 
0.0104879 
-0.000369558 
-0.010028 
-0.0181319 
-0.0244019 
-0.0286949 
-0.0310456 
-0.0317106 
-0.0311249 
-0.029777 
-0.028079 
-0.0263022 
-0.0245906 
-0.0230087 
-0.0215812 
-0.0203161 
-0.0192142 
-0.0182741 
-0.0174932 
-0.0168688 
-0.0163977 
-0.0160787 
-0.0159116 
-0.0158934 
-0.0160146 
-0.016268 
-0.0166417 
-0.0171215 
-0.0176826 
-0.0182933 
-0.0188951 
-0.0194052 
-0.0197109 
-0.0196781 
-0.0191728 
-0.0180863 
-0.0163553 
-0.013964 
-0.0109418 
-0.00735758 
-0.00332285 
0.000999444 
0.0054177 
0.00975261 
0.0138503 
0.0175895 
0.0209098 
0.0238034 
0.0263007 
0.0284466 
0.0302767 
0.0317956 
0.032966 
0.0337009 
0.0338775 
0.0332958 
0.0316729 
0.0316729 
0.0803145 
0.0803145 
0.0723155 
0.0642349 
0.0555659 
0.0459306 
0.0353372 
0.0239151 
0.0121152 
0.00063998 
-0.00961284 
-0.0182427 
-0.0250264 
-0.0297621 
-0.0324213 
-0.0332129 
-0.0325736 
-0.0310395 
-0.0290917 
-0.027061 
-0.0251256 
-0.0233618 
-0.0217942 
-0.0204259 
-0.0192526 
-0.0182685 
-0.0174675 
-0.0168452 
-0.0163973 
-0.016123 
-0.0160228 
-0.0160932 
-0.0163266 
-0.0167181 
-0.0172589 
-0.0179367 
-0.0187269 
-0.0195918 
-0.0204643 
-0.0212391 
-0.0217708 
-0.0218971 
-0.0214681 
-0.0203725 
-0.0185558 
-0.0160103 
-0.0127664 
-0.00888578 
-0.00447404 
0.000318263 
0.00525693 
0.0100975 
0.0146437 
0.0187403 
0.0223175 
0.0253761 
0.0279678 
0.0301668 
0.0320397 
0.0336182 
0.0348815 
0.0357443 
0.0360745 
0.0356498 
0.0341669 
0.0341669 
0.0820092 
0.0820092 
0.0740587 
0.0660089 
0.0573858 
0.0477566 
0.037119 
0.0255559 
0.0135338 
0.00170076 
-0.00894135 
-0.0179491 
-0.0251587 
-0.030311 
-0.0333033 
-0.0342789 
-0.0336514 
-0.0319854 
-0.0298238 
-0.0275605 
-0.0254159 
-0.0234832 
-0.021788 
-0.0203286 
-0.0190945 
-0.018075 
-0.0172607 
-0.0166454 
-0.0162242 
-0.0159967 
-0.015964 
-0.0161225 
-0.0164673 
-0.0169971 
-0.0177071 
-0.018587 
-0.0196118 
-0.0207338 
-0.0218671 
-0.0228812 
-0.0235967 
-0.0238294 
-0.0234303 
-0.0223014 
-0.0204061 
-0.0177454 
-0.0143449 
-0.0102505 
-0.00554876 
-0.000363145 
0.00505744 
0.0104105 
0.0154147 
0.0198576 
0.0236612 
0.0268434 
0.0294841 
0.0316885 
0.0335537 
0.0351373 
0.0364369 
0.0373708 
0.0378017 
0.037487 
0.0361086 
0.0361086 
0.0826022 
0.0826022 
0.0747482 
0.0667321 
0.0581829 
0.0486282 
0.0380557 
0.0265241 
0.0145603 
0.00282388 
-0.00796051 
-0.0172336 
-0.0247683 
-0.0302811 
-0.033598 
-0.0347904 
-0.034233 
-0.0325 
-0.0301813 
-0.0277285 
-0.0254062 
-0.0233292 
-0.0215273 
-0.0199943 
-0.0187145 
-0.0176725 
-0.0168541 
-0.0162521 
-0.0158612 
-0.0156817 
-0.0157148 
-0.0159575 
-0.0164087 
-0.0170715 
-0.0179452 
-0.0190217 
-0.0202727 
-0.0216357 
-0.0229964 
-0.0241886 
-0.0250154 
-0.0252932 
-0.0248798 
-0.0237058 
-0.0217575 
-0.0190389 
-0.0155634 
-0.0113555 
-0.00646946 
-0.000983128 
0.00487034 
0.0106842 
0.0160756 
0.0207942 
0.0247579 
0.0280076 
0.0306522 
0.0328258 
0.0346499 
0.0362032 
0.0374981 
0.0384573 
0.038942 
0.0386923 
0.0373863 
0.0373863 
0.0819539 
0.0819539 
0.0742628 
0.0662929 
0.0578387 
0.0484305 
0.03804 
0.0267618 
0.0151325 
0.00377192 
-0.00679689 
-0.0160912 
-0.0237816 
-0.0295491 
-0.0331581 
-0.0346014 
-0.0341869 
-0.0324686 
-0.0300655 
-0.0274828 
-0.0250312 
-0.0228499 
-0.0209748 
-0.0193967 
-0.0180935 
-0.0170434 
-0.0162327 
-0.0156509 
-0.0152938 
-0.0151622 
-0.0152569 
-0.0155763 
-0.0161237 
-0.0169068 
-0.0179291 
-0.0191832 
-0.0206333 
-0.0221951 
-0.0237211 
-0.0250129 
-0.025862 
-0.0261029 
-0.0256406 
-0.024437 
-0.0224845 
-0.0197818 
-0.0163285 
-0.0121333 
-0.00722131 
-0.00164469 
0.0044738 
0.0107372 
0.0165136 
0.0214364 
0.0254541 
0.0286862 
0.0312822 
0.0333956 
0.0351605 
0.0366653 
0.037931 
0.0388821 
0.0393814 
0.0391553 
0.0378916 
0.0378916 
0.0799494 
0.0799494 
0.0725032 
0.0646277 
0.0563173 
0.0471605 
0.0371149 
0.0263226 
0.0152614 
0.00446012 
-0.00570127 
-0.0147924 
-0.0224454 
-0.0283051 
-0.0320889 
-0.0337252 
-0.0334573 
-0.0318031 
-0.0293872 
-0.0267483 
-0.0242326 
-0.0220014 
-0.0200971 
-0.0185088 
-0.0172101 
-0.0161756 
-0.015385 
-0.0148314 
-0.0145111 
-0.0144255 
-0.0145744 
-0.0149585 
-0.0155857 
-0.0164678 
-0.0176118 
-0.0190081 
-0.020608 
-0.0223001 
-0.0239042 
-0.0252029 
-0.0260002 
-0.0261688 
-0.0256518 
-0.0244337 
-0.0225089 
-0.0198655 
-0.0164885 
-0.0123706 
-0.00751199 
-0.00193445 
0.0042661 
0.0105982 
0.016429 
0.0214008 
0.0254142 
0.028604 
0.0311483 
0.0332089 
0.0349226 
0.0363789 
0.0376012 
0.0385179 
0.0389949 
0.038759 
0.037539 
0.037539 
0.0764872 
0.0764872 
0.0693887 
0.0616998 
0.0536184 
0.044842 
0.0353223 
0.0252181 
0.0149152 
0.00483376 
-0.00472462 
-0.0133963 
-0.0208056 
-0.0265764 
-0.0303936 
-0.0321382 
-0.0319963 
-0.0304412 
-0.028082 
-0.025468 
-0.0229657 
-0.0207509 
-0.0188713 
-0.0173152 
-0.0160534 
-0.0150578 
-0.0143062 
-0.0137885 
-0.0135072 
-0.0134635 
-0.0136562 
-0.0140884 
-0.0147722 
-0.0157228 
-0.0169489 
-0.0184353 
-0.0201159 
-0.0218515 
-0.0234376 
-0.0246575 
-0.0253468 
-0.0254227 
-0.0248619 
-0.0236584 
-0.0217983 
-0.019257 
-0.0160077 
-0.0120308 
-0.00731871 
-0.00190141 
0.00405023 
0.0100761 
0.0156799 
0.0205296 
0.024483 
0.0276276 
0.0301322 
0.0321561 
0.0338315 
0.0352427 
0.036411 
0.037271 
0.0376923 
0.0374219 
0.0362576 
0.0362576 
0.071482 
0.071482 
0.0648552 
0.0574946 
0.0497738 
0.0415265 
0.0327105 
0.0234641 
0.0140759 
0.00486256 
-0.00393194 
-0.011993 
-0.018957 
-0.0244446 
-0.028129 
-0.0298658 
-0.0297995 
-0.0283577 
-0.0261161 
-0.0236099 
-0.0212053 
-0.0190811 
-0.0172866 
-0.0158097 
-0.0146204 
-0.0136896 
-0.0129943 
-0.0125224 
-0.0122817 
-0.0122736 
-0.0124965 
-0.0129555 
-0.0136662 
-0.0146461 
-0.0159029 
-0.0174132 
-0.0190925 
-0.0207786 
-0.0222586 
-0.0233354 
-0.0238869 
-0.0238701 
-0.0232811 
-0.0221137 
-0.0203448 
-0.0179405 
-0.0148689 
-0.0111141 
-0.0066898 
-0.00167162 
0.00374535 
0.00921631 
0.0143708 
0.0189144 
0.022698 
0.0257532 
0.0282054 
0.0301916 
0.0318282 
0.0331887 
0.0342887 
0.0350699 
0.0354094 
0.0350943 
0.0340056 
0.0340056 
0.0648611 
0.0648611 
0.0588491 
0.0520063 
0.0448272 
0.0372772 
0.0293322 
0.0210924 
0.0127574 
0.00455306 
-0.00332414 
-0.0105972 
-0.0169222 
-0.0219337 
-0.0253162 
-0.0269232 
-0.0268741 
-0.0255524 
-0.0234851 
-0.0211696 
-0.0189494 
-0.0169932 
-0.0153468 
-0.0139982 
-0.0129179 
-0.012078 
-0.0114565 
-0.0110402 
-0.0108406 
-0.01086 
-0.0110967 
-0.0115575 
-0.0122601 
-0.0132224 
-0.0144496 
-0.015909 
-0.0175008 
-0.0190514 
-0.0203559 
-0.0212506 
-0.0216557 
-0.0215582 
-0.0209641 
-0.0198645 
-0.0182312 
-0.0160288 
-0.0132309 
-0.00983353 
-0.00586987 
-0.0014303 
0.00331136 
0.00809624 
0.0126475 
0.0167305 
0.0202125 
0.0230868 
0.0254288 
0.0273391 
0.0289079 
0.030192 
0.0311996 
0.0318789 
0.0321209 
0.031767 
0.0307797 
0.0307797 
0.0565725 
0.0565725 
0.0513316 
0.0452328 
0.0388194 
0.032157 
0.025246 
0.0181499 
0.0109946 
0.00393079 
-0.00288004 
-0.00918901 
-0.0146845 
-0.0190347 
-0.021957 
-0.0233233 
-0.0232415 
-0.0220509 
-0.0202158 
-0.0181729 
-0.0162223 
-0.0145095 
-0.0130728 
-0.0118997 
-0.0109636 
-0.0102393 
-0.0097076 
-0.00935606 
-0.00919676 
-0.00923412 
-0.00946638 
-0.00990124 
-0.010557 
-0.0114503 
-0.0125828 
-0.0139145 
-0.0153379 
-0.0166821 
-0.0177654 
-0.0184624 
-0.0187294 
-0.0185729 
-0.0180035 
-0.0170112 
-0.0155684 
-0.0136441 
-0.011219 
-0.00829859 
-0.00492354 
-0.00118071 
0.00278931 
0.00679883 
0.0106446 
0.0141487 
0.0172023 
0.0197793 
0.0219158 
0.0236744 
0.0251156 
0.0262767 
0.0271578 
0.0277141 
0.0278575 
0.0274871 
0.0266302 
0.0266302 
0.0465903 
0.0465903 
0.0422798 
0.0371693 
0.0317748 
0.0262147 
0.0205114 
0.0147028 
0.00886183 
0.0030845 
-0.00249911 
-0.00767215 
-0.0121641 
-0.0156928 
-0.0180278 
-0.0190748 
-0.0189374 
-0.017906 
-0.016367 
-0.0146765 
-0.0130744 
-0.0116736 
-0.0105014 
-0.00954604 
-0.00878541 
-0.00819877 
-0.00777076 
-0.00749111 
-0.00737074 
-0.00741576 
-0.00762446 
-0.00800478 
-0.00857368 
-0.00934531 
-0.010318 
-0.0114492 
-0.0126346 
-0.013721 
-0.0145594 
-0.0150621 
-0.0152119 
-0.0150262 
-0.0145179 
-0.0136792 
-0.0124873 
-0.010918 
-0.00895792 
-0.00661483 
-0.00392458 
-0.000956547 
0.0021858 
0.00536741 
0.00844085 
0.0112769 
0.0137919 
0.0159538 
0.0177736 
0.0192838 
0.0205188 
0.0214982 
0.0222161 
0.0226362 
0.022696 
0.0223443 
0.0216462 
0.0216462 
0.0349798 
0.0349798 
0.0317499 
0.0278647 
