0 
-0.000813577 
0.000162783 
0.00130674 
0.00172931 
0.00190873 
0.00199315 
0.00201309 
0.00200178 
0.00197551 
0.00194593 
0.00191929 
0.00189864 
0.00188461 
0.00187632 
0.00187186 
0.00186876 
0.00186424 
0.00185542 
0.00183947 
0.00181372 
0.00177575 
0.0017235 
0.00165532 
0.00157004 
0.00146702 
0.00134612 
0.00120776 
0.00105287 
0.000882845 
0.000699486 
0.000504954 
0.0003017 
9.24799e-05 
-0.00011831 
-0.000327423 
-0.000533449 
-0.000735077 
-0.000930835 
-0.00111933 
-0.00129924 
-0.00146919 
-0.0016276 
-0.00177252 
-0.00190139 
-0.00201099 
-0.0020974 
-0.00215613 
-0.00218233 
-0.00217108 
-0.00211773 
-0.0020187 
-0.0018738 
-0.00169146 
-0.00149287 
-0.00130484 
-0.00114054 
-0.000990411 
-0.000837709 
-0.000677325 
-0.000516643 
-0.000366808 
-0.000238344 
-0.000142923 
-8.81111e-05 
0 
0.000813577 
0.000813577 
-0.000162783 
-0.00130674 
-0.00172931 
-0.00190873 
-0.00199315 
-0.00201309 
-0.00200178 
-0.00197551 
-0.00194593 
-0.00191929 
-0.00189864 
-0.00188461 
-0.00187632 
-0.00187186 
-0.00186876 
-0.00186424 
-0.00185542 
-0.00183947 
-0.00181372 
-0.00177575 
-0.0017235 
-0.00165532 
-0.00157004 
-0.00146702 
-0.00134612 
-0.00120776 
-0.00105287 
-0.000882845 
-0.000699486 
-0.000504954 
-0.0003017 
-9.24799e-05 
0.00011831 
0.000327423 
0.000533449 
0.000735077 
0.000930835 
0.00111933 
0.00129924 
0.00146919 
0.0016276 
0.00177252 
0.00190139 
0.00201099 
0.0020974 
0.00215613 
0.00218233 
0.00217108 
0.00211773 
0.0020187 
0.0018738 
0.00169146 
0.00149287 
0.00130484 
0.00114054 
0.000990411 
0.000837709 
0.000677325 
0.000516643 
0.000366808 
0.000238344 
0.000142923 
8.81111e-05 
8.81111e-05 
0.00149304 
0.00149304 
-0.00152633 
-0.00330621 
-0.00438249 
-0.00493194 
-0.00520157 
-0.00528806 
-0.00527935 
-0.00522563 
-0.00516148 
-0.00510642 
-0.00507007 
-0.005055 
-0.00505907 
-0.00507711 
-0.00510213 
-0.00512612 
-0.00514066 
-0.0051373 
-0.00510794 
-0.00504513 
-0.0049423 
-0.00479401 
-0.00459613 
-0.00434598 
-0.00404242 
-0.00368582 
-0.00327803 
-0.00282232 
-0.00232318 
-0.0017861 
-0.00121737 
-0.000623586 
-1.2756e-05 
0.000606661 
0.00122844 
0.00184683 
0.00245629 
0.00305175 
0.0036284 
0.00418113 
0.00470413 
0.00519024 
0.00563049 
0.00601374 
0.00632674 
0.0065546 
0.00668156 
0.00669225 
0.00657306 
0.00631493 
0.00592001 
0.0054143 
0.0048559 
0.0043147 
0.00382531 
0.00336842 
0.00290964 
0.0024423 
0.00198446 
0.00156118 
0.00119473 
0.00091554 
0.000751766 
0.000751766 
-0.000854728 
-0.000854728 
-0.00350662 
-0.00552243 
-0.00693671 
-0.00773098 
-0.00812591 
-0.00825387 
-0.00823909 
-0.00816093 
-0.00807312 
-0.00800609 
-0.00797429 
-0.00798084 
-0.00802137 
-0.0080867 
-0.0081648 
-0.00824203 
-0.00830408 
-0.00833663 
-0.00832596 
-0.00825935 
-0.00812558 
-0.00791533 
-0.00762144 
-0.00723921 
-0.00676646 
-0.00620359 
-0.00555349 
-0.00482143 
-0.00401478 
-0.00314273 
-0.00221583 
-0.00124521 
-0.000242691 
0.000780202 
0.00181193 
0.00284205 
0.00386107 
0.00486051 
0.00583233 
0.0067682 
0.00765858 
0.00849163 
0.00925224 
0.00992142 
0.0104762 
0.0108906 
0.011137 
0.0111886 
0.0110224 
0.0106244 
0.0100006 
0.0091945 
0.00829715 
0.00741286 
0.00659132 
0.0058068 
0.00501694 
0.00421758 
0.00343479 
0.0027022 
0.00205644 
0.0015574 
0.00125932 
0.00125932 
-0.0026449 
-0.0026449 
-0.00548982 
-0.00778318 
-0.00936134 
-0.0102467 
-0.010663 
-0.0107757 
-0.0107326 
-0.0106315 
-0.0105369 
-0.0104842 
-0.0104884 
-0.01055 
-0.0106603 
-0.0108048 
-0.0109657 
-0.0111231 
-0.0112569 
-0.0113467 
-0.0113734 
-0.011319 
-0.011168 
-0.0109074 
-0.010527 
-0.0100205 
-0.00938495 
-0.00862091 
-0.0077326 
-0.00672756 
-0.00561634 
-0.00441217 
-0.00313047 
-0.00178804 
-0.00040288 
0.00100712 
0.00242656 
0.00384168 
0.00524008 
0.00661097 
0.00794448 
0.00923065 
0.0104579 
0.0116116 
0.0126719 
0.0136133 
0.0144036 
0.0150055 
0.0153784 
0.0154829 
0.0152854 
0.0147666 
0.0139362 
0.012856 
0.0116468 
0.0104397 
0.0092913 
0.0081703 
0.00703416 
0.00588623 
0.00475808 
0.0036905 
0.00273117 
0.00196785 
0.00149789 
0.00149789 
-0.00499926 
-0.00499926 
-0.00784375 
-0.0101531 
-0.0116996 
-0.0125357 
-0.0128913 
-0.0129505 
-0.0128719 
-0.012761 
-0.0126853 
-0.0126789 
-0.0127527 
-0.0129019 
-0.0131117 
-0.0133614 
-0.0136273 
-0.0138839 
-0.0141054 
-0.0142663 
-0.0143423 
-0.014311 
-0.0141525 
-0.0138502 
-0.0133916 
-0.0127684 
-0.0119771 
-0.0110185 
-0.00989812 
-0.00862579 
-0.00721525 
-0.00568378 
-0.00405174 
-0.00234167 
-0.000577924 
0.00121747 
0.00302353 
0.00482079 
0.00659206 
0.00832299 
0.0100015 
0.0116163 
0.0131555 
0.0146033 
0.0159383 
0.0171307 
0.0181415 
0.0189232 
0.0194228 
0.0195873 
0.0193716 
0.0187498 
0.0177362 
0.0164111 
0.0149225 
0.0134187 
0.0119546 
0.0104938 
0.0090013 
0.00748965 
0.00598992 
0.00453601 
0.00318254 
0.00205869 
0.0013249 
0.0013249 
-0.00696212 
-0.00696212 
-0.00999094 
-0.01231 
-0.0137595 
-0.0144891 
-0.0147512 
-0.0147481 
-0.0146437 
-0.0145449 
-0.0145161 
-0.0145852 
-0.0147558 
-0.0150158 
-0.0153438 
-0.0157133 
-0.0160956 
-0.0164604 
-0.0167775 
-0.0170167 
-0.0171492 
-0.017148 
-0.0169891 
-0.0166526 
-0.0161231 
-0.0153907 
-0.0144508 
-0.0133048 
-0.0119593 
-0.0104262 
-0.00872224 
-0.00686871 
-0.00489078 
-0.00281663 
-0.000677059 
0.00149781 
0.00368026 
0.00584508 
0.00797073 
0.0100398 
0.0120382 
0.0139541 
0.0157753 
0.0174866 
0.0190661 
0.0204819 
0.0216899 
0.0226343 
0.0232503 
0.0234716 
0.0232408 
0.0225259 
0.0213466 
0.0198034 
0.0180682 
0.0162965 
0.0145327 
0.0127383 
0.0108917 
0.00901022 
0.00709837 
0.00517671 
0.00333433 
0.00170979 
0.000558759 
0.000558759 
-0.00898113 
-0.00898113 
-0.0120909 
-0.0143097 
-0.0155878 
-0.0161695 
-0.0163226 
-0.0162603 
-0.0161447 
-0.0160783 
-0.0161171 
-0.0162796 
-0.0165605 
-0.0169399 
-0.0173909 
-0.0178825 
-0.0183823 
-0.0188566 
-0.0192713 
-0.0195922 
-0.019786 
-0.0198213 
-0.0196699 
-0.019308 
-0.0187175 
-0.0178866 
-0.0168099 
-0.0154887 
-0.0139308 
-0.0121499 
-0.0101655 
-0.00800248 
-0.00569085 
-0.00326439 
-0.000760011 
0.00178688 
0.00434038 
0.00686755 
0.00934064 
0.0117377 
0.0140421 
0.0162409 
0.0183225 
0.0202727 
0.0220705 
0.0236837 
0.0250649 
0.0261515 
0.0268684 
0.0271367 
0.0268876 
0.0260843 
0.024755 
0.0230223 
0.0210773 
0.0190709 
0.0170305 
0.0149222 
0.0127386 
0.0104708 
0.00808822 
0.00562565 
0.00316037 
0.000822192 
-0.000983687 
-0.000983687 
-0.010688 
-0.010688 
-0.0139027 
-0.0160059 
-0.0171082 
-0.0175504 
-0.0176092 
-0.0175063 
-0.017398 
-0.0173801 
-0.0174981 
-0.01776 
-0.018152 
-0.0186481 
-0.0192171 
-0.0198255 
-0.0204383 
-0.0210191 
-0.0215305 
-0.0219346 
-0.0221934 
-0.0222711 
-0.0221349 
-0.0217571 
-0.0211166 
-0.0201993 
-0.0189992 
-0.0175173 
-0.015762 
-0.0137485 
-0.0114984 
-0.00904012 
-0.00640772 
-0.00364028 
-0.000780771 
0.00212615 
0.00503534 
0.00790675 
0.0107076 
0.0134124 
0.0160023 
0.0184637 
0.0207848 
0.0229525 
0.0249467 
0.0267348 
0.0282674 
0.029476 
0.0302762 
0.0305777 
0.0303022 
0.0294113 
0.0279466 
0.0260552 
0.0239397 
0.0217334 
0.0194472 
0.0170592 
0.0145514 
0.0118646 
0.00896634 
0.00585077 
0.00253192 
-0.000785608 
-0.00336236 
-0.00336236 
-0.0122224 
-0.0122224 
-0.0154834 
-0.0174383 
-0.0183659 
-0.0186847 
-0.0186674 
-0.0185412 
-0.0184528 
-0.0184902 
-0.0186876 
-0.0190437 
-0.0195376 
-0.0201391 
-0.0208147 
-0.0215292 
-0.0222461 
-0.022927 
-0.0235315 
-0.0240179 
-0.0243441 
-0.0244692 
-0.024356 
-0.0239725 
-0.0232943 
-0.0223054 
-0.0209984 
-0.0193742 
-0.0174414 
-0.0152162 
-0.0127218 
-0.00998926 
-0.0070569 
-0.0039688 
-0.000773546 
0.00247697 
0.00572664 
0.00892674 
0.0120386 
0.0150333 
0.0178904 
0.0205959 
0.0231386 
0.0255061 
0.0276789 
0.0296243 
0.0312901 
0.0326022 
0.0334679 
0.0337872 
0.033475 
0.0324971 
0.0309151 
0.0289007 
0.026657 
0.0242892 
0.0217991 
0.0191665 
0.016331 
0.0132062 
0.00968604 
0.0056896 
0.00126458 
-0.00311358 
-0.00636325 
-0.00636325 
-0.0134662 
-0.0134662 
-0.0167553 
-0.0185687 
-0.0193526 
-0.01958 
-0.0195129 
-0.0193818 
-0.019322 
-0.0194152 
-0.0196849 
-0.0201233 
-0.0207043 
-0.0213956 
-0.0221625 
-0.0229694 
-0.0237788 
-0.0245506 
-0.0252419 
-0.0258076 
-0.0262013 
-0.0263774 
-0.0262938 
-0.0259146 
-0.0252116 
-0.0241665 
-0.0227706 
-0.0210244 
-0.0189364 
-0.0165227 
-0.0138076 
-0.0108244 
-0.00761491 
-0.00422765 
-0.000716341 
0.00285548 
0.00641979 
0.00992098 
0.0133167 
0.016576 
0.0196778 
0.0226077 
0.025355 
0.0279073 
0.0302449 
0.0323334 
0.0341174 
0.0355169 
0.0364312 
0.0367525 
0.0363938 
0.0353325 
0.0336575 
0.0315618 
0.0292332 
0.0267463 
0.0240956 
0.0212384 
0.0180669 
0.0143972 
0.0100313 
0.00491147 
-0.000690284 
-0.00594583 
-0.00972857 
-0.00972857 
-0.0144643 
-0.0144643 
-0.0177451 
-0.0194279 
-0.0201018 
-0.0202681 
-0.0201745 
-0.0200517 
-0.0200237 
-0.020167 
-0.0204969 
-0.0210014 
-0.0216516 
-0.0224145 
-0.0232552 
-0.0241382 
-0.0250255 
-0.0258759 
-0.0266447 
-0.0272836 
-0.0277422 
-0.0279707 
-0.0279224 
-0.0275566 
-0.0268419 
-0.025757 
-0.0242918 
-0.022446 
-0.0202277 
-0.0176524 
-0.0147447 
-0.0115394 
-0.00808246 
-0.00442625 
-0.000628578 
0.00323581 
0.0070852 
0.0108576 
0.0145083 
0.0180061 
0.0213302 
0.0244663 
0.0274032 
0.030128 
0.0326192 
0.0348397 
0.0367291 
0.0382011 
0.0391473 
0.0394555 
0.0390434 
0.0379095 
0.036175 
0.0340434 
0.0316745 
0.02911 
0.0263346 
0.0232567 
0.0196547 
0.0152336 
0.00979927 
0.00347889 
-0.0031344 
-0.00905548 
-0.0132827 
-0.0132827 
-0.0151924 
-0.0151924 
-0.0184422 
-0.0200205 
-0.0206243 
-0.0207602 
-0.020663 
-0.0205596 
-0.020564 
-0.0207493 
-0.0211251 
-0.0216784 
-0.022379 
-0.0231944 
-0.02409 
-0.025031 
-0.0259793 
-0.0268935 
-0.0277272 
-0.0284298 
-0.028948 
-0.0292278 
-0.0292182 
-0.0288742 
-0.0281601 
-0.0270518 
-0.0255371 
-0.0236146 
-0.0212916 
-0.0185829 
-0.0155121 
-0.0121146 
-0.00844125 
-0.00454799 
-0.000498526 
0.00361678 
0.00770708 
0.01171 
0.0155815 
0.0192905 
0.0228154 
0.0261411 
0.029255 
0.0321418 
0.0347771 
0.0371192 
0.0391017 
0.040631 
0.0415928 
0.0418749 
0.0414086 
0.0402226 
0.0384712 
0.0363533 
0.0339824 
0.0313828 
0.0285026 
0.0251341 
0.0209235 
0.0155379 
0.00893487 
0.00152423 
-0.00586859 
-0.0123002 
-0.0169066 
-0.0169066 
-0.0156713 
-0.0156713 
-0.01887 
-0.0203724 
-0.0209427 
-0.0210738 
-0.0209918 
-0.0209152 
-0.0209506 
-0.0211686 
-0.0215763 
-0.0221615 
-0.0228939 
-0.0237425 
-0.0246736 
-0.025653 
-0.0266436 
-0.0276038 
-0.0284868 
-0.0292408 
-0.02981 
-0.0301373 
-0.0301677 
-0.0298519 
-0.02915 
-0.0280344 
-0.0264902 
-0.0245142 
-0.0221133 
-0.0193015 
-0.0161006 
-0.0125446 
-0.00868922 
-0.00459711 
-0.000343311 
0.00396943 
0.00825178 
0.0124451 
0.0165059 
0.0204015 
0.0241083 
0.0276088 
0.0308878 
0.0339267 
0.0366962 
0.0391486 
0.0412101 
0.0427803 
0.0437406 
0.0439867 
0.0434745 
0.042272 
0.0405552 
0.0384909 
0.036163 
0.0335619 
0.0305398 
0.0267398 
0.0217229 
0.0152463 
0.00752396 
-0.000773812 
-0.00873956 
-0.0155791 
-0.0205099 
-0.0205099 
-0.0159084 
-0.0159084 
-0.0190397 
-0.0204979 
-0.0210679 
-0.0212174 
-0.0211679 
-0.0211248 
-0.0211902 
-0.0214324 
-0.0218592 
-0.0224603 
-0.0232072 
-0.0240704 
-0.0250174 
-0.0260157 
-0.0270288 
-0.0280161 
-0.028931 
-0.0297214 
-0.0303304 
-0.0306985 
-0.0307673 
-0.0304836 
-0.0298032 
-0.0286944 
-0.0271392 
-0.0251321 
-0.0226792 
-0.0197949 
-0.0165002 
-0.0128253 
-0.00882715 
-0.00458004 
-0.000178964 
0.0042729 
0.00870085 
0.0130484 
0.0172694 
0.0213281 
0.0251977 
0.0288574 
0.032288 
0.0354661 
0.0383563 
0.0409033 
0.0430255 
0.0446172 
0.045562 
0.0457725 
0.045239 
0.0440594 
0.0424257 
0.0404658 
0.0382205 
0.0356139 
0.0323541 
0.0279532 
0.0219851 
0.0144083 
0.00571341 
-0.00326298 
-0.0116551 
-0.0188211 
-0.0240271 
-0.0240271 
-0.0159065 
-0.0159065 
-0.0189815 
-0.0204236 
-0.0210173 
-0.0212032 
-0.0211982 
-0.0211936 
-0.0212887 
-0.0215492 
-0.0219855 
-0.0225897 
-0.023336 
-0.0241967 
-0.0251411 
-0.0261379 
-0.0271526 
-0.028146 
-0.0290731 
-0.0298824 
-0.0305171 
-0.0309167 
-0.0310205 
-0.030772 
-0.0301229 
-0.0290372 
-0.0274917 
-0.0254764 
-0.0229982 
-0.0200725 
-0.0167224 
-0.0129781 
-0.00889097 
-0.00453863 
-3.50189e-05 
0.00451622 
0.00905294 
0.0135206 
0.0178719 
0.022068 
0.0260787 
0.0298788 
0.0334442 
0.0367452 
0.0397388 
0.0423613 
0.0445245 
0.0461201 
0.0470333 
0.0472093 
0.0466872 
0.0455957 
0.0440987 
0.0422832 
0.0401403 
0.0374802 
0.0338543 
0.0287089 
0.0217343 
0.0131435 
0.00365252 
-0.00583786 
-0.0145524 
-0.0219698 
-0.0274066 
-0.0274066 
-0.0156787 
-0.0156787 
-0.018716 
-0.0201654 
-0.0208007 
-0.0210385 
-0.0210885 
-0.0211279 
-0.0212534 
-0.0215285 
-0.0219672 
-0.0225642 
-0.0232971 
-0.0241403 
-0.0250654 
-0.0260427 
-0.0270397 
-0.0280195 
-0.028939 
-0.0297487 
-0.0303927 
-0.0308108 
-0.0309409 
-0.0307239 
-0.0301078 
-0.029052 
-0.0275302 
-0.025531 
-0.0230571 
-0.0201238 
-0.0167567 
-0.0129918 
-0.00888023 
-0.00449167 
6.72072e-05 
0.00468935 
0.00930754 
0.0138685 
0.0183235 
0.0226318 
0.0267599 
0.0306779 
0.0343553 
0.0377548 
0.0408246 
0.0434921 
0.0456643 
0.0472372 
0.0481201 
0.0482984 
0.0478461 
0.0468958 
0.0455772 
0.0439372 
0.0418884 
0.0390945 
0.0349803 
0.0290102 
0.0210616 
0.0115927 
0.00146165 
-0.00842882 
-0.0173835 
-0.0249802 
-0.0306063 
-0.0306063 
-0.015241 
-0.015241 
-0.0182603 
-0.0197364 
-0.0204283 
-0.0207312 
-0.0208456 
-0.0209355 
-0.0210942 
-0.0213832 
-0.0218202 
-0.022403 
-0.0231127 
-0.0239262 
-0.0248172 
-0.0257581 
-0.0267189 
-0.0276653 
-0.0285573 
-0.0293484 
-0.0299851 
-0.0304087 
-0.0305573 
-0.0303704 
-0.0297928 
-0.0287798 
-0.0273003 
-0.0253387 
-0.0228955 
-0.0199853 
-0.016635 
-0.0128842 
-0.00878641 
-0.00441112 
0.000149554 
0.00479904 
0.00946271 
0.0140849 
0.0186141 
0.0230072 
0.0272259 
0.0312347 
0.034996 
0.0384639 
0.0415781 
0.0442604 
0.0464192 
0.0479642 
0.0488365 
0.0490596 
0.048728 
0.0479626 
0.0468573 
0.0454084 
0.0434183 
0.0404038 
0.0357187 
0.0289175 
0.020087 
0.00988234 
-0.000769461 
-0.0109835 
-0.020106 
-0.027812 
-0.033587 
-0.033587 
-0.0146101 
-0.0146101 
-0.0176298 
-0.0191485 
-0.0199093 
-0.0202883 
-0.0204759 
-0.0206235 
-0.0208201 
-0.0211254 
-0.0215601 
-0.0221251 
-0.0228054 
-0.0235803 
-0.0244259 
-0.0253168 
-0.0262253 
-0.0271203 
-0.0279655 
-0.0287181 
-0.0293286 
-0.0297411 
-0.0298956 
-0.0297315 
-0.0291918 
-0.0282285 
-0.026806 
-0.0249046 
-0.0225212 
-0.0196682 
-0.0163725 
-0.0126744 
-0.00862694 
-0.00429743 
0.000229979 
0.00486672 
0.00953897 
0.0141876 
0.0187582 
0.0232035 
0.0274802 
0.0315463 
0.0353564 
0.0388564 
0.0419801 
0.0446483 
0.0467781 
0.0483014 
0.0491943 
0.0495075 
0.0493399 
0.0487936 
0.0479261 
0.046664 
0.0446839 
0.0413814 
0.0361005 
0.0285258 
0.0189345 
0.00811462 
-0.00297387 
-0.013455 
-0.0226768 
-0.0304243 
-0.0363089 
-0.0363089 
-0.0138031 
-0.0138031 
-0.0168393 
-0.0184134 
-0.0192526 
-0.0197167 
-0.0199857 
-0.0201989 
-0.0204401 
-0.0207668 
-0.021202 
-0.0217497 
-0.0223982 
-0.0231298 
-0.0239225 
-0.0247532 
-0.0255968 
-0.0264254 
-0.0272065 
-0.0279021 
-0.0284674 
-0.0288511 
-0.0289966 
-0.0288452 
-0.0283397 
-0.0274295 
-0.0260752 
-0.0242522 
-0.0219527 
-0.0191861 
-0.0159772 
-0.0123653 
-0.00840222 
-0.00415236 
0.000307522 
0.00489556 
0.00953937 
0.0141776 
0.0187529 
0.0232138 
0.027511 
0.031596 
0.0354161 
0.0389113 
0.042013 
0.0446471 
0.0467456 
0.0482662 
0.0492146 
0.0496561 
0.0496843 
0.0493804 
0.04876 
0.0476643 
0.0456483 
0.0420286 
0.0361856 
0.0279395 
0.0177097 
0.00636002 
-0.00510629 
-0.0157952 
-0.0250461 
-0.0327713 
-0.0387271 
-0.0387271 
-0.012837 
-0.012837 
-0.0159038 
-0.0175433 
-0.018468 
-0.019024 
-0.0193813 
-0.0196677 
-0.0199616 
-0.0203172 
-0.020759 
-0.0212934 
-0.0219123 
-0.0226 
-0.023337 
-0.0241022 
-0.0248727 
-0.0256238 
-0.0263271 
-0.0269494 
-0.0274516 
-0.0277879 
-0.0279071 
-0.027754 
-0.0272731 
-0.0264133 
-0.025132 
-0.0234002 
-0.0212046 
-0.0185498 
-0.0154568 
-0.0119619 
-0.00811436 
-0.00397505 
0.000384822 
0.00488929 
0.00946825 
0.0140583 
0.0185995 
0.0230359 
0.0273131 
0.0313764 
0.0351678 
0.0386247 
0.0416803 
0.0442704 
0.0463452 
0.0478863 
0.0489199 
0.0495159 
0.0497585 
0.0497071 
0.0493269 
0.0483686 
0.0462878 
0.042365 
0.0360425 
0.0272538 
0.0165005 
0.00467514 
-0.00712084 
-0.017944 
-0.027154 
-0.0347995 
-0.0407901 
-0.0407901 
-0.0117294 
-0.0117294 
-0.0148391 
-0.0165517 
-0.0175664 
-0.0182185 
-0.0186691 
-0.0190357 
-0.0193905 
-0.0197841 
-0.0202413 
-0.0207703 
-0.0213654 
-0.0220135 
-0.0226969 
-0.0233961 
-0.0240906 
-0.0247582 
-0.0253746 
-0.0259114 
-0.0263354 
-0.0266073 
-0.0266822 
-0.0265104 
-0.0260404 
-0.0252222 
-0.0240119 
-0.0223768 
-0.0202983 
-0.0177749 
-0.0148221 
-0.0114716 
-0.0077685 
-0.00376961 
0.000459074 
0.00484678 
0.00932534 
0.0138296 
0.0182976 
0.0226694 
0.0268863 
0.0308894 
0.0346179 
0.0380095 
0.0410036 
0.0435481 
0.0456109 
0.0471922 
0.04833 
0.0490936 
0.0495563 
0.0497521 
0.0495909 
0.0487403 
0.0465882 
0.0424142 
0.0357282 
0.0265387 
0.0153661 
0.00309436 
-0.00897268 
-0.0198272 
-0.0289294 
-0.0364479 
-0.0424399 
-0.0424399 
-0.0104992 
-0.0104992 
-0.0136627 
-0.015454 
-0.0165607 
-0.0173103 
-0.0178566 
-0.0183085 
-0.0187318 
-0.019173 
-0.019656 
-0.02019 
-0.0207711 
-0.021388 
-0.0220245 
-0.0226627 
-0.0232836 
-0.0238677 
-0.0243938 
-0.0248382 
-0.0251734 
-0.0253671 
-0.0253812 
-0.025173 
-0.0246966 
-0.0239056 
-0.0227571 
-0.0212161 
-0.0192596 
-0.0168799 
-0.0140858 
-0.0109024 
-0.00736935 
-0.00353839 
0.00052948 
0.00476844 
0.00911226 
0.0134945 
0.0178515 
0.0221206 
0.0262402 
0.0301493 
0.033787 
0.0370942 
0.0400182 
0.0425194 
0.0445803 
0.0462135 
0.0474632 
0.0483951 
0.0490698 
0.0494922 
0.0495175 
0.0487487 
0.0465384 
0.042188 
0.0352704 
0.0258325 
0.0143599 
0.00166229 
-0.010601 
-0.0213547 
-0.0302913 
-0.0376498 
-0.0436149 
-0.0436149 
-0.00916669 
-0.00916669 
-0.0123939 
-0.0142677 
-0.0154663 
-0.0163118 
-0.0169533 
-0.0174926 
-0.01799 
-0.0184875 
-0.0190072 
-0.0195582 
-0.0201376 
-0.0207352 
-0.0213359 
-0.0219229 
-0.0224784 
-0.0229846 
-0.0234233 
-0.0237748 
-0.0240169 
-0.0241236 
-0.0240643 
-0.0238039 
-0.0233034 
-0.0225219 
-0.0214198 
-0.0199625 
-0.0181242 
-0.0158918 
-0.013267 
-0.0102676 
-0.00692605 
-0.00328743 
0.000593027 
0.00465443 
0.00883223 
0.0130594 
0.0172714 
0.0214042 
0.0253951 
0.0291829 
0.0327086 
0.0359184 
0.0387676 
0.0412275 
0.0432914 
0.0449797 
0.0463384 
0.0474276 
0.0482928 
0.0489076 
0.0490805 
0.0483721 
0.0461272 
0.0416821 
0.0346631 
0.0251254 
0.0134897 
0.000444299 
-0.0119093 
-0.022423 
-0.0311553 
-0.0383406 
-0.0442575 
-0.0442575 
-0.00775371 
-0.00775371 
-0.0110541 
-0.0130133 
-0.0143019 
-0.0152392 
-0.0159719 
-0.0165973 
-0.017171 
-0.0177309 
-0.0182968 
-0.0188767 
-0.0194679 
-0.0200604 
-0.0206399 
-0.0211897 
-0.0216929 
-0.0221327 
-0.0224931 
-0.0227577 
-0.0229089 
-0.0229267 
-0.0227874 
-0.0224635 
-0.0219235 
-0.0211336 
-0.0200594 
-0.0186689 
-0.0169361 
-0.0148446 
-0.01239 
-0.0095825 
-0.00644646 
-0.00301931 
0.000650862 
0.00450907 
0.00849318 
0.0125365 
0.0165744 
0.0205429 
0.0243798 
0.0280254 
0.031424 
0.0345272 
0.0372982 
0.0397164 
0.0417827 
0.0435214 
0.0449774 
0.0462029 
0.0472257 
0.0479893 
0.0482676 
0.047601 
0.0453456 
0.0408719 
0.0338487 
0.0243535 
0.0127037 
-0.000480644 
-0.0127161 
-0.0229376 
-0.0314462 
-0.0384662 
-0.0443204 
-0.0443204 
-0.0062834 
-0.0062834 
-0.0096661 
-0.0117133 
-0.0130891 
-0.0141121 
-0.0149292 
-0.0156356 
-0.0162837 
-0.0169083 
-0.0175266 
-0.0181453 
-0.0187607 
-0.019363 
-0.0199373 
-0.0204669 
-0.0209347 
-0.0213246 
-0.0216216 
-0.0218118 
-0.0218813 
-0.0218154 
-0.0215965 
-0.0212044 
-0.0206152 
-0.0198024 
-0.018738 
-0.017395 
-0.0157495 
-0.0137842 
-0.0114909 
-0.00887344 
-0.00594797 
-0.0027433 
0.000701017 
0.00433688 
0.00810552 
0.0119419 
0.0157827 
0.0195654 
0.0232292 
0.0267172 
0.0299778 
0.032968 
0.035657 
0.0380305 
0.0400937 
0.0418723 
0.0434071 
0.0447398 
0.0458794 
0.0467442 
0.047087 
0.0464462 
0.0441973 
0.039754 
0.0328101 
0.0234244 
0.0118558 
-0.000960746 
-0.0127939 
-0.0227958 
-0.0311085 
-0.0379895 
-0.0437766 
-0.0437766 
-0.00477953 
-0.00477953 
-0.0082536 
-0.0103916 
-0.011852 
-0.0129537 
-0.0138465 
-0.0146254 
-0.015342 
-0.0160288 
-0.0167013 
-0.0173643 
-0.0180134 
-0.018638 
-0.0192226 
-0.0197497 
-0.0202017 
-0.0205616 
-0.020815 
-0.020949 
-0.0209526 
-0.0208149 
-0.0205243 
-0.0200666 
-0.0194253 
-0.018581 
-0.0175127 
-0.0161989 
-0.01462 
-0.0127602 
-0.0106102 
-0.00816957 
-0.00544811 
-0.00246661 
0.000744349 
0.00414516 
0.00768268 
0.0112952 
0.0149222 
0.0185032 
0.0219806 
0.0253006 
0.0284157 
0.0312876 
0.0338906 
0.0362143 
0.0382659 
0.0400695 
0.0416598 
0.043066 
0.0442792 
0.0451995 
0.0455724 
0.0449473 
0.0427347 
0.0383401 
0.0314825 
0.0222889 
0.0110916 
-0.00107105 
-0.012355 
-0.0220598 
-0.0301682 
-0.036918 
-0.042643 
-0.042643 
-0.00326472 
-0.00326472 
-0.00683908 
-0.0090714 
-0.0106148 
-0.0117892 
-0.0127485 
-0.0135898 
-0.0143655 
-0.0151077 
-0.0158306 
-0.0165382 
-0.0172252 
-0.0178802 
-0.0184871 
-0.0190275 
-0.0194825 
-0.0198341 
-0.0200667 
-0.0201675 
-0.0201266 
-0.0199358 
-0.0195878 
-0.0190744 
-0.0183855 
-0.0175086 
-0.0164293 
-0.0151322 
-0.0136025 
-0.011828 
-0.00980031 
-0.00751723 
-0.00498421 
-0.00221537 
0.000767172 
0.00393197 
0.00723273 
0.0106132 
0.0140169 
0.0173874 
0.0206706 
0.0238164 
0.0267816 
0.0295318 
0.0320447 
0.0343123 
0.0363416 
0.038153 
0.039773 
0.041218 
0.0424644 
0.0434024 
0.0437811 
0.0431729 
0.0409669 
0.0366424 
0.0299831 
0.0211326 
0.0105187 
-0.000830973 
-0.0114828 
-0.0208069 
-0.0286838 
-0.0352995 
-0.0409627 
-0.0409627 
-0.00175967 
-0.00175967 
-0.00544195 
-0.00777289 
-0.00939981 
-0.010643 
-0.0116612 
-0.0125548 
-0.0133791 
-0.0141665 
-0.0149319 
-0.0156788 
-0.0164016 
-0.0170889 
-0.0177241 
-0.0182883 
-0.0187616 
-0.0191244 
-0.0193594 
-0.0194525 
-0.0193928 
-0.0191731 
-0.0187887 
-0.0182358 
-0.0175102 
-0.0166058 
-0.0155147 
-0.0142274 
-0.012734 
-0.0110261 
-0.0090981 
-0.00694831 
-0.00458072 
-0.00200568 
0.000760939 
0.00369601 
0.00676213 
0.00990989 
0.0130883 
0.0162458 
0.0193324 
0.0223024 
0.0251162 
0.0277428 
0.0301622 
0.032367 
0.0343624 
0.0361633 
0.0377874 
0.0392394 
0.0404851 
0.0414125 
0.0417818 
0.0411457 
0.0389634 
0.034776 
0.0284087 
0.0200352 
0.0101389 
-0.000344791 
-0.0102933 
-0.0191573 
-0.0267569 
-0.033219 
-0.0388131 
-0.0388131 
-0.000279214 
-0.000279214 
-0.00407558 
-0.00650976 
-0.0082228 
-0.00953409 
-0.0106073 
-0.0115461 
-0.0124095 
-0.0132319 
-0.0140294 
-0.0148063 
-0.0155577 
-0.0162725 
-0.0169349 
-0.0175262 
-0.0180259 
-0.0184138 
-0.0186707 
-0.0187801 
-0.0187289 
-0.0185086 
-0.0181142 
-0.0175445 
-0.0167995 
-0.0158792 
-0.0147822 
-0.013505 
-0.0120431 
-0.0103918 
-0.00854841 
-0.00651261 
-0.004288 
-0.00188264 
0.000691481 
0.00341644 
0.0062624 
0.00918776 
0.0121482 
0.0150979 
0.0179921 
0.0207894 
0.0234537 
0.025957 
0.0282806 
0.0304164 
0.0323663 
0.0341395 
0.0357446 
0.0371768 
0.0383961 
0.0392923 
0.0396128 
0.0389482 
0.036817 
0.0328248 
0.0268396 
0.0190528 
0.00994904 
0.000351393 
-0.00886201 
-0.0172125 
-0.0244916 
-0.0307743 
-0.0362864 
-0.0362864 
0.00116483 
0.00116483 
-0.00274438 
-0.00528636 
-0.00708985 
-0.00847222 
-0.00960102 
-0.0105827 
-0.0114801 
-0.01233 
-0.0131507 
-0.0139479 
-0.0147181 
-0.0154517 
-0.0161342 
-0.0167481 
-0.0172741 
-0.017692 
-0.0179818 
-0.0181253 
-0.0181065 
-0.0179135 
-0.0175389 
-0.0169802 
-0.016239 
-0.0153196 
-0.0142263 
-0.0129622 
-0.0115284 
-0.00992466 
-0.00815101 
-0.0062095 
-0.00410511 
-0.00184626 
0.000556255 
0.00308908 
0.00573161 
0.00844931 
0.0112045 
0.0139574 
0.0166684 
0.0193003 
0.0218206 
0.0242032 
0.0264301 
0.0284919 
0.0303866 
0.0321171 
0.0336845 
0.0350767 
0.0362502 
0.0370874 
0.037344 
0.0366595 
0.0346116 
0.03087 
0.0253368 
0.0182044 
0.00992202 
0.00119881 
-0.00726649 
-0.0150688 
-0.0219906 
-0.028067 
-0.0334806 
-0.0334806 
0.00257451 
0.00257451 
-0.00144506 
-0.004097 
-0.00599545 
-0.0074543 
-0.00864375 
-0.00967169 
-0.010604 
-0.0114798 
-0.0123196 
-0.0131311 
-0.0139126 
-0.0146562 
-0.0153496 
-0.0159776 
-0.0165227 
-0.0169665 
-0.01729 
-0.0174744 
-0.0175022 
-0.0173582 
-0.0170308 
-0.0165136 
-0.0158056 
-0.0149113 
-0.013839 
-0.0125982 
-0.011197 
-0.00964101 
-0.00793387 
-0.00607903 
-0.00408141 
-0.00194846 
0.000309761 
0.00268063 
0.00514699 
0.00768132 
0.0102525 
0.0128267 
0.0153696 
0.0178483 
0.0202335 
0.0225009 
0.0246327 
0.0266176 
0.0284499 
0.0301269 
0.0316431 
0.0329812 
0.0340916 
0.0348501 
0.0350442 
0.034356 
0.0324248 
0.0289774 
0.0239405 
0.0174941 
0.0100344 
0.00215839 
-0.00556953 
-0.0128068 
-0.0193459 
-0.0251917 
-0.0304902 
-0.0304902 
0.00396193 
0.00396193 
-0.000167808 
-0.00292584 
-0.00492266 
-0.0064642 
-0.00772241 
-0.00880487 
-0.00977929 
-0.0106864 
-0.0115488 
-0.0123755 
-0.0131671 
-0.0139174 
-0.0146162 
-0.0152506 
-0.015806 
-0.0162664 
-0.0166154 
-0.016836 
-0.0169112 
-0.0168247 
-0.0165616 
-0.0161104 
-0.0154646 
-0.0146239 
-0.013595 
-0.0123901 
-0.0110236 
-0.00950876 
-0.00785567 
-0.00607146 
-0.00416297 
-0.00213887 
-9.82321e-06 
0.00221195 
0.00451867 
0.00688806 
0.00929423 
0.0117084 
0.0141002 
0.0164403 
0.0187018 
0.020862 
0.0229027 
0.0248109 
0.0265774 
0.0281946 
0.0296517 
0.030926 
0.0319566 
0.0326368 
0.0327774 
0.032106 
0.03032 
0.0271954 
0.022675 
0.0169168 
0.0102578 
0.00319058 
-0.00382316 
-0.0104946 
-0.0166359 
-0.0222322 
-0.0273998 
-0.0273998 
0.0053493 
0.0053493 
0.00110777 
-0.00175137 
-0.00384662 
-0.00547674 
-0.00681287 
-0.00796113 
-0.00898958 
-0.00993959 
-0.010835 
-0.0116863 
-0.0124952 
-0.0132572 
-0.0139637 
-0.0146038 
-0.0151653 
-0.015635 
-0.0159994 
-0.0162448 
-0.0163571 
-0.0163215 
-0.0161235 
-0.0157489 
-0.0151859 
-0.0144272 
-0.0134726 
-0.0123301 
-0.011016 
-0.00955071 
-0.00795396 
-0.00624003 
-0.00441736 
-0.00249186 
-0.000470838 
0.00163497 
0.0038133 
0.00604714 
0.00831565 
0.0105943 
0.0128563 
0.0150759 
0.0172282 
0.0192919 
0.0212485 
0.0230836 
0.0247848 
0.0263406 
0.0277352 
0.0289357 
0.0298879 
0.0304972 
0.0305993 
0.0299653 
0.0283459 
0.0255576 
0.0215536 
0.0164641 
0.0105675 
0.00426298 
-0.00206899 
-0.00818569 
-0.0139243 
-0.0192578 
-0.0242812 
-0.0242812 
0.00676109 
0.00676109 
0.0024097 
-0.000550006 
-0.00273993 
-0.00446373 
-0.00588671 
-0.00711318 
-0.00820988 
-0.00921806 
-0.0101621 
-0.0110532 
-0.0118939 
-0.0126807 
-0.0134061 
-0.0140603 
-0.0146326 
-0.0151121 
-0.0154877 
-0.0157489 
-0.015885 
-0.0158853 
-0.0157382 
-0.0154313 
-0.0149518 
-0.0142877 
-0.0134301 
-0.0123767 
-0.0111353 
-0.00972435 
-0.00817023 
-0.00650036 
-0.00473544 
-0.00288753 
-0.000964547 
0.00102379 
0.00307564 
0.00518212 
0.0073265 
0.00948744 
0.0116387 
0.0137552 
0.0158136 
0.0177931 
0.0196751 
0.0214436 
0.0230837 
0.0245802 
0.0259093 
0.0270386 
0.0279217 
0.0284733 
0.0285543 
0.0279764 
0.0265369 
0.0240858 
0.0205819 
0.0161266 
0.0109433 
0.0053489 
-0.000339783 
-0.00592095 
-0.0112598 
-0.0163231 
-0.0211919 
-0.0211919 
0.00821991 
0.00821991 
0.00376734 
0.000708908 
-0.00157858 
-0.00340051 
-0.00491897 
-0.0062359 
-0.00741569 
-0.00849861 
-0.00950894 
-0.010458 
-0.0113489 
-0.0121784 
-0.0129395 
-0.0136231 
-0.0142193 
-0.0147181 
-0.0151103 
-0.0153873 
-0.0155413 
-0.0155651 
-0.0154514 
-0.0151926 
-0.0147793 
-0.0142011 
-0.0134466 
-0.012506 
-0.0113747 
-0.0100586 
-0.00857726 
-0.00696344 
-0.00525373 
-0.00347451 
-0.00163306 
0.000271551 
0.00223682 
0.00425166 
0.00630572 
0.0083774 
0.0104409 
0.0124746 
0.0144561 
0.0163658 
0.0181847 
0.0198959 
0.0214819 
0.0229216 
0.0241901 
0.0252603 
0.0260877 
0.0265979 
0.0266758 
0.0261693 
0.0249156 
0.0227923 
0.0197608 
0.0158955 
0.0113702 
0.00643159 
0.00134054 
-0.00373069 
-0.0086782 
-0.0134688 
-0.018175 
-0.018175 
0.00974796 
0.00974796 
0.00520523 
0.0020484 
-0.000343464 
-0.00226757 
-0.00389128 
-0.00531087 
-0.00658873 
-0.00776326 
-0.00885799 
-0.00988396 
-0.0108442 
-0.0117354 
-0.0125508 
-0.0132815 
-0.0139181 
-0.014451 
-0.0148719 
-0.0151734 
-0.0153494 
-0.0153949 
-0.0153058 
-0.0150783 
-0.0147081 
-0.0141896 
-0.0135154 
-0.0126763 
-0.0116618 
-0.0104639 
-0.00908231 
-0.00753141 
-0.00584564 
-0.00407569 
-0.0022682 
-0.000443929 
0.00141095 
0.00331524 
0.00527348 
0.00726803 
0.00926439 
0.0112336 
0.0131555 
0.0150102 
0.0167791 
0.0184437 
0.019982 
0.0213731 
0.0225953 
0.0236208 
0.0244084 
0.0248948 
0.0249866 
0.0245631 
0.0234949 
0.0216821 
0.0190881 
0.0157631 
0.0118378 
0.0075004 
0.0029593 
-0.00163544 
-0.0062037 
-0.0107224 
-0.0152608 
-0.0152608 
0.0113638 
0.0113638 
0.00673999 
0.00348793 
0.000987475 
-0.00105197 
-0.00279109 
-0.00432607 
-0.0057174 
-0.00700082 
-0.00819847 
-0.00932043 
-0.0103691 
-0.0113408 
-0.0122286 
-0.0130236 
-0.0137165 
-0.0142984 
-0.0147614 
-0.0150991 
-0.0153066 
-0.0153803 
-0.0153179 
-0.0151178 
-0.0147789 
-0.0142998 
-0.0136787 
-0.0129122 
-0.0119953 
-0.0109218 
-0.00968523 
-0.0082823 
-0.00671875 
-0.00501824 
-0.00322814 
-0.00140799 
0.000414797 
0.00227146 
0.00420099 
0.0061635 
0.00811215 
0.0100342 
0.0119119 
0.0137267 
0.0154585 
0.0170859 
0.0185888 
0.0199473 
0.0211383 
0.0221347 
0.0228993 
0.0233793 
0.0235002 
0.0231674 
0.0222796 
0.0207554 
0.0185596 
0.0157227 
0.0123386 
0.00854768 
0.00451116 
0.000359236 
-0.00384814 
-0.00809937 
-0.0124673 
-0.0124673 
0.0130839 
0.0130839 
0.00838682 
0.00504068 
0.00242531 
0.000260025 
-0.00160713 
-0.00327247 
-0.0047933 
-0.00620412 
-0.00752429 
-0.00876237 
-0.00991936 
-0.0109907 
-0.0119687 
-0.0128443 
-0.0136081 
-0.0142516 
-0.014768 
-0.0151518 
-0.0153994 
-0.0155088 
-0.015479 
-0.01531 
-0.0150024 
-0.0145568 
-0.0139737 
-0.0132529 
-0.0123935 
-0.0113939 
-0.010252 
-0.00896543 
-0.00753234 
-0.00595208 
-0.00423074 
-0.00239539 
-0.000525414 
0.00127761 
0.00310924 
0.00503521 
0.00697254 
0.00887188 
0.0107242 
0.0125137 
0.014221 
0.0158273 
0.0173117 
0.018653 
0.0198283 
0.0208116 
0.0215701 
0.0220601 
0.0222228 
0.0219854 
0.0212693 
0.0200088 
0.0181707 
0.0157696 
0.0128696 
0.00957171 
0.00599637 
0.00224785 
-0.00161671 
-0.0056056 
-0.00980251 
-0.00980251 
0.0149225 
0.0149225 
0.010159 
0.00671813 
0.0039831 
0.00168172 
-0.000330009 
-0.00213979 
-0.00380829 
-0.00536634 
-0.00683057 
-0.00820684 
-0.00949392 
-0.0106855 
-0.0117725 
-0.012745 
-0.0135937 
-0.0143105 
-0.0148894 
-0.0153264 
-0.0156196 
-0.0157688 
-0.0157751 
-0.0156403 
-0.0153668 
-0.0149568 
-0.0144122 
-0.0137343 
-0.0129241 
-0.0119818 
-0.0109081 
-0.00970564 
-0.00838065 
-0.00694552 
-0.00541841 
-0.00381357 
-0.00211662 
-0.00025472 
0.00183857 
0.00393931 
0.00588908 
0.00776002 
0.00959551 
0.0113734 
0.0130742 
0.0146761 
0.0161577 
0.0174974 
0.0186724 
0.0196583 
0.0204263 
0.0209405 
0.0211552 
0.0210151 
0.0204599 
0.0194373 
0.0179164 
0.0159006 
0.0134298 
0.0105737 
0.00741813 
0.00404284 
0.000496699 
-0.00324146 
-0.0072672 
-0.0072672 
0.0168927 
0.0168927 
0.0120687 
0.00853226 
0.00567218 
0.00322547 
0.00105689 
-0.000917806 
-0.00275303 
-0.00447953 
-0.00611138 
-0.00765043 
-0.00909206 
-0.0104269 
-0.0116437 
-0.0127312 
-0.0136793 
-0.0144805 
-0.0151299 
-0.0156254 
-0.0159672 
-0.0161576 
-0.0162002 
-0.0160993 
-0.0158594 
-0.0154849 
-0.0149793 
-0.0143454 
-0.0135853 
-0.0127001 
-0.0116908 
-0.0105587 
-0.00930667 
-0.00793922 
-0.00646424 
-0.00489076 
-0.00322848 
-0.00145407 
0.000515072 
0.00262674 
0.00468144 
0.00662241 
0.00849563 
0.0102971 
0.0120159 
0.0136338 
0.0151307 
0.0164851 
0.0176755 
0.0186789 
0.0194704 
0.0200208 
0.020295 
0.0202515 
0.0198451 
0.0190345 
0.0177923 
0.0161139 
0.014021 
0.0115582 
0.00878306 
0.0057514 
0.00249668 
-0.000999913 
-0.00485499 
-0.00485499 
0.0190059 
0.0190059 
0.0141272 
0.0104951 
0.00750546 
0.00490457 
0.0025642 
0.000407227 
-0.00161502 
-0.00353348 
-0.00535847 
-0.00708792 
-0.00871192 
-0.0102167 
-0.0115872 
-0.0128096 
-0.0138729 
-0.0147699 
-0.0154971 
-0.0160548 
-0.0164463 
-0.0166768 
-0.0167533 
-0.016683 
-0.0164733 
-0.0161307 
-0.0156607 
-0.0150674 
-0.0143537 
-0.013521 
-0.0125697 
-0.0115004 
-0.0103142 
-0.00901373 
-0.00760421 
-0.00608959 
-0.00447416 
-0.00274547 
-0.000905886 
0.00102253 
0.00309031 
0.00519541 
0.00723258 
0.00916437 
0.0109789 
0.0126667 
0.014216 
0.015612 
0.0168378 
0.0178749 
0.018703 
0.0192995 
0.0196381 
0.0196886 
0.0194179 
0.0187944 
0.0177945 
0.016409 
0.0146462 
0.0125312 
0.010099 
0.00738348 
0.00440339 
0.00112839 
-0.00255755 
-0.00255755 
0.0212713 
0.0212713 
0.0163438 
0.0126171 
0.00949506 
0.00673267 
0.00420909 
0.00185249 
-0.000380922 
-0.0025149 
-0.00456078 
-0.00651124 
-0.00834944 
-0.0100549 
-0.0116071 
-0.0129879 
-0.0141844 
-0.0151893 
-0.0160012 
-0.0166236 
-0.0170635 
-0.0173308 
-0.0174363 
-0.0173912 
-0.0172062 
-0.0168907 
-0.0164524 
-0.0158968 
-0.0152275 
-0.0144457 
-0.013551 
-0.0125415 
-0.0114152 
-0.0101702 
-0.00880618 
-0.00732159 
-0.00571758 
-0.00399509 
-0.00213707 
-0.00016831 
0.0018523 
0.00390967 
0.00597507 
0.00799614 
0.00992392 
0.0117232 
0.0133703 
0.0148476 
0.0161404 
0.0172349 
0.0181167 
0.0187703 
0.0191778 
0.0193189 
0.0191708 
0.0187108 
0.0179197 
0.0167861 
0.0153095 
0.0135001 
0.0113748 
0.00894889 
0.00622518 
0.00316202 
-0.000360048 
-0.000360048 
0.0236942 
0.0236942 
0.0187245 
0.0149062 
0.0116517 
0.00872309 
0.00600618 
0.003434 
0.000969203 
-0.00140779 
-0.00370402 
-0.00590885 
-0.00799739 
-0.00993955 
-0.0117064 
-0.0132735 
-0.0146242 
-0.0157508 
-0.0166541 
-0.0173419 
-0.0178268 
-0.0181243 
-0.0182509 
-0.0182228 
-0.0180547 
-0.0177594 
-0.0173472 
-0.0168253 
-0.0161977 
-0.0154653 
-0.0146263 
-0.0136763 
-0.0126102 
-0.0114222 
-0.010108 
-0.00866183 
-0.00708062 
-0.00536284 
-0.00350635 
-0.00154958 
0.000483218 
0.00257586 
0.00469936 
0.00680664 
0.00884852 
0.0107773 
0.0125542 
0.0141507 
0.0155474 
0.0167304 
0.0176896 
0.018416 
0.0188999 
0.0191302 
0.0190939 
0.0187765 
0.0181639 
0.0172453 
0.0160148 
0.014472 
0.0126197 
0.010458 
0.00797444 
0.00511638 
0.00175191 
0.00175191 
0.0262745 
0.0262745 
0.0212703 
0.0173661 
0.0139828 
0.0108875 
0.00797134 
0.00517108 
0.00245396 
-0.000193744 
-0.00277006 
-0.00526499 
-0.00764415 
-0.00986439 
-0.011885 
-0.013672 
-0.0152026 
-0.0164672 
-0.017469 
-0.0182216 
-0.018745 
-0.019063 
-0.0191993 
-0.0191766 
-0.0190149 
-0.0187312 
-0.0183387 
-0.0178464 
-0.0172589 
-0.0165763 
-0.0157947 
-0.0149064 
-0.013902 
-0.0127703 
-0.011501 
-0.0100811 
-0.00849876 
-0.00675235 
-0.00485004 
-0.00282011 
-0.000701168 
0.00146524 
0.00364269 
0.00580111 
0.00790882 
0.00992635 
0.0118117 
0.0135266 
0.0150407 
0.0163331 
0.0173912 
0.0182079 
0.018779 
0.0191013 
0.0191699 
0.0189787 
0.0185196 
0.0177841 
0.0167641 
0.0154527 
0.0138424 
0.0119203 
0.00966171 
0.00700157 
0.00379995 
0.00379995 
0.0290043 
0.0290043 
0.0239746 
0.0199936 
0.0164898 
0.0132327 
0.0101166 
0.00708003 
0.00409434 
0.00115161 
-0.0017387 
-0.00456019 
-0.00727322 
-0.00981796 
-0.0121376 
-0.0141847 
-0.0159265 
-0.0173497 
-0.018459 
-0.0192749 
-0.0198277 
-0.0201521 
-0.0202824 
-0.0202497 
-0.0200808 
-0.0197976 
-0.0194169 
-0.0189498 
-0.0184014 
-0.0177707 
-0.0170513 
-0.0162318 
-0.0152974 
-0.0142314 
-0.013015 
-0.0116249 
-0.0100419 
-0.00826774 
-0.0063106 
-0.004202 
-0.00198274 
0.000297151 
0.00259652 
0.00487422 
0.00709137 
0.00921157 
0.0111991 
0.0130196 
0.0146423 
0.0160429 
0.0172051 
0.0181205 
0.0187863 
0.0192036 
0.0193737 
0.0192974 
0.0189724 
0.0183943 
0.0175552 
0.0164446 
0.0150483 
0.0133438 
0.0112959 
0.00882808 
0.00579098 
0.00579098 
0.0318648 
0.0318648 
0.0268199 
0.0227752 
0.0191648 
0.0157576 
0.0124479 
0.00917365 
0.00590829 
0.00264835 
-0.000587271 
-0.00377188 
-0.00686285 
-0.00978191 
-0.0124509 
-0.0148045 
-0.016796 
-0.0184043 
-0.019634 
-0.0205126 
-0.0210833 
-0.021396 
-0.0214996 
-0.0214369 
-0.0212433 
-0.0209471 
-0.0205689 
-0.0201222 
-0.0196126 
-0.0190377 
-0.0183878 
-0.0176468 
-0.0167936 
-0.0158037 
-0.0146463 
-0.0132829 
-0.0116934 
-0.00987124 
-0.00782683 
-0.00559185 
-0.00321467 
-0.000756158 
0.00171594 
0.00414569 
0.00649318 
0.00872356 
0.0108054 
0.0127113 
0.0144167 
0.0159009 
0.0171485 
0.0181506 
0.0189044 
0.0194118 
0.0196776 
0.0197064 
0.019501 
0.0190603 
0.0183784 
0.0174436 
0.0162378 
0.0147314 
0.0128815 
0.0106004 
0.00772861 
0.00772861 
0.0348238 
0.0348238 
0.0297752 
0.0256834 
0.0219862 
0.0184479 
0.0149593 
0.0114542 
0.00790599 
0.00431398 
0.000704349 
-0.00287939 
-0.00638855 
-0.0097311 
-0.0128011 
-0.0155119 
-0.0177977 
-0.0196252 
-0.0209946 
-0.0219391 
-0.0225162 
-0.022796 
-0.0228474 
-0.0227296 
-0.0224897 
-0.0221635 
-0.0217768 
-0.0213455 
-0.0208754 
-0.0203623 
-0.0197928 
-0.0191449 
-0.01839 
-0.017493 
-0.016406 
-0.0150812 
-0.0134857 
-0.01161 
-0.00946324 
-0.00708134 
-0.00451959 
-0.0018505 
0.000842799 
0.00348688 
0.00602755 
0.00842184 
0.010633 
0.012636 
0.0144145 
0.0159582 
0.017261 
0.0183203 
0.019137 
0.0197151 
0.0200609 
0.020181 
0.0200805 
0.0197607 
0.0192173 
0.0184384 
0.0174038 
0.0160793 
0.0144157 
0.0123152 
0.00960704 
0.00960704 
0.0378324 
0.0378324 
0.0327923 
0.028673 
0.024914 
0.0212707 
0.0176268 
0.013908 
0.0100835 
0.00615302 
0.00214887 
-0.00186477 
-0.00582631 
-0.00963471 
-0.0131525 
-0.0162697 
-0.0188976 
-0.0209856 
-0.0225235 
-0.0235454 
-0.024122 
-0.0243471 
-0.0243168 
-0.0241138 
-0.0238015 
-0.0234254 
-0.0230171 
-0.0225956 
-0.0221664 
-0.0217228 
-0.0212471 
-0.0207097 
-0.0200722 
-0.019286 
-0.0182818 
-0.0169992 
-0.0153943 
-0.013452 
-0.0111828 
-0.00862586 
-0.00584321 
-0.00291779 
5.40462e-05 
0.00296595 
0.00574381 
0.00833917 
0.0107076 
0.0128227 
0.0146727 
0.0162576 
0.0175843 
0.0186629 
0.019504 
0.0201182 
0.0205151 
0.0207031 
0.0206881 
0.0204717 
0.0200501 
0.0194106 
0.0185318 
0.0173752 
0.0158875 
0.0139609 
0.0114126 
0.0114126 
0.0408232 
0.0408232 
0.0358031 
0.0316775 
0.0278851 
0.0241688 
0.0204011 
0.0164951 
0.0124112 
0.00814668 
0.00374077 
-0.000721513 
-0.00515976 
-0.00946118 
-0.0134594 
-0.017021 
-0.0200343 
-0.0224278 
-0.0241735 
-0.0252976 
-0.0258779 
-0.0260321 
-0.0258903 
-0.0255685 
-0.0251533 
-0.024704 
-0.0242593 
-0.0238413 
-0.0234551 
-0.0230905 
-0.0227239 
-0.0223165 
-0.021816 
-0.021156 
-0.0202451 
-0.0190064 
-0.0173881 
-0.015373 
-0.0129744 
-0.0102352 
-0.00722205 
-0.00402565 
-0.000751171 
0.00247249 
0.00554374 
0.00839715 
0.0109727 
0.0132358 
0.0151757 
0.0168007 
0.0181322 
0.0191971 
0.0200221 
0.0206302 
0.0210393 
0.0212619 
0.0213052 
0.0211705 
0.0208526 
0.020337 
0.0196001 
0.0185994 
0.0172776 
0.0155171 
0.0131228 
0.0131228 
0.0437086 
0.0437086 
0.0387183 
0.0346066 
0.0308104 
0.0270562 
0.0232025 
0.019145 
0.0148316 
0.0102538 
0.00545626 
0.000537141 
-0.00438816 
-0.00918501 
-0.0136712 
-0.0176916 
-0.0211177 
-0.0238564 
-0.0258566 
-0.0271243 
-0.0277316 
-0.027813 
-0.0275365 
-0.027062 
-0.0265109 
-0.0259623 
-0.0254643 
-0.025043 
-0.0247019 
-0.024426 
-0.0241838 
-0.0239238 
-0.0235746 
-0.0230469 
-0.0222268 
-0.0210238 
-0.0193829 
-0.0172899 
-0.0147625 
-0.0118453 
-0.00860596 
-0.00513702 
-0.00154839 
0.00201441 
0.00541669 
0.0085661 
0.0113853 
0.0138269 
0.0158772 
0.0175496 
0.0188783 
0.0199078 
0.0206836 
0.021246 
0.0216263 
0.0218452 
0.021914 
0.0218342 
0.0215989 
0.0211903 
0.0205815 
0.0197249 
0.0185588 
0.0169555 
0.0147072 
0.0147072 
0.0463819 
0.0463819 
0.041428 
0.0373472 
0.0335744 
0.0298172 
0.0259186 
0.0217528 
0.0172517 
0.0123958 
0.00723203 
0.00186803 
-0.00353023 
-0.00879536 
-0.0137412 
-0.0181991 
-0.0220349 
-0.0251405 
-0.0274394 
-0.0289061 
-0.0295882 
-0.0296204 
-0.0292029 
-0.0285488 
-0.027829 
-0.0271533 
-0.0265838 
-0.0261517 
-0.0258573 
-0.0256787 
-0.0255735 
-0.0254715 
-0.0252758 
-0.0248712 
-0.0241256 
-0.0229426 
-0.0212711 
-0.0191048 
-0.0164663 
-0.0133979 
-0.00996405 
-0.00625295 
-0.00237573 
0.00152072 
0.00527229 
0.00874754 
0.0118461 
0.0144993 
0.0166856 
0.018421 
0.0197509 
0.0207368 
0.0214438 
0.021932 
0.0222493 
0.0224293 
0.0224903 
0.0224365 
0.0222603 
0.0219399 
0.0214441 
0.020719 
0.0196974 
0.0182405 
0.0161283 
0.0161283 
0.0487198 
0.0487198 
0.0438048 
0.0397658 
0.0360384 
0.0323091 
0.0284063 
0.0241808 
0.019545 
0.0144637 
0.00898039 
0.0032135 
-0.00261701 
-0.00829635 
-0.0136338 
-0.0184653 
-0.0226671 
-0.0261284 
-0.0287526 
-0.0304766 
-0.0313037 
-0.031343 
-0.0308078 
-0.0299643 
-0.0290492 
-0.0282196 
-0.0275598 
-0.0271083 
-0.0268609 
-0.0267849 
-0.0268222 
-0.0268766 
-0.0268195 
-0.0265101 
-0.0258099 
-0.0246272 
-0.0229227 
-0.0207001 
-0.0179836 
-0.0148086 
-0.0112309 
-0.00732861 
-0.0032082 
0.000994426 
0.0050868 
0.00889072 
0.0122778 
0.0151545 
0.0174894 
0.019299 
0.0206379 
0.0215824 
0.0222157 
0.0226167 
0.0228513 
0.0229676 
0.0229944 
0.0229412 
0.0228013 
0.0225499 
0.0221512 
0.0215433 
0.0206535 
0.0193304 
0.0173424 
0.0173424 
0.0505865 
0.0505865 
0.0457099 
0.0417159 
0.0380483 
0.0343713 
0.030503 
0.0262703 
0.0215648 
0.0163263 
0.0105894 
0.00447895 
-0.00171576 
-0.00771665 
-0.0133348 
-0.0184327 
-0.0229124 
-0.0266757 
-0.0296179 
-0.0316412 
-0.0326915 
-0.0328247 
-0.0322334 
-0.0312202 
-0.0300979 
-0.0290925 
-0.0283242 
-0.0278445 
-0.0276418 
-0.027668 
-0.0278423 
-0.0280354 
-0.0280844 
-0.0278282 
-0.0271417 
-0.0259476 
-0.0242192 
-0.0219696 
-0.0192195 
-0.0159951 
-0.0123407 
-0.00832049 
-0.00402899 
0.000417688 
0.00481139 
0.00892799 
0.012598 
0.0156965 
0.0181793 
0.0200642 
0.0214157 
0.0223238 
0.0228874 
0.0232019 
0.0233489 
0.0233912 
0.023369 
0.023299 
0.0231776 
0.0229779 
0.0226605 
0.022155 
0.0213828 
0.0201783 
0.0183008 
0.0183008 
0.05184 
0.05184 
0.0470018 
0.0430481 
0.0394453 
0.0358349 
0.0320309 
0.0278414 
0.023139 
0.0178363 
0.0119467 
0.00559571 
-0.000864922 
-0.00707215 
-0.0128312 
-0.0180624 
-0.0227014 
-0.0266745 
-0.0298839 
-0.0322112 
-0.0335468 
-0.0338742 
-0.0333255 
-0.0322018 
-0.0308854 
-0.0296927 
-0.0288008 
-0.0282837 
-0.0281205 
-0.0282402 
-0.0285325 
-0.0288295 
-0.0289389 
-0.0286951 
-0.0279917 
-0.0267818 
-0.0250559 
-0.0228215 
-0.0200932 
-0.0168851 
-0.0132286 
-0.00917506 
-0.00479881 
-0.0001922 
0.00444872 
0.00884013 
0.01275 
0.0160316 
0.0186324 
0.0205763 
0.0219371 
0.0228159 
0.0233229 
0.0235651 
0.0236365 
0.0236113 
0.0235402 
0.0234478 
0.0233348 
0.0231742 
0.022924 
0.0225056 
0.0218356 
0.0207329 
0.0189513 
0.0189513 
0.0523353 
0.0523353 
0.0475469 
0.0436212 
0.0400808 
0.0365438 
0.0328276 
0.0287297 
0.0241154 
0.0188675 
0.0129603 
0.00645323 
-0.000161824 
-0.006382 
-0.0121236 
-0.0173469 
-0.0220154 
-0.0260809 
-0.0294652 
-0.0320492 
-0.0336877 
-0.0342927 
-0.0339038 
-0.0327682 
-0.0313056 
-0.0299317 
-0.0289072 
-0.0283445 
-0.0282119 
-0.0284077 
-0.0287856 
-0.0291391 
-0.0292598 
-0.0289959 
-0.0282711 
-0.0270598 
-0.0253581 
-0.0231699 
-0.0205016 
-0.0173655 
-0.0137822 
-0.0097858 
-0.00543047 
-0.000795415 
0.00396933 
0.00857086 
0.0126833 
0.0161094 
0.0187822 
0.0207462 
0.0220953 
0.0229425 
0.0234043 
0.0235933 
0.0236095 
0.0235345 
0.0234269 
0.0233178 
0.0232124 
0.0230843 
0.0228901 
0.0225443 
0.0219599 
0.0209402 
0.0192414 
0.0192414 
0.0519199 
0.0519199 
0.0472359 
0.0433283 
0.0398358 
0.0363691 
0.0327412 
0.0287498 
0.0242543 
0.0191319 
0.0133647 
0.00708576 
0.000653929 
-0.00550055 
-0.0111401 
-0.0162584 
-0.0208538 
-0.0249038 
-0.0283553 
-0.0311102 
-0.0330103 
-0.033923 
-0.0337917 
-0.0327639 
-0.031239 
-0.0297155 
-0.028559 
-0.0279446 
-0.0278313 
-0.0280781 
-0.0284998 
-0.0288595 
-0.0289501 
-0.0286487 
-0.0279083 
-0.0267174 
-0.0250717 
-0.0229681 
-0.0204065 
-0.0173923 
-0.0139377 
-0.0100657 
-0.0058124 
-0.00124156 
0.00351135 
0.00812855 
0.0122655 
0.015725 
0.0184203 
0.0203876 
0.0217277 
0.0225599 
0.0230041 
0.0231732 
0.0231686 
0.0230745 
0.0229538 
0.0228424 
0.0227496 
0.0226513 
0.022503 
0.0222159 
0.0216991 
0.0207441 
0.0191227 
0.0191227 
0.0504752 
0.0504752 
0.0459588 
0.0420803 
0.0386313 
0.0352442 
0.0317204 
0.0278679 
0.0235452 
0.0186451 
0.0131756 
0.00729767 
0.00129865 
-0.00451476 
-0.00991252 
-0.0148301 
-0.0192597 
-0.0231921 
-0.0265931 
-0.0293895 
-0.0314599 
-0.0326509 
-0.0328331 
-0.0320331 
-0.0305587 
-0.0289472 
-0.0276747 
-0.0270067 
-0.0269004 
-0.0271689 
-0.0275907 
-0.0279127 
-0.0279473 
-0.027606 
-0.0268641 
-0.0257139 
-0.0241465 
-0.0221535 
-0.0197306 
-0.0168796 
-0.0136071 
-0.00992661 
-0.00586263 
-0.00147171 
0.00309516 
0.00751699 
0.0114926 
0.0148497 
0.0174935 
0.019438 
0.0207694 
0.0216023 
0.0220542 
0.022235 
0.0222435 
0.022163 
0.0220565 
0.021962 
0.0218908 
0.0218217 
0.0217091 
0.0214651 
0.020993 
0.0200858 
0.0185583 
0.0185583 
0.0478918 
0.0478918 
0.0436265 
0.0398213 
0.036433 
0.0331509 
0.0297679 
0.0261089 
0.0220428 
0.0174915 
0.0124817 
0.00716276 
0.00175749 
-0.00353519 
-0.00853 
-0.0131292 
-0.0173005 
-0.0210297 
-0.0242912 
-0.0270288 
-0.0291431 
-0.0304983 
-0.0309467 
-0.0304291 
-0.0291328 
-0.0275292 
-0.0261797 
-0.0254638 
-0.0253541 
-0.0256158 
-0.0259991 
-0.0262534 
-0.0262224 
-0.0258501 
-0.025124 
-0.0240347 
-0.022568 
-0.0207112 
-0.0184575 
-0.0158061 
-0.0127622 
-0.00933923 
-0.00556893 
-0.00152294 
0.00264657 
0.00668528 
0.0103533 
0.0134896 
0.0160004 
0.0178808 
0.0191937 
0.0200369 
0.0205174 
0.0207376 
0.02079 
0.0207529 
0.0206863 
0.0206272 
0.0205866 
0.0205459 
0.0204591 
0.0202427 
0.0197945 
0.0189255 
0.0175108 
0.0175108 
0.0440733 
0.0440733 
0.0401604 
0.0365147 
0.0332415 
0.0301155 
0.0269373 
0.0235512 
0.019844 
0.015761 
0.0113318 
0.00667132 
0.00194352 
-0.00270406 
-0.00713754 
-0.0112698 
-0.0150578 
-0.0184761 
-0.0214965 
-0.0240719 
-0.0261238 
-0.0275375 
-0.0281708 
-0.0279188 
-0.0268612 
-0.0253766 
-0.0240129 
-0.0232667 
-0.0231471 
-0.023379 
-0.0236962 
-0.0238691 
-0.0237775 
-0.0233905 
-0.0227006 
-0.0216946 
-0.0203547 
-0.0186663 
-0.0166219 
-0.0142218 
-0.0114746 
-0.0084013 
-0.00504372 
-0.00147808 
0.00216706 
0.00570452 
0.00894813 
0.0117576 
0.0140484 
0.0158037 
0.0170643 
0.0179057 
0.0184173 
0.0186884 
0.0188011 
0.0188251 
0.018814 
0.0188008 
0.0187948 
0.0187784 
0.0187068 
0.0185031 
0.0180647 
0.0172363 
0.0159596 
0.0159596 
0.038954 
0.038954 
0.0355103 
0.0321568 
0.0291033 
0.02622 
0.0233377 
0.0203226 
0.0170812 
0.0135723 
0.0098187 
0.00590073 
0.00193382 
-0.00198347 
-0.00575908 
-0.0093184 
-0.0126142 
-0.0156148 
-0.0182902 
-0.0205993 
-0.0224791 
-0.0238375 
-0.0245533 
-0.0245099 
-0.0237096 
-0.0224214 
-0.0211349 
-0.0203905 
-0.0202602 
-0.0204476 
-0.0206849 
-0.0207782 
-0.0206419 
-0.0202627 
-0.0196339 
-0.0187401 
-0.0175621 
-0.0160859 
-0.0143052 
-0.0122224 
-0.0098502 
-0.00721479 
-0.00436101 
-0.00135925 
0.00168878 
0.00464967 
0.0073854 
0.00978385 
0.0117749 
0.0133372 
0.0144943 
0.0152999 
0.0158228 
0.0161352 
0.0163047 
0.0163895 
0.0164339 
0.0164647 
0.0164882 
0.0164876 
0.0164208 
0.0162196 
0.0157899 
0.0150197 
0.01391 
0.01391 
0.0324666 
0.0324666 
0.0296137 
0.0267191 
0.0240373 
0.02152 
0.0190449 
0.0165054 
0.0138269 
0.0109753 
0.00796245 
0.00483822 
0.00167617 
-0.00145259 
-0.00448219 
-0.00735936 
-0.0100465 
-0.0125148 
-0.0147355 
-0.0166725 
-0.018275 
-0.0194719 
-0.0201672 
-0.0202545 
-0.0196933 
-0.0186537 
-0.0175335 
-0.0168383 
-0.0167052 
-0.0168422 
-0.0169998 
-0.0170277 
-0.0168707 
-0.0165262 
-0.0159879 
-0.0152403 
-0.014266 
-0.0130529 
-0.0115966 
-0.00990111 
-0.00798027 
-0.00585949 
-0.00357874 
-0.00119515 
0.00121593 
0.00356031 
0.00573827 
0.00766744 
0.00929461 
0.0105998 
0.011595 
0.0123158 
0.0128111 
0.0131343 
0.0133367 
0.0134628 
0.0135461 
0.0136062 
0.0136461 
0.0136501 
0.0135812 
0.0133828 
0.0129783 
0.0122996 
0.0113881 
0.0113881 
0.0246626 
0.0246626 
0.0225188 
0.0202674 
