0 
0.00186376 
0.00255783 
0.00355723 
0.00452082 
0.00526757 
0.00573866 
0.00594172 
0.00590945 
0.00568121 
0.005295 
0.00478499 
0.00418161 
0.00351257 
0.00280388 
0.00208057 
0.00136667 
0.000684396 
5.08861e-05 
-0.000525847 
-0.00104386 
-0.0015039 
-0.00191116 
-0.00227562 
-0.00260817 
-0.00291365 
-0.0031823 
-0.00338548 
-0.00348405 
-0.00345031 
-0.00328854 
-0.00303495 
-0.00273704 
-0.00243247 
-0.00214249 
-0.00187615 
-0.00163626 
-0.00142288 
-0.00123468 
-0.00106949 
-0.000924726 
-0.000797665 
-0.00068567 
-0.000586338 
-0.00049753 
-0.000417412 
-0.000344411 
-0.000277189 
-0.000214639 
-0.000155784 
-9.98781e-05 
-4.6884e-05 
3.11328e-06 
5.08788e-05 
9.70991e-05 
0.000141453 
0.000183463 
0.000222604 
0.000258421 
0.000290424 
0.000318125 
0.000341028 
0.000358695 
0.00037074 
0.000376898 
0 
-0.00186376 
-0.00186376 
-0.00255783 
-0.00355723 
-0.00452082 
-0.00526757 
-0.00573866 
-0.00594172 
-0.00590945 
-0.00568121 
-0.005295 
-0.00478499 
-0.00418161 
-0.00351257 
-0.00280388 
-0.00208057 
-0.00136667 
-0.000684396 
-5.08861e-05 
0.000525847 
0.00104386 
0.0015039 
0.00191116 
0.00227562 
0.00260817 
0.00291365 
0.0031823 
0.00338548 
0.00348405 
0.00345031 
0.00328854 
0.00303495 
0.00273704 
0.00243247 
0.00214249 
0.00187615 
0.00163626 
0.00142288 
0.00123468 
0.00106949 
0.000924726 
0.000797665 
0.00068567 
0.000586338 
0.00049753 
0.000417412 
0.000344411 
0.000277189 
0.000214639 
0.000155784 
9.98781e-05 
4.6884e-05 
-3.11328e-06 
-5.08788e-05 
-9.70991e-05 
-0.000141453 
-0.000183463 
-0.000222604 
-0.000258421 
-0.000290424 
-0.000318125 
-0.000341028 
-0.000358695 
-0.00037074 
-0.000376898 
-0.000376898 
-0.0036731 
-0.0036731 
-0.00658239 
-0.0100721 
-0.0131042 
-0.015308 
-0.016634 
-0.0171681 
-0.0170338 
-0.0163545 
-0.0152396 
-0.0137823 
-0.0120626 
-0.0101524 
-0.00811902 
-0.00602921 
-0.00394975 
-0.00194723 
-7.9668e-05 
0.00161937 
0.0031384 
0.00447785 
0.00565321 
0.00669749 
0.00765064 
0.00853779 
0.00934131 
0.00998296 
0.0103428 
0.0103232 
0.00991715 
0.00921987 
0.00837291 
0.0074964 
0.00666066 
0.00589524 
0.00520788 
0.00459711 
0.00405764 
0.00358247 
0.0031639 
0.00279423 
0.00246623 
0.00217336 
0.00190987 
0.00167078 
0.00145187 
0.00124952 
0.00106073 
0.000883042 
0.000714534 
0.000553746 
0.000399515 
0.000251373 
0.000109687 
-2.48226e-05 
-0.00015123 
-0.000268567 
-0.000375781 
-0.000471542 
-0.00055443 
-0.000622988 
-0.000675891 
-0.000711974 
-0.00073043 
-0.00073043 
-0.00698576 
-0.00698576 
-0.012621 
-0.0182885 
-0.0228654 
-0.0260335 
-0.0278275 
-0.0284177 
-0.0280049 
-0.0267774 
-0.0248969 
-0.0224976 
-0.0196935 
-0.0165863 
-0.0132735 
-0.00985409 
-0.0064311 
-0.00311222 
9.84105e-06 
0.0028793 
0.00545733 
0.00772549 
0.00969345 
0.0114031 
0.0129179 
0.0142941 
0.0155316 
0.0165308 
0.017108 
0.0170941 
0.0164558 
0.015331 
0.0139468 
0.0125063 
0.0111326 
0.00987782 
0.00875465 
0.00775874 
0.00687956 
0.00610445 
0.00542033 
0.00481463 
0.00427576 
0.00379336 
0.00335834 
0.00296278 
0.0025999 
0.00226392 
0.00194999 
0.00165412 
0.0013732 
0.00110504 
0.000848222 
0.00060185 
0.000365485 
0.00013933 
-7.49903e-05 
-0.000274558 
-0.000457081 
-0.000620256 
-0.000761632 
-0.000878663 
-0.000969032 
-0.0010307 
-0.00106226 
-0.00106226 
-0.0126095 
-0.0126095 
-0.0199867 
-0.0270784 
-0.0326461 
-0.0363705 
-0.0383402 
-0.038792 
-0.0379886 
-0.0361678 
-0.0335266 
-0.0302241 
-0.0263929 
-0.0221521 
-0.0176193 
-0.0129187 
-0.00818257 
-0.00355184 
0.000844761 
0.00490463 
0.00855211 
0.0117413 
0.0144654 
0.0167649 
0.0187207 
0.020423 
0.0219072 
0.0230826 
0.0237308 
0.0236259 
0.022706 
0.0211388 
0.0192231 
0.0172345 
0.0153437 
0.0136232 
0.0120887 
0.0107315 
0.00953487 
0.00847979 
0.00754764 
0.006721 
0.00598415 
0.00532313 
0.00472569 
0.00418122 
0.00368054 
0.00321582 
0.00278044 
0.00236897 
0.00197717 
0.00160192 
0.00124116 
0.000893902 
0.000560346 
0.000241875 
-5.91438e-05 
-0.000340064 
-0.000597996 
-0.000829373 
-0.00103035 
-0.00119711 
-0.00132614 
-0.00141435 
-0.00145958 
-0.00145958 
-0.0203773 
-0.0203773 
-0.0285362 
-0.0363795 
-0.0424107 
-0.0462815 
-0.048134 
-0.0482684 
-0.0469969 
-0.044587 
-0.0412483 
-0.037143 
-0.032404 
-0.027154 
-0.0215217 
-0.0156513 
-0.00970388 
-0.00385404 
0.00174661 
0.00696575 
0.0116858 
0.0158205 
0.0193339 
0.0222503 
0.0246496 
0.0266402 
0.0282877 
0.029523 
0.0301202 
0.0298267 
0.028571 
0.0265523 
0.0241285 
0.0216322 
0.0192695 
0.0171269 
0.0152206 
0.0135372 
0.0120534 
0.0107444 
0.00958646 
0.00855797 
0.00763946 
0.0068138 
0.00606597 
0.00538288 
0.00475323 
0.00416731 
0.00361691 
0.00309532 
0.0025973 
0.00211902 
0.00165799 
0.00121295 
0.00078373 
0.000371262 
-2.18932e-05 
-0.000390887 
-0.000730552 
-0.00103603 
-0.00130217 
-0.00152358 
-0.00169526 
-0.00181282 
-0.00187325 
-0.00187325 
-0.0287885 
-0.0287885 
-0.0374488 
-0.0456079 
-0.0516608 
-0.0553205 
-0.056817 
-0.0565141 
-0.0547543 
-0.0518073 
-0.0478684 
-0.0430795 
-0.0375562 
-0.0314127 
-0.0247813 
-0.0178245 
-0.0107338 
-0.00372042 
0.00302613 
0.00932836 
0.0150297 
0.0200194 
0.0242473 
0.0277248 
0.0305245 
0.0327586 
0.034506 
0.035711 
0.0361502 
0.0355716 
0.0339223 
0.0314437 
0.0285434 
0.0255918 
0.0228147 
0.0203039 
0.0180735 
0.0161047 
0.0143687 
0.0128356 
0.0114773 
0.0102686 
0.00918688 
0.00821214 
0.00732694 
0.00651604 
0.00576618 
0.00506593 
0.00440558 
0.00377719 
0.0031745 
0.00259294 
0.00202951 
0.00148287 
0.000953454 
0.000443433 
-4.30375e-05 
-0.000501 
-0.00092514 
-0.00130863 
-0.00164388 
-0.00192376 
-0.00214156 
-0.00229126 
-0.00236858 
-0.00236858 
-0.0372482 
-0.0372482 
-0.0462645 
-0.0543861 
-0.0600918 
-0.0632625 
-0.0642474 
-0.0634623 
-0.0612533 
-0.0578635 
-0.0534492 
-0.0481138 
-0.0419428 
-0.035033 
-0.0275156 
-0.019573 
-0.0114357 
-0.00336101 
0.00443292 
0.0117233 
0.0183162 
0.0240819 
0.0289561 
0.0329391 
0.0360971 
0.0385398 
0.0403454 
0.0414567 
0.0416552 
0.0407142 
0.0386309 
0.0357027 
0.0323769 
0.0290414 
0.0259242 
0.0231135 
0.0206182 
0.0184144 
0.0164689 
0.014748 
0.0132205 
0.011858 
0.0106357 
0.00953135 
0.00852557 
0.0076013 
0.00674363 
0.00593963 
0.00517832 
0.00445072 
0.00374974 
0.00307011 
0.00240851 
0.00176331 
0.00113459 
0.000524642 
-6.24972e-05 
-0.000619488 
-0.0011373 
-0.00160747 
-0.00202057 
-0.00236685 
-0.00263742 
-0.00282415 
-0.00292118 
-0.00292118 
-0.0451179 
-0.0451179 
-0.0544153 
-0.0622406 
-0.0673469 
-0.0698731 
-0.0702921 
-0.0690499 
-0.0664698 
-0.0627465 
-0.057981 
-0.0522284 
-0.0455374 
-0.0379794 
-0.0296777 
-0.0208338 
-0.0117261 
-0.00266518 
0.00607463 
0.0142162 
0.0215501 
0.0279475 
0.0333439 
0.0377369 
0.0411866 
0.0437917 
0.0456126 
0.046574 
0.0464639 
0.0451056 
0.0425745 
0.039233 
0.0355545 
0.0319223 
0.0285506 
0.0255161 
0.0228207 
0.0204364 
0.0183272 
0.0164571 
0.0147927 
0.0133041 
0.0119647 
0.0107508 
0.00964139 
0.00861801 
0.00766435 
0.00676615 
0.00591129 
0.00508972 
0.00429338 
0.00351634 
0.00275454 
0.00200635 
0.00127261 
0.000556116 
-0.00013632 
-0.000796482 
-0.00141472 
-0.00197946 
-0.00247873 
-0.00289976 
-0.00323054 
-0.00346006 
-0.00358019 
-0.00358019 
-0.0520364 
-0.0520364 
-0.061515 
-0.0688464 
-0.0732117 
-0.0750473 
-0.0749211 
-0.0732848 
-0.0704221 
-0.0664673 
-0.0614611 
-0.0554097 
-0.0483252 
-0.0402463 
-0.0312767 
-0.0216342 
-0.0116542 
-0.00171207 
0.00784651 
0.0166916 
0.0246105 
0.0314881 
0.037274 
0.0419722 
0.0456387 
0.048352 
0.0501374 
0.0508901 
0.0504138 
0.0486091 
0.0456511 
0.0419645 
0.0380286 
0.0342008 
0.0306682 
0.0274911 
0.0246645 
0.0221576 
0.0199334 
0.0179552 
0.0161892 
0.0146047 
0.0131742 
0.0118731 
0.0106796 
0.00957399 
0.00853886 
0.00755893 
0.00662108 
0.00571432 
0.00482975 
0.00396052 
0.00310241 
0.0022529 
0.00141209 
0.000584133 
-0.00022317 
-0.000998541 
-0.00172996 
-0.00240325 
-0.00300271 
-0.00351163 
-0.00391397 
-0.00419492 
-0.00434324 
-0.00434324 
-0.0577056 
-0.0577056 
-0.0672588 
-0.0739776 
-0.0775695 
-0.0787511 
-0.078141 
-0.0761825 
-0.0731132 
-0.0690052 
-0.0638434 
-0.057593 
-0.0502355 
-0.041773 
-0.032272 
-0.021955 
-0.0112179 
-0.000521629 
0.00968528 
0.0190396 
0.0273575 
0.0345563 
0.0406044 
0.0455116 
0.0493229 
0.0520841 
0.0537714 
0.0542508 
0.0533641 
0.0511177 
0.0477943 
0.0438634 
0.0397843 
0.0358698 
0.032272 
0.0290338 
0.0261443 
0.0235723 
0.0212817 
0.0192368 
0.0174044 
0.0157542 
0.0142587 
0.0128931 
0.011635 
0.0104639 
0.0093617 
0.00831207 
0.00730101 
0.00631647 
0.00534832 
0.00438903 
0.00343255 
0.00247602 
0.00152149 
0.000575007 
-0.000354105 
-0.00125492 
-0.00211282 
-0.00290974 
-0.00362539 
-0.00423792 
-0.00472589 
-0.00506927 
-0.0052524 
-0.0052524 
-0.0619533 
-0.0619533 
-0.0714678 
-0.0775317 
-0.0804013 
-0.0810102 
-0.0799897 
-0.077771 
-0.0745474 
-0.0703349 
-0.0650736 
-0.058699 
-0.0511739 
-0.0424727 
-0.0326112 
-0.0217919 
-0.0104493 
0.000832392 
0.0114591 
0.0210925 
0.0296232 
0.037004 
0.0432111 
0.0482481 
0.0521363 
0.054875 
0.0563867 
0.0565268 
0.0552106 
0.0525713 
0.0489867 
0.0449392 
0.040841 
0.0369486 
0.0333775 
0.030155 
0.0272675 
0.0246854 
0.0223752 
0.0203038 
0.0184399 
0.0167545 
0.0152207 
0.0138141 
0.0125121 
0.0112939 
0.0101406 
0.00903538 
0.0079632 
0.00691086 
0.00586704 
0.00482215 
0.00376911 
0.00270659 
0.00163673 
0.000564421 
-0.000500472 
-0.00154393 
-0.0025481 
-0.00349047 
-0.00434505 
-0.00508336 
-0.0056768 
-0.00609822 
-0.00632564 
-0.00632564 
-0.0646976 
-0.0646976 
-0.0740689 
-0.0795065 
-0.0817606 
-0.0818951 
-0.0805356 
-0.0781033 
-0.0747547 
-0.0704621 
-0.0651334 
-0.0586827 
-0.0510628 
-0.0422466 
-0.0322172 
-0.0211203 
-0.00942493 
0.00212428 
0.0128647 
0.0225875 
0.0312147 
0.0386952 
0.0449945 
0.0500991 
0.0539948 
0.0566269 
0.0578771 
0.0576271 
0.0559053 
0.0529732 
0.0492681 
0.0452457 
0.0412505 
0.0374801 
0.0340173 
0.0308791 
0.0280517 
0.0255095 
0.0232232 
0.0211633 
0.0193011 
0.0176098 
0.0160638 
0.0146393 
0.013314 
0.0120669 
0.0108789 
0.00973235 
0.0086112 
0.00750062 
0.00638693 
0.00525878 
0.00411054 
0.00293995 
0.00174754 
0.000538953 
-0.000674537 
-0.00187827 
-0.00305096 
-0.0041647 
-0.00518634 
-0.00607872 
-0.00680362 
-0.00732396 
-0.00760862 
-0.00760862 
-0.0659351 
-0.0659351 
-0.0750811 
-0.0799769 
-0.0817493 
-0.0815084 
-0.0798752 
-0.0772625 
-0.0738017 
-0.0694407 
-0.0640661 
-0.0575752 
-0.0499127 
-0.0410651 
-0.0310439 
-0.0199346 
-0.00821446 
0.00317348 
0.0137974 
0.0234957 
0.0321353 
0.039641 
0.0459597 
0.0510498 
0.0548521 
0.0572648 
0.0581659 
0.0575176 
0.0554767 
0.0524004 
0.0487352 
0.0448754 
0.0410902 
0.0375245 
0.0342374 
0.0312404 
0.0285228 
0.0260643 
0.0238407 
0.0218268 
0.0199973 
0.0183279 
0.0167949 
0.0153755 
0.0140477 
0.0127909 
0.0115857 
0.0104138 
0.00925747 
0.00809952 
0.00692435 
0.00572153 
0.00448323 
0.00320443 
0.00188473 
0.000528809 
-0.000851341 
-0.00223937 
-0.00361023 
-0.00492984 
-0.00615625 
-0.00724109 
-0.00813315 
-0.00878155 
-0.00914181 
-0.00914181 
-0.0657221 
-0.0657221 
-0.0745722 
-0.0790419 
-0.0804699 
-0.0799484 
-0.0781017 
-0.0753322 
-0.0717676 
-0.0673469 
-0.0619484 
-0.0554612 
-0.0478261 
-0.039044 
-0.029201 
-0.0185026 
-0.00734388 
0.00371609 
0.0141767 
0.0237674 
0.0323414 
0.0397954 
0.0460494 
0.0510249 
0.054623 
0.0567275 
0.0572602 
0.0562718 
0.0540503 
0.0510019 
0.0475291 
0.0439459 
0.040452 
0.0371523 
0.0340914 
0.0312801 
0.0287124 
0.0263741 
0.0242465 
0.0223091 
0.0205405 
0.018919 
0.0174229 
0.0160306 
0.014721 
0.0134739 
0.0122697 
0.0110888 
0.00991138 
0.00871805 
0.00749329 
0.00622375 
0.00489844 
0.00351006 
0.00205635 
0.000540858 
-0.00102421 
-0.00262298 
-0.00422688 
-0.00579483 
-0.0072741 
-0.00860173 
-0.00970892 
-0.0105253 
-0.0109869 
-0.0109869 
-0.0641418 
-0.0641418 
-0.0726981 
-0.0768862 
-0.0781037 
-0.0773978 
-0.0753959 
-0.0725021 
-0.0688555 
-0.064406 
-0.0590364 
-0.0526388 
-0.0451604 
-0.036619 
-0.027123 
-0.0168823 
-0.00625694 
0.00426915 
0.0143282 
0.0236267 
0.031976 
0.0392308 
0.0452729 
0.0499867 
0.0532556 
0.0549891 
0.0551896 
0.0540264 
0.0518307 
0.0489775 
0.0458139 
0.0425833 
0.0394315 
0.0364366 
0.0336357 
0.0310419 
0.0286547 
0.0264658 
0.024462 
0.0226275 
0.0209447 
0.0193947 
0.0179579 
0.0166141 
0.0153433 
0.014126 
0.0129419 
0.0117699 
0.0105878 
0.00937578 
0.00811545 
0.00678999 
0.00538493 
0.00388933 
0.00229757 
0.000610288 
-0.00116169 
-0.00300348 
-0.00488394 
-0.00675453 
-0.00854956 
-0.0101873 
-0.0115751 
-0.012615 
-0.0132141 
-0.0132141 
-0.0612903 
-0.0612903 
-0.0696555 
-0.0736929 
-0.0748136 
-0.0740134 
-0.0719161 
-0.0689345 
-0.0652334 
-0.0607884 
-0.0554988 
-0.0492679 
-0.0420522 
-0.033881 
-0.0248702 
-0.0152258 
-0.005254 
0.00466793 
0.0142055 
0.0230697 
0.0310438 
0.0379486 
0.0436345 
0.0479691 
0.0508504 
0.0522442 
0.0522374 
0.0510629 
0.0490473 
0.0465179 
0.0437427 
0.0409051 
0.0381184 
0.0354469 
0.0329253 
0.0305696 
0.0283845 
0.0263671 
0.0245095 
0.0228 
0.0212247 
0.0197675 
0.0184107 
0.0171359 
0.0159246 
0.0147575 
0.0136139 
0.01247 
0.0113028 
0.0100903 
0.00881055 
0.00744259 
0.00596734 
0.00436884 
0.00263644 
0.000766183 
-0.00123456 
-0.00335478 
-0.0055631 
-0.00780355 
-0.00999513 
-0.0120319 
-0.0137885 
-0.0151283 
-0.0159159 
-0.0159159 
-0.0573315 
-0.0573315 
-0.065607 
-0.0696205 
-0.0707625 
-0.0699703 
-0.0678535 
-0.0648367 
-0.0611206 
-0.0567198 
-0.0515605 
-0.0455626 
-0.038692 
-0.0309815 
-0.0225411 
-0.0135611 
-0.00430907 
0.00490356 
0.0137957 
0.0220855 
0.0295391 
0.0359574 
0.0411784 
0.0450782 
0.0475919 
0.0487462 
0.0486833 
0.0476481 
0.0459288 
0.0437897 
0.0414353 
0.0390045 
0.036588 
0.0342453 
0.0320105 
0.029904 
0.027935 
0.0261051 
0.0244109 
0.0228445 
0.0213953 
0.0200497 
0.0187922 
0.0176062 
0.0164752 
0.0153803 
0.0142979 
0.0132037 
0.0120734 
0.010882 
0.0096036 
0.00821199 
0.00668213 
0.00499113 
0.00312054 
0.00105915 
-0.00119307 
-0.00363153 
-0.00622901 
-0.00892333 
-0.0116154 
-0.0141681 
-0.0164121 
-0.0181563 
-0.0192038 
-0.0192038 
-0.0524258 
-0.0524258 
-0.0607145 
-0.0648254 
-0.0661096 
-0.0654395 
-0.0633979 
-0.0604174 
-0.0567388 
-0.0524259 
-0.0474417 
-0.041728 
-0.0352606 
-0.0280736 
-0.0202688 
-0.0120167 
-0.0035434 
0.00489858 
0.0130617 
0.0206759 
0.0275067 
0.0333549 
0.0380675 
0.0415471 
0.0437703 
0.0448059 
0.0448142 
0.0440182 
0.0426531 
0.0409238 
0.0389868 
0.0369532 
0.0349008 
0.0328823 
0.0309349 
0.0290823 
0.027337 
0.0257051 
0.024187 
0.0227781 
0.0214706 
0.0202529 
0.0191123 
0.0180353 
0.0170064 
0.0160041 
0.0150049 
0.0139842 
0.0129158 
0.0117712 
0.0105197 
0.00912913 
0.00756668 
0.00580018 
0.00380028 
0.00154476 
-0.000979245 
-0.00377807 
-0.00683631 
-0.0100877 
-0.0134118 
-0.016631 
-0.0195176 
-0.021807 
-0.023214 
-0.023214 
-0.0467271 
-0.0467271 
-0.055123 
-0.059446 
-0.060996 
-0.0605743 
-0.0587235 
-0.0558733 
-0.052302 
-0.0481284 
-0.0433619 
-0.0379717 
-0.0319449 
-0.0253156 
-0.0181757 
-0.0106756 
-0.0030062 
0.00462795 
0.0120124 
0.0188967 
0.0250597 
0.0303183 
0.0345422 
0.0376638 
0.0396907 
0.0407084 
0.0408676 
0.0403539 
0.039351 
0.0380161 
0.0364721 
0.0348118 
0.0331039 
0.0313994 
0.0297349 
0.0281349 
0.0266167 
0.0251895 
0.0238563 
0.0226156 
0.0214624 
0.0203876 
0.019382 
0.0184335 
0.0175252 
0.0166364 
0.0157443 
0.0148235 
0.0138455 
0.0127783 
0.011586 
0.0102293 
0.00866582 
0.00685107 
0.0047407 
0.00229544 
-0.000518076 
-0.00372284 
-0.00732636 
-0.0112613 
-0.0153801 
-0.0194539 
-0.023179 
-0.0261955 
-0.0280979 
-0.0280979 
-0.0403717 
-0.0403717 
-0.0489596 
-0.0535997 
-0.0555367 
-0.0554974 
-0.0539712 
-0.0513689 
-0.0479948 
-0.0440222 
-0.0395145 
-0.0344766 
-0.0289104 
-0.0228503 
-0.0163777 
-0.00962284 
-0.0027447 
0.00408983 
0.0106953 
0.0168497 
0.0223567 
0.0270584 
0.0308506 
0.03369 
0.0355991 
0.0366612 
0.0370033 
0.0367715 
0.0361067 
0.0351313 
0.033945 
0.0326271 
0.0312399 
0.0298318 
0.028439 
0.0270878 
0.0257968 
0.0245769 
0.0234345 
0.0223706 
0.0213828 
0.0204648 
0.0196094 
0.0188049 
0.0180357 
0.0172824 
0.0165226 
0.0157304 
0.0148752 
0.0139214 
0.0128279 
0.0115471 
0.0100249 
0.00820107 
0.00601056 
0.00338794 
0.000269785 
-0.00339231 
-0.00764181 
-0.0124134 
-0.0175235 
-0.0226744 
-0.0274662 
-0.0314225 
-0.0339861 
-0.0339861 
-0.0334763 
-0.0334763 
-0.0423304 
-0.047381 
-0.0498176 
-0.0502936 
-0.0492365 
-0.0470201 
-0.043955 
-0.0402587 
-0.0360521 
-0.0313849 
-0.0262813 
-0.0207788 
-0.0149489 
-0.00890154 
-0.00276867 
0.00331137 
0.00918032 
0.0146505 
0.0195548 
0.0237623 
0.0271918 
0.0298151 
0.0316576 
0.0327897 
0.0333116 
0.0333352 
0.0329691 
0.0323104 
0.0314419 
0.0304329 
0.0293401 
0.0282086 
0.027074 
0.0259628 
0.0248947 
0.0238824 
0.0229346 
0.0220539 
0.02124 
0.020489 
0.0197961 
0.0191508 
0.0185393 
0.0179438 
0.0173428 
0.0167099 
0.0160134 
0.0152147 
0.0142673 
0.0131146 
0.0116886 
0.00990822 
0.0076794 
0.00489797 
0.00145907 
-0.00272894 
-0.00774992 
-0.0135455 
-0.0198739 
-0.0263406 
-0.0324248 
-0.0375201 
-0.0409029 
-0.0409029 
-0.0261379 
-0.0261379 
-0.0353231 
-0.0408627 
-0.0438966 
-0.0450093 
-0.044564 
-0.0428834 
-0.0402595 
-0.0369337 
-0.0330776 
-0.0287931 
-0.0241382 
-0.0191611 
-0.0139264 
-0.00852533 
-0.00306692 
0.00233169 
0.00753746 
0.0123981 
0.0167746 
0.0205607 
0.0236921 
0.0261483 
0.0279505 
0.0291533 
0.0298329 
0.0300745 
0.0299631 
0.0295772 
0.0289871 
0.0282535 
0.0274277 
0.0265518 
0.0256599 
0.0247781 
0.0239268 
0.0231197 
0.0223667 
0.021672 
0.0210374 
0.0204616 
0.0199419 
0.0194698 
0.0190337 
0.0186178 
0.018202 
0.0177606 
0.0172616 
0.0166645 
0.0159177 
0.0149552 
0.0136915 
0.0120178 
0.00979891 
0.00687649 
0.0030847 
-0.00172596 
-0.00768349 
-0.0147255 
-0.0225056 
-0.0304914 
-0.0380249 
-0.0443788 
-0.0486781 
-0.0486781 
-0.0184364 
-0.0184364 
-0.0280097 
-0.0341019 
-0.0378105 
-0.0396597 
-0.0399524 
-0.0389544 
-0.0369178 
-0.0340792 
-0.0306413 
-0.0267562 
-0.0225271 
-0.0180268 
-0.0133219 
-0.00848983 
-0.00362119 
0.0011844 
0.00581672 
0.0101553 
0.0140856 
0.017521 
0.0204089 
0.0227317 
0.0245039 
0.0257658 
0.0265745 
0.0269956 
0.0270967 
0.0269427 
0.0265937 
0.0261034 
0.025518 
0.0248764 
0.0242108 
0.0235463 
0.0229037 
0.0222966 
0.0217362 
0.0212277 
0.0207756 
0.020381 
0.0200435 
0.0197567 
0.0195121 
0.0192961 
0.0190909 
0.018873 
0.0186116 
0.0182654 
0.0177789 
0.0170748 
0.0160462 
0.0145459 
0.0123818 
0.0093216 
0.00511548 
-0.000458618 
-0.00756267 
-0.016076 
-0.0254852 
-0.0350889 
-0.0441049 
-0.0517222 
-0.0569532 
-0.0569532 
-0.0104386 
-0.0104386 
-0.020452 
-0.0271467 
-0.0315859 
-0.0342432 
-0.03537 
-0.0351795 
-0.0338735 
-0.0316575 
-0.0287344 
-0.0252884 
-0.0214695 
-0.0173902 
-0.0131362 
-0.00878372 
-0.00441073 
-0.000101711 
0.00405183 
0.00795636 
0.0115186 
0.0146666 
0.0173554 
0.0195682 
0.0213131 
0.022619 
0.023529 
0.0240944 
0.0243703 
0.0244115 
0.0242699 
0.0239929 
0.0236223 
0.0231936 
0.0227372 
0.0222768 
0.0218327 
0.0214182 
0.0210458 
0.0207216 
0.0204532 
0.0202433 
0.0200945 
0.0200027 
0.0199626 
0.0199637 
0.0199921 
0.0200275 
0.020042 
0.0199956 
0.0198286 
0.019451 
0.0187267 
0.0174577 
0.0153768 
0.0121547 
0.00743592 
0.000917119 
-0.00754652 
-0.017686 
-0.0287827 
-0.0399706 
-0.0503822 
-0.0591732 
-0.0652903 
-0.0652903 
-0.00220743 
-0.00220743 
-0.012704 
-0.0200423 
-0.0252498 
-0.0287594 
-0.0307789 
-0.0314812 
-0.0310222 
-0.0295632 
-0.0272785 
-0.0243515 
-0.0209608 
-0.0172628 
-0.0133823 
-0.009415 
-0.00543925 
-0.00152858 
0.00224145 
0.00579736 
0.00906495 
0.0119825 
0.0145107 
0.0166325 
0.0183513 
0.0196878 
0.0206752 
0.0213551 
0.0217735 
0.0219775 
0.0220127 
0.0219214 
0.0217414 
0.0215051 
0.0212408 
0.0209704 
0.0207139 
0.0204836 
0.0202935 
0.0201503 
0.0200648 
0.0200412 
0.0200847 
0.020194 
0.0203676 
0.020599 
0.0208791 
0.0211923 
0.0215158 
0.0218114 
0.0220155 
0.0220209 
0.0216541 
0.0206531 
0.0186571 
0.0152192 
0.00986543 
0.00223264 
-0.007724 
-0.0195241 
-0.0322465 
-0.0448856 
-0.0565278 
-0.0663462 
-0.07327 
-0.07327 
0.00620606 
0.00620606 
-0.00480972 
-0.0128314 
-0.0188361 
-0.0232238 
-0.026162 
-0.0277951 
-0.0282483 
-0.0276462 
-0.0261231 
-0.0238314 
-0.0209425 
-0.0176347 
-0.0140743 
-0.0103995 
-0.00671422 
-0.00309691 
0.000386177 
0.00367477 
0.00671406 
0.00945241 
0.011854 
0.0139019 
0.0155966 
0.0169533 
0.0179989 
0.0187685 
0.0193016 
0.01964 
0.0198244 
0.0198931 
0.0198807 
0.0198165 
0.019727 
0.0196319 
0.0195508 
0.0194946 
0.0194794 
0.0195117 
0.0196057 
0.019766 
0.0200016 
0.0203135 
0.0207049 
0.0211735 
0.021716 
0.0223232 
0.0229778 
0.0236443 
0.0242532 
0.0246758 
0.0246927 
0.0239679 
0.0220343 
0.0183173 
0.0122322 
0.00340265 
-0.00805888 
-0.0214479 
-0.0356611 
-0.0495676 
-0.0622307 
-0.0728956 
-0.0805264 
-0.0805264 
0.0147176 
0.0147176 
0.00320442 
-0.00554746 
-0.0123845 
-0.0176726 
-0.02154 
-0.0241052 
-0.0254777 
-0.0257661 
-0.0250788 
-0.0235327 
-0.0212636 
-0.0184307 
-0.0152113 
-0.0117816 
-0.00829464 
-0.00486499 
-0.00157 
0.00153666 
0.0044149 
0.00702517 
0.00933539 
0.0113292 
0.0130054 
0.0143765 
0.0154657 
0.0163042 
0.016928 
0.0173753 
0.0176838 
0.0178888 
0.0180224 
0.0181118 
0.0181815 
0.0182485 
0.0183325 
0.0184417 
0.0185945 
0.0187963 
0.0190647 
0.0194045 
0.0198286 
0.0203401 
0.0209473 
0.0216524 
0.0224588 
0.0233637 
0.024356 
0.0254019 
0.0264236 
0.0272665 
0.0276617 
0.0271961 
0.0252952 
0.0212643 
0.0144308 
0.00443867 
-0.00843155 
-0.0232746 
-0.0388116 
-0.0537737 
-0.0672178 
-0.078526 
-0.0867504 
-0.0867504 
0.0233018 
0.0233018 
0.0112888 
0.00178686 
-0.0059287 
-0.0121533 
-0.0169679 
-0.0204586 
-0.0227207 
-0.0238643 
-0.024 
-0.0232345 
-0.0216744 
-0.0194388 
-0.0166701 
-0.0135358 
-0.0102163 
-0.00687946 
-0.00365599 
-0.000628398 
0.0021611 
0.00469437 
0.00694835 
0.00890837 
0.0105737 
0.011956 
0.0130774 
0.0139675 
0.0146606 
0.0151936 
0.0156026 
0.0159216 
0.0161811 
0.0164057 
0.0166186 
0.0168329 
0.0170695 
0.0173318 
0.0176426 
0.0180035 
0.0184371 
0.0189468 
0.0195501 
0.020252 
0.0210656 
0.0219977 
0.0230577 
0.0242492 
0.0255661 
0.0269747 
0.0283863 
0.0296193 
0.0303572 
0.0301179 
0.0282341 
0.0239142 
0.0164197 
0.00541061 
-0.00870144 
-0.0248347 
-0.0415035 
-0.0572808 
-0.0712472 
-0.0829856 
-0.0916825 
-0.0916825 
0.0319524 
0.0319524 
0.019432 
0.00915104 
0.000510846 
-0.00670448 
-0.0125105 
-0.0169438 
-0.0200717 
-0.0220057 
-0.0228777 
-0.022819 
-0.0219459 
-0.0203606 
-0.0181642 
-0.0154741 
-0.0124368 
-0.00922554 
-0.00601856 
-0.00296582 
-0.000161296 
0.00236189 
0.00460481 
0.00656047 
0.00822901 
0.00962427 
0.0107693 
0.011695 
0.0124374 
0.013034 
0.0135215 
0.0139337 
0.0143009 
0.0146461 
0.0149913 
0.015345 
0.0157289 
0.0161385 
0.0166016 
0.0171145 
0.0177051 
0.0183749 
0.019146 
0.0200245 
0.0210288 
0.0221694 
0.0234611 
0.0249123 
0.0265201 
0.028249 
0.029998 
0.0315615 
0.0325837 
0.0325327 
0.0306764 
0.0261592 
0.0181865 
0.00639015 
-0.00875556 
-0.0259905 
-0.0435471 
-0.0598595 
-0.0740926 
-0.0860603 
-0.0951089 
-0.0951089 
0.0406805 
0.0406805 
0.0276515 
0.0165618 
0.0069369 
-0.00134004 
-0.00820983 
-0.0136437 
-0.0176568 
-0.0203427 
-0.0218526 
-0.0223611 
-0.0220327 
-0.0210015 
-0.0193683 
-0.0172139 
-0.0146226 
-0.0117054 
-0.00861166 
-0.00551848 
-0.00259657 
3.28586e-05 
0.00232772 
0.00431424 
0.00600628 
0.00742028 
0.00858567 
0.00953667 
0.0103117 
0.010952 
0.0114975 
0.0119844 
0.0124436 
0.0128953 
0.0133593 
0.0138366 
0.0143539 
0.0148939 
0.0154948 
0.0161425 
0.0168738 
0.017685 
0.0186045 
0.0196388 
0.0208099 
0.0221308 
0.0236201 
0.0252892 
0.0271361 
0.0291215 
0.0311312 
0.0329402 
0.0341659 
0.034252 
0.0324383 
0.0278458 
0.019639 
0.00736505 
-0.00855375 
-0.0266323 
-0.0447339 
-0.0612683 
-0.0755503 
-0.0875837 
-0.0968736 
-0.0968736 
0.0495009 
0.0495009 
0.0359736 
0.0240592 
0.0133943 
0.00396136 
-0.00406642 
-0.0105944 
-0.0155637 
-0.0190229 
-0.0211224 
-0.0220762 
-0.0221114 
-0.0214303 
-0.0201868 
-0.0184818 
-0.0163767 
-0.0139196 
-0.0111772 
-0.0082605 
-0.00532769 
-0.00255784 
-9.79146e-05 
0.00199363 
0.00374633 
0.00519762 
0.00638196 
0.00734335 
0.00813165 
0.00879531 
0.00937843 
0.00992014 
0.0104544 
0.0110024 
0.0115838 
0.0121909 
0.0128518 
0.0135277 
0.0142688 
0.0150488 
0.0159124 
0.0168537 
0.0179051 
0.0190734 
0.0203835 
0.0218513 
0.0234971 
0.0253329 
0.0273543 
0.0295159 
0.0316941 
0.0336521 
0.0349966 
0.0351732 
0.033431 
0.0289142 
0.0207775 
0.00839226 
-0.00803972 
-0.0266171 
-0.0448029 
-0.061261 
-0.0754429 
-0.087438 
-0.0968703 
-0.0968703 
0.0584214 
0.0584214 
0.0444173 
0.0316793 
0.0199361 
0.00926159 
-4.34497e-05 
-0.00777931 
-0.0138102 
-0.0181164 
-0.0208239 
-0.0221723 
-0.0224447 
-0.0219162 
-0.0208172 
-0.0193161 
-0.0175158 
-0.0154623 
-0.0131688 
-0.0106525 
-0.00797146 
-0.00524535 
-0.00264613 
-0.000349779 
0.00154249 
0.0030627 
0.00428632 
0.0052697 
0.00606564 
0.006736 
0.00733837 
0.00792405 
0.00853182 
0.00917664 
0.00986869 
0.0105837 
0.0113678 
0.0121486 
0.0130054 
0.0138877 
0.0148593 
0.0159027 
0.0170546 
0.0183239 
0.0197365 
0.0213101 
0.0230644 
0.0250097 
0.0271371 
0.0293938 
0.0316462 
0.0336479 
0.0350031 
0.0351673 
0.0334269 
0.0289721 
0.0210484 
0.00896478 
-0.00732592 
-0.0256327 
-0.0434432 
-0.0596272 
-0.0736476 
-0.0855556 
-0.0950513 
-0.0950513 
0.0674323 
0.0674323 
0.0529834 
0.0394398 
0.0266006 
0.0146155 
0.00391895 
-0.00515122 
-0.0123632 
-0.0176138 
-0.0209866 
-0.0227385 
-0.0232034 
-0.0227218 
-0.0215908 
-0.0200471 
-0.018264 
-0.01635 
-0.0143489 
-0.0122541 
-0.0100416 
-0.00771391 
-0.00533437 
-0.00303355 
-0.000978617 
0.00070086 
0.00198993 
0.00297391 
0.0037565 
0.00442021 
0.00502698 
0.00563112 
0.00628141 
0.00700514 
0.0078178 
0.00868448 
0.0096483 
0.0105729 
0.0115691 
0.0125768 
0.0136542 
0.0147908 
0.0160234 
0.0173675 
0.0188495 
0.0204892 
0.0223047 
0.0243034 
0.0264707 
0.0287463 
0.0309901 
0.0329519 
0.0342447 
0.034345 
0.0325924 
0.0282365 
0.020608 
0.00907241 
-0.00631437 
-0.0236782 
-0.040794 
-0.0565127 
-0.0702658 
-0.0820297 
-0.0915311 
-0.0915311 
0.0764992 
0.0764992 
0.0616466 
0.0473334 
0.0334033 
0.0200586 
0.00786883 
-0.00266625 
-0.0111791 
-0.0174707 
-0.0215717 
-0.0237519 
-0.024404 
-0.0239399 
-0.0227165 
-0.0210139 
-0.0190468 
-0.0169801 
-0.0149308 
-0.0129578 
-0.0110566 
-0.00917967 
-0.00728027 
-0.00535622 
-0.00346965 
-0.00173623 
-0.000288831 
0.000805623 
0.0016089 
0.00224248 
0.00282181 
0.00345124 
0.00420126 
0.00507836 
0.00604107 
0.00701465 
0.00810844 
0.00910197 
0.0101949 
0.0112711 
0.0124033 
0.0135856 
0.0148529 
0.0162269 
0.0177332 
0.0193923 
0.0212189 
0.0232162 
0.0253626 
0.0275909 
0.0297579 
0.0316159 
0.0327954 
0.0328033 
0.03104 
0.0268341 
0.0196016 
0.00888912 
-0.00512762 
-0.0210542 
-0.0371044 
-0.0521222 
-0.0654719 
-0.0770181 
-0.086465 
-0.086465 
0.0855551 
0.0855551 
0.0703476 
0.0553178 
0.040327 
0.0256007 
0.0118375 
-0.000285178 
-0.0102132 
-0.0176351 
-0.0225198 
-0.0251444 
-0.0259727 
-0.0255082 
-0.0241842 
-0.0223222 
-0.0201488 
-0.0178328 
-0.0155147 
-0.0133169 
-0.0113293 
-0.00958357 
-0.00804539 
-0.00664673 
-0.00533784 
-0.00411092 
-0.00299148 
-0.00201444 
-0.00120202 
-0.000529282 
7.63219e-05 
0.000700198 
0.00143662 
0.00234831 
0.00343576 
0.00466388 
0.00609614 
0.00730033 
0.00853846 
0.00976018 
0.0109729 
0.0122053 
0.0134928 
0.0148711 
0.0163691 
0.0180098 
0.0198058 
0.0217561 
0.0238336 
0.0259662 
0.0280116 
0.0297323 
0.0307834 
0.0307136 
0.0289897 
0.0250344 
0.0183541 
0.00865399 
-0.00381464 
-0.0180422 
-0.032717 
-0.046785 
-0.0595556 
-0.070774 
-0.0800908 
-0.0800908 
0.094495 
0.094495 
0.0789857 
0.0633062 
0.047311 
0.0312152 
0.0158337 
0.00202826 
-0.00941777 
-0.0180492 
-0.0237621 
-0.0268374 
-0.0278171 
-0.0273168 
-0.0258702 
-0.02386 
-0.0215324 
-0.0190451 
-0.0165113 
-0.0140309 
-0.0117116 
-0.0096671 
-0.0079874 
-0.0066929 
-0.00572723 
-0.00500403 
-0.00446381 
-0.00406245 
-0.0037383 
-0.00340106 
-0.00293725 
-0.00223591 
-0.00119223 
0.000217973 
0.0017105 
0.00309472 
0.0046775 
0.00588875 
0.0071705 
0.00840483 
0.00960833 
0.0108096 
0.012048 
0.0133677 
0.0148013 
0.0163731 
0.018093 
0.019955 
0.0219264 
0.0239325 
0.0258358 
0.027415 
0.0283572 
0.0282609 
0.0266629 
0.023081 
0.0171147 
0.00857426 
-0.00229749 
-0.0147737 
-0.0279063 
-0.0408143 
-0.0528184 
-0.0635749 
-0.072671 
-0.072671 
0.103174 
0.103174 
0.0874171 
0.0711647 
0.0542482 
0.0368374 
0.01984 
0.00429478 
-0.0087465 
-0.0186432 
-0.0252112 
-0.0287347 
-0.0298358 
-0.0292562 
-0.0276482 
-0.0254723 
-0.0230091 
-0.0204214 
-0.0178073 
-0.0152348 
-0.0127634 
-0.0104622 
-0.00842844 
-0.00678479 
-0.00563777 
-0.00499462 
-0.00475042 
-0.00475611 
-0.00489857 
-0.00508926 
-0.00522001 
-0.00519597 
-0.0048793 
-0.00405209 
-0.00265589 
-0.000586879 
0.00194729 
0.00368741 
0.00516451 
0.00667405 
0.00801071 
0.00923432 
0.0104268 
0.0116667 
0.0130056 
0.0144752 
0.0160869 
0.0178325 
0.0196768 
0.0215458 
0.0233107 
0.0247714 
0.0256514 
0.0256026 
0.0242315 
0.0211413 
0.0160119 
0.00870871 
-0.000575709 
-0.0113173 
-0.0228405 
-0.0344456 
-0.0455197 
-0.0556782 
-0.0644579 
-0.0644579 
0.111409 
0.111409 
0.0954563 
0.0787126 
0.0609814 
0.0423557 
0.0238081 
0.00652325 
-0.00814903 
-0.0193304 
-0.0267534 
-0.0307118 
-0.0319052 
-0.0312092 
-0.0294045 
-0.0270387 
-0.0244319 
-0.0217565 
-0.0191071 
-0.0165426 
-0.0141087 
-0.0118462 
-0.0097961 
-0.00800158 
-0.00652891 
-0.00547299 
-0.00493017 
-0.00487405 
-0.00514981 
-0.00554863 
-0.00590201 
-0.00616809 
-0.00623844 
-0.00584541 
-0.00501386 
-0.00316978 
-3.68043e-05 
0.0020411 
0.00380351 
0.00533364 
0.00662193 
0.00775099 
0.00881181 
0.00989744 
0.0110749 
0.0123858 
0.0138458 
0.015446 
0.0171497 
0.0188846 
0.0205321 
0.0219154 
0.0227957 
0.0228778 
0.0218323 
0.0193338 
0.0151237 
0.00908857 
0.00135823 
-0.00769674 
-0.0176043 
-0.0278297 
-0.0378541 
-0.0472961 
-0.0556681 
-0.0556681 
0.118989 
0.118989 
0.102884 
0.0857285 
0.067305 
0.0476035 
0.0276439 
0.00870171 
-0.00757074 
-0.020007 
-0.0282501 
-0.032616 
-0.0338767 
-0.0330409 
-0.0310214 
-0.0284545 
-0.0257008 
-0.0229403 
-0.0202621 
-0.0177141 
-0.0153308 
-0.0131441 
-0.0111897 
-0.00950212 
-0.00810837 
-0.00701026 
-0.00619486 
-0.00566298 
-0.00547127 
-0.00565727 
-0.00593125 
-0.00633403 
-0.00674483 
-0.00670438 
-0.00619278 
-0.0052804 
-0.00414268 
-0.00276854 
-0.000483719 
0.00219996 
0.00427927 
0.00572472 
0.00685557 
0.00788257 
0.00893655 
0.0100922 
0.0113866 
0.012825 
0.014381 
0.0159926 
0.0175553 
0.018916 
0.019871 
0.0201721 
0.0195451 
0.0177204 
0.0144814 
0.00971818 
0.0034999 
-0.0039302 
-0.0122462 
-0.02106 
-0.0299563 
-0.0385867 
-0.0464693 
-0.0464693 
0.125682 
0.125682 
0.109463 
0.0919659 
0.0729788 
0.0523653 
0.0311967 
0.0107837 
-0.00695855 
-0.0205536 
-0.0295409 
-0.0342713 
-0.0355807 
-0.0346022 
-0.0323741 
-0.0296173 
-0.02673 
-0.0238982 
-0.0212037 
-0.018683 
-0.0163576 
-0.0142454 
-0.0123656 
-0.0107383 
-0.0093823 
-0.00831551 
-0.00753129 
-0.00701185 
-0.00664352 
-0.00649495 
-0.00637427 
-0.00643824 
-0.00674562 
-0.00686225 
-0.00663589 
-0.00604043 
-0.00501034 
-0.0039994 
-0.00203585 
0.000268196 
0.0021266 
0.0035524 
0.00467237 
0.00564487 
0.0065961 
0.00761502 
0.00875853 
0.0100492 
0.011475 
0.012989 
0.0145057 
0.0158978 
0.0169956 
0.0175923 
0.0174588 
0.0163675 
0.0141278 
0.0106252 
0.00586698 
-1.10873e-05 
-0.00678098 
-0.0141849 
-0.0219082 
-0.0296539 
-0.0369768 
-0.0369768 
0.131259 
0.131259 
0.114957 
0.0971752 
0.0777538 
0.0564021 
0.0342767 
0.0127055 
-0.00622747 
-0.0208177 
-0.0304484 
-0.0354905 
-0.0368412 
-0.0357409 
-0.0333391 
-0.0304294 
-0.0274422 
-0.0245674 
-0.0218782 
-0.0193997 
-0.0171413 
-0.0151102 
-0.0133144 
-0.0117647 
-0.0104643 
-0.00941844 
-0.00860094 
-0.00801201 
-0.00759055 
-0.00738256 
-0.00722258 
-0.00716178 
-0.00721935 
-0.00724263 
-0.00709763 
-0.00674287 
-0.00616366 
-0.00536044 
-0.00426777 
-0.003039 
-0.00173288 
-0.000416813 
0.000889803 
0.00212838 
0.0032952 
0.00444038 
0.0056273 
0.00690501 
0.00829739 
0.00979379 
0.0113427 
0.0128494 
0.0141785 
0.0151593 
0.0155978 
0.0152961 
0.0140783 
0.0118192 
0.00847409 
0.00409176 
-0.0011981 
-0.00721568 
-0.0137432 
-0.0205497 
-0.0272556 
-0.0272556 
0.135507 
0.135507 
0.119154 
0.101129 
0.0813989 
0.0594804 
0.0366599 
0.0143084 
-0.00540098 
-0.020709 
-0.030835 
-0.036118 
-0.0375073 
-0.0363255 
-0.0338092 
-0.0308077 
-0.0277744 
-0.0249001 
-0.0222493 
-0.0198368 
-0.0176608 
-0.0157191 
-0.0140092 
-0.0125345 
-0.01129 
-0.0102811 
-0.00948063 
-0.00889092 
-0.00843994 
-0.00815246 
-0.00793857 
-0.00782635 
-0.00780775 
-0.00778335 
-0.00765821 
-0.00743186 
-0.00698649 
-0.00646833 
-0.00563117 
-0.0046374 
-0.00366099 
-0.00273651 
-0.00184811 
-0.000962262 
-2.75778e-05 
0.00099431 
0.00214551 
0.00344906 
0.00490576 
0.00649933 
0.00819268 
0.00991632 
0.0115672 
0.0130091 
0.0140797 
0.014604 
0.0144138 
0.0133703 
0.0113864 
0.00844143 
0.00457954 
-9.87311e-05 
-0.00543489 
-0.0112771 
-0.017327 
-0.017327 
0.138238 
0.138238 
0.121899 
0.10366 
0.0837396 
0.0614249 
0.0381669 
0.0155078 
-0.00448224 
-0.0201995 
-0.0306463 
-0.0360744 
-0.0374833 
-0.0362617 
-0.0337031 
-0.0306877 
-0.0276784 
-0.0248615 
-0.0222928 
-0.0199778 
-0.0179065 
-0.0160695 
-0.0144571 
-0.0130676 
-0.0118899 
-0.0109248 
-0.0101456 
-0.00955476 
-0.00910364 
-0.00880629 
-0.00859592 
-0.0084776 
-0.00842833 
-0.00840716 
-0.00835108 
-0.00824559 
-0.00803961 
-0.00775563 
-0.00734058 
-0.00685173 
-0.00631044 
-0.0057466 
-0.00515921 
-0.00454613 
-0.00386917 
-0.0030717 
-0.0020982 
-0.00089678 
0.000572135 
0.00231306 
0.00428806 
0.00642523 
0.00862171 
0.0107442 
0.0126361 
0.0141285 
0.0150523 
0.015255 
0.0146181 
0.0130707 
0.0105971 
0.0072335 
0.00306461 
-0.00180876 
-0.0071889 
-0.0071889 
0.139266 
0.139266 
0.123072 
0.104641 
0.0845666 
0.0621236 
0.0388275 
0.0163663 
-0.00347296 
-0.019179 
-0.0296934 
-0.0351711 
-0.0366175 
-0.0354421 
-0.0329508 
-0.0300275 
-0.0271302 
-0.0244392 
-0.0220032 
-0.0198222 
-0.0178811 
-0.0161663 
-0.0146642 
-0.0133695 
-0.0122695 
-0.0113629 
-0.0106265 
-0.0100605 
-0.00962546 
-0.00932684 
-0.00912185 
-0.00901157 
-0.00897117 
-0.00897611 
-0.00897437 
-0.00896846 
-0.00889248 
-0.00879749 
-0.00860413 
-0.00836873 
-0.00812098 
-0.00788038 
-0.00763872 
-0.00737127 
-0.00703071 
-0.00655808 
-0.00588411 
-0.00493569 
-0.00364295 
-0.0019579 
0.000130666 
0.00257912 
0.00529969 
0.00815849 
0.010984 
0.0135808 
0.0157466 
0.0172909 
0.0180531 
0.0179155 
0.0168121 
0.014727 
0.0117023 
0.00778953 
0.00310359 
0.00310359 
0.138532 
0.138532 
0.122631 
0.104087 
0.0839261 
0.0616537 
0.0386944 
0.0167169 
-0.00267444 
-0.0180198 
-0.0282799 
-0.0335981 
-0.0349989 
-0.0338913 
-0.0315499 
-0.0288193 
-0.0261267 
-0.0236358 
-0.0213881 
-0.0193811 
-0.0175986 
-0.0160259 
-0.0146489 
-0.0134607 
-0.012449 
-0.0116113 
-0.0109288 
-0.0104008 
-0.00999961 
-0.00972747 
-0.00955285 
-0.00947387 
-0.00946826 
-0.00952386 
-0.00960585 
-0.00971266 
-0.00980888 
-0.00991462 
-0.00999607 
-0.0100787 
-0.0101627 
-0.0102569 
-0.0103495 
-0.0104164 
-0.0104081 
-0.0102557 
-0.00987422 
-0.00916984 
-0.00804768 
-0.00642782 
-0.0042578 
-0.00153091 
0.00169359 
0.00528954 
0.00907908 
0.012843 
0.0163344 
0.0193053 
0.0215341 
0.0228455 
0.0231208 
0.0222974 
0.0203715 
0.017352 
0.0133234 
0.0133234 
0.135984 
0.135984 
0.12055 
0.102057 
0.0819445 
0.0601069 
0.0378028 
0.0165821 
-0.00204996 
-0.0166744 
-0.0263663 
-0.0313345 
-0.0326331 
-0.0316371 
-0.0295397 
-0.0271043 
-0.0247053 
-0.0224834 
-0.0204749 
-0.0186783 
-0.0170802 
-0.015668 
-0.0144298 
-0.0133593 
-0.0124467 
-0.0116892 
-0.0110729 
-0.0105966 
-0.01024 
-0.0100036 
-0.00986584 
-0.00982498 
-0.00986289 
-0.00997295 
-0.0101284 
-0.0103342 
-0.0105593 
-0.0108288 
-0.0111104 
-0.0114289 
-0.0117833 
-0.0121776 
-0.0125963 
-0.0130082 
-0.0133582 
-0.0135682 
-0.0135376 
-0.0131471 
-0.0122665 
-0.0107711 
-0.00856212 
-0.00558924 
-0.00187284 
0.00245926 
0.00720534 
0.0121252 
0.016934 
0.0213279 
0.0250206 
0.0277721 
0.0294043 
0.0298054 
0.0289278 
0.0267438 
0.0233077 
0.0233077 
0.131607 
0.131607 
0.116827 
0.0986286 
0.0787732 
0.0575894 
0.036193 
0.0159942 
-0.00156124 
-0.0151275 
-0.0239752 
-0.0284418 
-0.0296117 
-0.028784 
-0.0270203 
-0.0249682 
-0.0229351 
-0.0210374 
-0.0193083 
-0.0177508 
-0.0163577 
-0.015121 
-0.0140326 
-0.0130889 
-0.0122832 
-0.011614 
-0.011072 
-0.0106565 
-0.0103544 
-0.010166 
-0.0100763 
-0.0100841 
-0.0101767 
-0.0103512 
-0.0105909 
-0.0109015 
-0.0112656 
-0.0117008 
-0.0121884 
-0.0127437 
-0.0133612 
-0.0140414 
-0.0147683 
-0.0155107 
-0.0162121 
-0.0167881 
-0.0171239 
-0.017075 
-0.0164739 
-0.0151474 
-0.0129417 
-0.00975561 
-0.00556926 
-0.000481188 
0.00528089 
0.0114161 
0.0175781 
0.0233943 
0.0285159 
0.0326497 
0.0355688 
0.0371179 
0.0372104 
0.0357868 
0.0328798 
0.0328798 
0.125418 
0.125418 
0.111485 
0.0938756 
0.0745575 
0.0542411 
0.0339812 
0.0150795 
-0.0010825 
-0.0132977 
-0.0211035 
-0.0249972 
-0.0260668 
-0.0254829 
-0.0241323 
-0.0225281 
-0.0209088 
-0.0193695 
-0.0179445 
-0.0166439 
-0.0154683 
-0.014416 
-0.0134843 
-0.012673 
-0.0119794 
-0.011404 
-0.0109416 
-0.010593 
-0.01035 
-0.0102135 
-0.010174 
-0.0102315 
-0.0103782 
-0.0106141 
-0.0109288 
-0.0113318 
-0.0118113 
-0.0123854 
-0.0130404 
-0.0137909 
-0.0146329 
-0.0155678 
-0.0165808 
-0.017642 
-0.018695 
-0.019651 
-0.0203821 
-0.0207183 
-0.0204512 
-0.0193527 
-0.0172068 
-0.0138503 
-0.00921931 
-0.00337175 
0.00343375 
0.0108151 
0.0183421 
0.0255531 
0.0320315 
0.0374415 
0.0415255 
0.0441016 
0.0450541 
0.0442983 
0.0418529 
0.0418529 
0.1175 
0.1175 
0.104588 
0.0878817 
0.0694316 
0.0502352 
0.0313619 
0.0140426 
-0.000438015 
-0.0110953 
-0.0177798 
-0.0211311 
-0.0221835 
-0.0219245 
-0.0210424 
-0.0199172 
-0.018729 
-0.017559 
-0.0164452 
-0.0154065 
-0.0144518 
-0.0135862 
-0.0128129 
-0.0121357 
-0.0115558 
-0.0110763 
-0.010696 
-0.0104172 
-0.0102362 
-0.0101547 
-0.0101679 
-0.010277 
-0.010479 
-0.0107763 
-0.0111644 
-0.0116552 
-0.0122429 
-0.0129428 
-0.0137481 
-0.0146714 
-0.0157118 
-0.0168727 
-0.0181435 
-0.0194988 
-0.0208854 
-0.0222138 
-0.0233458 
-0.0240874 
-0.0241898 
-0.0233684 
-0.0213407 
-0.0178771 
-0.0128568 
-0.00629021 
0.00156433 
0.0102543 
0.0191959 
0.027786 
0.0355319 
0.0420755 
0.04716 
0.0506033 
0.0522773 
0.0520802 
0.050024 
0.050024 
0.108021 
0.108021 
0.0962818 
0.0807841 
0.0635577 
0.0457867 
0.0285844 
0.0131224 
0.00053411 
-0.00849191 
-0.0141149 
-0.0170458 
-0.0181918 
-0.0183187 
-0.0179206 
-0.0172673 
-0.0164969 
-0.0156839 
-0.0148718 
-0.0140876 
-0.013348 
-0.0126647 
-0.0120463 
-0.0115004 
-0.0110324 
-0.0106478 
-0.0103487 
-0.0101394 
-0.0100193 
-0.00999151 
-0.0100546 
-0.0102118 
-0.0104635 
-0.0108147 
-0.0112655 
-0.0118295 
-0.0125044 
-0.013305 
-0.0142298 
-0.0152927 
-0.0164973 
-0.0178506 
-0.0193471 
-0.0209672 
-0.0226633 
-0.0243469 
-0.0258717 
-0.0270232 
-0.0275145 
-0.0270062 
-0.0251497 
-0.0216514 
-0.0163274 
-0.00913713 
-0.000272406 
0.00976145 
0.020129 
0.0300398 
0.038921 
0.0464173 
0.0523061 
0.056433 
0.0586741 
0.058918 
0.0571768 
0.0571768 
0.0972769 
0.0972769 
0.0868367 
0.0728225 
0.0571699 
0.0411543 
0.0259117 
0.0125265 
0.00191019 
-0.0055822 
-0.0103228 
-0.0130019 
-0.0143352 
-0.0148623 
-0.0149175 
-0.014693 
-0.0143014 
-0.0138144 
-0.0132803 
-0.0127326 
-0.0121944 
-0.0116826 
-0.0112105 
-0.0107895 
-0.0104281 
-0.0101344 
-0.00991326 
-0.00977055 
-0.00970866 
-0.0097317 
-0.00984147 
-0.0100426 
-0.0103386 
-0.0107371 
-0.0112417 
-0.0118665 
-0.0126117 
-0.0134915 
-0.0145099 
-0.0156815 
-0.0170149 
-0.0185214 
-0.020202 
-0.0220459 
-0.0240107 
-0.0260096 
-0.0278915 
-0.029426 
-0.0302931 
-0.0301039 
-0.0284526 
-0.0249939 
-0.019487 
-0.0118578 
-0.00212833 
0.00925616 
0.021048 
0.0321776 
0.0420105 
0.0502458 
0.0567311 
0.0613577 
0.0640145 
0.0645857 
0.06309 
0.06309 
0.0856955 
0.0856955 
0.0766523 
0.0643515 
0.0505804 
0.0366189 
0.0235637 
0.012349 
0.00360369 
-0.00259208 
-0.00669065 
-0.00926815 
-0.0108233 
-0.0117078 
-0.0121462 
-0.0122822 
-0.012213 
-0.0120079 
-0.0117181 
-0.0113809 
-0.0110238 
-0.0106677 
-0.0103295 
-0.0100232 
-0.00976034 
-0.00955068 
-0.00940161 
-0.00932021 
-0.00931113 
-0.00937946 
-0.00952945 
-0.00976718 
-0.0100991 
-0.0105352 
-0.0110809 
-0.0117477 
-0.0125407 
-0.0134742 
-0.0145564 
-0.0158036 
-0.017229 
-0.0188482 
-0.0206687 
-0.0226843 
-0.0248598 
-0.0271139 
-0.0292969 
-0.0311645 
-0.032363 
-0.0324621 
-0.031012 
-0.0276289 
-0.0220391 
-0.0141554 
-0.00380349 
0.00876504 
0.0218437 
0.0339547 
0.0444893 
0.0532443 
0.0601417 
0.0651132 
0.0680591 
0.0688612 
0.0675535 
0.0675535 
0.0738034 
0.0738034 
0.0662251 
0.0558063 
0.0441415 
0.0324309 
0.0216467 
0.0125088 
0.0053733 
0.000169396 
-0.0035023 
-0.00605034 
-0.00779095 
-0.00894765 
-0.0096773 
-0.0100935 
-0.0102816 
-0.0103075 
-0.0102221 
-0.0100642 
-0.0098636 
-0.00964368 
-0.00942358 
-0.00921946 
-0.00904452 
-0.00891017 
-0.00882542 
-0.00879839 
-0.00883548 
-0.0089425 
-0.00912545 
-0.00939232 
-0.00975198 
-0.0102146 
-0.0107854 
-0.0114774 
-0.0122978 
-0.0132608 
-0.0143777 
-0.0156663 
-0.0171433 
-0.0188278 
-0.0207328 
-0.0228587 
-0.0251771 
-0.0276107 
-0.030007 
-0.0321124 
-0.0335609 
-0.0338957 
-0.0326376 
-0.0293731 
-0.0237924 
-0.0157965 
-0.0051976 
0.00822773 
0.0222571 
0.0350035 
0.0459716 
0.0550643 
0.0622379 
0.0674433 
0.0705861 
0.0715492 
0.0703933 
0.0703933 
0.0621708 
0.0621708 
0.0560876 
0.0476336 
0.0381671 
0.0287272 
0.0200913 
0.0127564 
0.00689922 
0.00241987 
-0.00093942 
-0.00344765 
-0.00529119 
-0.00661822 
-0.0075434 
-0.00815855 
-0.00853797 
-0.00874186 
-0.00881857 
-0.00880631 
-0.00873518 
-0.00862961 
-0.00850988 
-0.00839323 
-0.008294 
-0.0082245 
-0.00819479 
-0.00821371 
-0.00828889 
-0.00842634 
-0.00863364 
-0.00892072 
-0.0092978 
-0.00977283 
-0.0103537 
-0.0110526 
-0.0118787 
-0.012846 
-0.0139678 
-0.0152624 
-0.0167489 
-0.0184485 
-0.0203782 
-0.0225434 
-0.0249228 
-0.0274458 
-0.0299622 
-0.0322129 
-0.0338152 
-0.0342884 
-0.0331249 
-0.029886 
-0.0242822 
-0.0161614 
-0.00543227 
0.00771793 
0.0217809 
0.0348597 
0.0461066 
0.0554376 
0.0628048 
0.0681714 
0.0714483 
0.0725254 
0.0715022 
0.0715022 
0.0513536 
0.0513536 
0.0467275 
0.0401897 
0.0328261 
0.0254636 
0.018674 
0.0127931 
0.00792809 
0.00402389 
0.000943627 
-0.0014615 
-0.00331528 
-0.00471564 
-0.00574853 
-0.00648767 
-0.00699602 
-0.00732672 
-0.00752382 
-0.00762315 
-0.00765376 
-0.00763979 
-0.00760165 
-0.00755682 
-0.00752004 
-0.00750396 
-0.00751913 
-0.00757488 
-0.00767934 
-0.00783841 
-0.00806147 
-0.00835997 
-0.0087423 
-0.00921703 
-0.00979284 
-0.0104813 
-0.0112925 
-0.01224 
-0.0133376 
-0.0146034 
-0.0160571 
-0.0177202 
-0.0196116 
-0.0217401 
-0.0240901 
-0.0265988 
-0.0291239 
-0.0314116 
-0.0330796 
-0.0336378 
-0.0325623 
-0.0294 
-0.0238595 
-0.0158306 
-0.00537599 
0.00715013 
0.0205895 
0.0334675 
0.0447623 
0.0542018 
0.0616786 
0.0671454 
0.0705172 
0.0717052 
0.0708672 
0.0708672 
0.0417942 
0.0417942 
0.0384725 
0.0336352 
0.0280934 
0.0224649 
0.0171609 
0.0124296 
0.00836943 
0.00497927 
0.00220235 
-3.66248e-05 
-0.00181889 
-0.00321083 
-0.00427694 
-0.00507491 
-0.00565654 
-0.00606714 
-0.00634542 
-0.00652372 
-0.00662897 
-0.00668403 
-0.00670857 
-0.00671958 
-0.00673156 
-0.00675699 
-0.00680639 
-0.00688937 
-0.00701364 
-0.00718522 
-0.00741511 
-0.00771461 
-0.00809087 
-0.00855247 
-0.00910858 
-0.00976988 
-0.0105466 
-0.0114513 
-0.0124975 
-0.0137021 
-0.0150835 
-0.0166619 
-0.0184555 
-0.0204746 
-0.0227078 
-0.0251008 
-0.0275248 
-0.0297427 
-0.0313876 
-0.0319793 
-0.0309942 
-0.0279776 
-0.0226511 
-0.0149594 
-0.00507308 
0.00655477 
0.0190369 
0.0312424 
0.0422226 
0.0515331 
0.0589685 
0.064437 
0.0678497 
0.0691449 
0.0685365 
0.0685365 
0.0336832 
0.0336832 
0.0314035 
0.0279292 
0.0238366 
0.019573 
0.0154403 
0.0116399 
0.00827289 
0.00537311 
0.00292918 
0.000906675 
-0.000740208 
-0.00206093 
-0.00310039 
-0.00390311 
-0.00451034 
-0.00495957 
-0.00528372 
-0.00551098 
-0.00566548 
-0.00576809 
-0.00583706 
-0.00588831 
-0.00593554 
-0.00599065 
-0.00606373 
-0.00616431 
-0.00629893 
-0.00647428 
-0.00670235 
-0.00699273 
-0.00735198 
-0.00778864 
-0.00831147 
-0.00893026 
-0.00965464 
-0.010496 
-0.0114665 
-0.0125809 
-0.0138553 
-0.0153069 
-0.0169515 
-0.018798 
-0.0208376 
-0.0230249 
-0.0252493 
-0.0273018 
-0.0288505 
-0.0294486 
-0.0285949 
-0.0258443 
-0.0209277 
-0.0138218 
-0.00475244 
0.00581783 
0.0171589 
0.0283946 
0.0387154 
0.0476171 
0.0548132 
0.0601561 
0.0635479 
0.0649531 
0.0646208 
0.0646208 
0.0269298 
0.0269298 
0.0253998 
0.0229368 
0.0199405 
0.0167293 
0.0135276 
0.0105025 
0.00775062 
0.00532135 
0.00322664 
0.00145617 
-1.40367e-05 
-0.0012169 
-0.0021838 
-0.002948 
-0.00354143 
-0.00399418 
-0.00433342 
-0.00458299 
-0.00476376 
-0.00489417 
-0.00499057 
-0.00506733 
-0.00513697 
-0.00521039 
-0.00529703 
-0.00540567 
-0.0055417 
-0.00571256 
-0.00593017 
-0.00620178 
-0.00653402 
-0.00693474 
-0.00741206 
-0.00797462 
-0.00863108 
-0.00939118 
-0.0102654 
-0.0112657 
-0.012405 
-0.0136968 
-0.0151528 
-0.0167789 
-0.0185668 
-0.0204792 
-0.0224257 
-0.0242333 
-0.0256211 
-0.0261987 
-0.0255115 
-0.0231372 
-0.0188068 
-0.012494 
-0.00443001 
0.00494212 
0.0150076 
0.0250683 
0.0344546 
0.0426786 
0.0494195 
0.0544914 
0.0577905 
0.0593031 
0.0592819 
0.0592819 
0.0212839 
0.0212839 
0.0202607 
0.0185216 
0.0163418 
0.0139434 
0.0114917 
0.0091218 
0.00691837 
0.0049337 
0.00318991 
0.00169004 
0.000423544 
-0.000628642 
-0.00148913 
-0.00218127 
-0.00272931 
-0.00315665 
-0.00348502 
-0.00373394 
-0.00392088 
-0.00406154 
-0.00417008 
-0.00425896 
-0.00433927 
-0.00442049 
-0.00451142 
-0.00461917 
-0.00474851 
-0.00490742 
-0.00510628 
-0.00535072 
-0.00564701 
-0.00600219 
-0.00642335 
-0.00691794 
-0.0074933 
-0.0081574 
-0.00891863 
-0.0097862 
-0.0107696 
-0.0118783 
-0.0131192 
-0.0144947 
-0.0159953 
-0.0175898 
-0.019207 
-0.0207125 
-0.0218852 
-0.0224092 
-0.0219002 
-0.0199789 
-0.0163769 
-0.0110342 
-0.00413596 
0.0039259 
0.0126185 
0.0213637 
0.0296144 
0.0369384 
0.0430247 
0.0476805 
0.050807 
0.0524073 
0.0527045 
0.0527045 
0.0164732 
0.0164732 
0.015788 
0.0145677 
0.0130007 
0.0112379 
0.00939811 
0.00758625 
0.00587139 
0.0043013 
0.00290043 
0.00167816 
0.000631927 
-0.000248416 
-0.000978084 
-0.00157299 
-0.002051 
-0.00242974 
-0.00272598 
-0.00295511 
-0.00313118 
-0.00326702 
-0.00337441 
-0.00346367 
-0.00354427 
-0.003624 
-0.00371081 
-0.00380981 
-0.00392541 
-0.00406559 
-0.00423831 
-0.00444827 
-0.00470094 
-0.00500235 
-0.00535844 
-0.00577535 
-0.00625898 
-0.00681552 
-0.00745123 
-0.00817269 
-0.00898634 
-0.00989771 
-0.01091 
-0.0120217 
-0.0132218 
-0.0144835 
-0.0157513 
-0.0169257 
-0.0178447 
-0.0182735 
-0.0179159 
-0.01646 
-0.0136568 
-0.00940703 
-0.00381523 
0.00281869 
0.010046 
0.01737 
0.0243407 
0.0305953 
0.0358624 
0.0399694 
0.0428346 
0.0444729 
0.0450518 
0.0450518 
0.012267 
0.012267 
0.0118131 
0.0109744 
0.00987776 
0.00862228 
0.00729026 
0.00595901 
0.00468109 
0.00349583 
0.00242533 
0.00148064 
0.000663238 
-3.1639e-05 
-0.000613469 
-0.00109283 
-0.00148224 
-0.00179444 
-0.00204176 
-0.00223573 
-0.00238704 
-0.00250566 
-0.00260082 
-0.00268064 
-0.00275273 
-0.00282313 
-0.00289855 
-0.00298232 
-0.0030784 
-0.00319388 
-0.00333436 
-0.00350381 
-0.00370657 
-0.00394756 
-0.00423147 
-0.00456305 
-0.00494678 
-0.00538712 
-0.00588842 
-0.00645502 
-0.00709079 
-0.00779846 
-0.00857834 
-0.0094264 
-0.0103312 
-0.0112692 
-0.0121978 
-0.0130451 
-0.0136992 
-0.0139998 
-0.0137414 
-0.0126971 
-0.0106666 
-0.00753764 
-0.00333699 
0.0017544 
0.00740943 
0.0132125 
0.0187898 
0.0238454 
0.0281594 
0.0315944 
0.0340914 
0.03567 
0.0364308 
0.0364308 
0.00848431 
0.00848431 
0.00819679 
0.00765102 
