0 
-0.000587415 
0.000392071 
0.00160543 
0.00211228 
0.00235248 
0.00246836 
0.00250599 
0.0025018 
0.00247617 
0.00244193 
0.00240602 
0.0023714 
0.0023383 
0.0023052 
0.00226953 
0.00222821 
0.002178 
0.00211579 
0.0020388 
0.00194471 
0.0018318 
0.00169899 
0.00154591 
0.00137286 
0.00118082 
0.000971407 
0.000746795 
0.000509702 
0.000263318 
1.24537e-05 
-0.000236862 
-0.000481934 
-0.000721758 
-0.000954634 
-0.00117837 
-0.00139087 
-0.00158991 
-0.00177293 
-0.00193687 
-0.00207816 
-0.00219268 
-0.00227596 
-0.00232342 
-0.00233073 
-0.00229424 
-0.00221163 
-0.00208323 
-0.00191495 
-0.00172251 
-0.00153231 
-0.00137132 
-0.00124839 
-0.00114588 
-0.00103532 
-0.000901259 
-0.000747496 
-0.000585668 
-0.000424567 
-0.000269634 
-0.000124961 
3.55575e-06 
0.000110383 
0.000188366 
0.000231424 
0 
0.000587415 
0.000587415 
-0.000392071 
-0.00160543 
-0.00211228 
-0.00235248 
-0.00246836 
-0.00250599 
-0.0025018 
-0.00247617 
-0.00244193 
-0.00240602 
-0.0023714 
-0.0023383 
-0.0023052 
-0.00226953 
-0.00222821 
-0.002178 
-0.00211579 
-0.0020388 
-0.00194471 
-0.0018318 
-0.00169899 
-0.00154591 
-0.00137286 
-0.00118082 
-0.000971407 
-0.000746795 
-0.000509702 
-0.000263318 
-1.24537e-05 
0.000236862 
0.000481934 
0.000721758 
0.000954634 
0.00117837 
0.00139087 
0.00158991 
0.00177293 
0.00193687 
0.00207816 
0.00219268 
0.00227596 
0.00232342 
0.00233073 
0.00229424 
0.00221163 
0.00208323 
0.00191495 
0.00172251 
0.00153231 
0.00137132 
0.00124839 
0.00114588 
0.00103532 
0.000901259 
0.000747496 
0.000585668 
0.000424567 
0.000269634 
0.000124961 
-3.55575e-06 
-0.000110383 
-0.000188366 
-0.000231424 
-0.000231424 
0.000918008 
0.000918008 
-0.00236412 
-0.00434526 
-0.00554531 
-0.00619426 
-0.00652469 
-0.00665046 
-0.00666156 
-0.00661454 
-0.00654581 
-0.00647571 
-0.00641309 
-0.00635887 
-0.00630873 
-0.00625518 
-0.00618908 
-0.00610064 
-0.00598033 
-0.00581939 
-0.00561033 
-0.00534722 
-0.00502594 
-0.00464433 
-0.00420219 
-0.00370127 
-0.00314514 
-0.002539 
-0.00188949 
-0.00120427 
-0.000492331 
0.000235207 
0.000968394 
0.0016999 
0.00242237 
0.00312816 
0.00380944 
0.00445791 
0.00506431 
0.00561785 
0.00610603 
0.00651475 
0.00682887 
0.00703324 
0.00711401 
0.00706027 
0.00686617 
0.00653474 
0.0060851 
0.00556177 
0.0050347 
0.00457267 
0.00419776 
0.00386753 
0.00351574 
0.00310918 
0.00265958 
0.00219466 
0.00173502 
0.0012912 
0.000873351 
0.000494192 
0.000171032 
-6.68315e-05 
-0.00019907 
-0.00019907 
-0.00225646 
-0.00225646 
-0.00504975 
-0.00728507 
-0.00885968 
-0.00978499 
-0.0102629 
-0.0104443 
-0.010458 
-0.0103914 
-0.0103006 
-0.0102164 
-0.0101513 
-0.0101049 
-0.0100688 
-0.0100293 
-0.00997057 
-0.00987555 
-0.00972783 
-0.00951234 
-0.00921614 
-0.00882894 
-0.00834351 
-0.00775587 
-0.00706538 
-0.00627469 
-0.00538955 
-0.00441853 
-0.00337254 
-0.00226424 
-0.00110688 
8.50789e-05 
0.00129595 
0.00251087 
0.00371652 
0.00490019 
0.00604908 
0.00714958 
0.00818638 
0.00914149 
0.00999363 
0.0107184 
0.0112893 
0.0116795 
0.0118646 
0.0118256 
0.0115533 
0.011054 
0.0103598 
0.00954128 
0.0087038 
0.00794766 
0.00730304 
0.00670953 
0.00607872 
0.00537199 
0.00460996 
0.0038297 
0.00305616 
0.00230417 
0.00158669 
0.000928738 
0.000364053 
-5.81804e-05 
-0.000297644 
-0.000297644 
-0.0047244 
-0.0047244 
-0.00778539 
-0.0102985 
-0.0120474 
-0.0130599 
-0.0135557 
-0.0137184 
-0.013703 
-0.0136151 
-0.0135206 
-0.0134531 
-0.0134232 
-0.0134254 
-0.0134441 
-0.0134582 
-0.0134435 
-0.0133754 
-0.0132304 
-0.012987 
-0.012627 
-0.0121359 
-0.0115038 
-0.0107251 
-0.00979925 
-0.00873011 
-0.00752608 
-0.00619966 
-0.00476687 
-0.00324651 
-0.001659 
-2.63102e-05 
0.0016295 
0.00328941 
0.00493634 
0.00655445 
0.00812841 
0.00964185 
0.0110759 
0.0124074 
0.0136079 
0.0146435 
0.0154762 
0.0160666 
0.0163781 
0.0163822 
0.0160646 
0.0154341 
0.0145351 
0.0134611 
0.0123473 
0.0113164 
0.0104001 
0.00952399 
0.008591 
0.00756909 
0.00648904 
0.0053916 
0.00430117 
0.00322964 
0.00220105 
0.00124425 
0.000400921 
-0.000241976 
-0.000614451 
-0.000614451 
-0.0077938 
-0.0077938 
-0.0108588 
-0.013388 
-0.0150914 
-0.0160359 
-0.0164561 
-0.0165559 
-0.0165033 
-0.0164101 
-0.0163429 
-0.0163311 
-0.0163777 
-0.0164687 
-0.0165797 
-0.0166808 
-0.0167398 
-0.0167248 
-0.0166054 
-0.0163544 
-0.0159486 
-0.0153699 
-0.0146057 
-0.0136494 
-0.0125005 
-0.0111641 
-0.00965159 
-0.00797927 
-0.00616853 
-0.00424473 
-0.00223601 
-0.000172044 
0.00191963 
0.00401327 
0.00608583 
0.00811707 
0.0100889 
0.0119834 
0.0137807 
0.0154559 
0.016977 
0.0183038 
0.0193891 
0.0201818 
0.020633 
0.0207032 
0.0203716 
0.0196477 
0.0185867 
0.017303 
0.0159556 
0.0146796 
0.0135009 
0.0123343 
0.0110873 
0.00974414 
0.00834598 
0.00693075 
0.00551729 
0.00411589 
0.00273545 
0.00141938 
0.000240468 
-0.000693447 
-0.00126377 
-0.00126377 
-0.0104212 
-0.0104212 
-0.0136842 
-0.0162067 
-0.0177882 
-0.0185957 
-0.0188995 
-0.0189239 
-0.0188438 
-0.0187701 
-0.0187627 
-0.0188407 
-0.0189962 
-0.0192047 
-0.0194324 
-0.0196414 
-0.0197921 
-0.0198461 
-0.0197669 
-0.0195221 
-0.0190839 
-0.0184307 
-0.0175473 
-0.0164261 
-0.0150664 
-0.0134748 
-0.0116649 
-0.00965682 
-0.00747726 
-0.00515812 
-0.00273546 
-0.000248268 
0.00226562 
0.00477286 
0.00724454 
0.00965668 
0.0119894 
0.0142248 
0.0163433 
0.0183205 
0.0201236 
0.021709 
0.0230227 
0.024004 
0.0245922 
0.0247369 
0.0244096 
0.0236199 
0.0224328 
0.0209816 
0.019443 
0.0179545 
0.0165284 
0.0150737 
0.0135152 
0.0118605 
0.010156 
0.00843218 
0.00669152 
0.00492231 
0.00313981 
0.00140708 
-0.00018912 
-0.00151741 
-0.00238639 
-0.00238639 
-0.0130191 
-0.0130191 
-0.0163776 
-0.0187824 
-0.0201594 
-0.0207853 
-0.020956 
-0.0209094 
-0.0208191 
-0.0207883 
-0.0208646 
-0.0210534 
-0.0213344 
-0.0216728 
-0.0220268 
-0.0223515 
-0.0226018 
-0.0227334 
-0.0227046 
-0.0224776 
-0.0220203 
-0.0213073 
-0.0203211 
-0.0190525 
-0.0175007 
-0.015673 
-0.013585 
-0.0112601 
-0.00872981 
-0.00603244 
-0.00321195 
-0.000315913 
0.00260934 
0.00551972 
0.00837761 
0.0111533 
0.0138241 
0.0163718 
0.0187784 
0.0210216 
0.0230699 
0.0248793 
0.0263918 
0.0275394 
0.0282517 
0.028468 
0.0281534 
0.0273174 
0.0260357 
0.0244585 
0.022773 
0.0211069 
0.0194537 
0.0177251 
0.0158751 
0.0139351 
0.0119511 
0.00993212 
0.00784451 
0.00566999 
0.00344751 
0.00123135 
-0.000914796 
-0.00281569 
-0.00414644 
-0.00414644 
-0.015239 
-0.015239 
-0.0187064 
-0.0209695 
-0.0221342 
-0.0225864 
-0.0226388 
-0.0225402 
-0.0224586 
-0.0224867 
-0.0226577 
-0.0229628 
-0.0233703 
-0.0238371 
-0.0243151 
-0.0247547 
-0.0251057 
-0.0253191 
-0.0253478 
-0.0251489 
-0.0246855 
-0.0239284 
-0.0228573 
-0.0214614 
-0.0197392 
-0.0176983 
-0.0153553 
-0.0127363 
-0.00987652 
-0.00682029 
-0.00361892 
-0.000329324 
0.00298882 
0.00627954 
0.00949727 
0.0126079 
0.0155869 
0.0184161 
0.021079 
0.0235557 
0.0258166 
0.0278179 
0.0294994 
0.0307878 
0.0316051 
0.0318825 
0.0315803 
0.0307108 
0.0293616 
0.0276978 
0.0259075 
0.0240969 
0.0222397 
0.020263 
0.0181584 
0.0159769 
0.0137482 
0.0114335 
0.00898331 
0.00639449 
0.00368183 
0.000861965 
-0.00203114 
-0.00473511 
-0.00670805 
-0.00670805 
-0.0171811 
-0.0171811 
-0.0207023 
-0.0227938 
-0.0237506 
-0.0240488 
-0.024003 
-0.0238703 
-0.0238087 
-0.0239003 
-0.0241632 
-0.0245766 
-0.0250996 
-0.0256832 
-0.0262752 
-0.0268223 
-0.0272707 
-0.0275665 
-0.0276577 
-0.0274961 
-0.0270399 
-0.0262557 
-0.0251201 
-0.0236205 
-0.0217546 
-0.0195296 
-0.0169623 
-0.0140799 
-0.0109213 
-0.007536 
-0.00398213 
-0.000324973 
0.0033631 
0.00701118 
0.0105643 
0.0139838 
0.0172438 
0.020327 
0.023219 
0.0259021 
0.0283482 
0.030514 
0.0323377 
0.033742 
0.0346429 
0.0349669 
0.0346727 
0.0337794 
0.032389 
0.0306776 
0.028822 
0.0268972 
0.0248642 
0.0226806 
0.0203783 
0.0180124 
0.0155672 
0.0129716 
0.010181 
0.00715685 
0.00385572 
0.000224437 
-0.00368174 
-0.00737357 
-0.010079 
-0.010079 
-0.0187504 
-0.0187504 
-0.0223013 
-0.0242284 
-0.0250118 
-0.0251911 
-0.0250735 
-0.0249229 
-0.024886 
-0.025036 
-0.0253783 
-0.025883 
-0.026503 
-0.0271856 
-0.0278763 
-0.0285193 
-0.0290574 
-0.0294328 
-0.0295887 
-0.0294715 
-0.0290344 
-0.0282395 
-0.0270603 
-0.025482 
-0.023501 
-0.0211237 
-0.0183659 
-0.0152552 
-0.0118327 
-0.00815273 
-0.00427868 
-0.000284289 
0.00373993 
0.00770778 
0.0115579 
0.01525 
0.0187585 
0.0220673 
0.0251634 
0.0280298 
0.030639 
0.0329468 
0.0348895 
0.0363864 
0.0373501 
0.0377049 
0.0374137 
0.0365072 
0.0351035 
0.0333825 
0.0314962 
0.0294854 
0.0273133 
0.0249815 
0.0225544 
0.0200606 
0.0174388 
0.0146039 
0.0114713 
0.00792048 
0.00382023 
-0.00091016 
-0.00599459 
-0.0106728 
-0.0140628 
-0.0140628 
-0.0199775 
-0.0199775 
-0.0235235 
-0.0253029 
-0.0259532 
-0.0260472 
-0.0258814 
-0.0257232 
-0.0257084 
-0.0259045 
-0.026307 
-0.0268807 
-0.0275747 
-0.0283347 
-0.0291049 
-0.0298279 
-0.0304441 
-0.0308924 
-0.0311116 
-0.0310433 
-0.0306354 
-0.0298456 
-0.0286435 
-0.0270117 
-0.0249454 
-0.0224499 
-0.0195394 
-0.0162404 
-0.0125956 
-0.00866453 
-0.00451441 
-0.00022647 
0.00408941 
0.0083316 
0.0124357 
0.0163624 
0.0200877 
0.0235963 
0.0268749 
0.0299058 
0.0326599 
0.0350909 
0.0371321 
0.0387002 
0.0397065 
0.0400781 
0.0397874 
0.0388825 
0.0374964 
0.0358014 
0.0339132 
0.0318454 
0.0295844 
0.027182 
0.0247098 
0.0221506 
0.0194062 
0.0163471 
0.0127911 
0.00850606 
0.00332798 
-0.00267471 
-0.0088802 
-0.0144092 
-0.0183881 
-0.0183881 
-0.0208535 
-0.0208535 
-0.0243709 
-0.0260333 
-0.026596 
-0.0266376 
-0.0264455 
-0.0262861 
-0.0262871 
-0.0265131 
-0.0269537 
-0.0275718 
-0.0283147 
-0.0291281 
-0.0299556 
-0.0307393 
-0.0314181 
-0.0319284 
-0.0322056 
-0.0321871 
-0.0318159 
-0.0310449 
-0.0298392 
-0.0281782 
-0.0260557 
-0.0234761 
-0.0204522 
-0.0170076 
-0.0131849 
-0.00904919 
-0.00467198 
-0.000147302 
0.00439434 
0.00884872 
0.0131563 
0.0172791 
0.0211922 
0.0248782 
0.0283212 
0.0315005 
0.0343833 
0.0369197 
0.0390399 
0.0406588 
0.0416894 
0.0420671 
0.0417805 
0.0408984 
0.0395629 
0.0379243 
0.0360576 
0.0339681 
0.0316871 
0.0293053 
0.0268695 
0.0243071 
0.0214665 
0.0181187 
0.013947 
0.00866526 
0.0022273 
-0.00499133 
-0.0121262 
-0.0183616 
-0.0228482 
-0.0228482 
-0.0214 
-0.0214 
-0.0248709 
-0.0264511 
-0.0269678 
-0.0269853 
-0.0267846 
-0.0266268 
-0.0266352 
-0.0268734 
-0.0273295 
-0.0279673 
-0.0287338 
-0.0295756 
-0.0304366 
-0.0312592 
-0.0319819 
-0.0325398 
-0.0328659 
-0.032894 
-0.0325632 
-0.0318215 
-0.0306293 
-0.0289616 
-0.0268105 
-0.0241802 
-0.0210829 
-0.01754 
-0.0135905 
-0.00930331 
-0.00476107 
-7.62827e-05 
0.00461664 
0.00922564 
0.0136934 
0.0179792 
0.0220539 
0.0258959 
0.0294847 
0.0327947 
0.0357882 
0.0384106 
0.0405889 
0.042238 
0.0432773 
0.0436561 
0.0433854 
0.0425532 
0.0412992 
0.0397389 
0.0379166 
0.0358569 
0.0336435 
0.0313777 
0.0290485 
0.0265198 
0.0235447 
0.0197517 
0.0147306 
0.00827384 
0.000583952 
-0.0076608 
-0.0155373 
-0.0223634 
-0.0272939 
-0.0272939 
-0.0216356 
-0.0216356 
-0.0250445 
-0.0265795 
-0.027088 
-0.0271067 
-0.0269143 
-0.0267609 
-0.0267691 
-0.027003 
-0.0274537 
-0.0280871 
-0.0288523 
-0.029697 
-0.0305666 
-0.0314045 
-0.0321499 
-0.0327381 
-0.0331011 
-0.0331709 
-0.032883 
-0.0321812 
-0.0310183 
-0.0293663 
-0.0272142 
-0.0245655 
-0.0214342 
-0.0178429 
-0.0138276 
-0.00945373 
-0.00481375 
-3.84724e-05 
0.0047454 
0.00945962 
0.0140465 
0.0184612 
0.022669 
0.0266423 
0.0303544 
0.0337732 
0.0368549 
0.03954 
0.0417532 
0.0434131 
0.04445 
0.0448338 
0.0445996 
0.0438475 
0.0426998 
0.0412348 
0.039486 
0.0375283 
0.0354827 
0.0334114 
0.0312353 
0.0287294 
0.025509 
0.0210739 
0.0150253 
0.00735861 
-0.00143994 
-0.0104999 
-0.0189782 
-0.0262953 
-0.0316158 
-0.0316158 
-0.0215681 
-0.0215681 
-0.0249303 
-0.0264526 
-0.0269808 
-0.0270215 
-0.0268492 
-0.0267018 
-0.0267034 
-0.0269197 
-0.0273473 
-0.0279557 
-0.0286969 
-0.0295209 
-0.0303748 
-0.0312038 
-0.031949 
-0.0325468 
-0.0329296 
-0.0330285 
-0.0327768 
-0.0321146 
-0.0309933 
-0.0293792 
-0.0272561 
-0.024625 
-0.0215013 
-0.0179126 
-0.0138997 
-0.0095227 
-0.00486512 
-5.1715e-05 
0.00478792 
0.00957144 
0.0142408 
0.0187483 
0.0230555 
0.027129 
0.0309349 
0.0344338 
0.0375753 
0.0402954 
0.0425193 
0.044173 
0.0452039 
0.045606 
0.0454347 
0.0447866 
0.0437557 
0.0423997 
0.0407793 
0.0390144 
0.0372198 
0.0353979 
0.0333874 
0.0308414 
0.027228 
0.0219864 
0.0148417 
0.00605113 
-0.00366321 
-0.0133811 
-0.0223543 
-0.0300698 
-0.0357297 
-0.0357297 
-0.0212192 
-0.0212192 
-0.0245566 
-0.026094 
-0.0266639 
-0.0267451 
-0.0266042 
-0.0264667 
-0.0264583 
-0.0266472 
-0.0270374 
-0.0276032 
-0.0283007 
-0.0290824 
-0.029898 
-0.0306954 
-0.0314185 
-0.0320063 
-0.0323934 
-0.0325116 
-0.0322935 
-0.0316766 
-0.0306082 
-0.0290502 
-0.026982 
-0.0244011 
-0.0213223 
-0.0177756 
-0.0138073 
-0.00947974 
-0.00487384 
-9.37389e-05 
0.00474576 
0.00955389 
0.0142684 
0.0188343 
0.0232072 
0.0273469 
0.0312123 
0.0347568 
0.0379243 
0.0406489 
0.0428604 
0.0444979 
0.0455298 
0.0459724 
0.0458891 
0.0453612 
0.0444593 
0.043247 
0.0418258 
0.0403348 
0.0388517 
0.0373068 
0.0354378 
0.0327574 
0.0286182 
0.0224853 
0.0142798 
0.00450765 
-0.00595949 
-0.0162237 
-0.0255955 
-0.0336204 
-0.0395694 
-0.0395694 
-0.0206112 
-0.0206112 
-0.0239464 
-0.0255226 
-0.0261538 
-0.0262928 
-0.0261954 
-0.0260744 
-0.0260562 
-0.0262127 
-0.0265556 
-0.0270653 
-0.0277029 
-0.0284238 
-0.0291808 
-0.029925 
-0.0306037 
-0.03116 
-0.0315319 
-0.0316539 
-0.0314599 
-0.0308869 
-0.0298797 
-0.0283962 
-0.0264108 
-0.0239167 
-0.0209258 
-0.0174676 
-0.0135888 
-0.00935096 
-0.00483236 
-0.000126963 
0.00466187 
0.00944556 
0.0141575 
0.0187374 
0.0231336 
0.0272981 
0.0311826 
0.0347343 
0.0378937 
0.0405968 
0.0427823 
0.0444058 
0.0454554 
0.0459601 
0.0459789 
0.0455765 
0.0448202 
0.0438007 
0.0426497 
0.041494 
0.0403567 
0.0390879 
0.0373107 
0.0344036 
0.029659 
0.0226376 
0.0134726 
0.00286418 
-0.00823541 
-0.0189643 
-0.0286444 
-0.0368918 
-0.0430792 
-0.0430792 
-0.0197668 
-0.0197668 
-0.0231207 
-0.0247556 
-0.0254653 
-0.0256784 
-0.0256378 
-0.0255432 
-0.02552 
-0.0256438 
-0.0259346 
-0.0263797 
-0.0269457 
-0.0275919 
-0.0282742 
-0.0289471 
-0.029562 
-0.0300667 
-0.0304041 
-0.0305131 
-0.0303307 
-0.0297954 
-0.0288511 
-0.0274528 
-0.0255702 
-0.0231913 
-0.0203233 
-0.0169928 
-0.0132443 
-0.00913726 
-0.00474613 
-0.000155987 
0.00453894 
0.00925285 
0.0139161 
0.018464 
0.0228383 
0.026984 
0.0308463 
0.0343683 
0.0374902 
0.0401532 
0.0423077 
0.0439248 
0.0450058 
0.0455829 
0.0457074 
0.0454393 
0.0448605 
0.0440897 
0.0432654 
0.0424801 
0.0416965 
0.0406804 
0.0389382 
0.0357427 
0.0303822 
0.0225471 
0.0125549 
0.00122756 
-0.0104267 
-0.0215502 
-0.0314483 
-0.0398333 
-0.0462076 
-0.0462076 
-0.0187072 
-0.0187072 
-0.022098 
-0.0238083 
-0.0246115 
-0.0249143 
-0.024945 
-0.0248896 
-0.0248709 
-0.024967 
-0.0252063 
-0.0255836 
-0.026072 
-0.0266347 
-0.0272312 
-0.0278194 
-0.0283549 
-0.0287905 
-0.0290747 
-0.0291523 
-0.0289653 
-0.0284556 
-0.0275688 
-0.0262585 
-0.0244909 
-0.0222485 
-0.0195327 
-0.0163643 
-0.0127826 
-0.00884289 
-0.00461479 
-0.000177044 
0.00438325 
0.0089838 
0.0135526 
0.0180218 
0.0223281 
0.0264112 
0.0302119 
0.0336716 
0.036733 
0.0393445 
0.0414674 
0.0430843 
0.0442032 
0.0448555 
0.0450903 
0.044976 
0.044615 
0.0441394 
0.0436734 
0.0432663 
0.0428214 
0.0420213 
0.0402686 
0.0367684 
0.0308448 
0.0223162 
0.0116327 
-0.000323835 
-0.0124795 
-0.0239254 
-0.0339504 
-0.0423918 
-0.0489023 
-0.0489023 
-0.0174528 
-0.0174528 
-0.020896 
-0.0226953 
-0.0236046 
-0.0240112 
-0.0241282 
-0.0241275 
-0.0241269 
-0.0242059 
-0.0243999 
-0.024712 
-0.0251221 
-0.0255985 
-0.0261041 
-0.0266001 
-0.0270462 
-0.0274 
-0.0276159 
-0.0276452 
-0.0274362 
-0.0269363 
-0.0260946 
-0.0248659 
-0.0232145 
-0.0211189 
-0.0185741 
-0.0155938 
-0.0122101 
-0.00847175 
-0.00444178 
-0.000192654 
0.0041951 
0.00864196 
0.013074 
0.0174212 
0.0216172 
0.0255983 
0.0293033 
0.0326743 
0.0356579 
0.0382096 
0.0402996 
0.0419176 
0.0430751 
0.043805 
0.0441619 
0.0442284 
0.0441202 
0.0439658 
0.0438621 
0.0438161 
0.0436771 
0.0430533 
0.0412671 
0.0374924 
0.0311079 
0.0220318 
0.0107871 
-0.00172661 
-0.0143364 
-0.026021 
-0.0360841 
-0.0445089 
-0.0511072 
-0.0511072 
-0.0160229 
-0.0160229 
-0.0195318 
-0.0214308 
-0.0224562 
-0.0229786 
-0.0231964 
-0.0232673 
-0.0233018 
-0.0233789 
-0.0235397 
-0.0237949 
-0.0241321 
-0.0245249 
-0.0249404 
-0.0253432 
-0.0256964 
-0.0259619 
-0.0260999 
-0.0260679 
-0.0258212 
-0.025314 
-0.0245008 
-0.0233397 
-0.0217961 
-0.0198457 
-0.0174786 
-0.0147014 
-0.0115379 
-0.00802837 
-0.00422752 
-0.000200534 
0.00397933 
0.00823532 
0.0124922 
0.0166789 
0.0207274 
0.0245727 
0.028154 
0.031415 
0.0343069 
0.0367913 
0.0388448 
0.0404623 
0.0416596 
0.0424747 
0.0429718 
0.0432438 
0.0434073 
0.0435742 
0.0438113 
0.044089 
0.0442113 
0.0437275 
0.041908 
0.0379241 
0.0312096 
0.0217423 
0.0100543 
-0.00295623 
-0.0159413 
-0.0277525 
-0.0377713 
-0.0461196 
-0.0527614 
-0.0527614 
-0.0144372 
-0.0144372 
-0.0180232 
-0.0200298 
-0.021178 
-0.021825 
-0.0221564 
-0.0223156 
-0.0224044 
-0.0224988 
-0.0226434 
-0.0228558 
-0.0231309 
-0.0234487 
-0.0237809 
-0.0240954 
-0.0243587 
-0.0245366 
-0.0245938 
-0.0244939 
-0.0241989 
-0.0236698 
-0.022868 
-0.0217568 
-0.0203044 
-0.0184869 
-0.0162916 
-0.013719 
-0.0107852 
-0.00752151 
-0.00397298 
-0.000196106 
0.00374474 
0.00777702 
0.0118251 
0.0158181 
0.0196877 
0.0233696 
0.026804 
0.0299377 
0.0327262 
0.0351363 
0.03715 
0.0387675 
0.0400101 
0.0409228 
0.0415768 
0.0420668 
0.042499 
0.0429634 
0.0434994 
0.0440485 
0.0443804 
0.0440053 
0.0421704 
0.0380636 
0.0311665 
0.0214764 
0.00947973 
-0.00396414 
-0.0172156 
-0.0290165 
-0.0389253 
-0.0471562 
-0.0538045 
-0.0538045 
-0.0127162 
-0.0127162 
-0.016389 
-0.0185085 
-0.0197829 
-0.0205597 
-0.0210139 
-0.0212763 
-0.0214387 
-0.021572 
-0.0217216 
-0.0219102 
-0.0221396 
-0.0223962 
-0.022657 
-0.0228937 
-0.0230761 
-0.0231733 
-0.0231541 
-0.022987 
-0.0226398 
-0.0220804 
-0.0212766 
-0.0201982 
-0.018818 
-0.0171147 
-0.0150751 
-0.0126965 
-0.00998872 
-0.00697456 
-0.00368953 
-0.000180238 
0.00349915 
0.00728205 
0.0110944 
0.0148668 
0.0185326 
0.0220288 
0.0252984 
0.0282916 
0.0309679 
0.0332993 
0.0352731 
0.0368951 
0.0381918 
0.0392131 
0.0400311 
0.0407339 
0.0414111 
0.0421306 
0.0429096 
0.0436684 
0.0441548 
0.0438605 
0.042029 
0.0378788 
0.0309314 
0.0211853 
0.00901343 
-0.00473438 
-0.0180695 
-0.0297131 
-0.0394658 
-0.0475599 
-0.0541856 
-0.0541856 
-0.0108816 
-0.0108816 
-0.0146498 
-0.0168854 
-0.0182861 
-0.0191933 
-0.0197749 
-0.0201513 
-0.0204046 
-0.0205986 
-0.0207771 
-0.0209651 
-0.02117 
-0.0213842 
-0.0215902 
-0.0217643 
-0.0218795 
-0.0219083 
-0.0218229 
-0.0215959 
-0.0212001 
-0.0206089 
-0.0197964 
-0.0187384 
-0.0174132 
-0.0158035 
-0.0138977 
-0.0116925 
-0.00919395 
-0.00641859 
-0.00339378 
-0.000156631 
0.00324909 
0.00676568 
0.0103232 
0.0138558 
0.0172994 
0.0205944 
0.0236869 
0.026531 
0.0290909 
0.0313434 
0.0332809 
0.0349135 
0.0362713 
0.0374044 
0.0383797 
0.0392732 
0.0401563 
0.0410774 
0.0420363 
0.0429396 
0.0435244 
0.0432808 
0.0414724 
0.0373563 
0.0304839 
0.0208493 
0.00865284 
-0.0051719 
-0.0183162 
-0.0297291 
-0.0393121 
-0.0472774 
-0.0538586 
-0.0538586 
-0.00895687 
-0.00895687 
-0.0128285 
-0.0151817 
-0.0167061 
-0.01774 
-0.0184482 
-0.0189437 
-0.0193002 
-0.0195742 
-0.0198052 
-0.0200183 
-0.0202237 
-0.020419 
-0.0205916 
-0.0207223 
-0.0207881 
-0.0207647 
-0.0206276 
-0.020353 
-0.0199178 
-0.0193001 
-0.0184793 
-0.0174365 
-0.0161554 
-0.0146229 
-0.0128307 
-0.0107764 
-0.00846461 
-0.00590784 
-0.00312707 
-0.000151393 
0.00298441 
0.00623173 
0.0095276 
0.0128115 
0.0160242 
0.0191102 
0.0220203 
0.0247129 
0.0271569 
0.0293337 
0.0312395 
0.032887 
0.0343063 
0.0355436 
0.0366566 
0.0377067 
0.0387485 
0.0398139 
0.0408904 
0.0418767 
0.0425119 
0.042302 
0.0405048 
0.0364234 
0.0296493 
0.0202123 
0.00825988 
-0.00513339 
-0.0178848 
-0.0290475 
-0.0384518 
-0.0462961 
-0.0528286 
-0.0528286 
-0.00696721 
-0.00696721 
-0.0109497 
-0.0134215 
-0.0150652 
-0.0162186 
-0.0170471 
-0.01766 
-0.0181254 
-0.0184929 
-0.0187968 
-0.0190599 
-0.0192928 
-0.0194958 
-0.0196604 
-0.0197712 
-0.0198091 
-0.0197531 
-0.019582 
-0.0192751 
-0.0188133 
-0.0181786 
-0.0173548 
-0.0163275 
-0.0150847 
-0.0136176 
-0.0119211 
-0.00999464 
-0.00784334 
-0.00547829 
-0.00291696 
-0.000182926 
0.00269577 
0.00568132 
0.00871933 
0.0117561 
0.0147383 
0.0176162 
0.0203455 
0.0228897 
0.025222 
0.0273273 
0.0292044 
0.030866 
0.0323395 
0.033664 
0.0348861 
0.0360535 
0.0372055 
0.0383614 
0.0395004 
0.0405198 
0.0411614 
0.0409294 
0.0391323 
0.0351289 
0.0285429 
0.0194101 
0.0079754 
-0.00471586 
-0.0169097 
-0.027728 
-0.0369235 
-0.0446445 
-0.0511264 
-0.0511264 
-0.00493845 
-0.00493845 
-0.00903918 
-0.0116308 
-0.0133894 
-0.0146536 
-0.0155918 
-0.016314 
-0.0168857 
-0.017352 
-0.0177423 
-0.0180756 
-0.018361 
-0.0185994 
-0.0187839 
-0.018902 
-0.0189374 
-0.0188721 
-0.0186877 
-0.0183669 
-0.0178938 
-0.0172543 
-0.0164362 
-0.0154292 
-0.0142253 
-0.0128192 
-0.0112087 
-0.00939531 
-0.00738486 
-0.00518764 
-0.00281872 
-0.000298118 
0.00235055 
0.00509619 
0.00789375 
0.0106972 
0.0134603 
0.0161398 
0.0186971 
0.0211006 
0.0233275 
0.0253654 
0.0272137 
0.0288837 
0.0303977 
0.0317868 
0.0330865 
0.0343319 
0.0355501 
0.0367505 
0.0379071 
0.0389143 
0.0395119 
0.0392365 
0.037447 
0.0335596 
0.0272398 
0.018533 
0.00778596 
-0.00402184 
-0.0155129 
-0.0258843 
-0.0348221 
-0.0424022 
-0.0488256 
-0.0488256 
-0.00289623 
-0.00289623 
-0.00712192 
-0.00983574 
-0.0117068 
-0.0130737 
-0.0141101 
-0.014929 
-0.0155973 
-0.0161584 
-0.0166386 
-0.0170536 
-0.01741 
-0.0177073 
-0.0179388 
-0.0180927 
-0.018154 
-0.0181064 
-0.0179334 
-0.0176201 
-0.0171536 
-0.0165231 
-0.0157203 
-0.0147389 
-0.0135744 
-0.0122246 
-0.01069 
-0.00897387 
-0.00708344 
-0.00502954 
-0.00282694 
-0.000494134 
0.00194758 
0.00447552 
0.00705339 
0.00964231 
0.0122032 
0.014699 
0.0170967 
0.0193695 
0.0214978 
0.023471 
0.025288 
0.0269572 
0.0284952 
0.029925 
0.0312723 
0.0325611 
0.0338088 
0.0350168 
0.0361535 
0.0371082 
0.0376339 
0.0373007 
0.0355324 
0.0318087 
0.0258398 
0.0176823 
0.00773683 
-0.00312569 
-0.0138257 
-0.0236578 
-0.0322749 
-0.0396808 
-0.0460287 
-0.0460287 
-0.000862737 
-0.000862737 
-0.00521926 
-0.00805944 
-0.0100439 
-0.0115096 
-0.0126351 
-0.013538 
-0.0142891 
-0.0149334 
-0.0154968 
-0.0159935 
-0.0164281 
-0.0167987 
-0.0170973 
-0.0173116 
-0.0174265 
-0.0174254 
-0.0172923 
-0.017013 
-0.0165759 
-0.015973 
-0.0151994 
-0.0142526 
-0.0131326 
-0.0118408 
-0.0103804 
-0.00875669 
-0.00697718 
-0.00505226 
-0.00299527 
-0.000822742 
0.00144588 
0.00378898 
0.0061775 
0.00857911 
0.0109615 
0.0132938 
0.0155485 
0.017703 
0.0197405 
0.0216514 
0.0234335 
0.025092 
0.026638 
0.0280872 
0.0294564 
0.0307611 
0.0320098 
0.0331975 
0.034284 
0.0351618 
0.0355995 
0.0352094 
0.0334855 
0.0299733 
0.0244264 
0.0169088 
0.00782222 
-0.00208046 
-0.0119489 
-0.0211759 
-0.0294116 
-0.0366028 
-0.0428514 
-0.0428514 
0.00114302 
0.00114302 
-0.00334499 
-0.0063178 
-0.0084213 
-0.00998823 
-0.0112004 
-0.0121795 
-0.0130013 
-0.0137145 
-0.0143475 
-0.0149152 
-0.0154225 
-0.0158668 
-0.0162397 
-0.0165281 
-0.0167161 
-0.016786 
-0.0167205 
-0.016504 
-0.0161242 
-0.015573 
-0.0148468 
-0.0139462 
-0.0128747 
-0.0116379 
-0.0102425 
-0.00869654 
-0.00700919 
-0.00519191 
-0.0032587 
-0.0012262 
0.000886616 
0.00306318 
0.00528254 
0.00751736 
0.00974087 
0.0119272 
0.0140536 
0.0161008 
0.0180542 
0.0199047 
0.0216486 
0.0232878 
0.0248286 
0.02628 
0.0276519 
0.0289521 
0.0301821 
0.0313277 
0.0323473 
0.0331364 
0.0334842 
0.0330492 
0.0313967 
0.0281366 
0.0230615 
0.0162357 
0.0080263 
-0.000931152 
-0.00995874 
-0.0185427 
-0.0263491 
-0.0332858 
-0.0394089 
-0.0394089 
0.00311395 
0.00311395 
-0.00150518 
-0.00461661 
-0.00684875 
-0.00852632 
-0.00983182 
-0.0108886 
-0.0117769 
-0.0125494 
-0.0132384 
-0.0138618 
-0.0144268 
-0.0149322 
-0.0153709 
-0.0157306 
-0.0159955 
-0.0161475 
-0.0161678 
-0.0160385 
-0.0157447 
-0.0152756 
-0.0146256 
-0.0137952 
-0.0127899 
-0.0116192 
-0.0102947 
-0.00882857 
-0.00723253 
-0.00551829 
-0.00369812 
-0.00178577 
0.000202073 
0.00224748 
0.00433036 
0.00642812 
0.00851871 
0.0105812 
0.0125971 
0.0145506 
0.0164286 
0.0182224 
0.0199268 
0.0215412 
0.0230674 
0.0245095 
0.0258711 
0.0271538 
0.0283505 
0.0294443 
0.0303909 
0.0310913 
0.031358 
0.0308974 
0.0293427 
0.0263647 
0.0217885 
0.0156711 
0.00832584 
0.00028241 
-0.00791525 
-0.015841 
-0.0231854 
-0.0298341 
-0.0358066 
-0.0358066 
0.00505877 
0.00505877 
0.000302391 
-0.00294996 
-0.00532175 
-0.00712477 
-0.00853874 
-0.00968603 
-0.0106485 
-0.0114818 
-0.012222 
-0.0128903 
-0.0134975 
-0.0140458 
-0.014531 
-0.0149438 
-0.0152706 
-0.0154952 
-0.0155994 
-0.0155644 
-0.0153728 
-0.0150098 
-0.0144651 
-0.0137341 
-0.012819 
-0.0117283 
-0.0104757 
-0.00907797 
-0.0075524 
-0.00591557 
-0.00418327 
-0.00237137 
-0.000496929 
0.00142255 
0.00337626 
0.00534695 
0.00731635 
0.0092662 
0.0111814 
0.0130496 
0.0148581 
0.0165982 
0.0182631 
0.0198496 
0.021356 
0.022782 
0.0241261 
0.0253826 
0.0265411 
0.0275815 
0.0284579 
0.0290789 
0.0292815 
0.0288182 
0.0273849 
0.0247072 
0.0206365 
0.0152172 
0.00870283 
0.00152896 
-0.00586608 
-0.0131353 
-0.0199995 
-0.0263347 
-0.0321343 
-0.0321343 
0.00699613 
0.00699613 
0.00209533 
-0.00130188 
-0.00382152 
-0.00576702 
-0.00730983 
-0.00856895 
-0.00962503 
-0.0105342 
-0.0113346 
-0.0120501 
-0.0126946 
-0.0132738 
-0.0137873 
-0.0142301 
-0.014593 
-0.014864 
-0.0150284 
-0.0150701 
-0.0149725 
-0.0147195 
-0.014297 
-0.0136945 
-0.012907 
-0.0119362 
-0.0107916 
-0.00948991 
-0.00805282 
-0.00650307 
-0.00486075 
-0.00314174 
-0.00135907 
0.000472434 
0.00233576 
0.00421256 
0.0060871 
0.00794603 
0.00977925 
0.0115776 
0.0133272 
0.0150208 
0.0166496 
0.0182092 
0.0196947 
0.0211025 
0.0224254 
0.0236544 
0.024777 
0.0257692 
0.0265854 
0.0271432 
0.0273035 
0.0268614 
0.0255685 
0.0231985 
0.0196238 
0.0148739 
0.00914499 
0.00278547 
-0.00384779 
-0.0104744 
-0.0168518 
-0.0228557 
-0.0284642 
-0.0284642 
0.00895122 
0.00895122 
0.0039043 
0.000353748 
-0.00232052 
-0.00442392 
-0.00611662 
-0.00751218 
-0.0086875 
-0.00969719 
-0.0105793 
-0.011359 
-0.0120517 
-0.0126656 
-0.0132034 
-0.0136637 
-0.0140421 
-0.0143315 
-0.014523 
-0.0146058 
-0.0145681 
-0.014397 
-0.0140795 
-0.0136028 
-0.0129559 
-0.0121307 
-0.0111246 
-0.00994266 
-0.00859953 
-0.00711937 
-0.00553267 
-0.00387037 
-0.00215783 
-0.000414761 
0.00134496 
0.00311592 
0.00489374 
0.00666169 
0.00841231 
0.0101424 
0.0118378 
0.0134887 
0.0150849 
0.0166197 
0.0180858 
0.0194753 
0.0207782 
0.0219848 
0.0230784 
0.0240326 
0.0248036 
0.0253185 
0.0254605 
0.0250626 
0.0239243 
0.0218604 
0.018761 
0.0146395 
0.00964218 
0.00403823 
-0.0018821 
-0.00789049 
-0.0137844 
-0.0194466 
-0.0248503 
-0.0248503 
0.0109511 
0.0109511 
0.00576282 
0.00205203 
-0.000789541 
-0.00306185 
-0.00492409 
-0.00647927 
-0.00779985 
-0.008937 
-0.00992764 
-0.0107967 
-0.0115602 
-0.0122274 
-0.0128027 
-0.0132871 
-0.013679 
-0.0139757 
-0.0141732 
-0.0142665 
-0.0142499 
-0.0141171 
-0.013861 
-0.0134734 
-0.0129454 
-0.0122673 
-0.0114292 
-0.0104235 
-0.00924765 
-0.0079095 
-0.00643067 
-0.00484612 
-0.00319533 
-0.00150805 
0.000202003 
0.00192419 
0.00363696 
0.00533412 
0.00702606 
0.00871459 
0.0103707 
0.0119908 
0.0135616 
0.0150773 
0.0165274 
0.0179027 
0.0191933 
0.0203857 
0.0214606 
0.0223909 
0.0231352 
0.0236298 
0.0237778 
0.0234449 
0.0224708 
0.0207052 
0.0180525 
0.0145121 
0.0101871 
0.0052785 
2.07738e-05 
-0.00540137 
-0.0108229 
-0.0161402 
-0.0213294 
-0.0213294 
0.0130225 
0.0130225 
0.00769961 
0.00382552 
0.000804615 
-0.00165259 
-0.00370159 
-0.0054374 
-0.00692678 
-0.00821634 
-0.00934075 
-0.0103241 
-0.0111828 
-0.0119267 
-0.0125611 
-0.0130884 
-0.013509 
-0.0138224 
-0.0140275 
-0.0141235 
-0.0141091 
-0.0139836 
-0.0137458 
-0.0133945 
-0.0129274 
-0.0123406 
-0.0116273 
-0.0107773 
-0.00977685 
-0.00861155 
-0.00727263 
-0.00576769 
-0.00413328 
-0.00244008 
-0.000769594 
0.000841304 
0.00245946 
0.00407583 
0.00568695 
0.00731513 
0.00893602 
0.0105291 
0.0120809 
0.0135817 
0.0150216 
0.0163914 
0.0176783 
0.0188667 
0.0199359 
0.0208587 
0.0215965 
0.0220939 
0.0222714 
0.0220215 
0.0212176 
0.0197379 
0.0174997 
0.0144902 
0.0107772 
0.00650516 
0.00185678 
-0.00301438 
-0.00797989 
-0.0129547 
-0.0179238 
-0.0179238 
0.01519 
0.01519 
0.00973905 
0.00570039 
0.0024874 
-0.000173801 
-0.00242628 
-0.00436411 
-0.0060447 
-0.00751018 
-0.00879148 
-0.00991135 
-0.0108861 
-0.0117263 
-0.0124388 
-0.0130273 
-0.0134941 
-0.0138404 
-0.0140674 
-0.0141766 
-0.0141697 
-0.0140488 
-0.0138164 
-0.0134755 
-0.0130292 
-0.0124805 
-0.0118311 
-0.0110801 
-0.0102226 
-0.00924822 
-0.00814148 
-0.00688395 
-0.00546089 
-0.00387558 
-0.00217306 
-0.000459278 
0.00115989 
0.00268914 
0.00425697 
0.00590864 
0.00752053 
0.00909898 
0.010637 
0.0121296 
0.0135686 
0.0149422 
0.0162363 
0.0174335 
0.0185123 
0.0194455 
0.0201977 
0.0207207 
0.0209492 
0.0207979 
0.020167 
0.0189587 
0.0171012 
0.014573 
0.0114135 
0.00772136 
0.003632 
-0.000727218 
-0.00525738 
-0.00989647 
-0.0146434 
-0.0146434 
0.0174751 
0.0174751 
0.0119022 
0.00769566 
0.00427977 
0.00139745 
-0.00108258 
-0.00324415 
-0.00514027 
-0.00680637 
-0.0082685 
-0.00954667 
-0.0106565 
-0.0116096 
-0.0124141 
-0.0130761 
-0.0136002 
-0.01399 
-0.0142494 
-0.0143823 
-0.0143928 
-0.0142853 
-0.0140647 
-0.0137356 
-0.0133032 
-0.0127724 
-0.0121479 
-0.011433 
-0.0106288 
-0.00973227 
-0.00873576 
-0.00762702 
-0.00639029 
-0.00500651 
-0.00346325 
-0.00177234 
-7.3499e-05 
0.00144674 
0.00293864 
0.00451156 
0.00611561 
0.00769033 
0.00922867 
0.010725 
0.0121726 
0.01356 
0.0148727 
0.0160922 
0.0171964 
0.0181584 
0.0189454 
0.0195152 
0.0198141 
0.0197744 
0.0193175 
0.0183651 
0.0168552 
0.0147608 
0.0120992 
0.0089328 
0.00535677 
0.00146973 
-0.00264967 
-0.00696288 
-0.0114885 
-0.0114885 
0.0198978 
0.0198978 
0.0142081 
0.00982997 
0.00619996 
0.00307675 
0.000345854 
-0.00206525 
-0.00420415 
-0.00609844 
-0.00776844 
-0.00922932 
-0.010495 
-0.0115772 
-0.0124861 
-0.0132304 
-0.0138178 
-0.0142555 
-0.0145502 
-0.0147091 
-0.0147393 
-0.0146481 
-0.0144426 
-0.0141297 
-0.0137159 
-0.0132071 
-0.0126087 
-0.011925 
-0.0111589 
-0.0103107 
-0.00937798 
-0.00835592 
-0.00724125 
-0.00603806 
-0.00476525 
-0.00345523 
-0.00212823 
-0.000708712 
0.00101057 
0.0029686 
0.00472024 
0.00630494 
0.00785219 
0.00935862 
0.010826 
0.0122405 
0.0135866 
0.0148445 
0.0159917 
0.0170015 
0.0178431 
0.0184796 
0.0188661 
0.0189485 
0.0186651 
0.0179532 
0.0167599 
0.0150549 
0.0128397 
0.0101485 
0.00704302 
0.00359162 
-0.000142533 
-0.00414452 
-0.00845126 
-0.00845126 
0.0224758 
0.0224758 
0.0166746 
0.0121211 
0.00826546 
0.00488312 
0.00187627 
-0.000814488 
-0.00322551 
-0.00537991 
-0.007289 
-0.00896127 
-0.0104069 
-0.0116369 
-0.0126631 
-0.0134978 
-0.0141526 
-0.0146389 
-0.0149678 
-0.0151502 
-0.0151969 
-0.0151184 
-0.0149248 
-0.0146256 
-0.0142291 
-0.0137429 
-0.0131732 
-0.0125249 
-0.0118015 
-0.0110046 
-0.0101338 
-0.00918667 
-0.00816004 
-0.00705127 
-0.00586208 
-0.00460138 
-0.00329664 
-0.00197724 
-0.000463963 
0.00128738 
0.00306659 
0.0047716 
0.00640725 
0.00798269 
0.00950674 
0.0109749 
0.012376 
0.0136922 
0.0149015 
0.0159784 
0.0168939 
0.0176151 
0.018104 
0.0183172 
0.0182057 
0.0177197 
0.0168141 
0.0154582 
0.013642 
0.0113791 
0.00870356 
0.00565786 
0.00227932 
-0.00142628 
-0.00551811 
-0.00551811 
0.0252248 
0.0252248 
0.0193172 
0.0145855 
0.010494 
0.00683465 
0.00352617 
0.000524884 
-0.00219295 
-0.00464282 
-0.00682674 
-0.00874402 
-0.0103982 
-0.011798 
-0.0129565 
-0.0138897 
-0.0146145 
-0.0151481 
-0.015507 
-0.0157069 
-0.0157632 
-0.0156901 
-0.0155011 
-0.0152085 
-0.0148231 
-0.014354 
-0.0138087 
-0.013193 
-0.0125108 
-0.0117642 
-0.0109534 
-0.010077 
-0.0091332 
-0.00812124 
-0.00704355 
-0.00590372 
-0.00470394 
-0.00342919 
-0.00201337 
-0.000508299 
0.0010587 
0.00278818 
0.00456176 
0.00631104 
0.00800276 
0.0096197 
0.0111505 
0.0125817 
0.0138967 
0.0150745 
0.016091 
0.0169183 
0.0175253 
0.0178774 
0.0179363 
0.0176625 
0.0170186 
0.015975 
0.0145148 
0.0126365 
0.0103527 
0.00768264 
0.00464142 
0.00121193 
-0.00267015 
-0.00267015 
0.0281564 
0.0281564 
0.0221486 
0.0172379 
0.0129027 
0.00895009 
0.00531556 
0.0019711 
-0.00109189 
-0.00387601 
-0.00637555 
-0.00857713 
-0.010474 
-0.0120703 
-0.0133788 
-0.0144196 
-0.0152163 
-0.0157936 
-0.0161753 
-0.0163838 
-0.0164396 
-0.0163618 
-0.0161676 
-0.0158726 
-0.01549 
-0.0150309 
-0.0145044 
-0.0139169 
-0.0132729 
-0.0125746 
-0.0118224 
-0.0110142 
-0.010147 
-0.00921651 
-0.0082192 
-0.00715121 
-0.0060068 
-0.00478978 
-0.00344603 
-0.00196896 
-0.000398204 
0.0012433 
0.00294373 
0.00469163 
0.00645514 
0.00819427 
0.00987252 
0.0114586 
0.0129257 
0.0142491 
0.0154049 
0.016369 
0.0171163 
0.0176198 
0.0178506 
0.0177788 
0.0173742 
0.0166106 
0.0154674 
0.0139332 
0.0120047 
0.00968132 
0.00695895 
0.00379813 
0.000118216 
0.000118216 
0.0312772 
0.0312772 
0.0251767 
0.0200891 
0.0155059 
0.011247 
0.0072637 
0.00354345 
9.56969e-05 
-0.00306517 
-0.00592566 
-0.00845695 
-0.0106373 
-0.0124624 
-0.0139426 
-0.0151019 
-0.0159718 
-0.016587 
-0.0169813 
-0.0171856 
-0.0172275 
-0.0171316 
-0.0169196 
-0.0166107 
-0.0162209 
-0.0157635 
-0.0152488 
-0.0146843 
-0.0140751 
-0.0134234 
-0.0127295 
-0.0119908 
-0.0112031 
-0.0103607 
-0.00945721 
-0.00848569 
-0.00743229 
-0.00629072 
-0.00502115 
-0.00363002 
-0.00213636 
-0.00052557 
0.00117611 
0.00296514 
0.00480932 
0.00667021 
0.0085052 
0.0102712 
0.0119284 
0.013442 
0.0147823 
0.0159235 
0.0168429 
0.0175192 
0.0179315 
0.0180582 
0.0178774 
0.0173673 
0.0165077 
0.0152813 
0.0136739 
0.0116698 
0.0092477 
0.006352 
0.00288005 
0.00288005 
0.0345858 
0.0345858 
0.0284021 
0.0231439 
0.0183137 
0.0137406 
0.00938995 
0.0052645 
0.00139244 
-0.00219318 
-0.00546326 
-0.00837532 
-0.0108866 
-0.0129797 
-0.0146589 
-0.0159506 
-0.0168954 
-0.0175409 
-0.017934 
-0.0181175 
-0.0181281 
-0.0179973 
-0.0177522 
-0.0174157 
-0.0170069 
-0.0165414 
-0.0160309 
-0.0154839 
-0.0149057 
-0.0142987 
-0.0136624 
-0.012993 
-0.0122842 
-0.0115272 
-0.0107114 
-0.0098262 
-0.00885062 
-0.00777438 
-0.00656443 
-0.00521185 
-0.00372347 
-0.00210336 
-0.000368121 
0.0014598 
0.00335426 
0.00528846 
0.00722843 
0.00913364 
0.0109598 
0.0126628 
0.0142026 
0.0155454 
0.0166639 
0.0175365 
0.0181457 
0.018476 
0.0185121 
0.018238 
0.0176363 
0.0166878 
0.015372 
0.0136625 
0.0115248 
0.00888816 
0.0056326 
0.0056326 
0.0380701 
0.0380701 
0.0318151 
0.0263977 
0.0213282 
0.0164403 
0.01171 
0.00715399 
0.00281951 
-0.00123746 
-0.00496887 
-0.00831773 
-0.0112145 
-0.0136221 
-0.0155344 
-0.0169772 
-0.0180004 
-0.0186671 
-0.019042 
-0.0191837 
-0.0191413 
-0.0189551 
-0.0186582 
-0.018278 
-0.0178369 
-0.0173524 
-0.0168381 
-0.0163031 
-0.0157531 
-0.0151906 
-0.0146145 
-0.0140198 
-0.0133977 
-0.0127369 
-0.0120233 
-0.0112413 
-0.0103666 
-0.00937684 
-0.00823949 
-0.0069423 
-0.00548117 
-0.00385171 
-0.00207142 
-0.000162974 
0.00184277 
0.00391096 
0.00599923 
0.00806457 
0.0100636 
0.0119524 
0.0136891 
0.015236 
0.0165618 
0.0176421 
0.018459 
0.018999 
0.019251 
0.0192034 
0.0188424 
0.0181497 
0.0171021 
0.0156665 
0.0137991 
0.0114156 
0.00837833 
0.00837833 
0.0417035 
0.0417035 
0.0353917 
0.0298324 
0.0245397 
0.0193455 
0.0142327 
0.00922901 
0.00440031 
-0.000174506 
-0.00441988 
-0.00826291 
-0.0116047 
-0.0143803 
-0.0165676 
-0.0181868 
-0.0192957 
-0.0199749 
-0.0203119 
-0.0203866 
-0.0202649 
-0.0199986 
-0.0196281 
-0.0191856 
-0.0186969 
-0.0181816 
-0.0176545 
-0.0171257 
-0.0166012 
-0.0160832 
-0.0155698 
-0.0150542 
-0.0145253 
-0.0139681 
-0.0133648 
-0.0126937 
-0.0119248 
-0.0110282 
-0.00996371 
-0.00871045 
-0.00725256 
-0.00558532 
-0.00372172 
-0.00168902 
0.000469338 
0.0027003 
0.00495533 
0.0071887 
0.00935654 
0.0114164 
0.0133284 
0.0150568 
0.0165704 
0.0178446 
0.0188604 
0.0196044 
0.0200666 
0.0202372 
0.0201047 
0.0196521 
0.0188552 
0.017677 
0.016067 
0.0139291 
0.0111076 
0.0111076 
0.0454414 
0.0454414 
0.0390896 
0.033412 
0.0279212 
0.022441 
0.0169552 
0.0114982 
0.00615227 
0.00101928 
-0.00379111 
-0.00818272 
-0.0120301 
-0.0152318 
-0.0177434 
-0.0195726 
-0.0207811 
-0.0214673 
-0.0217457 
-0.0217247 
-0.0214931 
-0.0211179 
-0.0206488 
-0.0201232 
-0.01957 
-0.0190111 
-0.0184623 
-0.0179344 
-0.0174335 
-0.0169616 
-0.016516 
-0.0160881 
-0.0156641 
-0.0152259 
-0.0147515 
-0.0142138 
-0.0135743 
-0.0127932 
-0.0118215 
-0.0106253 
-0.00917803 
-0.00746795 
-0.00550625 
-0.0033241 
-0.000973933 
0.00147789 
0.00396544 
0.00642943 
0.00881592 
0.0110765 
0.0131713 
0.0150691 
0.0167461 
0.0181843 
0.0193701 
0.0202933 
0.0209454 
0.0213177 
0.0213988 
0.0211715 
0.0206106 
0.0196757 
0.0183112 
0.0164099 
0.0137977 
0.0137977 
0.0492175 
0.0492175 
0.0428444 
0.0370776 
0.0314233 
0.0256898 
0.019855 
0.0139532 
0.00807926 
0.0023589 
-0.00305672 
-0.00804371 
-0.0124518 
-0.0161369 
-0.0190267 
-0.0211085 
-0.0224405 
-0.0231352 
-0.0233372 
-0.0231904 
-0.0228148 
-0.0222984 
-0.0217026 
-0.021071 
-0.0204355 
-0.0198194 
-0.0192395 
-0.0187071 
-0.0182282 
-0.0178046 
-0.0174324 
-0.0171011 
-0.016794 
-0.0164905 
-0.0161634 
-0.01578 
-0.0152916 
-0.0146452 
-0.0137791 
-0.0126431 
-0.0111977 
-0.00942524 
-0.00733516 
-0.00496328 
-0.00237128 
0.00035834 
0.00312936 
0.00586481 
0.00850364 
0.0109882 
0.0132746 
0.0153338 
0.0171495 
0.0187148 
0.0200277 
0.0210874 
0.0218914 
0.0224339 
0.0227037 
0.0226817 
0.0223402 
0.021634 
0.0205021 
0.0188261 
0.0164139 
0.0164139 
0.0529413 
0.0529413 
0.0465662 
0.0407433 
0.0349684 
0.0290265 
0.0228824 
0.0165616 
0.0101677 
0.00384946 
-0.00219619 
-0.00781086 
-0.01282 
-0.0170361 
-0.0203567 
-0.0227407 
-0.0242322 
-0.0249497 
-0.0250657 
-0.0247659 
-0.0242112 
-0.0235189 
-0.0227665 
-0.0220046 
-0.0212679 
-0.020581 
-0.0199611 
-0.0194194 
-0.0189619 
-0.0185898 
-0.0182982 
-0.0180745 
-0.0179 
-0.0177511 
-0.0175957 
-0.0173939 
-0.0170851 
-0.0165985 
-0.0158555 
-0.0147873 
-0.0133426 
-0.0114984 
-0.00926445 
-0.00668183 
-0.00382154 
-0.00077679 
0.00233207 
0.00540103 
0.00835251 
0.0111115 
0.0136232 
0.0158566 
0.017802 
0.0194659 
0.0208629 
0.0220088 
0.0229144 
0.0235817 
0.0240024 
0.0241561 
0.0240108 
0.0235148 
0.0225999 
0.0211353 
0.018911 
0.018911 
0.0564969 
0.0564969 
0.050138 
0.0442939 
0.038447 
0.0323522 
0.0259541 
0.0192601 
0.0123762 
0.00547142 
-0.00120708 
-0.0074561 
-0.0130792 
-0.0178516 
-0.0216436 
-0.0243804 
-0.0260798 
-0.0268519 
-0.0268882 
-0.0264179 
-0.0256527 
-0.02475 
-0.0238102 
-0.0228933 
-0.022037 
-0.0212661 
-0.0205975 
-0.0200423 
-0.019606 
-0.0192892 
-0.0190855 
-0.0189809 
-0.018955 
-0.0189813 
-0.0190215 
-0.0190265 
-0.0189201 
-0.0186091 
-0.0179935 
-0.0169874 
-0.0155312 
-0.0136006 
-0.0112084 
-0.00839997 
-0.00525162 
-0.00186478 
0.00162143 
0.00506904 
0.00837272 
0.0114398 
0.0142007 
0.0166191 
0.0186891 
0.0204296 
0.0218736 
0.0230574 
0.0240108 
0.0247501 
0.0252746 
0.0255649 
0.0255848 
0.0252745 
0.0245566 
0.0232859 
0.0212345 
0.0212345 
0.0597442 
0.0597442 
0.0534169 
0.0475843 
0.0417162 
0.0355314 
0.0289497 
0.0219499 
0.0146333 
0.00718293 
-0.000104488 
-0.00696488 
-0.0131742 
-0.0184923 
-0.0227707 
-0.0259017 
-0.0278652 
-0.0287437 
-0.0287303 
-0.0280907 
-0.0270942 
-0.0259514 
-0.0247955 
-0.0237004 
-0.0227072 
-0.0218403 
-0.0211157 
-0.0205437 
-0.0201293 
-0.0198718 
-0.0197637 
-0.0197899 
-0.019929 
-0.0201508 
-0.020409 
-0.0206405 
-0.0207488 
-0.0206146 
-0.0201157 
-0.0191559 
-0.0176752 
-0.0156537 
-0.0131086 
-0.0100883 
-0.00666787 
-0.002953 
0.000915847 
0.00477054 
0.00846436 
0.0118799 
0.0149219 
0.0175436 
0.0197414 
0.0215462 
0.0230105 
0.0241931 
0.0251468 
0.0259069 
0.0264858 
0.0268686 
0.027017 
0.0268624 
0.0263167 
0.0252184 
0.0233221 
0.0233221 
0.0625234 
0.0625234 
0.056239 
0.0504447 
0.0446031 
0.0383941 
0.0317114 
0.0244948 
0.0168294 
0.00890372 
0.00106092 
-0.00634152 
-0.0130582 
-0.018864 
-0.0236054 
-0.0271495 
-0.0294307 
-0.0304844 
-0.0304794 
-0.0296999 
-0.0284714 
-0.0270698 
-0.0256749 
-0.024382 
-0.0232375 
-0.0222649 
-0.0214786 
-0.0208878 
-0.0204963 
-0.0203019 
-0.0202962 
-0.0204634 
-0.0207813 
-0.0212142 
-0.021704 
-0.0221652 
-0.0224788 
-0.0224969 
-0.022083 
-0.0211433 
-0.0196261 
-0.0175202 
-0.0148469 
-0.0116515 
-0.00800065 
-0.00399418 
0.000239842 
0.00450259 
0.00859653 
0.0123707 
0.0157008 
0.0185281 
0.0208498 
0.0227084 
0.0241744 
0.0253289 
0.0262479 
0.0269882 
0.0275782 
0.0280116 
0.0282506 
0.0282184 
0.0278166 
0.0268656 
0.0251038 
0.0251038 
0.0646596 
0.0646596 
0.0584274 
0.0526886 
0.0469122 
0.0407396 
0.0340435 
0.0267208 
0.018826 
0.0105336 
0.00223356 
-0.00560683 
-0.0126984 
-0.0188836 
-0.0240173 
-0.0279575 
-0.0305925 
-0.0318959 
-0.0319831 
-0.0311271 
-0.0296958 
-0.0280363 
-0.0263906 
-0.024887 
-0.0235817 
-0.0224976 
-0.0216465 
-0.0210362 
-0.0206692 
-0.0205411 
-0.0206423 
-0.0209574 
-0.0214623 
-0.0221129 
-0.0228326 
-0.0235057 
-0.0239849 
-0.024109 
-0.023735 
-0.0227887 
-0.0212349 
-0.0190711 
-0.0163191 
-0.013015 
-0.00921012 
-0.00498853 
-0.000458993 
0.00417101 
0.00866184 
0.012801 
0.0164214 
0.0194483 
0.0218822 
0.0237804 
0.025233 
0.0263422 
0.0272053 
0.0278993 
0.0284695 
0.0289198 
0.0292156 
0.0292732 
0.0289855 
0.0281539 
0.026504 
0.026504 
0.0659791 
0.0659791 
0.0598059 
0.0541285 
0.0484449 
0.0423579 
0.0357297 
0.0284208 
0.0204524 
0.0119548 
0.00332388 
-0.00477229 
-0.0120608 
-0.0184789 
-0.023896 
-0.0281749 
-0.0311682 
-0.0327831 
-0.0330586 
-0.0322212 
-0.0306523 
-0.0287645 
-0.0268741 
-0.0251578 
-0.0236893 
-0.0224929 
-0.0215772 
-0.0209488 
-0.0206082 
-0.0205476 
-0.0207569 
-0.0212207 
-0.0219111 
-0.0227704 
-0.0236955 
-0.0245366 
-0.0251187 
-0.0252805 
-0.0249093 
-0.0239504 
-0.0223777 
-0.0201993 
-0.0174313 
-0.014095 
-0.0102242 
-0.00587793 
-0.00113896 
0.00380684 
0.00865236 
0.0131067 
0.0169718 
0.0201583 
0.0226743 
0.0245924 
0.0260209 
0.0270791 
0.0278813 
0.0285203 
0.0290563 
0.0295025 
0.0298292 
0.0299479 
0.029745 
0.029004 
0.0274438 
0.0274438 
0.0662905 
0.0662905 
0.0602195 
0.0545978 
0.0490149 
0.0430452 
0.0365417 
0.0293453 
0.021451 
0.0130136 
0.00438872 
-0.00381029 
-0.0111551 
-0.0176498 
-0.0232143 
-0.0277328 
-0.03104 
-0.0329876 
-0.0335308 
-0.0328189 
-0.0312075 
-0.0291519 
-0.0270462 
-0.0251303 
-0.0235066 
-0.022204 
-0.0212286 
-0.0205855 
-0.0202732 
-0.0202792 
-0.0205926 
-0.0211972 
-0.0220576 
-0.0230959 
-0.0241764 
-0.0251174 
-0.0257323 
-0.0258782 
-0.0254751 
-0.0244965 
-0.0229377 
-0.0207984 
-0.0180817 
-0.0147957 
-0.0109608 
-0.00661403 
-0.00182248 
0.00329634 
0.0084571 
0.0132139 
0.0172825 
0.0205647 
0.0231026 
0.0250009 
0.0263871 
0.0273917 
0.0281376 
0.0287267 
0.0292282 
0.0296626 
0.0300041 
0.0301605 
0.0300156 
0.029336 
0.0278446 
0.0278446 
0.0654377 
0.0654377 
0.0595329 
0.0539701 
0.0484876 
0.0426607 
0.0363239 
0.029323 
0.0216483 
0.0135065 
0.00526233 
-0.00265119 
-0.00989177 
-0.0163356 
-0.021928 
-0.0265724 
-0.0301104 
-0.0323653 
-0.033222 
-0.0327376 
-0.0312032 
-0.0290776 
-0.0268178 
-0.0247356 
-0.0229771 
-0.0215847 
-0.0205599 
-0.0199083 
-0.0196263 
-0.0196946 
-0.0201015 
-0.0208281 
-0.0218267 
-0.022993 
-0.0241578 
-0.0251194 
-0.025702 
-0.0257985 
-0.0253666 
-0.0243968 
-0.022883 
-0.0208178 
-0.0181945 
-0.0150115 
-0.0112775 
-0.00701208 
-0.00225982 
0.00289108 
0.00812117 
0.0129543 
0.0170899 
0.020403 
0.0229336 
0.0248048 
0.0261577 
0.0271287 
0.0278422 
0.0284024 
0.0288819 
0.0293057 
0.0296505 
0.0298247 
0.0297103 
0.0290657 
0.0276396 
0.0276396 
0.0632887 
0.0632887 
0.0576294 
0.0521594 
0.0467964 
0.0411589 
0.0350646 
0.0283833 
0.0211209 
0.0134873 
0.00580299 
-0.00162507 
-0.00852945 
-0.0147532 
-0.0202158 
-0.0248303 
-0.0284564 
-0.0309157 
-0.0320537 
-0.0318454 
-0.0304909 
-0.0284079 
-0.0260847 
-0.0239003 
-0.0220503 
-0.0205913 
-0.0195353 
-0.0188843 
-0.0186342 
-0.0187572 
-0.0192394 
-0.0200575 
-0.0211465 
-0.0223735 
-0.0235431 
-0.0244528 
-0.0249574 
-0.0249916 
-0.0245401 
-0.0235991 
-0.0221574 
-0.0201984 
-0.0177074 
-0.0146762 
-0.0111048 
-0.00700185 
-0.00240119 
0.00258195 
0.00760295 
0.0122555 
0.0162839 
0.0195443 
0.0220446 
0.0238938 
0.0252318 
0.0261946 
0.0269036 
0.0274599 
0.0279342 
0.0283521 
0.0286911 
0.0288643 
0.0287516 
0.0281203 
0.0267724 
0.0267724 
0.0597316 
0.0597316 
0.0544183 
0.0491179 
0.043928 
0.0385528 
0.0328075 
0.0265902 
0.0199202 
0.0129745 
0.00600766 
-0.000756457 
-0.00713231 
-0.0129588 
-0.0181403 
-0.0225849 
-0.0261629 
-0.0287048 
-0.030042 
-0.0300942 
-0.0289754 
-0.0270337 
-0.0247492 
-0.0225448 
-0.020665 
-0.0191904 
-0.0181262 
-0.0174886 
-0.0172715 
-0.0174378 
-0.0179701 
-0.0188384 
-0.0199582 
-0.0211715 
-0.0222715 
-0.0230752 
-0.0234788 
-0.0234528 
-0.0229964 
-0.0221025 
-0.0207518 
-0.018921 
-0.016591 
-0.0137511 
-0.0104019 
-0.00656226 
-0.002291 
0.00227037 
0.00684624 
0.011132 
0.014897 
0.0179994 
0.0204204 
0.0222374 
0.0235704 
0.0245437 
0.0252697 
0.0258413 
0.0263227 
0.0267371 
0.0270612 
0.0272156 
0.0270808 
0.0264514 
0.0251993 
0.0251993 
0.0546756 
0.0546756 
0.049828 
0.0448236 
0.0399089 
0.0348992 
0.0296296 
0.0240191 
0.0180863 
0.0119604 
0.00582577 
-0.000151259 
-0.00583398 
-0.0110902 
-0.0158237 
-0.01994 
-0.0233176 
-0.0258008 
-0.0272244 
-0.0274789 
-0.0266096 
-0.0248844 
-0.022741 
-0.0206136 
-0.0187805 
-0.0173457 
-0.0163167 
-0.015708 
-0.0155243 
-0.0157193 
-0.01627 
-0.0171392 
-0.0182246 
-0.0193533 
-0.020325 
-0.0209905 
-0.0212876 
-0.0212116 
-0.0207656 
-0.0199375 
-0.0187027 
-0.0170352 
-0.0149164 
-0.0123394 
-0.00931352 
-0.00587228 
-0.00208722 
0.00191063 
0.0059145 
0.00969632 
0.0130657 
0.015899 
0.0181634 
0.019905 
0.0212135 
0.0221916 
0.0229351 
0.0235238 
0.0240111 
0.0244152 
0.0247121 
0.024831 
0.0246593 
0.0240347 
0.0229023 
0.0229023 
0.0480645 
0.0480645 
0.0438184 
0.0392852 
0.0348037 
0.0302984 
0.025645 
0.0207772 
0.0157037 
0.0105079 
0.00531354 
0.000236885 
-0.00463104 
-0.00918061 
-0.0133207 
-0.0169606 
-0.0199905 
-0.0222735 
-0.0236598 
-0.0240334 
-0.0233932 
-0.0219317 
-0.0200212 
-0.018073 
-0.0163749 
-0.015047 
-0.0141003 
-0.0135431 
-0.0133936 
-0.0135992 
-0.0141322 
-0.0149491 
-0.0159367 
-0.0169214 
-0.0177258 
-0.0182409 
-0.0184384 
-0.0183275 
-0.0179111 
-0.0171733 
-0.0160884 
-0.0146321 
-0.0127891 
-0.0105577 
-0.00795414 
-0.0050184 
-0.00182117 
0.00152817 
0.00487948 
0.00806665 
0.0109424 
0.013408 
0.0154275 
0.0170236 
0.0182567 
0.0192027 
0.0199364 
0.02052 
0.0209941 
0.0213701 
0.0216241 
0.021695 
0.0214862 
0.0208857 
0.0199009 
0.0199009 
0.0398519 
0.0398519 
0.0363468 
0.0324904 
0.0286438 
0.0248133 
0.0209229 
0.0169212 
0.012806 
0.0086235 
0.00444812 
0.000356048 
-0.00358208 
-0.00728656 
-0.0106846 
-0.0136989 
-0.0162359 
-0.0181811 
-0.019408 
-0.0198098 
-0.0193606 
-0.0181892 
-0.0165906 
-0.0149221 
-0.013453 
-0.0123042 
-0.0114899 
-0.0110121 
-0.0108977 
-0.0110935 
-0.0115706 
-0.0122824 
-0.0131158 
-0.0139127 
-0.0145303 
-0.0148978 
-0.015011 
-0.0148847 
-0.0145206 
-0.013903 
-0.0130088 
-0.0118178 
-0.010319 
-0.00851357 
-0.00641886 
-0.00407128 
-0.00152981 
0.00112255 
0.00377834 
0.00631749 
0.00863319 
0.0106521 
0.012342 
0.0137113 
0.0147969 
0.0156496 
0.0163219 
0.0168575 
0.0172841 
0.0176066 
0.017803 
0.0178238 
0.0175954 
0.0170536 
0.0162459 
0.0162459 
0.0301176 
0.0301176 
0.0274887 
0.024525 
