0 
-0.00011252 
0.000768243 
0.00207506 
0.00278824 
0.00319681 
0.00341021 
0.00349906 
0.00350823 
0.00346661 
0.00339194 
0.00329418 
0.00317802 
0.00304474 
0.00289362 
0.00272295 
0.00253084 
0.00231572 
0.00207667 
0.00181367 
0.00152773 
0.00122089 
0.0008964 
0.00055876 
0.000214412 
-0.000125916 
-0.000454799 
-0.000770625 
-0.00107105 
-0.00135202 
-0.00160921 
-0.00183804 
-0.0020339 
-0.00219239 
-0.00230944 
-0.00238166 
-0.00240669 
-0.00238373 
-0.00231416 
-0.00220251 
-0.00205788 
-0.00189575 
-0.00173827 
-0.00161008 
-0.00152746 
-0.00148586 
-0.00145769 
-0.00140749 
-0.00131439 
-0.00118181 
-0.00102815 
-0.000871339 
-0.00072116 
-0.000580254 
-0.000447953 
-0.00032284 
-0.000203934 
-9.11553e-05 
1.464e-05 
0.000113227 
0.000203021 
0.000279983 
0.000341628 
0.000384893 
0.000407701 
0 
0.00011252 
0.00011252 
-0.000768243 
-0.00207506 
-0.00278824 
-0.00319681 
-0.00341021 
-0.00349906 
-0.00350823 
-0.00346661 
-0.00339194 
-0.00329418 
-0.00317802 
-0.00304474 
-0.00289362 
-0.00272295 
-0.00253084 
-0.00231572 
-0.00207667 
-0.00181367 
-0.00152773 
-0.00122089 
-0.0008964 
-0.00055876 
-0.000214412 
0.000125916 
0.000454799 
0.000770625 
0.00107105 
0.00135202 
0.00160921 
0.00183804 
0.0020339 
0.00219239 
0.00230944 
0.00238166 
0.00240669 
0.00238373 
0.00231416 
0.00220251 
0.00205788 
0.00189575 
0.00173827 
0.00161008 
0.00152746 
0.00148586 
0.00145769 
0.00140749 
0.00131439 
0.00118181 
0.00102815 
0.000871339 
0.00072116 
0.000580254 
0.000447953 
0.00032284 
0.000203934 
9.11553e-05 
-1.464e-05 
-0.000113227 
-0.000203021 
-0.000279983 
-0.000341628 
-0.000384893 
-0.000407701 
-0.000407701 
-0.000294974 
-0.000294974 
-0.00386256 
-0.00632659 
-0.0079197 
-0.00887562 
-0.00939211 
-0.00961236 
-0.00963959 
-0.00954438 
-0.00937126 
-0.00914516 
-0.0088769 
-0.00856797 
-0.00821429 
-0.00780903 
-0.00734473 
-0.00681484 
-0.00621465 
-0.00554198 
-0.00479755 
-0.00398509 
-0.00311146 
-0.00218662 
-0.00122386 
-0.000241517 
0.000740002 
0.00170736 
0.00264738 
0.00354384 
0.00438023 
0.00514022 
0.00580732 
0.00636559 
0.00680051 
0.00710007 
0.007256 
0.0072654 
0.0071325 
0.00687107 
0.00650772 
0.0060856 
0.00566443 
0.00530916 
0.00506202 
0.00491096 
0.00478572 
0.00459899 
0.00430309 
0.00391109 
0.00347032 
0.00302457 
0.00259714 
0.00219418 
0.00181367 
0.00145174 
0.00110535 
0.000773763 
0.000458343 
0.000163224 
-0.000104032 
-0.000334237 
-0.000519263 
-0.000649474 
-0.000718172 
-0.000718172 
-0.00453987 
-0.00453987 
-0.00796277 
-0.0108421 
-0.0129276 
-0.0142363 
-0.0149525 
-0.0152519 
-0.0152786 
-0.0151355 
-0.0148873 
-0.0145688 
-0.0141928 
-0.013758 
-0.0132543 
-0.0126678 
-0.0119842 
-0.0111911 
-0.0102794 
-0.00924432 
-0.00808629 
-0.00681069 
-0.00542802 
-0.00395341 
-0.00240563 
-0.000806966 
0.000814256 
0.00242835 
0.00400885 
0.00552814 
0.0069578 
0.00826989 
0.00943633 
0.0104294 
0.0112231 
0.0117956 
0.0121312 
0.0122237 
0.0120788 
0.0117185 
0.0111845 
0.0105437 
0.00988604 
0.00930805 
0.00887125 
0.00855708 
0.00826454 
0.00787399 
0.00732798 
0.00665436 
0.00592298 
0.00519331 
0.00449457 
0.00383301 
0.00320464 
0.00260352 
0.00202552 
0.00146925 
0.000937958 
0.000437608 
-2.11826e-05 
-0.000419418 
-0.000741028 
-0.000968566 
-0.00108925 
-0.00108925 
-0.00868461 
-0.00868461 
-0.0123345 
-0.0155172 
-0.0178218 
-0.0192425 
-0.0199848 
-0.0202576 
-0.0202344 
-0.020036 
-0.019735 
-0.0193657 
-0.0189348 
-0.018432 
-0.0178371 
-0.0171267 
-0.0162779 
-0.0152716 
-0.0140941 
-0.0127386 
-0.0112054 
-0.00950234 
-0.00764484 
-0.00565486 
-0.00355969 
-0.0013899 
0.000817427 
0.00302217 
0.00518864 
0.0072823 
0.00926684 
0.0111052 
0.0127594 
0.0141903 
0.0153602 
0.0162352 
0.01679 
0.0170118 
0.0169053 
0.0164975 
0.0158427 
0.0150272 
0.0141665 
0.0133811 
0.012745 
0.012231 
0.0117161 
0.0110669 
0.0102341 
0.00926615 
0.00824981 
0.00725064 
0.00629673 
0.00539076 
0.00452523 
0.00369155 
0.00288366 
0.00210099 
0.00134772 
0.000634138 
-2.16883e-05 
-0.000597852 
-0.00106983 
-0.00140632 
-0.00158632 
-0.00158632 
-0.013244 
-0.013244 
-0.0169857 
-0.0202134 
-0.0224716 
-0.0237989 
-0.0244361 
-0.0246175 
-0.0245312 
-0.024301 
-0.0239942 
-0.0236336 
-0.0232125 
-0.0227061 
-0.0220813 
-0.0213035 
-0.0203408 
-0.0191674 
-0.0177656 
-0.0161265 
-0.0142511 
-0.0121503 
-0.00984488 
-0.00736473 
-0.00474732 
-0.0020351 
0.000725522 
0.00348591 
0.00620069 
0.00882772 
0.0113253 
0.0136513 
0.0157618 
0.0176108 
0.0191512 
0.0203387 
0.0211374 
0.0215259 
0.0215048 
0.0211025 
0.0203821 
0.0194454 
0.0184275 
0.0174661 
0.0166384 
0.0159051 
0.0151299 
0.0141847 
0.0130444 
0.011782 
0.0104942 
0.00924411 
0.008053 
0.00691771 
0.00582648 
0.00476796 
0.00373478 
0.00272357 
0.00174199 
0.000799079 
-8.57518e-05 
-0.000871064 
-0.00152053 
-0.00199076 
-0.0022474 
-0.0022474 
-0.0174492 
-0.0174492 
-0.0213803 
-0.0245657 
-0.0266432 
-0.0277663 
-0.0282321 
-0.0282997 
-0.028163 
-0.0279372 
-0.0276734 
-0.0273754 
-0.0270172 
-0.0265573 
-0.0259487 
-0.0251455 
-0.0241073 
-0.0228023 
-0.0212089 
-0.0193167 
-0.0171271 
-0.0146537 
-0.0119229 
-0.00897295 
-0.0058526 
-0.00261824 
0.000668975 
0.00394818 
0.00716525 
0.0102723 
0.0132253 
0.0159809 
0.0184941 
0.020716 
0.0225942 
0.0240763 
0.0251168 
0.0256853 
0.0257757 
0.0254152 
0.0246723 
0.0236605 
0.0225298 
0.0214261 
0.0204202 
0.0194571 
0.018397 
0.017136 
0.015686 
0.0141439 
0.0126083 
0.0111323 
0.00972671 
0.0083805 
0.00707673 
0.00579993 
0.00453866 
0.00329174 
0.00205988 
0.000859791 
-0.000274103 
-0.00129725 
-0.00215906 
-0.00279686 
-0.00315551 
-0.00315551 
-0.0213885 
-0.0213885 
-0.0254499 
-0.0284732 
-0.0302654 
-0.031124 
-0.0313962 
-0.0313584 
-0.0311994 
-0.0310164 
-0.0308369 
-0.030641 
-0.0303822 
-0.0300025 
-0.029442 
-0.0286447 
-0.0275626 
-0.0261584 
-0.0244068 
-0.0222956 
-0.0198259 
-0.0170131 
-0.0138879 
-0.0104965 
-0.00689934 
-0.00316767 
0.000622288 
0.00439537 
0.00808432 
0.0116334 
0.0149961 
0.0181301 
0.0209927 
0.0235363 
0.0257076 
0.0274502 
0.0287117 
0.0294535 
0.0296631 
0.0293651 
0.0286314 
0.0275844 
0.0263829 
0.0251708 
0.024002 
0.0228045 
0.0214491 
0.019874 
0.0181348 
0.0163458 
0.0145981 
0.0129294 
0.0113375 
0.00980371 
0.0083046 
0.00682197 
0.00533938 
0.00384582 
0.00234566 
0.000861896 
-0.000563125 
-0.00187491 
-0.00300801 
-0.00387153 
-0.00437641 
-0.00437641 
-0.0248156 
-0.0248156 
-0.0289848 
-0.0317906 
-0.033267 
-0.0338611 
-0.0339551 
-0.0338373 
-0.0336841 
-0.0335702 
-0.033497 
-0.0334209 
-0.033277 
-0.0329932 
-0.0324987 
-0.0317288 
-0.0306284 
-0.0291547 
-0.0272786 
-0.0249853 
-0.0222745 
-0.0191614 
-0.0156791 
-0.0118803 
-0.00783649 
-0.00363353 
0.000633822 
0.00486925 
0.00899025 
0.0129346 
0.0166553 
0.0201137 
0.0232711 
0.0260837 
0.0284998 
0.0304613 
0.0319117 
0.0328067 
0.0331285 
0.0328999 
0.0321958 
0.0311451 
0.0299082 
0.0286152 
0.0272935 
0.0258592 
0.024212 
0.0223459 
0.0203581 
0.0183691 
0.0164534 
0.0146301 
0.0128842 
0.0111882 
0.00951462 
0.00783552 
0.00612139 
0.00436235 
0.00257261 
0.000779134 
-0.000981054 
-0.0026469 
-0.00413212 
-0.00530813 
-0.00602983 
-0.00602983 
-0.0277099 
-0.0277099 
-0.0319369 
-0.0344911 
-0.0356584 
-0.0360156 
-0.0359595 
-0.0357867 
-0.0356563 
-0.0356204 
-0.0356557 
-0.0356984 
-0.0356689 
-0.0354841 
-0.0350644 
-0.0343375 
-0.0332414 
-0.0317275 
-0.0297626 
-0.0273289 
-0.0244235 
-0.0210595 
-0.0172699 
-0.013112 
-0.00866677 
-0.00403373 
0.000674156 
0.00533521 
0.00984713 
0.0141411 
0.0181718 
0.0219052 
0.0253086 
0.0283428 
0.0309585 
0.0330979 
0.0347021 
0.0357237 
0.0361426 
0.0359819 
0.0353207 
0.0342914 
0.0330466 
0.0316898 
0.0302179 
0.0285489 
0.0266313 
0.0245208 
0.0223443 
0.0202141 
0.018182 
0.0162479 
0.0143854 
0.0125599 
0.010735 
0.00886495 
0.00692196 
0.0049031 
0.00281183 
0.000667396 
-0.00149551 
-0.00361156 
-0.00557014 
-0.00719277 
-0.00824455 
-0.00824455 
-0.0300102 
-0.0300102 
-0.0342558 
-0.0365617 
-0.0374609 
-0.0376251 
-0.0374505 
-0.0372405 
-0.0371363 
-0.037171 
-0.0373004 
-0.0374465 
-0.0375187 
-0.0374263 
-0.0370828 
-0.0364087 
-0.035335 
-0.033807 
-0.0317874 
-0.0292553 
-0.0262046 
-0.0226447 
-0.0186058 
-0.014147 
-0.00935726 
-0.00434538 
0.000754126 
0.0057852 
0.0106276 
0.0152121 
0.0194986 
0.0234589 
0.0270647 
0.0302797 
0.0330562 
0.0353364 
0.037061 
0.0381821 
0.0386805 
0.0385835 
0.037975 
0.0369862 
0.03575 
0.0343331 
0.0327079 
0.0308166 
0.0286725 
0.0263855 
0.0240935 
0.0218876 
0.0197942 
0.0177965 
0.015859 
0.0139386 
0.0119791 
0.00993417 
0.00777848 
0.00549626 
0.00308029 
0.000541477 
-0.00210191 
-0.00479493 
-0.00739559 
-0.00965188 
-0.011192 
-0.011192 
-0.0317203 
-0.0317203 
-0.0359469 
-0.0380306 
-0.0387176 
-0.0387338 
-0.0384679 
-0.0382288 
-0.0381415 
-0.0382265 
-0.0384248 
-0.038649 
-0.0388021 
-0.0387881 
-0.0385151 
-0.0378973 
-0.0368587 
-0.0353388 
-0.0332954 
-0.0307048 
-0.0275583 
-0.0238613 
-0.0196392 
-0.0149501 
-0.00988951 
-0.00457223 
0.000844051 
0.00616634 
0.0112645 
0.0160764 
0.0205685 
0.024715 
0.0284885 
0.0318522 
0.0347577 
0.0371475 
0.0389629 
0.0401589 
0.0407215 
0.0406851 
0.0401381 
0.0392016 
0.0379762 
0.03649 
0.0347104 
0.0326285 
0.030326 
0.0279474 
0.0256198 
0.0234055 
0.0213078 
0.0192971 
0.0173299 
0.015347 
0.013286 
0.011101 
0.00875554 
0.00621761 
0.00345995 
0.000471333 
-0.00277236 
-0.00622817 
-0.00969375 
-0.0128015 
-0.0149982 
-0.0149982 
-0.0328536 
-0.0328536 
-0.037032 
-0.0389367 
-0.0394732 
-0.0393827 
-0.0390477 
-0.0387787 
-0.038691 
-0.0387984 
-0.0390338 
-0.0393054 
-0.0395127 
-0.039557 
-0.0393422 
-0.0387775 
-0.0377808 
-0.0362858 
-0.0342447 
-0.0316303 
-0.0284325 
-0.0246553 
-0.0203187 
-0.0154756 
-0.0102243 
-0.00469182 
0.000928764 
0.00643007 
0.0116995 
0.0166797 
0.0213344 
0.0256333 
0.0295445 
0.0330282 
0.0360341 
0.038505 
0.0403851 
0.0416354 
0.0422513 
0.0422759 
0.0417964 
0.0409122 
0.0396839 
0.0381137 
0.0361932 
0.0339795 
0.0316082 
0.0292304 
0.0269465 
0.0247891 
0.0227434 
0.0207722 
0.0188204 
0.016818 
0.0147015 
0.0124172 
0.00991074 
0.00712394 
0.00399456 
0.000461058 
-0.00356927 
-0.0080288 
-0.0125825 
-0.0167042 
-0.0196573 
-0.0196573 
-0.0334423 
-0.0334423 
-0.037555 
-0.0393323 
-0.0397765 
-0.0396141 
-0.0392259 
-0.0389204 
-0.0388106 
-0.0389095 
-0.0391484 
-0.0394349 
-0.0396677 
-0.0397469 
-0.0395745 
-0.0390556 
-0.0381043 
-0.036648 
-0.0346331 
-0.0320273 
-0.0288194 
-0.0250151 
-0.0206355 
-0.0157277 
-0.0103873 
-0.00476126 
0.000937765 
0.00652438 
0.0118994 
0.0169986 
0.0217765 
0.0261939 
0.0302122 
0.0337864 
0.0368642 
0.0393895 
0.0413119 
0.042602 
0.0432662 
0.0433533 
0.0429391 
0.0420908 
0.0408348 
0.0391754 
0.0371558 
0.0348961 
0.0325568 
0.0302699 
0.028102 
0.0260615 
0.0241245 
0.0222461 
0.0203587 
0.0183907 
0.0162756 
0.0139437 
0.0113116 
0.0082733 
0.00469492 
0.000429208 
-0.00465491 
-0.010344 
-0.0161028 
-0.0212644 
-0.0249663 
-0.0249663 
-0.033529 
-0.033529 
-0.0375587 
-0.0392631 
-0.0396678 
-0.0394661 
-0.039041 
-0.0386925 
-0.0385395 
-0.0385989 
-0.0388069 
-0.0390733 
-0.0392983 
-0.0393824 
-0.0392279 
-0.0387396 
-0.037829 
-0.0364195 
-0.0344517 
-0.0318877 
-0.0287134 
-0.0249368 
-0.0205875 
-0.0157186 
-0.0104178 
-0.00481799 
0.000881344 
0.00649698 
0.0119194 
0.0170803 
0.0219294 
0.0264194 
0.0305029 
0.0341296 
0.0372453 
0.0397966 
0.0417409 
0.0430598 
0.0437686 
0.0439132 
0.0435471 
0.0427051 
0.0414025 
0.0396777 
0.0376351 
0.0354327 
0.0332235 
0.0311049 
0.0291143 
0.0272479 
0.0254743 
0.0237385 
0.0219709 
0.0201005 
0.0180511 
0.0157249 
0.0129839 
0.00963126 
0.00542428 
0.000150014 
-0.00622608 
-0.0132238 
-0.0201409 
-0.0262513 
-0.0306342 
-0.0306342 
-0.0331378 
-0.0331378 
-0.0371163 
-0.0387965 
-0.0392003 
-0.0389842 
-0.0385295 
-0.0381303 
-0.0379153 
-0.0379097 
-0.038058 
-0.038275 
-0.0384641 
-0.0385287 
-0.0383728 
-0.0379025 
-0.0370289 
-0.0356729 
-0.0337712 
-0.0312809 
-0.0281839 
-0.0244879 
-0.0202272 
-0.0154641 
-0.0102897 
-0.00482604 
0.000769521 
0.00633359 
0.0117423 
0.0169142 
0.0217859 
0.0263024 
0.0304092 
0.0340515 
0.0371747 
0.0397303 
0.0416841 
0.0430264 
0.0437735 
0.0439577 
0.0436059 
0.0427399 
0.0413974 
0.0396693 
0.0377031 
0.0356594 
0.0336615 
0.0317729 
0.0300139 
0.0283708 
0.0268063 
0.0252642 
0.0236777 
0.0219729 
0.0200528 
0.0177661 
0.0148752 
0.0110498 
0.00595596 
-0.000575024 
-0.00832025 
-0.0165375 
-0.0244724 
-0.0314061 
-0.0363976 
-0.0363976 
-0.0323169 
-0.0323169 
-0.036278 
-0.0379763 
-0.0384132 
-0.0382083 
-0.037736 
-0.0372845 
-0.0369943 
-0.0369025 
-0.0369656 
-0.0371053 
-0.0372305 
-0.0372488 
-0.0370685 
-0.0365995 
-0.0357551 
-0.0344568 
-0.0326392 
-0.0302559 
-0.0272845 
-0.0237292 
-0.0196225 
-0.0150259 
-0.0100274 
-0.00474299 
0.000688423 
0.0061239 
0.0114415 
0.0165527 
0.0213828 
0.0258677 
0.0299464 
0.0335609 
0.036658 
0.0391942 
0.0411418 
0.0424929 
0.0432563 
0.0434475 
0.0430831 
0.0421991 
0.0408738 
0.0392385 
0.0374512 
0.0356495 
0.0339223 
0.0323102 
0.0308214 
0.0294392 
0.0281263 
0.0268298 
0.0254862 
0.0240107 
0.0222633 
0.0199983 
0.0168338 
0.0123125 
0.00610154 
-0.00178373 
-0.0108035 
-0.0200781 
-0.0288786 
-0.0365168 
-0.0420525 
-0.0420525 
-0.0311122 
-0.0311122 
-0.0350911 
-0.0368452 
-0.0373473 
-0.0371801 
-0.0367061 
-0.0362072 
-0.0358359 
-0.0356442 
-0.0356033 
-0.0356442 
-0.0356827 
-0.0356317 
-0.0354054 
-0.0349191 
-0.0340915 
-0.0328468 
-0.0311206 
-0.0288646 
-0.0260523 
-0.0226833 
-0.0187849 
-0.0144133 
-0.00964959 
-0.00459964 
0.000614323 
0.0058626 
0.0110272 
0.0160153 
0.0207449 
0.0251445 
0.0291484 
0.0326967 
0.0357376 
0.0382304 
0.0401487 
0.0414811 
0.0422279 
0.0423994 
0.0420239 
0.0411679 
0.0399442 
0.0384977 
0.0369694 
0.0354642 
0.0340437 
0.0327354 
0.0315442 
0.0304537 
0.0294306 
0.0284283 
0.0273824 
0.026182 
0.0246114 
0.0222891 
0.01868 
0.013265 
0.00582832 
-0.0033506 
-0.0134839 
-0.0236604 
-0.0331894 
-0.0414217 
-0.0474409 
-0.0474409 
-0.0295679 
-0.0295679 
-0.0335962 
-0.0354397 
-0.036038 
-0.0359377 
-0.035484 
-0.0349509 
-0.0345016 
-0.0342047 
-0.0340486 
-0.0339762 
-0.033911 
-0.0337726 
-0.0334814 
-0.0329599 
-0.0321335 
-0.0309322 
-0.029295 
-0.027174 
-0.0245405 
-0.0213884 
-0.0177378 
-0.0136354 
-0.00915302 
-0.00438483 
0.000560576 
0.00556618 
0.0105193 
0.0153248 
0.0198965 
0.0241582 
0.0280407 
0.0314831 
0.0344336 
0.0368518 
0.0387101 
0.0399944 
0.0407053 
0.040863 
0.0405193 
0.0397674 
0.0387326 
0.0375481 
0.0363264 
0.0351445 
0.0340476 
0.0330583 
0.0321819 
0.0314058 
0.0307039 
0.0300351 
0.0293258 
0.0284167 
0.0269842 
0.0244912 
0.0202845 
0.0138708 
0.00522832 
-0.0051042 
-0.016198 
-0.0271478 
-0.0372794 
-0.0459968 
-0.0524379 
-0.0524379 
-0.0277239 
-0.0277239 
-0.0318293 
-0.033792 
-0.0345167 
-0.0345145 
-0.0341091 
-0.0335637 
-0.0330492 
-0.0326514 
-0.0323778 
-0.0321857 
-0.0320082 
-0.0317715 
-0.0314028 
-0.0308317 
-0.0299915 
-0.0288196 
-0.0272605 
-0.0252697 
-0.0228181 
-0.0198957 
-0.0165155 
-0.0127142 
-0.00855144 
-0.00410747 
0.000524062 
0.00523916 
0.00993053 
0.0145014 
0.0188636 
0.0229384 
0.0266549 
0.0299512 
0.0327754 
0.0350873 
0.0368604 
0.0380842 
0.0387689 
0.0389523 
0.0387058 
0.0381326 
0.0373497 
0.036467 
0.0355698 
0.0347172 
0.0339465 
0.03328 
0.0327257 
0.0322773 
0.031917 
0.031606 
0.0312488 
0.0306169 
0.0292581 
0.0264914 
0.0216022 
0.0141913 
0.00444794 
-0.00688582 
-0.0188227 
-0.0304398 
-0.041052 
-0.0501437 
-0.0569423 
-0.0569423 
-0.0256157 
-0.0256157 
-0.029822 
-0.0319298 
-0.0328092 
-0.0329374 
-0.0326135 
-0.0320858 
-0.031529 
-0.0310443 
-0.03066 
-0.0303503 
-0.03006 
-0.0297225 
-0.0292714 
-0.0286433 
-0.0277789 
-0.0266237 
-0.0251291 
-0.0232559 
-0.0209767 
-0.0182802 
-0.0151738 
-0.0116851 
-0.00786213 
-0.00377088 
0.000510556 
0.00489329 
0.00927787 
0.0135674 
0.017674 
0.0215179 
0.025028 
0.0281428 
0.0308119 
0.032998 
0.03468 
0.0358564 
0.0365504 
0.0368134 
0.0367242 
0.0363797 
0.0358783 
0.0353061 
0.0347294 
0.0341972 
0.0337442 
0.033394 
0.033159 
0.0330405 
0.0330278 
0.0330788 
0.033065 
0.0326741 
0.0313258 
0.0282276 
0.0226561 
0.0143339 
0.00363062 
-0.0085729 
-0.0212664 
-0.033455 
-0.0444255 
-0.0537794 
-0.0608684 
-0.0608684 
-0.0232747 
-0.0232747 
-0.0276021 
-0.0298767 
-0.0309364 
-0.0312266 
-0.0310205 
-0.0305476 
-0.0299804 
-0.0294329 
-0.0289536 
-0.0285363 
-0.0281399 
-0.027707 
-0.027177 
-0.0264927 
-0.0256013 
-0.0244558 
-0.0230149 
-0.0212452 
-0.0191233 
-0.0166386 
-0.0137952 
-0.0106141 
-0.00713292 
-0.00340449 
0.000508225 
0.00453157 
0.00857601 
0.0125481 
0.0163623 
0.0199409 
0.0232147 
0.0261251 
0.0286257 
0.0306852 
0.0322904 
0.0334496 
0.0341951 
0.0345828 
0.0346869 
0.0345898 
0.0343702 
0.0340959 
0.0338215 
0.0335907 
0.0334376 
0.033388 
0.0334592 
0.0336595 
0.0339835 
0.0343798 
0.0346795 
0.0344853 
0.0331071 
0.0296788 
0.0235007 
0.014406 
0.00288793 
-0.0100787 
-0.0234548 
-0.0361156 
-0.0473209 
-0.0568275 
-0.0641391 
-0.0641391 
-0.020729 
-0.020729 
-0.0251944 
-0.0276535 
-0.0289146 
-0.0293957 
-0.029344 
-0.0289674 
-0.0284302 
-0.0278532 
-0.0273033 
-0.0267956 
-0.026306 
-0.0257885 
-0.0251896 
-0.024457 
-0.0235436 
-0.0224083 
-0.0210163 
-0.0193399 
-0.0173602 
-0.0150685 
-0.0124682 
-0.00957548 
-0.00642079 
-0.00304624 
0.000497985 
0.00415209 
0.00783894 
0.0114724 
0.0149728 
0.018267 
0.0212907 
0.0239903 
0.0263256 
0.0282725 
0.0298251 
0.0309979 
0.0318258 
0.0323609 
0.0326668 
0.0328099 
0.032853 
0.0328515 
0.0328528 
0.0328974 
0.0330194 
0.0332464 
0.0336001 
0.0340948 
0.0347267 
0.0354316 
0.0359997 
0.0359601 
0.0345415 
0.0308386 
0.024185 
0.0144879 
0.00229705 
-0.0113441 
-0.025317 
-0.0383335 
-0.0496529 
-0.0592125 
-0.0666803 
-0.0666803 
-0.0180051 
-0.0180051 
-0.0226225 
-0.025279 
-0.0267576 
-0.0274532 
-0.0275899 
-0.0273523 
-0.0268908 
-0.0263263 
-0.0257392 
-0.0251651 
-0.0245999 
-0.0240122 
-0.0233575 
-0.0225891 
-0.0216641 
-0.0205458 
-0.0192045 
-0.0176174 
-0.0157697 
-0.013655 
-0.0112768 
-0.00864892 
-0.005796 
-0.00275223 
0.000442008 
0.00373784 
0.00707058 
0.0103648 
0.0135494 
0.0165588 
0.0193355 
0.021833 
0.0240178 
0.0258717 
0.0273937 
0.0285998 
0.0295222 
0.0302052 
0.0307004 
0.031061 
0.031338 
0.0315783 
0.0318243 
0.0321138 
0.0324802 
0.0329526 
0.0335557 
0.0343075 
0.0352025 
0.0361631 
0.0369452 
0.0370247 
0.0355821 
0.031699 
0.0247363 
0.0146267 
0.00189462 
-0.0123329 
-0.0267755 
-0.0400013 
-0.0513263 
-0.0608574 
-0.0684212 
-0.0684212 
-0.0151287 
-0.0151287 
-0.0199096 
-0.0227723 
-0.0244781 
-0.0254049 
-0.0257575 
-0.0256986 
-0.0253607 
-0.0248574 
-0.0242752 
-0.0236668 
-0.0230486 
-0.0224073 
-0.0217107 
-0.0209193 
-0.0199944 
-0.0189027 
-0.0176175 
-0.0161196 
-0.014397 
-0.0124455 
-0.0102689 
-0.00787971 
-0.00529892 
-0.00255535 
0.000317176 
0.00327822 
0.00627603 
0.00924721 
0.0121307 
0.01487 
0.0174158 
0.0197286 
0.021781 
0.0235591 
0.0250635 
0.0263088 
0.027322 
0.0281386 
0.0287998 
0.0293486 
0.0298274 
0.0302764 
0.0307339 
0.0312348 
0.0318113 
0.0324924 
0.0333043 
0.0342655 
0.0353669 
0.0365183 
0.037452 
0.037615 
0.0361707 
0.0322086 
0.0251099 
0.0147945 
0.00168487 
-0.0130132 
-0.0277338 
-0.0409975 
-0.0522447 
-0.0616925 
-0.0693009 
-0.0693009 
-0.0121261 
-0.0121261 
-0.0170802 
-0.0201539 
-0.0220907 
-0.0232565 
-0.0238433 
-0.0239954 
-0.0238262 
-0.0234358 
-0.0229086 
-0.0223069 
-0.0216654 
-0.0209904 
-0.020266 
-0.019463 
-0.0185486 
-0.0174924 
-0.0162701 
-0.0148643 
-0.0132647 
-0.0114684 
-0.00947932 
-0.00730843 
-0.00497369 
-0.00249932 
8.58087e-05 
0.00274726 
0.00544315 
0.00812173 
0.0107323 
0.0132277 
0.0155666 
0.0177161 
0.0196538 
0.0213684 
0.0228603 
0.0241414 
0.0252325 
0.0261621 
0.0269627 
0.0276695 
0.0283179 
0.028943 
0.0295786 
0.0302565 
0.0310066 
0.0318567 
0.0328324 
0.0339496 
0.0351937 
0.0364658 
0.037488 
0.0377032 
0.0362849 
0.0323481 
0.0252881 
0.0150098 
0.00165878 
-0.0133573 
-0.0280696 
-0.0412015 
-0.0523195 
-0.0616593 
-0.0692704 
-0.0692704 
-0.00902477 
-0.00902477 
-0.0141603 
-0.0174471 
-0.0196134 
-0.0210178 
-0.0218458 
-0.0222292 
-0.0222649 
-0.0220365 
-0.0216185 
-0.0210739 
-0.0204486 
-0.0197668 
-0.0190308 
-0.0182261 
-0.017329 
-0.0163135 
-0.0151572 
-0.0138434 
-0.0123624 
-0.0107113 
-0.00889353 
-0.00691902 
-0.00480356 
-0.00256835 
-0.000238832 
0.00215519 
0.00458192 
0.00700008 
0.00936823 
0.0116475 
0.0138038 
0.01581 
0.0176471 
0.0193054 
0.0207844 
0.0220926 
0.0232461 
0.0242667 
0.0251808 
0.0260168 
0.0268049 
0.0275748 
0.0283562 
0.0291771 
0.0300646 
0.0310441 
0.0321376 
0.0333572 
0.0346827 
0.0360083 
0.0370511 
0.0372629 
0.0358438 
0.0319549 
0.0250174 
0.0149664 
0.00172874 
-0.0131993 
-0.0276074 
-0.0405118 
-0.051489 
-0.0607216 
-0.0683089 
-0.0683089 
-0.00585333 
-0.00585333 
-0.0111776 
-0.0146782 
-0.0170695 
-0.0187055 
-0.0197704 
-0.0203909 
-0.020653 
-0.0206253 
-0.020368 
-0.0199361 
-0.0193773 
-0.0187269 
-0.0180038 
-0.0172105 
-0.0163367 
-0.0153646 
-0.0142755 
-0.0130538 
-0.0116896 
-0.0101791 
-0.00852458 
-0.00673394 
-0.00482006 
-0.00280035 
-0.000696196 
0.00146725 
0.00366257 
0.0058572 
0.00801742 
0.0101115 
0.0121115 
0.0139946 
0.0157447 
0.0173529 
0.0188177 
0.0201447 
0.0213459 
0.0224382 
0.0234427 
0.0243825 
0.025283 
0.026169 
0.0270661 
0.0279984 
0.0289893 
0.0300603 
0.0312298 
0.0325046 
0.0338549 
0.0351693 
0.0361688 
0.0363295 
0.0348957 
0.0310881 
0.0243558 
0.0146293 
0.00189889 
-0.0124733 
-0.0264219 
-0.0390022 
-0.0497903 
-0.0589056 
-0.0664576 
-0.0664576 
-0.00264096 
-0.00264096 
-0.00815989 
-0.0118754 
-0.0144874 
-0.0163451 
-0.0176347 
-0.0184841 
-0.0189758 
-0.019169 
-0.0191107 
-0.0188434 
-0.0184073 
-0.0178386 
-0.017166 
-0.0164067 
-0.0155658 
-0.0146379 
-0.0136118 
-0.0124748 
-0.0112173 
-0.00983402 
-0.00832546 
-0.0066974 
-0.00496056 
-0.00312998 
-0.00122439 
0.000733842 
0.00272335 
0.0047205 
0.00669774 
0.00862919 
0.0104916 
0.0122657 
0.0139375 
0.0154983 
0.0169457 
0.0182827 
0.019518 
0.0206645 
0.021739 
0.02276 
0.0237484 
0.0247248 
0.0257106 
0.0267255 
0.0277892 
0.0289199 
0.0301296 
0.0314162 
0.0327427 
0.0339941 
0.0349005 
0.034972 
0.0335125 
0.0298098 
0.0233566 
0.0140676 
0.00212359 
-0.0113404 
-0.0246244 
-0.0367641 
-0.0473058 
-0.0562848 
-0.0637882 
-0.0637882 
0.000585535 
0.000585535 
-0.00513173 
-0.00906588 
-0.0118977 
-0.0139699 
-0.0154703 
-0.0165313 
-0.0172388 
-0.0176507 
-0.0178069 
-0.0177386 
-0.0174747 
-0.0170435 
-0.016473 
-0.0157873 
-0.0150036 
-0.0141305 
-0.0131686 
-0.012113 
-0.010957 
-0.00969564 
-0.00832744 
-0.00685529 
-0.00528635 
-0.00363154 
-0.00190493 
-0.000123939 
0.0016928 
0.00352498 
0.00535022 
0.0071471 
0.00889591 
0.0105801 
0.012187 
0.0137078 
0.0151393 
0.0164818 
0.0177422 
0.0189297 
0.020058 
0.0211415 
0.0221976 
0.0232423 
0.0242936 
0.0253669 
0.0264791 
0.0276421 
0.02886 
0.0301239 
0.0313897 
0.0325406 
0.0333205 
0.0332822 
0.031801 
0.0282395 
0.022147 
0.0134348 
0.00240658 
-0.00997462 
-0.0224048 
-0.0339742 
-0.0441884 
-0.0529912 
-0.0604226 
-0.0604226 
0.00380325 
0.00380325 
-0.00211148 
-0.0062707 
-0.00932848 
-0.0116162 
-0.0133197 
-0.0145756 
-0.0154762 
-0.0160853 
-0.016444 
-0.01658 
-0.0165134 
-0.0162627 
-0.0158469 
-0.0152866 
-0.0146018 
-0.0138098 
-0.0129221 
-0.0119445 
-0.0108776 
-0.00971959 
-0.00846915 
-0.00712719 
-0.00569822 
-0.00419049 
-0.0026158 
-0.000989198 
0.000672158 
0.00235414 
0.00404112 
0.0057154 
0.00736012 
0.00896092 
0.0105059 
0.0119863 
0.0133978 
0.0147387 
0.0160137 
0.0172292 
0.0183962 
0.0195254 
0.0206311 
0.0217251 
0.0228226 
0.0239356 
0.0250757 
0.0262477 
0.0274501 
0.0286669 
0.0298482 
0.0308777 
0.031518 
0.0313695 
0.0298857 
0.0265091 
0.0208505 
0.0128305 
0.00279477 
-0.00845753 
-0.0199274 
-0.0308131 
-0.0406099 
-0.0491801 
-0.0565059 
-0.0565059 
0.00700798 
0.00700798 
0.000888589 
-0.00350218 
-0.00679898 
-0.00931505 
-0.0112278 
-0.0126733 
-0.0137493 
-0.0145274 
-0.0150574 
-0.0153719 
-0.0154916 
-0.0154303 
-0.0151991 
-0.0148099 
-0.0142764 
-0.0136141 
-0.0128383 
-0.0119623 
-0.0109958 
-0.00994434 
-0.00881093 
-0.00759757 
-0.0063071 
-0.00494432 
-0.00351629 
-0.00203238 
-0.000504017 
0.00105655 
0.0026342 
0.00421409 
0.00578076 
0.0073211 
0.0088236 
0.0102778 
0.0116783 
0.0130195 
0.0143065 
0.0155439 
0.0167406 
0.0179041 
0.0190463 
0.0201759 
0.0213059 
0.0224437 
0.0235949 
0.0247597 
0.025931 
0.0270867 
0.0281728 
0.0290763 
0.0295815 
0.029339 
0.0278817 
0.0247326 
0.0195621 
0.0123026 
0.00328007 
-0.00684763 
-0.0173131 
-0.0274368 
-0.0367339 
-0.0450089 
-0.0521884 
-0.0521884 
0.0102097 
0.0102097 
0.00387396 
-0.000761219 
-0.00431367 
-0.0070827 
-0.00922775 
-0.0108778 
-0.0121301 
-0.0130618 
-0.0137319 
-0.0141837 
-0.014447 
-0.0145413 
-0.0144784 
-0.0142662 
-0.0139111 
-0.0134202 
-0.0128026 
-0.0120689 
-0.0112298 
-0.010295 
-0.00927234 
-0.00816764 
-0.00698581 
-0.00573205 
-0.00441294 
-0.00303725 
-0.00161599 
-0.000161633 
0.00131185 
0.00279914 
0.0042865 
0.00576302 
0.00721674 
0.00863615 
0.0100168 
0.0113495 
0.0126379 
0.0138853 
0.0150994 
0.0162844 
0.017451 
0.0186047 
0.019755 
0.0209046 
0.0220549 
0.0232022 
0.0243344 
0.0254247 
0.0264168 
0.0272032 
0.0275919 
0.0272835 
0.0258867 
0.0230015 
0.0183516 
0.0118786 
0.0038584 
-0.00518045 
-0.0146413 
-0.0239615 
-0.0326957 
-0.0406172 
-0.0476093 
-0.0476093 
0.0134307 
0.0134307 
0.00687016 
0.001968 
-0.00186215 
-0.00491385 
-0.00732862 
-0.00921859 
-0.0106742 
-0.0117715 
-0.0125745 
-0.0131357 
-0.0134969 
-0.0136898 
-0.0137374 
-0.0136546 
-0.0134501 
-0.0131285 
-0.012692 
-0.012143 
-0.0114846 
-0.0107212 
-0.00985838 
-0.00890231 
-0.00785965 
-0.00673773 
-0.00554462 
-0.00428897 
-0.00297939 
-0.00162365 
-0.000229245 
0.00119727 
0.00263932 
0.00408587 
0.00552635 
0.00694501 
0.00833125 
0.0096652 
0.0109592 
0.0122199 
0.0134508 
0.0146547 
0.0158409 
0.0170121 
0.0181743 
0.0193279 
0.020471 
0.0215967 
0.0226891 
0.0237181 
0.0246272 
0.0253162 
0.0256172 
0.0252779 
0.0239761 
0.021382 
0.0172651 
0.0115711 
0.00451526 
-0.00348609 
-0.0119671 
-0.0204701 
-0.0285995 
-0.0361196 
-0.0428865 
-0.0428865 
0.0167012 
0.0167012 
0.00991276 
0.00472292 
0.000581745 
-0.00278507 
-0.00551226 
-0.00769019 
-0.00939611 
-0.0106991 
-0.0116619 
-0.0123411 
-0.0127862 
-0.0130399 
-0.0131381 
-0.0131098 
-0.0129768 
-0.012753 
-0.0124452 
-0.0120541 
-0.0115763 
-0.0110066 
-0.0103398 
-0.00957133 
-0.00869892 
-0.00772292 
-0.0066474 
-0.00548093 
-0.00423673 
-0.00293173 
-0.00158413 
-0.000210259 
0.00117446 
0.00257732 
0.00398118 
0.0053648 
0.00673009 
0.00805196 
0.0093363 
0.0105923 
0.0118268 
0.0130377 
0.0142324 
0.0154113 
0.0165769 
0.0177281 
0.0188607 
0.0199649 
0.0210222 
0.0220004 
0.0228444 
0.0234627 
0.0237105 
0.0233782 
0.0222039 
0.0199191 
0.0163317 
0.011388 
0.00524359 
-0.00178185 
-0.00932406 
-0.0170169 
-0.0245187 
-0.0316023 
-0.0381124 
-0.0381124 
0.0200538 
0.0200538 
0.0130378 
0.00754613 
0.00306104 
-0.000662174 
-0.0037424 
-0.00625885 
-0.00826826 
-0.00982974 
-0.011001 
-0.011839 
-0.0123966 
-0.0127221 
-0.0128588 
-0.0128458 
-0.0127177 
-0.0125037 
-0.0122256 
-0.0118963 
-0.01152 
-0.0110927 
-0.0106052 
-0.0100452 
-0.00939978 
-0.00865694 
-0.00780735 
-0.00684572 
-0.00577286 
-0.0045976 
-0.00333759 
-0.00201624 
-0.000651212 
0.000753418 
0.00218977 
0.00363663 
0.00505956 
0.00637848 
0.00765389 
0.00892909 
0.0101798 
0.0114058 
0.0126096 
0.0137942 
0.014961 
0.0161091 
0.0172328 
0.0183208 
0.0193529 
0.0202964 
0.0210987 
0.0216775 
0.0219094 
0.0216221 
0.0206046 
0.0186401 
0.0155681 
0.0113339 
0.00603966 
-7.6151e-05 
-0.00672964 
-0.0136335 
-0.0205007 
-0.0271252 
-0.0333542 
-0.0333542 
0.0235202 
0.0235202 
0.0162795 
0.0104746 
0.00561769 
0.00149687 
-0.00198174 
-0.00488333 
-0.00724679 
-0.00911679 
-0.0105444 
-0.0115861 
-0.012299 
-0.012736 
-0.0129452 
-0.0129693 
-0.0128473 
-0.012615 
-0.0123049 
-0.0119438 
-0.011551 
-0.0111364 
-0.0107004 
-0.0102356 
-0.00972924 
-0.00916539 
-0.0085269 
-0.00779563 
-0.0069522 
-0.00597618 
-0.00484865 
-0.00356148 
-0.00213412 
-0.000646693 
0.000793523 
0.00216415 
0.00353254 
0.00483766 
0.0060945 
0.00734459 
0.00858337 
0.0098029 
0.0110021 
0.0121825 
0.0133446 
0.0144871 
0.0156036 
0.0166818 
0.0177009 
0.0186282 
0.0194145 
0.0199866 
0.0202399 
0.0200334 
0.0191981 
0.0175597 
0.0149832 
0.0114124 
0.00690571 
0.00163255 
-0.00418769 
-0.0103334 
-0.0165712 
-0.0227251 
-0.0286556 
-0.0286556 
0.0271297 
0.0271297 
0.0196683 
0.01354 
0.00828633 
0.00372658 
-0.000198731 
-0.0035317 
-0.00629742 
-0.00852117 
-0.0102444 
-0.0115223 
-0.0124178 
-0.0129927 
-0.0133032 
-0.013398 
-0.013319 
-0.0131032 
-0.0127837 
-0.0123903 
-0.0119486 
-0.0114787 
-0.0109936 
-0.0104989 
-0.00999345 
-0.00947079 
-0.00892184 
-0.00833639 
-0.00770359 
-0.00701005 
-0.00623546 
-0.0053471 
-0.00429882 
-0.00303843 
-0.00153699 
0.00017851 
0.00188821 
0.00317587 
0.00432523 
0.00564692 
0.00693781 
0.00817879 
0.00938275 
0.0105597 
0.0117172 
0.0128563 
0.0139716 
0.0150508 
0.0160728 
0.0170061 
0.0178048 
0.018404 
0.0187153 
0.0186234 
0.0179928 
0.0166831 
0.0145803 
0.0116269 
0.00784756 
0.00335314 
-0.00169158 
-0.00711594 
-0.012739 
-0.0184199 
-0.0240405 
-0.0240405 
0.0309078 
0.0309078 
0.0232305 
0.0167695 
0.0110948 
0.00605745 
0.00163588 
-0.00218225 
-0.00540028 
-0.00802466 
-0.0100814 
-0.0116216 
-0.0127143 
-0.0134326 
-0.0138459 
-0.0140138 
-0.0139858 
-0.013803 
-0.0135004 
-0.0131079 
-0.0126508 
-0.0121495 
-0.0116199 
-0.0110726 
-0.0105139 
-0.00994595 
-0.00936786 
-0.0087767 
-0.00816824 
-0.00753649 
-0.00687057 
-0.00614605 
-0.00532121 
-0.00433811 
-0.00312748 
-0.00154539 
0.000214838 
0.00161371 
0.00285254 
0.00411827 
0.00537248 
0.00659691 
0.00778955 
0.00895635 
0.0101052 
0.0112398 
0.0123568 
0.013445 
0.0144844 
0.0154445 
0.0162827 
0.0169413 
0.0173446 
0.0173979 
0.0169915 
0.0160116 
0.0143612 
0.011982 
0.00887384 
0.00510019 
0.000775406 
-0.00396942 
-0.00899917 
-0.014212 
-0.019516 
-0.019516 
0.0348755 
0.0348755 
0.0269883 
0.0201872 
0.0140688 
0.00851576 
0.0035458 
-0.000815035 
-0.00454071 
-0.00761825 
-0.0100513 
-0.0118826 
-0.0131856 
-0.0140472 
-0.0145536 
-0.0147796 
-0.0147863 
-0.0146221 
-0.0143265 
-0.013932 
-0.0134657 
-0.0129491 
-0.0123988 
-0.011826 
-0.0112377 
-0.0106373 
-0.0100266 
-0.0094067 
-0.00877902 
-0.00814499 
-0.00750394 
-0.00684154 
-0.00611893 
-0.00529452 
-0.00436313 
-0.00334186 
-0.00232553 
-0.00132528 
3.56818e-05 
0.00182144 
0.00347328 
0.00486183 
0.00611882 
0.00730524 
0.0084621 
0.00960542 
0.0107382 
0.0118522 
0.0129294 
0.0139414 
0.0148488 
0.0155995 
0.0161283 
0.0163559 
0.0161921 
0.0155434 
0.0143264 
0.012483 
0.00999507 
0.00689038 
0.0032363 
-0.000872434 
-0.0053363 
-0.0100916 
-0.0150757 
-0.0150757 
0.0390478 
0.0390478 
0.0309584 
0.0238129 
0.0172314 
0.0111264 
0.00555674 
0.000591345 
-0.00370528 
-0.00729451 
-0.0101535 
-0.0123096 
-0.0138394 
-0.014844 
-0.0154312 
-0.015696 
-0.0157152 
-0.0155479 
-0.0152395 
-0.0148263 
-0.0143374 
-0.0137961 
-0.0132208 
-0.0126247 
-0.0120167 
-0.0114014 
-0.0107807 
-0.0101546 
-0.00952249 
-0.00888417 
-0.00824094 
-0.00759102 
-0.00691441 
-0.00617943 
-0.00536524 
-0.00444316 
-0.00344004 
-0.002539 
-0.00143545 
-1.33916e-05 
0.00147851 
0.00291459 
0.00426016 
0.00552796 
0.00674509 
0.00793602 
0.00911383 
0.0102786 
0.0114182 
0.0125083 
0.0135135 
0.0143873 
0.0150721 
0.0155001 
0.0155955 
0.0152798 
0.0144799 
0.0131389 
0.0112259 
0.00874197 
0.00571803 
0.00220447 
-0.00172616 
-0.00603804 
-0.0107007 
-0.0107007 
0.0434312 
0.0434312 
0.03515 
0.0276602 
0.0206013 
0.0139118 
0.00769231 
0.00205817 
-0.00287828 
-0.00704421 
-0.010386 
-0.0129072 
-0.0146838 
-0.0158326 
-0.0164868 
-0.0167677 
-0.0167734 
-0.0165767 
-0.0162317 
-0.0157792 
-0.015251 
-0.0146723 
-0.0140625 
-0.013436 
-0.0128029 
-0.0121696 
-0.0115396 
-0.0109142 
-0.0102935 
-0.00967652 
-0.00906114 
-0.00844466 
-0.00781344 
-0.00715074 
-0.00644231 
-0.00568989 
-0.00488578 
-0.00405653 
-0.00305852 
-0.0019668 
-0.000846763 
0.000381912 
0.00172288 
0.00311219 
0.00449833 
0.00586465 
0.00720853 
0.00852883 
0.00981825 
0.0110596 
0.0122245 
0.013274 
0.0141591 
0.0148219 
0.0151985 
0.0152218 
0.0148278 
0.0139613 
0.0125838 
0.0106766 
0.00824297 
0.00529799 
0.00187015 
-0.00201836 
-0.00635954 
-0.00635954 
0.0480213 
0.0480213 
0.0395618 
0.0317339 
0.0241905 
0.0168902 
0.00997393 
0.00360698 
-0.00204198 
-0.00685585 
-0.0107439 
-0.0136767 
-0.0157251 
-0.0170211 
-0.0177279 
-0.018 
-0.0179629 
-0.0177079 
-0.0172998 
-0.016785 
-0.0161985 
-0.015567 
-0.014911 
-0.0142457 
-0.0135824 
-0.0129279 
-0.0122865 
-0.0116598 
-0.0110477 
-0.0104492 
-0.00986138 
-0.00928175 
-0.00869943 
-0.00810297 
-0.00747496 
-0.00681556 
-0.00609073 
-0.00535712 
-0.00451342 
-0.0035463 
-0.00249252 
-0.001367 
-0.00017752 
0.00107266 
0.00238617 
0.0037616 
0.00518738 
0.00664363 
0.00810653 
0.00954696 
0.0109302 
0.0122153 
0.0133556 
0.0142986 
0.0149881 
0.0153658 
0.0153748 
0.0149632 
0.014088 
0.0127182 
0.0108358 
0.00843097 
0.0054991 
0.00202176 
-0.00200535 
-0.00200535 
0.052799 
0.052799 
0.0441784 
0.0360262 
0.0280009 
0.0200726 
0.0124193 
0.00525811 
-0.00117742 
-0.00671462 
-0.0112176 
-0.0146145 
-0.0169641 
-0.0184129 
-0.0191578 
-0.0193939 
-0.0192816 
-0.0189364 
-0.0184364 
-0.0178349 
-0.01717 
-0.0164698 
-0.0157554 
-0.0150425 
-0.0143424 
-0.0136626 
-0.0130076 
-0.0123798 
-0.011779 
-0.0112045 
-0.0106524 
-0.0101201 
-0.0095977 
-0.00907855 
-0.0085457 
-0.00800238 
-0.00741468 
-0.00680282 
-0.00609985 
-0.00531872 
-0.00445933 
-0.00350222 
-0.00243926 
-0.00127359 
-3.75296e-06 
0.00138184 
0.00287826 
0.00446917 
0.00612569 
0.00780958 
0.00947494 
0.0110708 
0.0125432 
0.0138368 
0.0148964 
0.0156674 
0.016098 
0.0161396 
0.0157485 
0.0148872 
0.0135243 
0.011631 
0.00918162 
0.00613017 
0.0024193 
0.0024193 
0.0577264 
0.0577264 
0.0489662 
0.0405122 
0.0320201 
0.0234596 
0.0150399 
0.00702955 
-0.000267338 
-0.0066042 
-0.0117913 
-0.0157086 
-0.0183932 
-0.0200037 
-0.020773 
-0.0209448 
-0.020723 
-0.0202534 
-0.019631 
-0.0189171 
-0.0181531 
-0.0173679 
-0.0165828 
-0.0158132 
-0.01507 
-0.0143607 
-0.0136894 
-0.0130584 
-0.0124673 
-0.0119151 
-0.0113975 
-0.0109119 
-0.0104488 
-0.0100028 
-0.0095559 
-0.00911114 
-0.00863152 
-0.00813421 
-0.00756591 
-0.00691957 
-0.00618385 
-0.0053481 
-0.00440014 
-0.00332682 
-0.00211454 
-0.000752625 
0.000759707 
0.00241212 
0.00418813 
0.00605488 
0.00796596 
0.00986446 
0.011687 
0.0133678 
0.0148421 
0.0160495 
0.0169345 
0.0174473 
0.0175428 
0.0171793 
0.0163178 
0.0149173 
0.0129359 
0.0103041 
0.00693019 
0.00693019 
0.0627435 
0.0627435 
0.0538686 
0.0451448 
0.0362149 
0.0270348 
0.0178346 
0.00893106 
0.000706644 
-0.00650244 
-0.0124407 
-0.0169355 
-0.0199922 
-0.0217767 
-0.0225594 
-0.022639 
-0.0222724 
-0.0216431 
-0.0208671 
-0.0200151 
-0.0191315 
-0.0182458 
-0.0173783 
-0.0165437 
-0.0157519 
-0.0150096 
-0.0143205 
-0.0136865 
-0.0131068 
-0.0125802 
-0.0121021 
-0.0116701 
-0.011275 
-0.0109126 
-0.0105659 
-0.0102361 
-0.00989052 
-0.00953243 
-0.00911769 
-0.00863766 
-0.0080691 
-0.00738931 
-0.0065735 
-0.00559878 
-0.00444308 
-0.00308834 
-0.00152896 
0.000227717 
0.00216422 
0.00424435 
0.00641918 
0.00862971 
0.0108101 
0.0128896 
0.014797 
0.0164637 
0.0178272 
0.0188311 
0.0194249 
0.0195618 
0.0191962 
0.0182782 
0.0167536 
0.0145329 
0.0114899 
0.0114899 
0.0677647 
0.0677647 
0.0588027 
0.0498494 
0.0405255 
0.0307576 
0.0207835 
0.0109616 
0.00175968 
-0.00638241 
-0.0131312 
-0.0182565 
-0.0217234 
-0.0236985 
-0.0244879 
-0.0244506 
-0.0239053 
-0.0230818 
-0.0221219 
-0.0211071 
-0.0200847 
-0.019084 
-0.0181239 
-0.017217 
-0.0163718 
-0.0155937 
-0.0148853 
-0.0142476 
-0.0136792 
-0.0131785 
-0.0127407 
-0.0123636 
-0.0120384 
-0.0117612 
-0.0115152 
-0.0113001 
-0.011085 
-0.0108672 
-0.0106059 
-0.0102847 
-0.0098737 
-0.00934439 
-0.0086625 
-0.00779181 
-0.00669685 
-0.00534861 
-0.00373189 
-0.00185061 
0.000270401 
0.00258232 
0.00502959 
0.00754913 
0.0100733 
0.0125306 
0.0148484 
0.0169556 
0.0187847 
0.0202728 
0.0213617 
0.0219959 
0.022121 
0.021677 
0.0205979 
0.0187753 
0.0160518 
0.0160518 
0.0726772 
0.0726772 
0.0636564 
0.0545199 
0.0448597 
0.0345578 
0.0238445 
0.0131064 
0.00289883 
-0.00621794 
-0.0138182 
-0.0196157 
-0.0235286 
-0.0257148 
-0.0265107 
-0.026338 
-0.0255851 
-0.0245362 
-0.0233647 
-0.022165 
-0.0209873 
-0.0198598 
-0.0187989 
-0.0178147 
-0.0169131 
-0.0160979 
-0.01537 
-0.0147297 
-0.0141744 
-0.0137025 
-0.013309 
-0.0129923 
-0.0127442 
-0.0125609 
-0.0124268 
-0.0123387 
-0.0122704 
-0.0122119 
-0.0121242 
-0.0119869 
-0.011763 
-0.0114139 
-0.0108921 
-0.0101461 
-0.00912417 
-0.00778265 
-0.00609606 
-0.00406427 
-0.00171629 
0.000889704 
0.00367909 
0.00657106 
0.00948614 
0.0123446 
0.0150712 
0.0175972 
0.0198593 
0.021797 
0.0233504 
0.0244575 
0.0250537 
0.0250666 
0.0244158 
0.0229735 
0.0205523 
0.0205523 
0.0773423 
0.0773423 
0.0682891 
0.0590176 
0.0490893 
0.0383289 
0.0269446 
0.0153303 
0.00412128 
-0.00598317 
-0.0144464 
-0.0209377 
-0.0253251 
-0.0277459 
-0.0285574 
-0.0282412 
-0.0272605 
-0.0259622 
-0.0245569 
-0.0231548 
-0.0218094 
-0.0205468 
-0.0193801 
-0.0183157 
-0.0173568 
-0.0165045 
-0.015758 
-0.0151161 
-0.0145755 
-0.014134 
-0.0137869 
-0.0135334 
-0.0133661 
-0.0132806 
-0.0132626 
-0.0133067 
-0.0133904 
-0.0135001 
-0.0135978 
-0.0136581 
-0.0136377 
-0.013488 
-0.0131465 
-0.012542 
-0.0116021 
-0.0102647 
-0.00849174 
-0.00627844 
-0.00365804 
-0.000700784 
0.00248654 
0.00579766 
0.00913927 
0.0124178 
0.0155504 
0.0184694 
0.0211193 
0.0234504 
0.0254103 
0.0269383 
0.0279628 
0.0283981 
0.0281467 
0.027059 
0.0249183 
0.0249183 
0.0815999 
0.0815999 
0.0725361 
0.0631747 
0.0530501 
0.0419235 
0.0299723 
0.0175724 
0.0054171 
-0.0056473 
-0.0149485 
-0.0221279 
-0.0270073 
-0.0296878 
-0.0305344 
-0.0300805 
-0.0288653 
-0.0273041 
-0.0256514 
-0.0240364 
-0.0225166 
-0.0211155 
-0.0198419 
-0.0186982 
-0.0176836 
-0.0167963 
-0.0160336 
-0.0153928 
-0.0148697 
-0.0144614 
-0.0141643 
-0.0139786 
-0.0138972 
-0.0139156 
-0.0140212 
-0.0142076 
-0.0144549 
-0.0147488 
-0.0150535 
-0.0153373 
-0.015551 
-0.0156328 
-0.0155011 
-0.0150607 
-0.0142143 
-0.0128796 
-0.0110063 
-0.00858658 
-0.00565859 
-0.00230543 
0.00134245 
0.00514661 
0.0089823 
0.0127321 
0.0162951 
0.0195995 
0.022599 
0.0252617 
0.0275545 
0.0294294 
0.0308164 
0.0316195 
0.0317233 
0.0309545 
0.029067 
0.029067 
0.085277 
0.085277 
0.0762181 
0.0668032 
0.0565509 
0.0451571 
0.0327707 
0.0197304 
0.00674937 
-0.00519126 
-0.0152552 
-0.0230806 
-0.0284515 
-0.0314155 
-0.0323268 
-0.0317577 
-0.0303185 
-0.0284961 
-0.026594 
-0.0247647 
-0.0230711 
-0.0215341 
-0.0201576 
-0.0189389 
-0.0178732 
-0.0169555 
-0.0161804 
-0.015544 
-0.015041 
-0.0146684 
-0.014424 
-0.0143086 
-0.0143156 
-0.0144407 
-0.0146734 
-0.0150078 
-0.0154268 
-0.0159167 
-0.0164451 
-0.0169744 
-0.0174472 
-0.0177858 
-0.0178845 
-0.0176194 
-0.0168662 
-0.0155234 
-0.0135318 
-0.0108828 
-0.00761878 
-0.00383478 
0.000324268 
0.00467444 
0.00904659 
0.0132984 
0.0173035 
0.0209802 
0.0242895 
0.0272201 
0.0297655 
0.031901 
0.0335682 
0.0346677 
0.0350685 
0.0345725 
0.0329051 
0.0329051 
0.0881969 
0.0881969 
0.0791546 
0.0697111 
0.0593898 
0.0478237 
0.0351453 
0.0216607 
0.0080794 
-0.00456449 
-0.0152788 
-0.0236792 
-0.0295233 
-0.0327906 
-0.0338052 
-0.03316 
-0.0315269 
-0.029463 
-0.0273244 
-0.0252908 
-0.023433 
-0.0217699 
-0.0203 
-0.0190153 
-0.0179064 
-0.0169649 
-0.0161832 
-0.0155556 
-0.0150763 
-0.0147423 
-0.014553 
-0.0145101 
-0.014607 
-0.0148406 
-0.0152037 
-0.0156919 
-0.0162917 
-0.0169897 
-0.0177574 
-0.0185537 
-0.0193076 
-0.0199213 
-0.0202592 
-0.0201665 
-0.0194938 
-0.0181274 
-0.0160062 
-0.0131247 
-0.00952749 
-0.0053151 
-0.000634956 
0.00429187 
0.00924626 
0.0140404 
0.0185044 
0.0225424 
0.0261231 
0.0292597 
0.0319784 
0.034286 
0.0361452 
0.0374608 
0.0380907 
0.0378129 
0.036327 
0.036327 
0.0901979 
0.0901979 
0.0811819 
0.0717246 
0.0613848 
0.0497345 
0.0369016 
0.0231682 
0.00927679 
-0.00378506 
-0.0149695 
-0.0238413 
-0.0301157 
-0.033694 
-0.0348504 
-0.0341792 
-0.0323974 
-0.0301265 
-0.0277779 
-0.0255622 
-0.0235599 
-0.0217885 
-0.0202413 
-0.0189047 
-0.0177644 
-0.0168087 
-0.0160275 
-0.0154141 
-0.014962 
-0.0146687 
-0.0145359 
-0.0145651 
-0.0147506 
-0.0150915 
-0.0155846 
-0.0162279 
-0.0170127 
-0.0179267 
-0.0189429 
-0.0200145 
-0.0210575 
-0.0219436 
-0.0225042 
-0.0225572 
-0.0219354 
-0.020525 
-0.0182727 
-0.0151776 
-0.0112812 
-0.00667482 
-0.00149302 
0.00401533 
0.0095653 
0.0149017 
0.0198084 
0.0241745 
0.0279775 
0.0312568 
0.0340743 
0.036472 
0.0384395 
0.0398911 
0.0406796 
0.0405615 
0.0392153 
0.0392153 
0.0911154 
0.0911154 
0.0821671 
0.0727027 
0.0623825 
0.0507306 
0.0378687 
0.0240921 
0.0102304 
-0.00284879 
-0.0143086 
-0.0235424 
-0.0301743 
-0.0340366 
-0.0353502 
-0.0346987 
-0.032827 
-0.0304054 
-0.027893 
-0.0255321 
-0.023416 
-0.0215623 
-0.0199594 
-0.0185887 
-0.0174312 
-0.0164731 
-0.0157013 
-0.015108 
-0.0146868 
-0.0144363 
-0.0143599 
-0.014459 
-0.0147293 
-0.0151734 
-0.0157923 
-0.016588 
-0.0175566 
-0.0186882 
-0.0199536 
-0.0212956 
-0.0226103 
-0.0237396 
-0.0244769 
-0.0246232 
-0.0240115 
-0.0225422 
-0.0201786 
-0.016924 
-0.0128099 
-0.00790534 
-0.00231564 
0.00371662 
0.00986849 
0.0157561 
0.0210834 
0.0257284 
0.0296899 
0.033044 
0.0358912 
0.0383087 
0.0403127 
0.0418289 
0.0427095 
0.0426923 
0.0414431 
0.0414431 
0.0908244 
0.0908244 
0.0820079 
0.0725472 
0.0622721 
0.0507072 
0.0379674 
0.0244157 
0.0108683 
-0.00194912 
-0.0133712 
-0.0227544 
-0.0296197 
-0.0337216 
-0.0352093 
-0.0346281 
-0.0327287 
-0.0302191 
-0.0276011 
-0.0251461 
-0.0229595 
-0.0210595 
-0.0194308 
-0.0180502 
-0.0168953 
-0.0159481 
-0.015195 
-0.0146282 
-0.0142412 
-0.0140343 
-0.0140123 
-0.0141762 
-0.0145243 
-0.0150629 
-0.0157979 
-0.016736 
-0.0178784 
-0.0192171 
-0.0207182 
-0.0223068 
-0.0238487 
-0.0251535 
-0.0259998 
-0.0261802 
-0.0255372 
-0.0240067 
-0.0215691 
-0.0182269 
-0.013996 
-0.00890994 
-0.00303329 
0.00346462 
0.0101502 
0.0165021 
0.0221651 
0.0270008 
0.0310411 
0.0344034 
0.0372253 
0.0396117 
0.0415997 
0.0431242 
0.0440399 
0.0440701 
0.0428803 
0.0428803 
0.0892342 
0.0892342 
0.0806271 
0.0712165 
0.0610409 
0.0496861 
0.0372627 
0.0241768 
0.0111441 
-0.0012356 
-0.0124135 
-0.0217298 
-0.0286443 
-0.0328501 
-0.0344402 
-0.0339215 
-0.032035 
-0.0295027 
-0.0268496 
-0.0243648 
-0.0221618 
-0.0202593 
-0.0186397 
-0.0172765 
-0.0161451 
-0.0152259 
-0.0145031 
-0.0139691 
-0.013619 
-0.0134554 
-0.0134837 
-0.0137045 
-0.0141196 
-0.0147392 
-0.0155741 
-0.016636 
-0.0179308 
-0.0194506 
-0.0211525 
-0.0229383 
-0.0246399 
-0.026035 
-0.0268916 
-0.027027 
-0.0263323 
-0.0247639 
-0.0223116 
-0.0189723 
-0.0147474 
-0.00964317 
-0.00371023 
0.00299709 
0.0102028 
0.0170328 
0.0229237 
0.0278083 
0.0318197 
0.0351235 
0.037879 
0.040203 
0.042142 
0.0436342 
0.0445389 
0.0445686 
0.0434039 
0.0434039 
0.0862619 
0.0862619 
0.077961 
0.0686878 
0.0586993 
0.047699 
0.0357906 
0.0233685 
0.0110183 
-0.000762412 
-0.0114867 
-0.0205152 
-0.0272774 
-0.0314306 
-0.0330306 
-0.0325506 
-0.0307089 
-0.028219 
-0.0256064 
-0.0231635 
-0.021005 
-0.0191495 
-0.0175778 
-0.0162624 
-0.0151774 
-0.0143028 
-0.0136227 
-0.0131281 
-0.0128171 
-0.0126948 
-0.0127669 
-0.0130337 
-0.0135009 
-0.0141825 
-0.0150936 
-0.0162506 
-0.0176629 
-0.0193196 
-0.0211644 
-0.0230714 
-0.0248411 
-0.0262337 
-0.0270304 
-0.0270843 
-0.026325 
-0.0247334 
-0.0223006 
-0.0190117 
-0.0148489 
-0.00979495 
-0.00385101 
0.00294787 
0.0101353 
0.0169496 
0.0228752 
0.0277512 
0.0317134 
0.0349566 
0.0376475 
0.0399055 
0.0417777 
0.0432077 
0.0440602 
0.0440543 
0.0429223 
0.0429223 
0.0818359 
0.0818359 
0.0739578 
0.0649561 
0.0552846 
0.0447957 
0.0335851 
0.0219908 
0.0104716 
-0.000557858 
-0.0106475 
-0.0191782 
-0.0255785 
-0.0295036 
-0.0310002 
-0.0305186 
-0.0287447 
-0.0263596 
-0.0238645 
-0.0215376 
-0.0194872 
-0.0177299 
-0.0162464 
-0.0150096 
-0.0139944 
-0.0131813 
-0.0125553 
-0.0121072 
-0.0118362 
-0.0117518 
-0.0118589 
-0.012158 
-0.0126585 
-0.0133774 
-0.0143336 
-0.0155469 
-0.0170282 
-0.0187607 
-0.020671 
-0.0226068 
-0.0243463 
-0.0256503 
-0.0263299 
-0.0262821 
-0.0254716 
-0.023889 
-0.0215181 
-0.0183299 
-0.0142923 
-0.00938183 
-0.00361224 
0.00288709 
0.00967905 
0.0161727 
0.0219205 
0.0267101 
0.0306099 
0.0337959 
0.036427 
0.0386166 
0.0404075 
0.0417497 
0.0425147 
0.0424488 
0.0413632 
0.0413632 
0.07589 
0.07589 
0.0685703 
0.0600202 
0.05084 
0.04103 
0.0306816 
0.0200579 
0.00950593 
-0.000625254 
-0.00989729 
-0.0177207 
-0.023552 
-0.0270781 
-0.0283635 
-0.0278446 
-0.0261634 
-0.023945 
-0.0216425 
-0.0195035 
-0.0176226 
-0.0160129 
-0.0146562 
-0.0135277 
-0.0126047 
-0.0118691 
-0.0113076 
-0.0109119 
-0.0106814 
-0.0106299 
-0.0107612 
-0.0110763 
-0.0115877 
-0.0123142 
-0.0132775 
-0.0144993 
-0.0159893 
-0.0177231 
-0.0196105 
-0.0214793 
-0.0230998 
-0.0242509 
-0.0247832 
-0.0246335 
-0.0237891 
-0.0222435 
-0.0199729 
-0.0169407 
-0.0131155 
-0.00849363 
-0.00313307 
0.0027892 
0.00892303 
0.0148507 
0.0201992 
0.024757 
0.0285252 
0.0316212 
0.0341734 
0.0362764 
0.0379639 
0.0391919 
0.0398422 
0.0397084 
0.0386919 
0.0386919 
0.0683656 
0.0683656 
0.0617557 
0.0538755 
0.0454035 
0.0364574 
0.0271308 
0.0176169 
0.00817262 
-0.000901442 
-0.00917246 
-0.0160875 
-0.0211602 
-0.024142 
-0.0251356 
-0.0245645 
-0.0230118 
-0.0210234 
-0.0189838 
-0.0170977 
-0.015441 
-0.0140228 
-0.0128275 
-0.0118341 
-0.011023 
-0.0103792 
-0.00989129 
-0.00955237 
-0.00936226 
-0.00933728 
-0.00948041 
-0.00979351 
-0.0102907 
-0.0109916 
-0.0119189 
-0.0130944 
-0.0145252 
-0.016179 
-0.0179533 
-0.0196672 
-0.0210993 
-0.0220583 
-0.0224355 
-0.0221999 
-0.0213536 
-0.0198913 
-0.0177881 
-0.0150106 
-0.0115387 
-0.00738813 
-0.00263549 
0.00255217 
0.0079068 
0.0131179 
0.0178973 
0.0220645 
0.0255802 
0.0285025 
0.0309153 
0.032885 
0.0344317 
0.0355153 
0.036034 
0.0358408 
0.0349213 
0.0349213 
0.0592185 
0.0592185 
0.0534772 
0.0465089 
0.0389941 
0.0311198 
0.0229844 
0.014728 
0.00654249 
-0.00129853 
-0.00836936 
-0.0141808 
-0.0183364 
-0.0206752 
-0.0213428 
-0.0207387 
-0.0193654 
-0.0176699 
-0.0159544 
-0.0143744 
-0.0129856 
-0.0117945 
-0.0107888 
-0.00995235 
-0.00926999 
-0.00872966 
-0.00832267 
-0.00804356 
-0.00789264 
-0.00788706 
-0.00802894 
-0.008321 
-0.00877758 
-0.0094178 
-0.0102634 
-0.0113345 
-0.0126351 
-0.0141277 
-0.0157056 
-0.017193 
-0.0183902 
-0.019142 
-0.0193755 
-0.0190829 
-0.0182763 
-0.0169538 
-0.0150946 
-0.0126729 
-0.00967854 
-0.00613641 
-0.00212291 
0.00222253 
0.00670291 
0.0110928 
0.0151756 
0.0188062 
0.0219288 
0.0245582 
0.0267366 
0.0285003 
0.0298551 
0.0307642 
0.0311481 
0.0309188 
0.0301258 
0.0301258 
0.0484549 
0.0484549 
0.0437421 
0.0379369 
0.0316486 
0.0250822 
0.0183361 
0.0115168 
0.00477704 
-0.00162725 
-0.00730555 
-0.0118587 
-0.0150036 
-0.0166726 
-0.017041 
-0.0164595 
-0.0153284 
-0.0139823 
-0.0126368 
-0.0113997 
-0.0103091 
-0.00937003 
-0.00857454 
-0.00791164 
-0.00737066 
-0.00694291 
-0.0066222 
-0.00640467 
-0.00629109 
-0.00629737 
-0.00642505 
-0.0066773 
-0.00706733 
-0.00761206 
-0.00833069 
-0.00924028 
-0.0103422 
-0.0115984 
-0.0129087 
-0.0141162 
-0.0150536 
-0.0156024 
-0.0157183 
-0.0154089 
-0.0146925 
-0.0135725 
-0.0120356 
-0.0100642 
-0.0076537 
-0.00482692 
-0.00164471 
0.00179107 
0.00534038 
0.00883881 
0.0121288 
0.0150992 
0.0176934 
0.0199016 
0.0217366 
0.023211 
0.0243196 
0.025031 
0.0252908 
0.0250594 
0.0244198 
0.0244198 
0.0361205 
0.0361205 
0.0325863 
0.0281831 
