0 
-0.000407772 
0.000547989 
0.00180045 
0.00238305 
0.00268267 
0.00283024 
0.00288533 
0.00288699 
0.00285879 
0.00281497 
0.00276326 
0.00270689 
0.00264606 
0.00257915 
0.00250351 
0.00241605 
0.00231373 
0.00219386 
0.00205428 
0.00189356 
0.00171105 
0.00150692 
0.00128216 
0.00103855 
0.000778605 
0.000505619 
0.000223743 
-5.98412e-05 
-0.000338567 
-0.000610621 
-0.000874635 
-0.00112796 
-0.00136778 
-0.00159112 
-0.00179467 
-0.00197477 
-0.00212742 
-0.00224835 
-0.00233323 
-0.00237799 
-0.00237924 
-0.00233475 
-0.00224416 
-0.00211034 
-0.00194184 
-0.00175588 
-0.00157844 
-0.00143565 
-0.00133759 
-0.00126798 
-0.00119431 
-0.00109203 
-0.000958776 
-0.000807483 
-0.000651688 
-0.000498665 
-0.00035085 
-0.00020937 
-7.65663e-05 
4.5233e-05 
0.000152768 
0.00024087 
0.000303751 
0.000337751 
0 
0.000407772 
0.000407772 
-0.000547989 
-0.00180045 
-0.00238305 
-0.00268267 
-0.00283024 
-0.00288533 
-0.00288699 
-0.00285879 
-0.00281497 
-0.00276326 
-0.00270689 
-0.00264606 
-0.00257915 
-0.00250351 
-0.00241605 
-0.00231373 
-0.00219386 
-0.00205428 
-0.00189356 
-0.00171105 
-0.00150692 
-0.00128216 
-0.00103855 
-0.000778605 
-0.000505619 
-0.000223743 
5.98412e-05 
0.000338567 
0.000610621 
0.000874635 
0.00112796 
0.00136778 
0.00159112 
0.00179467 
0.00197477 
0.00212742 
0.00224835 
0.00233323 
0.00237799 
0.00237924 
0.00233475 
0.00224416 
0.00211034 
0.00194184 
0.00175588 
0.00157844 
0.00143565 
0.00133759 
0.00126798 
0.00119431 
0.00109203 
0.000958776 
0.000807483 
0.000651688 
0.000498665 
0.00035085 
0.00020937 
7.65663e-05 
-4.5233e-05 
-0.000152768 
-0.00024087 
-0.000303751 
-0.000337751 
-0.000337751 
0.000451857 
0.000451857 
-0.00297615 
-0.00512439 
-0.00644503 
-0.0071937 
-0.00758444 
-0.00774456 
-0.00776736 
-0.00771422 
-0.00762376 
-0.00751723 
-0.00740339 
-0.00728248 
-0.00714926 
-0.00699546 
-0.00681142 
-0.00658748 
-0.00631478 
-0.00598599 
-0.00559571 
-0.00514074 
-0.0046202 
-0.00403557 
-0.00339058 
-0.00269101 
-0.00194455 
-0.0011605 
-0.000350665 
0.000470578 
0.00129228 
0.00210569 
0.00290084 
0.00366687 
0.0043927 
0.00506646 
0.00567516 
0.00620468 
0.00664016 
0.00696679 
0.00717097 
0.00724176 
0.0071726 
0.00696346 
0.00662438 
0.00618122 
0.00568203 
0.00519554 
0.00478873 
0.00448657 
0.00424838 
0.00399559 
0.00367185 
0.00327503 
0.00283766 
0.0023919 
0.00195429 
0.00153038 
0.00112221 
0.000733608 
0.000372052 
4.98961e-05 
-0.000216722 
-0.000407658 
-0.000511263 
-0.000511263 
-0.00322834 
-0.00322834 
-0.00620104 
-0.00864298 
-0.0103782 
-0.0114283 
-0.0119854 
-0.0122116 
-0.0122406 
-0.012165 
-0.0120433 
-0.0119069 
-0.011767 
-0.0116217 
-0.0114601 
-0.0112671 
-0.0110253 
-0.0107179 
-0.0103291 
-0.00984617 
-0.0092595 
-0.00856323 
-0.00775551 
-0.00683841 
-0.00581783 
-0.00470319 
-0.00350687 
-0.00224341 
-0.000928342 
0.000420042 
0.00178113 
0.00313674 
0.0044697 
0.00576206 
0.00699534 
0.00814982 
0.00920366 
0.0101327 
0.010911 
0.0115125 
0.0119126 
0.0120919 
0.0120385 
0.0117526 
0.0112514 
0.0105767 
0.00980341 
0.00903452 
0.00836769 
0.00783739 
0.00738446 
0.00690079 
0.00631533 
0.00563288 
0.00490085 
0.00416122 
0.00343395 
0.0027248 
0.00203702 
0.00137775 
0.000757811 
0.000200955 
-0.000264442 
-0.000602195 
-0.000787441 
-0.000787441 
-0.00628981 
-0.00628981 
-0.00954164 
-0.0122661 
-0.0141868 
-0.0153275 
-0.0159032 
-0.0161088 
-0.0161053 
-0.0160034 
-0.0158704 
-0.0157387 
-0.0156159 
-0.0154928 
-0.0153502 
-0.0151635 
-0.0149068 
-0.0145548 
-0.0140852 
-0.0134794 
-0.0127241 
-0.011811 
-0.0107377 
-0.00950751 
-0.00812915 
-0.00661646 
-0.00498777 
-0.00326482 
-0.00147113 
0.000367021 
0.00222251 
0.00407165 
0.00589269 
0.00766395 
0.00936271 
0.0109641 
0.0124397 
0.0137568 
0.0148789 
0.0157678 
0.0163871 
0.0167062 
0.0167065 
0.016386 
0.0157675 
0.0149072 
0.0139027 
0.0128854 
0.0119748 
0.0112084 
0.0105114 
0.00976035 
0.008886 
0.00790719 
0.00688224 
0.00585546 
0.00484393 
0.00385171 
0.00288078 
0.00194028 
0.00105192 
0.000242371 
-0.000448325 
-0.000956193 
-0.00123951 
-0.00123951 
-0.00991274 
-0.00991274 
-0.0131905 
-0.0159365 
-0.0178071 
-0.018868 
-0.0193576 
-0.0194923 
-0.0194473 
-0.0193382 
-0.0192303 
-0.0191493 
-0.0190925 
-0.01904 
-0.0189615 
-0.0188224 
-0.0185877 
-0.0182241 
-0.0177028 
-0.0170002 
-0.0160993 
-0.0149903 
-0.0136703 
-0.012144 
-0.0104233 
-0.00852662 
-0.00647881 
-0.00430952 
-0.00205182 
0.000259723 
0.00259145 
0.00491231 
0.00719438 
0.00941176 
0.0115391 
0.0135495 
0.0154117 
0.0170886 
0.0185366 
0.0197079 
0.0205544 
0.0210345 
0.0211202 
0.0208058 
0.0201167 
0.0191209 
0.0179358 
0.0167143 
0.015589 
0.0145924 
0.0136361 
0.0125955 
0.0114182 
0.010142 
0.00883123 
0.00752553 
0.00623593 
0.00495995 
0.00370106 
0.0024661 
0.00126702 
0.000158222 
-0.000802054 
-0.00152985 
-0.0019508 
-0.0019508 
-0.0130998 
-0.0130998 
-0.0165762 
-0.0193014 
-0.0210281 
-0.0219277 
-0.0222823 
-0.0223307 
-0.0222549 
-0.0221666 
-0.0221214 
-0.0221309 
-0.0221789 
-0.0222321 
-0.022249 
-0.0221852 
-0.0219971 
-0.0216445 
-0.0210924 
-0.0203127 
-0.0192853 
-0.0179984 
-0.0164491 
-0.0146432 
-0.0125953 
-0.0103285 
-0.00787395 
-0.00526975 
-0.00255907 
0.000211761 
0.002998 
0.00576067 
0.00846632 
0.0110862 
0.0135944 
0.0159641 
0.0181647 
0.0201576 
0.0218958 
0.0233245 
0.0243862 
0.0250285 
0.0252137 
0.0249303 
0.0242052 
0.0231156 
0.0217956 
0.0204138 
0.0191056 
0.0178905 
0.01667 
0.0153323 
0.0138546 
0.0122942 
0.0107153 
0.00914678 
0.00758748 
0.00603111 
0.00446606 
0.0028955 
0.00135113 
-0.000105081 
-0.00139527 
-0.00241266 
-0.00303315 
-0.00303315 
-0.0161725 
-0.0161725 
-0.0197566 
-0.0223479 
-0.0238418 
-0.0245314 
-0.0247334 
-0.0247016 
-0.0246155 
-0.0245758 
-0.0246218 
-0.0247481 
-0.0249227 
-0.0251001 
-0.0252285 
-0.0252551 
-0.0251292 
-0.0248041 
-0.0242392 
-0.023402 
-0.0222691 
-0.020827 
-0.019072 
-0.0170106 
-0.0146595 
-0.0120455 
-0.00920598 
-0.00618706 
-0.00304232 
0.000171028 
0.0033971 
0.00658505 
0.00969288 
0.0126874 
0.0155418 
0.018231 
0.0207265 
0.0229919 
0.0249799 
0.0266324 
0.0278851 
0.0286767 
0.0289609 
0.0287206 
0.0279834 
0.0268351 
0.0254234 
0.0239254 
0.0224676 
0.0210499 
0.0195703 
0.0179452 
0.0161889 
0.0143741 
0.0125562 
0.0107486 
0.0089371 
0.00709684 
0.00520097 
0.00326714 
0.00133739 
-0.000534074 
-0.00225853 
-0.00368756 
-0.00461476 
-0.00461476 
-0.0188172 
-0.0188172 
-0.0225102 
-0.0249342 
-0.0261813 
-0.0266672 
-0.0267315 
-0.0266398 
-0.0265643 
-0.0265913 
-0.0267415 
-0.0269922 
-0.0272977 
-0.0276018 
-0.0278449 
-0.0279676 
-0.0279126 
-0.0276271 
-0.0270652 
-0.0261897 
-0.0249736 
-0.0234011 
-0.0214677 
-0.0191797 
-0.0165544 
-0.0136215 
-0.010423 
-0.00701291 
-0.00345444 
0.000182352 
0.00382512 
0.00740966 
0.0108863 
0.0142191 
0.0173813 
0.0203499 
0.0230996 
0.025597 
0.0277957 
0.0296363 
0.0310503 
0.0319699 
0.0323421 
0.032146 
0.0314111 
0.0302322 
0.0287676 
0.0271933 
0.0256151 
0.0240103 
0.0222856 
0.0203998 
0.0184046 
0.0163785 
0.0143611 
0.0123454 
0.0102929 
0.00815194 
0.00591421 
0.00359686 
0.0012262 
-0.00115824 
-0.0034623 
-0.00547965 
-0.00687032 
-0.00687032 
-0.0210927 
-0.0210927 
-0.0248422 
-0.0270692 
-0.028076 
-0.028381 
-0.0283301 
-0.028198 
-0.028145 
-0.0282431 
-0.0284946 
-0.0288621 
-0.0292888 
-0.0297112 
-0.0300638 
-0.0302815 
-0.0303016 
-0.0300655 
-0.0295213 
-0.028627 
-0.0273519 
-0.0256779 
-0.0235989 
-0.02112 
-0.0182584 
-0.0150446 
-0.0115246 
-0.00775905 
-0.00382033 
0.00020979 
0.00424136 
0.00819326 
0.0120072 
0.0156447 
0.0190799 
0.0222932 
0.0252625 
0.0279572 
0.0303325 
0.0323285 
0.0338738 
0.0348968 
0.0353405 
0.0351836 
0.0344602 
0.0332752 
0.0317928 
0.0301764 
0.0285009 
0.0267254 
0.0247822 
0.0226816 
0.0205051 
0.0183246 
0.0161565 
0.0139638 
0.0116774 
0.00925533 
0.00668293 
0.00395104 
0.00106437 
-0.00198529 
-0.00508453 
-0.00791293 
-0.00994163 
-0.00994163 
-0.0229204 
-0.0229204 
-0.0266971 
-0.0287339 
-0.0295377 
-0.0296995 
-0.029561 
-0.0294041 
-0.0293763 
-0.0295378 
-0.0298755 
-0.0303412 
-0.0308705 
-0.0313951 
-0.0318453 
-0.0321518 
-0.0322468 
-0.0320659 
-0.0315517 
-0.0306568 
-0.0293467 
-0.0276003 
-0.02541 
-0.0227792 
-0.0197235 
-0.0162726 
-0.0124747 
-0.00839669 
-0.00411734 
0.0002686 
0.00464704 
0.00892031 
0.0130258 
0.0169256 
0.0205966 
0.0240214 
0.0271803 
0.0300436 
0.0325671 
0.0346898 
0.0363389 
0.0374407 
0.0379382 
0.0378135 
0.0371097 
0.0359421 
0.034473 
0.0328408 
0.0310842 
0.0291583 
0.0270391 
0.0247883 
0.022502 
0.0202327 
0.0179648 
0.0156252 
0.013142 
0.0104664 
0.007554 
0.00435333 
0.000812158 
-0.00313148 
-0.00726699 
-0.0110787 
-0.0138423 
-0.0138423 
-0.0243208 
-0.0243208 
-0.02809 
-0.0299575 
-0.0306041 
-0.0306602 
-0.030458 
-0.0302847 
-0.0302761 
-0.0304843 
-0.0308852 
-0.0314238 
-0.0320313 
-0.0326366 
-0.0331675 
-0.0335514 
-0.0337162 
-0.0335925 
-0.0331174 
-0.0322381 
-0.0309155 
-0.0291256 
-0.0268588 
-0.0241171 
-0.0209134 
-0.0172751 
-0.013251 
-0.00891453 
-0.00434963 
0.000336313 
0.00500391 
0.00954196 
0.0138884 
0.0180086 
0.0218814 
0.0254899 
0.028814 
0.031823 
0.034471 
0.0366957 
0.0384235 
0.0395814 
0.0401164 
0.0400192 
0.0393458 
0.0382189 
0.0367886 
0.0351564 
0.0333312 
0.0312857 
0.0290524 
0.0267323 
0.0244166 
0.0221287 
0.0198125 
0.0173791 
0.0147496 
0.0118458 
0.0085623 
0.00476558 
0.00032411 
-0.00478143 
-0.0100907 
-0.0149037 
-0.0183768 
-0.0183768 
-0.0252949 
-0.0252949 
-0.0290316 
-0.030765 
-0.0313051 
-0.0312907 
-0.0310462 
-0.0308597 
-0.0308589 
-0.0310922 
-0.031529 
-0.0321119 
-0.0327698 
-0.0334306 
-0.0340209 
-0.034466 
-0.0346907 
-0.0346215 
-0.0341904 
-0.0333394 
-0.0320244 
-0.0302176 
-0.0279073 
-0.0250947 
-0.0217908 
-0.0180183 
-0.0138237 
-0.00928666 
-0.00449883 
0.000411133 
0.00528412 
0.0100151 
0.0145485 
0.0188496 
0.0228945 
0.0266631 
0.0301314 
0.0332654 
0.0360163 
0.0383201 
0.0401036 
0.0412975 
0.0418577 
0.0417888 
0.0411605 
0.0400965 
0.0387211 
0.0370955 
0.0352174 
0.0331009 
0.0308339 
0.0285351 
0.0262757 
0.0240374 
0.0217353 
0.0192712 
0.0165392 
0.013391 
0.00961223 
0.00497538 
-0.000648798 
-0.00703964 
-0.013465 
-0.0191693 
-0.023269 
-0.023269 
-0.0258674 
-0.0258674 
-0.0295545 
-0.0311942 
-0.031675 
-0.0316201 
-0.0313502 
-0.0311493 
-0.031142 
-0.0313769 
-0.0318218 
-0.0324198 
-0.0330994 
-0.033789 
-0.0344148 
-0.0349017 
-0.0351726 
-0.0351511 
-0.0347652 
-0.0339516 
-0.0326611 
-0.0308612 
-0.0285372 
-0.02569 
-0.0223314 
-0.0184812 
-0.0141798 
-0.00951134 
-0.00458675 
0.000447451 
0.00544201 
0.0103064 
0.0149829 
0.0194311 
0.0236207 
0.0275254 
0.0311157 
0.0343524 
0.037183 
0.039542 
0.0413589 
0.0425722 
0.0431514 
0.0431181 
0.0425527 
0.0415676 
0.0402515 
0.0386351 
0.0367336 
0.0346156 
0.0324085 
0.0302273 
0.0281044 
0.025983 
0.0237628 
0.0213236 
0.0184901 
0.0149906 
0.01049 
0.00474654 
-0.0022004 
-0.00979196 
-0.017172 
-0.0236339 
-0.0282839 
-0.0282839 
-0.0260657 
-0.0260657 
-0.0296875 
-0.0312764 
-0.0317402 
-0.0316725 
-0.0313934 
-0.0311772 
-0.0311508 
-0.0313647 
-0.0317908 
-0.0323745 
-0.0330462 
-0.0337356 
-0.03437 
-0.034875 
-0.0351736 
-0.0351883 
-0.0348445 
-0.0340752 
-0.0328258 
-0.0310587 
-0.0287549 
-0.0259137 
-0.0225492 
-0.0186818 
-0.0143528 
-0.00963796 
-0.00465646 
0.000430765 
0.00548786 
0.0104337 
0.0152078 
0.0197633 
0.0240626 
0.0280721 
0.0317551 
0.0350664 
0.0379497 
0.0403394 
0.0421701 
0.0433923 
0.0439925 
0.0440084 
0.0435215 
0.0426203 
0.0413591 
0.0397633 
0.0378902 
0.0358593 
0.0338134 
0.0318368 
0.0299187 
0.0279796 
0.0259011 
0.0235046 
0.020492 
0.0164474 
0.010982 
0.00398103 
-0.00422884 
-0.0128366 
-0.0210101 
-0.0281118 
-0.0332495 
-0.0332495 
-0.0259026 
-0.0259026 
-0.0294802 
-0.0310556 
-0.0315337 
-0.0314754 
-0.0311974 
-0.0309639 
-0.0309068 
-0.0310809 
-0.0314654 
-0.0320095 
-0.032647 
-0.0333096 
-0.033927 
-0.0344267 
-0.0347332 
-0.0347693 
-0.0344596 
-0.0337343 
-0.0325347 
-0.0308179 
-0.0285601 
-0.0257572 
-0.0224241 
-0.0185927 
-0.0143128 
-0.00965618 
-0.00472245 
0.000351384 
0.00542712 
0.010412 
0.0152431 
0.0198672 
0.0242396 
0.0283191 
0.0320615 
0.0354147 
0.0383195 
0.0407136 
0.0425409 
0.043767 
0.0443958 
0.0444735 
0.04407 
0.0432451 
0.0420355 
0.0404904 
0.0387215 
0.0368776 
0.0350815 
0.0333763 
0.0317223 
0.0300225 
0.0281175 
0.0257231 
0.0223875 
0.0175909 
0.0110066 
0.00275607 
-0.00654959 
-0.0159952 
-0.0248289 
-0.0324663 
-0.038036 
-0.038036 
-0.0254088 
-0.0254088 
-0.0289677 
-0.0305619 
-0.0310803 
-0.0310523 
-0.0307868 
-0.0305379 
-0.0304428 
-0.0305627 
-0.0308862 
-0.0313684 
-0.0319474 
-0.0325581 
-0.0331334 
-0.0336042 
-0.0338983 
-0.0339409 
-0.0336574 
-0.0329775 
-0.0318397 
-0.0301969 
-0.0280201 
-0.0253012 
-0.0220526 
-0.0183069 
-0.0141177 
-0.0095589 
-0.00472628 
0.00026448 
0.0052926 
0.010259 
0.0150948 
0.0197386 
0.0241379 
0.0282431 
0.0320031 
0.0353622 
0.0382601 
0.0406396 
0.0424571 
0.0436936 
0.0443635 
0.0445095 
0.0441823 
0.0434242 
0.0422845 
0.0408557 
0.0392831 
0.0377109 
0.0362284 
0.0348456 
0.0335036 
0.0320799 
0.0303396 
0.0278574 
0.0240402 
0.0183469 
0.0106131 
0.00122405 
-0.00899822 
-0.0191408 
-0.0285207 
-0.036596 
-0.0425431 
-0.0425431 
-0.0246138 
-0.0246138 
-0.0281806 
-0.0298217 
-0.0304039 
-0.0304266 
-0.0301871 
-0.0299286 
-0.0297932 
-0.0298501 
-0.0300987 
-0.0305016 
-0.0310023 
-0.0315395 
-0.03205 
-0.032469 
-0.0327288 
-0.0327589 
-0.0324882 
-0.0318474 
-0.0307746 
-0.0292195 
-0.0271488 
-0.0245494 
-0.0214302 
-0.0178218 
-0.0137765 
-0.00936445 
-0.00467512 
0.000188405 
0.0051157 
0.0100098 
0.0147969 
0.0194089 
0.023786 
0.0278709 
0.031607 
0.0349363 
0.0378013 
0.0401523 
0.041957 
0.043207 
0.0439185 
0.0441243 
0.0438625 
0.0431804 
0.0421579 
0.040922 
0.0396236 
0.0383827 
0.0372556 
0.0362304 
0.0352318 
0.034093 
0.0324726 
0.0297964 
0.0253787 
0.0187406 
0.00992788 
-0.000450031 
-0.0114465 
-0.022183 
-0.0320042 
-0.0404216 
-0.0466906 
-0.0466906 
-0.023547 
-0.023547 
-0.0271457 
-0.0288579 
-0.0295256 
-0.0296197 
-0.0294226 
-0.0291656 
-0.0289939 
-0.0289853 
-0.0291511 
-0.029463 
-0.029871 
-0.0303181 
-0.0307454 
-0.0310928 
-0.0312982 
-0.0312969 
-0.0310227 
-0.0304104 
-0.0293995 
-0.0279389 
-0.025992 
-0.0235405 
-0.0205874 
-0.0171578 
-0.0132986 
-0.00907552 
-0.00457152 
0.000120206 
0.00489846 
0.00966918 
0.0143551 
0.0188838 
0.0231892 
0.0272088 
0.0308824 
0.034152 
0.0369644 
0.0392771 
0.0410656 
0.0423252 
0.0430695 
0.0433252 
0.0431335 
0.0425624 
0.0417204 
0.0407471 
0.0397772 
0.0389012 
0.0381514 
0.0375022 
0.0368571 
0.0359852 
0.034423 
0.0314679 
0.0264007 
0.0188585 
0.00909147 
-0.00212921 
-0.013803 
-0.0250534 
-0.0352132 
-0.0438774 
-0.0504113 
-0.0504113 
-0.0222354 
-0.0222354 
-0.0258868 
-0.0276909 
-0.028464 
-0.0286504 
-0.0285148 
-0.0282755 
-0.028078 
-0.0280083 
-0.0280903 
-0.0283061 
-0.0286134 
-0.0289602 
-0.0292918 
-0.0295529 
-0.0296872 
-0.0296366 
-0.0293414 
-0.028742 
-0.0277821 
-0.026412 
-0.0245938 
-0.0223052 
-0.0195429 
-0.0163248 
-0.0126897 
-0.00869556 
-0.00441683 
6.18928e-05 
0.00464715 
0.00924794 
0.0137845 
0.0181816 
0.0223695 
0.0262825 
0.0298591 
0.0330426 
0.0357841 
0.0380465 
0.0398091 
0.0410685 
0.0418377 
0.0421474 
0.042053 
0.041644 
0.0410422 
0.0403787 
0.0397634 
0.039262 
0.0388926 
0.0386192 
0.038316 
0.0376754 
0.0361158 
0.0328429 
0.0271524 
0.0188113 
0.00823111 
-0.00371704 
-0.0160016 
-0.0276902 
-0.038086 
-0.0469028 
-0.0536438 
-0.0536438 
-0.0207036 
-0.0207036 
-0.0244258 
-0.0263391 
-0.0272354 
-0.0275343 
-0.0274817 
-0.0272808 
-0.0270746 
-0.0269554 
-0.0269595 
-0.0270809 
-0.0272861 
-0.027529 
-0.0277594 
-0.0279265 
-0.0279792 
-0.027866 
-0.0275342 
-0.0269315 
-0.0260071 
-0.0247154 
-0.0230194 
-0.0208948 
-0.0183334 
-0.0153453 
-0.0119605 
-0.00822717 
-0.00420969 
1.68437e-05 
0.00436805 
0.00875648 
0.0131004 
0.0173232 
0.0213533 
0.0251236 
0.028573 
0.0316466 
0.034299 
0.036497 
0.038223 
0.0394763 
0.0402752 
0.0406611 
0.0407046 
0.0405061 
0.0401834 
0.0398487 
0.0395881 
0.0394509 
0.0394471 
0.0395304 
0.0395392 
0.0390882 
0.0374985 
0.0339221 
0.0276965 
0.0186997 
0.00744306 
-0.00514686 
-0.0179851 
-0.0300268 
-0.0405559 
-0.0494366 
-0.0563274 
-0.0563274 
-0.0189746 
-0.0189746 
-0.0227827 
-0.0248194 
-0.0258539 
-0.0262839 
-0.0263365 
-0.0261982 
-0.026006 
-0.0258559 
-0.0257952 
-0.0258305 
-0.0259388 
-0.026081 
-0.0262117 
-0.0262842 
-0.0262522 
-0.0260699 
-0.0256916 
-0.0250719 
-0.0241672 
-0.0229374 
-0.0213489 
-0.0193776 
-0.0170127 
-0.0142583 
-0.0111358 
-0.00768314 
-0.00395328 
-1.06238e-05 
0.00407138 
0.00821031 
0.0123237 
0.016335 
0.0201722 
0.0237687 
0.0270643 
0.0300068 
0.0325541 
0.034677 
0.0363623 
0.0376153 
0.0384628 
0.0389569 
0.0391759 
0.0392181 
0.0391872 
0.0391745 
0.0392482 
0.0394476 
0.0397781 
0.0401812 
0.0404589 
0.0401587 
0.0385326 
0.0347111 
0.0280795 
0.018588 
0.00678521 
-0.00637346 
-0.0196937 
-0.0319821 
-0.0425462 
-0.0514128 
-0.0583996 
-0.0583996 
-0.0170703 
-0.0170703 
-0.0209771 
-0.023148 
-0.0243323 
-0.0249092 
-0.0250882 
-0.0250383 
-0.0248872 
-0.0247309 
-0.0246255 
-0.0245897 
-0.0246122 
-0.0246626 
-0.0247012 
-0.0246854 
-0.024573 
-0.0243231 
-0.0238956 
-0.023252 
-0.0223554 
-0.021172 
-0.0196731 
-0.0178373 
-0.0156531 
-0.0131213 
-0.0102566 
-0.00708794 
-0.00365756 
-1.84663e-05 
0.00376811 
0.0076277 
0.0114794 
0.0152484 
0.018864 
0.0222612 
0.0253822 
0.028178 
0.0306105 
0.0326559 
0.0343067 
0.0355753 
0.0364959 
0.0371257 
0.0375415 
0.037831 
0.0380802 
0.0383631 
0.0387353 
0.0392304 
0.0398493 
0.0405211 
0.0410163 
0.040834 
0.0391878 
0.0352101 
0.0283267 
0.0185172 
0.00629542 
-0.0073645 
-0.0210555 
-0.0334557 
-0.0439696 
-0.0527623 
-0.0597973 
-0.0597973 
-0.0150126 
-0.0150126 
-0.0190289 
-0.0213416 
-0.0226831 
-0.0234185 
-0.0237418 
-0.0238054 
-0.0237248 
-0.0235921 
-0.0234683 
-0.0233828 
-0.0233365 
-0.0233089 
-0.0232677 
-0.0231751 
-0.0229927 
-0.0226833 
-0.0222118 
-0.021545 
-0.0206521 
-0.0195054 
-0.0180813 
-0.0163624 
-0.0143389 
-0.0120103 
-0.00938708 
-0.00649127 
-0.00335579 
-2.30116e-05 
0.00345746 
0.00702066 
0.0105906 
0.0140965 
0.0174709 
0.0206521 
0.0235861 
0.026228 
0.0285452 
0.030519 
0.0321482 
0.0334504 
0.034463 
0.0352415 
0.0358548 
0.0363765 
0.0368768 
0.0374161 
0.0380412 
0.038781 
0.0396318 
0.0405112 
0.0411676 
0.0410723 
0.0394272 
0.0353832 
0.0283985 
0.0184469 
0.00595042 
-0.00809254 
-0.0219831 
-0.0343378 
-0.0447389 
-0.0534214 
-0.0604655 
-0.0604655 
-0.0128242 
-0.0128242 
-0.0169591 
-0.0194183 
-0.0209201 
-0.02182 
-0.0223006 
-0.0224991 
-0.0225179 
-0.0224414 
-0.0223309 
-0.0222235 
-0.0221309 
-0.0220439 
-0.0219388 
-0.021784 
-0.0215455 
-0.0211896 
-0.0206848 
-0.0200021 
-0.0191154 
-0.0180022 
-0.0166437 
-0.0150264 
-0.0131431 
-0.0109938 
-0.00858719 
-0.00594107 
-0.0030819 
-4.36e-05 
0.00313391 
0.00639724 
0.00967832 
0.0129124 
0.0160374 
0.0189967 
0.0217411 
0.0242311 
0.0264391 
0.0283518 
0.029972 
0.0313195 
0.0324302 
0.0333535 
0.0341474 
0.0348721 
0.0355845 
0.0363344 
0.0371616 
0.0380897 
0.0391099 
0.0401305 
0.0408884 
0.0408504 
0.0392309 
0.035211 
0.0282745 
0.0183988 
0.005765 
-0.00852467 
-0.0223444 
-0.0345174 
-0.0447719 
-0.0533345 
-0.0603568 
-0.0603568 
-0.010529 
-0.010529 
-0.0147905 
-0.0173983 
-0.0190598 
-0.0201244 
-0.0207681 
-0.0211166 
-0.0212596 
-0.0212713 
-0.0212091 
-0.0211128 
-0.0210027 
-0.0208798 
-0.0207305 
-0.0205307 
-0.0202518 
-0.0198642 
-0.0193396 
-0.0186523 
-0.0177799 
-0.0167034 
-0.0154084 
-0.0138846 
-0.0121274 
-0.0101382 
-0.00792493 
-0.00550268 
-0.00289328 
-0.000124602 
0.00277045 
0.00574788 
0.00874949 
0.0117184 
0.0145996 
0.0173428 
0.0199047 
0.0222514 
0.0243602 
0.0262216 
0.0278402 
0.0292348 
0.030437 
0.0314881 
0.0324351 
0.0333266 
0.0342085 
0.0351217 
0.0360993 
0.0371593 
0.0382871 
0.0393864 
0.0401953 
0.0401802 
0.0385697 
0.0345915 
0.0277595 
0.0180789 
0.00559077 
-0.00848505 
-0.0219823 
-0.0339226 
-0.0440229 
-0.052472 
-0.0594567 
-0.0594567 
-0.0081528 
-0.0081528 
-0.0125481 
-0.0153053 
-0.0171225 
-0.0183465 
-0.0191515 
-0.0196563 
-0.0199407 
-0.0200679 
-0.0200882 
-0.0200396 
-0.0199461 
-0.0198169 
-0.0196476 
-0.0194228 
-0.0191209 
-0.0187169 
-0.0181863 
-0.0175063 
-0.0166572 
-0.0156229 
-0.0143916 
-0.0129556 
-0.0113125 
-0.00946471 
-0.00742072 
-0.00519454 
-0.00280581 
-0.000278867 
0.00235789 
0.00507084 
0.00781179 
0.0105322 
0.0131846 
0.0157257 
0.0181183 
0.0203337 
0.0223531 
0.0241694 
0.0257871 
0.0272222 
0.0285006 
0.0296554 
0.030724 
0.0317448 
0.0327547 
0.0337866 
0.0348665 
0.0360069 
0.0371882 
0.0383101 
0.0391063 
0.039064 
0.037453 
0.0335532 
0.0269083 
0.0175259 
0.00551343 
-0.00797363 
-0.0209943 
-0.032616 
-0.0425229 
-0.0508542 
-0.0577961 
-0.0577961 
-0.00572239 
-0.00572239 
-0.0102583 
-0.0131653 
-0.0151329 
-0.0165075 
-0.0174651 
-0.0181228 
-0.0185548 
-0.0188155 
-0.0189467 
-0.0189809 
-0.0189414 
-0.018841 
-0.0186821 
-0.0184574 
-0.0181527 
-0.0177491 
-0.0172267 
-0.0165659 
-0.01575 
-0.0147651 
-0.0136014 
-0.0122535 
-0.0107202 
-0.00900492 
-0.00711582 
-0.00506567 
-0.00287173 
-0.000555456 
0.00185813 
0.00433978 
0.00685055 
0.0093498 
0.0117978 
0.0141579 
0.0163989 
0.0184967 
0.0204358 
0.0222101 
0.0238231 
0.0252875 
0.0266234 
0.0278564 
0.0290158 
0.0301313 
0.0312317 
0.0323425 
0.0334831 
0.0346601 
0.0358485 
0.036941 
0.0376787 
0.0375783 
0.0359622 
0.0321712 
0.0257873 
0.0168104 
0.00549272 
-0.00712508 
-0.0194843 
-0.0306837 
-0.0403503 
-0.0485494 
-0.0554402 
-0.0554402 
-0.00326512 
-0.00326512 
-0.00794755 
-0.0110056 
-0.0131195 
-0.014635 
-0.0157325 
-0.0165315 
-0.0171056 
-0.0175047 
-0.0177635 
-0.017908 
-0.017957 
-0.0179225 
-0.0178097 
-0.0176165 
-0.0173348 
-0.0169521 
-0.0164535 
-0.0158237 
-0.0150488 
-0.0141176 
-0.0130219 
-0.0117577 
-0.0103246 
-0.00872675 
-0.00697263 
-0.0050749 
-0.00305025 
-0.000918907 
0.00129571 
0.00357118 
0.00587745 
0.00818043 
0.010447 
0.0126464 
0.0147524 
0.0167447 
0.0186101 
0.0203429 
0.0219452 
0.0234263 
0.024801 
0.0260886 
0.0273113 
0.0284914 
0.0296505 
0.0308072 
0.0319745 
0.033153 
0.034309 
0.0353336 
0.0359787 
0.0358001 
0.034186 
0.0305447 
0.0245047 
0.0160644 
0.00557009 
-0.0060616 
-0.017619 
-0.0282838 
-0.0376408 
-0.0456738 
-0.0524956 
-0.0524956 
-0.000805365 
-0.000805365 
-0.00563939 
-0.00885175 
-0.0111116 
-0.0127616 
-0.0139868 
-0.0149116 
-0.0156132 
-0.0161419 
-0.0165295 
-0.016797 
-0.0169582 
-0.0170214 
-0.0169905 
-0.0168644 
-0.0166384 
-0.0163042 
-0.0158514 
-0.0152691 
-0.0145472 
-0.0136774 
-0.0126543 
-0.0114756 
-0.0101424 
-0.0086592 
-0.00703411 
-0.00527837 
-0.00340633 
-0.00143523 
0.00061433 
0.0027203 
0.00485716 
0.00699644 
0.00911052 
0.0111736 
0.0131638 
0.0150639 
0.0168626 
0.0185549 
0.0201413 
0.0216281 
0.0230258 
0.0243483 
0.0256117 
0.0268321 
0.0280245 
0.0292015 
0.0303697 
0.0315218 
0.0326178 
0.0335498 
0.0340855 
0.0338259 
0.0322322 
0.0287848 
0.0231613 
0.0153634 
0.00576533 
-0.00484625 
-0.0155285 
-0.0255684 
-0.0345419 
-0.0423625 
-0.0490884 
-0.0490884 
0.00163483 
0.00163483 
-0.00335098 
-0.00672367 
-0.00913447 
-0.0109199 
-0.012267 
-0.013305 
-0.0141168 
-0.0147571 
-0.0152597 
-0.0156447 
-0.0159233 
-0.0161004 
-0.0161766 
-0.0161493 
-0.0160129 
-0.0157601 
-0.0153823 
-0.0148709 
-0.0142183 
-0.0134191 
-0.0124703 
-0.0113717 
-0.0101264 
-0.00874003 
-0.00722144 
-0.00558228 
-0.0038372 
-0.00200355 
-0.00010096 
0.00185032 
0.00383396 
0.00582665 
0.0078049 
0.00974654 
0.011633 
0.0134492 
0.0151852 
0.0168362 
0.0184014 
0.0198843 
0.0212919 
0.0226336 
0.0239201 
0.025162 
0.0263692 
0.0275479 
0.028698 
0.0298056 
0.0308261 
0.0316548 
0.0320799 
0.0317504 
0.0302026 
0.026989 
0.0218347 
0.014744 
0.00606876 
-0.00353009 
-0.0133104 
-0.0226668 
-0.0311923 
-0.0387508 
-0.0453489 
-0.0453489 
0.00404711 
0.00404711 
-0.00109196 
-0.00463159 
-0.00720422 
-0.00913503 
-0.0106094 
-0.0117583 
-0.0126698 
-0.0134044 
-0.014001 
-0.0144834 
-0.0148644 
-0.015149 
-0.0153364 
-0.0154221 
-0.0153985 
-0.0152564 
-0.0149859 
-0.0145775 
-0.0140236 
-0.0133191 
-0.0124626 
-0.0114564 
-0.0103061 
-0.00902049 
-0.00761 
-0.00608652 
-0.00446297 
-0.0027533 
-0.000972969 
0.000860571 
0.00272788 
0.00460799 
0.00648054 
0.00832579 
0.0101277 
0.0118733 
0.0135545 
0.0151675 
0.0167098 
0.0181836 
0.0195925 
0.0209423 
0.0222397 
0.0234905 
0.0246996 
0.0258675 
0.0269885 
0.028043 
0.0289836 
0.0297111 
0.0300366 
0.0296581 
0.028184 
0.0252362 
0.0205817 
0.0142233 
0.0064646 
-0.00215053 
-0.011033 
-0.0196774 
-0.0277078 
-0.0349594 
-0.0413978 
-0.0413978 
0.00643895 
0.00643895 
0.00113698 
-0.00257442 
-0.00532276 
-0.00741742 
-0.00903679 
-0.0103095 
-0.0113252 
-0.0121485 
-0.0128242 
-0.0133818 
-0.0138394 
-0.014206 
-0.0144836 
-0.0146691 
-0.0147551 
-0.0147311 
-0.014585 
-0.0143045 
-0.0138782 
-0.0132975 
-0.0125579 
-0.0116595 
-0.0106078 
-0.00941298 
-0.0080885 
-0.00665002 
-0.00511405 
-0.0034976 
-0.00181822 
-9.39748e-05 
0.00165806 
0.00342732 
0.00519738 
0.00694957 
0.00867095 
0.0103486 
0.011975 
0.0135479 
0.0150638 
0.016523 
0.0179262 
0.0192762 
0.020576 
0.0218275 
0.0230304 
0.0241815 
0.0252693 
0.0262702 
0.0271359 
0.0277743 
0.0280204 
0.0276192 
0.0262459 
0.0235853 
0.0194407 
0.013809 
0.0069353 
-0.00074068 
-0.00874913 
-0.0166746 
-0.02418 
-0.0310892 
-0.0373388 
-0.0373388 
0.00882876 
0.00882876 
0.00335513 
-0.000539371 
-0.00347586 
-0.00575787 
-0.00754918 
-0.00897244 
-0.0101146 
-0.0110409 
-0.0117992 
-0.0124241 
-0.0129393 
-0.01336 
-0.0136943 
-0.0139445 
-0.0141076 
-0.0141763 
-0.0141398 
-0.0139848 
-0.0136977 
-0.0132653 
-0.0126774 
-0.0119282 
-0.0110176 
-0.00995233 
-0.00874561 
-0.0074156 
-0.00598264 
-0.00446606 
-0.002882 
-0.00124347 
0.000436272 
0.00213892 
0.00384615 
0.00553876 
0.007203 
0.00882727 
0.0104096 
0.0119514 
0.0134447 
0.0148905 
0.0162866 
0.0176338 
0.0189324 
0.0201801 
0.0213746 
0.0225079 
0.0235647 
0.0245187 
0.0253219 
0.0258906 
0.0260833 
0.0256879 
0.0244392 
0.0220778 
0.0184368 
0.0135052 
0.00746866 
0.000677485 
-0.00649411 
-0.0137111 
-0.0206773 
-0.0272183 
-0.0332551 
-0.0332551 
0.0112423 
0.0112423 
0.00559401 
0.00150168 
-0.0016389 
-0.00412977 
-0.00612358 
-0.00773138 
-0.00903445 
-0.0100948 
-0.0109606 
-0.0116682 
-0.0122448 
-0.0127105 
-0.0130792 
-0.0133601 
-0.0135572 
-0.0136703 
-0.0136948 
-0.0136222 
-0.0134409 
-0.0131377 
-0.0126989 
-0.0121121 
-0.0113681 
-0.0104622 
-0.00939613 
-0.0081799 
-0.00683178 
-0.00537721 
-0.00384513 
-0.002263 
-0.000654085 
0.000963142 
0.00258736 
0.00419997 
0.00579766 
0.00736434 
0.00889474 
0.0103971 
0.0118638 
0.0132921 
0.0146783 
0.01602 
0.0173143 
0.018558 
0.0197447 
0.0208634 
0.0218961 
0.0228148 
0.0235733 
0.0240964 
0.0242642 
0.0239032 
0.0227991 
0.0207405 
0.0175854 
0.0133139 
0.00805824 
0.00209001 
-0.004292 
-0.0108221 
-0.0172469 
-0.0234035 
-0.0292089 
-0.0292089 
0.0137093 
0.0137093 
0.00788906 
0.00358727 
0.000221206 
-0.00249876 
-0.00472368 
-0.00654964 
-0.0080503 
-0.00928219 
-0.0102912 
-0.0111134 
-0.0117776 
-0.0123059 
-0.0127155 
-0.0130196 
-0.0132285 
-0.0133488 
-0.0133842 
-0.0133344 
-0.0131958 
-0.0129616 
-0.0126226 
-0.0121684 
-0.0115878 
-0.0108704 
-0.0100073 
-0.00899346 
-0.00782968 
-0.00652616 
-0.00510476 
-0.0035975 
-0.00203821 
-0.000448267 
0.0011654 
0.0027712 
0.00434205 
0.00585994 
0.00735057 
0.00883887 
0.0102918 
0.0117118 
0.0130919 
0.0144295 
0.0157223 
0.0169648 
0.0181483 
0.0192597 
0.0202794 
0.0211786 
0.0219136 
0.0224176 
0.02259 
0.0222902 
0.0213467 
0.0195886 
0.0168946 
0.0132365 
0.00870228 
0.0034928 
-0.00215411 
-0.00802693 
-0.0139177 
-0.0196821 
-0.0252427 
-0.0252427 
0.016259 
0.016259 
0.0102709 
0.00575362 
0.00214265 
-0.000832946 
-0.00331311 
-0.0053883 
-0.00711956 
-0.0085572 
-0.0097432 
-0.0107131 
-0.0114962 
-0.0121163 
-0.0125925 
-0.0129399 
-0.0131714 
-0.0132975 
-0.013327 
-0.0132663 
-0.0131195 
-0.0128883 
-0.0125718 
-0.0121671 
-0.0116695 
-0.0110724 
-0.0103671 
-0.00954212 
-0.00858293 
-0.00747324 
-0.00620017 
-0.00476528 
-0.0032004 
-0.00157962 
3.87857e-06 
0.00149414 
0.00298785 
0.00445773 
0.00588989 
0.00732947 
0.00875914 
0.0101642 
0.0115359 
0.0128704 
0.0141635 
0.0154083 
0.0165947 
0.0177082 
0.0187281 
0.0196256 
0.0203598 
0.0208718 
0.0210774 
0.0208633 
0.020093 
0.018629 
0.0163676 
0.0132739 
0.00940029 
0.00488753 
-7.90561e-05 
-0.00533112 
-0.0107029 
-0.0160745 
-0.021382 
-0.021382 
0.0189185 
0.0189185 
0.0127675 
0.00802914 
0.00415597 
0.00089961 
-0.0018648 
-0.00421857 
-0.00621133 
-0.00788528 
-0.00927692 
-0.0104202 
-0.0113458 
-0.0120798 
-0.0126442 
-0.0130568 
-0.0133327 
-0.0134846 
-0.0135235 
-0.0134592 
-0.0132998 
-0.0130519 
-0.0127208 
-0.0123105 
-0.0118239 
-0.0112631 
-0.0106291 
-0.00992086 
-0.00913372 
-0.00825677 
-0.00727116 
-0.00615028 
-0.00486409 
-0.00339152 
-0.00174816 
-4.0588e-05 
0.00155195 
0.00292976 
0.00428751 
0.0057768 
0.00722561 
0.00863124 
0.0100013 
0.0113355 
0.0126329 
0.0138863 
0.0150848 
0.0162128 
0.017249 
0.0181648 
0.0189221 
0.0194688 
0.0197347 
0.0196283 
0.0190413 
0.0178629 
0.0160049 
0.0134275 
0.0101554 
0.00628091 
0.00194055 
-0.00273017 
-0.00760325 
-0.0125875 
-0.0176379 
-0.0176379 
0.0217124 
0.0217124 
0.0154033 
0.0104377 
0.00628616 
0.0027214 
-0.000359183 
-0.00302141 
-0.00530859 
-0.00725027 
-0.00887578 
-0.0102156 
-0.0113013 
-0.0121623 
-0.0128249 
-0.0133116 
-0.0136412 
-0.0138299 
-0.0138915 
-0.0138383 
-0.0136811 
-0.013429 
-0.0130901 
-0.0126709 
-0.0121774 
-0.0116149 
-0.0109885 
-0.0103023 
-0.00955841 
-0.00875413 
-0.00787936 
-0.00691501 
-0.00583441 
-0.00460162 
-0.00317897 
-0.0015409 
0.000131109 
0.00155227 
0.00289237 
0.00429537 
0.00572185 
0.00712242 
0.00849454 
0.00983382 
0.0111406 
0.0124087 
0.013628 
0.0147825 
0.0158506 
0.0168044 
0.0176079 
0.0182147 
0.0185655 
0.0185862 
0.0181903 
0.0172886 
0.0158058 
0.0136996 
0.0109738 
0.00768296 
0.0039197 
-0.000210396 
-0.00461027 
-0.00921749 
-0.0140101 
-0.0140101 
0.024663 
0.024663 
0.0182004 
0.0130012 
0.0085547 
0.00465591 
0.00122675 
-0.00178217 
-0.00439989 
-0.00664484 
-0.00853624 
-0.0100984 
-0.0113625 
-0.0123615 
-0.0131274 
-0.013689 
-0.0140711 
-0.0142945 
-0.0143774 
-0.0143355 
-0.014183 
-0.0139318 
-0.0135925 
-0.0131737 
-0.0126829 
-0.0121262 
-0.0115094 
-0.0108376 
-0.010115 
-0.00934321 
-0.00851885 
-0.00763096 
-0.00666477 
-0.00561122 
-0.00448048 
-0.00330836 
-0.00214463 
-0.000941595 
0.000565375 
0.0024376 
0.00412254 
0.0055873 
0.00698603 
0.00833964 
0.00966591 
0.010961 
0.0122156 
0.0134135 
0.0145329 
0.0155463 
0.0164196 
0.0171111 
0.0175699 
0.017735 
0.0175369 
0.0169032 
0.0157697 
0.0140936 
0.0118636 
0.00910545 
0.00587605 
0.00224618 
-0.00170809 
-0.00595234 
-0.0104892 
-0.0104892 
0.0277897 
0.0277897 
0.0211786 
0.0157402 
0.010983 
0.00672406 
0.00290979 
-0.000485785 
-0.00347349 
-0.00606285 
-0.00825765 
-0.0100731 
-0.0115375 
-0.0126871 
-0.0135609 
-0.014196 
-0.0146251 
-0.014876 
-0.0149722 
-0.014934 
-0.0147793 
-0.0145234 
-0.0141798 
-0.0137596 
-0.0132722 
-0.0127252 
-0.0121247 
-0.0114755 
-0.0107813 
-0.0100442 
-0.00926348 
-0.00843413 
-0.00754701 
-0.00659102 
-0.00555961 
-0.00445209 
-0.00330522 
-0.0022005 
-0.000909227 
0.00065597 
0.00227608 
0.00384534 
0.00534458 
0.00678152 
0.00817407 
0.00952896 
0.010844 
0.0121074 
0.0132998 
0.0143952 
0.0153616 
0.0161608 
0.0167485 
0.0170734 
0.0170786 
0.016705 
0.0158977 
0.0146147 
0.012835 
0.0105628 
0.00782618 
0.00466498 
0.00112538 
-0.00277411 
-0.00705834 
-0.00705834 
0.0311083 
0.0311083 
0.0243544 
0.0186731 
0.0135911 
0.00894732 
0.0047133 
0.000888223 
-0.00251735 
-0.00549686 
-0.00803872 
-0.0101442 
-0.0118358 
-0.0131517 
-0.0141385 
-0.0148443 
-0.0153123 
-0.0155796 
-0.0156771 
-0.0156308 
-0.0154627 
-0.015192 
-0.0148351 
-0.0144058 
-0.0139153 
-0.013373 
-0.0127858 
-0.0121592 
-0.0114969 
-0.0108007 
-0.0100701 
-0.00930181 
-0.00849015 
-0.00762936 
-0.00671807 
-0.00575888 
-0.00475467 
-0.00370086 
-0.00249996 
-0.00120153 
0.000124008 
0.00161202 
0.0031845 
0.0047788 
0.00634906 
0.00787566 
0.00934809 
0.0107559 
0.0120842 
0.0133119 
0.0144122 
0.0153526 
0.0160952 
0.0165977 
0.0168135 
0.0166942 
0.016193 
0.0152707 
0.0139003 
0.0120708 
0.00978778 
0.0070657 
0.00391991 
0.000344649 
-0.00369227 
-0.00369227 
0.0346287 
0.0346287 
0.0277394 
0.0218146 
0.0163975 
0.0113463 
0.006658 
0.00235784 
-0.0015162 
-0.00493665 
-0.0078758 
-0.0103149 
-0.0122663 
-0.013768 
-0.0148746 
-0.0156474 
-0.0161438 
-0.0164134 
-0.0164966 
-0.0164267 
-0.0162309 
-0.0159325 
-0.015551 
-0.0151027 
-0.014601 
-0.0140564 
-0.013477 
-0.0128686 
-0.0122349 
-0.0115775 
-0.010896 
-0.0101876 
-0.00944701 
-0.00866743 
-0.00784246 
-0.00696799 
-0.00603285 
-0.00505647 
-0.00396568 
-0.0027445 
-0.00143036 
-3.10572e-05 
0.00143208 
0.00296014 
0.00454147 
0.00615049 
0.00775608 
0.00932675 
0.010832 
0.012242 
0.0135261 
0.0146521 
0.0155863 
0.0162925 
0.0167326 
0.0168674 
0.0166583 
0.0160697 
0.0150725 
0.0136461 
0.0117795 
0.0094661 
0.00669875 
0.00344208 
-0.000356634 
-0.000356634 
0.0383535 
0.0383535 
0.0313383 
0.0251734 
0.0194159 
0.0139394 
0.00876517 
0.00394524 
-0.000451494 
-0.00436902 
-0.00776152 
-0.0105852 
-0.0128356 
-0.0145476 
-0.0157832 
-0.016619 
-0.0171307 
-0.0173847 
-0.0174343 
-0.0173217 
-0.0170808 
-0.0167391 
-0.0163195 
-0.0158408 
-0.0153183 
-0.0147638 
-0.0141863 
-0.0135921 
-0.012985 
-0.0123666 
-0.0117365 
-0.0110919 
-0.0104276 
-0.0097375 
-0.00901362 
-0.00825129 
-0.00743086 
-0.00655449 
-0.00556978 
-0.00447819 
-0.00329349 
-0.0019845 
-0.000571035 
0.000946244 
0.00256313 
0.0042576 
0.00599774 
0.00774588 
0.00946032 
0.0110989 
0.0126209 
0.0139877 
0.0151632 
0.0161132 
0.0168047 
0.0172059 
0.0172854 
0.0170132 
0.0163611 
0.0153041 
0.0138205 
0.0118879 
0.00948069 
0.0065439 
0.00299425 
0.00299425 
0.0422741 
0.0422741 
0.0351454 
0.0287497 
0.0226538 
0.016741 
0.0110539 
0.00567172 
0.000697528 
-0.00377796 
-0.00768419 
-0.0109501 
-0.0135459 
-0.0154988 
-0.0168759 
-0.0177713 
-0.0182833 
-0.0185003 
-0.0184927 
-0.0183148 
-0.0180079 
-0.0176048 
-0.0171316 
-0.0166096 
-0.0160557 
-0.0154827 
-0.0149005 
-0.0143154 
-0.0137313 
-0.0131496 
-0.0125693 
-0.0119874 
-0.0113979 
-0.0107931 
-0.010162 
-0.00949798 
-0.00877548 
-0.007994 
-0.00710947 
-0.00610757 
-0.00498468 
-0.00372929 
-0.00234365 
-0.000826981 
0.000809501 
0.00254637 
0.00436407 
0.0062317 
0.00810974 
0.00995223 
0.0117101 
0.0133345 
0.0147802 
0.0160069 
0.0169797 
0.0176681 
0.018045 
0.0180846 
0.0177618 
0.0170505 
0.0159236 
0.0143485 
0.0122863 
0.00966457 
0.00637489 
0.00637489 
0.0463677 
0.0463677 
0.0391412 
0.0325307 
0.0261072 
0.0197565 
0.0135378 
0.00755656 
0.0019524 
-0.00314234 
-0.00762597 
-0.0113972 
-0.0143916 
-0.0166228 
-0.018159 
-0.0191126 
-0.0196087 
-0.019764 
-0.0196718 
-0.019402 
-0.0190053 
-0.0185201 
-0.0179762 
-0.0173968 
-0.0168002 
-0.0162002 
-0.0156069 
-0.0150269 
-0.0144639 
-0.0139192 
-0.0133915 
-0.0128776 
-0.0123705 
-0.0118616 
-0.0113378 
-0.01079 
-0.0101909 
-0.0095289 
-0.00876316 
-0.00787637 
-0.00685209 
-0.00566728 
-0.00431461 
-0.00278995 
-0.00110224 
0.000728746 
0.00267875 
0.00470968 
0.0067774 
0.00883441 
0.0108305 
0.0127145 
0.0144368 
0.0159523 
0.0172219 
0.0182128 
0.0188975 
0.0192519 
0.0192524 
0.0188737 
0.0180862 
0.0168514 
0.015121 
0.0128078 
0.00977868 
0.00977868 
0.0505931 
0.0505931 
0.0432875 
0.0364859 
0.0297562 
0.0229779 
0.016221 
0.00961377 
0.00333421 
-0.00243805 
-0.00756282 
-0.011905 
-0.0153565 
-0.0179102 
-0.0196296 
-0.0206438 
-0.0211083 
-0.0211751 
-0.0209674 
-0.0205755 
-0.0200621 
-0.0194722 
-0.0188388 
-0.0181869 
-0.0175359 
-0.0168999 
-0.0162889 
-0.0157096 
-0.0151652 
-0.0146567 
-0.0141827 
-0.0137394 
-0.0133184 
-0.0129097 
-0.0124979 
-0.0120702 
-0.011599 
-0.0110638 
-0.0104217 
-0.0096477 
-0.00871192 
-0.00758659 
-0.00625244 
-0.00469923 
-0.00293215 
-0.000973613 
0.00113776 
0.00335248 
0.00562065 
0.00789182 
0.010115 
0.0122394 
0.0142161 
0.016 
0.017551 
0.0188345 
0.0198213 
0.0204859 
0.0208038 
0.0207486 
0.0202887 
0.0193811 
0.0179707 
0.0159566 
0.0131823 
0.0131823 
0.0548868 
0.0548868 
0.047524 
0.0405621 
0.0335595 
0.0263789 
0.0190927 
0.011847 
0.00485766 
-0.00164256 
-0.00746617 
-0.0124416 
-0.0164099 
-0.0193355 
-0.0212697 
-0.0223536 
-0.0227744 
-0.0227257 
-0.0223692 
-0.0218223 
-0.0211632 
-0.0204441 
-0.0197016 
-0.018962 
-0.0182448 
-0.0175641 
-0.0169297 
-0.0163476 
-0.0158207 
-0.0153498 
-0.0149334 
-0.0145671 
-0.0142413 
-0.0139446 
-0.0136598 
-0.0133703 
-0.0130484 
-0.0126649 
-0.0121722 
-0.0115369 
-0.0107153 
-0.00966674 
-0.00835868 
-0.00677233 
-0.00490928 
-0.00279422 
-0.000473863 
0.0019877 
0.00452335 
0.00706915 
0.00956391 
0.0119512 
0.0141823 
0.0162167 
0.0180208 
0.0195658 
0.0208262 
0.0217775 
0.0223941 
0.022647 
0.0225009 
0.0219074 
0.0208043 
0.0190774 
0.0165477 
0.0165477 
0.0591603 
0.0591603 
0.0517637 
0.0446792 
0.0374486 
0.0299075 
0.0221209 
0.0142438 
0.00652838 
-0.000736693 
-0.00730476 
-0.0129643 
-0.0175038 
-0.0208526 
-0.0230404 
-0.0242122 
-0.0245842 
-0.0243966 
-0.0238585 
-0.0231225 
-0.0222872 
-0.021414 
-0.0205426 
-0.0197001 
-0.0189054 
-0.018172 
-0.0175086 
-0.0169207 
-0.0164104 
-0.0159783 
-0.0156227 
-0.0153388 
-0.0151155 
-0.01494 
-0.0147938 
-0.0146575 
-0.0145011 
-0.014289 
-0.013967 
-0.0134889 
-0.0127949 
-0.0118285 
-0.0105416 
-0.00890548 
-0.00691788 
-0.0046062 
-0.00202636 
0.000738905 
0.00359288 
0.00645404 
0.00925222 
0.0119211 
0.0144079 
0.0166753 
0.0186982 
0.0204596 
0.0219451 
0.0231378 
0.024015 
0.0245457 
0.0246897 
0.024391 
0.0235783 
0.0221232 
0.0198242 
0.0198242 
0.0632979 
0.0632979 
0.0558911 
0.0487259 
0.041323 
0.0334801 
0.0252443 
0.0167679 
0.00833426 
0.00028678 
-0.00704998 
-0.0134209 
-0.0185711 
-0.0223894 
-0.0248754 
-0.0261646 
-0.0264949 
-0.0261534 
-0.0254049 
-0.0244473 
-0.0234059 
-0.0223542 
-0.0213352 
-0.0203758 
-0.0194936 
-0.0187006 
-0.0180041 
-0.0174084 
-0.0169149 
-0.016524 
-0.0162341 
-0.0160394 
-0.0159279 
-0.0158863 
-0.0158951 
-0.0159324 
-0.0159663 
-0.0159546 
-0.0158342 
-0.0155421 
-0.0149989 
-0.0141276 
-0.0128635 
-0.0111684 
-0.00903811 
-0.00650375 
-0.00363167 
-0.000516583 
0.00271732 
0.00595982 
0.00912352 
0.0121224 
0.0148923 
0.0173951 
0.0196147 
0.0215501 
0.0232055 
0.0245803 
0.0256624 
0.0264238 
0.0268204 
0.0267869 
0.0262406 
0.0250366 
0.0229509 
0.0229509 
0.0671578 
0.0671578 
0.0597625 
0.0525591 
0.0450463 
0.0369759 
0.0283667 
0.019353 
0.0102395 
0.00142123 
-0.00667783 
-0.0137525 
-0.0195262 
-0.0238469 
-0.0266764 
-0.0281246 
-0.0284367 
-0.027941 
-0.0269633 
-0.0257569 
-0.0244829 
-0.0232307 
-0.0220475 
-0.0209595 
-0.0199819 
-0.0191242 
-0.0183917 
-0.0177873 
-0.0173113 
-0.0169641 
-0.0167441 
-0.0166446 
-0.0166532 
-0.0167567 
-0.0169357 
-0.0171661 
-0.0174133 
-0.0176283 
-0.0177351 
-0.0176492 
-0.0172667 
-0.0164889 
-0.0152363 
-0.0134652 
-0.0111723 
-0.00839321 
-0.00520114 
-0.00170027 
0.00195909 
0.00563126 
0.00920088 
0.0125602 
0.0156301 
0.0183679 
0.0207643 
0.0228347 
0.0246053 
0.0260986 
0.0273207 
0.0282532 
0.028852 
0.0290431 
0.0287306 
0.0277508 
0.0258572 
0.0258572 
0.0705758 
0.0705758 
0.0632096 
0.0560064 
0.0484474 
0.0402337 
0.0313504 
0.0218953 
0.0121788 
0.00264215 
-0.00616715 
-0.0138952 
-0.0202682 
-0.0251017 
-0.0283145 
-0.029973 
-0.0303092 
-0.0296798 
-0.0284705 
-0.0269991 
-0.0254727 
-0.0240027 
-0.0226429 
-0.0214182 
-0.0203403 
-0.0194153 
-0.0186459 
-0.0180331 
-0.0175765 
-0.017276 
-0.01713 
-0.0171314 
-0.0172682 
-0.0175283 
-0.017893 
-0.0183364 
-0.0188193 
-0.0192839 
-0.019637 
-0.0197655 
-0.0195392 
-0.0188412 
-0.0175839 
-0.0157256 
-0.0132676 
-0.0102495 
-0.00674553 
-0.00286567 
0.00123249 
0.00537062 
0.00938798 
0.0131473 
0.0165427 
0.0195223 
0.0220826 
0.0242567 
0.0260955 
0.0276485 
0.0289462 
0.0299864 
0.0307302 
0.0310974 
0.0309789 
0.0301905 
0.0284638 
0.0284638 
0.0733718 
0.0733718 
0.066048 
0.0588747 
0.0513278 
0.043057 
0.0340163 
0.0242527 
0.0140592 
0.00390012 
-0.00552371 
-0.0137945 
-0.0206938 
-0.0260169 
-0.0296373 
-0.0315609 
-0.0319819 
-0.0312634 
-0.0298429 
-0.0281072 
-0.0263198 
-0.0246229 
-0.0230801 
-0.0217153 
-0.0205363 
-0.0195447 
-0.0187397 
-0.0181204 
-0.0176853 
-0.0174343 
-0.0173654 
-0.0174714 
-0.0177423 
-0.0181677 
-0.0187301 
-0.0194017 
-0.0201349 
-0.0208576 
-0.0214545 
-0.0217796 
-0.0216802 
-0.0210309 
-0.0197472 
-0.0177978 
-0.0151904 
-0.011964 
-0.00818476 
-0.00395736 
0.000571818 
0.0051846 
0.00966079 
0.0138267 
0.0175455 
0.0207558 
0.0234598 
0.0257077 
0.0275751 
0.0291394 
0.0304577 
0.0315476 
0.0323806 
0.0328728 
0.0329046 
0.0322703 
0.0306823 
0.0306823 
0.075361 
0.075361 
0.0680905 
0.0609639 
0.0534738 
0.0452211 
0.0361394 
0.0262281 
0.0157593 
0.00515909 
-0.00471697 
-0.0133814 
-0.0206954 
-0.026453 
-0.0304835 
-0.0327216 
-0.0332998 
-0.032561 
-0.0309763 
-0.0289996 
-0.0269591 
-0.0250376 
-0.0233136 
-0.0218122 
-0.0205363 
-0.0194825 
-0.018646 
-0.0180237 
-0.0176131 
-0.0174139 
-0.0174237 
-0.0176359 
-0.0180435 
-0.0186389 
-0.0194057 
-0.0203121 
-0.0212976 
-0.0222652 
-0.0230745 
-0.0235499 
-0.0235254 
-0.0228851 
-0.0215608 
-0.0195365 
-0.0168248 
-0.0134569 
-0.00948266 
-0.00498983 
-0.000100619 
0.00495191 
0.00989062 
0.0144721 
0.0185102 
0.0219321 
0.0247515 
0.0270414 
0.0289035 
0.0304421 
0.0317394 
0.0328336 
0.033708 
0.0342781 
0.0344164 
0.033897 
0.0324174 
0.0324174 
0.0763594 
0.0763594 
0.0691661 
0.0620925 
0.0546946 
0.0465257 
0.0375118 
0.0275981 
0.0170774 
0.00635043 
-0.00376177 
-0.0126456 
-0.0202278 
-0.0263278 
-0.0307353 
-0.0333126 
-0.0341145 
-0.0334362 
-0.0317563 
-0.0295837 
-0.0273159 
-0.0251855 
-0.0232934 
-0.0216677 
-0.0203062 
-0.0191994 
-0.0183385 
-0.0177183 
-0.0173356 
-0.0171893 
-0.017277 
-0.0175932 
-0.018135 
-0.0188979 
-0.0198656 
-0.0209986 
-0.022217 
-0.0233909 
-0.0243467 
-0.0248999 
-0.0248971 
-0.024236 
-0.0228731 
-0.0208097 
-0.0180555 
-0.014627 
-0.0105536 
-0.00589411 
-0.000731015 
0.00471158 
0.0100675 
0.0150047 
0.0193037 
0.0228831 
0.0257737 
0.0280719 
0.0299034 
0.0313945 
0.0326477 
0.0337177 
0.0345991 
0.0352079 
0.0354128 
0.0349695 
0.0335701 
0.0335701 
0.0761856 
0.0761856 
0.0691324 
0.0621106 
0.0548116 
0.0467716 
0.0379031 
0.0281423 
0.0178066 
0.00737769 
-0.00254864 
-0.0114976 
-0.0192299 
-0.0255682 
-0.0302885 
-0.0331966 
-0.0342678 
-0.0337313 
-0.0320458 
-0.0297528 
-0.0273105 
-0.0250067 
-0.0229724 
-0.0212429 
-0.0198125 
-0.0186679 
-0.0177932 
-0.0171818 
-0.0168306 
-0.0167371 
-0.0168985 
-0.0173119 
-0.0179785 
-0.0188964 
-0.0200472 
-0.0213782 
-0.0227827 
-0.0240956 
-0.0251189 
-0.0256704 
-0.025625 
-0.0249247 
-0.0235512 
-0.0215029 
-0.0187796 
-0.0153842 
-0.0113301 
-0.00665005 
-0.0014028 
0.00428782 
0.010039 
0.0153222 
0.0198264 
0.023478 
0.0263654 
0.028625 
0.0304021 
0.0318348 
0.0330361 
0.0340697 
0.0349377 
0.0355559 
0.0357929 
0.0353889 
0.0340431 
0.0340431 
0.0747098 
0.0747098 
0.0678688 
0.0609257 
0.0537527 
0.0459121 
0.0372995 
0.0278859 
0.0179816 
0.00805238 
-0.00146165 
-0.0101819 
-0.0178464 
-0.0242471 
-0.0291475 
-0.0323176 
-0.0336615 
-0.0333273 
-0.0317227 
-0.0293944 
-0.0268487 
-0.0244274 
-0.0222951 
-0.0204982 
-0.019029 
-0.0178648 
-0.0169903 
-0.0163958 
-0.0160793 
-0.0160363 
-0.0162635 
-0.0167611 
-0.0175344 
-0.0185827 
-0.0198814 
-0.0213587 
-0.0228764 
-0.0242401 
-0.0252458 
-0.0257379 
-0.0256335 
-0.0249049 
-0.0235446 
-0.0215463 
-0.0188983 
-0.0155904 
-0.011622 
-0.00700339 
-0.00176749 
0.00398664 
0.00982806 
0.0151884 
0.0197513 
0.0234124 
0.026269 
0.0284847 
0.0302165 
0.0316055 
0.0327663 
0.0337652 
0.0346071 
0.0352111 
0.0354466 
0.0350508 
0.0337572 
0.0337572 
0.0718129 
0.0718129 
0.0652766 
0.0584779 
0.0514858 
0.0439421 
0.035731 
0.0268659 
0.0176166 
0.00837521 
-0.000525254 
-0.00881273 
-0.0162138 
-0.0225021 
-0.0274279 
-0.0307397 
-0.0322915 
-0.0321605 
-0.0306923 
-0.0284121 
-0.0258485 
-0.0233838 
-0.0212133 
-0.019396 
-0.0179247 
-0.0167725 
-0.0159151 
-0.0153472 
-0.0150681 
-0.0150709 
-0.0153516 
-0.0159141 
-0.0167665 
-0.0179071 
-0.019301 
-0.0208531 
-0.0223959 
-0.02372 
-0.0246374 
-0.0250334 
-0.0248658 
-0.0241272 
-0.0228105 
-0.020898 
-0.0183667 
-0.015197 
-0.0113777 
-0.00690905 
-0.00182338 
0.00372345 
0.00930418 
0.0144667 
0.0189208 
0.0225278 
0.0253469 
0.0275312 
0.0292375 
0.0306039 
0.0317399 
0.0327093 
0.0335158 
0.0340847 
0.034287 
0.0338754 
0.032646 
0.032646 
0.0673964 
0.0673964 
0.0612798 
0.05474 
0.0480281 
0.0409042 
0.0332567 
0.0251172 
0.0166955 
0.00828876 
0.000151338 
-0.00750656 
-0.0144402 
-0.020421 
-0.0251946 
-0.0285002 
-0.0301615 
-0.0302 
-0.0288977 
-0.0267387 
-0.0242474 
-0.0218259 
-0.019691 
-0.0179122 
-0.0164836 
-0.0153758 
-0.0145612 
-0.0140298 
-0.0137899 
-0.0138312 
-0.014149 
-0.0147502 
-0.0156446 
-0.016827 
-0.0182492 
-0.0197932 
-0.021272 
-0.0224799 
-0.0232625 
-0.0235494 
-0.0233279 
-0.0225977 
-0.0213448 
-0.0195421 
-0.0171591 
-0.0141727 
-0.0105745 
-0.00638254 
-0.00166804 
0.00338934 
0.00846766 
0.0132254 
0.0173997 
0.0208487 
0.023589 
0.0257346 
0.0274218 
0.0287756 
0.029894 
0.0308328 
0.0315929 
0.0321067 
0.0322505 
0.0318119 
0.0306652 
0.0306652 
0.0613809 
0.0613809 
0.0558183 
0.0497025 
0.0434213 
0.036864 
0.0299418 
0.0226807 
0.0152281 
0.00779287 
0.000563471 
-0.00630119 
-0.0125874 
-0.0180749 
-0.0225154 
-0.0256534 
-0.0273026 
-0.0274489 
-0.0263178 
-0.02434 
-0.0220101 
-0.0197255 
-0.0177091 
-0.0160356 
-0.0147005 
-0.0136741 
-0.0129269 
-0.0124457 
-0.0122461 
-0.0123159 
-0.0126503 
-0.0132583 
-0.0141496 
-0.0153137 
-0.0166894 
-0.0181416 
-0.0194787 
-0.0205163 
-0.0211417 
-0.0213218 
-0.0210619 
-0.0203616 
-0.0192012 
-0.0175487 
-0.0153735 
-0.0126574 
-0.00940362 
-0.00564768 
-0.0014752 
0.00295341 
0.00739711 
0.0116004 
0.0153497 
0.0185201 
0.0210994 
0.0231581 
0.0247985 
0.0261218 
0.0272076 
0.0281002 
0.0287957 
0.0292345 
0.0293045 
0.0288433 
0.027804 
0.027804 
0.0537143 
0.0537143 
0.0488556 
0.0433722 
0.0377222 
0.0319052 
0.0258672 
0.0196214 
0.0132587 
0.00691323 
0.000715447 
-0.00521002 
-0.01068 
-0.0154937 
-0.0194227 
-0.0222317 
-0.0237436 
-0.0239271 
-0.022961 
-0.0212154 
-0.0191332 
-0.0170812 
-0.0152704 
-0.0137729 
-0.0125848 
-0.0116778 
-0.0110235 
-0.0106065 
-0.0104474 
-0.0105335 
-0.0108607 
-0.011439 
-0.0122769 
-0.0133579 
-0.0146115 
-0.0158969 
-0.0170338 
-0.0178709 
-0.0183359 
-0.0184229 
-0.0181456 
-0.0175024 
-0.0164712 
-0.0150212 
-0.013126 
-0.010774 
-0.00797697 
-0.00477751 
-0.00125833 
0.00245027 
0.00617373 
0.00972436 
0.0129391 
0.0157167 
0.0180316 
0.0199199 
0.021449 
0.0226908 
0.0237033 
0.0245165 
0.0251223 
0.0254694 
0.0254651 
0.0250026 
0.0240989 
0.0240989 
0.0443616 
0.0443616 
0.0403596 
0.03574 
0.0309563 
0.026078 
0.0210864 
0.0159857 
0.0108249 
0.00568189 
0.000641113 
-0.00419824 
-0.00868868 
-0.0126585 
-0.0159108 
-0.0182444 
-0.0195072 
-0.0196662 
-0.018862 
-0.0173985 
-0.0156476 
-0.0139221 
-0.0124027 
-0.0111508 
-0.010162 
-0.0094112 
-0.00887355 
-0.00853415 
-0.00841449 
-0.00850351 
-0.00879828 
-0.00930829 
-0.0100399 
-0.0109731 
-0.012035 
-0.0130931 
-0.0139923 
-0.0146195 
-0.0149355 
-0.014951 
-0.0146829 
-0.0141294 
-0.0132707 
-0.012081 
-0.0105396 
-0.00863961 
-0.00639424 
-0.00384152 
-0.00104848 
0.00188791 
0.0048422 
0.00767848 
0.0102787 
0.0125658 
0.0145116 
0.0161301 
0.01746 
0.0185464 
0.0194261 
0.020116 
0.0206053 
0.0208528 
0.0207911 
0.0203624 
0.0196233 
0.0196233 
0.0334022 
0.0334022 
0.0304032 
0.0268792 
