0 
-0.000395209 
0.000557936 
0.00181325 
0.00240119 
0.00270509 
0.00285511 
0.0029115 
0.00291354 
0.00288502 
0.0028403 
0.00278718 
0.0027289 
0.0026657 
0.00259596 
0.00251703 
0.00242587 
0.00231944 
0.00219511 
0.00205078 
0.0018851 
0.00169751 
0.00148828 
0.00125851 
0.00101008 
0.000745642 
0.000468642 
0.000183545 
-0.000101924 
-0.000381894 
-0.000654834 
-0.000919098 
-0.00117203 
-0.00141075 
-0.00163213 
-0.00183271 
-0.00200876 
-0.00215619 
-0.0022707 
-0.002348 
-0.00238417 
-0.00237608 
-0.00232192 
-0.00222199 
-0.00208023 
-0.00190683 
-0.00172104 
-0.00154979 
-0.0014173 
-0.0013287 
-0.00126303 
-0.00118717 
-0.00108005 
-0.000943093 
-0.00079054 
-0.000635213 
-0.000483407 
-0.000337035 
-0.000197104 
-6.58941e-05 
5.43743e-05 
0.000160524 
0.000247331 
0.000309256 
0.000342684 
0 
0.000395209 
0.000395209 
-0.000557936 
-0.00181325 
-0.00240119 
-0.00270509 
-0.00285511 
-0.0029115 
-0.00291354 
-0.00288502 
-0.0028403 
-0.00278718 
-0.0027289 
-0.0026657 
-0.00259596 
-0.00251703 
-0.00242587 
-0.00231944 
-0.00219511 
-0.00205078 
-0.0018851 
-0.00169751 
-0.00148828 
-0.00125851 
-0.00101008 
-0.000745642 
-0.000468642 
-0.000183545 
0.000101924 
0.000381894 
0.000654834 
0.000919098 
0.00117203 
0.00141075 
0.00163213 
0.00183271 
0.00200876 
0.00215619 
0.0022707 
0.002348 
0.00238417 
0.00237608 
0.00232192 
0.00222199 
0.00208023 
0.00190683 
0.00172104 
0.00154979 
0.0014173 
0.0013287 
0.00126303 
0.00118717 
0.00108005 
0.000943093 
0.00079054 
0.000635213 
0.000483407 
0.000337035 
0.000197104 
6.58941e-05 
-5.43743e-05 
-0.000160524 
-0.000247331 
-0.000309256 
-0.000342684 
-0.000342684 
0.000419788 
0.000419788 
-0.00301687 
-0.00517726 
-0.00650747 
-0.00726372 
-0.00765909 
-0.00782166 
-0.00784505 
-0.007791 
-0.0076983 
-0.0075883 
-0.00746978 
-0.00734295 
-0.00720258 
-0.00704034 
-0.00684663 
-0.00661182 
-0.00632715 
-0.00598544 
-0.00558149 
-0.00511231 
-0.00457731 
-0.00397823 
-0.00331909 
-0.00260599 
-0.00184693 
-0.00105156 
-0.000232443 
0.000595769 
0.00142298 
0.00224013 
0.00303664 
0.00380146 
0.00452325 
0.00518975 
0.00578755 
0.00630227 
0.00671899 
0.00702308 
0.00720149 
0.00724425 
0.00714623 
0.00690947 
0.0065471 
0.00608933 
0.00558911 
0.00511722 
0.00473536 
0.00445603 
0.0042271 
0.00396895 
0.00363399 
0.00322905 
0.00278936 
0.00234528 
0.00191102 
0.00149095 
0.00108673 
0.000702188 
0.000344715 
2.67074e-05 
-0.000235956 
-0.000423883 
-0.000525697 
-0.000525697 
-0.00329138 
-0.00329138 
-0.00627906 
-0.00873678 
-0.0104845 
-0.0115441 
-0.0121071 
-0.0123364 
-0.0123661 
-0.0122891 
-0.0121641 
-0.0120226 
-0.0118757 
-0.0117214 
-0.0115489 
-0.0113428 
-0.011086 
-0.0107613 
-0.0103536 
-0.00984998 
-0.00924133 
-0.00852216 
-0.007691 
-0.00675041 
-0.00570678 
-0.00457001 
-0.00335295 
-0.0020704 
-0.000738462 
0.000623654 
0.00199537 
0.00335865 
0.00469559 
0.00598773 
0.00721618 
0.00836053 
0.00939819 
0.0103044 
0.0110531 
0.0116183 
0.0119766 
0.01211 
0.0120094 
0.0116784 
0.0111391 
0.0104401 
0.00966285 
0.008913 
0.00827995 
0.00778 
0.0073382 
0.0068462 
0.00624582 
0.00555367 
0.00481998 
0.00408383 
0.00336215 
0.00265926 
0.00197809 
0.00132572 
0.000712886 
0.000163215 
-0.000295286 
-0.000627541 
-0.000809425 
-0.000809425 
-0.00639601 
-0.00639601 
-0.00966225 
-0.012403 
-0.0143372 
-0.0154878 
-0.0160697 
-0.0162782 
-0.016275 
-0.0161711 
-0.0160338 
-0.0158956 
-0.0157639 
-0.0156292 
-0.0154723 
-0.0152684 
-0.0149915 
-0.0146166 
-0.0141212 
-0.0134875 
-0.0127022 
-0.0117578 
-0.0106525 
-0.00939024 
-0.00798039 
-0.00643759 
-0.00478085 
-0.00303244 
-0.00121637 
0.000640304 
0.00251026 
0.00436996 
0.00619737 
0.00797005 
0.0096645 
0.0112549 
0.0127115 
0.0140006 
0.0150851 
0.0159269 
0.0164905 
0.016748 
0.0166842 
0.0163024 
0.0156319 
0.0147373 
0.013725 
0.0127281 
0.0118552 
0.0111213 
0.0104337 
0.00967107 
0.00878032 
0.00779282 
0.00676846 
0.00574759 
0.004744 
0.00376041 
0.00279858 
0.00186789 
0.000989679 
0.00019073 
-0.000489363 
-0.00098859 
-0.00126644 
-0.00126644 
-0.0100577 
-0.0100577 
-0.0133519 
-0.0161147 
-0.0179987 
-0.0190688 
-0.0195638 
-0.0197009 
-0.0196556 
-0.019544 
-0.0194313 
-0.0193429 
-0.0192759 
-0.0192098 
-0.0191143 
-0.0189545 
-0.0186951 
-0.0183032 
-0.0177499 
-0.0170124 
-0.0160741 
-0.0149257 
-0.0135654 
-0.0119986 
-0.0102382 
-0.00830365 
-0.00622078 
-0.00402008 
-0.00173534 
0.000598573 
0.00294757 
0.0052807 
0.00756996 
0.00978902 
0.0119118 
0.0139103 
0.0157518 
0.0173974 
0.0188024 
0.0199186 
0.0206989 
0.0211045 
0.0211118 
0.0207216 
0.0199679 
0.0189289 
0.0177313 
0.0165295 
0.0154414 
0.0144741 
0.0135222 
0.0124666 
0.0112734 
0.00999142 
0.00868456 
0.00738752 
0.00610822 
0.00484315 
0.00359591 
0.00237342 
0.00118795 
9.38689e-05 
-0.000851297 
-0.00156592 
-0.00197794 
-0.00197794 
-0.0132851 
-0.0132851 
-0.0167778 
-0.0195189 
-0.0212574 
-0.0221644 
-0.022523 
-0.022573 
-0.0224965 
-0.0224056 
-0.0223554 
-0.0223572 
-0.0223941 
-0.0224323 
-0.02243 
-0.0223423 
-0.0221257 
-0.0217398 
-0.0211501 
-0.0203289 
-0.0192569 
-0.017923 
-0.0163253 
-0.0144708 
-0.0123751 
-0.0100627 
-0.00756622 
-0.00492481 
-0.00218283 
0.000612834 
0.0034174 
0.00619225 
0.00890425 
0.0115247 
0.014027 
0.0163836 
0.0185618 
0.0205212 
0.0222128 
0.0235809 
0.0245687 
0.0251264 
0.0252216 
0.0248506 
0.0240502 
0.0229098 
0.0215731 
0.0202085 
0.0189332 
0.01774 
0.0165162 
0.0151608 
0.0136695 
0.0121078 
0.0105364 
0.00897912 
0.00743203 
0.00588833 
0.00433681 
0.00278171 
0.00125523 
-0.000181334 
-0.0014506 
-0.00244824 
-0.0030541 
-0.0030541 
-0.016392 
-0.016392 
-0.0199932 
-0.0225993 
-0.0241029 
-0.0247979 
-0.0250024 
-0.0249713 
-0.0248844 
-0.0248423 
-0.0248836 
-0.0250022 
-0.0251654 
-0.0253269 
-0.0254344 
-0.0254347 
-0.0252769 
-0.0249142 
-0.0243066 
-0.023422 
-0.0222379 
-0.0207416 
-0.0189307 
-0.0168128 
-0.0144062 
-0.0117391 
-0.00885073 
-0.00578884 
-0.00260855 
0.000632297 
0.00387737 
0.0070764 
0.0101883 
0.0131806 
0.0160263 
0.0186996 
0.0211704 
0.0234 
0.0253386 
0.0269264 
0.0280994 
0.0287989 
0.0289842 
0.028647 
0.0278264 
0.0266216 
0.0251901 
0.0237055 
0.0222729 
0.0208658 
0.0193745 
0.0177305 
0.0159647 
0.0141535 
0.0123465 
0.0105521 
0.00875404 
0.00692747 
0.00504733 
0.0031322 
0.00122432 
-0.000622153 
-0.00231779 
-0.00371695 
-0.00462017 
-0.00462017 
-0.0190673 
-0.0190673 
-0.0227774 
-0.0252142 
-0.0264685 
-0.0269575 
-0.0270229 
-0.0269313 
-0.0268551 
-0.0268801 
-0.0270261 
-0.0272694 
-0.0275634 
-0.0278511 
-0.0280722 
-0.0281666 
-0.0280768 
-0.0277503 
-0.0271412 
-0.0262129 
-0.0249397 
-0.0233067 
-0.0213105 
-0.0189587 
-0.0162704 
-0.013277 
-0.0100228 
-0.00656383 
-0.00296538 
0.000701033 
0.00436242 
0.00795578 
0.0114332 
0.0147599 
0.0179097 
0.0208591 
0.0235812 
0.0260401 
0.0281866 
0.0299591 
0.0312889 
0.0321105 
0.0323771 
0.0320774 
0.0312539 
0.0300155 
0.0285288 
0.0269625 
0.0253984 
0.0237909 
0.022047 
0.0201433 
0.0181442 
0.0161264 
0.0141224 
0.0121207 
0.0100814 
0.00795499 
0.00573484 
0.00343877 
0.00109396 
-0.00125849 
-0.00352253 
-0.00549561 
-0.0068493 
-0.0068493 
-0.0213669 
-0.0213669 
-0.0251335 
-0.0273714 
-0.0283828 
-0.0286889 
-0.028638 
-0.0285055 
-0.028452 
-0.0285485 
-0.0287964 
-0.0291569 
-0.0295723 
-0.0299781 
-0.0303078 
-0.030496 
-0.0304793 
-0.030199 
-0.0296039 
-0.0286525 
-0.0273152 
-0.0255751 
-0.0234272 
-0.0208782 
-0.0179467 
-0.0146655 
-0.0110832 
-0.00726303 
-0.00327984 
0.000782237 
0.00483162 
0.00878936 
0.0125999 
0.0162268 
0.0196453 
0.0228354 
0.0257737 
0.0284268 
0.0307468 
0.0326712 
0.0341283 
0.0350487 
0.035382 
0.0351173 
0.034303 
0.033058 
0.0315519 
0.0299363 
0.0282608 
0.0264691 
0.0245019 
0.0223873 
0.0202129 
0.0180444 
0.0158907 
0.0137112 
0.0114376 
0.00903048 
0.00647635 
0.00376773 
0.000911553 
-0.0020958 
-0.00513937 
-0.00790767 
-0.00988764 
-0.00988764 
-0.0232131 
-0.0232131 
-0.0270067 
-0.0290523 
-0.0298584 
-0.0300196 
-0.0298797 
-0.029722 
-0.0296938 
-0.0298541 
-0.0301887 
-0.0306478 
-0.0311661 
-0.031674 
-0.0321011 
-0.0323771 
-0.0324337 
-0.0322065 
-0.0316384 
-0.0306829 
-0.0293064 
-0.0274894 
-0.0252252 
-0.0225188 
-0.0193872 
-0.0158627 
-0.0119965 
-0.00785844 
-0.00352999 
0.000889465 
0.0052836 
0.00955892 
0.0136567 
0.0175416 
0.0211918 
0.0245896 
0.0277138 
0.0305321 
0.0329967 
0.0350443 
0.0366012 
0.0375966 
0.0379805 
0.0377465 
0.0369526 
0.0357265 
0.0342317 
0.0325899 
0.0308177 
0.0288644 
0.0267208 
0.0244621 
0.0221834 
0.0199282 
0.0176739 
0.0153456 
0.0128741 
0.0102125 
0.00731847 
0.00414459 
0.000643066 
-0.00324267 
-0.00730724 
-0.0110509 
-0.0137633 
-0.0137633 
-0.0246256 
-0.0246256 
-0.0284115 
-0.030286 
-0.030933 
-0.0309869 
-0.0307824 
-0.0306077 
-0.0305985 
-0.0308057 
-0.0312036 
-0.0317359 
-0.0323327 
-0.0329215 
-0.0334291 
-0.0337821 
-0.0339077 
-0.0337362 
-0.0332051 
-0.0322625 
-0.0308703 
-0.0290062 
-0.0266617 
-0.02384 
-0.0205557 
-0.0168385 
-0.0127411 
-0.00834026 
-0.00372249 
0.000997516 
0.00567762 
0.0102138 
0.0145489 
0.0186508 
0.0224994 
0.0260776 
0.0293635 
0.0323235 
0.0349087 
0.0370541 
0.0386859 
0.0397343 
0.0401542 
0.0399489 
0.0391887 
0.0380059 
0.0365458 
0.0348909 
0.0330351 
0.030956 
0.0287024 
0.0263816 
0.0240777 
0.0218037 
0.0194987 
0.0170744 
0.0144545 
0.0115636 
0.00830116 
0.00454048 
0.000153732 
-0.0048798 
-0.0101147 
-0.0148655 
-0.0182941 
-0.0182941 
-0.0256063 
-0.0256063 
-0.0293592 
-0.0310981 
-0.0316372 
-0.0316192 
-0.0313713 
-0.0311828 
-0.0311808 
-0.0314129 
-0.0318467 
-0.0324234 
-0.0330707 
-0.0337152 
-0.0342823 
-0.0346964 
-0.0348815 
-0.0347638 
-0.0342754 
-0.0333592 
-0.0319724 
-0.0300886 
-0.0276979 
-0.0248024 
-0.0214145 
-0.0175592 
-0.0132874 
-0.00868279 
-0.00384051 
0.00110059 
0.00598237 
0.0107094 
0.0152297 
0.0195106 
0.023529 
0.0272642 
0.0306906 
0.0337714 
0.0364549 
0.0386749 
0.0403586 
0.0414409 
0.0418867 
0.0417135 
0.0410038 
0.0398855 
0.0384728 
0.0368101 
0.0348905 
0.0327406 
0.0304608 
0.0281679 
0.025922 
0.0236957 
0.0214018 
0.0189442 
0.0162203 
0.0130869 
0.00933784 
0.00475142 
-0.000805787 
-0.00712284 
-0.0134847 
-0.0191396 
-0.0232039 
-0.0232039 
-0.02618 
-0.02618 
-0.0298829 
-0.0315272 
-0.0320057 
-0.0319461 
-0.0316716 
-0.0314676 
-0.0314585 
-0.0316914 
-0.032133 
-0.0327246 
-0.0333936 
-0.034067 
-0.0346699 
-0.035126 
-0.0353574 
-0.0352873 
-0.0348437 
-0.0339641 
-0.0326004 
-0.0307219 
-0.0283157 
-0.0253838 
-0.0219396 
-0.0180046 
-0.0136238 
-0.00888717 
-0.00391111 
0.00115039 
0.00615315 
0.011014 
0.0156772 
0.0201042 
0.0242652 
0.0281336 
0.0316781 
0.0348571 
0.0376152 
0.039886 
0.0415999 
0.0427011 
0.043169 
0.0430375 
0.042396 
0.0413552 
0.0399912 
0.0383252 
0.0363781 
0.0342331 
0.0320223 
0.0298516 
0.0277415 
0.025629 
0.0234142 
0.02098 
0.0181558 
0.0146784 
0.01022 
0.00453772 
-0.00234132 
-0.00987098 
-0.0172034 
-0.0236287 
-0.0282512 
-0.0282512 
-0.0263748 
-0.0263748 
-0.0300119 
-0.0316047 
-0.0320656 
-0.0319922 
-0.0317073 
-0.0314867 
-0.0314573 
-0.0316683 
-0.0320903 
-0.0326671 
-0.0333279 
-0.034001 
-0.0346127 
-0.0350873 
-0.0353469 
-0.0353135 
-0.0349123 
-0.034077 
-0.0327542 
-0.0309079 
-0.028521 
-0.0255948 
-0.0221452 
-0.0181948 
-0.0137872 
-0.00900452 
-0.00397406 
0.00113811 
0.00620387 
0.0111471 
0.0159081 
0.0204417 
0.0247106 
0.0286807 
0.0323137 
0.0355624 
0.0383683 
0.0406657 
0.0423918 
0.0435036 
0.043998 
0.0439226 
0.0433626 
0.0424003 
0.0410801 
0.0394279 
0.0375132 
0.0354658 
0.0334239 
0.0314593 
0.0295516 
0.0276187 
0.0255438 
0.023153 
0.0201551 
0.0161425 
0.0107285 
0.00378967 
-0.00436253 
-0.0129243 
-0.0210648 
-0.0281413 
-0.0332586 
-0.0332586 
-0.0262037 
-0.0262037 
-0.0297967 
-0.0313758 
-0.0318505 
-0.0317856 
-0.0315005 
-0.0312611 
-0.0311994 
-0.0313693 
-0.0317485 
-0.0322849 
-0.0329111 
-0.0335573 
-0.0341522 
-0.0346221 
-0.0348904 
-0.0348795 
-0.0345136 
-0.0337234 
-0.0324513 
-0.0306561 
-0.0283159 
-0.0254288 
-0.022012 
-0.0181002 
-0.0137463 
-0.00902612 
-0.00404448 
0.00105596 
0.00614096 
0.0111238 
0.0159418 
0.0205431 
0.0248831 
0.0289199 
0.0326081 
0.0358944 
0.0387177 
0.0410169 
0.0427399 
0.0438599 
0.0443896 
0.0443813 
0.0439037 
0.0430096 
0.0417336 
0.0401341 
0.0383345 
0.0364845 
0.0346968 
0.0330027 
0.0313566 
0.029661 
0.0277596 
0.0253743 
0.0220606 
0.0173036 
0.0107726 
0.00257628 
-0.00668581 
-0.0161 
-0.0249134 
-0.0325361 
-0.0380921 
-0.0380921 
-0.0256983 
-0.0256983 
-0.0292729 
-0.030871 
-0.0313858 
-0.0313504 
-0.0310765 
-0.03082 
-0.0307185 
-0.0308325 
-0.0311494 
-0.0316228 
-0.0321897 
-0.0327838 
-0.0333367 
-0.0337783 
-0.0340353 
-0.0340324 
-0.0336947 
-0.0329521 
-0.031744 
-0.0300249 
-0.0277679 
-0.0249671 
-0.0216377 
-0.0178151 
-0.0135559 
-0.0089376 
-0.00405962 
0.000958307 
0.00599711 
0.0109619 
0.0157844 
0.0204042 
0.0247688 
0.0288279 
0.0325297 
0.0358176 
0.0386315 
0.0409161 
0.0426324 
0.0437686 
0.0443451 
0.0444066 
0.0440008 
0.0431678 
0.0419627 
0.0404895 
0.0388984 
0.0373276 
0.0358548 
0.0344812 
0.033145 
0.0317248 
0.0299899 
0.0275213 
0.0237319 
0.0180807 
0.0103953 
0.00104828 
-0.00914411 
-0.0192672 
-0.0286382 
-0.0367086 
-0.0426484 
-0.0426484 
-0.0248886 
-0.0248886 
-0.0284716 
-0.0301171 
-0.0306959 
-0.0307107 
-0.0304616 
-0.0301938 
-0.03005 
-0.0300991 
-0.0303394 
-0.0307322 
-0.0312199 
-0.03174 
-0.0322281 
-0.0326185 
-0.0328425 
-0.0328291 
-0.0325065 
-0.031806 
-0.0306662 
-0.0290383 
-0.0268909 
-0.0242134 
-0.0210172 
-0.017336 
-0.013225 
-0.00875736 
-0.0040253 
0.000864734 
0.00580336 
0.010696 
0.0154693 
0.020056 
0.024396 
0.028432 
0.0321068 
0.0353625 
0.0381429 
0.0404009 
0.0421087 
0.0432633 
0.043884 
0.0440038 
0.0436603 
0.0429045 
0.0418257 
0.0405584 
0.0392517 
0.038016 
0.036898 
0.0358801 
0.034886 
0.0337514 
0.0321389 
0.0294802 
0.0250925 
0.0184937 
0.00972044 
-0.000627383 
-0.0116054 
-0.0223328 
-0.0321554 
-0.0405772 
-0.0468452 
-0.0468452 
-0.0238046 
-0.0238046 
-0.0274202 
-0.0291377 
-0.0298024 
-0.0298885 
-0.0296807 
-0.0294127 
-0.0292306 
-0.0292121 
-0.0293678 
-0.0296682 
-0.0300621 
-0.0304914 
-0.0308963 
-0.0312156 
-0.0313865 
-0.0313437 
-0.0310206 
-0.0303521 
-0.0292783 
-0.0277494 
-0.0257305 
-0.0232056 
-0.0201803 
-0.0166825 
-0.0127621 
-0.00848734 
-0.00394362 
0.0007733 
0.0055626 
0.0103313 
0.0150027 
0.0195046 
0.023771 
0.0277396 
0.0313501 
0.0345455 
0.0372743 
0.0394968 
0.0411922 
0.0423592 
0.0430133 
0.0431826 
0.0429115 
0.0422753 
0.0413903 
0.0403976 
0.0394258 
0.0385562 
0.037814 
0.0371705 
0.0365297 
0.0356632 
0.0341113 
0.0311755 
0.0261369 
0.0186273 
0.00888905 
-0.00231165 
-0.0139763 
-0.0252269 
-0.0353975 
-0.0440747 
-0.0506136 
-0.0506136 
-0.0224735 
-0.0224735 
-0.0261431 
-0.0279535 
-0.0287245 
-0.028903 
-0.0287561 
-0.0285043 
-0.0282945 
-0.0282129 
-0.0282828 
-0.0284855 
-0.0287774 
-0.0291057 
-0.0294147 
-0.0296483 
-0.0297495 
-0.0296595 
-0.0293184 
-0.0286667 
-0.0276484 
-0.0262151 
-0.0243304 
-0.0219739 
-0.019145 
-0.0158641 
-0.0121726 
-0.00813096 
-0.00381583 
0.000686336 
0.00528176 
0.00987954 
0.0144006 
0.0187696 
0.0229172 
0.0267779 
0.0302908 
0.0334006 
0.0360602 
0.0382351 
0.0399072 
0.0410761 
0.0417571 
0.0419844 
0.0418194 
0.0413582 
0.0407261 
0.0400517 
0.0394375 
0.038942 
0.0385786 
0.0383101 
0.0380117 
0.0373778 
0.0358302 
0.0325762 
0.0269096 
0.0185925 
0.00803067 
-0.00390633 
-0.0161898 
-0.027887 
-0.0383022 
-0.0471399 
-0.0538913 
-0.0538913 
-0.0209205 
-0.0209205 
-0.0246621 
-0.0265833 
-0.0274787 
-0.0277703 
-0.0277062 
-0.0274917 
-0.0272715 
-0.0271383 
-0.0271284 
-0.027235 
-0.0274237 
-0.0276475 
-0.0278551 
-0.0279951 
-0.028016 
-0.0278655 
-0.0274909 
-0.0268397 
-0.0258618 
-0.0245123 
-0.0227557 
-0.0205694 
-0.0179473 
-0.0149022 
-0.0114663 
-0.00769001 
-0.00363985 
0.000608019 
0.00496813 
0.00935226 
0.0136795 
0.0178732 
0.021862 
0.0255797 
0.0289656 
0.0319666 
0.034539 
0.0366519 
0.0382904 
0.0394569 
0.0401732 
0.0404858 
0.040471 
0.0402333 
0.0398902 
0.0395495 
0.0392906 
0.0391579 
0.039159 
0.039247 
0.0392615 
0.0388188 
0.0372414 
0.0336814 
0.0274732 
0.0184906 
0.00724252 
-0.00534334 
-0.0181879 
-0.0302466 
-0.0408029 
-0.049711 
-0.0566174 
-0.0566174 
-0.0191689 
-0.0191689 
-0.0229978 
-0.0250441 
-0.0260793 
-0.0265032 
-0.0265447 
-0.0263922 
-0.0261846 
-0.0260187 
-0.0259422 
-0.0259611 
-0.0260517 
-0.0261741 
-0.0262819 
-0.026328 
-0.0262653 
-0.0260479 
-0.0256297 
-0.0249656 
-0.0240121 
-0.02273 
-0.0210868 
-0.0190603 
-0.0166411 
-0.0138358 
-0.0106677 
-0.0071769 
-0.00341831 
0.000543333 
0.00463275 
0.00876596 
0.0128615 
0.0168428 
0.0206383 
0.0241822 
0.0274153 
0.0302869 
0.0327567 
0.0347981 
0.0364008 
0.0375737 
0.038348 
0.0387807 
0.0389539 
0.0389673 
0.0389221 
0.0389053 
0.0389801 
0.0391829 
0.0395175 
0.0399257 
0.0402103 
0.0399195 
0.0383053 
0.0344967 
0.0278751 
0.0183883 
0.00658523 
-0.00657595 
-0.0199104 
-0.0322249 
-0.0428229 
-0.051722 
-0.0587287 
-0.0587287 
-0.0172407 
-0.0172407 
-0.0211699 
-0.0233523 
-0.0245393 
-0.0251117 
-0.0252805 
-0.0252165 
-0.0250492 
-0.0248757 
-0.0247527 
-0.024699 
-0.0247027 
-0.0247327 
-0.0247485 
-0.0247069 
-0.0245653 
-0.0242823 
-0.023818 
-0.0231337 
-0.022193 
-0.0209628 
-0.0194153 
-0.0175304 
-0.0152983 
-0.0127218 
-0.00981711 
-0.00661537 
-0.00316034 
0.000495018 
0.00428733 
0.00813984 
0.0119727 
0.0157112 
0.0192852 
0.0226306 
0.0256908 
0.0284183 
0.0307775 
0.0327469 
0.0343225 
0.0355205 
0.0363792 
0.0369593 
0.0373395 
0.0376071 
0.0378452 
0.0381242 
0.0384966 
0.0389941 
0.039617 
0.0402946 
0.0407979 
0.0406259 
0.0389908 
0.035022 
0.0281413 
0.0183268 
0.00609514 
-0.00757239 
-0.0212863 
-0.033722 
-0.0442748 
-0.0531038 
-0.0601621 
-0.0601621 
-0.015158 
-0.015158 
-0.0191984 
-0.0215247 
-0.0228711 
-0.0236041 
-0.0239189 
-0.0239691 
-0.0238722 
-0.0237214 
-0.0235787 
-0.0234739 
-0.0234076 
-0.0233591 
-0.0232951 
-0.0231775 
-0.0229672 
-0.0226271 
-0.0221217 
-0.021418 
-0.0204856 
-0.0192972 
-0.0178304 
-0.0160687 
-0.0140036 
-0.0116362 
-0.00897872 
-0.0060547 
-0.00289853 
0.000447685 
0.00393209 
0.00748705 
0.0110376 
0.0145131 
0.0178468 
0.0209781 
0.0238542 
0.0264323 
0.0286818 
0.0305872 
0.0321504 
0.0333924 
0.0343537 
0.0350923 
0.0356772 
0.036181 
0.0366715 
0.0372065 
0.0378309 
0.0385725 
0.0394274 
0.0403135 
0.0409792 
0.0408951 
0.0392605 
0.0352223 
0.0282344 
0.0182696 
0.00575489 
-0.00830384 
-0.0222276 
-0.0346275 
-0.0450709 
-0.0537918 
-0.060862 
-0.060862 
-0.0129435 
-0.0129435 
-0.0171042 
-0.0195793 
-0.0210887 
-0.0219886 
-0.0224628 
-0.0226495 
-0.0226527 
-0.0225578 
-0.0224276 
-0.0222996 
-0.0221861 
-0.0220775 
-0.0219496 
-0.0217705 
-0.0215056 
-0.0211211 
-0.0205853 
-0.0198694 
-0.0189477 
-0.0177979 
-0.0164022 
-0.0147479 
-0.012829 
-0.0106468 
-0.00821123 
-0.00554163 
-0.00266567 
0.000382984 
0.0035626 
0.00681691 
0.0100787 
0.0132833 
0.0163697 
0.0192821 
0.0219731 
0.024405 
0.0265526 
0.0284054 
0.0299691 
0.031266 
0.0323344 
0.0332249 
0.0339951 
0.0347041 
0.0354071 
0.0361521 
0.0369779 
0.0379076 
0.0389322 
0.0399603 
0.0407286 
0.0407026 
0.0390931 
0.0350769 
0.0281331 
0.0182352 
0.00557273 
-0.00874127 
-0.0226074 
-0.0348309 
-0.0451291 
-0.0537307 
-0.060781 
-0.060781 
-0.0106212 
-0.0106212 
-0.0149104 
-0.0175365 
-0.0192081 
-0.0202755 
-0.0209155 
-0.0212545 
-0.0213834 
-0.0213774 
-0.0212952 
-0.0211777 
-0.0210457 
-0.0209005 
-0.0207283 
-0.0205047 
-0.0202008 
-0.0197866 
-0.0192339 
-0.0185168 
-0.0176134 
-0.0165052 
-0.0151782 
-0.0136229 
-0.0118358 
-0.00981917 
-0.00758207 
-0.0051407 
-0.002518 
0.000258232 
0.00315354 
0.00612154 
0.00910452 
0.0120458 
0.0148914 
0.017592 
0.020106 
0.0224012 
0.0244574 
0.0262674 
0.027838 
0.0291903 
0.030357 
0.0313802 
0.0323066 
0.0331836 
0.0340562 
0.0349643 
0.0359402 
0.0370015 
0.038134 
0.0392414 
0.0400613 
0.0400586 
0.0384588 
0.0344846 
0.0276447 
0.0179419 
0.00541277 
-0.0087121 
-0.0222614 
-0.0342541 
-0.0443999 
-0.0528886 
-0.0599021 
-0.0599021 
-0.00821709 
-0.00821709 
-0.0126418 
-0.0154196 
-0.0172497 
-0.0184796 
-0.0192839 
-0.019782 
-0.0200545 
-0.0201657 
-0.0201668 
-0.0200968 
-0.0199809 
-0.0198287 
-0.0196361 
-0.0193878 
-0.0190617 
-0.0186329 
-0.0180766 
-0.0173701 
-0.0164938 
-0.0154321 
-0.0141735 
-0.0127111 
-0.011043 
-0.0091728 
-0.00710958 
-0.0048684 
-0.00246976 
6.18667e-05 
0.00269713 
0.00540063 
0.00812416 
0.0108194 
0.0134399 
0.0159432 
0.0182939 
0.0204647 
0.022439 
0.0242115 
0.0257886 
0.0271878 
0.028436 
0.0295665 
0.0306165 
0.0316238 
0.0326246 
0.0336513 
0.0347293 
0.035871 
0.0370571 
0.038187 
0.0389941 
0.0389642 
0.0373637 
0.0334673 
0.0268134 
0.0174072 
0.00534564 
-0.00820293 
-0.0212829 
-0.0329598 
-0.0429138 
-0.051285 
-0.0582563 
-0.0582563 
-0.00575786 
-0.00575786 
-0.0103249 
-0.0132548 
-0.0152382 
-0.0166217 
-0.0175818 
-0.018236 
-0.0186591 
-0.0189063 
-0.01902 
-0.0190337 
-0.0189719 
-0.0188481 
-0.0186655 
-0.0184171 
-0.0180887 
-0.0176615 
-0.0171153 
-0.0164308 
-0.0155911 
-0.0145827 
-0.0133961 
-0.0120263 
-0.0104727 
-0.00873949 
-0.00683534 
-0.00477376 
-0.00257268 
-0.000253903 
0.00215677 
0.00462913 
0.00712389 
0.00960075 
0.0120206 
0.014348 
0.0165528 
0.0186125 
0.0205132 
0.0222503 
0.0238289 
0.0252625 
0.0265721 
0.0277836 
0.028926 
0.0300289 
0.0311206 
0.0322263 
0.0333649 
0.0345434 
0.0357364 
0.0368367 
0.0375847 
0.037496 
0.0358897 
0.0321012 
0.0257069 
0.0167036 
0.00533594 
-0.00734868 
-0.0197732 
-0.0310311 
-0.0407467 
-0.0489864 
-0.0559073 
-0.0559073 
-0.00327101 
-0.00327101 
-0.0079863 
-0.0110696 
-0.0132019 
-0.0147293 
-0.0158324 
-0.0166313 
-0.0171999 
-0.0175885 
-0.0178326 
-0.0179586 
-0.0179864 
-0.017929 
-0.0177923 
-0.0175751 
-0.0172697 
-0.0168639 
-0.0163428 
-0.0156912 
-0.0148953 
-0.0139438 
-0.0128288 
-0.0115465 
-0.0100971 
-0.00848507 
-0.00671947 
-0.00481352 
-0.00278445 
-0.000652833 
0.00155749 
0.00382397 
0.00611573 
0.008399 
0.0106412 
0.0128125 
0.0148876 
0.0168475 
0.0186802 
0.0203814 
0.0219542 
0.0234087 
0.0247604 
0.0260289 
0.0272361 
0.0284045 
0.0295554 
0.0307071 
0.0318726 
0.0330525 
0.0342128 
0.0352446 
0.0358991 
0.0357309 
0.034125 
0.0304847 
0.0244327 
0.0159637 
0.00541974 
-0.00627694 
-0.017901 
-0.0286262 
-0.0380342 
-0.0461089 
-0.0529615 
-0.0529615 
-0.000781002 
-0.000781002 
-0.00564957 
-0.00888945 
-0.0111703 
-0.012835 
-0.0140689 
-0.0149968 
-0.0156962 
-0.0162179 
-0.0165941 
-0.0168461 
-0.0169884 
-0.0170302 
-0.0169761 
-0.0168262 
-0.0165765 
-0.0162191 
-0.0157444 
-0.0151415 
-0.0144004 
-0.013513 
-0.0124737 
-0.0112804 
-0.00993448 
-0.00844066 
-0.00680731 
-0.00504603 
-0.00317158 
-0.0012015 
0.000843282 
0.00294045 
0.00506418 
0.00718616 
0.00927923 
0.0113183 
0.0132822 
0.0151547 
0.0169257 
0.018591 
0.0201521 
0.0216157 
0.0229932 
0.0242986 
0.025548 
0.0267576 
0.0279423 
0.0291147 
0.0302812 
0.0314345 
0.0325344 
0.0334727 
0.0340165 
0.0337657 
0.0321784 
0.0287302 
0.0230935 
0.0152662 
0.00562065 
-0.00505194 
-0.0157989 
-0.0258993 
-0.0349248 
-0.042788 
-0.0495453 
-0.0495453 
0.00168995 
0.00168995 
-0.00333201 
-0.00673446 
-0.00916884 
-0.0109717 
-0.0123303 
-0.0133743 
-0.0141872 
-0.0148238 
-0.0153183 
-0.0156913 
-0.0159541 
-0.0161124 
-0.0161676 
-0.0161177 
-0.0159581 
-0.0156825 
-0.0152828 
-0.0147511 
-0.0140803 
-0.0132648 
-0.0123017 
-0.011191 
-0.00993562 
-0.0085413 
-0.00701697 
-0.00537455 
-0.00362898 
-0.00179788 
9.8827e-05 
0.00204144 
0.0040133 
0.00599081 
0.00795096 
0.00987203 
0.0117362 
0.013529 
0.0152413 
0.0168691 
0.0184123 
0.0198752 
0.0212649 
0.0225912 
0.0238651 
0.0250971 
0.0262971 
0.0274715 
0.0286201 
0.0297286 
0.0307524 
0.0315865 
0.0320183 
0.0316958 
0.0301524 
0.0269364 
0.0217683 
0.0146487 
0.0059292 
-0.00372558 
-0.0135667 
-0.0229818 
-0.0315589 
-0.0391603 
-0.0457902 
-0.0457902 
0.00413357 
0.00413357 
-0.00104344 
-0.00461507 
-0.00721395 
-0.00916502 
-0.0106537 
-0.0118113 
-0.0127265 
-0.0134601 
-0.0140516 
-0.0145251 
-0.0148937 
-0.0151628 
-0.0153323 
-0.0153979 
-0.0153532 
-0.0151896 
-0.014898 
-0.0144699 
-0.0138981 
-0.013178 
-0.0123084 
-0.0112917 
-0.0101334 
-0.00884219 
-0.00742832 
-0.00590363 
-0.00428104 
-0.0025746 
-0.000799979 
0.00102543 
0.00288202 
0.00474881 
0.0066058 
0.00843356 
0.0102165 
0.0119422 
0.0136031 
0.0151962 
0.0167195 
0.0181757 
0.0195687 
0.0209048 
0.0221907 
0.0234325 
0.0246351 
0.0257991 
0.0269186 
0.0279737 
0.0289168 
0.0296487 
0.0299796 
0.0296063 
0.0281348 
0.0251832 
0.0205149 
0.0141294 
0.00633045 
-0.00233521 
-0.0112737 
-0.0199735 
-0.028054 
-0.035348 
-0.041818 
-0.041818 
0.00655729 
0.00655729 
0.00121541 
-0.00253043 
-0.00530779 
-0.00742577 
-0.00906236 
-0.0103465 
-0.0113682 
-0.0121929 
-0.0128656 
-0.0134167 
-0.0138645 
-0.0142186 
-0.0144815 
-0.0146503 
-0.0147182 
-0.0146754 
-0.0145105 
-0.0142118 
-0.0137685 
-0.0131727 
-0.0124203 
-0.0115117 
-0.0104526 
-0.00925286 
-0.00792599 
-0.00648738 
-0.00495342 
-0.00334109 
-0.00166805 
4.77174e-05 
0.00178989 
0.00354751 
0.00530414 
0.00704136 
0.00874658 
0.0104072 
0.0120162 
0.0135719 
0.0150711 
0.0165147 
0.0179039 
0.0192415 
0.020531 
0.0217741 
0.0229711 
0.0241185 
0.0252047 
0.0262059 
0.0270736 
0.0277154 
0.0279656 
0.027568 
0.0261958 
0.0235307 
0.0193728 
0.0137164 
0.00680682 
-0.00091413 
-0.00897329 
-0.01695 
-0.024503 
-0.0314531 
-0.0377338 
-0.0377338 
0.0089796 
0.0089796 
0.00346405 
-0.000467851 
-0.00343644 
-0.00574517 
-0.00755704 
-0.00899473 
-0.0101455 
-0.0110752 
-0.0118324 
-0.0124522 
-0.0129592 
-0.0133692 
-0.0136908 
-0.013927 
-0.0140752 
-0.0141285 
-0.0140764 
-0.0139064 
-0.013605 
-0.0131595 
-0.0125602 
-0.0118016 
-0.0108839 
-0.00981416 
-0.00860553 
-0.00727609 
-0.00584589 
-0.0043339 
-0.00275596 
-0.00112484 
0.000546378 
0.00223884 
0.00393479 
0.00561499 
0.00726577 
0.00887553 
0.0104429 
0.0119697 
0.0134484 
0.0148804 
0.0162639 
0.0175999 
0.0188891 
0.0201293 
0.0213183 
0.022448 
0.0235031 
0.0244571 
0.0252619 
0.0258331 
0.0260288 
0.0256358 
0.0243871 
0.0220209 
0.0183676 
0.013414 
0.00734621 
0.000515552 
-0.00670125 
-0.0139648 
-0.0209752 
-0.027555 
-0.0336217 
-0.0336217 
0.0114263 
0.0114263 
0.0057341 
0.00160102 
-0.00157543 
-0.00409677 
-0.00611509 
-0.00774095 
-0.00905578 
-0.0101221 
-0.0109885 
-0.0116923 
-0.0122616 
-0.0127173 
-0.0130742 
-0.013342 
-0.0135258 
-0.0136257 
-0.0136375 
-0.0135529 
-0.0133607 
-0.0130477 
-0.0126002 
-0.0120061 
-0.0112561 
-0.0103458 
-0.00927736 
-0.00806077 
-0.00671446 
-0.0052638 
-0.00373755 
-0.00216277 
-0.000562175 
0.00104574 
0.0026604 
0.00426256 
0.00584887 
0.00740324 
0.0089206 
0.0104098 
0.0118634 
0.0132793 
0.0146541 
0.0159855 
0.0172711 
0.0185078 
0.0196893 
0.0208045 
0.0218354 
0.0227539 
0.0235135 
0.0240385 
0.0242085 
0.023849 
0.0227443 
0.020681 
0.017515 
0.0132245 
0.00794204 
0.00193988 
-0.00448165 
-0.0110533 
-0.0175184 
-0.0237111 
-0.0295449 
-0.0295449 
0.0139275 
0.0139275 
0.00806104 
0.00371494 
0.000308731 
-0.00244628 
-0.00470022 
-0.00654859 
-0.00806487 
-0.00930585 
-0.010318 
-0.0111382 
-0.0117962 
-0.012315 
-0.0127128 
-0.0130039 
-0.0131992 
-0.0133066 
-0.0133299 
-0.0132696 
-0.0131221 
-0.0128807 
-0.0125362 
-0.0120778 
-0.0114943 
-0.0107751 
-0.00991141 
-0.00889823 
-0.00773661 
-0.00643686 
-0.00502079 
-0.00352015 
-0.00196818 
-0.000385793 
0.00122096 
0.00281936 
0.00438193 
0.00588923 
0.00736803 
0.00884475 
0.0102862 
0.0116951 
0.0130646 
0.0143927 
0.0156774 
0.0169132 
0.0180916 
0.0191996 
0.0202174 
0.0211162 
0.021852 
0.0223576 
0.0225319 
0.0222332 
0.021289 
0.0195267 
0.0168234 
0.0131495 
0.00859271 
0.00335461 
-0.00232594 
-0.00823518 
-0.014162 
-0.0199593 
-0.0255465 
-0.0255465 
0.0165123 
0.0165123 
0.0104757 
0.00591034 
0.00225435 
-0.000761528 
-0.00327581 
-0.00537849 
-0.00712992 
-0.00858054 
-0.00977279 
-0.010743 
-0.0115215 
-0.0121332 
-0.012598 
-0.0129323 
-0.0131499 
-0.0132622 
-0.0132787 
-0.0132066 
-0.0130505 
-0.0128122 
-0.0124908 
-0.0120833 
-0.0115846 
-0.0109879 
-0.0102843 
-0.00946201 
-0.00850653 
-0.00740147 
-0.00613369 
-0.00470435 
-0.00314491 
-0.0015297 
4.7546e-05 
0.00153126 
0.0030178 
0.00447907 
0.00590114 
0.00732999 
0.00874883 
0.0101432 
0.0115049 
0.0128303 
0.0141155 
0.0153537 
0.016535 
0.017645 
0.0186629 
0.01956 
0.0202949 
0.0208084 
0.0210157 
0.0208028 
0.0200322 
0.018565 
0.0162963 
0.01319 
0.00929811 
0.00476179 
-0.00023298 
-0.00551609 
-0.0109194 
-0.0163205 
-0.0216524 
-0.0216524 
0.0192081 
0.0192081 
0.0130062 
0.0082157 
0.00429234 
0.000989914 
-0.00181461 
-0.0042015 
-0.00621968 
-0.00791106 
-0.00931248 
-0.0104587 
-0.0113815 
-0.0121083 
-0.0126621 
-0.013062 
-0.0133239 
-0.0134616 
-0.0134868 
-0.0134099 
-0.0132397 
-0.0129832 
-0.0126458 
-0.0122315 
-0.0117432 
-0.0111828 
-0.010551 
-0.00984673 
-0.00906514 
-0.00819536 
-0.00721845 
-0.00610735 
-0.00483115 
-0.00336719 
-0.00172876 
-2.07627e-05 
0.00157333 
0.00294369 
0.00428912 
0.00576909 
0.00720885 
0.00860482 
0.00996546 
0.0112907 
0.0125802 
0.0138268 
0.0150201 
0.0161444 
0.0171786 
0.018094 
0.0188521 
0.0194006 
0.0196685 
0.0195638 
0.0189773 
0.0177972 
0.0159342 
0.0133475 
0.0100614 
0.00616818 
0.00180511 
-0.00289144 
-0.00779142 
-0.0128016 
-0.0178741 
-0.0178741 
0.0220396 
0.0220396 
0.0156771 
0.0106551 
0.0064479 
0.00283067 
-0.000296671 
-0.00299847 
-0.00531694 
-0.00728102 
-0.00892019 
-0.0102657 
-0.0113503 
-0.012205 
-0.0128575 
-0.0133315 
-0.0136471 
-0.0138212 
-0.0138686 
-0.0138023 
-0.0136333 
-0.0133714 
-0.0130247 
-0.0125999 
-0.012103 
-0.0115394 
-0.0109138 
-0.0102304 
-0.00949131 
-0.00869378 
-0.00782764 
-0.00687341 
-0.00580375 
-0.00458163 
-0.00316759 
-0.00153235 
0.000140335 
0.00155755 
0.00288998 
0.004284 
0.00570042 
0.007091 
0.00845343 
0.00978348 
0.0110819 
0.0123429 
0.0135565 
0.0147072 
0.0157733 
0.0167268 
0.0175313 
0.0181404 
0.018494 
0.0185173 
0.0181232 
0.0172217 
0.0157365 
0.0136244 
0.0108888 
0.00758412 
0.00380318 
-0.000347563 
-0.0047696 
-0.0093991 
-0.0142113 
-0.0142113 
0.0250292 
0.0250292 
0.0185108 
0.0132508 
0.00874274 
0.00478455 
0.00130122 
-0.0017545 
-0.00441006 
-0.00668303 
-0.00859234 
-0.010163 
-0.0114276 
-0.0124208 
-0.0131764 
-0.0137249 
-0.0140922 
-0.0143004 
-0.0143683 
-0.0143124 
-0.0141473 
-0.0138853 
-0.0135372 
-0.0131117 
-0.0126163 
-0.0120571 
-0.0114397 
-0.0107693 
-0.0100501 
-0.00928386 
-0.00846712 
-0.00758859 
-0.00663263 
-0.00558909 
-0.00446744 
-0.00330322 
-0.00214824 
-0.000957102 
0.000538622 
0.00240577 
0.00408759 
0.00554645 
0.00693691 
0.00828154 
0.00959913 
0.0108867 
0.0121353 
0.0133292 
0.0144466 
0.0154599 
0.0163349 
0.0170295 
0.0174922 
0.0176614 
0.0174669 
0.0168357 
0.0157027 
0.0140243 
0.0117888 
0.0090215 
0.00577946 
0.00213396 
-0.00183798 
-0.00610078 
-0.0106546 
-0.0106546 
0.0281965 
0.0281965 
0.021527 
0.0160233 
0.0111984 
0.00687266 
0.00299612 
-0.000454342 
-0.00348728 
-0.00611094 
-0.00832838 
-0.0101553 
-0.0116216 
-0.0127655 
-0.0136282 
-0.0142489 
-0.0146619 
-0.0148962 
-0.0149761 
-0.0149227 
-0.0147543 
-0.0144866 
-0.0141331 
-0.0137052 
-0.0132122 
-0.0126617 
-0.0120597 
-0.0114109 
-0.0107189 
-0.00998589 
-0.00921123 
-0.00838972 
-0.0075118 
-0.00656572 
-0.00554431 
-0.00444589 
-0.00330751 
-0.00221456 
-0.000935319 
0.00062004 
0.00223141 
0.00379273 
0.00528388 
0.00671228 
0.00809639 
0.00944371 
0.0107527 
0.012012 
0.0132026 
0.0142984 
0.0152672 
0.0160707 
0.0166638 
0.0169947 
0.0170059 
0.0166375 
0.0158339 
0.0145525 
0.0127716 
0.010495 
0.00775077 
0.00457868 
0.00102582 
-0.00288852 
-0.00718695 
-0.00718695 
0.0315568 
0.0315568 
0.0247421 
0.0189912 
0.0138352 
0.00911665 
0.00481155 
0.00092266 
-0.00253645 
-0.00555731 
-0.0081271 
-0.0102472 
-0.0119417 
-0.0132515 
-0.0142258 
-0.0149151 
-0.0153649 
-0.0156136 
-0.0156931 
-0.0156299 
-0.0154467 
-0.015163 
-0.0147951 
-0.014357 
-0.0138601 
-0.0133133 
-0.0127238 
-0.0120968 
-0.011436 
-0.0107431 
-0.0100177 
-0.00925633 
-0.00845299 
-0.00760151 
-0.00670021 
-0.00575154 
-0.00475832 
-0.00371693 
-0.00252799 
-0.00124123 
7.17237e-05 
0.00154515 
0.0031051 
0.00468929 
0.00625106 
0.00777085 
0.00923834 
0.0106434 
0.0119712 
0.0132009 
0.0143055 
0.0152521 
0.0160025 
0.0165137 
0.0167384 
0.0166275 
0.0161337 
0.015217 
0.0138497 
0.0120207 
0.00973496 
0.00700689 
0.00385201 
0.00026551 
-0.00378273 
-0.00378273 
0.03512 
0.03512 
0.0281677 
0.0221688 
0.0166713 
0.0115372 
0.00676836 
0.00239456 
-0.00154225 
-0.00501196 
-0.00798494 
-0.0104421 
-0.0123974 
-0.0138918 
-0.0149836 
-0.015737 
-0.0162122 
-0.0164604 
-0.0165233 
-0.0164346 
-0.0162221 
-0.0159093 
-0.0155156 
-0.0150576 
-0.0145484 
-0.0139986 
-0.013416 
-0.0128065 
-0.0121735 
-0.0115187 
-0.0108416 
-0.0101393 
-0.00940634 
-0.00863573 
-0.0078208 
-0.00695744 
-0.00603392 
-0.00507102 
-0.00399431 
-0.00278753 
-0.00148812 
-0.00010363 
0.00134554 
0.00285958 
0.0044283 
0.00602736 
0.0076262 
0.00919363 
0.0106992 
0.0121128 
0.0134035 
0.0145387 
0.0154838 
0.0162022 
0.016655 
0.0168022 
0.0166046 
0.016026 
0.0150366 
0.0136154 
0.0117511 
0.00943647 
0.0066645 
0.00340026 
-0.000407008 
-0.000407008 
0.0388882 
0.0388882 
0.031808 
0.0255648 
0.0197205 
0.0141526 
0.00888782 
0.00398362 
-0.000486059 
-0.00446171 
-0.00789464 
-0.01074 
-0.012995 
-0.0146981 
-0.0159154 
-0.0167279 
-0.0172145 
-0.0174437 
-0.01747 
-0.0173364 
-0.0170769 
-0.0167193 
-0.0162865 
-0.0157971 
-0.0152662 
-0.0147057 
-0.0141244 
-0.0135284 
-0.0129215 
-0.0123052 
-0.0116788 
-0.0110397 
-0.0103826 
-0.00970119 
-0.00898741 
-0.00823679 
-0.00742919 
-0.00656752 
-0.00559863 
-0.00452415 
-0.00335725 
-0.00206667 
-0.000670917 
0.0008287 
0.00242973 
0.00411125 
0.00584244 
0.00758629 
0.00930135 
0.0109452 
0.0124767 
0.0138564 
0.0150473 
0.0160142 
0.0167234 
0.0171421 
0.0172382 
0.016981 
0.0163418 
0.015295 
0.0138185 
0.0118895 
0.00948229 
0.00654199 
0.00298662 
0.00298662 
0.042852 
0.042852 
0.0356565 
0.0291787 
0.0229898 
0.016977 
0.0111889 
0.00571103 
0.000652658 
-0.00389063 
-0.00784456 
-0.011136 
-0.0137369 
-0.0156784 
-0.0170328 
-0.0178997 
-0.0183816 
-0.0185696 
-0.0185354 
-0.0183338 
-0.0180065 
-0.0175859 
-0.0170984 
-0.0165648 
-0.0160019 
-0.0154224 
-0.0148357 
-0.0142483 
-0.0136638 
-0.0130834 
-0.0125063 
-0.0119294 
-0.0113465 
-0.0107501 
-0.0101291 
-0.00947711 
-0.00876829 
-0.00800286 
-0.00713619 
-0.00615405 
-0.00505228 
-0.00381898 
-0.00245532 
-0.000959871 
0.000658132 
0.00237952 
0.00418597 
0.00604735 
0.00792484 
0.00977265 
0.0115414 
0.0131816 
0.014647 
0.0158959 
0.0168922 
0.0176043 
0.0180039 
0.0180645 
0.0177603 
0.0170647 
0.0159502 
0.0143836 
0.0123261 
0.00970495 
0.00641264 
0.00641264 
0.0469875 
0.0469875 
0.0396927 
0.0329968 
0.0264745 
0.0200154 
0.013685 
0.00759592 
0.00189547 
-0.00327767 
-0.00781688 
-0.0116178 
-0.0146174 
-0.0168337 
-0.0183416 
-0.0192601 
-0.01972 
-0.0198412 
-0.0197186 
-0.0194223 
-0.0190032 
-0.0184992 
-0.01794 
-0.0173483 
-0.0167422 
-0.0161353 
-0.0155372 
-0.0149545 
-0.0143906 
-0.0138467 
-0.0133216 
-0.0128121 
-0.0123111 
-0.0118103 
-0.0112966 
-0.0107611 
-0.0101766 
-0.00953204 
-0.00878634 
-0.00792237 
-0.00692308 
-0.00576501 
-0.00443946 
-0.00294102 
-0.00127663 
0.000535112 
0.00247127 
0.00449486 
0.00656221 
0.00862566 
0.0106348 
0.0125377 
0.0142839 
0.0158268 
0.017126 
0.018147 
0.0188613 
0.0192435 
0.0192692 
0.0189123 
0.0181429 
0.0169218 
0.0152008 
0.0128923 
0.00986351 
0.00986351 
0.0512522 
0.0512522 
0.0438773 
0.0369874 
0.0301538 
0.023259 
0.0163796 
0.00965191 
0.0032632 
-0.00259872 
-0.00778745 
-0.0121634 
-0.0156198 
-0.0181543 
-0.0198383 
-0.0208095 
-0.0212303 
-0.021257 
-0.0210146 
-0.0205934 
-0.0200558 
-0.019446 
-0.0187966 
-0.0181322 
-0.0174714 
-0.0168282 
-0.0162123 
-0.0156299 
-0.0150842 
-0.0145761 
-0.0141041 
-0.0136644 
-0.0132489 
-0.0128478 
-0.0124458 
-0.0120306 
-0.0115746 
-0.0110581 
-0.0104382 
-0.00969021 
-0.0087838 
-0.0076906 
-0.00638988 
-0.00486943 
-0.00313192 
-0.0011974 
0.000898007 
0.00310493 
0.0053737 
0.0076534 
0.00989256 
0.0120395 
0.0140443 
0.0158606 
0.0174467 
0.0187667 
0.0197897 
0.020489 
0.0208389 
0.020812 
0.0203762 
0.0194879 
0.0180916 
0.0160861 
0.0133149 
0.0133149 
0.0555811 
0.0555811 
0.0481482 
0.0410958 
0.0339848 
0.0266803 
0.0192611 
0.0118821 
0.00477023 
-0.00183133 
-0.00772739 
-0.0127408 
-0.0167131 
-0.0196142 
-0.0215045 
-0.0225355 
-0.0229037 
-0.022808 
-0.0224123 
-0.0218334 
-0.0211485 
-0.020409 
-0.0196503 
-0.0188981 
-0.0181713 
-0.0174835 
-0.0168441 
-0.0162589 
-0.0157304 
-0.0152594 
-0.0148443 
-0.0144809 
-0.0141599 
-0.01387 
-0.0135944 
-0.0133173 
-0.0130109 
-0.0126473 
-0.012179 
-0.0115732 
-0.010786 
-0.00977616 
-0.00850917 
-0.00696362 
-0.00513773 
-0.00305288 
-0.000752885 
0.00169946 
0.00423703 
0.00679467 
0.00931035 
0.0117262 
0.0139918 
0.0160649 
0.0179103 
0.0194978 
0.0208006 
0.0217929 
0.022448 
0.0227356 
0.0226196 
0.0220508 
0.0209664 
0.019252 
0.0167277 
0.0167277 
0.0598837 
0.0598837 
0.0524165 
0.0452398 
0.0378974 
0.0302258 
0.0222963 
0.0142735 
0.00642186 
-0.000956035 
-0.00760461 
-0.0133061 
-0.0178481 
-0.0211662 
-0.0233003 
-0.0244077 
-0.0247166 
-0.0244742 
-0.0238919 
-0.0231215 
-0.0222595 
-0.0213657 
-0.0204786 
-0.0196241 
-0.0188204 
-0.0180804 
-0.0174123 
-0.0168213 
-0.0163092 
-0.0158765 
-0.0155215 
-0.0152395 
-0.0150199 
-0.0148503 
-0.0147125 
-0.0145877 
-0.0144468 
-0.0142553 
-0.0139598 
-0.0135151 
-0.0128615 
-0.0119417 
-0.0107052 
-0.00911959 
-0.00717838 
-0.00490464 
-0.00235071 
0.000404167 
0.00326233 
0.00613966 
0.008965 
0.01167 
0.0141995 
0.0165134 
0.0185849 
0.0203953 
0.021929 
0.0231682 
0.0240892 
0.0246601 
0.0248396 
0.0245706 
0.023781 
0.0223416 
0.0200502 
0.0200502 
0.0640424 
0.0640424 
0.0565648 
0.0493063 
0.0417889 
0.0338101 
0.0254228 
0.0167886 
0.00820548 
3.44555e-05 
-0.00738952 
-0.013806 
-0.0189567 
-0.0227376 
-0.0251587 
-0.0263705 
-0.0266254 
-0.02622 
-0.0254222 
-0.0244281 
-0.0233599 
-0.0222885 
-0.0212549 
-0.0202848 
-0.0193948 
-0.0185961 
-0.0178956 
-0.017297 
-0.0168016 
-0.0164096 
-0.0161193 
-0.0159255 
-0.0158165 
-0.0157792 
-0.0157951 
-0.0158427 
-0.0158913 
-0.0159006 
-0.0158088 
-0.0155546 
-0.0150589 
-0.0142438 
-0.013041 
-0.0114075 
-0.0093337 
-0.00684571 
-0.00400539 
-0.000903812 
0.00233517 
0.00559887 
0.0087971 
0.0118416 
0.0146647 
0.0172244 
0.0195016 
0.0214934 
0.023203 
0.0246292 
0.0257595 
0.0265653 
0.0270015 
0.0270018 
0.0264822 
0.0252967 
0.0232204 
0.0232204 
0.0679137 
0.0679137 
0.0604474 
0.0531499 
0.0455207 
0.0373104 
0.0285429 
0.0193614 
0.0100867 
0.00113491 
-0.0070569 
-0.0141792 
-0.0199512 
-0.0242279 
-0.0269811 
-0.0283375 
-0.02856 
-0.02799 
-0.0269574 
-0.0257131 
-0.0244131 
-0.023143 
-0.0219474 
-0.0208508 
-0.0198673 
-0.0190053 
-0.0182697 
-0.0176629 
-0.017185 
-0.0168361 
-0.0166148 
-0.0165148 
-0.0165242 
-0.0166301 
-0.016814 
-0.0170528 
-0.0173135 
-0.0175495 
-0.0176875 
-0.017645 
-0.0173191 
-0.0166087 
-0.0154294 
-0.0137315 
-0.0115052 
-0.00878107 
-0.00562699 
-0.0021444 
0.00152124 
0.00522079 
0.0088328 
0.0122485 
0.0153834 
0.0181897 
0.0206541 
0.0227894 
0.0246205 
0.0261697 
0.0274434 
0.0284231 
0.0290643 
0.0292921 
0.0290089 
0.0280498 
0.0261667 
0.0261667 
0.0713319 
0.0713319 
0.0638944 
0.0565964 
0.0489197 
0.0405634 
0.0315173 
0.0218873 
0.0120004 
0.00232117 
-0.0065838 
-0.0143592 
-0.0207288 
-0.0255126 
-0.0286383 
-0.0301899 
-0.0304209 
-0.029705 
-0.0284345 
-0.0269239 
-0.0253733 
-0.0238887 
-0.0225198 
-0.0212894 
-0.0202081 
-0.0192809 
-0.0185097 
-0.0178953 
-0.0174367 
-0.0171339 
-0.0169855 
-0.0169848 
-0.0171202 
-0.0173802 
-0.017747 
-0.0181964 
-0.0186911 
-0.0191771 
-0.0195649 
-0.0197445 
-0.0195856 
-0.0189672 
-0.0177952 
-0.0160204 
-0.0136377 
-0.0106818 
-0.00722189 
-0.00336548 
0.000738404 
0.00490777 
0.00897498 
0.0128025 
0.0162763 
0.0193376 
0.0219775 
0.0242256 
0.0261313 
0.0277445 
0.0290963 
0.0301854 
0.0309731 
0.0313783 
0.0312907 
0.0305241 
0.0288088 
0.0288088 
0.074116 
0.074116 
0.0667206 
0.0594514 
0.0517856 
0.0433703 
0.0341644 
0.0242229 
0.0138553 
0.00354878 
-0.00597108 
-0.0142874 
-0.0211832 
-0.0264534 
-0.0299779 
-0.03178 
-0.0320789 
-0.03126 
-0.0297706 
-0.0279944 
-0.0261856 
-0.0244784 
-0.022931 
-0.0215647 
-0.0203855 
-0.0193941 
-0.0185891 
-0.0179691 
-0.0175322 
-0.0172783 
-0.0172058 
-0.0173077 
-0.0175745 
-0.0179967 
-0.0185579 
-0.0192326 
-0.0199763 
-0.0207216 
-0.0213591 
-0.0217452 
-0.0217251 
-0.0211673 
-0.0199786 
-0.01812 
-0.0155939 
-0.0124351 
-0.00870574 
-0.00450722 
2.36916e-05 
0.00466917 
0.00920415 
0.0134506 
0.0172616 
0.0205669 
0.0233618 
0.0256926 
0.0276332 
0.0292613 
0.0306354 
0.0317749 
0.0326519 
0.0331825 
0.0332454 
0.0326334 
0.0310569 
0.0310569 
0.0760818 
0.0760818 
0.0687394 
0.0615155 
0.0539055 
0.0455068 
0.036259 
0.0261694 
0.0155291 
0.00478436 
-0.00518257 
-0.0138901 
-0.0212038 
-0.0269094 
-0.030839 
-0.032943 
-0.0333819 
-0.0325268 
-0.0308638 
-0.0288445 
-0.026786 
-0.0248595 
-0.0231367 
-0.0216387 
-0.0203667 
-0.0193162 
-0.0184817 
-0.0178598 
-0.0174476 
-0.0172448 
-0.0172496 
-0.0174556 
-0.017856 
-0.0184446 
-0.0192064 
-0.020113 
-0.0211089 
-0.0221032 
-0.0229607 
-0.0235094 
-0.0235758 
-0.0230358 
-0.0218118 
-0.0198812 
-0.0172531 
-0.0139558 
-0.0100365 
-0.00557819 
-0.000695345 
0.00438584 
0.00939072 
0.0140656 
0.018211 
0.0217416 
0.0246628 
0.0270434 
0.0289837 
0.0305887 
0.0319428 
0.0330862 
0.034004 
0.0346116 
0.0347805 
0.0342828 
0.0328145 
0.0328145 
0.0770445 
0.0770445 
0.0697812 
0.0626087 
0.0550893 
0.0467739 
0.0375941 
0.0275028 
0.0168172 
0.00596501 
-0.00422854 
-0.0131596 
-0.0207481 
-0.026801 
-0.0311066 
-0.0335402 
-0.0341865 
-0.0333741 
-0.0316033 
-0.029384 
-0.027101 
-0.024972 
-0.0230877 
-0.0214713 
-0.0201185 
-0.0190185 
-0.018162 
-0.0175435 
-0.0171594 
-0.0170089 
-0.01709 
-0.0173976 
-0.017929 
-0.018681 
-0.01964 
-0.0207712 
-0.0220019 
-0.0232097 
-0.0242254 
-0.0248623 
-0.0249584 
-0.0244021 
-0.0231392 
-0.0211679 
-0.0184964 
-0.01514 
-0.0111257 
-0.00650731 
-0.00136352 
0.00410271 
0.00953258 
0.0145754 
0.0189955 
0.0226951 
0.025696 
0.0280902 
0.0300031 
0.0315619 
0.032872 
0.0339903 
0.0349137 
0.0355585 
0.0357926 
0.03537 
0.033981 
0.033981 
0.0768264 
0.0768264 
0.0697054 
0.0625841 
0.0551632 
0.0469773 
0.0379447 
0.0280141 
0.0175281 
0.00698934 
-0.0030119 
-0.0120055 
-0.0197487 
-0.0260472 
-0.0306685 
-0.0334281 
-0.0343307 
-0.0336442 
-0.0318549 
-0.0295098 
-0.0270542 
-0.0247582 
-0.0227392 
-0.0210256 
-0.019609 
-0.0184748 
-0.0176071 
-0.0169988 
-0.0166464 
-0.0165481 
-0.0167013 
-0.0171035 
-0.0177563 
-0.0186596 
-0.0197987 
-0.0211277 
-0.0225491 
-0.0239057 
-0.0250008 
-0.0256453 
-0.0257017 
-0.0251024 
-0.0238237 
-0.0218629 
-0.0192196 
-0.0158956 
-0.0119025 
-0.00726835 
-0.00205095 
0.00364391 
0.00946662 
0.0148725 
0.0195158 
0.0232984 
0.0263005 
0.0286579 
0.0305168 
0.032017 
0.0332741 
0.0343547 
0.0352629 
0.0359152 
0.0361796 
0.0357946 
0.034458 
0.034458 
0.0752991 
0.0752991 
0.0683934 
0.0613522 
0.0540591 
0.0460777 
0.037309 
0.0277397 
0.0177008 
0.00766955 
-0.00192015 
-0.0106882 
-0.0183679 
-0.0247355 
-0.0295423 
-0.0325626 
-0.0337274 
-0.0332262 
-0.0315017 
-0.0291128 
-0.0265541 
-0.0241463 
-0.0220368 
-0.0202627 
-0.0188128 
-0.0176634 
-0.0167983 
-0.0162081 
-0.0158908 
-0.0158423 
-0.01606 
-0.016544 
-0.0173004 
-0.0183308 
-0.0196161 
-0.0210937 
-0.0226357 
-0.024054 
-0.0251409 
-0.025729 
-0.0257229 
-0.0250879 
-0.0238148 
-0.0218982 
-0.0193264 
-0.016088 
-0.0121807 
-0.00761163 
-0.00241178 
0.00334192 
0.00925451 
0.0147372 
0.0194419 
0.0232389 
0.0262116 
0.0285249 
0.0303375 
0.0317931 
0.0330085 
0.0340529 
0.034933 
0.035569 
0.0358297 
0.0354509 
0.0341657 
0.0341657 
0.072345 
0.072345 
0.0657482 
0.0588555 
0.0517482 
0.0440722 
0.0357178 
0.0267131 
0.017343 
0.00800569 
-0.000970914 
-0.00930855 
-0.0167289 
-0.0229904 
-0.0278291 
-0.0309936 
-0.0323614 
-0.0320516 
-0.0304501 
-0.0281008 
-0.0255234 
-0.023077 
-0.0209363 
-0.0191482 
-0.017701 
-0.0165671 
-0.0157218 
-0.0151596 
-0.0148798 
-0.0148767 
-0.0151467 
-0.0156935 
-0.0165265 
-0.0176471 
-0.0190279 
-0.0205848 
-0.0221609 
-0.0235488 
-0.0245518 
-0.0250407 
-0.0249629 
-0.0243081 
-0.0230702 
-0.021233 
-0.0187734 
-0.0156702 
-0.0119105 
-0.00749141 
-0.00244021 
0.00311262 
0.00875992 
0.0140315 
0.0186171 
0.0223555 
0.0252892 
0.0275695 
0.0293551 
0.0307866 
0.0319759 
0.0329891 
0.0338319 
0.0344304 
0.0346555 
0.0342589 
0.033037 
0.033037 
0.0678671 
0.0678671 
0.0616952 
0.0550684 
0.0482495 
0.0410049 
0.0332296 
0.0249665 
0.0164359 
0.0079385 
-0.000274547 
-0.00798547 
-0.0149425 
-0.0209023 
-0.0255954 
-0.0287588 
-0.0302361 
-0.0300897 
-0.028645 
-0.0264101 
-0.0239036 
-0.021504 
-0.0194044 
-0.01766 
-0.0162595 
-0.0151728 
-0.0143723 
-0.0138477 
-0.0136073 
-0.0136424 
-0.0139485 
-0.0145327 
-0.0154061 
-0.016568 
-0.0179793 
-0.0195342 
-0.0210545 
-0.0223316 
-0.0231983 
-0.02357 
-0.0234272 
-0.0227701 
-0.0215875 
-0.0198534 
-0.0175369 
-0.0146123 
-0.0110687 
-0.00691941 
-0.00222813 
0.00284099 
0.0079747 
0.012824 
0.0171122 
0.0206793 
0.0235268 
0.025764 
0.0275274 
0.0289439 
0.0301135 
0.0310941 
0.0318883 
0.0324292 
0.0325932 
0.0321678 
0.0310276 
0.0310276 
0.0617864 
0.0617864 
0.0561751 
0.0499819 
0.0436052 
0.0369415 
0.0299081 
0.0225394 
0.0149893 
0.00746948 
0.000166414 
-0.00675268 
-0.0130652 
-0.0185361 
-0.0229028 
-0.0259061 
-0.0273773 
-0.0273404 
-0.0260649 
-0.0240085 
-0.0216631 
-0.0194028 
-0.0174251 
-0.0157893 
-0.0144846 
-0.0134809 
-0.0127489 
-0.0122752 
-0.0120754 
-0.0121389 
-0.0124612 
-0.0130515 
-0.0139216 
-0.0150663 
-0.0164346 
-0.017904 
-0.019288 
-0.0203953 
-0.021098 
-0.0213515 
-0.0211579 
-0.0205197 
-0.0194203 
-0.0178285 
-0.0157124 
-0.0130509 
-0.00984346 
-0.00612115 
-0.00196304 
0.00247908 
0.00696872 
0.0112465 
0.0150897 
0.0183601 
0.0210339 
0.0231757 
0.0248866 
0.0262682 
0.027402 
0.0283334 
0.0290602 
0.0295233 
0.029611 
0.0291612 
0.0281277 
0.0281277 
0.0540514 
0.0540514 
0.0491511 
0.0436021 
0.0378708 
0.0319635 
0.0258317 
0.0194939 
0.0130456 
0.00662266 
0.000355189 
-0.00562295 
-0.0111191 
-0.0159188 
-0.0197805 
-0.0224654 
-0.0238115 
-0.0238223 
-0.0227185 
-0.0208975 
-0.0188013 
-0.0167748 
-0.0150038 
-0.0135445 
-0.0123872 
-0.0115027 
-0.0108635 
-0.0104543 
-0.010295 
-0.010375 
-0.0106905 
-0.0112517 
-0.0120693 
-0.0131332 
-0.0143837 
-0.0156907 
-0.016876 
-0.0177781 
-0.0183099 
-0.0184571 
-0.0182333 
-0.0176405 
-0.0166599 
-0.015261 
-0.0134154 
-0.0111088 
-0.00834913 
-0.00517488 
-0.0016641 
0.00205744 
0.00581757 
0.00942692 
0.0127157 
0.0155738 
0.017967 
0.0199265 
0.0215172 
0.0228108 
0.023866 
0.0247139 
0.0253472 
0.0257154 
0.0257263 
0.0252735 
0.024375 
0.024375 
0.0446275 
0.0446275 
0.0405919 
0.0359198 
0.0310713 
0.0261206 
0.0210535 
0.0158778 
0.0106451 
0.00543479 
0.000332504 
-0.0045545 
-0.00906897 
-0.0130266 
-0.0162192 
-0.0184434 
-0.0195603 
-0.0195672 
-0.0186418 
-0.0171127 
-0.0153518 
-0.0136515 
-0.0121698 
-0.0109535 
-0.00999303 
-0.0092628 
-0.00873889 
-0.00840675 
-0.00828694 
-0.00837041 
-0.00865455 
-0.00914907 
-0.0098629 
-0.0107823 
-0.0118447 
-0.0129261 
-0.0138705 
-0.0145537 
-0.0149235 
-0.0149852 
-0.0147575 
-0.0142424 
-0.0134227 
-0.0122727 
-0.0107701 
-0.00890536 
-0.00668856 
-0.00415448 
-0.00136699 
0.00157961 
0.00456174 
0.00744217 
0.010098 
0.0124464 
0.0144532 
0.0161285 
0.0175085 
0.0186377 
0.0195531 
0.0202719 
0.0207841 
0.021049 
0.0209997 
0.0205791 
0.0198445 
0.0198445 
0.0335933 
0.0335933 
0.0305692 
0.0270068 
