0 
0.00119684 
0.00193859 
0.00300497 
0.0039893 
0.00472136 
0.00517359 
0.00537576 
0.00537076 
0.00519994 
0.00489821 
0.00449375 
0.00400935 
0.00346419 
0.0028755 
0.00225996 
0.00163457 
0.00101714 
0.000426614 
-0.000119974 
-0.000613841 
-0.00105138 
-0.00142827 
-0.00174166 
-0.00199285 
-0.00218822 
-0.00233962 
-0.00246347 
-0.00257726 
-0.00269257 
-0.00280623 
-0.00289511 
-0.00292245 
-0.00285793 
-0.00269803 
-0.00246836 
-0.00220628 
-0.00194237 
-0.001694 
-0.00146851 
-0.0012679 
-0.00109145 
-0.000937044 
-0.000801898 
-0.000683078 
-0.000577811 
-0.000483615 
-0.000398369 
-0.000320289 
-0.00024786 
-0.000179851 
-0.00011563 
-5.50534e-05 
2.21976e-06 
5.6986e-05 
0.000109777 
0.000160117 
0.000207323 
0.000250725 
0.000289713 
0.000323622 
0.000351794 
0.000373612 
0.000388533 
0.00039618 
0 
-0.00119684 
-0.00119684 
-0.00193859 
-0.00300497 
-0.0039893 
-0.00472136 
-0.00517359 
-0.00537576 
-0.00537076 
-0.00519994 
-0.00489821 
-0.00449375 
-0.00400935 
-0.00346419 
-0.0028755 
-0.00225996 
-0.00163457 
-0.00101714 
-0.000426614 
0.000119974 
0.000613841 
0.00105138 
0.00142827 
0.00174166 
0.00199285 
0.00218822 
0.00233962 
0.00246347 
0.00257726 
0.00269257 
0.00280623 
0.00289511 
0.00292245 
0.00285793 
0.00269803 
0.00246836 
0.00220628 
0.00194237 
0.001694 
0.00146851 
0.0012679 
0.00109145 
0.000937044 
0.000801898 
0.000683078 
0.000577811 
0.000483615 
0.000398369 
0.000320289 
0.00024786 
0.000179851 
0.00011563 
5.50534e-05 
-2.21976e-06 
-5.6986e-05 
-0.000109777 
-0.000160117 
-0.000207323 
-0.000250725 
-0.000289713 
-0.000323622 
-0.000351794 
-0.000373612 
-0.000388533 
-0.00039618 
-0.00039618 
-0.0024185 
-0.0024185 
-0.00566623 
-0.00917152 
-0.0120238 
-0.014011 
-0.0151803 
-0.0156598 
-0.0155836 
-0.0150682 
-0.0142073 
-0.013073 
-0.0117214 
-0.0101985 
-0.00854497 
-0.00680103 
-0.00500909 
-0.00321576 
-0.00147335 
0.000166439 
0.00166813 
0.00301075 
0.00417594 
0.00515201 
0.00594039 
0.0065573 
0.00703482 
0.00741951 
0.00776367 
0.00810607 
0.00844499 
0.00871923 
0.00882335 
0.00866501 
0.00822756 
0.00758116 
0.00683498 
0.00608096 
0.00537183 
0.00472901 
0.00415695 
0.00365236 
0.00320856 
0.00281758 
0.0024714 
0.00216257 
0.00188448 
0.00163149 
0.00139885 
0.00118262 
0.000979646 
0.00078746 
0.000604196 
0.000428533 
0.000260221 
9.99018e-05 
-5.14681e-05 
-0.000192559 
-0.000321968 
-0.000438155 
-0.000539218 
-0.000623226 
-0.000688326 
-0.000732876 
-0.000755719 
-0.000755719 
-0.00604592 
-0.00604592 
-0.0116206 
-0.0168018 
-0.0208387 
-0.0235731 
-0.0251139 
-0.0256525 
-0.0253836 
-0.0244745 
-0.0230579 
-0.021234 
-0.0190791 
-0.0166549 
-0.0140165 
-0.01122 
-0.00832676 
-0.0054061 
-0.00253723 
0.000201996 
0.00275044 
0.00505845 
0.00708483 
0.00880128 
0.0101991 
0.0112937 
0.0121278 
0.01277 
0.0133036 
0.0137991 
0.0142695 
0.0146342 
0.0147356 
0.0144288 
0.0136847 
0.0126128 
0.0113868 
0.0101544 
0.00900001 
0.00795671 
0.00702939 
0.00621084 
0.00548924 
0.00485148 
0.00428478 
0.00377748 
0.00331927 
0.00290128 
0.00251599 
0.00215714 
0.00181968 
0.00149977 
0.00119471 
0.000902797 
0.000622882 
0.000354819 
9.95627e-05 
-0.000140221 
-0.000360666 
-0.000558835 
-0.000731455 
-0.000875128 
-0.000986583 
-0.0010629 
-0.00110206 
-0.00110206 
-0.0122656 
-0.0122656 
-0.0187396 
-0.0248425 
-0.0295761 
-0.032712 
-0.0343807 
-0.0348214 
-0.0342773 
-0.0329532 
-0.031006 
-0.0285496 
-0.0256675 
-0.0224264 
-0.0188877 
-0.0151169 
-0.0111901 
-0.00719508 
-0.00323205 
0.0005955 
0.00419089 
0.0074718 
0.0103709 
0.0128407 
0.0148596 
0.0164377 
0.0176214 
0.0184926 
0.0191584 
0.0197184 
0.0202064 
0.0205364 
0.0205172 
0.0199691 
0.0188617 
0.0173436 
0.0156439 
0.0139547 
0.0123834 
0.0109692 
0.00971476 
0.00860748 
0.00762996 
0.00676399 
0.00599237 
0.00529956 
0.00467189 
0.00409755 
0.00356646 
0.0030702 
0.00260191 
0.00215632 
0.00172961 
0.00131941 
0.000924854 
0.000546853 
0.000187565 
-0.000149577 
-0.000460889 
-0.000742025 
-0.000987757 
-0.0011929 
-0.00135248 
-0.001462 
-0.00151832 
-0.00151832 
-0.0198733 
-0.0198733 
-0.0267385 
-0.0332583 
-0.0382223 
-0.0413814 
-0.0429085 
-0.0430915 
-0.0422086 
-0.0404821 
-0.0380709 
-0.0350825 
-0.0315914 
-0.0276569 
-0.0233384 
-0.0187062 
-0.0138488 
-0.00887354 
-0.00390408 
0.000936356 
0.00552823 
0.00975796 
0.0135301 
0.0167735 
0.0194484 
0.0215525 
0.0231264 
0.0242553 
0.0250599 
0.0256611 
0.0261104 
0.0263216 
0.0260869 
0.0252166 
0.0237 
0.02173 
0.0195815 
0.0174758 
0.0155315 
0.0137881 
0.0122432 
0.0108787 
0.00967198 
0.00860031 
0.00764267 
0.00678023 
0.00599645 
0.00527697 
0.00460947 
0.00398365 
0.00339114 
0.00282547 
0.00228204 
0.00175798 
0.00125192 
0.000764249 
0.000296923 
-0.000145635 
-0.000556208 
-0.000928115 
-0.00125448 
-0.00152796 
-0.0017413 
-0.00188802 
-0.00196366 
-0.00196366 
-0.0276934 
-0.0276934 
-0.0348734 
-0.0414955 
-0.0463283 
-0.0492105 
-0.0503993 
-0.0502319 
-0.0490041 
-0.046931 
-0.0441501 
-0.0407432 
-0.0367616 
-0.0322479 
-0.0272529 
-0.0218482 
-0.0161345 
-0.0102408 
-0.0043186 
0.00147877 
0.00699888 
0.0121011 
0.0166706 
0.0206228 
0.0239073 
0.0265111 
0.0284658 
0.0298529 
0.030797 
0.031428 
0.0318029 
0.0318312 
0.0313005 
0.0300387 
0.028079 
0.0256652 
0.0231059 
0.0206347 
0.0183696 
0.0163441 
0.0145498 
0.012963 
0.0115566 
0.0103042 
0.00918155 
0.00816709 
0.00724177 
0.00638897 
0.00559437 
0.00484586 
0.00413361 
0.00344991 
0.00278926 
0.00214815 
0.00152558 
0.000922853 
0.000343672 
-0.000205545 
-0.000718373 
-0.00118645 
-0.00159906 
-0.00194628 
-0.00221849 
-0.00240662 
-0.00250421 
-0.00250421 
-0.0352916 
-0.0352916 
-0.0427215 
-0.0491872 
-0.0536067 
-0.056003 
-0.0567424 
-0.0562015 
-0.0546718 
-0.0523374 
-0.0492951 
-0.0455871 
-0.0412331 
-0.0362536 
-0.0306869 
-0.0246028 
-0.0181147 
-0.0113788 
-0.00458313 
0.00208988 
0.00846011 
0.0143587 
0.0196523 
0.0242466 
0.0280834 
0.0311427 
0.0334496 
0.0350819 
0.0361623 
0.0368179 
0.0370955 
0.0368924 
0.0360049 
0.0343063 
0.0318976 
0.0290743 
0.0261637 
0.0233944 
0.0208724 
0.0186213 
0.0166258 
0.0148577 
0.0132864 
0.0118828 
0.0106203 
0.00947531 
0.00842668 
0.007456 
0.00654732 
0.00568706 
0.0048642 
0.00406999 
0.00329823 
0.00254499 
0.00180855 
0.00109043 
0.000393877 
-0.000274428 
-0.000902046 
-0.00147769 
-0.00198859 
-0.00242086 
-0.00276159 
-0.00299839 
-0.00312217 
-0.00312217 
-0.0421962 
-0.0421962 
-0.0498229 
-0.0559428 
-0.0597742 
-0.061589 
-0.0618578 
-0.0609784 
-0.0592176 
-0.0567124 
-0.0535069 
-0.0495987 
-0.044974 
-0.0396298 
-0.0335874 
-0.0269091 
-0.0197182 
-0.0122012 
-0.00459009 
0.00288954 
0.0100145 
0.0165934 
0.0224901 
0.0276132 
0.031905 
0.0353431 
0.0379486 
0.039794 
0.0409951 
0.0416624 
0.0418164 
0.0413376 
0.0400483 
0.0378966 
0.0350654 
0.0318947 
0.0287108 
0.0257212 
0.023012 
0.0205948 
0.0184484 
0.0165413 
0.0148409 
0.0133165 
0.0119399 
0.010686 
0.00953237 
0.00845898 
0.00744848 
0.00648599 
0.00555915 
0.00465811 
0.00377563 
0.00290682 
0.00205098 
0.00120888 
0.000386374 
-0.000406236 
-0.00115693 
-0.00185075 
-0.0024715 
-0.00300103 
-0.00342157 
-0.00371601 
-0.00387143 
-0.00387143 
-0.0481468 
-0.0481468 
-0.0558862 
-0.0615239 
-0.0646882 
-0.0659157 
-0.0657497 
-0.0645917 
-0.062671 
-0.0600695 
-0.056777 
-0.0527488 
-0.047941 
-0.0423294 
-0.0359147 
-0.0287415 
-0.0209374 
-0.0127223 
-0.00437678 
0.00382212 
0.011596 
0.0187343 
0.0251087 
0.0306406 
0.0352813 
0.039012 
0.0418529 
0.0438707 
0.0451664 
0.0458194 
0.0458116 
0.0450124 
0.0432959 
0.0407095 
0.0375195 
0.0340905 
0.0307268 
0.0276022 
0.024779 
0.0222576 
0.0200126 
0.0180108 
0.0162191 
0.0146062 
0.0131434 
0.0118048 
0.0105669 
0.00940862 
0.00831156 
0.00725964 
0.00623945 
0.00523985 
0.00425288 
0.00327283 
0.00229669 
0.00132643 
0.00036953 
-0.000561747 
-0.00145171 
-0.00228257 
-0.003033 
-0.00367905 
-0.00419667 
-0.00456232 
-0.00475756 
-0.00475756 
-0.0529338 
-0.0529338 
-0.0606986 
-0.0657858 
-0.0682913 
-0.0689864 
-0.0684475 
-0.0670707 
-0.0650436 
-0.062394 
-0.059063 
-0.0549705 
-0.0500502 
-0.0442612 
-0.0375827 
-0.0300295 
-0.021723 
-0.0129121 
-0.003928 
0.00487181 
0.0131448 
0.0206878 
0.0273993 
0.0332191 
0.0381086 
0.0420524 
0.0450692 
0.0472169 
0.0485712 
0.0491668 
0.0489447 
0.0477846 
0.0456445 
0.0426834 
0.039234 
0.0356569 
0.0322147 
0.0290411 
0.026176 
0.0236107 
0.0213179 
0.0192647 
0.0174189 
0.0157496 
0.0142283 
0.012829 
0.0115275 
0.0103021 
0.00913345 
0.00800432 
0.00689978 
0.00580764 
0.00471757 
0.00362164 
0.00251797 
0.00141135 
0.000311264 
-0.000770401 
-0.00181661 
-0.00280496 
-0.003708 
-0.00449423 
-0.00513104 
-0.00558585 
-0.00583213 
-0.00583213 
-0.0564538 
-0.0564538 
-0.0641554 
-0.0686862 
-0.0706028 
-0.0708475 
-0.0700005 
-0.0684507 
-0.0663465 
-0.0636699 
-0.0603232 
-0.0561999 
-0.0512174 
-0.0453255 
-0.0384895 
-0.0306904 
-0.0220296 
-0.0127668 
-0.00327779 
0.00595459 
0.0145337 
0.0223137 
0.0292306 
0.0352361 
0.0402932 
0.0443856 
0.0475271 
0.0497597 
0.0511216 
0.0515963 
0.0510989 
0.0495565 
0.0470389 
0.0438073 
0.0402257 
0.0366202 
0.0331997 
0.0300586 
0.0272184 
0.0246655 
0.0223728 
0.0203099 
0.0184461 
0.0167522 
0.0152005 
0.0137652 
0.0124222 
0.0111491 
0.00992597 
0.00873423 
0.00755771 
0.00638154 
0.00519235 
0.00398325 
0.00275383 
0.00150663 
0.000249516 
-0.0010031 
-0.00223085 
-0.00340625 
-0.00449448 
-0.00545442 
-0.00624199 
-0.00681196 
-0.00712578 
-0.00712578 
-0.0586737 
-0.0586737 
-0.0662356 
-0.0702581 
-0.071692 
-0.0715735 
-0.0704755 
-0.0687812 
-0.0666086 
-0.0639059 
-0.0605492 
-0.0564119 
-0.0513995 
-0.0454542 
-0.0385432 
-0.0306332 
-0.0217914 
-0.0122695 
-0.0025307 
0.00684251 
0.0155299 
0.0234296 
0.0304709 
0.0365965 
0.0417651 
0.0459569 
0.0491766 
0.0514399 
0.0527389 
0.0530127 
0.0521891 
0.0502849 
0.047488 
0.0441269 
0.0405529 
0.0370347 
0.0337258 
0.0306882 
0.0279314 
0.0254408 
0.0231918 
0.0211574 
0.0193096 
0.0176214 
0.0160664 
0.0146196 
0.0132569 
0.011956 
0.0106957 
0.00945643 
0.00821902 
0.00696465 
0.00568103 
0.00436129 
0.00300158 
0.0016033 
0.000174762 
-0.00126862 
-0.00270556 
-0.00410289 
-0.0054169 
-0.00659406 
-0.00757483 
-0.00829607 
-0.00870109 
-0.00870109 
-0.0596213 
-0.0596213 
-0.0669879 
-0.0705896 
-0.07166 
-0.0712593 
-0.0699575 
-0.0681323 
-0.0658852 
-0.0631457 
-0.0597758 
-0.0556355 
-0.0506197 
-0.0446621 
-0.0377366 
-0.0298392 
-0.0210197 
-0.0115072 
-0.00184327 
0.0074431 
0.0161187 
0.0240485 
0.0311368 
0.0373144 
0.0425331 
0.0467652 
0.0499967 
0.0522069 
0.053345 
0.0533416 
0.052185 
0.0500027 
0.0470731 
0.0437403 
0.0403061 
0.0369736 
0.033849 
0.0309722 
0.0283473 
0.0259614 
0.0237942 
0.0218226 
0.0200221 
0.0183682 
0.0168362 
0.0154021 
0.0140425 
0.0127346 
0.0114564 
0.010186 
0.00889998 
0.00758037 
0.00621364 
0.00478842 
0.00329796 
0.00174107 
0.000124164 
-0.0015368 
-0.00321925 
-0.00488447 
-0.00647847 
-0.00793227 
-0.00916553 
-0.0100898 
-0.010621 
-0.010621 
-0.0593679 
-0.0593679 
-0.0664908 
-0.0697785 
-0.0706026 
-0.069996 
-0.0685348 
-0.0665881 
-0.0642552 
-0.061465 
-0.0580764 
-0.0539442 
-0.0489559 
-0.0430407 
-0.0361778 
-0.0284091 
-0.0198479 
-0.0107232 
-0.00140003 
0.00770593 
0.0162776 
0.0241514 
0.0312114 
0.0373748 
0.0425809 
0.0467846 
0.049944 
0.0520047 
0.0528999 
0.0525872 
0.0511533 
0.0488331 
0.04594 
0.042782 
0.0395934 
0.0365189 
0.0336311 
0.0309578 
0.0285023 
0.0262556 
0.0242022 
0.0223234 
0.0205983 
0.0190051 
0.0175212 
0.0161235 
0.0147896 
0.0134963 
0.0122201 
0.010935 
0.00961769 
0.00824821 
0.00680837 
0.00528273 
0.00366016 
0.00193619 
0.000113999 
-0.00179172 
-0.00376067 
-0.00574933 
-0.00769227 
-0.00950125 
-0.0110681 
-0.0122687 
-0.0129772 
-0.0129772 
-0.0579905 
-0.0579905 
-0.0649003 
-0.0679945 
-0.0686762 
-0.0679329 
-0.0663453 
-0.0642836 
-0.0618618 
-0.0590203 
-0.0556242 
-0.0515311 
-0.0466289 
-0.040849 
-0.0341776 
-0.0266663 
-0.0184393 
-0.00971957 
-0.000828807 
0.00790149 
0.0162033 
0.0238799 
0.0307903 
0.0368296 
0.0419152 
0.0459766 
0.0489454 
0.0507542 
0.0513604 
0.0508022 
0.0492531 
0.0469785 
0.044274 
0.0413989 
0.0385244 
0.0357518 
0.0331336 
0.0306924 
0.0284337 
0.0263529 
0.0244395 
0.022679 
0.0210543 
0.019546 
0.0181336 
0.016796 
0.0155108 
0.0142549 
0.0130016 
0.0117237 
0.0103964 
0.00899557 
0.00749809 
0.00588297 
0.0041329 
0.00223735 
0.000193162 
-0.0019888 
-0.00429354 
-0.00667524 
-0.00905646 
-0.0113256 
-0.0133376 
-0.0149183 
-0.0158795 
-0.0158795 
-0.0555912 
-0.0555912 
-0.0623732 
-0.0653797 
-0.0660078 
-0.0651953 
-0.0635199 
-0.061359 
-0.0588512 
-0.0559602 
-0.0525668 
-0.0485382 
-0.0437684 
-0.0381947 
-0.0318091 
-0.0246675 
-0.0168923 
-0.00868144 
-0.000298011 
0.00797743 
0.0158985 
0.0232595 
0.0299015 
0.0356979 
0.0405434 
0.0443476 
0.0470341 
0.0485538 
0.0489181 
0.0482382 
0.0467284 
0.0446495 
0.042251 
0.039724 
0.037197 
0.0347459 
0.0324135 
0.0302213 
0.0281776 
0.0262825 
0.0245297 
0.0229088 
0.0214058 
0.0200043 
0.0186859 
0.0174311 
0.0162189 
0.0150239 
0.0138173 
0.0125714 
0.011258 
0.00984843 
0.0083132 
0.00662418 
0.00475563 
0.00268791 
0.00040832 
-0.0020808 
-0.00477652 
-0.00763544 
-0.0105683 
-0.0134349 
-0.0160416 
-0.0181459 
-0.0194679 
-0.0194679 
-0.0523072 
-0.0523072 
-0.0590462 
-0.0620663 
-0.062732 
-0.0619261 
-0.0602144 
-0.0579836 
-0.0554043 
-0.0524738 
-0.0490971 
-0.0451568 
-0.0405571 
-0.0352418 
-0.0292056 
-0.0225009 
-0.0152402 
-0.00759809 
0.000202286 
0.00792736 
0.0153593 
0.0222871 
0.0285397 
0.0339743 
0.0384725 
0.04194 
0.0443148 
0.045586 
0.045818 
0.0451615 
0.0438303 
0.0420483 
0.0400104 
0.0378586 
0.0356882 
0.0335626 
0.0315205 
0.0295847 
0.0277671 
0.0260712 
0.0244948 
0.0230306 
0.0216681 
0.0203928 
0.0191897 
0.0180419 
0.0169267 
0.0158167 
0.0146835 
0.0134978 
0.0122275 
0.0108382 
0.00929326 
0.00755514 
0.00558666 
0.00335429 
0.000830732 
-0.00199796 
-0.00514873 
-0.00858888 
-0.0122174 
-0.0158579 
-0.0192527 
-0.0220685 
-0.0238976 
-0.0238976 
-0.0482698 
-0.0482698 
-0.0550486 
-0.0581778 
-0.0589746 
-0.0582615 
-0.0565814 
-0.0543275 
-0.0517056 
-0.0487543 
-0.0454113 
-0.0415797 
-0.0371764 
-0.0321534 
-0.026508 
-0.0202881 
-0.0135932 
-0.00657082 
0.000594512 
0.00770612 
0.0145662 
0.0209663 
0.0267329 
0.0317194 
0.035809 
0.0389204 
0.0410188 
0.0421299 
0.0423488 
0.0418313 
0.0407634 
0.0393233 
0.0376581 
0.0358764 
0.0340557 
0.0322497 
0.0304952 
0.0288178 
0.0272316 
0.0257434 
0.0243545 
0.0230605 
0.0218537 
0.0207233 
0.0196577 
0.0186389 
0.0176432 
0.0166445 
0.0156142 
0.0145207 
0.0133279 
0.0119952 
0.0104773 
0.00872487 
0.00668527 
0.00430517 
0.00153488 
-0.00166737 
-0.00534956 
-0.00950167 
-0.0140071 
-0.0186383 
-0.0230505 
-0.0267943 
-0.0293002 
-0.0293002 
-0.0436012 
-0.0436012 
-0.0504948 
-0.0538226 
-0.0548458 
-0.0543221 
-0.0527597 
-0.0505501 
-0.047932 
-0.0449907 
-0.0417039 
-0.0380011 
-0.0338142 
-0.0291029 
-0.023867 
-0.01815 
-0.0120392 
-0.00565855 
0.000840996 
0.00729574 
0.013528 
0.0193406 
0.0245673 
0.0290701 
0.0327461 
0.0355348 
0.037427 
0.0384701 
0.0387652 
0.0384507 
0.0376759 
0.0365778 
0.0352689 
0.033836 
0.0323449 
0.0308444 
0.0293706 
0.0279484 
0.0265945 
0.0253188 
0.0241253 
0.0230123 
0.0219756 
0.0210079 
0.0200978 
0.0192274 
0.0183751 
0.0175156 
0.0166203 
0.0156554 
0.0145809 
0.0133497 
0.0119066 
0.0101873 
0.00811815 
0.0056173 
0.002599 
-0.00102234 
-0.00533958 
-0.010376 
-0.0159815 
-0.021844 
-0.0275004 
-0.0323658 
-0.0356955 
-0.0356955 
-0.0384082 
-0.0384082 
-0.0454829 
-0.049091 
-0.0504346 
-0.0502036 
-0.0488611 
-0.0467842 
-0.0442358 
-0.0413485 
-0.0381468 
-0.0345934 
-0.0306379 
-0.0262488 
-0.0214273 
-0.0162127 
-0.01068 
-0.00493305 
0.000905103 
0.00669729 
0.012287 
0.0174972 
0.0221783 
0.0262096 
0.0295072 
0.0320304 
0.0337859 
0.0348266 
0.0352434 
0.0351485 
0.0346576 
0.0338759 
0.0328922 
0.0317785 
0.0305924 
0.0293789 
0.0281725 
0.0269985 
0.0258753 
0.0248142 
0.0238213 
0.022898 
0.022043 
0.0212511 
0.020512 
0.0198097 
0.0191248 
0.0184335 
0.0177074 
0.0169114 
0.0160021 
0.0149259 
0.0136159 
0.011989 
0.00994214 
0.00735081 
0.00407223 
-4.43545e-05 
-0.0051508 
-0.011294 
-0.0182424 
-0.0255462 
-0.0325992 
-0.0386878 
-0.0429131 
-0.0429131 
-0.0327809 
-0.0327809 
-0.040094 
-0.0440548 
-0.0458064 
-0.0459723 
-0.0449621 
-0.0431245 
-0.0407317 
-0.0379573 
-0.0348763 
-0.0314917 
-0.0277771 
-0.0237103 
-0.0192941 
-0.0145627 
-0.00958015 
-0.00443324 
0.000776468 
0.00593403 
0.0109057 
0.01554 
0.0197088 
0.0233119 
0.0262835 
0.028597 
0.0302649 
0.0313352 
0.0318819 
0.0319923 
0.0317552 
0.0312531 
0.030558 
0.0297313 
0.0288238 
0.0278767 
0.026923 
0.0259877 
0.0250897 
0.0242417 
0.0234519 
0.0227237 
0.0220588 
0.0214535 
0.0208997 
0.0203839 
0.0198897 
0.0193955 
0.018874 
0.0182899 
0.0175977 
0.0167372 
0.0156277 
0.0141605 
0.0121898 
0.00952679 
0.00594381 
0.0012004 
-0.0049144 
-0.0124068 
-0.0208921 
-0.0297398 
-0.0382119 
-0.045507 
-0.0506176 
-0.0506176 
-0.0267939 
-0.0267939 
-0.0343945 
-0.0387684 
-0.0410045 
-0.0416638 
-0.0411 
-0.0396205 
-0.0374881 
-0.0349026 
-0.0319862 
-0.0287894 
-0.0253174 
-0.0215628 
-0.0175305 
-0.0132492 
-0.00877265 
-0.00417343 
0.000463097 
0.0050403 
0.00944787 
0.0135604 
0.0172724 
0.0205027 
0.0232002 
0.0253462 
0.0269529 
0.0280591 
0.0287221 
0.0290089 
0.0289885 
0.028727 
0.028284 
0.0277123 
0.0270567 
0.0263549 
0.0256378 
0.0249296 
0.0242495 
0.0236108 
0.0230234 
0.0224928 
0.0220231 
0.0216124 
0.0212557 
0.0209429 
0.0206608 
0.020391 
0.0201088 
0.0197804 
0.0193591 
0.0187779 
0.0179383 
0.0166954 
0.0148411 
0.0120931 
0.00810864 
0.0025461 
-0.00481263 
-0.0138369 
-0.0239299 
-0.0342865 
-0.0440833 
-0.0524851 
-0.0584227 
-0.0584227 
-0.0205088 
-0.0205088 
-0.0284388 
-0.033274 
-0.0360552 
-0.037289 
-0.0372759 
-0.0362753 
-0.0345221 
-0.0322207 
-0.0295277 
-0.0265412 
-0.0233078 
-0.0198444 
-0.0161631 
-0.0122886 
-0.00826474 
-0.00415163 
-2.1361e-05 
0.00404513 
0.00795818 
0.0116165 
0.0149347 
0.0178475 
0.0203146 
0.0223214 
0.0238773 
0.0250119 
0.0257688 
0.0261998 
0.0263598 
0.0263022 
0.0260773 
0.0257304 
0.0253013 
0.0248237 
0.0243267 
0.0238328 
0.0233614 
0.0229258 
0.0225376 
0.0222041 
0.0219318 
0.0217212 
0.0215706 
0.0214738 
0.0214217 
0.0214001 
0.0213885 
0.0213564 
0.0212566 
0.0210136 
0.0205044 
0.0195333 
0.0178049 
0.0149142 
0.0103863 
0.00380713 
-0.0049632 
-0.0155763 
-0.0272198 
-0.0389558 
-0.0499195 
-0.0592882 
-0.0659745 
-0.0659745 
-0.0139779 
-0.0139779 
-0.0222736 
-0.0276065 
-0.0309764 
-0.0328442 
-0.0334651 
-0.0330521 
-0.0318004 
-0.0298959 
-0.0275069 
-0.0247684 
-0.0217722 
-0.0185715 
-0.0151968 
-0.0116749 
-0.00804187 
-0.00434723 
-0.00065147 
0.00297755 
0.00646817 
0.00974028 
0.0127246 
0.0153688 
0.01764 
0.019526 
0.0210331 
0.0221836 
0.0230111 
0.0235565 
0.0238639 
0.0239776 
0.0239401 
0.0237904 
0.0235636 
0.0232899 
0.0229959 
0.0227025 
0.0224288 
0.0221878 
0.0219931 
0.0218535 
0.021778 
0.0217695 
0.0218302 
0.0219579 
0.0221484 
0.0223927 
0.0226762 
0.0229725 
0.0232341 
0.0233732 
0.0232334 
0.0225515 
0.0209228 
0.0178028 
0.012596 
0.00487366 
-0.00535301 
-0.0174931 
-0.0305579 
-0.0435058 
-0.0554505 
-0.0656256 
-0.0729716 
-0.0729716 
-0.00724906 
-0.00724906 
-0.0159425 
-0.0218001 
-0.025786 
-0.0283238 
-0.029633 
-0.0298897 
-0.0292481 
-0.0278604 
-0.0258806 
-0.0234566 
-0.020716 
-0.0177555 
-0.0146392 
-0.0114096 
-0.00810249 
-0.00475813 
-0.00142529 
0.00183976 
0.00497889 
0.00792956 
0.0106352 
0.0130533 
0.015157 
0.0169356 
0.0183936 
0.019548 
0.0204255 
0.0210594 
0.0214861 
0.0217428 
0.0218656 
0.0218883 
0.0218417 
0.0217524 
0.0216448 
0.0215375 
0.0214496 
0.0213936 
0.0213852 
0.021434 
0.0215518 
0.0217438 
0.0220162 
0.0223709 
0.0228094 
0.0233288 
0.0239207 
0.0245635 
0.0252074 
0.0257481 
0.0259863 
0.0255793 
0.0240036 
0.0205798 
0.0146248 
0.00574622 
-0.00586645 
-0.0194062 
-0.0337435 
-0.047725 
-0.0604474 
-0.0712528 
-0.0791604 
-0.0791604 
-0.000366306 
-0.000366306 
-0.00948538 
-0.0158909 
-0.0205092 
-0.023734 
-0.025756 
-0.0267268 
-0.0267701 
-0.0260033 
-0.0245488 
-0.0225391 
-0.0201115 
-0.0173951 
-0.0144962 
-0.0114918 
-0.0084342 
-0.00536367 
-0.00232052 
0.000649869 
0.0035015 
0.00618744 
0.00866164 
0.0108893 
0.0128483 
0.0145299 
0.0159375 
0.0170853 
0.0179955 
0.0186959 
0.0192175 
0.0195922 
0.0198512 
0.0200235 
0.0201363 
0.0202123 
0.0202743 
0.020338 
0.0204229 
0.0205406 
0.0207089 
0.020938 
0.021242 
0.0216284 
0.0221072 
0.0226847 
0.0233678 
0.0241599 
0.025059 
0.0260469 
0.0270691 
0.0280007 
0.0285945 
0.0284272 
0.0268633 
0.0231123 
0.016437 
0.00649816 
-0.00635652 
-0.0211473 
-0.0366045 
-0.0514307 
-0.0647132 
-0.0759632 
-0.0843273 
-0.0843273 
0.00662085 
0.00662085 
-0.00293515 
-0.00991356 
-0.0151792 
-0.0190994 
-0.0218377 
-0.0235305 
-0.0242861 
-0.0242005 
-0.0233662 
-0.0218842 
-0.0198713 
-0.0174589 
-0.0147807 
-0.0119561 
-0.00907606 
-0.00620167 
-0.0033742 
-0.000628648 
0.00199951 
0.00447539 
0.00676335 
0.00883428 
0.0106705 
0.0122655 
0.013623 
0.0147561 
0.0156846 
0.0164331 
0.0170291 
0.0175004 
0.0178746 
0.0181767 
0.0184309 
0.0186559 
0.0188729 
0.0190941 
0.0193401 
0.0196204 
0.0199553 
0.0203543 
0.0208346 
0.021405 
0.0220796 
0.0228681 
0.0237828 
0.0248325 
0.0260205 
0.02733 
0.0286993 
0.0299805 
0.0308812 
0.0309088 
0.0293393 
0.0253037 
0.018031 
0.00721415 
-0.00669783 
-0.0225834 
-0.0389888 
-0.0544467 
-0.0680662 
-0.0795774 
-0.0882901 
-0.0882901 
0.0136632 
0.0136632 
0.00368078 
-0.00389596 
-0.00983282 
-0.014461 
-0.0179154 
-0.0203171 
-0.0217696 
-0.0223656 
-0.0221865 
-0.0213101 
-0.0198208 
-0.0178214 
-0.0154354 
-0.0127996 
-0.0100459 
-0.00728097 
-0.00457675 
-0.00197575 
0.000493639 
0.00280894 
0.00494898 
0.00689172 
0.00862339 
0.0101402 
0.0114477 
0.0125587 
0.0134926 
0.0142725 
0.0149239 
0.0154724 
0.0159424 
0.0163558 
0.0167335 
0.0170904 
0.0174468 
0.0178103 
0.0182035 
0.0186324 
0.0191206 
0.0196758 
0.0203183 
0.0210576 
0.0219111 
0.0228914 
0.0240149 
0.0252943 
0.0267359 
0.0283221 
0.029982 
0.0315467 
0.0326877 
0.0328654 
0.0313017 
0.0270845 
0.0194154 
0.00796619 
-0.00680218 
-0.0236131 
-0.0407406 
-0.0565806 
-0.0703295 
-0.0819408 
-0.090899 
-0.090899 
0.0207503 
0.0207503 
0.0103325 
0.00214078 
-0.00449818 
-0.00986348 
-0.0140489 
-0.0171518 
-0.0192687 
-0.0205001 
-0.0209386 
-0.0206644 
-0.0197483 
-0.0182623 
-0.0162933 
-0.0139521 
-0.0113724 
-0.00869493 
-0.00604296 
-0.00350155 
-0.0011144 
0.00110163 
0.00313936 
0.0049868 
0.00663513 
0.00808445 
0.00934291 
0.0104259 
0.011354 
0.0121509 
0.0128414 
0.01345 
0.0140001 
0.0145104 
0.0150001 
0.0154788 
0.0159664 
0.0164629 
0.0169944 
0.0175614 
0.0181912 
0.018889 
0.0196779 
0.0205677 
0.0215788 
0.0227255 
0.0240267 
0.0254972 
0.0271435 
0.0289451 
0.0308205 
0.0325838 
0.0338829 
0.0341579 
0.0326144 
0.0283341 
0.0204994 
0.00870677 
-0.00666912 
-0.0241627 
-0.0416846 
-0.0576281 
-0.0713407 
-0.0829321 
-0.0920436 
-0.0920436 
0.0278912 
0.0278912 
0.0170278 
0.00819032 
0.000808912 
-0.00533729 
-0.0102952 
-0.0141203 
-0.0168884 
-0.018703 
-0.0196775 
-0.0199197 
-0.0195198 
-0.0185489 
-0.0170686 
-0.0151466 
-0.0128725 
-0.0103652 
-0.00776518 
-0.0052101 
-0.00280491 
-0.000604402 
0.00138098 
0.00316475 
0.00474994 
0.00614168 
0.00735354 
0.00840366 
0.0093152 
0.0101146 
0.0108286 
0.0114825 
0.0120983 
0.0126918 
0.0132789 
0.0138631 
0.0144666 
0.0150787 
0.0157323 
0.0164193 
0.0171731 
0.0179935 
0.0189085 
0.0199271 
0.0210703 
0.0223528 
0.0237946 
0.0254101 
0.0272034 
0.0291482 
0.0311531 
0.0330209 
0.0343908 
0.0347077 
0.0331971 
0.0289738 
0.021239 
0.0094685 
-0.00626472 
-0.024102 
-0.0415757 
-0.0573721 
-0.0709524 
-0.0824601 
-0.0916455 
-0.0916455 
0.0351091 
0.0351091 
0.0237965 
0.0142832 
0.00610192 
-0.000889162 
-0.00668382 
-0.0112896 
-0.0147389 
-0.0171209 
-0.0185627 
-0.0192073 
-0.0191882 
-0.0186139 
-0.0175621 
-0.0160875 
-0.0142378 
-0.0120753 
-0.00969266 
-0.00721634 
-0.00478778 
-0.00252854 
-0.00050764 
0.00126717 
0.0028208 
0.00417118 
0.00533787 
0.00634818 
0.00723246 
0.0080214 
0.00874431 
0.00942807 
0.0100966 
0.010765 
0.011448 
0.0121414 
0.0128679 
0.0135975 
0.0143726 
0.0151744 
0.0160424 
0.0169738 
0.0179985 
0.0191233 
0.0203704 
0.0217558 
0.0232983 
0.0250107 
0.0268924 
0.02891 
0.0309619 
0.0328413 
0.0341857 
0.0344546 
0.0329157 
0.028738 
0.0211918 
0.0097349 
-0.00571821 
-0.0231776 
-0.0402171 
-0.0557069 
-0.0691071 
-0.0805004 
-0.0897032 
-0.0897032 
0.0424313 
0.0424313 
0.0306747 
0.0204661 
0.011431 
0.00350969 
-0.0032068 
-0.00867938 
-0.0128836 
-0.0158716 
-0.0177669 
-0.0187384 
-0.0189655 
-0.0186117 
-0.0178059 
-0.0166371 
-0.0151573 
-0.0133962 
-0.0113836 
-0.00917461 
-0.00686433 
-0.00458304 
-0.00246631 
-0.000610554 
0.000961487 
0.00229372 
0.00343218 
0.00440918 
0.00525953 
0.0060251 
0.00674438 
0.00745138 
0.00817124 
0.00891253 
0.00968186 
0.0104636 
0.0112923 
0.0121115 
0.0129854 
0.0138751 
0.0148355 
0.0158533 
0.0169586 
0.01816 
0.0194789 
0.0209311 
0.0225333 
0.0242946 
0.0262086 
0.0282337 
0.0302605 
0.0320771 
0.0333287 
0.0335006 
0.0319186 
0.027822 
0.0205563 
0.009626 
-0.00493248 
-0.021444 
-0.0377706 
-0.0527786 
-0.0659027 
-0.0771394 
-0.0863177 
-0.0863177 
0.0498804 
0.0498804 
0.0376935 
0.0267821 
0.0168514 
0.00791895 
0.00017422 
-0.00626678 
-0.0113247 
-0.0149975 
-0.0173872 
-0.0186774 
-0.0190845 
-0.0188211 
-0.0180724 
-0.0169846 
-0.0156609 
-0.0141601 
-0.0125041 
-0.0106974 
-0.00875455 
-0.00672504 
-0.00470219 
-0.00280703 
-0.00114895 
0.000223875 
0.00134153 
0.00227143 
0.00307796 
0.00381165 
0.00451401 
0.0052222 
0.00596921 
0.00677154 
0.00763848 
0.00854577 
0.00952674 
0.0104661 
0.0114558 
0.0124515 
0.0135027 
0.0145986 
0.0157678 
0.0170237 
0.018387 
0.019874 
0.0214984 
0.0232656 
0.0251628 
0.0271408 
0.0290848 
0.030783 
0.0318961 
0.0319444 
0.0303201 
0.0263475 
0.0194527 
0.00926274 
-0.00403997 
-0.0191787 
-0.0344683 
-0.0487887 
-0.0615162 
-0.0725336 
-0.0816399 
-0.0816399 
0.0574673 
0.0574673 
0.044872 
0.033262 
0.0224068 
0.0123925 
0.00351399 
-0.00400915 
-0.0100283 
-0.0144795 
-0.0174298 
-0.0190724 
-0.0196588 
-0.0194457 
-0.0186602 
-0.0174903 
-0.0160873 
-0.0145674 
-0.013006 
-0.0114331 
-0.009842 
-0.00821352 
-0.00654711 
-0.00488023 
-0.003288 
-0.00186141 
-0.000672219 
0.000274499 
0.00104378 
0.00172572 
0.00239587 
0.0031217 
0.00394616 
0.00486438 
0.00584238 
0.00683357 
0.0079176 
0.00891391 
0.00998435 
0.0110401 
0.0121381 
0.0132723 
0.0144677 
0.0157418 
0.0171135 
0.018599 
0.0202086 
0.0219428 
0.0237826 
0.0256726 
0.0274959 
0.0290466 
0.0300078 
0.0299436 
0.0283181 
0.0245518 
0.0181592 
0.00888345 
-0.00302251 
-0.0166027 
-0.0306079 
-0.0440308 
-0.0562088 
-0.066912 
-0.0758832 
-0.0758832 
0.0651845 
0.0651845 
0.0522101 
0.0399186 
0.0281251 
0.016971 
0.00686063 
-0.00186435 
-0.00895603 
-0.0142792 
-0.0178569 
-0.0198884 
-0.0206694 
-0.0205113 
-0.0196863 
-0.0184083 
-0.0168442 
-0.0151324 
-0.0133936 
-0.0117256 
-0.0101883 
-0.00879235 
-0.00751078 
-0.006309 
-0.00517162 
-0.00410638 
-0.00313408 
-0.00227243 
-0.00152021 
-0.00084405 
-0.000184741 
0.000517983 
0.00132456 
0.00226961 
0.00334956 
0.00455138 
0.00593091 
0.00709743 
0.00827953 
0.0094572 
0.0106253 
0.0118042 
0.0130169 
0.0142909 
0.0156478 
0.0171052 
0.0186718 
0.0203445 
0.0220996 
0.0238779 
0.0255642 
0.0269647 
0.0277908 
0.0276564 
0.0261 
0.0226375 
0.0168727 
0.00863188 
-0.001836 
-0.0138231 
-0.0264162 
-0.0387716 
-0.0502427 
-0.0605176 
-0.0692781 
-0.0692781 
0.0730009 
0.0730009 
0.0596832 
0.0467402 
0.0340119 
0.0216772 
0.010249 
0.000204938 
-0.00807103 
-0.014359 
-0.0186267 
-0.0210733 
-0.022048 
-0.0219359 
-0.0210744 
-0.0197162 
-0.0180391 
-0.0161722 
-0.0142233 
-0.0122967 
-0.0104982 
-0.0089219 
-0.00762301 
-0.00659893 
-0.00580368 
-0.00518214 
-0.00469119 
-0.00428648 
-0.00390889 
-0.0034831 
-0.00291841 
-0.00213446 
-0.00106826 
0.000263619 
0.00163543 
0.00294933 
0.0044359 
0.00560582 
0.00682233 
0.00801445 
0.00917802 
0.0103356 
0.0115105 
0.0127354 
0.0140349 
0.0154274 
0.01692 
0.0185062 
0.0201582 
0.0218152 
0.0233671 
0.0246361 
0.0253663 
0.0252236 
0.0238187 
0.0207543 
0.0157128 
0.00856826 
-0.00047631 
-0.0108985 
-0.0220359 
-0.0332122 
-0.0438413 
-0.0535737 
-0.0620435 
-0.0620435 
0.0808558 
0.0808558 
0.0672362 
0.0536848 
0.0400457 
0.0265124 
0.0137008 
0.00223402 
-0.00733684 
-0.0146806 
-0.0196965 
-0.0225773 
-0.0237313 
-0.0236325 
-0.022704 
-0.0212573 
-0.0194979 
-0.0175589 
-0.0155332 
-0.0134956 
-0.0115188 
-0.00968519 
-0.00809144 
-0.00683111 
-0.00595553 
-0.00543775 
-0.00518991 
-0.00510983 
-0.00511463 
-0.0051337 
-0.00508529 
-0.00489874 
-0.00446897 
-0.00362838 
-0.00232855 
-0.00044991 
0.00190947 
0.00352213 
0.00484246 
0.00624575 
0.007533 
0.00872224 
0.00986855 
0.0110319 
0.0122537 
0.0135597 
0.0149593 
0.0164454 
0.0179889 
0.0195305 
0.0209678 
0.0221423 
0.022832 
0.0227537 
0.0215839 
0.0189992 
0.0147445 
0.00871514 
0.00105545 
-0.00785448 
-0.0175421 
-0.0274812 
-0.0371703 
-0.0462621 
-0.0543656 
-0.0543656 
0.0886557 
0.0886557 
0.0747794 
0.0606755 
0.0461733 
0.031454 
0.0172209 
0.00424664 
-0.00671851 
-0.015199 
-0.0210132 
-0.0243417 
-0.025655 
-0.0255286 
-0.0244864 
-0.0229117 
-0.0210473 
-0.0190398 
-0.0169826 
-0.0149432 
-0.0129776 
-0.0111359 
-0.00946635 
-0.00801885 
-0.00685304 
-0.00602977 
-0.00558 
-0.0054515 
-0.0055291 
-0.00568015 
-0.00579069 
-0.00583681 
-0.00573613 
-0.0052839 
-0.00448279 
-0.00280942 
-7.25891e-05 
0.00180892 
0.00338451 
0.00482562 
0.00607725 
0.0071995 
0.00824834 
0.00929311 
0.0103874 
0.0115657 
0.0128423 
0.0142116 
0.0156445 
0.0170843 
0.0184372 
0.0195644 
0.0202763 
0.0203364 
0.0194784 
0.0174384 
0.0140069 
0.00908594 
0.00276281 
-0.00470253 
-0.012973 
-0.0216554 
-0.0303428 
-0.0387173 
-0.0463885 
-0.0463885 
0.0962727 
0.0962727 
0.0821861 
0.0675957 
0.0523025 
0.0364456 
0.0207928 
0.0062568 
-0.00618093 
-0.015859 
-0.0225053 
-0.0262874 
-0.0277377 
-0.0275435 
-0.0263417 
-0.0245972 
-0.0225944 
-0.0204932 
-0.0183862 
-0.0163335 
-0.0143823 
-0.012575 
-0.0109521 
-0.00954706 
-0.00838005 
-0.00744994 
-0.00674475 
-0.00625982 
-0.0060115 
-0.00599663 
-0.0060369 
-0.00618 
-0.00632746 
-0.00614366 
-0.00560317 
-0.00474038 
-0.00370454 
-0.00254614 
-0.000634995 
0.00173954 
0.00373813 
0.00518436 
0.00632758 
0.00734551 
0.00835314 
0.00941645 
0.0105693 
0.0118187 
0.0131458 
0.0145027 
0.0158081 
0.0169422 
0.0177445 
0.0180181 
0.0175431 
0.0161013 
0.0135146 
0.00968521 
0.00464424 
-0.00144467 
-0.00834321 
-0.0157752 
-0.0234277 
-0.0310289 
-0.0382118 
-0.0382118 
0.103546 
0.103546 
0.0892937 
0.0742879 
0.0582963 
0.0413886 
0.0243708 
0.00826749 
-0.00568603 
-0.016592 
-0.0240797 
-0.02831 
-0.0298742 
-0.0295782 
-0.0281804 
-0.0262337 
-0.0240665 
-0.021852 
-0.0196804 
-0.017603 
-0.0156554 
-0.013866 
-0.0122608 
-0.010862 
-0.00968739 
-0.00874678 
-0.0080284 
-0.00750381 
-0.00710009 
-0.00684594 
-0.00660549 
-0.00650026 
-0.00656156 
-0.00648898 
-0.00617223 
-0.00557134 
-0.00461007 
-0.00373062 
-0.00216268 
-0.000164042 
0.00159992 
0.00303026 
0.00419193 
0.00519514 
0.00614528 
0.00711918 
0.00816918 
0.00931893 
0.0105633 
0.0118677 
0.0131665 
0.01436 
0.0153146 
0.0158666 
0.0158327 
0.0150286 
0.0132963 
0.0105332 
0.00672315 
0.0019445 
-0.0036409 
-0.00984898 
-0.0164555 
-0.0232437 
-0.0298918 
-0.0298918 
0.110288 
0.110288 
0.0959093 
0.080558 
0.0639739 
0.0461361 
0.0278701 
0.010266 
-0.00518964 
-0.017313 
-0.0256206 
-0.0302797 
-0.0319359 
-0.0315149 
-0.0299002 
-0.0277345 
-0.0253906 
-0.0230533 
-0.0208089 
-0.0186991 
-0.0167479 
-0.0149731 
-0.0133896 
-0.0120095 
-0.0108376 
-0.00987373 
-0.0090981 
-0.00850313 
-0.00804305 
-0.00773823 
-0.00747105 
-0.00728462 
-0.00717888 
-0.00704998 
-0.00679907 
-0.00639816 
-0.00582799 
-0.00510089 
-0.00411044 
-0.00300529 
-0.001828 
-0.000594877 
0.000654743 
0.00187178 
0.00302658 
0.00414681 
0.00528056 
0.00646933 
0.00773598 
0.00907512 
0.0104483 
0.0117825 
0.0129712 
0.0138791 
0.0143511 
0.014227 
0.0133608 
0.0116422 
0.00901757 
0.00550005 
0.00116385 
-0.00386078 
-0.00942314 
-0.0153702 
-0.0214457 
-0.0214457 
0.116296 
0.116296 
0.101822 
0.0861869 
0.0691202 
0.0504938 
0.0311534 
0.0122042 
-0.00465305 
-0.017924 
-0.0269926 
-0.0320456 
-0.0337751 
-0.0332216 
-0.03139 
-0.0290093 
-0.0264946 
-0.0240403 
-0.0217276 
-0.0195879 
-0.0176335 
-0.0158712 
-0.0143053 
-0.0129403 
-0.0117741 
-0.0108068 
-0.0100172 
-0.0093992 
-0.00889924 
-0.00853101 
-0.00822341 
-0.00800157 
-0.00784934 
-0.00770136 
-0.00748073 
-0.00719191 
-0.00673134 
-0.00622587 
-0.00547952 
-0.00457115 
-0.00363923 
-0.0027284 
-0.00183649 
-0.000939909 
-3.77652e-06 
0.000999634 
0.0021058 
0.00333483 
0.00468949 
0.00615746 
0.00770687 
0.00927988 
0.0107919 
0.0121321 
0.013169 
0.0137601 
0.0137665 
0.013069 
0.0115841 
0.00927471 
0.00615124 
0.00226481 
-0.0022758 
-0.00737506 
-0.0128565 
-0.0128565 
0.121366 
0.121366 
0.10682 
0.0909508 
0.0735085 
0.0542423 
0.0340411 
0.0140082 
-0.00401434 
-0.0182973 
-0.02804 
-0.03344 
-0.0352327 
-0.0345596 
-0.0325361 
-0.0299686 
-0.0273092 
-0.0247603 
-0.0223967 
-0.02024 
-0.0182918 
-0.0165496 
-0.0150088 
-0.0136674 
-0.0125166 
-0.0115534 
-0.0107555 
-0.0101204 
-0.00960845 
-0.00922787 
-0.00892366 
-0.00870343 
-0.008541 
-0.00841067 
-0.00826015 
-0.00808101 
-0.00782689 
-0.00751785 
-0.00709791 
-0.00661035 
-0.0060682 
-0.00548698 
-0.00486913 
-0.0042124 
-0.00349284 
-0.00266705 
-0.00169001 
-0.000519146 
0.000879449 
0.00250769 
0.00433507 
0.00630118 
0.00831809 
0.0102733 
0.0120363 
0.0134669 
0.0144248 
0.0147807 
0.0144289 
0.0132963 
0.0113473 
0.00858542 
0.00505211 
0.000791956 
-0.0040906 
-0.0040906 
0.125306 
0.125306 
0.110711 
0.0946428 
0.0769246 
0.0571631 
0.0363275 
0.0155376 
-0.00328029 
-0.0183288 
-0.0286239 
-0.0343118 
-0.0361638 
-0.0354026 
-0.0332358 
-0.0305324 
-0.0277744 
-0.0251689 
-0.0227847 
-0.020634 
-0.0187092 
-0.0169998 
-0.0154942 
-0.0141855 
-0.0130611 
-0.0121167 
-0.0113305 
-0.0106999 
-0.0101899 
-0.00980473 
-0.00950555 
-0.00929605 
-0.00915009 
-0.00905312 
-0.00895918 
-0.00887354 
-0.0087375 
-0.00859246 
-0.00837163 
-0.00810543 
-0.00781474 
-0.00751281 
-0.00719301 
-0.00683382 
-0.00639712 
-0.00583444 
-0.00508818 
-0.0040976 
-0.00280686 
-0.00117956 
0.000788023 
0.00305711 
0.00555201 
0.00815896 
0.010733 
0.0131109 
0.015125 
0.0166164 
0.0174467 
0.0175075 
0.0167247 
0.0150598 
0.0125126 
0.00909021 
0.0048198 
0.0048198 
0.127966 
0.127966 
0.113351 
0.0971052 
0.0792087 
0.059087 
0.0378252 
0.0166467 
-0.00251506 
-0.018034 
-0.0287151 
-0.034595 
-0.036481 
-0.0356608 
-0.0334088 
-0.0306359 
-0.0278409 
-0.0252308 
-0.0228673 
-0.0207545 
-0.0188775 
-0.0172199 
-0.0157651 
-0.0145025 
-0.0134175 
-0.0125039 
-0.0117422 
-0.0111294 
-0.0106388 
-0.0102718 
-0.0099985 
-0.00981933 
-0.00971113 
-0.00966674 
-0.0096546 
-0.00967495 
-0.00969478 
-0.00972933 
-0.00974598 
-0.00975929 
-0.00976457 
-0.00976226 
-0.0097389 
-0.00967056 
-0.00951505 
-0.00921331 
-0.00869349 
-0.00787674 
-0.00668561 
-0.00505827 
-0.00296034 
-0.000398158 
0.0025689 
0.00583058 
0.00923824 
0.0126097 
0.0157433 
0.0184368 
0.0205055 
0.0217958 
0.0221918 
0.0216157 
0.0200289 
0.0173938 
0.0136991 
0.0136991 
0.129167 
0.129167 
0.114635 
0.0982228 
0.0801906 
0.0598867 
0.03849 
0.0173922 
-0.00168638 
-0.0172822 
-0.0281222 
-0.0341039 
-0.0360319 
-0.0352225 
-0.0329792 
-0.0302304 
-0.027479 
-0.024929 
-0.0226363 
-0.0205991 
-0.0187985 
-0.0172143 
-0.0158275 
-0.0146254 
-0.0135932 
-0.0127237 
-0.012 
-0.0114184 
-0.0109578 
-0.0106179 
-0.0103766 
-0.0102334 
-0.0101694 
-0.0101808 
-0.0102422 
-0.010359 
-0.0105017 
-0.010689 
-0.0108908 
-0.0111191 
-0.0113683 
-0.0116352 
-0.011902 
-0.0121372 
-0.0122903 
-0.0122914 
-0.012052 
-0.0114688 
-0.0104336 
-0.00884804 
-0.00664339 
-0.00379629 
-0.000348764 
0.00357478 
0.00780946 
0.0121592 
0.0163967 
0.0202813 
0.0235814 
0.0260939 
0.0276545 
0.0281422 
0.0274792 
0.0255896 
0.0224249 
0.0224249 
0.128863 
0.128863 
0.114513 
0.0979727 
0.079848 
0.059598 
0.038393 
0.0176578 
-0.00109019 
-0.0164429 
-0.0271307 
-0.0330077 
-0.0348865 
-0.034095 
-0.0319283 
-0.029294 
-0.0266733 
-0.024256 
-0.0220901 
-0.0201709 
-0.0184782 
-0.0169913 
-0.0156911 
-0.0145648 
-0.0135984 
-0.0127847 
-0.01211 
-0.0115707 
-0.0111511 
-0.0108501 
-0.0106514 
-0.0105542 
-0.0105443 
-0.0106204 
-0.0107656 
-0.0109854 
-0.0112618 
-0.0116067 
-0.0120007 
-0.01245 
-0.0129448 
-0.0134784 
-0.0140307 
-0.0145681 
-0.0150357 
-0.015354 
-0.0154172 
-0.0150961 
-0.0142469 
-0.0127301 
-0.0104353 
-0.00730766 
-0.00336677 
0.0012655 
0.00638916 
0.0117687 
0.017134 
0.0222 
0.0266953 
0.0303787 
0.0330463 
0.0345379 
0.0347378 
0.0335349 
0.0308501 
0.0308501 
0.127013 
0.127013 
0.112971 
0.0964015 
0.0782729 
0.0583062 
0.037576 
0.0174366 
-0.000721367 
-0.0155085 
-0.0257341 
-0.0312942 
-0.0330373 
-0.0322824 
-0.0302714 
-0.0278482 
-0.0254467 
-0.0232333 
-0.0212486 
-0.0194879 
-0.0179331 
-0.0165661 
-0.0153699 
-0.0143332 
-0.0134443 
-0.0126969 
-0.0120805 
-0.011592 
-0.0112199 
-0.0109632 
-0.0108103 
-0.0107609 
-0.0108054 
-0.0109446 
-0.0111668 
-0.0114809 
-0.0118733 
-0.0123562 
-0.0129144 
-0.0135542 
-0.0142673 
-0.0150478 
-0.0158758 
-0.0167171 
-0.0175129 
-0.0181745 
-0.0185778 
-0.0185639 
-0.0179478 
-0.0165413 
-0.0141852 
-0.0107839 
-0.00633648 
-0.000959315 
0.00510087 
0.011544 
0.018044 
0.0242604 
0.0298822 
0.0346417 
0.0383118 
0.0407057 
0.0416769 
0.0410836 
0.0388219 
0.0388219 
0.123593 
0.123593 
0.110005 
0.0935683 
0.0755755 
0.0560855 
0.0360532 
0.0167189 
-0.000590424 
-0.0144964 
-0.023962 
-0.0290098 
-0.0305477 
-0.0298583 
-0.0280816 
-0.0259578 
-0.0238528 
-0.0219042 
-0.0201468 
-0.0185787 
-0.0171874 
-0.0159593 
-0.0148819 
-0.0139464 
-0.0131444 
-0.0124715 
-0.0119205 
-0.0114891 
-0.01117 
-0.0109625 
-0.0108591 
-0.0108604 
-0.0109613 
-0.0111644 
-0.0114639 
-0.0118697 
-0.0123737 
-0.0129859 
-0.0136975 
-0.0145143 
-0.0154312 
-0.0164442 
-0.0175363 
-0.0186753 
-0.0198011 
-0.0208174 
-0.0215822 
-0.0219053 
-0.0215579 
-0.0202983 
-0.0179145 
-0.0142656 
-0.00932463 
-0.00318761 
0.00385797 
0.0114292 
0.0191039 
0.0264555 
0.0331276 
0.0388424 
0.0433744 
0.0465328 
0.0481548 
0.0480752 
0.0461715 
0.0461715 
0.11861 
0.11861 
0.105628 
0.0895382 
0.0718747 
0.0530299 
0.0338803 
0.0155688 
-0.000609972 
-0.0133289 
-0.0217851 
-0.0261882 
-0.0275043 
-0.0269355 
-0.0254721 
-0.0237208 
-0.0219704 
-0.0203304 
-0.0188326 
-0.0174814 
-0.0162716 
-0.0151962 
-0.0142479 
-0.0134219 
-0.0127135 
-0.0121206 
-0.0116391 
-0.0112686 
-0.0110045 
-0.0108472 
-0.0107926 
-0.0108428 
-0.0109961 
-0.011258 
-0.0116263 
-0.0121124 
-0.0127113 
-0.0134336 
-0.0142759 
-0.0152462 
-0.0163439 
-0.0175686 
-0.0189083 
-0.0203344 
-0.0217863 
-0.0231611 
-0.0242995 
-0.0249799 
-0.0249273 
-0.0238461 
-0.0214699 
-0.0176127 
-0.012213 
-0.00533391 
0.00271462 
0.0114531 
0.0203155 
0.0287569 
0.0363723 
0.0428909 
0.048115 
0.0518745 
0.0540066 
0.0543311 
0.0527142 
0.0527142 
0.112091 
0.112091 
0.0998701 
0.0843705 
0.0672744 
0.0492552 
0.0311779 
0.0141331 
-0.000620066 
-0.0118884 
-0.019175 
-0.0228968 
-0.0240402 
-0.0236699 
-0.0225879 
-0.0212569 
-0.019893 
-0.0185835 
-0.0173615 
-0.0162392 
-0.0152203 
-0.0143045 
-0.0134907 
-0.0127785 
-0.0121671 
-0.0116569 
-0.011247 
-0.0109386 
-0.01073 
-0.0106227 
-0.0106155 
-0.010712 
-0.0109143 
-0.0112301 
-0.0116607 
-0.0122165 
-0.0128966 
-0.0137118 
-0.0146645 
-0.015765 
-0.0170184 
-0.0184296 
-0.0199936 
-0.0216843 
-0.0234421 
-0.0251589 
-0.02666 
-0.027693 
-0.0279395 
-0.0270536 
-0.0247196 
-0.0207152 
-0.0149428 
-0.00743019 
0.00155537 
0.0115114 
0.0215851 
0.0310531 
0.0394749 
0.0466211 
0.0523529 
0.0565419 
0.0590381 
0.0596538 
0.0582513 
0.0582513 
0.104108 
0.104108 
0.0927913 
0.0781355 
0.0618802 
0.0449115 
0.0281387 
0.0126332 
-0.00041944 
-0.0100633 
-0.0161487 
-0.0192631 
-0.020339 
-0.0202482 
-0.0195894 
-0.018693 
-0.0177177 
-0.0167379 
-0.0157908 
-0.0148973 
-0.0140691 
-0.0133132 
-0.0126341 
-0.0120358 
-0.0115212 
-0.0110935 
-0.0107545 
-0.010507 
-0.0103519 
-0.0102916 
-0.0103276 
-0.0104652 
-0.0107101 
-0.0110721 
-0.0115525 
-0.0121618 
-0.0129038 
-0.0137907 
-0.0148296 
-0.0160342 
-0.0174151 
-0.0189826 
-0.0207356 
-0.0226537 
-0.0246811 
-0.0267071 
-0.028538 
-0.0298912 
-0.0304115 
-0.0297121 
-0.0274377 
-0.0233467 
-0.0173115 
-0.00935051 
0.000481746 
0.0116311 
0.0228377 
0.0331811 
0.0422143 
0.0497909 
0.0558491 
0.0603079 
0.063034 
0.0638357 
0.0625804 
0.0625804 
0.0948047 
0.0948047 
0.0845196 
0.070957 
0.0558414 
0.0402043 
0.0250165 
0.0113249 
0.000169276 
-0.00782057 
-0.0128213 
-0.0154918 
-0.0166241 
-0.0168662 
-0.0166309 
-0.0161465 
-0.0155343 
-0.0148629 
-0.0141749 
-0.0134986 
-0.0128527 
-0.0122504 
-0.0117012 
-0.0112129 
-0.0107919 
-0.0104437 
-0.0101726 
-0.009983 
-0.00987778 
-0.00986038 
-0.0099342 
-0.0101073 
-0.0103885 
-0.0107855 
-0.0113018 
-0.0119492 
-0.0127347 
-0.0136715 
-0.0147708 
-0.0160495 
-0.0175232 
-0.019207 
-0.021106 
-0.0232049 
-0.0254492 
-0.0277223 
-0.0298199 
-0.0314397 
-0.0321977 
-0.0316542 
-0.0294375 
-0.0253042 
-0.0191251 
-0.0109347 
-0.000575196 
0.0116696 
0.0238552 
0.0348196 
0.0442377 
0.0520673 
0.0583099 
0.0629166 
0.0657684 
0.066672 
0.0655123 
0.0655123 
0.0844227 
0.0844227 
0.0752839 
0.0630544 
0.0493901 
0.0354015 
0.0220912 
0.0104279 
0.00121436 
-0.0052765 
-0.00942552 
-0.0118426 
-0.0131209 
-0.013696 
-0.0138396 
-0.0137134 
-0.0134174 
-0.0130178 
-0.0125613 
-0.0120816 
-0.0116026 
-0.0111421 
-0.0107134 
-0.0103278 
-0.00999411 
-0.00972011 
-0.00951187 
-0.00937515 
-0.0093145 
-0.00933395 
-0.00943897 
-0.00964054 
-0.00994778 
-0.0103669 
-0.0109045 
-0.0115726 
-0.0123806 
-0.0133429 
-0.0144738 
-0.0157928 
-0.0173193 
-0.0190729 
-0.0210639 
-0.0232821 
-0.0256752 
-0.0281224 
-0.0304053 
-0.0321973 
-0.0330855 
-0.0326307 
-0.0304532 
-0.0263056 
-0.0200735 
-0.011733 
-0.00108509 
0.0115912 
0.0242925 
0.0356107 
0.0452187 
0.0531716 
0.059497 
0.0641637 
0.0670621 
0.0680014 
0.0668982 
0.0668982 
0.0733177 
0.0733177 
0.065433 
0.0547617 
0.0428458 
0.0308032 
0.0195932 
0.0100198 
0.00258757 
-0.00269826 
-0.00625829 
-0.00856436 
-0.0100062 
-0.0108585 
-0.0113027 
-0.0114616 
-0.0114221 
-0.0112483 
-0.0109882 
-0.0106782 
-0.0103455 
-0.0100107 
-0.00969001 
-0.00939683 
-0.00914201 
-0.00893484 
-0.00878277 
-0.00869269 
-0.00867015 
-0.0087195 
-0.00884875 
-0.00907084 
-0.00939254 
-0.0098211 
-0.0103649 
-0.011036 
-0.0118453 
-0.0128078 
-0.0139398 
-0.0152621 
-0.0167968 
-0.0185663 
-0.0205851 
-0.0228471 
-0.0253036 
-0.0278327 
-0.0302095 
-0.0320931 
-0.0330517 
-0.0326292 
-0.0304444 
-0.0262568 
-0.0199634 
-0.0115305 
-0.00097752 
0.0112164 
0.0236854 
0.0350742 
0.04478 
0.0528028 
0.0591622 
0.0638396 
0.0667388 
0.0676876 
0.0666638 
0.0666638 
0.0619576 
0.0619576 
0.0554253 
0.0465012 
0.0365657 
0.0266564 
0.0175938 
0.00995432 
0.00398612 
-0.000412793 
-0.00358077 
-0.00582276 
-0.00737616 
-0.00841449 
-0.00906672 
-0.0094312 
-0.00958433 
-0.00958604 
-0.00948332 
-0.00931271 
-0.00910245 
-0.00887464 
-0.00864696 
-0.00843405 
-0.00824792 
-0.00809882 
-0.00799501 
-0.00794424 
-0.00795226 
-0.00802396 
-0.00816966 
-0.00840228 
-0.00872712 
-0.00915214 
-0.00968685 
-0.0103429 
-0.0111319 
-0.0120689 
-0.0131709 
-0.0144588 
-0.0159555 
-0.0176845 
-0.0196625 
-0.0218868 
-0.0243126 
-0.0268216 
-0.02919 
-0.0310745 
-0.0320385 
-0.0316257 
-0.0294585 
-0.0253091 
-0.0191029 
-0.0108722 
-0.000779842 
0.010666 
0.0224487 
0.0334647 
0.043031 
0.0509853 
0.0572889 
0.0619107 
0.0647627 
0.0657065 
0.0647975 
0.0647975 
0.0508979 
0.0508979 
0.0457792 
0.0387031 
0.0308309 
0.0230351 
0.0159377 
0.00991181 
0.00507067 
0.00132393 
-0.00152812 
-0.00367316 
-0.00525028 
-0.0063755 
-0.00714496 
-0.00763854 
-0.00792212 
-0.00804958 
-0.00806452 
-0.00800177 
-0.00788892 
-0.00774803 
-0.00759712 
-0.00745115 
-0.00732257 
-0.0072219 
-0.00715778 
-0.00713838 
-0.00716897 
-0.00725547 
-0.00740951 
-0.00764269 
-0.00795942 
-0.00836833 
-0.00887902 
-0.00950253 
-0.0102505 
-0.0111372 
-0.0121791 
-0.0133958 
-0.0148095 
-0.0164428 
-0.0183125 
-0.0204182 
-0.0227204 
-0.0251097 
-0.0273741 
-0.0291833 
-0.0301125 
-0.0297148 
-0.0276227 
-0.023627 
-0.017691 
-0.00991694 
-0.000551607 
0.00991853 
0.020732 
0.0310223 
0.0401491 
0.0478265 
0.0539364 
0.0584121 
0.061167 
0.0621033 
0.0613496 
0.0613496 
0.0407048 
0.0407048 
0.0369597 
0.0316648 
0.0257206 
0.0197962 
0.0143333 
0.00958381 
0.00562761 
0.00242951 
-0.00010535 
-0.00208623 
-0.00359744 
-0.00472041 
-0.0055272 
-0.00608169 
-0.00643899 
-0.00664568 
-0.00674043 
-0.00675487 
-0.00671462 
-0.00664052 
-0.00654989 
-0.00645724 
-0.00637468 
-0.0063125 
-0.00627931 
-0.00628296 
-0.00632814 
-0.0064219 
-0.00657614 
-0.00679973 
-0.00709775 
-0.00747853 
-0.00795119 
-0.00852588 
-0.00921347 
-0.0100269 
-0.010981 
-0.0120934 
-0.0133836 
-0.0148715 
-0.0165725 
-0.0184872 
-0.0205821 
-0.0227616 
-0.0248366 
-0.0265063 
-0.0273764 
-0.0270245 
-0.025099 
-0.0214051 
-0.0159341 
-0.00883564 
-0.000393104 
0.00895804 
0.0186263 
0.0279375 
0.0363392 
0.0435004 
0.0492415 
0.0534575 
0.0560606 
0.0569931 
0.0564347 
0.0564347 
0.0317787 
0.0317787 
0.0292162 
0.0254464 
0.0211169 
0.0167141 
0.0125539 
0.00883003 
0.00562495 
0.0029475 
0.000761557 
-0.000988748 
-0.00236078 
-0.00340914 
-0.0041874 
-0.00474518 
-0.005127 
-0.00537158 
-0.00551183 
-0.00557515 
-0.00558422 
-0.00555776 
-0.00551159 
-0.00545901 
-0.00541129 
-0.00537787 
-0.00536705 
-0.00538565 
-0.00543797 
-0.00553178 
-0.00567789 
-0.00588315 
-0.00615271 
-0.00649439 
-0.00691634 
-0.00742756 
-0.00803761 
-0.00875757 
-0.00960002 
-0.0105796 
-0.0117124 
-0.0130145 
-0.0144981 
-0.0161635 
-0.0179835 
-0.0198799 
-0.0216949 
-0.0231722 
-0.0239664 
-0.0236961 
-0.0220323 
-0.018787 
-0.0139572 
-0.00770892 
-0.000331614 
0.00779092 
0.0161898 
0.0243403 
0.0317863 
0.0382068 
0.0433975 
0.0472315 
0.0496252 
0.0505554 
0.0502215 
0.0502215 
0.0241937 
0.0241937 
0.0225231 
0.0199304 
0.0168585 
0.0136506 
0.0105374 
0.00767594 
0.00514817 
0.00298447 
0.00117892 
-0.000294659 
-0.00147302 
-0.00239176 
-0.0030898 
-0.00360428 
-0.00396976 
-0.00421709 
-0.00437306 
-0.00446031 
-0.00449787 
-0.00450172 
-0.00448553 
-0.00446082 
-0.00443755 
-0.00442387 
-0.00442743 
-0.00445355 
-0.00450625 
-0.00459336 
-0.00472378 
-0.00490279 
-0.00513533 
-0.00542825 
-0.00578851 
-0.00622368 
-0.00674166 
-0.00735138 
-0.00806285 
-0.0088874 
-0.00983714 
-0.0109237 
-0.0121555 
-0.0135315 
-0.0150301 
-0.016591 
-0.0180923 
-0.0193317 
-0.0200287 
-0.0198605 
-0.018533 
-0.0158619 
-0.0118276 
-0.00657727 
-0.000379736 
0.00642886 
0.0134658 
0.0203236 
0.0266396 
0.0321345 
0.0366139 
0.0399527 
0.0420806 
0.0430013 
0.0429015 
0.0429015 
0.0177459 
0.0177459 
0.0166901 
0.0149594 
0.0128451 
0.0105813 
0.00833205 
0.00622018 
0.00431672 
0.00265719 
0.00124898 
8.20846e-05 
-0.00086467 
-0.0016142 
-0.00219318 
-0.00262823 
-0.00294487 
-0.00316645 
-0.00331353 
-0.00340376 
-0.00345214 
-0.00347141 
-0.00347263 
-0.00346516 
-0.00345723 
-0.00345539 
-0.00346618 
-0.00349346 
-0.0035408 
-0.0036152 
-0.00372345 
-0.00386961 
-0.00405794 
-0.00429406 
-0.00458357 
-0.00493241 
-0.00534667 
-0.00583304 
-0.00639887 
-0.00705222 
-0.00780142 
-0.00865396 
-0.00961429 
-0.0106798 
-0.0118334 
-0.0130309 
-0.0141852 
-0.0151508 
-0.0157203 
-0.0156451 
-0.0146832 
-0.0126641 
-0.00954167 
-0.00541486 
-0.000501106 
0.00491513 
0.0105156 
0.0159841 
0.0210441 
0.0254743 
0.0291145 
0.0318616 
0.0336663 
0.0345503 
0.0346624 
0.0346624 
0.0121312 
0.0121312 
0.0114919 
0.0103956 
