0 
-0.000546043 
0.00043051 
0.00165219 
0.00217647 
0.00243004 
0.00255265 
0.0025941 
0.00259129 
0.00256537 
0.00252945 
0.00249063 
0.00245189 
0.00241343 
0.00237366 
0.00232996 
0.00227921 
0.00221817 
0.00214377 
0.00205333 
0.0019447 
0.00181638 
0.00166754 
0.0014981 
0.00130867 
0.00110058 
0.000875759 
0.000636753 
0.000386671 
0.000129428 
-0.00012846 
-0.000382467 
-0.000631244 
-0.000873331 
-0.00110664 
-0.00132895 
-0.00153784 
-0.00173065 
-0.00190434 
-0.00205539 
-0.00217973 
-0.00227296 
-0.00233059 
-0.00234831 
-0.00232253 
-0.00225085 
-0.0021332 
-0.00197418 
-0.00178686 
-0.00159515 
-0.00142751 
-0.00130001 
-0.0012024 
-0.00110583 
-0.000987083 
-0.000843411 
-0.000685678 
-0.000525051 
-0.000367677 
-0.000217494 
-7.79752e-05 
4.53641e-05 
0.000147993 
0.000222369 
0.000263194 
0 
0.000546043 
0.000546043 
-0.00043051 
-0.00165219 
-0.00217647 
-0.00243004 
-0.00255265 
-0.0025941 
-0.00259129 
-0.00256537 
-0.00252945 
-0.00249063 
-0.00245189 
-0.00241343 
-0.00237366 
-0.00232996 
-0.00227921 
-0.00221817 
-0.00214377 
-0.00205333 
-0.0019447 
-0.00181638 
-0.00166754 
-0.0014981 
-0.00130867 
-0.00110058 
-0.000875759 
-0.000636753 
-0.000386671 
-0.000129428 
0.00012846 
0.000382467 
0.000631244 
0.000873331 
0.00110664 
0.00132895 
0.00153784 
0.00173065 
0.00190434 
0.00205539 
0.00217973 
0.00227296 
0.00233059 
0.00234831 
0.00232253 
0.00225085 
0.0021332 
0.00197418 
0.00178686 
0.00159515 
0.00142751 
0.00130001 
0.0012024 
0.00110583 
0.000987083 
0.000843411 
0.000685678 
0.000525051 
0.000367677 
0.000217494 
7.79752e-05 
-4.53641e-05 
-0.000147993 
-0.000222369 
-0.000263194 
-0.000263194 
0.000810129 
0.000810129 
-0.00250969 
-0.00452824 
-0.00575338 
-0.0064239 
-0.00676724 
-0.00690078 
-0.00691504 
-0.00686769 
-0.00679558 
-0.00671921 
-0.00664736 
-0.0065807 
-0.00651464 
-0.00644141 
-0.00635163 
-0.00623544 
-0.00608333 
-0.00588675 
-0.00563857 
-0.0053334 
-0.0049678 
-0.00454036 
-0.00405173 
-0.00350456 
-0.00290334 
-0.00225414 
-0.00156444 
-0.00084274 
-9.9955e-05 
0.000652075 
0.0014053 
0.00215205 
0.00288394 
0.00359268 
0.00426962 
0.0049052 
0.00548852 
0.00600711 
0.00644702 
0.00679324 
0.00703071 
0.00714557 
0.00712676 
0.00696797 
0.00667079 
0.00625058 
0.00574519 
0.00521885 
0.00474485 
0.00436336 
0.00404929 
0.003734 
0.00336504 
0.00293915 
0.0024834 
0.0020237 
0.00157433 
0.0011423 
0.000736829 
0.000369975 
5.93427e-05 
-0.000167474 
-0.000292644 
-0.000292644 
-0.00249135 
-0.00249135 
-0.00532033 
-0.00760012 
-0.00920885 
-0.0101612 
-0.0106563 
-0.010848 
-0.010866 
-0.010799 
-0.0107037 
-0.0106109 
-0.0105326 
-0.0104682 
-0.0104083 
-0.0103391 
-0.0102439 
-0.0101056 
-0.00990773 
-0.00963561 
-0.00927685 
-0.00882201 
-0.00826495 
-0.00760298 
-0.00683688 
-0.00597081 
-0.00501205 
-0.00397062 
-0.00285877 
-0.00168988 
-0.000478496 
0.000759381 
0.00200755 
0.00325148 
0.00447701 
0.00567027 
0.00681711 
0.00790181 
0.00890621 
0.00980922 
0.0105867 
0.0112125 
0.0116598 
0.0119041 
0.011926 
0.0117151 
0.0112751 
0.0106321 
0.00984669 
0.00901653 
0.00824943 
0.00760208 
0.00703753 
0.00646156 
0.00580826 
0.00507965 
0.0043143 
0.00354506 
0.00278883 
0.00205646 
0.00136002 
0.00072439 
0.000181981 
-0.000220538 
-0.00044665 
-0.00044665 
-0.00509174 
-0.00509174 
-0.00819443 
-0.0107528 
-0.012538 
-0.0135776 
-0.0140905 
-0.0142631 
-0.0142516 
-0.0141628 
-0.0140629 
-0.0139853 
-0.0139396 
-0.0139194 
-0.0139081 
-0.0138835 
-0.0138209 
-0.0136953 
-0.013483 
-0.013163 
-0.0127179 
-0.0121345 
-0.0114043 
-0.0105236 
-0.00949389 
-0.0083212 
-0.0070162 
-0.00559357 
-0.00407143 
-0.00247017 
-0.000811552 
0.000880845 
0.00258528 
0.00428327 
0.00595742 
0.00759082 
0.00916629 
0.0106645 
0.0120625 
0.0133322 
0.0144404 
0.0153495 
0.0160204 
0.0164165 
0.0165082 
0.0162794 
0.0157345 
0.0149097 
0.0138858 
0.0127889 
0.011753 
0.0108431 
0.0100106 
0.00914751 
0.00818913 
0.007149 
0.006073 
0.00499448 
0.00392881 
0.00288488 
0.00188695 
0.000962049 
0.000152946 
-0.000457914 
-0.000808356 
-0.000808356 
-0.00828866 
-0.00828866 
-0.0113992 
-0.0139744 
-0.0157126 
-0.0166814 
-0.0171163 
-0.0172242 
-0.0171749 
-0.017081 
-0.0170089 
-0.0169868 
-0.0170166 
-0.0170826 
-0.0171589 
-0.0172143 
-0.0172156 
-0.0171302 
-0.0169277 
-0.0165814 
-0.0160691 
-0.0153744 
-0.0144866 
-0.0134015 
-0.0121212 
-0.0106538 
-0.00901338 
-0.00721961 
-0.00529674 
-0.0032726 
-0.0011776 
0.000958451 
0.00310741 
0.00524405 
0.00734575 
0.00939219 
0.0113642 
0.0132412 
0.0149984 
0.0166048 
0.0180215 
0.0192023 
0.0200971 
0.0206569 
0.0208409 
0.0206256 
0.0200144 
0.0190516 
0.0178361 
0.0165179 
0.0152479 
0.0140905 
0.0129848 
0.0118203 
0.0105472 
0.00919405 
0.00781022 
0.00642232 
0.00504153 
0.00367524 
0.0023331 
0.00106234 
-6.75284e-05 
-0.000952107 
-0.00148506 
-0.00148506 
-0.011042 
-0.011042 
-0.0143512 
-0.0169166 
-0.0185279 
-0.0193542 
-0.0196684 
-0.0196987 
-0.0196214 
-0.0195479 
-0.0195369 
-0.0196058 
-0.0197447 
-0.019927 
-0.0201168 
-0.0202743 
-0.0203589 
-0.0203311 
-0.0201545 
-0.019797 
-0.0192322 
-0.0184404 
-0.017409 
-0.0161331 
-0.0146153 
-0.0128657 
-0.0109015 
-0.00874692 
-0.00643262 
-0.00399401 
-0.00147057 
0.00109721 
0.00367197 
0.00622163 
0.00871891 
0.0111411 
0.0134683 
0.0156803 
0.0177531 
0.019655 
0.0213446 
0.0227699 
0.0238719 
0.0245903 
0.0248733 
0.0246888 
0.0240381 
0.0229727 
0.0216078 
0.0201124 
0.0186451 
0.01726 
0.0158844 
0.014418 
0.012836 
0.0111829 
0.0095033 
0.00781432 
0.00611032 
0.00438129 
0.00264904 
0.000976782 
-0.000550784 
-0.00180414 
-0.00261021 
-0.00261021 
-0.0137472 
-0.0137472 
-0.0171547 
-0.0195987 
-0.0209992 
-0.0216375 
-0.0218144 
-0.0217717 
-0.0216844 
-0.0216554 
-0.0217304 
-0.0219123 
-0.022178 
-0.0224901 
-0.0228041 
-0.0230733 
-0.0232506 
-0.0232908 
-0.0231518 
-0.0227965 
-0.0221942 
-0.0213219 
-0.0201649 
-0.0187174 
-0.0169822 
-0.0149707 
-0.0127029 
-0.0102071 
-0.00751974 
-0.00468397 
-0.0017483 
0.00123811 
0.00422748 
0.00717742 
0.0100535 
0.0128289 
0.0154829 
0.0179964 
0.0203474 
0.0225063 
0.0244318 
0.0260692 
0.0273531 
0.0282143 
0.028591 
0.0284433 
0.0277708 
0.0266321 
0.0251576 
0.0235299 
0.021904 
0.0203148 
0.0186823 
0.0169291 
0.0150625 
0.0131371 
0.011187 
0.00920558 
0.00715507 
0.00502911 
0.00286868 
0.000727496 
-0.00132426 
-0.00311184 
-0.00434134 
-0.00434134 
-0.0160628 
-0.0160628 
-0.0195794 
-0.0218762 
-0.0230568 
-0.0235149 
-0.0235691 
-0.0234727 
-0.0233946 
-0.0234266 
-0.0235988 
-0.0238994 
-0.0242933 
-0.0247343 
-0.0251715 
-0.0255526 
-0.0258254 
-0.0259393 
-0.025847 
-0.0255061 
-0.0248813 
-0.0239461 
-0.0226835 
-0.0210866 
-0.0191578 
-0.016909 
-0.0143619 
-0.011548 
-0.0085092 
-0.00529548 
-0.00196408 
0.00142359 
0.00480578 
0.00812985 
0.0113554 
0.0144531 
0.0174015 
0.0201831 
0.0227782 
0.0251595 
0.0272867 
0.029104 
0.0305418 
0.0315241 
0.031981 
0.0318672 
0.0311823 
0.0299938 
0.0284466 
0.026729 
0.0249803 
0.0232106 
0.0213421 
0.0193334 
0.0172236 
0.0150689 
0.0128774 
0.0105961 
0.00818643 
0.0056523 
0.00301105 
0.000285449 
-0.0024751 
-0.00501711 
-0.00685177 
-0.00685177 
-0.0180802 
-0.0180802 
-0.0216514 
-0.0237712 
-0.024737 
-0.0250352 
-0.0249874 
-0.0248553 
-0.0247979 
-0.024895 
-0.0251616 
-0.0255727 
-0.0260839 
-0.0266427 
-0.0271938 
-0.0276808 
-0.0280471 
-0.0282374 
-0.0281988 
-0.0278836 
-0.0272519 
-0.0262733 
-0.0249283 
-0.0232085 
-0.0211155 
-0.018661 
-0.0158671 
-0.0127677 
-0.0094091 
-0.00584802 
-0.00214947 
0.00161423 
0.0053653 
0.00903841 
0.0125865 
0.015978 
0.0191918 
0.0222124 
0.0250227 
0.0275974 
0.0298975 
0.0318662 
0.0334309 
0.0345107 
0.0350307 
0.0349429 
0.034251 
0.0330342 
0.0314498 
0.029682 
0.0278422 
0.0259169 
0.0238453 
0.0216309 
0.0193379 
0.0170061 
0.014593 
0.0120292 
0.00927983 
0.00631418 
0.00310142 
-0.000404648 
-0.00413075 
-0.00763098 
-0.0101908 
-0.0101908 
-0.0197082 
-0.0197082 
-0.0233088 
-0.0252589 
-0.0260451 
-0.0262189 
-0.0260958 
-0.025944 
-0.0259112 
-0.0260679 
-0.0264154 
-0.0269195 
-0.0275293 
-0.0281883 
-0.0288384 
-0.0294204 
-0.0298742 
-0.0301397 
-0.0301589 
-0.029879 
-0.0292549 
-0.0282522 
-0.0268485 
-0.0250338 
-0.0228085 
-0.020183 
-0.0171789 
-0.013831 
-0.0101894 
-0.00631664 
-0.00228346 
0.00182295 
0.00590497 
0.00988684 
0.0137184 
0.0173678 
0.0208155 
0.0240474 
0.0270479 
0.0297923 
0.0322414 
0.0343372 
0.0360044 
0.0371588 
0.0377237 
0.0376529 
0.0369593 
0.0357366 
0.0341501 
0.0323672 
0.030463 
0.0284102 
0.0261835 
0.023832 
0.0214278 
0.0189667 
0.0163718 
0.0135658 
0.0104754 
0.00699734 
0.00301822 
-0.00154758 
-0.00643333 
-0.0109363 
-0.0142035 
-0.0142035 
-0.0209753 
-0.0209753 
-0.0245708 
-0.0263688 
-0.0270168 
-0.0271008 
-0.0269258 
-0.0267643 
-0.0267527 
-0.0269554 
-0.0273635 
-0.0279376 
-0.0286223 
-0.0293597 
-0.0300899 
-0.0307519 
-0.0312826 
-0.0316183 
-0.0316963 
-0.0314585 
-0.0308549 
-0.0298465 
-0.028408 
-0.0265269 
-0.0242026 
-0.021444 
-0.0182707 
-0.0147173 
-0.0108375 
-0.00669965 
-0.00237826 
0.00202421 
0.00638877 
0.0106324 
0.0147049 
0.0185766 
0.022229 
0.0256483 
0.0288182 
0.031713 
0.0342914 
0.0364931 
0.0382405 
0.0394482 
0.040041 
0.0399805 
0.039294 
0.038091 
0.0365359 
0.0347661 
0.0328205 
0.0306781 
0.0283621 
0.0259579 
0.0235163 
0.0209854 
0.0182636 
0.0152343 
0.0117335 
0.00754987 
0.00252344 
-0.00330399 
-0.00933672 
-0.0147315 
-0.0186163 
-0.0186163 
-0.0218748 
-0.0218748 
-0.0254412 
-0.0271189 
-0.0276753 
-0.027703 
-0.0274978 
-0.0273321 
-0.0273342 
-0.0275654 
-0.0280109 
-0.0286291 
-0.029363 
-0.0301541 
-0.0309421 
-0.0316651 
-0.0322582 
-0.0326548 
-0.0327883 
-0.0325961 
-0.0320231 
-0.0310258 
-0.0295749 
-0.0276551 
-0.0252646 
-0.0224111 
-0.0191118 
-0.0153988 
-0.0113289 
-0.00697623 
-0.0024221 
0.00220956 
0.00678757 
0.0112343 
0.0155028 
0.019563 
0.0233946 
0.026981 
0.0303028 
0.0333308 
0.0360204 
0.0383081 
0.0401146 
0.0413556 
0.0419626 
0.0419107 
0.0412465 
0.0400917 
0.0385974 
0.0368613 
0.0348988 
0.0327192 
0.0303989 
0.0280343 
0.0256305 
0.0230921 
0.020275 
0.0169681 
0.012875 
0.00771962 
0.00143512 
-0.00563562 
-0.0126411 
-0.0187831 
-0.0232009 
-0.0232009 
-0.022429 
-0.022429 
-0.0259486 
-0.027542 
-0.0280498 
-0.0280496 
-0.0278319 
-0.0276639 
-0.0276698 
-0.0279103 
-0.0283694 
-0.0290058 
-0.0297625 
-0.0305818 
-0.0314036 
-0.0321661 
-0.0328036 
-0.0332479 
-0.0334298 
-0.0332826 
-0.0327469 
-0.0317742 
-0.0303308 
-0.0283978 
-0.0259716 
-0.0230606 
-0.019681 
-0.0158605 
-0.0116555 
-0.00714835 
-0.00243714 
0.00234049 
0.00706369 
0.0116635 
0.0160901 
0.0203093 
0.024296 
0.0280289 
0.0314837 
0.034626 
0.0374067 
0.039759 
0.0416031 
0.0428596 
0.0434719 
0.0434346 
0.0428145 
0.0417361 
0.0403233 
0.038636 
0.0366911 
0.0345474 
0.0323219 
0.0300856 
0.0277867 
0.025282 
0.0223385 
0.0186038 
0.01368 
0.0073519 
-0.000209718 
-0.0083457 
-0.0161375 
-0.0229061 
-0.0277912 
-0.0277912 
-0.0226585 
-0.0226585 
-0.0261158 
-0.0276631 
-0.0281609 
-0.0281589 
-0.0279454 
-0.0277769 
-0.0277779 
-0.0280099 
-0.02846 
-0.0290893 
-0.0298427 
-0.0306638 
-0.0314938 
-0.0322717 
-0.0329328 
-0.0334085 
-0.0336286 
-0.0335238 
-0.0330308 
-0.0320969 
-0.0306824 
-0.0287615 
-0.0263305 
-0.0233986 
-0.0199846 
-0.0161163 
-0.0118447 
-0.0072531 
-0.00245627 
0.00240149 
0.00721584 
0.0119227 
0.0164685 
0.0208141 
0.0249283 
0.028783 
0.0323472 
0.0355804 
0.0384282 
0.0408211 
0.0426818 
0.0439399 
0.0445565 
0.044549 
0.0439986 
0.0430196 
0.041701 
0.040081 
0.0382052 
0.0361913 
0.0341575 
0.0321211 
0.0299751 
0.0274982 
0.0243211 
0.0199578 
0.01401 
0.00645411 
-0.00225119 
-0.011242 
-0.0196771 
-0.0269688 
-0.0322657 
-0.0322657 
-0.022572 
-0.022572 
-0.0259837 
-0.0275185 
-0.0280349 
-0.028052 
-0.0278542 
-0.0276862 
-0.0276747 
-0.0278835 
-0.0283056 
-0.0289061 
-0.0296326 
-0.0304309 
-0.0312441 
-0.0320133 
-0.0326753 
-0.0331627 
-0.0334053 
-0.0333328 
-0.0328792 
-0.0319872 
-0.0306134 
-0.0287304 
-0.0263284 
-0.0234154 
-0.0200133 
-0.0161575 
-0.0118995 
-0.00731394 
-0.00250429 
0.00238985 
0.00725858 
0.0120362 
0.016665 
0.0211016 
0.0253093 
0.0292539 
0.0328968 
0.0361907 
0.0390765 
0.041484 
0.0433416 
0.0445935 
0.0452222 
0.0452655 
0.0448081 
0.0439381 
0.0427175 
0.041196 
0.0394704 
0.0376819 
0.0359154 
0.0341309 
0.0321531 
0.0296436 
0.0260833 
0.0209173 
0.0138621 
0.00515319 
-0.00450386 
-0.0141891 
-0.0231549 
-0.0308746 
-0.0365317 
-0.0365317 
-0.0221934 
-0.0221934 
-0.025582 
-0.0271329 
-0.0276909 
-0.0277462 
-0.0275755 
-0.0274114 
-0.027383 
-0.0275578 
-0.0279366 
-0.0284893 
-0.029168 
-0.029921 
-0.0306942 
-0.0314314 
-0.0320724 
-0.0325525 
-0.0328035 
-0.0327556 
-0.0323415 
-0.0315011 
-0.0301864 
-0.0283647 
-0.0260227 
-0.0231659 
-0.0198167 
-0.0160143 
-0.0118146 
-0.00729244 
-0.00254041 
0.00232438 
0.0071951 
0.0119969 
0.0166692 
0.0211607 
0.0254268 
0.0294256 
0.0331115 
0.0364314 
0.0393235 
0.0417208 
0.0435626 
0.044811 
0.0454691 
0.0455855 
0.0452335 
0.0444775 
0.0433753 
0.0420113 
0.0405201 
0.0390335 
0.0375879 
0.0360822 
0.0342505 
0.0316137 
0.0275315 
0.0214676 
0.0133302 
0.00360786 
-0.00683433 
-0.0170975 
-0.0264939 
-0.0345507 
-0.0405166 
-0.0405166 
-0.0215463 
-0.0215463 
-0.0249353 
-0.026527 
-0.027147 
-0.0272586 
-0.0271272 
-0.0269735 
-0.026928 
-0.0270628 
-0.0273873 
-0.0278778 
-0.0284916 
-0.0291799 
-0.0298921 
-0.0305751 
-0.0311727 
-0.0316244 
-0.0318652 
-0.031828 
-0.0314463 
-0.0306589 
-0.0294146 
-0.0276769 
-0.0254275 
-0.0226675 
-0.0194175 
-0.0157163 
-0.0116198 
-0.00719966 
-0.00254328 
0.00224495 
0.00706714 
0.0118442 
0.0165116 
0.0210115 
0.0252919 
0.0293025 
0.0329913 
0.0363012 
0.0391711 
0.0415412 
0.0433643 
0.0446204 
0.0453254 
0.0455265 
0.0452817 
0.0446468 
0.0436997 
0.0425613 
0.0413765 
0.0402444 
0.039149 
0.0379219 
0.0361866 
0.033327 
0.0286368 
0.0216703 
0.0125483 
0.00195866 
-0.00914473 
-0.0198999 
-0.029633 
-0.0379375 
-0.04416 
-0.04416 
-0.0206549 
-0.0206549 
-0.0240657 
-0.0257191 
-0.0264192 
-0.0266044 
-0.0265265 
-0.0263932 
-0.0263353 
-0.0264293 
-0.0266938 
-0.0271129 
-0.0276493 
-0.0282585 
-0.0288927 
-0.029503 
-0.0300376 
-0.0304406 
-0.0306525 
-0.0306102 
-0.0302502 
-0.0295124 
-0.0283439 
-0.0267049 
-0.0245719 
-0.021941 
-0.0188281 
-0.0152688 
-0.0113166 
-0.00703975 
-0.00251989 
0.00214954 
0.00687698 
0.0115821 
0.0161969 
0.0206581 
0.0249068 
0.0288863 
0.0325394 
0.0358079 
0.0386343 
0.0409682 
0.0427757 
0.044049 
0.0448082 
0.0450944 
0.0449587 
0.0444679 
0.0437273 
0.0428769 
0.0420474 
0.0412962 
0.0405566 
0.0395847 
0.0378881 
0.0347402 
0.029426 
0.0216276 
0.0116541 
0.00031878 
-0.0113658 
-0.0225405 
-0.0325169 
-0.0409816 
-0.0474077 
-0.0474077 
-0.0195416 
-0.0195416 
-0.022993 
-0.0247255 
-0.0255219 
-0.0257973 
-0.0257885 
-0.0256894 
-0.0256286 
-0.0256868 
-0.0258917 
-0.0262355 
-0.0266879 
-0.0272086 
-0.0277535 
-0.0282774 
-0.0287328 
-0.0290695 
-0.0292338 
-0.0291684 
-0.028815 
-0.0281162 
-0.0270203 
-0.0254855 
-0.0234843 
-0.0210067 
-0.0180626 
-0.0146814 
-0.010911 
-0.00681447 
-0.00246804 
0.00204307 
0.00663275 
0.0112204 
0.0157356 
0.0201108 
0.0242826 
0.0281896 
0.0317723 
0.0349734 
0.0377411 
0.0400337 
0.0418273 
0.0431205 
0.0439337 
0.0443056 
0.0442932 
0.0439828 
0.0434988 
0.042979 
0.042526 
0.0421572 
0.0417571 
0.0410038 
0.0392987 
0.035843 
0.029954 
0.0214423 
0.0107546 
-0.00122771 
-0.0134395 
-0.024962 
-0.0350878 
-0.0436287 
-0.0502058 
-0.0502058 
-0.0182274 
-0.0182274 
-0.0217354 
-0.0235616 
-0.0244679 
-0.0248491 
-0.0249259 
-0.0248777 
-0.0248286 
-0.0248616 
-0.025013 
-0.0252839 
-0.0256514 
-0.0260805 
-0.0265308 
-0.0269606 
-0.0273267 
-0.0275843 
-0.0276857 
-0.0275804 
-0.0272163 
-0.0265414 
-0.0255071 
-0.0240719 
-0.0222058 
-0.0198941 
-0.0171396 
-0.0139643 
-0.0104081 
-0.00652693 
-0.00239014 
0.00192504 
0.00633709 
0.0107655 
0.0151382 
0.0193848 
0.0234391 
0.0272377 
0.030721 
0.0338341 
0.0365307 
0.0387764 
0.0405537 
0.0418646 
0.0427317 
0.0431984 
0.0433347 
0.0432424 
0.0430493 
0.0428758 
0.0427939 
0.0427867 
0.0426929 
0.0421181 
0.0403804 
0.0366456 
0.030283 
0.0212047 
0.00993424 
-0.00262173 
-0.0153092 
-0.027096 
-0.0372792 
-0.0458198 
-0.0524974 
-0.0524974 
-0.0167326 
-0.0167326 
-0.020311 
-0.0222421 
-0.0232695 
-0.0237698 
-0.0239485 
-0.0239697 
-0.0239507 
-0.0239746 
-0.0240847 
-0.0242911 
-0.0245789 
-0.0249191 
-0.0252758 
-0.0256104 
-0.0258839 
-0.0260559 
-0.0260846 
-0.0259263 
-0.0255359 
-0.0248679 
-0.0238788 
-0.02253 
-0.0207915 
-0.0186453 
-0.0160886 
-0.0131354 
-0.00981667 
-0.00617945 
-0.00228437 
0.00180031 
0.00599826 
0.0102297 
0.0144214 
0.018502 
0.0224041 
0.0260642 
0.0294239 
0.0324318 
0.0350461 
0.037238 
0.0389949 
0.0403233 
0.041251 
0.0418306 
0.0421427 
0.0422943 
0.0424028 
0.042565 
0.042826 
0.0431409 
0.0433087 
0.0428756 
0.041105 
0.0371562 
0.0304519 
0.0209649 
0.00923162 
-0.00383378 
-0.0169193 
-0.0288583 
-0.0390131 
-0.0474897 
-0.0542215 
-0.0542215 
-0.0150773 
-0.0150773 
-0.0187375 
-0.0207821 
-0.0219383 
-0.0225683 
-0.0228634 
-0.022973 
-0.023005 
-0.0230406 
-0.0231272 
-0.0232832 
-0.0235023 
-0.0237622 
-0.0240319 
-0.0242767 
-0.0244608 
-0.024548 
-0.0245014 
-0.0242835 
-0.0238559 
-0.0231802 
-0.022219 
-0.0209387 
-0.0193116 
-0.017319 
-0.0149544 
-0.0122253 
-0.00915413 
-0.00577845 
-0.00214889 
0.00167653 
0.0056288 
0.00963043 
0.0136082 
0.0174909 
0.0212118 
0.0247084 
0.0279248 
0.0308128 
0.0333352 
0.0354682 
0.0372043 
0.0385558 
0.0395576 
0.0402694 
0.0407756 
0.041177 
0.0415733 
0.0420387 
0.0425966 
0.0431804 
0.0435579 
0.0432352 
0.0414498 
0.0373749 
0.0304787 
0.0207542 
0.00869275 
-0.00481968 
-0.0181914 
-0.0301454 
-0.0402027 
-0.0485709 
-0.0553175 
-0.0553175 
-0.013282 
-0.013282 
-0.017034 
-0.0191979 
-0.0204871 
-0.0212533 
-0.0216761 
-0.0218912 
-0.0219961 
-0.0220668 
-0.0221526 
-0.022278 
-0.0224448 
-0.0226382 
-0.0228329 
-0.0229985 
-0.0231025 
-0.0231122 
-0.0229949 
-0.0227182 
-0.0222497 
-0.0215574 
-0.0206108 
-0.0193817 
-0.0178466 
-0.0159887 
-0.0138002 
-0.0112845 
-0.00845698 
-0.0053464 
-0.00199321 
0.00155559 
0.00523988 
0.0089866 
0.0127245 
0.0163844 
0.0199013 
0.0232152 
0.0262732 
0.0290311 
0.0314561 
0.0335296 
0.0352498 
0.0366346 
0.0377239 
0.0385796 
0.0392818 
0.0399181 
0.040569 
0.0412893 
0.0420863 
0.0428768 
0.0434084 
0.0431673 
0.041386 
0.0372664 
0.0303147 
0.0205221 
0.00826543 
-0.0055629 
-0.0190377 
-0.0308559 
-0.0407667 
-0.0490036 
-0.0557339 
-0.0557339 
-0.0113687 
-0.0113687 
-0.0152212 
-0.0175078 
-0.0189308 
-0.019835 
-0.0203919 
-0.0207258 
-0.0209234 
-0.0210537 
-0.0211644 
-0.0212837 
-0.02142 
-0.0215658 
-0.0217022 
-0.0218035 
-0.0218412 
-0.0217858 
-0.0216083 
-0.0212803 
-0.0207744 
-0.0200641 
-0.0191248 
-0.0179342 
-0.0164734 
-0.0147289 
-0.0126941 
-0.0103704 
-0.00776919 
-0.00491231 
-0.00183169 
0.00143571 
0.0048404 
0.00831669 
0.0117976 
0.0152176 
0.0185152 
0.0216339 
0.0245247 
0.0271478 
0.0294753 
0.0314934 
0.0332053 
0.0346324 
0.0358158 
0.0368139 
0.0376969 
0.0385369 
0.0393967 
0.0403153 
0.0412875 
0.0422193 
0.0428478 
0.0426581 
0.0409022 
0.0368182 
0.0299411 
0.0202589 
0.00796075 
-0.00598032 
-0.019281 
-0.0308765 
-0.0406234 
-0.0487342 
-0.0554245 
-0.0554245 
-0.00936096 
-0.00936096 
-0.0133218 
-0.0157326 
-0.0172872 
-0.0183265 
-0.0190181 
-0.0194781 
-0.0197839 
-0.019996 
-0.0201582 
-0.020299 
-0.0204311 
-0.020553 
-0.020652 
-0.020708 
-0.0206967 
-0.0205923 
-0.0203689 
-0.0200019 
-0.0194677 
-0.0187446 
-0.0178128 
-0.0166549 
-0.015257 
-0.0136093 
-0.0117072 
-0.00955263 
-0.00715449 
-0.00453001 
-0.00170436 
0.0012934 
0.00442295 
0.00762759 
0.010847 
0.0140213 
0.0170941 
0.0200137 
0.0227358 
0.0252255 
0.0274595 
0.0294282 
0.0311376 
0.0326101 
0.0338838 
0.0350096 
0.0360455 
0.0370485 
0.0380663 
0.0391251 
0.0402103 
0.0412218 
0.0418995 
0.0417411 
0.0399908 
0.0359437 
0.0291681 
0.0196904 
0.00762772 
-0.00591432 
-0.0188366 
-0.0301839 
-0.0397567 
-0.0477484 
-0.0543925 
-0.0543925 
-0.00728399 
-0.00728399 
-0.0113605 
-0.0138965 
-0.0155782 
-0.0167458 
-0.0175667 
-0.0181528 
-0.0185748 
-0.0188855 
-0.0191229 
-0.0193131 
-0.01947 
-0.0195959 
-0.0196833 
-0.019717 
-0.0196774 
-0.0195426 
-0.0192902 
-0.0188989 
-0.0183487 
-0.0176216 
-0.0167017 
-0.0155759 
-0.0142341 
-0.01267 
-0.0108815 
-0.0088718 
-0.00664964 
-0.00423012 
-0.00163452 
0.00111308 
0.00398123 
0.00692365 
0.00988787 
0.0128211 
0.015673 
0.0183977 
0.0209562 
0.0233183 
0.0254646 
0.0273886 
0.0290969 
0.0306101 
0.0319607 
0.0331904 
0.0343448 
0.0354677 
0.0365938 
0.0377392 
0.0388828 
0.0399243 
0.0406005 
0.0404149 
0.0386679 
0.0347003 
0.0281155 
0.0189433 
0.0073999 
-0.00545439 
-0.0178325 
-0.0288382 
-0.0382045 
-0.046074 
-0.0526694 
-0.0526694 
-0.00516393 
-0.00516393 
-0.00936331 
-0.0120254 
-0.0138295 
-0.0151163 
-0.0160564 
-0.0167614 
-0.017299 
-0.0177164 
-0.0180459 
-0.0183095 
-0.0185194 
-0.0186792 
-0.0187841 
-0.0188229 
-0.0187798 
-0.0186367 
-0.0183747 
-0.0179759 
-0.0174237 
-0.0167036 
-0.0158035 
-0.0147137 
-0.0134276 
-0.0119418 
-0.0102565 
-0.00837603 
-0.00630923 
-0.00406956 
-0.00167532 
0.00085238 
0.00348677 
0.00619032 
0.0089188 
0.0116272 
0.0142721 
0.0168141 
0.0192195 
0.0214627 
0.0235276 
0.0254091 
0.027113 
0.0286561 
0.0300646 
0.0313705 
0.0326084 
0.0338104 
0.0350009 
0.0361876 
0.0373453 
0.0383677 
0.038996 
0.0387626 
0.0370204 
0.0331683 
0.0268513 
0.0181042 
0.00725358 
-0.00471285 
-0.0163901 
-0.0269501 
-0.0360606 
-0.0437905 
-0.0503288 
-0.0503288 
-0.00302689 
-0.00302689 
-0.00735564 
-0.0101459 
-0.0120695 
-0.0134671 
-0.0145142 
-0.0153256 
-0.0159698 
-0.0164917 
-0.0169198 
-0.0172718 
-0.0175572 
-0.0177781 
-0.0179303 
-0.0180041 
-0.0179861 
-0.0178609 
-0.0176124 
-0.0172255 
-0.0166869 
-0.0159855 
-0.0151127 
-0.0140621 
-0.01283 
-0.0114156 
-0.00982095 
-0.00805195 
-0.00611812 
-0.00403307 
-0.00181429 
0.000518295 
0.0029424 
0.00543029 
0.00794496 
0.0104486 
0.0129045 
0.0152792 
0.0175443 
0.019678 
0.0216666 
0.0235054 
0.0251983 
0.0267579 
0.0282036 
0.0295588 
0.0308485 
0.0320949 
0.0333136 
0.0345058 
0.0356388 
0.036604 
0.0371549 
0.0368588 
0.0351339 
0.0314436 
0.0254786 
0.0172815 
0.00724029 
-0.00376947 
-0.0146485 
-0.0246661 
-0.0334556 
-0.0410118 
-0.0474752 
-0.0474752 
-0.00089574 
-0.00089574 
-0.00535955 
-0.00828183 
-0.0103255 
-0.0118292 
-0.0129736 
-0.0138778 
-0.0146144 
-0.0152297 
-0.015751 
-0.0161942 
-0.0165659 
-0.0168664 
-0.01709 
-0.0172269 
-0.0172638 
-0.0171861 
-0.0169789 
-0.0166287 
-0.0161243 
-0.0154576 
-0.0146233 
-0.0136189 
-0.0124443 
-0.0111017 
-0.00959518 
-0.0079316 
-0.00612038 
-0.00417381 
-0.00210725 
6.10406e-05 
0.00230999 
0.00461537 
0.0069469 
0.00927316 
0.0115638 
0.013791 
0.015931 
0.0179658 
0.0198832 
0.0216784 
0.0233534 
0.0249164 
0.0263806 
0.027762 
0.0290775 
0.030341 
0.0315605 
0.0327299 
0.0338101 
0.034694 
0.0351515 
0.0347932 
0.0331079 
0.0296263 
0.024084 
0.0165295 
0.00735656 
-0.00267933 
-0.0127145 
-0.022119 
-0.0305237 
-0.0378636 
-0.0442274 
-0.0442274 
0.00120966 
0.00120966 
-0.00338983 
-0.00645041 
-0.0086196 
-0.0102316 
-0.0114698 
-0.0124578 
-0.0132734 
-0.0139666 
-0.0145674 
-0.0150919 
-0.0155465 
-0.0159302 
-0.0162366 
-0.0164545 
-0.0165699 
-0.0165671 
-0.0164304 
-0.0161456 
-0.0157015 
-0.0150905 
-0.0143095 
-0.0133588 
-0.0122418 
-0.0109642 
-0.00953307 
-0.00795723 
-0.00624736 
-0.00441661 
-0.0024807 
-0.000457617 
0.00163268 
0.00377393 
0.00594224 
0.00811092 
0.0102548 
0.0123504 
0.0143781 
0.0163224 
0.0181726 
0.0199232 
0.0215739 
0.0231292 
0.0245968 
0.0259867 
0.0273084 
0.0285693 
0.0297699 
0.0308969 
0.0319084 
0.0327001 
0.0330627 
0.0326541 
0.0310349 
0.027802 
0.022732 
0.0158738 
0.00758838 
-0.00148768 
-0.0106673 
-0.0194174 
-0.0273859 
-0.0344676 
-0.040704 
-0.040704 
0.00328154 
0.00328154 
-0.00145364 
-0.00465873 
-0.00696347 
-0.00869322 
-0.0100317 
-0.0111042 
-0.011993 
-0.0127528 
-0.0134176 
-0.0140068 
-0.0145288 
-0.0149842 
-0.015367 
-0.0156665 
-0.0158684 
-0.0159559 
-0.0159118 
-0.0157196 
-0.0153657 
-0.0148404 
-0.0141394 
-0.0132637 
-0.0122193 
-0.0110156 
-0.00966421 
-0.00817736 
-0.00656722 
-0.00484615 
-0.00302743 
-0.00112589 
0.000840759 
0.00285338 
0.00489097 
0.00693107 
0.00895284 
0.0109372 
0.0128681 
0.0147332 
0.016522 
0.0182292 
0.0198521 
0.0213923 
0.0228531 
0.0242391 
0.0255543 
0.0267997 
0.0279683 
0.0290439 
0.0299812 
0.0306818 
0.0309594 
0.0305202 
0.0289935 
0.0260393 
0.0214685 
0.0153238 
0.00791369 
-0.000233871 
-0.00856857 
-0.0166466 
-0.0241436 
-0.0309311 
-0.0370135 
-0.0370135 
0.0053282 
0.0053282 
0.000450273 
-0.0029023 
-0.00535443 
-0.00721774 
-0.00867229 
-0.00984222 
-0.0108115 
-0.0116379 
-0.0123597 
-0.0130002 
-0.0135718 
-0.0140784 
-0.0145174 
-0.0148805 
-0.0151556 
-0.015327 
-0.0153774 
-0.0152889 
-0.0150449 
-0.0146317 
-0.0140401 
-0.0132667 
-0.0123148 
-0.0111938 
-0.00991767 
-0.00850332 
-0.00696804 
-0.0053286 
-0.00360142 
-0.0018034 
4.78348e-05 
0.0019358 
0.00384944 
0.00576965 
0.00767946 
0.00956178 
0.0114035 
0.0131949 
0.0149258 
0.0165901 
0.0181832 
0.0197038 
0.0211514 
0.0225264 
0.0238277 
0.0250493 
0.0261824 
0.0272055 
0.0280723 
0.028692 
0.0289025 
0.0284564 
0.0270465 
0.0243891 
0.0203241 
0.0148829 
0.00831412 
0.00105065 
-0.00646543 
-0.0138723 
-0.0208775 
-0.0273434 
-0.0332481 
-0.0332481 
0.00736795 
0.00736795 
0.00233957 
-0.00116608 
-0.00377488 
-0.00579047 
-0.00738317 
-0.00867332 
-0.00974326 
-0.0106515 
-0.0114383 
-0.0121304 
-0.0127436 
-0.0132861 
-0.0137593 
-0.0141598 
-0.0144796 
-0.0147074 
-0.0148292 
-0.014829 
-0.0146903 
-0.0143972 
-0.0139362 
-0.0132977 
-0.0124779 
-0.01148 
-0.0103148 
-0.0089999 
-0.00755716 
-0.00600882 
-0.00437425 
-0.00266894 
-0.000906096 
0.000899173 
0.00272792 
0.00456156 
0.00638485 
0.00818508 
0.00995419 
0.0116857 
0.0133674 
0.0149944 
0.0165596 
0.0180603 
0.0194929 
0.0208543 
0.0221376 
0.0233358 
0.0244354 
0.0254117 
0.0262187 
0.0267746 
0.026941 
0.026513 
0.0252396 
0.0228872 
0.0193186 
0.0145519 
0.00877788 
0.00234335 
-0.00439398 
-0.0111433 
-0.017649 
-0.0237741 
-0.0294817 
-0.0294817 
0.00942606 
0.00942606 
0.00424513 
0.000576416 
-0.00219792 
-0.00438288 
-0.00613703 
-0.00757424 
-0.00877268 
-0.00978894 
-0.0106635 
-0.011424 
-0.0120887 
-0.0126682 
-0.0131678 
-0.0135883 
-0.013927 
-0.0141782 
-0.0143337 
-0.0143829 
-0.0143139 
-0.0141134 
-0.0137679 
-0.0132648 
-0.0125933 
-0.0117461 
-0.0107219 
-0.00952706 
-0.00817737 
-0.00669759 
-0.00511821 
-0.00346988 
-0.00177782 
-6.11539e-05 
0.0016672 
0.00340045 
0.00513394 
0.00685104 
0.00854493 
0.0102156 
0.0118504 
0.0134417 
0.0149808 
0.0164624 
0.0178806 
0.0192273 
0.0204954 
0.0216745 
0.0227475 
0.0236876 
0.0244507 
0.0249642 
0.0251116 
0.0247257 
0.0236042 
0.0215562 
0.0184635 
0.0143304 
0.00929716 
0.0036313 
-0.00237697 
-0.00849245 
-0.0145009 
-0.0202737 
-0.0257696 
-0.0257696 
0.0115303 
0.0115303 
0.00620102 
0.00236088 
-0.000593693 
-0.00296066 
-0.00489816 
-0.006508 
-0.00786342 
-0.00901707 
-0.0100081 
-0.0108638 
-0.0116034 
-0.0122386 
-0.0127766 
-0.013221 
-0.0135726 
-0.0138305 
-0.0139921 
-0.0140534 
-0.014009 
-0.0138524 
-0.013576 
-0.0131714 
-0.0126291 
-0.0119393 
-0.0110926 
-0.0100819 
-0.00890555 
-0.00757194 
-0.00610286 
-0.00453283 
-0.00290034 
-0.00123331 
0.00045472 
0.00214819 
0.00382419 
0.00547514 
0.00711508 
0.00875118 
0.0103533 
0.0119199 
0.0134392 
0.0149064 
0.0163121 
0.0176497 
0.0189091 
0.020077 
0.0211339 
0.0220524 
0.0227908 
0.0232854 
0.0234393 
0.0231178 
0.0221593 
0.0204087 
0.0177642 
0.0142172 
0.00986526 
0.00490725 
-0.000423548 
-0.00593719 
-0.011459 
-0.0168755 
-0.0221492 
-0.0221492 
0.0137079 
0.0137079 
0.00823637 
0.00422107 
0.00107282 
-0.00149474 
-0.00363426 
-0.00543993 
-0.0069779 
-0.00829589 
-0.00943042 
-0.0104082 
-0.0112484 
-0.0119637 
-0.0125626 
-0.01305 
-0.0134288 
-0.0137008 
-0.0138668 
-0.0139272 
-0.0138821 
-0.013731 
-0.0134731 
-0.0131068 
-0.0126298 
-0.0120376 
-0.0113234 
-0.0104768 
-0.00948382 
-0.00832947 
-0.00700387 
-0.00551314 
-0.00389288 
-0.00221479 
-0.000565039 
0.00101408 
0.00259982 
0.00417788 
0.00574155 
0.00731995 
0.00889021 
0.0104334 
0.0119372 
0.0133927 
0.0147926 
0.0161278 
0.0173865 
0.0185531 
0.0196071 
0.0205207 
0.0212553 
0.021755 
0.02194 
0.0217024 
0.0209141 
0.0194501 
0.0172222 
0.0142115 
0.0104804 
0.00617063 
0.00146414 
-0.00348358 
-0.00853532 
-0.0135974 
-0.018643 
-0.018643 
0.0159843 
0.0159843 
0.0103766 
0.006184 
0.00282798 
3.95415e-05 
-0.00232127 
-0.00434592 
-0.00609055 
-0.00759786 
-0.00890019 
-0.0100228 
-0.010985 
-0.0118007 
-0.0124797 
-0.013029 
-0.0134532 
-0.0137561 
-0.0139409 
-0.0140107 
-0.0139684 
-0.0138172 
-0.0135602 
-0.0132007 
-0.0127421 
-0.0121875 
-0.0115388 
-0.0107955 
-0.0099526 
-0.00899965 
-0.00792002 
-0.006693 
-0.00529994 
-0.00373838 
-0.00204804 
-0.000339025 
0.00126501 
0.00275162 
0.0042654 
0.00587456 
0.00744258 
0.00897515 
0.0104681 
0.0119187 
0.01332 
0.0146616 
0.01593 
0.0171081 
0.0181745 
0.0191018 
0.0198541 
0.0203826 
0.0206214 
0.0204848 
0.0198714 
0.0186807 
0.0168369 
0.0143132 
0.0111443 
0.00742573 
0.00329181 
-0.00112897 
-0.00573108 
-0.0104456 
-0.0152607 
-0.0152607 
0.0183818 
0.0183818 
0.0126436 
0.0082697 
0.00469395 
0.00166502 
-0.000942687 
-0.00320954 
-0.00518705 
-0.00690977 
-0.00840473 
-0.00969422 
-0.0107972 
-0.0117289 
-0.0125014 
-0.013124 
-0.0136043 
-0.0139487 
-0.0141631 
-0.0142532 
-0.0142246 
-0.0140828 
-0.0138333 
-0.0134813 
-0.0130323 
-0.0124917 
-0.0118643 
-0.0111542 
-0.0103625 
-0.00948647 
-0.00851758 
-0.00744185 
-0.00624082 
-0.00489142 
-0.00337585 
-0.0016998 
-1.35316e-05 
0.0014757 
0.00292508 
0.00445138 
0.00600863 
0.00753776 
0.00903284 
0.0104885 
0.0118999 
0.0132567 
0.0145455 
0.0157484 
0.0168432 
0.0178028 
0.0185938 
0.0191733 
0.0194867 
0.0194653 
0.0190293 
0.0180981 
0.0166065 
0.014523 
0.0118608 
0.00867932 
0.00507199 
0.00113824 
-0.00303976 
-0.00741681 
-0.0120021 
-0.0120021 
0.0209209 
0.0209209 
0.0150575 
0.0104977 
0.00668973 
0.00339945 
0.000519587 
-0.00201813 
-0.00425766 
-0.00622501 
-0.00794069 
-0.00942184 
-0.0106859 
-0.0117488 
-0.0126254 
-0.0133285 
-0.0138694 
-0.0142581 
-0.0145041 
-0.0146164 
-0.0146037 
-0.0144743 
-0.0142363 
-0.013897 
-0.0134632 
-0.0129412 
-0.0123367 
-0.0116543 
-0.0108974 
-0.0100665 
-0.00915855 
-0.00816746 
-0.00708746 
-0.00591998 
-0.00468242 
-0.00340902 
-0.00212704 
-0.000765917 
0.000896193 
0.00283282 
0.00456442 
0.00611495 
0.00762257 
0.00908959 
0.0105216 
0.0119067 
0.0132307 
0.0144746 
0.0156157 
0.0166274 
0.0174778 
0.0181293 
0.0185356 
0.0186417 
0.0183843 
0.0176988 
0.0165295 
0.0148428 
0.0126362 
0.00994125 
0.00681749 
0.00333293 
-0.000446539 
-0.0045007 
-0.00885868 
-0.00885868 
0.0236202 
0.0236202 
0.0176364 
0.0128867 
0.00883393 
0.0052621 
0.0020823 
-0.000758312 
-0.00329127 
-0.00553724 
-0.00750626 
-0.00920828 
-0.0106571 
-0.0118688 
-0.0128607 
-0.0136502 
-0.0142536 
-0.0146857 
-0.0149606 
-0.0150914 
-0.0150903 
-0.0149693 
-0.0147393 
-0.0144101 
-0.0139905 
-0.0134884 
-0.0129099 
-0.0122604 
-0.0115433 
-0.0107604 
-0.00991111 
-0.00899223 
-0.00799931 
-0.00692794 
-0.00577809 
-0.0045573 
-0.00329585 
-0.0020346 
-0.000581475 
0.00111904 
0.00285615 
0.00452635 
0.00612696 
0.00766774 
0.00915972 
0.0106012 
0.0119829 
0.0132882 
0.0144956 
0.0155792 
0.0165093 
0.0172518 
0.0177675 
0.0180112 
0.0179326 
0.0174797 
0.0166054 
0.015276 
0.0134783 
0.011223 
0.00854206 
0.0054768 
0.00206597 
-0.00168138 
-0.0058161 
-0.0058161 
0.0264954 
0.0264954 
0.0203965 
0.0154537 
0.0111449 
0.00727208 
0.00376472 
0.000587589 
-0.00227647 
-0.0048387 
-0.00709862 
-0.00905596 
-0.0107179 
-0.0120991 
-0.0132192 
-0.0141009 
-0.0147669 
-0.0152389 
-0.0155366 
-0.0156784 
-0.0156811 
-0.0155603 
-0.0153304 
-0.015004 
-0.0145922 
-0.0141044 
-0.013548 
-0.012929 
-0.0122512 
-0.0115167 
-0.0107256 
-0.009876 
-0.00896528 
-0.00799171 
-0.00695701 
-0.00586472 
-0.00471732 
-0.00350163 
-0.00214307 
-0.00069293 
0.000807234 
0.00247558 
0.00419988 
0.00591256 
0.00757692 
0.00917479 
0.0106947 
0.0121238 
0.0134455 
0.0146388 
0.0156788 
0.0165364 
0.0171793 
0.0175709 
0.0176715 
0.0174396 
0.0168358 
0.015828 
0.0143966 
0.0125374 
0.0102609 
0.00758477 
0.00452374 
0.00106305 
-0.00285383 
-0.00285383 
0.0295583 
0.0295583 
0.0233507 
0.0182137 
0.0136403 
0.00944866 
0.0055869 
0.00203767 
-0.00119851 
-0.00411852 
-0.00671237 
-0.00896551 
-0.0108746 
-0.0124505 
-0.0137142 
-0.0146944 
-0.015422 
-0.0159276 
-0.016239 
-0.0163811 
-0.0163764 
-0.016245 
-0.016005 
-0.015672 
-0.0152596 
-0.014779 
-0.0142389 
-0.0136458 
-0.0130042 
-0.0123162 
-0.011582 
-0.0107994 
-0.00996482 
-0.00907363 
-0.00812173 
-0.00710515 
-0.00601726 
-0.00486478 
-0.00358878 
-0.00217973 
-0.000676043 
0.000904178 
0.00254404 
0.00423879 
0.00596101 
0.00767358 
0.00934025 
0.0109289 
0.0124112 
0.0137609 
0.0149523 
0.0159594 
0.016755 
0.0173103 
0.0175944 
0.0175755 
0.0172218 
0.0165045 
0.0154013 
0.013898 
0.0119893 
0.00967296 
0.00694372 
0.00376275 
5.5787e-05 
5.5787e-05 
0.0328149 
0.0328149 
0.0265063 
0.0211774 
0.0163348 
0.0118099 
0.00756884 
0.00361203 
-3.94365e-05 
-0.00336271 
-0.00633846 
-0.00893437 
-0.0111314 
-0.0129329 
-0.0143592 
-0.0154453 
-0.0162325 
-0.016763 
-0.0170753 
-0.0172034 
-0.0171767 
-0.0170206 
-0.0167575 
-0.0164063 
-0.0159833 
-0.0155014 
-0.0149708 
-0.0143988 
-0.0137901 
-0.0131472 
-0.01247 
-0.0117561 
-0.0110012 
-0.0101994 
-0.00934432 
-0.00842923 
-0.00743917 
-0.00636917 
-0.00517621 
-0.00386414 
-0.00245098 
-0.000916016 
0.00071279 
0.00243777 
0.00423097 
0.00605809 
0.00787834 
0.00964887 
0.0113285 
0.0128801 
0.0142706 
0.0154711 
0.0164557 
0.0172003 
0.0176815 
0.0178757 
0.0177591 
0.0173081 
0.0165006 
0.0153176 
0.0137427 
0.0117585 
0.00934235 
0.00643852 
0.00294901 
0.00294901 
0.0362628 
0.0362628 
0.0298633 
0.0243492 
0.019238 
0.0143711 
0.00972999 
0.00533307 
0.00122341 
-0.00255442 
-0.00596372 
-0.00895545 
-0.0114882 
-0.0135528 
-0.0151659 
-0.016368 
-0.0172123 
-0.0177564 
-0.0180533 
-0.018149 
-0.0180817 
-0.0178837 
-0.0175818 
-0.0171988 
-0.0167535 
-0.0162608 
-0.0157322 
-0.0151756 
-0.0145962 
-0.0139961 
-0.013375 
-0.0127294 
-0.0120531 
-0.0113377 
-0.0105726 
-0.00974814 
-0.00884222 
-0.00784656 
-0.00672493 
-0.00546564 
-0.00407261 
-0.00254449 
-0.000894513 
0.000862441 
0.00269949 
0.00459406 
0.00651416 
0.00842101 
0.0102707 
0.0120177 
0.013619 
0.0150364 
0.0162381 
0.0171984 
0.0178958 
0.018312 
0.0184293 
0.0182298 
0.0176946 
0.0168032 
0.0155331 
0.0138566 
0.0117378 
0.00910538 
0.00584219 
0.00584219 
0.0398879 
0.0398879 
0.0334101 
0.027723 
0.0223515 
0.0171412 
0.012086 
0.00722074 
0.00261116 
-0.00167147 
-0.00556923 
-0.0090151 
-0.0119383 
-0.0143113 
-0.0161418 
-0.0174738 
-0.0183739 
-0.0189183 
-0.0191796 
-0.0192201 
-0.0190898 
-0.0188288 
-0.0184698 
-0.0180392 
-0.0175585 
-0.0170447 
-0.0165102 
-0.0159639 
-0.0154109 
-0.0148536 
-0.0142911 
-0.013719 
-0.0131291 
-0.0125108 
-0.0118504 
-0.0111337 
-0.0103364 
-0.00943733 
-0.00840202 
-0.00721505 
-0.00586857 
-0.00435152 
-0.00267478 
-0.000853671 
0.00108305 
0.00310625 
0.00517493 
0.00724574 
0.0092746 
0.0112162 
0.0130259 
0.0146621 
0.0160888 
0.0172764 
0.0182023 
0.018849 
0.0192021 
0.0192477 
0.0189702 
0.0183501 
0.0173628 
0.0159739 
0.0141385 
0.0117715 
0.00873632 
0.00873632 
0.0436611 
0.0436611 
0.0371203 
0.0312788 
0.0256637 
0.0201186 
0.014645 
0.00929167 
0.00414676 
-0.000689734 
-0.00513177 
-0.00909233 
-0.0124663 
-0.0151997 
-0.017286 
-0.018768 
-0.0197253 
-0.0202562 
-0.0204587 
-0.0204168 
-0.0201965 
-0.0198481 
-0.0194106 
-0.0189145 
-0.018384 
-0.0178375 
-0.0172889 
-0.0167472 
-0.0162179 
-0.015703 
-0.0152012 
-0.0147065 
-0.0142087 
-0.013694 
-0.0131455 
-0.0125437 
-0.0118601 
-0.0110655 
-0.0101187 
-0.00899618 
-0.0076767 
-0.00614739 
-0.00441217 
-0.00248802 
-0.000410208 
0.00177319 
0.00401184 
0.00625802 
0.00846594 
0.0105908 
0.0125893 
0.0144217 
0.0160525 
0.0174518 
0.018596 
0.0194669 
0.0200505 
0.0203341 
0.0203039 
0.0199411 
0.0192203 
0.0181034 
0.0165387 
0.0144292 
0.0116187 
0.0116187 
0.0475341 
0.0475341 
0.0409483 
0.0349773 
0.0291454 
0.0232863 
0.0174033 
0.0115543 
0.00584832 
0.000413343 
-0.00462629 
-0.00915854 
-0.0130449 
-0.0161958 
-0.0185839 
-0.0202441 
-0.0212658 
-0.0217715 
-0.0218901 
-0.021735 
-0.0213937 
-0.0209298 
-0.0203898 
-0.0198085 
-0.0192125 
-0.0186216 
-0.0180504 
-0.0175083 
-0.0170008 
-0.0165299 
-0.0160935 
-0.0156842 
-0.0152893 
-0.0148928 
-0.014474 
-0.0140086 
-0.0134621 
-0.0127959 
-0.0119606 
-0.0109202 
-0.00964067 
-0.00810001 
-0.00629673 
-0.00424896 
-0.00199794 
0.000397667 
0.00287079 
0.00535745 
0.00780087 
0.0101477 
0.0123518 
0.0143759 
0.0161906 
0.017773 
0.0191054 
0.0201737 
0.0209656 
0.0214695 
0.0216711 
0.0215512 
0.0210828 
0.020224 
0.0189181 
0.0170562 
0.0144633 
0.0144633 
0.0514362 
0.0514362 
0.0448253 
0.0387558 
0.0327437 
0.026605 
0.0203372 
0.0140003 
0.00772083 
0.00165463 
-0.00402667 
-0.00917863 
-0.0136335 
-0.0172589 
-0.0200004 
-0.0218763 
-0.0229793 
-0.023454 
-0.0234654 
-0.0231643 
-0.0226677 
-0.0220572 
-0.0213885 
-0.0207009 
-0.0200229 
-0.0193753 
-0.0187731 
-0.0182257 
-0.0177386 
-0.0173134 
-0.0169471 
-0.0166309 
-0.0163498 
-0.0160853 
-0.015813 
-0.0155039 
-0.0151158 
-0.0145988 
-0.0138918 
-0.0129419 
-0.0117001 
-0.0101347 
-0.00823872 
-0.00603198 
-0.00356216 
-0.000899473 
0.00186204 
0.00463479 
0.00735113 
0.00994829 
0.0123732 
0.0145876 
0.0165673 
0.0182994 
0.0197778 
0.0209989 
0.0219581 
0.0226473 
0.0230531 
0.0231541 
0.0229202 
0.0223043 
0.0212436 
0.0196174 
0.0172316 
0.0172316 
0.0552716 
0.0552716 
0.048656 
0.0425234 
0.0363767 
0.030006 
0.0233951 
0.016597 
0.0097504 
0.00304001 
-0.00330883 
-0.00911323 
-0.0141779 
-0.0183266 
-0.0214738 
-0.0236118 
-0.0248255 
-0.0252751 
-0.0251626 
-0.0246847 
-0.0239975 
-0.0232074 
-0.0223824 
-0.0215666 
-0.02079 
-0.0200738 
-0.0194326 
-0.0188759 
-0.0184085 
-0.0180319 
-0.0177423 
-0.0175289 
-0.0173753 
-0.0172609 
-0.0171577 
-0.0170313 
-0.0168307 
-0.0164911 
-0.0159354 
-0.0150903 
-0.0138907 
-0.0122952 
-0.0102938 
-0.00790887 
-0.00519474 
-0.00223364 
0.00086522 
0.00398693 
0.00703815 
0.00994191 
0.0126296 
0.0150563 
0.0172005 
0.0190601 
0.020645 
0.021969 
0.0230426 
0.0238678 
0.0244356 
0.0247241 
0.0246987 
0.0243051 
0.0234722 
0.0220664 
0.0198744 
0.0198744 
0.0589186 
0.0589186 
0.0523176 
0.0461589 
0.0399297 
0.0333866 
0.0264917 
0.01928 
0.0118965 
0.00455248 
-0.00246548 
-0.00892687 
-0.0146149 
-0.019315 
-0.0229118 
-0.025363 
-0.0267314 
-0.0271792 
-0.0269401 
-0.0262622 
-0.0253517 
-0.0243495 
-0.0233407 
-0.0223752 
-0.0214841 
-0.020688 
-0.0200008 
-0.0194311 
-0.0189835 
-0.0186588 
-0.0184521 
-0.0183515 
-0.0183393 
-0.0183932 
-0.0184814 
-0.0185629 
-0.0185752 
-0.0184343 
-0.0180415 
-0.0173014 
-0.016135 
-0.0144952 
-0.0123723 
-0.0097927 
-0.00681549 
-0.00353167 
-5.71911e-05 
0.00345759 
0.00688566 
0.0101334 
0.0131121 
0.0157669 
0.018076 
0.0200462 
0.0217039 
0.0230837 
0.0242166 
0.0251216 
0.0257998 
0.0262318 
0.0263796 
0.0261804 
0.0255529 
0.0243479 
0.0223335 
0.0223335 
0.062231 
0.062231 
0.0556611 
0.049511 
0.0432536 
0.0366061 
0.0295034 
0.0219506 
0.0140905 
0.00615459 
-0.00150342 
-0.00859215 
-0.0148765 
-0.0201227 
-0.0241924 
-0.0270046 
-0.028584 
-0.029075 
-0.0287289 
-0.0278437 
-0.0266859 
-0.0254432 
-0.0242252 
-0.0230905 
-0.0220708 
-0.0211854 
-0.0204464 
-0.0198615 
-0.0194344 
-0.0191652 
-0.019048 
-0.0190701 
-0.0192135 
-0.0194544 
-0.0197562 
-0.0200674 
-0.0203109 
-0.0203783 
-0.0201449 
-0.0194965 
-0.0183477 
-0.0166525 
-0.0144064 
-0.0116399 
-0.00841327 
-0.00481903 
-0.000974115 
0.0029507 
0.00679328 
0.0104269 
0.0137331 
0.0166398 
0.0191219 
0.0211944 
0.0229011 
0.0242989 
0.0254431 
0.0263743 
0.0271093 
0.0276361 
0.0279158 
0.0278768 
0.0274266 
0.0263986 
0.0245422 
0.0245422 
0.0650436 
0.0650436 
0.0585167 
0.0524037 
0.0461695 
0.039489 
0.032269 
0.0244722 
0.0162253 
0.00776998 
-0.000465319 
-0.00809985 
-0.0149007 
-0.0206419 
-0.0251745 
-0.0283801 
-0.0302317 
-0.0308321 
-0.0304266 
-0.0293516 
-0.0279391 
-0.0264367 
-0.0249898 
-0.0236702 
-0.0225112 
-0.0215295 
-0.0207349 
-0.0201337 
-0.0197286 
-0.0195182 
-0.0194962 
-0.0196493 
-0.0199604 
-0.0204032 
-0.0209343 
-0.0214859 
-0.0219599 
-0.0222198 
-0.0221173 
-0.0215295 
-0.0203761 
-0.0186194 
-0.0162634 
-0.0133393 
-0.00990236 
-0.00603538 
-0.00184872 
0.00248055 
0.00674853 
0.010778 
0.0144195 
0.0175807 
0.020232 
0.0223959 
0.0241327 
0.0255213 
0.0266409 
0.0275557 
0.0283014 
0.0288771 
0.0292464 
0.0293305 
0.0290258 
0.028147 
0.0264263 
0.0264263 
0.0671765 
0.0671765 
0.060703 
0.0546452 
0.0484756 
0.0418277 
0.034586 
0.0266677 
0.0181688 
0.00931551 
0.000612271 
-0.00745306 
-0.0146343 
-0.0207721 
-0.0257152 
-0.0293176 
-0.0314936 
-0.0322832 
-0.0318949 
-0.03068 
-0.0290309 
-0.0272658 
-0.0255798 
-0.0240662 
-0.022762 
-0.021681 
-0.0208299 
-0.0202129 
-0.0198316 
-0.019683 
-0.0197598 
-0.0200497 
-0.0205359 
-0.0211889 
-0.0219533 
-0.0227381 
-0.0234141 
-0.0238249 
-0.0238029 
-0.0232352 
-0.0220594 
-0.0202516 
-0.0178226 
-0.0147995 
-0.011225 
-0.00716379 
-0.00271287 
0.00196609 
0.00664268 
0.0110718 
0.0150546 
0.0184667 
0.0212749 
0.0235134 
0.0252619 
0.026621 
0.0276926 
0.0285625 
0.0292858 
0.0298741 
0.030296 
0.0304672 
0.0302751 
0.029515 
0.0279057 
0.0279057 
0.068454 
0.068454 
0.0620415 
0.0560457 
0.0499709 
0.0434095 
0.0362354 
0.0283256 
0.0197486 
0.0106823 
0.00164918 
-0.00665164 
-0.0140332 
-0.0204296 
-0.0256912 
-0.0296566 
-0.032185 
-0.033241 
-0.0329667 
-0.0316948 
-0.0298594 
-0.0278524 
-0.0259323 
-0.0242253 
-0.0227771 
-0.0215988 
-0.0206934 
-0.0200632 
-0.0197081 
-0.0196226 
-0.0197988 
-0.0202258 
-0.0208869 
-0.0217456 
-0.0227284 
-0.023714 
-0.0245388 
-0.0250268 
-0.0250296 
-0.0244552 
-0.0232577 
-0.0214273 
-0.0189784 
-0.0159269 
-0.0122992 
-0.00813639 
-0.00351446 
0.00145049 
0.00649056 
0.0112713 
0.0155455 
0.0191623 
0.0220893 
0.0243744 
0.0261166 
0.0274352 
0.0284503 
0.0292649 
0.0299498 
0.0305281 
0.0309749 
0.0312018 
0.0310906 
0.0304181 
0.0288967 
0.0288967 
0.0686794 
0.0686794 
0.0623786 
0.0564393 
0.0504675 
0.0440273 
0.0369821 
0.0291865 
0.0206939 
0.0117289 
0.00275345 
-0.00563736 
-0.0130924 
-0.0196072 
-0.0250687 
-0.0293176 
-0.0321809 
-0.0335497 
-0.0334809 
-0.0322525 
-0.0303087 
-0.0281057 
-0.0259751 
-0.024089 
-0.0225078 
-0.0212412 
-0.0202881 
-0.0196493 
-0.019323 
-0.0192998 
-0.0195717 
-0.0201291 
-0.0209533 
-0.021996 
-0.0231583 
-0.0242845 
-0.0251846 
-0.0256827 
-0.0256563 
-0.0250478 
-0.0238413 
-0.0220339 
-0.0196268 
-0.0166236 
-0.0130366 
-0.00889062 
-0.00424026 
0.000837588 
0.00615517 
0.0112785 
0.0158167 
0.0195801 
0.0225568 
0.0248354 
0.0265413 
0.0278086 
0.028767 
0.0295287 
0.0301743 
0.0307343 
0.0311889 
0.0314469 
0.0313879 
0.030772 
0.029316 
0.029316 
0.0677028 
0.0677028 
0.0615794 
0.0557038 
0.049839 
0.0435533 
0.036692 
0.0291168 
0.0208839 
0.0122734 
0.00369982 
-0.0044204 
-0.0117758 
-0.0182595 
-0.0237851 
-0.0282112 
-0.0313496 
-0.0330381 
-0.0332483 
-0.032177 
-0.0302376 
-0.0279224 
-0.025633 
-0.0235986 
-0.0219048 
-0.0205676 
-0.0195789 
-0.0189386 
-0.0186436 
-0.0186794 
-0.0190375 
-0.0197092 
-0.0206706 
-0.0218558 
-0.0231352 
-0.0243224 
-0.0252182 
-0.0256692 
-0.0255941 
-0.0249664 
-0.0237796 
-0.0220269 
-0.0197002 
-0.0167928 
-0.0133055 
-0.00925001 
-0.00465658 
0.000425363 
0.00580418 
0.0110107 
0.0156251 
0.0194387 
0.0224206 
0.024675 
0.0263457 
0.0275766 
0.0284997 
0.029229 
0.0298479 
0.0303913 
0.030842 
0.0311104 
0.0310745 
0.0304876 
0.0290941 
0.0290941 
0.0653936 
0.0653936 
0.05953 
0.0537583 
0.0480263 
0.0419523 
0.0353659 
0.0281586 
0.020397 
0.0123491 
0.00435978 
-0.00328382 
-0.0103225 
-0.0166095 
-0.0220426 
-0.0264902 
-0.029772 
-0.0317036 
-0.0321925 
-0.0313464 
-0.0295131 
-0.0271841 
-0.0248132 
-0.0226876 
-0.0209252 
-0.019543 
-0.0185363 
-0.0179038 
-0.0176425 
-0.0177306 
-0.0181591 
-0.0189188 
-0.0199767 
-0.021245 
-0.0225642 
-0.0237293 
-0.0245538 
-0.0249231 
-0.024795 
-0.0241627 
-0.0230202 
-0.0213527 
-0.0191421 
-0.0163742 
-0.013042 
-0.00914718 
-0.00470682 
0.000220888 
0.00539851 
0.010393 
0.0148626 
0.0186014 
0.0215441 
0.0237712 
0.0254213 
0.0266385 
0.0275528 
0.0282742 
0.0288835 
0.0294154 
0.0298534 
0.0301128 
0.0300706 
0.0294902 
0.0281716 
0.0281716 
0.0616423 
0.0616423 
0.0561423 
0.0505593 
0.0450231 
0.0392454 
0.0330548 
0.0263734 
0.0192676 
0.0119547 
0.00470164 
-0.00228311 
-0.00880656 
-0.0147145 
-0.0198938 
-0.0242139 
-0.0275024 
-0.0295702 
-0.0302864 
-0.0296851 
-0.0280359 
-0.0257947 
-0.0234363 
-0.0212937 
-0.0195177 
-0.0181373 
-0.0171375 
-0.0165258 
-0.0162996 
-0.0164302 
-0.0169066 
-0.0177181 
-0.0188193 
-0.0200999 
-0.0213782 
-0.0224494 
-0.0231579 
-0.0234322 
-0.0232594 
-0.0226393 
-0.0215598 
-0.0199975 
-0.0179282 
-0.0153335 
-0.0122053 
-0.00855065 
-0.00440522 
0.00013524 
0.00485034 
0.00942188 
0.0135693 
0.0170973 
0.0199263 
0.0221008 
0.0237327 
0.0249508 
0.0258751 
0.0266065 
0.0272179 
0.0277404 
0.0281563 
0.0283884 
0.0283157 
0.0277305 
0.0265045 
0.0265045 
0.0563611 
0.0563611 
0.0513473 
0.046088 
0.0408605 
0.035493 
0.0298353 
0.0238281 
0.0175231 
0.011076 
0.00468012 
-0.00150906 
-0.00734805 
-0.0127026 
-0.0174585 
-0.0214874 
-0.0246276 
-0.0266976 
-0.0275517 
-0.0271718 
-0.0257516 
-0.0236879 
-0.0214431 
-0.0193731 
-0.0176537 
-0.0163255 
-0.0153725 
-0.0147959 
-0.0146056 
-0.0147655 
-0.0152615 
-0.0160802 
-0.0171634 
-0.0183827 
-0.0195482 
-0.0204736 
-0.0210436 
-0.0212243 
-0.0210199 
-0.0204293 
-0.0194344 
-0.0180074 
-0.0161224 
-0.0137632 
-0.0109283 
-0.00763716 
-0.00394129 
5.67705e-05 
0.00417981 
0.00819361 
0.0118782 
0.0150689 
0.0176874 
0.0197493 
0.0213322 
0.0225381 
0.023468 
0.0242075 
0.0248174 
0.0253223 
0.0257028 
0.0258904 
0.0257722 
0.0251852 
0.0240759 
0.0240759 
0.0494953 
0.0494953 
0.0451063 
0.0403539 
0.0356035 
0.0307942 
0.0258162 
0.0206204 
0.0152375 
0.00976752 
0.00434021 
-0.000936065 
-0.00595877 
-0.0106121 
-0.0147887 
-0.0183691 
-0.0212081 
-0.0231419 
-0.0240283 
-0.0238198 
-0.0226464 
-0.020834 
-0.018803 
-0.0169032 
-0.0153205 
-0.014104 
-0.0132381 
-0.0127182 
-0.0125647 
-0.0127375 
-0.0132203 
-0.0139966 
-0.014998 
-0.0160881 
-0.0170851 
-0.0178345 
-0.0182618 
-0.0183603 
-0.0181414 
-0.0176018 
-0.0167204 
-0.0154695 
-0.0138258 
-0.0117777 
-0.00933014 
-0.00651013 
-0.00337325 
-1.25197e-05 
0.00343663 
0.00680644 
0.00993105 
0.0126822 
0.014992 
0.0168585 
0.0183293 
0.0194769 
0.0203775 
0.0210974 
0.0216824 
0.0221488 
0.0224766 
0.0226065 
0.0224426 
0.0218737 
0.0209089 
0.0209089 
0.0410008 
0.0410008 
0.0373794 
0.0333461 
0.0292829 
0.0252093 
0.0210616 
0.0168015 
0.0124403 
0.00803447 
0.00366249 
-0.000601472 
-0.00467932 
-0.0084835 
-0.0119254 
-0.0149028 
-0.0172925 
-0.0189561 
-0.019768 
-0.0196704 
-0.0187447 
-0.0172433 
-0.0155207 
-0.0138908 
-0.0125298 
-0.0114882 
-0.0107522 
-0.0103127 
-0.0101964 
-0.0103634 
-0.0107977 
-0.0114801 
-0.0123391 
-0.0132436 
-0.0140353 
-0.014598 
-0.0148915 
-0.0149254 
-0.0147134 
-0.0142509 
-0.0135179 
-0.0124905 
-0.0111501 
-0.00948922 
-0.0075153 
-0.00525436 
-0.00275466 
-8.99273e-05 
0.0026413 
0.00531833 
0.00782122 
0.0100564 
0.0119701 
0.0135529 
0.0148306 
0.0158493 
0.0166612 
0.017312 
0.0178326 
0.0182314 
0.0184891 
0.0185582 
0.0183662 
0.0178502 
0.0170591 
0.0170591 
0.0309595 
0.0309595 
0.0282439 
0.0251501 
