0 
0.00138331 
0.00211393 
0.00315669 
0.00413828 
0.0048801 
0.00534271 
0.00554843 
0.00553707 
0.0053496 
0.00502212 
0.00458478 
0.00406281 
0.00347804 
0.00285051 
0.00219961 
0.00154488 
0.000906134 
0.000303352 
-0.000248464 
-0.000743557 
-0.00117898 
-0.00155151 
-0.00186156 
-0.00211547 
-0.00232527 
-0.00250688 
-0.00267555 
-0.00283804 
-0.00298412 
-0.00308424 
-0.0031007 
-0.0030102 
-0.00282081 
-0.00256698 
-0.00228851 
-0.00201404 
-0.00175833 
-0.00152703 
-0.00132137 
-0.0011404 
-0.000981961 
-0.000843336 
-0.000721639 
-0.000614118 
-0.000518299 
-0.000432028 
-0.000353484 
-0.000281144 
-0.000213699 
-0.000150099 
-8.99335e-05 
-3.31587e-05 
2.05859e-05 
7.22986e-05 
0.000122094 
0.000169476 
0.000213795 
0.000254477 
0.000290955 
0.000322628 
0.000348897 
0.000369214 
0.000383093 
0.0003902 
0 
-0.00138331 
-0.00138331 
-0.00211393 
-0.00315669 
-0.00413828 
-0.0048801 
-0.00534271 
-0.00554843 
-0.00553707 
-0.0053496 
-0.00502212 
-0.00458478 
-0.00406281 
-0.00347804 
-0.00285051 
-0.00219961 
-0.00154488 
-0.000906134 
-0.000303352 
0.000248464 
0.000743557 
0.00117898 
0.00155151 
0.00186156 
0.00211547 
0.00232527 
0.00250688 
0.00267555 
0.00283804 
0.00298412 
0.00308424 
0.0031007 
0.0030102 
0.00282081 
0.00256698 
0.00228851 
0.00201404 
0.00175833 
0.00152703 
0.00132137 
0.0011404 
0.000981961 
0.000843336 
0.000721639 
0.000614118 
0.000518299 
0.000432028 
0.000353484 
0.000281144 
0.000213699 
0.000150099 
8.99335e-05 
3.31587e-05 
-2.05859e-05 
-7.22986e-05 
-0.000122094 
-0.000169476 
-0.000213795 
-0.000254477 
-0.000290955 
-0.000322628 
-0.000348897 
-0.000369214 
-0.000383093 
-0.0003902 
-0.0003902 
-0.00274087 
-0.00274087 
-0.00589148 
-0.00941482 
-0.0123449 
-0.0144152 
-0.0156432 
-0.0161455 
-0.0160542 
-0.015489 
-0.0145488 
-0.0133125 
-0.0118434 
-0.0101953 
-0.00841697 
-0.00655682 
-0.00466535 
-0.00279647 
-0.00100864 
0.000647944 
0.00214529 
0.00346722 
0.00460113 
0.00554591 
0.00631773 
0.00695018 
0.00749021 
0.00798627 
0.00846558 
0.00890673 
0.00922824 
0.00931764 
0.00909811 
0.00858338 
0.00786951 
0.00707511 
0.00628887 
0.00555704 
0.00489639 
0.00430914 
0.00379121 
0.00333575 
0.00293483 
0.00258047 
0.0022652 
0.0019824 
0.00172632 
0.00149207 
0.00127557 
0.00107345 
0.000883014 
0.000702188 
0.000529385 
0.000363557 
0.000204755 
5.36439e-05 
-8.87828e-05 
-0.000221347 
-0.000342771 
-0.0004516 
-0.000546103 
-0.000624521 
-0.0006852 
-0.000726674 
-0.000747921 
-0.000747921 
-0.00623373 
-0.00623373 
-0.0118804 
-0.0172468 
-0.0214724 
-0.0243547 
-0.0259821 
-0.0265417 
-0.026231 
-0.0252246 
-0.0236642 
-0.0216605 
-0.019301 
-0.0166589 
-0.0138021 
-0.0107995 
-0.00772548 
-0.00466201 
-0.00170025 
0.00108425 
0.0036381 
0.00591842 
0.00788979 
0.00953856 
0.0108792 
0.0119553 
0.0128367 
0.0136036 
0.014313 
0.0149509 
0.0154053 
0.0155034 
0.0151186 
0.0142648 
0.0130913 
0.0117885 
0.0105022 
0.00930852 
0.00823404 
0.00728042 
0.00643915 
0.00569801 
0.00504378 
0.00446366 
0.0039459 
0.00348007 
0.00305715 
0.00266939 
0.00231029 
0.00197443 
0.00165751 
0.00135629 
0.0010686 
0.000793032 
0.000528711 
0.000275635 
3.49749e-05 
-0.000190462 
-0.000397258 
-0.000582821 
-0.000744156 
-0.00087818 
-0.000981981 
-0.00105297 
-0.00108936 
-0.00108936 
-0.0123102 
-0.0123102 
-0.0191054 
-0.025538 
-0.0305457 
-0.0338749 
-0.0356446 
-0.0360945 
-0.0354744 
-0.0339998 
-0.0318399 
-0.0291222 
-0.0259445 
-0.0223887 
-0.0185324 
-0.0144585 
-0.0102605 
-0.00604309 
-0.00192174 
0.00199511 
0.00561664 
0.00886563 
0.0116825 
0.014039 
0.0159425 
0.0174387 
0.0186108 
0.0195642 
0.0203869 
0.0210849 
0.0215345 
0.0215232 
0.0208889 
0.019651 
0.018006 
0.0162058 
0.0144421 
0.0128143 
0.0113547 
0.0100619 
0.00892202 
0.0079168 
0.00702778 
0.00623756 
0.0055304 
0.00489243 
0.0043116 
0.00377754 
0.00328148 
0.0028161 
0.00237552 
0.00195527 
0.00155222 
0.00116452 
0.000791727 
0.000434968 
9.64737e-05 
-0.000220519 
-0.000512639 
-0.00077585 
-0.00100541 
-0.00119664 
-0.00134511 
-0.00144687 
-0.00149914 
-0.00149914 
-0.0200411 
-0.0200411 
-0.0273128 
-0.0342495 
-0.0395518 
-0.0429385 
-0.0445725 
-0.044746 
-0.0437483 
-0.0418157 
-0.0391225 
-0.0357924 
-0.0319165 
-0.0275723 
-0.0228386 
-0.0178074 
-0.0125894 
-0.00731303 
-0.00212005 
0.00286617 
0.00752054 
0.0117293 
0.0154073 
0.0185049 
0.0210124 
0.0229663 
0.0244509 
0.025586 
0.0264833 
0.0271679 
0.0275152 
0.0272943 
0.0263336 
0.0246746 
0.0225614 
0.0202943 
0.0180963 
0.0160793 
0.0142762 
0.0126812 
0.0112742 
0.0100318 
0.00893067 
0.00794952 
0.00706918 
0.00627277 
0.00554563 
0.00487507 
0.0042503 
0.00366232 
0.00310396 
0.00256971 
0.0020558 
0.00155996 
0.00108131 
0.000620445 
0.000179556 
-0.000236787 
-0.000621884 
-0.000969848 
-0.00127443 
-0.001529 
-0.00172716 
-0.00186323 
-0.0019333 
-0.0019333 
-0.0280941 
-0.0280941 
-0.0357248 
-0.0428178 
-0.0480274 
-0.0511516 
-0.0524385 
-0.0522337 
-0.0508476 
-0.048512 
-0.0453816 
-0.0415555 
-0.0371031 
-0.0320867 
-0.0265795 
-0.0206791 
-0.0145136 
-0.00823887 
-0.0020254 
0.00396741 
0.00957713 
0.0146648 
0.0191298 
0.0229089 
0.0259799 
0.0283685 
0.0301541 
0.0314601 
0.0324077 
0.0330287 
0.0331964 
0.0326783 
0.0313223 
0.0292141 
0.0266473 
0.0239562 
0.0213778 
0.0190253 
0.0169269 
0.0150711 
0.0134324 
0.0119827 
0.0106949 
0.00954431 
0.00850883 
0.00756905 
0.00670798 
0.00591088 
0.00516509 
0.00446005 
0.00378724 
0.00314014 
0.00251417 
0.00190665 
0.00131718 
0.000747385 
0.00020122 
-0.000315374 
-0.000796368 
-0.00123394 
-0.00161854 
-0.00194126 
-0.00219359 
-0.00236763 
-0.00245777 
-0.00245777 
-0.0359987 
-0.0359987 
-0.0439046 
-0.0508683 
-0.0556762 
-0.0583069 
-0.0591212 
-0.0585081 
-0.0567755 
-0.0541255 
-0.0506719 
-0.0464742 
-0.0415703 
-0.0360008 
-0.0298285 
-0.0231542 
-0.0161265 
-0.00893602 
-0.0017906 
0.00512254 
0.0116052 
0.0174948 
0.0226751 
0.0270715 
0.0306528 
0.0334381 
0.0355027 
0.0369678 
0.0379508 
0.0384747 
0.0384046 
0.0375226 
0.035726 
0.0331661 
0.0301847 
0.0271331 
0.0242445 
0.0216224 
0.0192866 
0.0172195 
0.0153911 
0.0137697 
0.0123255 
0.0110312 
0.00986262 
0.00879826 
0.00781929 
0.00690925 
0.00605396 
0.00524153 
0.00446239 
0.00370909 
0.00297651 
0.00226158 
0.00156333 
0.000883565 
0.000225902 
-0.000402774 
-0.000990992 
-0.00152857 
-0.00200401 
-0.00240492 
-0.00271993 
-0.0029383 
-0.00305219 
-0.00305219 
-0.0432295 
-0.0432295 
-0.0513545 
-0.0579801 
-0.0621888 
-0.0642125 
-0.0645235 
-0.0635344 
-0.061529 
-0.0586611 
-0.0549909 
-0.0505321 
-0.0452874 
-0.0392729 
-0.0325346 
-0.0251715 
-0.0173524 
-0.0093098 
-0.00129728 
0.00644664 
0.0136872 
0.0202503 
0.0260191 
0.03092 
0.0349207 
0.0380369 
0.0403388 
0.0419386 
0.0429359 
0.0433279 
0.0429689 
0.0416747 
0.0394212 
0.0364388 
0.033108 
0.0297769 
0.0266588 
0.0238394 
0.021328 
0.0191015 
0.0171272 
0.0153711 
0.0138017 
0.0123902 
0.0111109 
0.00994096 
0.00885998 
0.00785008 
0.00689574 
0.00598384 
0.00510361 
0.00424662 
0.00340683 
0.00258056 
0.0017678 
0.00097002 
0.00019368 
-0.000551691 
-0.00125489 
-0.00190212 
-0.00247875 
-0.00296861 
-0.0033561 
-0.00362652 
-0.00376879 
-0.00376879 
-0.0494986 
-0.0494986 
-0.0577541 
-0.0638874 
-0.0673999 
-0.0687998 
-0.0686396 
-0.0673361 
-0.0651346 
-0.0621318 
-0.0583315 
-0.0537031 
-0.0482177 
-0.0418668 
-0.0346724 
-0.0267212 
-0.018201 
-0.00939222 
-0.000603235 
0.00786659 
0.0157416 
0.0228437 
0.0290676 
0.0343523 
0.0386726 
0.0420449 
0.0445335 
0.0462335 
0.0472116 
0.0474274 
0.0467309 
0.0449983 
0.0423073 
0.0389675 
0.0353785 
0.031864 
0.0286045 
0.0256639 
0.0230413 
0.0207099 
0.0186355 
0.0167837 
0.0151225 
0.0136226 
0.0122575 
0.0110034 
0.00983884 
0.00874494 
0.00770508 
0.00670503 
0.00573302 
0.00477949 
0.00383787 
0.00290364 
0.00197503 
0.00105481 
0.000150884 
-0.000724961 
-0.00155815 
-0.00233211 
-0.00302761 
-0.00362335 
-0.00409833 
-0.00443242 
-0.00461005 
-0.00461005 
-0.0545694 
-0.0545694 
-0.0628621 
-0.0684207 
-0.0712344 
-0.0720614 
-0.0714927 
-0.0699389 
-0.0676017 
-0.064521 
-0.0606494 
-0.0559196 
-0.0502781 
-0.0436968 
-0.0361668 
-0.0277475 
-0.0186382 
-0.00916579 
0.000288725 
0.00933805 
0.01768 
0.0251599 
0.0316987 
0.0372511 
0.0417987 
0.0453575 
0.0479816 
0.0497384 
0.0506479 
0.0506308 
0.0495551 
0.0473884 
0.0443213 
0.0407245 
0.036989 
0.033395 
0.0300837 
0.027097 
0.0244261 
0.0220428 
0.0199134 
0.0180046 
0.0162848 
0.014725 
0.0132988 
0.0119819 
0.0107522 
0.00958999 
0.00847766 
0.00739992 
0.00634353 
0.00529801 
0.00425459 
0.00320717 
0.00215556 
0.00110497 
6.52669e-05 
-0.000952174 
-0.00193106 
-0.00285029 
-0.00368501 
-0.00440729 
-0.00498874 
-0.00540173 
-0.00562406 
-0.00562406 
-0.0583187 
-0.0583187 
-0.0665525 
-0.0715206 
-0.0737013 
-0.0740385 
-0.0731295 
-0.0713766 
-0.0689398 
-0.0658101 
-0.0618993 
-0.0571122 
-0.0513792 
-0.0446611 
-0.0369241 
-0.0281876 
-0.0186456 
-0.00865138 
0.00131674 
0.0107452 
0.0193556 
0.0270521 
0.0337825 
0.0395075 
0.0442079 
0.0478942 
0.0506018 
0.0523582 
0.0531304 
0.0528174 
0.0513417 
0.0487886 
0.0454506 
0.0417252 
0.037965 
0.0343946 
0.0311159 
0.0281531 
0.025493 
0.023108 
0.0209669 
0.0190384 
0.0172928 
0.015702 
0.0142401 
0.0128828 
0.0116079 
0.0103948 
0.00922536 
0.00808284 
0.00695283 
0.00582231 
0.00468018 
0.00352171 
0.00234764 
0.00116126 
-2.8334e-05 
-0.00120698 
-0.00235497 
-0.00344625 
-0.00444916 
-0.00532718 
-0.00604213 
-0.00655587 
-0.00683655 
-0.00683655 
-0.0606999 
-0.0606999 
-0.06879 
-0.073211 
-0.0748664 
-0.0748053 
-0.0736183 
-0.0717002 
-0.0691785 
-0.0660076 
-0.0620706 
-0.0572512 
-0.0514685 
-0.0446783 
-0.0368466 
-0.0279611 
-0.0181816 
-0.0078937 
0.00228596 
0.0118237 
0.0205408 
0.0283529 
0.0351998 
0.0410351 
0.0458344 
0.0495965 
0.0523282 
0.0540085 
0.054561 
0.0539003 
0.0520466 
0.0492071 
0.0457404 
0.0420279 
0.0383611 
0.0349072 
0.0317354 
0.028858 
0.0262609 
0.0239197 
0.0218067 
0.0198937 
0.0181533 
0.0165593 
0.0150865 
0.0137112 
0.0124109 
0.0111649 
0.00995377 
0.00875956 
0.00756507 
0.00635396 
0.00511659 
0.00384782 
0.00254555 
0.00121266 
-0.000140761 
-0.00149984 
-0.00284281 
-0.0041379 
-0.00534502 
-0.00641654 
-0.00730099 
-0.00794548 
-0.00830376 
-0.00830376 
-0.0617327 
-0.0617327 
-0.0696159 
-0.0735777 
-0.0748325 
-0.0744601 
-0.0730482 
-0.0709835 
-0.0683767 
-0.0651603 
-0.0612011 
-0.0563678 
-0.0505696 
-0.0437555 
-0.0359129 
-0.0270488 
-0.017276 
-0.00701833 
0.00304072 
0.0125136 
0.0212331 
0.0290772 
0.0359673 
0.0418466 
0.0466804 
0.0504461 
0.0531116 
0.0546122 
0.054864 
0.053849 
0.0517027 
0.0487255 
0.0452902 
0.0417251 
0.0382527 
0.034991 
0.0319862 
0.029245 
0.0267555 
0.0244976 
0.0224482 
0.0205828 
0.0188769 
0.0173063 
0.015847 
0.0144761 
0.0131713 
0.0119116 
0.0106761 
0.00944467 
0.00819643 
0.00691622 
0.00559272 
0.00421679 
0.00278414 
0.00129575 
-0.00023925 
-0.00180495 
-0.00337713 
-0.00491802 
-0.00637758 
-0.00769406 
-0.00879808 
-0.00961595 
-0.0100799 
-0.0100799 
-0.0614854 
-0.0614854 
-0.0691071 
-0.0727202 
-0.0736983 
-0.0730969 
-0.0715085 
-0.0693124 
-0.0666146 
-0.0633451 
-0.0593663 
-0.0545407 
-0.0487699 
-0.0420005 
-0.0342402 
-0.0255661 
-0.0161577 
-0.00633536 
0.00344619 
0.0127727 
0.0214031 
0.029199 
0.0360603 
0.0419155 
0.0467092 
0.0503885 
0.0528864 
0.0541229 
0.054049 
0.0527336 
0.050436 
0.0474927 
0.0442381 
0.0409289 
0.0377258 
0.0347112 
0.0319181 
0.0293523 
0.0270062 
0.0248648 
0.0229097 
0.0211206 
0.019476 
0.0179538 
0.0165316 
0.0151873 
0.0138993 
0.0126455 
0.0114036 
0.0101496 
0.00886316 
0.00752662 
0.00612433 
0.00464379 
0.00307719 
0.00142315 
-0.000311162 
-0.00211086 
-0.00395154 
-0.00578943 
-0.00756287 
-0.00919225 
-0.010584 
-0.011635 
-0.0122451 
-0.0122451 
-0.0600379 
-0.0600379 
-0.0674213 
-0.0708142 
-0.0716291 
-0.0708761 
-0.069152 
-0.0668373 
-0.064052 
-0.0607376 
-0.0567622 
-0.0519906 
-0.0463252 
-0.0397187 
-0.032188 
-0.0238258 
-0.0148146 
-0.00545266 
0.0038765 
0.0128582 
0.0212383 
0.028847 
0.0355558 
0.0412668 
0.0458961 
0.0493616 
0.0515828 
0.0525049 
0.0521559 
0.0507102 
0.0484529 
0.0457004 
0.0427374 
0.0397548 
0.0368668 
0.0341333 
0.0315815 
0.0292195 
0.0270442 
0.0250461 
0.0232114 
0.0215236 
0.0199644 
0.0185138 
0.0171514 
0.0158562 
0.0146066 
0.01338 
0.0121509 
0.0108947 
0.00958878 
0.00821163 
0.00674304 
0.00516563 
0.00346633 
0.00163905 
-0.000313876 
-0.00237996 
-0.00453704 
-0.00673655 
-0.00890384 
-0.0109371 
-0.0127103 
-0.0140789 
-0.0148939 
-0.0148939 
-0.0574924 
-0.0574924 
-0.0647286 
-0.068015 
-0.0687631 
-0.0679325 
-0.0661172 
-0.0637055 
-0.0608424 
-0.0574936 
-0.053543 
-0.0488651 
-0.0433686 
-0.0370137 
-0.0298246 
-0.021898 
-0.0134064 
-0.0046015 
0.00420811 
0.0127402 
0.0207467 
0.0280402 
0.0344675 
0.0399052 
0.0442464 
0.0473994 
0.0493012 
0.049952 
0.0494566 
0.0480362 
0.0459706 
0.0435305 
0.040928 
0.038307 
0.035754 
0.033318 
0.0310248 
0.0288851 
0.0269006 
0.0250665 
0.0233734 
0.0218084 
0.0203559 
0.0189986 
0.0177178 
0.0164939 
0.0153058 
0.0141283 
0.0129346 
0.0116987 
0.0103946 
0.00899621 
0.00747748 
0.00581462 
0.00398718 
0.00198194 
-0.000206869 
-0.0025724 
-0.00510053 
-0.00774039 
-0.0104034 
-0.0129601 
-0.0152413 
-0.0170447 
-0.0181496 
-0.0181496 
-0.0539949 
-0.0539949 
-0.0611743 
-0.0644634 
-0.0652441 
-0.0644197 
-0.0625717 
-0.0600987 
-0.0571793 
-0.0538142 
-0.0499122 
-0.0453636 
-0.0400867 
-0.0340482 
-0.0272735 
-0.0198525 
-0.0119418 
-0.0037603 
0.00443655 
0.0124108 
0.0199225 
0.0267724 
0.0327912 
0.0378397 
0.0418053 
0.0446096 
0.0462277 
0.0467151 
0.0462209 
0.0449688 
0.0432008 
0.0411305 
0.038917 
0.0366675 
0.0344532 
0.0323191 
0.0302914 
0.0283847 
0.0266044 
0.0249498 
0.0234152 
0.0219909 
0.0206643 
0.01942 
0.0182421 
0.017113 
0.0160093 
0.0149044 
0.0137713 
0.0125818 
0.0113059 
0.00991176 
0.00836656 
0.00663788 
0.00469499 
0.00251327 
7.41032e-05 
-0.00262602 
-0.0055889 
-0.00876626 
-0.0120546 
-0.0152899 
-0.0182461 
-0.0206432 
-0.0221574 
-0.0221574 
-0.0496865 
-0.0496865 
-0.0568981 
-0.0602933 
-0.0612085 
-0.0604848 
-0.0586799 
-0.0561995 
-0.0532592 
-0.0499034 
-0.0460746 
-0.0416841 
-0.0366628 
-0.0309842 
-0.0246739 
-0.0178126 
-0.0105372 
-0.00303195 
0.0044949 
0.0118352 
0.018759 
0.0250664 
0.0305851 
0.0351769 
0.0387413 
0.041227 
0.0426474 
0.0430916 
0.0427179 
0.041723 
0.0403008 
0.038614 
0.0367841 
0.034898 
0.0330162 
0.0311801 
0.0294191 
0.0277501 
0.026182 
0.0247175 
0.0233545 
0.0220855 
0.020901 
0.0197889 
0.0187363 
0.0177236 
0.0167269 
0.0157203 
0.0146759 
0.0135629 
0.0123467 
0.0109893 
0.00944938 
0.00768343 
0.00564691 
0.00329813 
0.000600008 
-0.00247095 
-0.00594244 
-0.00977652 
-0.0138525 
-0.0179609 
-0.0218011 
-0.0249922 
-0.0270713 
-0.0270713 
-0.0446991 
-0.0446991 
-0.0520239 
-0.0556226 
-0.0567761 
-0.0562587 
-0.0545918 
-0.0521791 
-0.0492709 
-0.0459609 
-0.0422334 
-0.0380268 
-0.0332863 
-0.027992 
-0.0221685 
-0.0158872 
-0.00926736 
-0.00246361 
0.00435592 
0.0110122 
0.0172906 
0.0230011 
0.0279815 
0.0321077 
0.0353007 
0.0375363 
0.0388521 
0.0393462 
0.039161 
0.0384563 
0.0373816 
0.0360615 
0.0345926 
0.0330481 
0.0314826 
0.0299365 
0.0284383 
0.0270069 
0.025655 
0.0243879 
0.023206 
0.0221048 
0.0210781 
0.0201171 
0.0192081 
0.0183319 
0.0174662 
0.0165856 
0.0156611 
0.0146592 
0.013541 
0.0122614 
0.0107693 
0.00900682 
0.00691076 
0.00441442 
0.0014526 
-0.00203219 
-0.00610396 
-0.0107454 
-0.0158095 
-0.0210214 
-0.0259803 
-0.0301813 
-0.0329943 
-0.0329943 
-0.0391488 
-0.0391488 
-0.0466587 
-0.0505499 
-0.0520441 
-0.0518457 
-0.0504282 
-0.0481803 
-0.045377 
-0.0421616 
-0.038568 
-0.0345684 
-0.030126 
-0.0252272 
-0.0198951 
-0.014192 
-0.00821995 
-0.00210804 
0.00400706 
0.00997159 
0.0155939 
0.0207035 
0.0251577 
0.0288532 
0.0317325 
0.0337895 
0.03507 
0.0356637 
0.0356876 
0.0352656 
0.0345127 
0.0335265 
0.0323868 
0.0311572 
0.0298877 
0.0286167 
0.027373 
0.0261768 
0.0250423 
0.0239768 
0.0229833 
0.0220604 
0.0212048 
0.0204088 
0.0196601 
0.018941 
0.0182311 
0.0175056 
0.016735 
0.0158836 
0.0149082 
0.0137567 
0.0123659 
0.0106603 
0.0085503 
0.00593323 
0.00269928 
-0.00125998 
-0.00605707 
-0.0117002 
-0.0179875 
-0.0245396 
-0.0308265 
-0.0362082 
-0.0398848 
-0.0398848 
-0.0331337 
-0.0331337 
-0.0408912 
-0.0451534 
-0.0470837 
-0.0473173 
-0.0462716 
-0.0443043 
-0.0416994 
-0.0386425 
-0.0352203 
-0.0314475 
-0.0273107 
-0.0228045 
-0.01795 
-0.0128006 
-0.00744304 
-0.00198474 
0.00346153 
0.00876528 
0.0137631 
0.018309 
0.0222835 
0.0256039 
0.0282291 
0.0301615 
0.031444 
0.03215 
0.032371 
0.032202 
0.0317327 
0.0310418 
0.0301967 
0.0292533 
0.0282574 
0.0272451 
0.0262448 
0.0252773 
0.0243577 
0.0234953 
0.0226951 
0.021958 
0.0212833 
0.0206647 
0.0200921 
0.0195502 
0.0190207 
0.0184803 
0.0178996 
0.0172419 
0.0164605 
0.0154959 
0.0142709 
0.0126863 
0.0106152 
0.00790172 
0.00436818 
-0.000165741 
-0.00586822 
-0.0127479 
-0.02049 
-0.02856 
-0.0362863 
-0.0429134 
-0.0475015 
-0.0475015 
-0.0267349 
-0.0267349 
-0.0347938 
-0.0394932 
-0.0419425 
-0.0427125 
-0.0421615 
-0.040603 
-0.0383095 
-0.0354924 
-0.0322876 
-0.0287587 
-0.0249252 
-0.020795 
-0.0163888 
-0.0117519 
-0.00695639 
-0.00209194 
0.00274643 
0.00744934 
0.0118832 
0.0159269 
0.0194832 
0.0224865 
0.0249062 
0.0267466 
0.0280423 
0.0288505 
0.029241 
0.0292874 
0.0290609 
0.0286264 
0.0280415 
0.0273556 
0.0266102 
0.025839 
0.0250695 
0.0243222 
0.0236131 
0.0229524 
0.022347 
0.0218001 
0.0213134 
0.0208824 
0.0204998 
0.0201536 
0.019828 
0.0195019 
0.0191478 
0.0187293 
0.0181971 
0.017484 
0.0164954 
0.0150992 
0.0131149 
0.0103098 
0.0064103 
0.00114452 
-0.00569437 
-0.014035 
-0.023383 
-0.0330231 
-0.0421678 
-0.0499935 
-0.0554671 
-0.0554671 
-0.0200197 
-0.0200197 
-0.0284261 
-0.0336154 
-0.0366497 
-0.038043 
-0.038098 
-0.0370775 
-0.0352225 
-0.032747 
-0.0298209 
-0.026557 
-0.0230173 
-0.0192338 
-0.0152335 
-0.0110557 
-0.00675919 
-0.0024179 
0.00188728 
0.00606527 
0.0100098 
0.0136219 
0.0168231 
0.0195607 
0.0218106 
0.0235755 
0.0248816 
0.025772 
0.0263004 
0.0265247 
0.0265024 
0.0262882 
0.0259314 
0.0254754 
0.0249579 
0.0244097 
0.0238573 
0.0233201 
0.0228148 
0.0223518 
0.0219403 
0.0215853 
0.021291 
0.0210554 
0.0208746 
0.0207397 
0.0206387 
0.020554 
0.0204614 
0.0203264 
0.0200984 
0.0197008 
0.019016 
0.0178661 
0.0159959 
0.0130669 
0.00868527 
0.00248857 
-0.0056996 
-0.0156347 
-0.0266074 
-0.0377425 
-0.0481837 
-0.0570909 
-0.063384 
-0.063384 
-0.0130439 
-0.0130439 
-0.0218388 
-0.0275583 
-0.0312249 
-0.0333049 
-0.0340538 
-0.0336857 
-0.0323986 
-0.0303847 
-0.0278227 
-0.0248616 
-0.0216096 
-0.0181364 
-0.0144876 
-0.0107036 
-0.00683371 
-0.00293863 
0.000912628 
0.00464484 
0.00817572 
0.0114247 
0.014328 
0.0168426 
0.0189481 
0.0206451 
0.0219527 
0.0229038 
0.0235403 
0.0239086 
0.0240566 
0.02403 
0.0238718 
0.02362 
0.0233084 
0.0229653 
0.0226152 
0.0222764 
0.021966 
0.0216945 
0.0214734 
0.0213095 
0.0212095 
0.021174 
0.0212027 
0.0212907 
0.0214305 
0.0216093 
0.0218079 
0.0219951 
0.022119 
0.0220908 
0.0217613 
0.0208919 
0.0191294 
0.0160067 
0.0110024 
0.00370507 
-0.00594798 
-0.0174827 
-0.0299894 
-0.0424695 
-0.0540331 
-0.0638697 
-0.0708979 
-0.0708979 
-0.00586114 
-0.00586114 
-0.0150791 
-0.0213595 
-0.0256887 
-0.0284939 
-0.0299926 
-0.0303608 
-0.0297537 
-0.0283267 
-0.0262399 
-0.0236519 
-0.0207055 
-0.0175143 
-0.0141595 
-0.0106985 
-0.00717973 
-0.00365351 
-0.000176378 
0.00318948 
0.00637973 
0.00932953 
0.0119862 
0.0143139 
0.016295 
0.0179286 
0.0192289 
0.0202216 
0.0209405 
0.0214241 
0.0217124 
0.0218449 
0.0218587 
0.0217874 
0.0216613 
0.0215053 
0.0213428 
0.0211901 
0.0210647 
0.0209772 
0.0209414 
0.0209653 
0.0210585 
0.0212241 
0.0214658 
0.0217828 
0.0221731 
0.0226298 
0.0231398 
0.0236758 
0.0241836 
0.0245577 
0.0246082 
0.0240219 
0.0223324 
0.0189361 
0.0132045 
0.00473211 
-0.00637705 
-0.0194182 
-0.0333168 
-0.0469634 
-0.0594483 
-0.0700407 
-0.0777074 
-0.0777074 
0.0014866 
0.0014866 
-0.00818816 
-0.0150573 
-0.0200685 
-0.0236181 
-0.0258914 
-0.027039 
-0.0271853 
-0.0264496 
-0.0249578 
-0.0228485 
-0.0202694 
-0.0173644 
-0.0142578 
-0.0110439 
-0.00778998 
-0.00454715 
-0.00136321 
0.00171075 
0.00462606 
0.00733295 
0.00978692 
0.0119581 
0.0138312 
0.0154048 
0.0166901 
0.0177084 
0.0184881 
0.019062 
0.0194648 
0.0197307 
0.0198925 
0.0199794 
0.0200188 
0.0200324 
0.020042 
0.0200618 
0.0201103 
0.0201972 
0.0203393 
0.0205449 
0.0208265 
0.0211895 
0.0216419 
0.0221872 
0.0228292 
0.0235674 
0.0243951 
0.0252887 
0.0261888 
0.026969 
0.0273922 
0.0270646 
0.0254056 
0.0216881 
0.0152088 
0.00560319 
-0.00685307 
-0.0212596 
-0.0363937 
-0.0510148 
-0.0642005 
-0.0753595 
-0.0835589 
-0.0835589 
0.008935 
0.008935 
-0.00119714 
-0.00868601 
-0.0143996 
-0.0187056 
-0.0217584 
-0.0236909 
-0.0246124 
-0.0246222 
-0.0238166 
-0.0223007 
-0.0201968 
-0.0176451 
-0.0147934 
-0.0117785 
-0.00870984 
-0.00566354 
-0.00269081 
0.000167473 
0.002874 
0.00539214 
0.00768614 
0.00973039 
0.0115121 
0.0130305 
0.0142959 
0.0153271 
0.0161496 
0.0167926 
0.0172872 
0.017664 
0.0179522 
0.0181779 
0.0183654 
0.018533 
0.0187016 
0.0188819 
0.0190941 
0.0193461 
0.0196575 
0.0200363 
0.0204984 
0.0210508 
0.0217058 
0.0224711 
0.0233562 
0.0243667 
0.0255014 
0.0267387 
0.0280116 
0.0291701 
0.0299292 
0.0298213 
0.0281668 
0.0241432 
0.0169982 
0.00640443 
-0.0072321 
-0.0228488 
-0.03905 
-0.054434 
-0.0680868 
-0.0796174 
-0.0882381 
-0.0882381 
0.016444 
0.016444 
0.00586216 
-0.00227255 
-0.0087187 
-0.0137998 
-0.0176364 
-0.0203415 
-0.0220176 
-0.0227628 
-0.0226662 
-0.0218119 
-0.0202899 
-0.0182069 
-0.015693 
-0.0128958 
-0.00996352 
-0.00702203 
-0.0041599 
-0.00143009 
0.00113527 
0.0035151 
0.00568681 
0.00763022 
0.0093354 
0.0108033 
0.0120447 
0.0130778 
0.0139269 
0.0146198 
0.0151855 
0.0156524 
0.0160474 
0.016393 
0.0167113 
0.0170165 
0.0173293 
0.0176558 
0.0180189 
0.0184232 
0.018892 
0.0194315 
0.0200614 
0.0207898 
0.0216329 
0.0226016 
0.0237105 
0.0249699 
0.0263826 
0.0279265 
0.0295253 
0.0310058 
0.032042 
0.0321101 
0.0304612 
0.0262108 
0.0185688 
0.00720483 
-0.00741038 
-0.0240653 
-0.0411232 
-0.0570237 
-0.0709138 
-0.0826337 
-0.0915647 
-0.0915647 
0.0240039 
0.0240039 
0.0129625 
0.0041624 
-0.00305195 
-0.0089449 
-0.0135882 
-0.017064 
-0.0194631 
-0.0208904 
-0.0214496 
-0.0212341 
-0.0203256 
-0.0188026 
-0.0167552 
-0.0142966 
-0.0115668 
-0.00871946 
-0.00589644 
-0.00320199 
-0.000692686 
0.00161183 
0.00370692 
0.00558133 
0.00722883 
0.00865374 
0.00986877 
0.0108943 
0.0117557 
0.0124812 
0.0130995 
0.0136382 
0.0141229 
0.014574 
0.0150115 
0.0154447 
0.0158944 
0.016359 
0.0168652 
0.0174123 
0.0180277 
0.0187156 
0.0194988 
0.020386 
0.0213972 
0.0225457 
0.0238496 
0.0253222 
0.0269677 
0.0287611 
0.0306149 
0.0323365 
0.0335711 
0.0337644 
0.0321356 
0.0277771 
0.0198702 
0.00802665 
-0.00733505 
-0.0248138 
-0.0424347 
-0.0585699 
-0.0725003 
-0.0842611 
-0.0934008 
-0.0934008 
0.0316263 
0.0316263 
0.020117 
0.0106189 
0.00258858 
-0.00416669 
-0.00966755 
-0.0139461 
-0.0170631 
-0.019122 
-0.0202479 
-0.0205673 
-0.0201896 
-0.0192015 
-0.0176733 
-0.0156747 
-0.0132938 
-0.0106498 
-0.0078897 
-0.00516716 
-0.00260826 
-0.000285381 
0.00178546 
0.00362331 
0.00523308 
0.00662334 
0.00781249 
0.00882346 
0.00968422 
0.0104259 
0.0110794 
0.0116735 
0.0122332 
0.0127756 
0.0133179 
0.0138631 
0.0144347 
0.01502 
0.0156538 
0.0163257 
0.0170706 
0.0178871 
0.0188034 
0.0198279 
0.0209819 
0.02228 
0.0237419 
0.0253818 
0.0272022 
0.0291737 
0.031199 
0.0330728 
0.0344261 
0.0347005 
0.0331183 
0.0287858 
0.0208766 
0.00886981 
-0.00699252 
-0.024999 
-0.0427716 
-0.0588589 
-0.0726903 
-0.0843936 
-0.0936542 
-0.0936542 
0.0393337 
0.0393337 
0.0273563 
0.0171334 
0.00822766 
0.000533996 
-0.00589674 
-0.0110469 
-0.0149244 
-0.0176094 
-0.0192375 
-0.0199722 
-0.0199728 
-0.0193729 
-0.0182697 
-0.0167285 
-0.0147991 
-0.0125389 
-0.0100348 
-0.00741283 
-0.00482468 
-0.00241249 
-0.000267281 
0.00159319 
0.00319809 
0.00457025 
0.00573335 
0.00672002 
0.00756652 
0.00830885 
0.00898086 
0.00961333 
0.0102334 
0.010858 
0.0115037 
0.012165 
0.0128666 
0.0135756 
0.014337 
0.0151296 
0.0159945 
0.0169282 
0.0179611 
0.0191001 
0.0203686 
0.0217826 
0.0233618 
0.0251192 
0.0270535 
0.0291283 
0.0312354 
0.0331581 
0.0345229 
0.0347821 
0.0331956 
0.0289213 
0.0211957 
0.00943111 
-0.00644651 
-0.0243728 
-0.0418359 
-0.0576732 
-0.0713481 
-0.0829569 
-0.0922627 
-0.0922627 
0.0471492 
0.0471492 
0.0347137 
0.0237514 
0.0139196 
0.00519985 
-0.00225804 
-0.00837547 
-0.0130977 
-0.016459 
-0.0185854 
-0.0196664 
-0.0199104 
-0.0195117 
-0.0186274 
-0.0173678 
-0.0157973 
-0.0139484 
-0.011845 
-0.00953173 
-0.00709597 
-0.00467026 
-0.00240619 
-0.000425333 
0.00123104 
0.00260994 
0.00376523 
0.00473511 
0.00556028 
0.00628862 
0.00696453 
0.00762739 
0.00830647 
0.00901219 
0.00975235 
0.0105086 
0.0113196 
0.0121234 
0.0129892 
0.0138744 
0.0148369 
0.0158618 
0.0169812 
0.018204 
0.0195532 
0.0210454 
0.0226982 
0.0245218 
0.0265093 
0.0286162 
0.0307259 
0.0326156 
0.033917 
0.0341035 
0.0324862 
0.0282834 
0.0208065 
0.00948783 
-0.00567991 
-0.0228304 
-0.0396838 
-0.0551065 
-0.0685418 
-0.0800122 
-0.0893163 
-0.0893163 
0.0550884 
0.0550884 
0.0422136 
0.0305108 
0.0197165 
0.00989117 
0.00129397 
-0.00590008 
-0.0115733 
-0.015697 
-0.0183695 
-0.0197956 
-0.0202238 
-0.0199022 
-0.0190473 
-0.0178314 
-0.0163776 
-0.0147586 
-0.0130009 
-0.0111041 
-0.00907128 
-0.00694015 
-0.0047991 
-0.00277693 
-0.00100352 
0.000450821 
0.00160854 
0.00254501 
0.00333602 
0.00404064 
0.00470636 
0.00537581 
0.00608701 
0.00685965 
0.00770493 
0.00859519 
0.00956762 
0.0104993 
0.0114887 
0.0124865 
0.0135445 
0.0146521 
0.0158404 
0.0171237 
0.0185242 
0.0200598 
0.0217457 
0.023588 
0.0255738 
0.0276509 
0.029697 
0.0314883 
0.0326699 
0.0327458 
0.0310892 
0.0269969 
0.0198633 
0.00924304 
-0.0047305 
-0.0206139 
-0.0365295 
-0.0513313 
-0.0644115 
-0.0756869 
-0.0849412 
-0.0849412 
0.0631509 
0.0631509 
0.0498642 
0.037434 
0.0256565 
0.0146589 
0.00481604 
-0.00357588 
-0.0103128 
-0.0152955 
-0.018581 
-0.0203848 
-0.0209972 
-0.0207177 
-0.0198091 
-0.0184857 
-0.016918 
-0.0152376 
-0.0135327 
-0.0118413 
-0.0101555 
-0.00844668 
-0.00670144 
-0.00494798 
-0.00326106 
-0.00174274 
-0.000484019 
0.000494997 
0.00126367 
0.00192169 
0.00255636 
0.00324668 
0.00404344 
0.00494425 
0.0059131 
0.00689485 
0.00797925 
0.00897191 
0.0100474 
0.0111083 
0.0122155 
0.0133638 
0.0145807 
0.0158851 
0.0172983 
0.0188376 
0.0205151 
0.0223322 
0.0242694 
0.0262679 
0.0282031 
0.029856 
0.0308925 
0.0308568 
0.0291908 
0.0252841 
0.018618 
0.00888412 
-0.00368069 
-0.0180024 
-0.032676 
-0.0466325 
-0.0592075 
-0.0701989 
-0.0793421 
-0.0793421 
0.0713141 
0.0713141 
0.057651 
0.0445204 
0.0317569 
0.0195368 
0.00835235 
-0.00136106 
-0.00927711 
-0.015213 
-0.0191765 
-0.0213889 
-0.0221932 
-0.0219542 
-0.020989 
-0.0195418 
-0.0177969 
-0.0159026 
-0.0139873 
-0.0121581 
-0.0104846 
-0.00898258 
-0.00762129 
-0.0063561 
-0.00516296 
-0.00404675 
-0.00303083 
-0.00213891 
-0.00137616 
-0.000709994 
-7.57305e-05 
0.000595313 
0.00137456 
0.00230463 
0.0033824 
0.004588 
0.00598259 
0.00715925 
0.00835674 
0.00954729 
0.0107282 
0.0119228 
0.0131577 
0.0144629 
0.0158624 
0.0173756 
0.0190124 
0.0207706 
0.0226256 
0.0245144 
0.0263139 
0.0278168 
0.0287163 
0.0286048 
0.0269968 
0.0233785 
0.0173231 
0.00862644 
-0.00245812 
-0.0151411 
-0.0283951 
-0.0413075 
-0.0532091 
-0.063801 
-0.0727567 
-0.0727567 
0.0795269 
0.0795269 
0.0655293 
0.0517396 
0.0380078 
0.0245367 
0.0119323 
0.000781109 
-0.00842663 
-0.0154079 
-0.0201088 
-0.0227507 
-0.023738 
-0.023521 
-0.022493 
-0.0209444 
-0.0190729 
-0.0170167 
-0.0148858 
-0.0127847 
-0.010822 
-0.00910003 
-0.00768477 
-0.00657882 
-0.00573171 
-0.00507983 
-0.00457656 
-0.00417757 
-0.00382181 
-0.00342914 
-0.00290112 
-0.00214798 
-0.00109333 
0.000258435 
0.00166293 
0.00299454 
0.00451028 
0.00569188 
0.00692679 
0.00813141 
0.00930668 
0.010477 
0.0116703 
0.012923 
0.0142621 
0.015708 
0.0172688 
0.0189381 
0.020687 
0.0224506 
0.0241105 
0.0254758 
0.0262726 
0.0261453 
0.0246807 
0.021455 
0.0161255 
0.00855024 
-0.00105332 
-0.0121063 
-0.0238657 
-0.0355926 
-0.0466671 
-0.0567369 
-0.0654207 
-0.0654207 
0.0877051 
0.0877051 
0.0734193 
0.059025 
0.0443662 
0.0296443 
0.0155683 
0.00288464 
-0.00772134 
-0.0158343 
-0.0213249 
-0.0244099 
-0.0255601 
-0.0253271 
-0.0242007 
-0.0225366 
-0.0205634 
-0.0184239 
-0.0162132 
-0.0140047 
-0.0118679 
-0.00988256 
-0.00814813 
-0.00676946 
-0.00581422 
-0.00526286 
-0.0050203 
-0.0049706 
-0.00502205 
-0.00509837 
-0.0051092 
-0.00497671 
-0.00458615 
-0.00375445 
-0.00243085 
-0.000498479 
0.00191601 
0.00356959 
0.00493702 
0.00637317 
0.00767601 
0.00887549 
0.0100349 
0.0112199 
0.0124753 
0.0138288 
0.0152907 
0.0168534 
0.0184864 
0.020126 
0.021662 
0.0229232 
0.0236709 
0.0236018 
0.0223703 
0.0196303 
0.0151074 
0.00868947 
0.000535719 
-0.00893259 
-0.019186 
-0.0296462 
-0.0397757 
-0.0492123 
-0.0575418 
-0.0575418 
0.0957282 
0.0957282 
0.0812031 
0.0662703 
0.0507508 
0.0348147 
0.0192528 
0.00496777 
-0.00712417 
-0.0164369 
-0.0227561 
-0.0262904 
-0.0275795 
-0.0272881 
-0.026017 
-0.0242 
-0.0221044 
-0.0198859 
-0.017639 
-0.0154295 
-0.0133108 
-0.011331 
-0.00953678 
-0.00797701 
-0.00671512 
-0.00582365 
-0.00535165 
-0.00525113 
-0.00539316 
-0.00562318 
-0.00581024 
-0.00592597 
-0.00588101 
-0.00545094 
-0.00464753 
-0.00292715 
-6.80269e-05 
0.0018739 
0.00350645 
0.00497698 
0.00624113 
0.0073656 
0.00841693 
0.00947194 
0.0105886 
0.0118039 
0.0131328 
0.0145687 
0.0160806 
0.017607 
0.019047 
0.0202503 
0.0210124 
0.0210788 
0.0201639 
0.0179849 
0.0143176 
0.00905996 
0.00231201 
-0.00563492 
-0.0144054 
-0.0235645 
-0.0326708 
-0.041385 
-0.0492862 
-0.0492862 
0.103441 
0.103441 
0.0887243 
0.0733261 
0.0570359 
0.039962 
0.0229508 
0.0070392 
-0.00659531 
-0.0171474 
-0.0243113 
-0.0282913 
-0.0296942 
-0.0293062 
-0.02785 
-0.025845 
-0.0236007 
-0.0212849 
-0.0189899 
-0.0167727 
-0.0146772 
-0.012743 
-0.0110098 
-0.00951207 
-0.00827222 
-0.00728982 
-0.00655231 
-0.00605661 
-0.00582958 
-0.00587872 
-0.00599132 
-0.00621487 
-0.00644501 
-0.00630855 
-0.00578096 
-0.00490684 
-0.00384351 
-0.00262341 
-0.000602525 
0.00186913 
0.0038978 
0.00534582 
0.00648492 
0.00750346 
0.00852188 
0.00960921 
0.0108006 
0.0121028 
0.0134949 
0.014925 
0.016305 
0.0175052 
0.0183522 
0.0186337 
0.0181131 
0.0165567 
0.0137748 
0.00966589 
0.00427189 
-0.00222042 
-0.00954808 
-0.0174026 
-0.02544 
-0.033364 
-0.0407732 
-0.0407732 
0.110658 
0.110658 
0.0957924 
0.080003 
0.0630491 
0.0449522 
0.0265911 
0.00909484 
-0.00608821 
-0.0178809 
-0.0258757 
-0.0302844 
-0.031777 
-0.0312647 
-0.0295967 
-0.027382 
-0.0249734 
-0.0225498 
-0.0201994 
-0.0179695 
-0.0158914 
-0.0139906 
-0.012291 
-0.0108144 
-0.00957913 
-0.00859751 
-0.00785906 
-0.00733725 
-0.00694615 
-0.00672673 
-0.00652378 
-0.00647004 
-0.00660748 
-0.00659468 
-0.00630873 
-0.00571327 
-0.00473425 
-0.00381984 
-0.0021388 
-4.30669e-05 
0.00175424 
0.00318592 
0.00433488 
0.00532638 
0.00627301 
0.00725577 
0.00832883 
0.00951586 
0.0108099 
0.012173 
0.0135336 
0.0147842 
0.0157803 
0.0163453 
0.0162823 
0.0153937 
0.0135118 
0.01053 
0.0064384 
0.00133086 
-0.00460936 
-0.0111792 
-0.0181273 
-0.0252123 
-0.0320759 
-0.0320759 
0.117172 
0.117172 
0.102194 
0.0860809 
0.0685783 
0.0496005 
0.030052 
0.0110993 
-0.00556014 
-0.0185389 
-0.0273142 
-0.0321194 
-0.0336805 
-0.0330307 
-0.0311442 
-0.0287177 
-0.0261454 
-0.0236154 
-0.0212103 
-0.0189666 
-0.0169037 
-0.0150358 
-0.0133755 
-0.0119346 
-0.010717 
-0.00972409 
-0.00893363 
-0.00834016 
-0.00789235 
-0.00761844 
-0.00738482 
-0.00723764 
-0.0071819 
-0.00710036 
-0.00688419 
-0.00649993 
-0.00593039 
-0.00518291 
-0.00416407 
-0.00302345 
-0.00180762 
-0.00054897 
0.000717782 
0.0019401 
0.00309557 
0.00421896 
0.00536353 
0.00657352 
0.00787245 
0.00925375 
0.0106755 
0.0120583 
0.0132875 
0.0142171 
0.0146805 
0.0145061 
0.0135387 
0.0116632 
0.00882773 
0.00505531 
0.000435509 
-0.00488542 
-0.0107396 
-0.0169498 
-0.0232246 
-0.0232246 
0.12277 
0.12277 
0.107707 
0.0913278 
0.0733913 
0.0536874 
0.0331636 
0.0129907 
-0.00495205 
-0.0189987 
-0.0284703 
-0.0336256 
-0.0352417 
-0.0344616 
-0.0323752 
-0.0297585 
-0.0270435 
-0.0244249 
-0.0219788 
-0.0197307 
-0.0176882 
-0.0158545 
-0.0142314 
-0.0128228 
-0.0116253 
-0.0106403 
-0.00984434 
-0.00923362 
-0.00874789 
-0.00840472 
-0.00812611 
-0.00793822 
-0.00782731 
-0.00771803 
-0.00752816 
-0.00726051 
-0.00680702 
-0.00630021 
-0.00552959 
-0.00459617 
-0.00365123 
-0.00273706 
-0.00184798 
-0.000957687 
-2.63796e-05 
0.000977078 
0.00209064 
0.0033359 
0.00471541 
0.00621592 
0.00780441 
0.00941977 
0.0109721 
0.0123434 
0.0133927 
0.0139679 
0.0139213 
0.0131271 
0.0115003 
0.00900747 
0.00566847 
0.00154748 
-0.00322948 
-0.00855308 
-0.0142126 
-0.0142126 
0.127248 
0.127248 
0.112124 
0.0955215 
0.0772606 
0.0569853 
0.0357236 
0.014658 
-0.00422448 
-0.019125 
-0.0291842 
-0.0346358 
-0.0363032 
-0.035421 
-0.0331789 
-0.0304187 
-0.0276025 
-0.0249295 
-0.0224687 
-0.0202357 
-0.0182275 
-0.0164385 
-0.0148618 
-0.013495 
-0.012328 
-0.0113587 
-0.0105626 
-0.00993879 
-0.009444 
-0.00908866 
-0.00881315 
-0.00862424 
-0.00849675 
-0.00840049 
-0.00828018 
-0.00812508 
-0.00788775 
-0.0075883 
-0.00717214 
-0.00668612 
-0.00614603 
-0.00557214 
-0.00496606 
-0.00432607 
-0.00362413 
-0.00281279 
-0.00184365 
-0.000670944 
0.000741257 
0.00239664 
0.00426315 
0.00627739 
0.00834729 
0.0103542 
0.0121599 
0.0136152 
0.014571 
0.0148907 
0.0144639 
0.0132172 
0.01112 
0.0081847 
0.00446507 
2.16568e-05 
-0.00501494 
-0.00501494 
0.130434 
0.130434 
0.115278 
0.098479 
0.0800008 
0.0592996 
0.0375229 
0.0159301 
-0.00345489 
-0.0189187 
-0.0294028 
-0.0350609 
-0.0367605 
-0.0358083 
-0.0334681 
-0.0306282 
-0.0277692 
-0.0250905 
-0.0226532 
-0.020464 
-0.0185112 
-0.0167822 
-0.0152636 
-0.0139484 
-0.0128233 
-0.0118846 
-0.0111094 
-0.0104961 
-0.0100074 
-0.00964801 
-0.00937716 
-0.00919793 
-0.00908452 
-0.0090193 
-0.00895459 
-0.00889461 
-0.00877858 
-0.00865055 
-0.00844029 
-0.00818529 
-0.00790973 
-0.00762895 
-0.00733613 
-0.007009 
-0.00660681 
-0.00607792 
-0.00536108 
-0.00439162 
-0.00310899 
-0.00147249 
0.000524821 
0.00284329 
0.00540433 
0.00808853 
0.0107429 
0.0131945 
0.0152649 
0.016785 
0.0176089 
0.0176243 
0.0167581 
0.0149776 
0.0122943 
0.00872765 
0.00432917 
0.00432917 
0.132151 
0.132151 
0.117048 
0.100069 
0.0814414 
0.0604863 
0.0384704 
0.0168379 
-0.00257069 
-0.0182327 
-0.0289454 
-0.0347297 
-0.0364694 
-0.0355136 
-0.0331645 
-0.0303336 
-0.0275083 
-0.0248853 
-0.0225188 
-0.0204089 
-0.0185381 
-0.0168891 
-0.0154448 
-0.0141949 
-0.0131247 
-0.0122289 
-0.0114875 
-0.0108979 
-0.0104328 
-0.0100937 
-0.00985008 
-0.00970138 
-0.00962472 
-0.00961134 
-0.00962881 
-0.0096766 
-0.00972116 
-0.00977894 
-0.00981727 
-0.00985377 
-0.00988547 
-0.0099155 
-0.00993105 
-0.00990837 
-0.00980331 
-0.0095539 
-0.00908437 
-0.00831106 
-0.00715074 
-0.00553527 
-0.00342382 
-0.000817825 
0.00222409 
0.00558757 
0.00911538 
0.0126141 
0.0158681 
0.0186608 
0.0207954 
0.0221102 
0.0224869 
0.0218509 
0.0201727 
0.0174271 
0.013629 
0.013629 
0.132296 
0.132296 
0.117364 
0.100232 
0.0814887 
0.0605261 
0.0386245 
0.0172972 
-0.00184536 
-0.0173416 
-0.0279788 
-0.0337141 
-0.0354357 
-0.0345072 
-0.0322303 
-0.0295043 
-0.0268011 
-0.0243056 
-0.022065 
-0.0200751 
-0.0183164 
-0.0167695 
-0.0154164 
-0.0142457 
-0.0132433 
-0.0124031 
-0.0117086 
-0.0111567 
-0.0107262 
-0.010417 
-0.0102067 
-0.0100946 
-0.0100618 
-0.0101037 
-0.0101945 
-0.0103393 
-0.0105083 
-0.010722 
-0.0109499 
-0.0112076 
-0.0114913 
-0.0118001 
-0.012117 
-0.0124109 
-0.0126301 
-0.0127025 
-0.0125359 
-0.0120221 
-0.0110456 
-0.00949894 
-0.00730305 
-0.00442514 
-0.000899428 
0.00314884 
0.00754324 
0.0120748 
0.016499 
0.0205555 
0.0239951 
0.0266017 
0.0282051 
0.0286849 
0.027971 
0.0259999 
0.0227512 
0.0227512 
0.130837 
0.130837 
0.116201 
0.0990083 
0.0802307 
0.0595126 
0.0380394 
0.0172702 
-0.0013279 
-0.0163293 
-0.0265794 
-0.0320565 
-0.0336768 
-0.0327972 
-0.0306739 
-0.0281515 
-0.0256605 
-0.023365 
-0.0213051 
-0.0194759 
-0.0178591 
-0.0164367 
-0.0151921 
-0.0141147 
-0.0131921 
-0.0124187 
-0.0117818 
-0.0112783 
-0.0108933 
-0.0106259 
-0.01046 
-0.0103947 
-0.0104162 
-0.0105226 
-0.0106972 
-0.0109453 
-0.0112493 
-0.0116228 
-0.0120469 
-0.0125304 
-0.013065 
-0.0136463 
-0.0142557 
-0.0148606 
-0.015406 
-0.0158114 
-0.0159684 
-0.0157428 
-0.0149831 
-0.0135382 
-0.0112828 
-0.00814616 
-0.00413475 
0.000637137 
0.00596052 
0.0115796 
0.0172019 
0.0225155 
0.0272245 
0.0310698 
0.0338386 
0.0353695 
0.0355536 
0.0342932 
0.0315396 
0.0315396 
0.127739 
0.127739 
0.113551 
0.0964588 
0.0777829 
0.057523 
0.0367296 
0.0167453 
-0.00103726 
-0.015213 
-0.02477 
-0.0297922 
-0.0312438 
-0.0304455 
-0.0285589 
-0.0263328 
-0.0241353 
-0.022104 
-0.020273 
-0.0186398 
-0.017191 
-0.0159124 
-0.0147912 
-0.0138189 
-0.0129862 
-0.0122888 
-0.0117177 
-0.0112706 
-0.0109372 
-0.0107167 
-0.0105981 
-0.0105812 
-0.010657 
-0.0108259 
-0.0110766 
-0.0114182 
-0.0118377 
-0.0123493 
-0.0129382 
-0.0136133 
-0.0143678 
-0.0151981 
-0.0160864 
-0.0169999 
-0.0178812 
-0.0186423 
-0.0191582 
-0.0192663 
-0.0187739 
-0.0174786 
-0.0152017 
-0.0118246 
-0.00732588 
-0.00180295 
0.0044922 
0.011233 
0.0180624 
0.0246037 
0.0305126 
0.0354987 
0.039323 
0.0417971 
0.0427818 
0.0421499 
0.0398311 
0.0398311 
0.122999 
0.122999 
0.109425 
0.0926517 
0.0742734 
0.054654 
0.034745 
0.015778 
-0.000895063 
-0.0139281 
-0.0225322 
-0.0269591 
-0.0282212 
-0.0275598 
-0.0259927 
-0.0241416 
-0.0223011 
-0.0205818 
-0.0190151 
-0.0176042 
-0.0163427 
-0.0152224 
-0.0142356 
-0.0133772 
-0.0126417 
-0.0120269 
-0.0115272 
-0.011142 
-0.0108649 
-0.0106957 
-0.0106279 
-0.0106622 
-0.010794 
-0.0110258 
-0.0113524 
-0.0117843 
-0.012314 
-0.0129534 
-0.0136943 
-0.0145447 
-0.0155009 
-0.0165614 
-0.0177115 
-0.0189216 
-0.0201347 
-0.0212573 
-0.022149 
-0.0226187 
-0.0224301 
-0.0213262 
-0.0190699 
-0.0154901 
-0.0105292 
-0.00425534 
0.0030471 
0.0109723 
0.0190526 
0.0268081 
0.0338387 
0.0398391 
0.044571 
0.0478436 
0.0495022 
0.0493984 
0.0474467 
0.0474467 
0.116646 
0.116646 
0.103848 
0.0876513 
0.0698188 
0.0510281 
0.0322038 
0.0145071 
-0.000754797 
-0.0123711 
-0.0198475 
-0.0236288 
-0.0247422 
-0.0242942 
-0.0231189 
-0.0216968 
-0.0202508 
-0.01887 
-0.017587 
-0.0164128 
-0.0153493 
-0.0143954 
-0.0135491 
-0.0128096 
-0.0121753 
-0.0116466 
-0.0112214 
-0.0109004 
-0.0106807 
-0.0105632 
-0.0105449 
-0.0106279 
-0.0108113 
-0.0111003 
-0.0114935 
-0.0120032 
-0.0126252 
-0.0133713 
-0.0142389 
-0.0152379 
-0.0163691 
-0.0176349 
-0.0190253 
-0.0205155 
-0.0220503 
-0.0235319 
-0.0248061 
-0.0256538 
-0.0257946 
-0.0249163 
-0.0227228 
-0.0189906 
-0.0136182 
-0.00663415 
0.00167935 
0.0108295 
0.0201754 
0.0290968 
0.0371349 
0.0439892 
0.0494506 
0.0533512 
0.0555377 
0.0558489 
0.0541914 
0.0541914 
0.108748 
0.108748 
0.09688 
0.0815302 
0.064532 
0.0468015 
0.0292981 
0.0131482 
-0.0004223 
-0.0104351 
-0.0167341 
-0.0199276 
-0.0209896 
-0.0208363 
-0.0200996 
-0.0191269 
-0.0180834 
-0.0170447 
-0.0160477 
-0.0151119 
-0.0142479 
-0.0134616 
-0.0127567 
-0.0121369 
-0.0116045 
-0.0111624 
-0.0108118 
-0.0105552 
-0.0103924 
-0.0103256 
-0.0103546 
-0.0104834 
-0.0107142 
-0.0110549 
-0.0115076 
-0.012084 
-0.0127834 
-0.0136177 
-0.0145898 
-0.0157116 
-0.0169894 
-0.0184303 
-0.0200319 
-0.0217742 
-0.0236039 
-0.0254207 
-0.0270594 
-0.0282745 
-0.0287447 
-0.0281075 
-0.0260134 
-0.0221962 
-0.0165107 
-0.00895398 
0.000279879 
0.0107046 
0.0213354 
0.0313509 
0.0402473 
0.0477677 
0.0537658 
0.0581173 
0.0606828 
0.0612945 
0.0598588 
0.0598588 
0.0994536 
0.0994536 
0.0886504 
0.0744131 
0.0585646 
0.0421818 
0.0262808 
0.0119528 
0.000277424 
-0.00808466 
-0.0133022 
-0.0160573 
-0.017188 
-0.0173864 
-0.0170946 
-0.0165546 
-0.0158926 
-0.0151781 
-0.0144537 
-0.0137466 
-0.0130748 
-0.0124505 
-0.0118828 
-0.0113793 
-0.0109458 
-0.0105881 
-0.0103097 
-0.0101149 
-0.0100059 
-0.00998598 
-0.0100575 
-0.010226 
-0.0104973 
-0.0108815 
-0.0113811 
-0.0120071 
-0.0127636 
-0.0136634 
-0.014714 
-0.0159301 
-0.0173234 
-0.0189061 
-0.0206807 
-0.0226325 
-0.0247133 
-0.0268247 
-0.0287892 
-0.0303341 
-0.0311018 
-0.0306898 
-0.0287078 
-0.0248596 
-0.0189682 
-0.011027 
-0.000998127 
0.0106259 
0.0224459 
0.0333851 
0.0429295 
0.0509106 
0.0572609 
0.0619031 
0.0647137 
0.065522 
0.0642425 
0.0642425 
0.0890128 
0.0890128 
0.0793938 
0.0665219 
0.0521477 
0.0374341 
0.0234277 
0.0111405 
0.00142073 
-0.00542414 
-0.00977541 
-0.0122769 
-0.013569 
-0.0141254 
-0.0142394 
-0.0140824 
-0.0137579 
-0.0133333 
-0.0128554 
-0.0123575 
-0.0118632 
-0.0113897 
-0.0109502 
-0.010556 
-0.0102157 
-0.00993727 
-0.00972652 
-0.00958917 
-0.00952937 
-0.00955137 
-0.00965945 
-0.00986155 
-0.0101664 
-0.0105828 
-0.0111148 
-0.0117745 
-0.012569 
-0.0135117 
-0.0146139 
-0.015893 
-0.017365 
-0.019047 
-0.0209472 
-0.023057 
-0.0253321 
-0.0276711 
-0.0298889 
-0.0316977 
-0.0327161 
-0.032508 
-0.0306325 
-0.026787 
-0.0207992 
-0.0126709 
-0.00222023 
0.0104607 
0.023288 
0.0348632 
0.0448114 
0.0530714 
0.0596327 
0.0644469 
0.0674021 
0.0683268 
0.067156 
0.067156 
0.0777962 
0.0777962 
0.0694696 
0.0581933 
0.0455971 
0.0328532 
0.0209696 
0.0108006 
0.00289895 
-0.00270417 
-0.00644686 
-0.00884263 
-0.0103216 
-0.0111856 
-0.0116304 
-0.0117852 
-0.01174 
-0.01156 
-0.0112942 
-0.0109791 
-0.0106419 
-0.0103033 
-0.0099796 
-0.00968447 
-0.00942895 
-0.00922256 
-0.00907286 
-0.00898676 
-0.0089699 
-0.00902703 
-0.00916432 
-0.00939223 
-0.00972054 
-0.010156 
-0.0107055 
-0.0113813 
-0.0121925 
-0.0131534 
-0.0142781 
-0.0155856 
-0.0170956 
-0.0188287 
-0.0207984 
-0.0230013 
-0.0253979 
-0.027887 
-0.0302751 
-0.0322563 
-0.0334221 
-0.033311 
-0.031493 
-0.0276523 
-0.0216225 
-0.0133392 
-0.0026519 
0.0102189 
0.023444 
0.0353879 
0.0455623 
0.0539824 
0.0606572 
0.0655571 
0.0685797 
0.0695581 
0.0684611 
0.0684611 
0.0662862 
0.0662862 
0.0593448 
0.0498518 
0.0392682 
0.0286907 
0.0189962 
0.0108148 
0.00443238 
-0.000246552 
-0.00358843 
-0.00593663 
-0.00755687 
-0.00863962 
-0.00932293 
-0.00970994 
-0.00987979 
-0.00989414 
-0.00980119 
-0.0096383 
-0.00943421 
-0.00921151 
-0.00898837 
-0.00877998 
-0.00859885 
-0.00845565 
-0.00835905 
-0.00831688 
-0.00833565 
-0.00842029 
-0.00857927 
-0.00882494 
-0.00916479 
-0.00960653 
-0.0101586 
-0.0108328 
-0.0116398 
-0.012594 
-0.0137111 
-0.0150107 
-0.0165147 
-0.0182455 
-0.0202203 
-0.0224401 
-0.0248703 
-0.0274127 
-0.0298728 
-0.0319374 
-0.0331832 
-0.033131 
-0.0313372 
-0.0274867 
-0.021425 
-0.0131052 
-0.00256779 
0.0097767 
0.0226351 
0.0345775 
0.0448432 
0.0533518 
0.0600884 
0.0650275 
0.0680776 
0.0690922 
0.068102 
0.068102 
0.0550429 
0.0550429 
0.0495425 
0.0419344 
0.0334578 
0.0250487 
0.0173865 
0.0108877 
0.00568446 
0.00167826 
-0.00135449 
-0.00363121 
-0.00530692 
-0.00650831 
-0.00733762 
-0.00787866 
-0.00820008 
-0.00835786 
-0.00839722 
-0.00835427 
-0.00825756 
-0.00813007 
-0.00799067 
-0.00785519 
-0.00773681 
-0.00764678 
-0.00759429 
-0.00758787 
-0.00763399 
-0.00773803 
-0.00791052 
-0.00816376 
-0.00850387 
-0.00893897 
-0.00947844 
-0.0101335 
-0.0109154 
-0.0118383 
-0.0129178 
-0.0141737 
-0.0156275 
-0.0173022 
-0.0192162 
-0.0213735 
-0.0237445 
-0.0262373 
-0.0286637 
-0.0307145 
-0.0319666 
-0.0319382 
-0.0301866 
-0.0264043 
-0.020461 
-0.012376 
-0.00232096 
0.00922621 
0.0213015 
0.0327733 
0.0428505 
0.0512764 
0.0579631 
0.0628635 
0.0658909 
0.0669305 
0.0660857 
0.0660857 
0.0446337 
0.0446337 
0.0405415 
0.0347663 
0.0282832 
0.0218216 
0.0158699 
0.0107076 
0.00642093 
0.00296524 
0.000229816 
-0.00190939 
-0.00354929 
-0.00477717 
-0.00566967 
-0.0062941 
-0.00670837 
-0.00696136 
-0.00709377 
-0.00713885 
-0.00712363 
-0.00707024 
-0.00699722 
-0.00692021 
-0.00685237 
-0.00680494 
-0.00678719 
-0.00680788 
-0.00687281 
-0.00698824 
-0.00716588 
-0.00741671 
-0.00774591 
-0.00816209 
-0.00867453 
-0.00929383 
-0.0100309 
-0.010899 
-0.011913 
-0.013091 
-0.0144532 
-0.0160208 
-0.0178115 
-0.0198307 
-0.0220535 
-0.0243983 
-0.0266922 
-0.0286452 
-0.0298528 
-0.0298472 
-0.0281949 
-0.0246002 
-0.0189623 
-0.011363 
-0.00205241 
0.00849951 
0.0195449 
0.0302065 
0.0397736 
0.0478827 
0.0543623 
0.0591221 
0.062073 
0.0631372 
0.0624812 
0.0624812 
0.0354868 
0.0354868 
0.0326302 
0.0284503 
0.0236604 
0.0187965 
0.0142088 
0.0101092 
0.00658462 
0.00363964 
0.00123085 
-0.000704348 
-0.00223217 
-0.0034106 
-0.00429722 
-0.00494464 
-0.00540011 
-0.00570489 
-0.00589415 
-0.00599732 
-0.00603881 
-0.00603906 
-0.00601538 
-0.00598254 
-0.00595304 
-0.00593758 
-0.0059452 
-0.00598417 
-0.00605952 
-0.0061785 
-0.00635302 
-0.00659138 
-0.00689929 
-0.0072849 
-0.00775695 
-0.00832506 
-0.0089993 
-0.00979146 
-0.0107148 
-0.011785 
-0.0130194 
-0.014436 
-0.0160501 
-0.0178663 
-0.0198645 
-0.0219755 
-0.02405 
-0.025832 
-0.0269551 
-0.0269853 
-0.02551 
-0.0222443 
-0.017102 
-0.0102 
-0.00182371 
0.00758822 
0.017442 
0.0270544 
0.0358246 
0.0433641 
0.0494463 
0.053941 
0.0567556 
0.057847 
0.0574198 
0.0574198 
0.0277317 
0.0277317 
0.0258287 
0.0228972 
0.0194338 
0.0158218 
0.0123183 
0.00909715 
0.00624726 
0.00380076 
0.0017501 
6.65926e-05 
-0.001291 
-0.00236186 
-0.0031878 
-0.00380869 
-0.00426185 
-0.00458087 
-0.00479502 
-0.00492933 
-0.00500494 
-0.00503984 
-0.00504955 
-0.00504732 
-0.00504457 
-0.00505093 
-0.00507498 
-0.00512375 
-0.00520178 
-0.00531698 
-0.00547999 
-0.00569728 
-0.00597442 
-0.00631896 
-0.00673869 
-0.00724202 
-0.00783772 
-0.00853574 
-0.00934713 
-0.0102846 
-0.0113621 
-0.0125933 
-0.0139898 
-0.0155543 
-0.01727 
-0.0190814 
-0.0208679 
-0.0224183 
-0.0234227 
-0.0235009 
-0.022276 
-0.0194732 
-0.0150012 
-0.00897487 
-0.00167832 
0.00648909 
0.0150393 
0.023435 
0.0311854 
0.0379287 
0.0434243 
0.0475235 
0.0501377 
0.0512529 
0.0510794 
0.0510794 
0.0212108 
0.0212108 
0.0199733 
0.0179562 
0.0154955 
0.0128587 
0.0102342 
0.00776268 
0.00552562 
0.00356451 
0.00188885 
0.000488668 
-0.000658504 
-0.00157962 
-0.0023031 
-0.00285839 
-0.00327389 
-0.00357588 
-0.0037878 
-0.00392996 
-0.00401984 
-0.00407257 
-0.00410134 
-0.00411748 
-0.00413093 
-0.00414984 
-0.00418209 
-0.004233 
-0.00430678 
-0.00441139 
-0.00455539 
-0.00474386 
-0.00498199 
-0.00527633 
-0.00563349 
-0.0060605 
-0.00656455 
-0.00715357 
-0.00783617 
-0.00862199 
-0.00952113 
-0.0105432 
-0.0116954 
-0.0129777 
-0.0143757 
-0.0158461 
-0.0172976 
-0.0185691 
-0.0194185 
-0.0195376 
-0.0186041 
-0.0163624 
-0.0127032 
-0.00770512 
-0.00161381 
0.00521854 
0.0123784 
0.0194365 
0.0260025 
0.0317685 
0.0365139 
0.040098 
0.0424468 
0.0435687 
0.0436489 
0.0436489 
0.015639 
0.015639 
0.0148475 
0.0134906 
0.0117897 
0.00992459 
0.00802812 
0.00620784 
0.00453056 
0.00303602 
0.00173968 
0.000641351 
-0.000270085 
-0.00101173 
-0.00160212 
-0.00206212 
-0.00241234 
-0.00267237 
-0.00285998 
-0.00299076 
-0.00307835 
-0.00313466 
-0.00317027 
-0.00319426 
-0.00321476 
-0.00323824 
-0.00327139 
-0.00331796 
-0.0033817 
-0.00346967 
-0.00358828 
-0.00374153 
-0.00393377 
-0.00417037 
-0.0044566 
-0.00479798 
-0.00520002 
-0.00566855 
-0.00620985 
-0.00683062 
-0.00753759 
-0.00833662 
-0.00923097 
-0.0102184 
-0.0112857 
-0.0124002 
-0.0134962 
-0.0144603 
-0.0151201 
-0.0152496 
-0.0145997 
-0.0129536 
-0.010192 
-0.00633986 
-0.00157026 
0.00383464 
0.00952642 
0.015156 
0.0204193 
0.0250733 
0.0289396 
0.0319051 
0.0339184 
0.0350025 
0.035296 
0.035296 
0.0107364 
0.0107364 
0.0102499 
0.00938286 
