0 
-0.000972082 
-3.33529e-05 
0.00100032 
0.00136583 
0.00153012 
0.00159657 
0.0016084 
0.0015932 
0.00156546 
0.001536 
0.00151059 
0.00149239 
0.00148245 
0.0014805 
0.00148539 
0.00149546 
0.00150872 
0.00152304 
0.00153616 
0.00154584 
0.00154987 
0.0015461 
0.00153258 
0.00150751 
0.0014694 
0.00141707 
0.00134972 
0.00126695 
0.00116879 
0.00105569 
0.000928504 
0.00078847 
0.00063713 
0.000476279 
0.000307921 
0.000134058 
-4.2405e-05 
-0.000218582 
-0.000392819 
-0.000563672 
-0.000729758 
-0.000889918 
-0.0010432 
-0.00118876 
-0.00132582 
-0.00145353 
-0.00157082 
-0.00167623 
-0.00176775 
-0.00184274 
-0.00189794 
-0.00192953 
-0.0019333 
-0.00190478 
-0.0018395 
-0.00173438 
-0.00159212 
-0.00142671 
-0.00125985 
-0.00110637 
-0.000968401 
-0.000846935 
-0.000750825 
-0.000691795 
0 
0.000972082 
0.000972082 
3.33529e-05 
-0.00100032 
-0.00136583 
-0.00153012 
-0.00159657 
-0.0016084 
-0.0015932 
-0.00156546 
-0.001536 
-0.00151059 
-0.00149239 
-0.00148245 
-0.0014805 
-0.00148539 
-0.00149546 
-0.00150872 
-0.00152304 
-0.00153616 
-0.00154584 
-0.00154987 
-0.0015461 
-0.00153258 
-0.00150751 
-0.0014694 
-0.00141707 
-0.00134972 
-0.00126695 
-0.00116879 
-0.00105569 
-0.000928504 
-0.00078847 
-0.00063713 
-0.000476279 
-0.000307921 
-0.000134058 
4.2405e-05 
0.000218582 
0.000392819 
0.000563672 
0.000729758 
0.000889918 
0.0010432 
0.00118876 
0.00132582 
0.00145353 
0.00157082 
0.00167623 
0.00176775 
0.00184274 
0.00189794 
0.00192953 
0.0019333 
0.00190478 
0.0018395 
0.00173438 
0.00159212 
0.00142671 
0.00125985 
0.00110637 
0.000968401 
0.000846935 
0.000750825 
0.000691795 
0.000691795 
0.00191338 
0.00191338 
-0.00081741 
-0.00243731 
-0.00342148 
-0.00391211 
-0.00414442 
-0.00420652 
-0.00418332 
-0.00411981 
-0.00404894 
-0.00398905 
-0.0039502 
-0.00393614 
-0.00394662 
-0.00397876 
-0.00402803 
-0.00408891 
-0.00415531 
-0.00422076 
-0.00427866 
-0.00432241 
-0.00434555 
-0.00434198 
-0.00430612 
-0.0042331 
-0.00411894 
-0.00396072 
-0.00375669 
-0.00350629 
-0.00321021 
-0.00287034 
-0.00248968 
-0.00207218 
-0.00162261 
-0.00114632 
-0.000648839 
-0.000136216 
0.000384678 
0.000908036 
0.00142876 
0.00194214 
0.00244405 
0.00293094 
0.00339964 
0.00384706 
0.00426981 
0.00466374 
0.00502341 
0.00534167 
0.00560938 
0.00581548 
0.0059473 
0.00599119 
0.00593327 
0.00576083 
0.00546696 
0.00506255 
0.00458904 
0.00410738 
0.00366165 
0.00326634 
0.00292931 
0.00267017 
0.00251271 
0.00251271 
0.000418129 
0.000418129 
-0.00220781 
-0.00406673 
-0.00537928 
-0.00608752 
-0.00643009 
-0.00652331 
-0.00648746 
-0.00639363 
-0.00629274 
-0.00621368 
-0.00617191 
-0.0061729 
-0.00621572 
-0.00629528 
-0.0064039 
-0.00653232 
-0.00667029 
-0.00680698 
-0.00693129 
-0.00703209 
-0.00709848 
-0.00712009 
-0.00708742 
-0.00699217 
-0.00682752 
-0.0065884 
-0.00627169 
-0.0058763 
-0.00540323 
-0.00485545 
-0.00423782 
-0.00355689 
-0.00282058 
-0.00203796 
-0.0012187 
-0.000372775 
0.000490282 
0.00136077 
0.00222977 
0.00308918 
0.00393188 
0.00475172 
0.00554322 
0.0063012 
0.00701996 
0.00769257 
0.00830986 
0.00885964 
0.00932616 
0.00969002 
0.00992885 
0.0100185 
0.00993473 
0.00965636 
0.00917383 
0.00850845 
0.00772941 
0.00693276 
0.00618711 
0.00551879 
0.00494423 
0.00449861 
0.00422436 
0.00422436 
-0.000902658 
-0.000902658 
-0.00358921 
-0.00573341 
-0.00720044 
-0.0080082 
-0.00837894 
-0.00846315 
-0.0084013 
-0.0082823 
-0.00816807 
-0.00809337 
-0.00807575 
-0.00812007 
-0.00822315 
-0.00837667 
-0.00856915 
-0.00878725 
-0.00901651 
-0.00924176 
-0.00944754 
-0.00961834 
-0.009739 
-0.00979507 
-0.00977326 
-0.00966195 
-0.00945159 
-0.00913509 
-0.00870812 
-0.0081692 
-0.00751978 
-0.00676411 
-0.00590908 
-0.00496401 
-0.00394021 
-0.00285073 
-0.00170976 
-0.00053247 
0.00066627 
0.00187319 
0.00307611 
0.00426392 
0.00542696 
0.00655706 
0.00764719 
0.00869086 
0.00968114 
0.0106094 
0.0114639 
0.0122282 
0.0128807 
0.0133934 
0.0137338 
0.0138658 
0.0137534 
0.0133659 
0.0126918 
0.0117652 
0.0106838 
0.00957373 
0.00852034 
0.00756002 
0.00671982 
0.00605562 
0.00563868 
0.00563868 
-0.00264998 
-0.00264998 
-0.00535012 
-0.00751447 
-0.00897085 
-0.00974819 
-0.0100756 
-0.010118 
-0.0100251 
-0.00989361 
-0.00978919 
-0.00974712 
-0.00978328 
-0.00989928 
-0.0100881 
-0.0103375 
-0.010632 
-0.0109546 
-0.011287 
-0.0116104 
-0.0119057 
-0.0121534 
-0.0123344 
-0.0124304 
-0.0124245 
-0.0123018 
-0.01205 
-0.01166 
-0.0111261 
-0.0104466 
-0.00962344 
-0.00866209 
-0.00757155 
-0.0063639 
-0.0050539 
-0.00365864 
-0.00219682 
-0.000688685 
0.000847535 
0.00239436 
0.00393464 
0.00545264 
0.0069349 
0.00837028 
0.00974974 
0.0110656 
0.0123102 
0.0134746 
0.0145459 
0.0155052 
0.0163263 
0.0169738 
0.0174049 
0.0175709 
0.0174227 
0.0169191 
0.0160474 
0.0148577 
0.0134768 
0.0120534 
0.010681 
0.00940156 
0.00824967 
0.00730801 
0.00668996 
0.00668996 
-0.00411125 
-0.00411125 
-0.00696539 
-0.00914843 
-0.0105223 
-0.0112177 
-0.0114723 
-0.0114671 
-0.0113538 
-0.011231 
-0.0111626 
-0.0111802 
-0.0112949 
-0.0115035 
-0.0117945 
-0.0121517 
-0.0125566 
-0.0129893 
-0.0134289 
-0.0138537 
-0.0142413 
-0.0145688 
-0.0148135 
-0.0149531 
-0.014967 
-0.0148368 
-0.0145473 
-0.0140873 
-0.0134498 
-0.0126328 
-0.0116385 
-0.0104737 
-0.00914969 
-0.00768113 
-0.00608624 
-0.00438607 
-0.00260378 
-0.000764446 
0.00110793 
0.00299039 
0.00486083 
0.00669933 
0.00848894 
0.0102158 
0.0118687 
0.0134389 
0.0149181 
0.0162971 
0.0175626 
0.0186945 
0.0196627 
0.0204256 
0.0209301 
0.0211145 
0.0209154 
0.0202808 
0.0191996 
0.0177422 
0.0160641 
0.0143275 
0.0126225 
0.0109859 
0.00945133 
0.00811602 
0.0071719 
0.0071719 
-0.00566115 
-0.00566115 
-0.00858355 
-0.0106758 
-0.0119034 
-0.012478 
-0.0126468 
-0.0125979 
-0.0124789 
-0.0123845 
-0.0123724 
-0.0124674 
-0.0126741 
-0.0129838 
-0.0133813 
-0.0138474 
-0.0143619 
-0.014903 
-0.015448 
-0.015973 
-0.0164529 
-0.0168615 
-0.0171723 
-0.017359 
-0.017397 
-0.0172642 
-0.0169425 
-0.0164182 
-0.0156831 
-0.0147346 
-0.0135754 
-0.0122137 
-0.0106627 
-0.00893968 
-0.00706637 
-0.00506773 
-0.00297141 
-0.00080725 
0.00139737 
0.00361369 
0.00581335 
0.00797097 
0.010065 
0.0120779 
0.0139962 
0.0158096 
0.0175094 
0.0190865 
0.0205278 
0.0218125 
0.0229079 
0.0237663 
0.0243247 
0.0245081 
0.0242384 
0.0234541 
0.0221503 
0.0204245 
0.0184585 
0.016415 
0.0143673 
0.0123227 
0.0102875 
0.00838514 
0.00693693 
0.00693693 
-0.00696113 
-0.00696113 
-0.00997834 
-0.0119679 
-0.0130417 
-0.0135031 
-0.0136003 
-0.0135267 
-0.0134213 
-0.013373 
-0.0134307 
-0.0136115 
-0.0139135 
-0.0143235 
-0.0148237 
-0.0153935 
-0.0160118 
-0.016656 
-0.0173023 
-0.0179247 
-0.0184957 
-0.0189857 
-0.0193644 
-0.0196015 
-0.0196679 
-0.0195378 
-0.0191897 
-0.0186075 
-0.0177814 
-0.0167085 
-0.0153917 
-0.0138406 
-0.0120699 
-0.0100998 
-0.00795486 
-0.00566399 
-0.0032591 
-0.000774508 
0.0017563 
0.0042977 
0.00681564 
0.00928016 
0.0116659 
0.0139522 
0.0161232 
0.0181669 
0.0200741 
0.0218351 
0.0234371 
0.0248584 
0.0260636 
0.0269992 
0.0275919 
0.0277527 
0.0273891 
0.0264335 
0.0248963 
0.0229087 
0.0206724 
0.0183361 
0.0159242 
0.0133723 
0.0106716 
0.00799238 
0.00584729 
0.00584729 
-0.00815833 
-0.00815833 
-0.0112104 
-0.0130614 
-0.0139814 
-0.0143434 
-0.0143872 
-0.014307 
-0.0142299 
-0.0142377 
-0.0143694 
-0.0146349 
-0.015027 
-0.0155294 
-0.016123 
-0.016787 
-0.0175001 
-0.0182394 
-0.0189801 
-0.0196949 
-0.0203538 
-0.020924 
-0.0213714 
-0.0216612 
-0.0217602 
-0.0216383 
-0.0212704 
-0.020638 
-0.0197297 
-0.0185419 
-0.0170781 
-0.0153485 
-0.0133698 
-0.0111642 
-0.00875947 
-0.0061881 
-0.00348643 
-0.000693027 
0.00215432 
0.00501231 
0.00784015 
0.0106024 
0.0132696 
0.0158182 
0.0182303 
0.0204928 
0.0225958 
0.0245294 
0.0262803 
0.0278257 
0.029127 
0.0301236 
0.0307314 
0.0308469 
0.0303644 
0.0292172 
0.0274431 
0.025212 
0.0227349 
0.0201064 
0.0172457 
0.0140368 
0.0104888 
0.00687761 
0.00398751 
0.00398751 
-0.00912318 
-0.00912318 
-0.0121957 
-0.0139141 
-0.014708 
-0.0150013 
-0.0150178 
-0.0149513 
-0.0149148 
-0.014984 
-0.0151882 
-0.0155323 
-0.0160049 
-0.0165888 
-0.0172643 
-0.0180111 
-0.0188082 
-0.0196328 
-0.0204595 
-0.0212599 
-0.0220015 
-0.022649 
-0.0231642 
-0.0235081 
-0.0236429 
-0.0235344 
-0.0231536 
-0.0224793 
-0.0214986 
-0.0202069 
-0.0186079 
-0.0167128 
-0.0145393 
-0.0121115 
-0.00945994 
-0.00662065 
-0.00363392 
-0.000542313 
0.00260901 
0.00576838 
0.00888923 
0.0119319 
0.0148636 
0.0176587 
0.0202979 
0.0227669 
0.0250549 
0.0271515 
0.0290425 
0.0307028 
0.0320891 
0.0331329 
0.0337369 
0.0337831 
0.0331566 
0.0318011 
0.0297983 
0.0273562 
0.0246504 
0.0216603 
0.0182152 
0.0141754 
0.00963438 
0.0050879 
0.00158345 
0.00158345 
-0.00991051 
-0.00991051 
-0.0129638 
-0.0145562 
-0.015254 
-0.0155065 
-0.015519 
-0.0154815 
-0.0154931 
-0.0156238 
-0.0158948 
-0.0163079 
-0.0168494 
-0.017502 
-0.0182465 
-0.0190633 
-0.0199319 
-0.0208299 
-0.0217319 
-0.0226083 
-0.0234254 
-0.0241447 
-0.0247248 
-0.0251224 
-0.0252954 
-0.0252048 
-0.0248182 
-0.0241112 
-0.023069 
-0.0216863 
-0.0199667 
-0.0179217 
-0.0155698 
-0.0129366 
-0.0100551 
-0.00696509 
-0.00371074 
-0.000338 
0.00310098 
0.00654504 
0.00994135 
0.0132463 
0.0164249 
0.0194503 
0.0223023 
0.0249659 
0.0274296 
0.0296819 
0.0317065 
0.0334751 
0.0349375 
0.0360152 
0.0365963 
0.0365484 
0.0357523 
0.034184 
0.0319773 
0.0293411 
0.0263665 
0.0228953 
0.0186881 
0.0136668 
0.0081206 
0.00279682 
-0.00114719 
-0.00114719 
-0.0104828 
-0.0104828 
-0.0134946 
-0.014985 
-0.0156241 
-0.0158649 
-0.0158964 
-0.0159013 
-0.0159663 
-0.0161566 
-0.0164874 
-0.0169595 
-0.0175581 
-0.0182668 
-0.019067 
-0.0199402 
-0.0208666 
-0.0218247 
-0.0227891 
-0.0237301 
-0.0246125 
-0.0253959 
-0.0260357 
-0.0264848 
-0.0266966 
-0.0266279 
-0.0262422 
-0.0255121 
-0.0244203 
-0.0229606 
-0.021136 
-0.0189583 
-0.0164463 
-0.0136262 
-0.010533 
-0.00721096 
-0.00370755 
-7.25841e-05 
0.00363159 
0.00733521 
0.0109815 
0.0145249 
0.0179296 
0.0211679 
0.0242189 
0.0270668 
0.0296985 
0.032101 
0.0342549 
0.0361266 
0.0376571 
0.0387554 
0.0392908 
0.039123 
0.0381433 
0.0363626 
0.0339721 
0.0311418 
0.0278001 
0.023673 
0.0185396 
0.0124944 
0.00607474 
0.000184613 
-0.00406239 
-0.00406239 
-0.0108643 
-0.0108643 
-0.0138113 
-0.0152252 
-0.0158392 
-0.0160915 
-0.0161601 
-0.0162167 
-0.0163381 
-0.0165851 
-0.0169688 
-0.0174905 
-0.018135 
-0.0188876 
-0.0197303 
-0.0206457 
-0.0216153 
-0.0226185 
-0.0236307 
-0.0246223 
-0.0255575 
-0.0263946 
-0.0270864 
-0.0275825 
-0.0278322 
-0.0277882 
-0.0274098 
-0.0266661 
-0.0255374 
-0.0240155 
-0.0221031 
-0.0198115 
-0.0171595 
-0.0141734 
-0.0108895 
-0.00735693 
-0.00362711 
0.00024432 
0.00418371 
0.00811579 
0.0119831 
0.0157403 
0.0193509 
0.0227863 
0.0260242 
0.0290476 
0.0318417 
0.0343907 
0.0366708 
0.0386412 
0.0402298 
0.0413318 
0.0418021 
0.0414905 
0.040297 
0.0383333 
0.0357904 
0.0326997 
0.0288324 
0.0238748 
0.017735 
0.0107517 
0.00366659 
-0.00260385 
-0.00707492 
-0.00707492 
-0.0110518 
-0.0110518 
-0.0139176 
-0.0152855 
-0.0159052 
-0.01619 
-0.0163118 
-0.0164279 
-0.0166085 
-0.0169092 
-0.0173402 
-0.0179031 
-0.0185837 
-0.019369 
-0.0202416 
-0.0211855 
-0.0221834 
-0.0232159 
-0.0242597 
-0.0252861 
-0.0262594 
-0.0271372 
-0.0278707 
-0.028407 
-0.028692 
-0.0286742 
-0.0283088 
-0.027561 
-0.026408 
-0.0248394 
-0.0228569 
-0.0204713 
-0.0177014 
-0.0145728 
-0.0111212 
-0.00740059 
-0.00346884 
0.00060546 
0.00473977 
0.00886352 
0.0129218 
0.0168689 
0.0206669 
0.0242851 
0.0276996 
0.0308914 
0.0338432 
0.036535 
0.0389373 
0.0409996 
0.0426377 
0.0437288 
0.0440876 
0.0435919 
0.0422226 
0.040121 
0.037399 
0.0339212 
0.0293547 
0.0234509 
0.0163347 
0.00858528 
0.00104088 
-0.00547476 
-0.010124 
-0.010124 
-0.0110473 
-0.0110473 
-0.0138445 
-0.0151923 
-0.0158382 
-0.0161699 
-0.0163544 
-0.0165347 
-0.0167765 
-0.01713 
-0.017605 
-0.0182036 
-0.018913 
-0.0197207 
-0.0206112 
-0.0215699 
-0.022581 
-0.0236266 
-0.0246852 
-0.0257293 
-0.0267242 
-0.0276277 
-0.0283907 
-0.0289582 
-0.0292733 
-0.0292809 
-0.0289323 
-0.0281888 
-0.0270236 
-0.0254239 
-0.0233896 
-0.0209311 
-0.0180672 
-0.0148235 
-0.0112338 
-0.0073531 
-0.00325016 
0.000986405 
0.00527535 
0.00955821 
0.0137809 
0.0178964 
0.021864 
0.0256511 
0.0292316 
0.0325842 
0.0356881 
0.0385192 
0.0410413 
0.0431901 
0.0448486 
0.0458789 
0.0461063 
0.0454476 
0.0439445 
0.0417158 
0.0387338 
0.0347138 
0.0293088 
0.0224332 
0.0144603 
0.00614212 
-0.00169517 
-0.00836639 
-0.0131617 
-0.0131617 
-0.0108598 
-0.0108598 
-0.0136066 
-0.0149555 
-0.0156425 
-0.0160336 
-0.016289 
-0.0165386 
-0.0168437 
-0.0172496 
-0.0177665 
-0.0183964 
-0.0191282 
-0.0199506 
-0.0208493 
-0.021811 
-0.0228213 
-0.0238641 
-0.0249198 
-0.025963 
-0.0269614 
-0.027874 
-0.028652 
-0.0292401 
-0.0295793 
-0.0296116 
-0.0292845 
-0.0285534 
-0.0273879 
-0.0257726 
-0.0237054 
-0.0211956 
-0.0182623 
-0.0149326 
-0.0112414 
-0.0072402 
-0.00300224 
0.00136379 
0.00577771 
0.0101922 
0.014554 
0.0188159 
0.022935 
0.026877 
0.0306132 
0.0341197 
0.0373715 
0.0403332 
0.0429574 
0.0451614 
0.0468124 
0.0477598 
0.0478564 
0.0470707 
0.045469 
0.0430823 
0.0397228 
0.0350185 
0.0287055 
0.0209186 
0.0122533 
0.0035406 
-0.00447062 
-0.0112363 
-0.0161503 
-0.0161503 
-0.0105044 
-0.0105044 
-0.0132206 
-0.014588 
-0.0153276 
-0.0157868 
-0.0161188 
-0.0164418 
-0.0168124 
-0.0172717 
-0.0178299 
-0.018489 
-0.0192393 
-0.0200702 
-0.0209686 
-0.0219224 
-0.0229188 
-0.0239438 
-0.0249801 
-0.026005 
-0.0269886 
-0.0278926 
-0.0286694 
-0.029264 
-0.0296166 
-0.0296666 
-0.0293579 
-0.0286438 
-0.0274898 
-0.0258763 
-0.0237978 
-0.0212621 
-0.0182877 
-0.0149036 
-0.0111491 
-0.00707641 
-0.00275454 
0.00170912 
0.00622955 
0.0107564 
0.0152377 
0.0196263 
0.023879 
0.0279596 
0.0318374 
0.0354841 
0.0388683 
0.0419454 
0.0446514 
0.0468832 
0.0484978 
0.049352 
0.0493425 
0.0484749 
0.0467846 
0.0441715 
0.0403127 
0.0348304 
0.0276173 
0.0190368 
0.00984311 
0.000866509 
-0.00723942 
-0.01405 
-0.0190566 
-0.0190566 
-0.0099963 
-0.0099963 
-0.0127004 
-0.0141001 
-0.0149009 
-0.0154348 
-0.0158476 
-0.0162471 
-0.0166856 
-0.0172 
-0.0178001 
-0.0184879 
-0.0192545 
-0.0200899 
-0.0209818 
-0.0219192 
-0.0228907 
-0.0238842 
-0.0248851 
-0.025874 
-0.0268247 
-0.027702 
-0.0284613 
-0.0290491 
-0.0294058 
-0.0294694 
-0.0291809 
-0.0284894 
-0.0273561 
-0.0257576 
-0.0236855 
-0.0211455 
-0.0181557 
-0.0147458 
-0.0109586 
-0.0068497 
-0.00248872 
0.00202996 
0.00662582 
0.0112396 
0.0158188 
0.0203146 
0.0246834 
0.0288873 
0.0328919 
0.0366634 
0.0401614 
0.0433293 
0.0460862 
0.0483154 
0.0498769 
0.0506511 
0.0505769 
0.0496629 
0.0478637 
0.0449399 
0.0404881 
0.0341993 
0.0261568 
0.0169191 
0.00732905 
-0.00182128 
-0.00996406 
-0.0167752 
-0.0218493 
-0.0218493 
-0.00935278 
-0.00935278 
-0.0120614 
-0.0135044 
-0.0143724 
-0.014985 
-0.015481 
-0.0159591 
-0.0164674 
-0.0170389 
-0.0176826 
-0.0184 
-0.0191826 
-0.0200205 
-0.0209022 
-0.021817 
-0.0227549 
-0.0237056 
-0.0246574 
-0.0255944 
-0.0264944 
-0.0273265 
-0.0280502 
-0.028615 
-0.0289628 
-0.0290317 
-0.0287606 
-0.0280953 
-0.026993 
-0.0254257 
-0.0233813 
-0.0208629 
-0.0178875 
-0.0144849 
-0.0106984 
-0.00658394 
-0.00221067 
0.00233334 
0.00697304 
0.0116468 
0.0162996 
0.0208807 
0.025345 
0.0296516 
0.0337616 
0.0376341 
0.0412185 
0.0444461 
0.0472227 
0.0494282 
0.0509383 
0.0516637 
0.0515676 
0.0506224 
0.0486736 
0.0453656 
0.0402766 
0.0332156 
0.0244505 
0.0146792 
0.00478153 
-0.00448079 
-0.0126086 
-0.0193778 
-0.0244946 
-0.0244946 
-0.00859126 
-0.00859126 
-0.0113191 
-0.0128142 
-0.0137534 
-0.0144464 
-0.0150261 
-0.0155835 
-0.0161627 
-0.0167929 
-0.0174822 
-0.0182309 
-0.0190306 
-0.0198712 
-0.0207412 
-0.0216303 
-0.022529 
-0.023429 
-0.0243208 
-0.0251923 
-0.0260257 
-0.0267953 
-0.0274655 
-0.0279905 
-0.0283154 
-0.0283794 
-0.028121 
-0.0274831 
-0.0264189 
-0.0248957 
-0.0228973 
-0.0204236 
-0.0174894 
-0.0141235 
-0.0103686 
-0.0062795 
-0.00192331 
0.00261773 
0.00727187 
0.0119771 
0.0166766 
0.0213177 
0.0258526 
0.0302365 
0.0344249 
0.0383685 
0.0420071 
0.0452617 
0.0480325 
0.0502064 
0.0516826 
0.0523973 
0.0523115 
0.0513306 
0.0491887 
0.0454547 
0.0397404 
0.0319883 
0.0226166 
0.0124072 
0.00225346 
-0.00707414 
-0.0151339 
-0.0218186 
-0.0269537 
-0.0269537 
-0.00773052 
-0.00773052 
-0.0104909 
-0.012045 
-0.0130576 
-0.0138307 
-0.0144926 
-0.0151282 
-0.0157779 
-0.0164676 
-0.0172038 
-0.0179856 
-0.0188044 
-0.0196493 
-0.0205085 
-0.0213713 
-0.022229 
-0.0230738 
-0.0238988 
-0.0246949 
-0.025449 
-0.0261407 
-0.0267406 
-0.0272085 
-0.0274944 
-0.0275408 
-0.0272868 
-0.0266739 
-0.0256518 
-0.0241833 
-0.0222471 
-0.0198391 
-0.0169712 
-0.0136698 
-0.00997557 
-0.00594103 
-0.00163015 
0.00287982 
0.00752003 
0.0122281 
0.0169459 
0.0216185 
0.0261949 
0.0306256 
0.0348598 
0.0388403 
0.0424988 
0.0457511 
0.0484998 
0.0506471 
0.0521154 
0.0528533 
0.0527939 
0.0517615 
0.0493974 
0.0452382 
0.0389592 
0.0306233 
0.020749 
0.0101651 
-0.000206651 
-0.00955144 
-0.0174906 
-0.0240508 
-0.0291807 
-0.0291807 
-0.00679017 
-0.00679017 
-0.0095955 
-0.0112144 
-0.012301 
-0.013152 
-0.0138926 
-0.0146032 
-0.0153211 
-0.0160691 
-0.0168523 
-0.0176685 
-0.0185081 
-0.0193596 
-0.0202103 
-0.0210493 
-0.0218671 
-0.0226568 
-0.0234126 
-0.0241282 
-0.0247946 
-0.0253968 
-0.0259119 
-0.0263066 
-0.0265373 
-0.0265512 
-0.0262903 
-0.0256962 
-0.0247161 
-0.0233085 
-0.0214468 
-0.019122 
-0.0163418 
-0.0131294 
-0.00952232 
-0.00557011 
-0.001333 
0.00311724 
0.00771437 
0.0123955 
0.0171012 
0.0217739 
0.026359 
0.0308021 
0.0350462 
0.0390281 
0.0426746 
0.0459021 
0.0486223 
0.0507555 
0.0522414 
0.0530241 
0.0529923 
0.0518922 
0.0493019 
0.0447599 
0.0380132 
0.0292111 
0.0189185 
0.00798997 
-0.00255105 
-0.0118478 
-0.0196186 
-0.0260191 
-0.0311221 
-0.0311221 
-0.00579066 
-0.00579066 
-0.00865261 
-0.0103413 
-0.0115017 
-0.012427 
-0.0132409 
-0.0140211 
-0.0148025 
-0.0156055 
-0.0164337 
-0.0172835 
-0.0181448 
-0.0190049 
-0.0198505 
-0.0206695 
-0.0214519 
-0.0221904 
-0.0228796 
-0.0235149 
-0.0240906 
-0.0245968 
-0.0250169 
-0.0253249 
-0.0254848 
-0.0254505 
-0.0251688 
-0.0245832 
-0.0236404 
-0.0222951 
-0.0205159 
-0.0182877 
-0.0156131 
-0.0125108 
-0.00901458 
-0.00517023 
-0.00103411 
0.00332774 
0.00785207 
0.0124753 
0.0171364 
0.0217753 
0.0263338 
0.030753 
0.034971 
0.0389209 
0.0425287 
0.0457164 
0.0484083 
0.0505407 
0.0520606 
0.0528945 
0.0528817 
0.0517055 
0.0489112 
0.0440622 
0.0369691 
0.0278253 
0.0171877 
0.00592025 
-0.0047366 
-0.0138894 
-0.0214486 
-0.0276622 
-0.0327192 
-0.0327192 
-0.00475256 
-0.00475256 
-0.00768237 
-0.00944542 
-0.0106788 
-0.0116738 
-0.0125543 
-0.0133966 
-0.0142344 
-0.0150864 
-0.0159549 
-0.0168356 
-0.0177173 
-0.0185869 
-0.0194302 
-0.0202341 
-0.0209875 
-0.021682 
-0.0223118 
-0.0228727 
-0.023361 
-0.0237707 
-0.0240911 
-0.0243036 
-0.0243801 
-0.0242828 
-0.0239648 
-0.0233745 
-0.0224594 
-0.0211727 
-0.0194784 
-0.0173555 
-0.0148001 
-0.0118256 
-0.00846079 
-0.00474727 
-0.000737405 
0.00350856 
0.0079305 
0.0124642 
0.0170476 
0.021618 
0.0261142 
0.0304738 
0.034632 
0.0385208 
0.0420693 
0.0452076 
0.0478727 
0.0500115 
0.0515689 
0.0524469 
0.0524396 
0.0511888 
0.0482323 
0.0431693 
0.0358594 
0.0265038 
0.0156052 
0.00399303 
-0.00670214 
-0.0155947 
-0.0229066 
-0.0289165 
-0.0339115 
-0.0339115 
-0.00369555 
-0.00369555 
-0.00670398 
-0.00854598 
-0.00985154 
-0.0109111 
-0.0118505 
-0.0127459 
-0.0136309 
-0.0145233 
-0.015425 
-0.0163308 
-0.0172295 
-0.0181075 
-0.01895 
-0.0197433 
-0.0204749 
-0.0211349 
-0.021716 
-0.0222134 
-0.0226237 
-0.0229433 
-0.0231661 
-0.0232801 
-0.0232655 
-0.0230931 
-0.0227244 
-0.0221139 
-0.0212134 
-0.0199762 
-0.0183635 
-0.0163489 
-0.0139218 
-0.0110888 
-0.00787269 
-0.00431006 
-0.000449024 
0.00365584 
0.00794752 
0.0123614 
0.0168346 
0.021303 
0.0257031 
0.0299703 
0.0340391 
0.0378429 
0.041316 
0.0443973 
0.0470336 
0.0491764 
0.0507619 
0.0516664 
0.05165 
0.0503331 
0.0472636 
0.0420772 
0.034668 
0.0252264 
0.0141783 
0.00234671 
-0.00827896 
-0.0168532 
-0.0239094 
-0.0297185 
-0.0346418 
-0.0346418 
-0.00263748 
-0.00263748 
-0.00573443 
-0.00765962 
-0.00903665 
-0.0101558 
-0.011146 
-0.0120846 
-0.0130064 
-0.0139291 
-0.0148546 
-0.0157777 
-0.0166875 
-0.0175705 
-0.018412 
-0.0191977 
-0.0199141 
-0.0205496 
-0.0210949 
-0.0215432 
-0.0218901 
-0.0221325 
-0.0222669 
-0.0222868 
-0.0221797 
-0.0219252 
-0.021494 
-0.0208488 
-0.0199473 
-0.0187459 
-0.0172055 
-0.0152957 
-0.0129998 
-0.0103169 
-0.00726259 
-0.00386747 
-0.000174793 
0.00376648 
0.00790249 
0.0121687 
0.0165022 
0.0208381 
0.0251118 
0.0292584 
0.0332131 
0.0369125 
0.0402968 
0.0433123 
0.0459118 
0.0480463 
0.0496401 
0.0505479 
0.0505087 
0.0491378 
0.046002 
0.0407681 
0.0333488 
0.0239238 
0.0128359 
0.0010412 
-0.0092836 
-0.0175749 
-0.0243906 
-0.030021 
-0.0348699 
-0.0348699 
-0.00159233 
-0.00159233 
-0.00478636 
-0.00679844 
-0.0082463 
-0.00942049 
-0.0104539 
-0.0114262 
-0.0123742 
-0.0133163 
-0.0142553 
-0.0151868 
-0.0161003 
-0.0169833 
-0.0178216 
-0.0186008 
-0.0193069 
-0.0199269 
-0.0204492 
-0.0208645 
-0.0211659 
-0.021349 
-0.0214109 
-0.0213483 
-0.0211547 
-0.0208178 
-0.0203176 
-0.019626 
-0.0187083 
-0.0175268 
-0.0160444 
-0.0142295 
-0.0120609 
-0.0095306 
-0.00664634 
-0.00343112 
7.78196e-05 
0.00383729 
0.00779637 
0.0118912 
0.0160598 
0.0202373 
0.0243596 
0.0283623 
0.032183 
0.0357619 
0.0390445 
0.0419825 
0.0445312 
0.0466375 
0.0482146 
0.0491017 
0.0490291 
0.0476184 
0.0444587 
0.0392362 
0.0318772 
0.0225692 
0.0116007 
0.000215527 
-0.00964062 
-0.0177019 
-0.0243112 
-0.0297962 
-0.0345686 
-0.0345686 
-0.000570252 
-0.000570252 
-0.00386699 
-0.00596806 
-0.00748578 
-0.00871094 
-0.00978117 
-0.0107787 
-0.0117434 
-0.0126953 
-0.0136386 
-0.0145699 
-0.0154802 
-0.0163578 
-0.0171896 
-0.0179618 
-0.0186604 
-0.0192715 
-0.0197817 
-0.0201792 
-0.0204537 
-0.0205982 
-0.0206082 
-0.020481 
-0.0202141 
-0.0198018 
-0.0192327 
-0.0184881 
-0.0175423 
-0.0163646 
-0.0149229 
-0.0131872 
-0.0111342 
-0.00875076 
-0.00603721 
-0.00300842 
0.00030587 
0.00386898 
0.00763373 
0.0115382 
0.0155215 
0.0195202 
0.0234711 
0.0273118 
0.0309824 
0.034427 
0.0375951 
0.0404414 
0.042921 
0.044976 
0.0465105 
0.0473562 
0.047245 
0.0458136 
0.0426698 
0.0375239 
0.030294 
0.0211508 
0.0105818 
-0.000130537 
-0.00949132 
-0.0172856 
-0.0236983 
-0.0290523 
-0.0337571 
-0.0337571 
0.000425566 
0.000425566 
-0.00297617 
-0.00516617 
-0.00675192 
-0.00802449 
-0.00912659 
-0.0101433 
-0.011118 
-0.0120727 
-0.0130136 
-0.0139388 
-0.0148408 
-0.0157091 
-0.0165319 
-0.0172962 
-0.0179885 
-0.0185947 
-0.0191006 
-0.0194922 
-0.0197564 
-0.0198827 
-0.0198632 
-0.0196938 
-0.0193729 
-0.0188989 
-0.018268 
-0.0174704 
-0.0164896 
-0.0153034 
-0.0138859 
-0.0122113 
-0.0102572 
-0.00800797 
-0.00545818 
-0.0026147 
0.000501521 
0.00386083 
0.00742011 
0.0111209 
0.0149044 
0.0187093 
0.0224743 
0.0261394 
0.0296475 
0.0329458 
0.0359865 
0.0387258 
0.0411171 
0.0430983 
0.0445683 
0.0453585 
0.0452114 
0.0437824 
0.0407046 
0.0356637 
0.0285956 
0.0198023 
0.00985736 
-9.45604e-05 
-0.00891707 
-0.016392 
-0.0225981 
-0.0278266 
-0.0324691 
-0.0324691 
0.00139473 
0.00139473 
-0.00210597 
-0.00438227 
-0.00603287 
-0.0073497 
-0.0084806 
-0.00951325 
-0.0104949 
-0.0114495 
-0.0123857 
-0.0133031 
-0.0141956 
-0.0150541 
-0.0158677 
-0.0166245 
-0.0173116 
-0.0179154 
-0.0184216 
-0.0188152 
-0.0190814 
-0.0192062 
-0.0191784 
-0.0189902 
-0.0186382 
-0.018122 
-0.0174425 
-0.0165979 
-0.0155809 
-0.0143781 
-0.0129709 
-0.0113389 
-0.0094629 
-0.00732789 
-0.00492578 
-0.00225783 
0.000663293 
0.00381624 
0.00716423 
0.0106534 
0.0142281 
0.0178295 
0.021399 
0.024879 
0.0282152 
0.0313571 
0.0342589 
0.0368766 
0.0391624 
0.0410511 
0.0424412 
0.0431702 
0.0429969 
0.0416005 
0.0385854 
0.0336884 
0.0269231 
0.0186263 
0.00940871 
0.00024108 
-0.00800653 
-0.0151132 
-0.0210909 
-0.0261877 
-0.0307683 
-0.0307683 
0.0023497 
0.0023497 
-0.00124392 
-0.00360007 
-0.00531033 
-0.00666838 
-0.00782684 
-0.00887548 
-0.00986498 
-0.0108213 
-0.0117555 
-0.0126684 
-0.0135553 
-0.0144079 
-0.0152163 
-0.015969 
-0.0166539 
-0.017258 
-0.0177675 
-0.0181675 
-0.0184427 
-0.0185776 
-0.0185579 
-0.0183719 
-0.0180123 
-0.0174768 
-0.0167673 
-0.0158875 
-0.0148387 
-0.0136169 
-0.0122117 
-0.0106089 
-0.00879328 
-0.00675218 
-0.0044772 
-0.00196639 
0.00077407 
0.00372967 
0.00687004 
0.0101476 
0.013511 
0.0169052 
0.0202745 
0.0235642 
0.0267222 
0.0297004 
0.0324538 
0.0349385 
0.0371054 
0.0388891 
0.0401912 
0.0408612 
0.0406754 
0.0392983 
0.03637 
0.0317028 
0.0253419 
0.0176474 
0.00920511 
0.000820002 
-0.00683246 
-0.0135354 
-0.0192612 
-0.0242152 
-0.0287298 
-0.0287298 
0.00330593 
0.00330593 
-0.000373695 
-0.00279796 
-0.00456212 
-0.00595869 
-0.00714543 
-0.00821315 
-0.00921538 
-0.0101798 
-0.0111193 
-0.0120358 
-0.0129259 
-0.0137815 
-0.014593 
-0.0153492 
-0.0160383 
-0.0166476 
-0.017164 
-0.0175737 
-0.0178616 
-0.0180125 
-0.0180107 
-0.017842 
-0.0174949 
-0.0169631 
-0.0162457 
-0.0153474 
-0.0142754 
-0.0130347 
-0.0116246 
-0.0100384 
-0.00826551 
-0.00629622 
-0.00412419 
-0.00174794 
0.00082944 
0.00360036 
0.00654263 
0.00961495 
0.0127709 
0.0159596 
0.0191289 
0.0222271 
0.0252045 
0.0280148 
0.0306137 
0.0329577 
0.0349977 
0.0366699 
0.0378831 
0.0384987 
0.0382917 
0.0369358 
0.0341449 
0.0297731 
0.023896 
0.0168639 
0.00920542 
0.00158293 
-0.00546752 
-0.0117432 
-0.0171965 
-0.0219942 
-0.0264362 
-0.0264362 
0.00428566 
0.00428566 
0.000525924 
-0.00195545 
-0.00376635 
-0.00519979 
-0.00641717 
-0.00750965 
-0.00853257 
-0.0095148 
-0.0104706 
-0.011403 
-0.0123086 
-0.0131799 
-0.014007 
-0.0147783 
-0.0154818 
-0.0161049 
-0.0166349 
-0.0170586 
-0.0173623 
-0.0175317 
-0.0175521 
-0.0174085 
-0.0170876 
-0.0165785 
-0.0158758 
-0.0149808 
-0.0139011 
-0.0126479 
-0.011231 
-0.00965408 
-0.00791344 
-0.00600185 
-0.00391318 
-0.00164582 
0.000797529 
0.00341034 
0.00617559 
0.00905889 
0.0120195 
0.0150114 
0.0179867 
0.0208971 
0.0236957 
0.0263377 
0.0287804 
0.0309807 
0.0328909 
0.0344508 
0.035577 
0.0361374 
0.0358945 
0.0345887 
0.0319759 
0.0279523 
0.022607 
0.0162597 
0.00937023 
0.00248152 
-0.00397353 
-0.00981116 
-0.0149776 
-0.0196069 
-0.0239681 
-0.0239681 
0.00531061 
0.00531061 
0.00147867 
-0.0010534 
-0.00290429 
-0.00437456 
-0.00562651 
-0.00675134 
-0.00780495 
-0.00881698 
-0.00980251 
-0.0107649 
-0.0117011 
-0.0126032 
-0.0134609 
-0.0142619 
-0.0149935 
-0.0156427 
-0.0161965 
-0.0166421 
-0.0169667 
-0.0171576 
-0.0172015 
-0.0170853 
-0.0167956 
-0.0163202 
-0.0156497 
-0.0147796 
-0.0137126 
-0.0124591 
-0.0110345 
-0.00945398 
-0.00772581 
-0.00585015 
-0.00382319 
-0.00164391 
0.000684682 
0.00315862 
0.0057686 
0.00848343 
0.0112662 
0.0140759 
0.0168687 
0.0196 
0.0222259 
0.0247039 
0.0269928 
0.029051 
0.0308331 
0.0322838 
0.0333253 
0.0338119 
0.0335508 
0.0323187 
0.0299186 
0.0262757 
0.0214812 
0.0158135 
0.0096621 
0.0034696 
-0.00240764 
-0.00780644 
-0.0126778 
-0.0171286 
-0.0214008 
-0.0214008 
0.00639826 
0.00639826 
0.00250543 
-7.33453e-05 
-0.00196156 
-0.00347062 
-0.0047625 
-0.00592836 
-0.00702377 
-0.00807863 
-0.00910828 
-0.0101162 
-0.0110991 
-0.0120486 
-0.0129534 
-0.0138004 
-0.0145759 
-0.0152659 
-0.0158568 
-0.0163356 
-0.0166899 
-0.0169079 
-0.0169782 
-0.0168897 
-0.0166311 
-0.0161917 
-0.0155613 
-0.0147322 
-0.0137009 
-0.0124713 
-0.0110559 
-0.00947477 
-0.0077496 
-0.0058948 
-0.00391263 
-0.00179825 
0.000449104 
0.00282241 
0.00530975 
0.00788478 
0.0105149 
0.0131631 
0.0157905 
0.0183567 
0.0208209 
0.0231435 
0.0252854 
0.0272072 
0.0288666 
0.030212 
0.0311585 
0.0315791 
0.0313143 
0.0301784 
0.0280129 
0.0247641 
0.0205162 
0.015503 
0.010048 
0.00450794 
-0.000816636 
-0.00578476 
-0.0103595 
-0.0146249 
-0.0188002 
-0.0188002 
0.00756339 
0.00756339 
0.00362352 
0.00100374 
-0.000928454 
-0.00248001 
-0.00381769 
-0.00503374 
-0.00618232 
-0.00729339 
-0.00838204 
-0.00945151 
-0.010498 
-0.0115122 
-0.0124817 
-0.0133921 
-0.0142284 
-0.0149753 
-0.0156183 
-0.0161438 
-0.0165393 
-0.0167935 
-0.0168961 
-0.0168378 
-0.0166097 
-0.0162034 
-0.015611 
-0.0148252 
-0.0138403 
-0.0126538 
-0.0112691 
-0.00969845 
-0.00796407 
-0.0060947 
-0.00411567 
-0.00203893 
0.000137502 
0.00241535 
0.00480246 
0.00726652 
0.00977048 
0.0122816 
0.0147647 
0.0171837 
0.0195014 
0.0216812 
0.0236867 
0.025481 
0.0270247 
0.0282636 
0.0291153 
0.0294825 
0.0292301 
0.0282063 
0.0262852 
0.0234271 
0.0197046 
0.0153075 
0.0104998 
0.00556655 
0.000760379 
-0.00379449 
-0.00807503 
-0.0121501 
-0.0162211 
-0.0162211 
0.00881907 
0.00881907 
0.00484337 
0.00218566 
0.000205957 
-0.00139453 
-0.00278609 
-0.00406098 
-0.00527435 
-0.00645502 
-0.00761785 
-0.00876545 
-0.00989312 
-0.0109903 
-0.0120431 
-0.0130354 
-0.0139503 
-0.0147711 
-0.015482 
-0.0160685 
-0.016518 
-0.0168193 
-0.0169629 
-0.0169406 
-0.0167453 
-0.0163709 
-0.0158119 
-0.0150636 
-0.0141222 
-0.0129853 
-0.0116531 
-0.0101297 
-0.00842609 
-0.00656365 
-0.00457432 
-0.00249075 
-0.000328027 
0.001921 
0.00425038 
0.00663334 
0.00904013 
0.0114397 
0.013802 
0.0160946 
0.0182839 
0.0203365 
0.0222186 
0.0238963 
0.0253289 
0.0264603 
0.0272313 
0.0275587 
0.0273319 
0.0264289 
0.0247509 
0.022267 
0.019036 
0.0152081 
0.0109941 
0.00662071 
0.00229439 
-0.0018714 
-0.00586291 
-0.00974546 
-0.013706 
-0.013706 
0.0101757 
0.0101757 
0.00617269 
0.00348104 
0.00145209 
-0.00020828 
-0.00165991 
-0.00300327 
-0.00429247 
-0.00555629 
-0.00680879 
-0.00805183 
-0.00927943 
-0.0104794 
-0.0116356 
-0.0127297 
-0.0137426 
-0.0146553 
-0.0154505 
-0.0161129 
-0.0166291 
-0.0169884 
-0.0171821 
-0.0172032 
-0.017046 
-0.0167058 
-0.0161789 
-0.0154621 
-0.0145536 
-0.0134529 
-0.012161 
-0.0106812 
-0.0090181 
-0.00717846 
-0.00517563 
-0.00304141 
-0.000839106 
0.00136775 
0.00364488 
0.00598859 
0.00832967 
0.010645 
0.0129109 
0.0150996 
0.0171804 
0.0191233 
0.0208966 
0.0224658 
0.0237902 
0.0248302 
0.0255341 
0.0258343 
0.0256421 
0.0248618 
0.0234162 
0.0212804 
0.0184993 
0.0151882 
0.0115121 
0.0076496 
0.00376497 
-3.82944e-05 
-0.00375172 
-0.0074408 
-0.0112861 
-0.0112861 
0.0116417 
0.0116417 
0.00761875 
0.00489443 
0.00281564 
0.00109283 
-0.000431881 
-0.00185209 
-0.00322799 
-0.00458832 
-0.0059463 
-0.00730295 
-0.00865063 
-0.00997491 
-0.0112569 
-0.0124751 
-0.0136072 
-0.0146316 
-0.0155289 
-0.0162821 
-0.0168779 
-0.0173057 
-0.0175579 
-0.017629 
-0.017515 
-0.0172129 
-0.0167202 
-0.0160348 
-0.0151556 
-0.0140829 
-0.0128195 
-0.0113713 
-0.00974857 
-0.00796438 
-0.00603197 
-0.00395596 
-0.00172904 
0.000640439 
0.00304021 
0.00538002 
0.0076698 
0.0099162 
0.0121058 
0.0142114 
0.0162031 
0.0180521 
0.0197264 
0.0211963 
0.0224302 
0.0233931 
0.024043 
0.024326 
0.0241734 
0.0235115 
0.0222809 
0.0204608 
0.0180832 
0.0152345 
0.0120404 
0.00863977 
0.0051602 
0.0016892 
-0.00175801 
-0.00525571 
-0.00898177 
-0.00898177 
0.0132247 
0.0132247 
0.0091883 
0.0064327 
0.00430349 
0.00251424 
0.000911244 
-0.000597802 
-0.00207057 
-0.00354013 
-0.00501963 
-0.00650889 
-0.00799841 
-0.00947089 
-0.0109037 
-0.0122712 
-0.0135468 
-0.0147051 
-0.0157237 
-0.0165841 
-0.0172723 
-0.0177785 
-0.0180965 
-0.018223 
-0.0181561 
-0.0178948 
-0.017438 
-0.0167846 
-0.0159334 
-0.0148843 
-0.0136394 
-0.0122033 
-0.0105853 
-0.00879779 
-0.00685673 
-0.00477568 
-0.00255847 
-0.000184564 
0.00229069 
0.00471209 
0.00702359 
0.00924407 
0.0113889 
0.0134349 
0.0153551 
0.0171245 
0.0187164 
0.020105 
0.0212628 
0.0221618 
0.0227687 
0.023042 
0.02293 
0.0223777 
0.02134 
0.0197995 
0.0177775 
0.0153366 
0.0125698 
0.00958292 
0.00647304 
0.00330927 
0.000107893 
-0.00320313 
-0.00680441 
-0.00680441 
0.0149305 
0.0149305 
0.0108867 
0.00810193 
0.00592231 
0.00406534 
0.00237923 
0.000773563 
-0.00080784 
-0.00239913 
-0.00401568 
-0.00565723 
-0.00731191 
-0.00895898 
-0.010571 
-0.0121166 
-0.0135636 
-0.0148812 
-0.0160431 
-0.0170283 
-0.0178223 
-0.0184162 
-0.0188062 
-0.0189918 
-0.0189743 
-0.0187552 
-0.0183351 
-0.0177134 
-0.0168885 
-0.0158588 
-0.0146245 
-0.0131886 
-0.0115584 
-0.0097457 
-0.00776877 
-0.00565079 
-0.00341752 
-0.0011056 
0.00127746 
0.00376606 
0.00623746 
0.00855875 
0.010733 
0.0127633 
0.014642 
0.0163543 
0.0178811 
0.0192024 
0.0202971 
0.021143 
0.0217152 
0.0219831 
0.0219095 
0.0214546 
0.0205852 
0.0192869 
0.0175729 
0.0154866 
0.013095 
0.0104756 
0.00770064 
0.00482011 
0.00184617 
-0.00128392 
-0.00475906 
-0.00475906 
0.0167628 
0.0167628 
0.0127176 
0.00990658 
0.00767841 
0.00575369 
0.00398275 
0.00227514 
0.000574936 
-0.00115 
-0.00291907 
-0.00473266 
-0.00657731 
-0.00842795 
-0.010251 
-0.0120078 
-0.0136583 
-0.0151648 
-0.0164951 
-0.0176251 
-0.0185391 
-0.0192297 
-0.0196964 
-0.0199432 
-0.0199758 
-0.0197992 
-0.0194164 
-0.0188271 
-0.0180286 
-0.0170173 
-0.0157902 
-0.0143472 
-0.0126932 
-0.0108374 
-0.0087994 
-0.00660594 
-0.00429421 
-0.0018952 
0.00055895 
0.00302392 
0.00547928 
0.00785718 
0.0100967 
0.0121643 
0.0140465 
0.0157348 
0.0172202 
0.0184913 
0.0195352 
0.0203373 
0.0208807 
0.0211448 
0.0211045 
0.0207327 
0.0200059 
0.0189129 
0.0174611 
0.0156792 
0.0136133 
0.0113178 
0.00884393 
0.00622483 
0.00346412 
0.000500716 
-0.00284552 
-0.00284552 
0.0187217 
0.0187217 
0.0146813 
0.0118485 
0.00957589 
0.00758644 
0.00573173 
0.0039203 
0.00209505 
0.00022211 
-0.00171319 
-0.00371809 
-0.00577816 
-0.00786358 
-0.00993303 
-0.0119383 
-0.0138293 
-0.0155588 
-0.017087 
-0.0183845 
-0.0194342 
-0.0202304 
-0.0207771 
-0.0210847 
-0.0211655 
-0.0210299 
-0.020684 
-0.020128 
-0.0193573 
-0.0183646 
-0.0171424 
-0.0156863 
-0.0139965 
-0.012078 
-0.00995184 
-0.00765207 
-0.00522398 
-0.00272287 
-0.000208962 
0.00229107 
0.00476976 
0.00718624 
0.00948542 
0.0116138 
0.0135381 
0.0152413 
0.0167168 
0.0179609 
0.0189696 
0.0197376 
0.0202572 
0.0205173 
0.0205035 
0.0201993 
0.0195897 
0.0186668 
0.0174343 
0.0159101 
0.0141239 
0.0121118 
0.00990663 
0.0075274 
0.0049666 
0.00216284 
-0.00105738 
-0.00105738 
0.0208024 
0.0208024 
0.0167733 
0.0139251 
0.011615 
0.00956723 
0.00763325 
0.00571943 
0.00376652 
0.00173883 
-0.000381266 
-0.00259596 
-0.00489646 
-0.00724918 
-0.00960298 
-0.0118978 
-0.0140708 
-0.0160623 
-0.0178222 
-0.019314 
-0.0205174 
-0.0214285 
-0.0220572 
-0.0224226 
-0.0225466 
-0.0224482 
-0.0221379 
-0.0216169 
-0.0208771 
-0.019906 
-0.0186896 
-0.0172179 
-0.0154824 
-0.0134806 
-0.0112308 
-0.00877656 
-0.00618413 
-0.0035209 
-0.000851951 
0.00176235 
0.00429194 
0.00672143 
0.00902973 
0.0111805 
0.0131353 
0.014864 
0.0163504 
0.0175891 
0.0185803 
0.0193263 
0.019828 
0.0200841 
0.0200899 
0.0198385 
0.0193223 
0.0185371 
0.0174847 
0.0161756 
0.0146272 
0.0128607 
0.0108941 
0.00873348 
0.00636127 
0.00371132 
0.000611293 
0.000611293 
0.0229934 
0.0229934 
0.0189824 
0.0161273 
0.0137898 
0.0116941 
0.00969005 
0.00767985 
0.00560015 
0.00341119 
0.00109446 
-0.00135057 
-0.00391535 
-0.00656752 
-0.00924448 
-0.0118716 
-0.0143705 
-0.0166666 
-0.0186965 
-0.0204138 
-0.0217929 
-0.0228302 
-0.0235422 
-0.0239597 
-0.0241185 
-0.02405 
-0.0237723 
-0.0232877 
-0.0225831 
-0.0216387 
-0.0204312 
-0.0189432 
-0.0171514 
-0.0150388 
-0.0126359 
-0.0100062 
-0.00722106 
-0.00435945 
-0.00150437 
0.0012656 
0.00391352 
0.00641866 
0.00876329 
0.0109282 
0.0128916 
0.0146293 
0.0161224 
0.0173611 
0.0183447 
0.0190779 
0.0195678 
0.0198208 
0.0198408 
0.0196293 
0.0191856 
0.0185096 
0.0176029 
0.016471 
0.0151226 
0.0135676 
0.0118117 
0.00984961 
0.00765489 
0.0051542 
0.00217514 
0.00217514 
0.0252745 
0.0252745 
0.0212887 
0.0184366 
0.0160849 
0.0139556 
0.0118952 
0.00979942 
0.00759885 
0.00524811 
0.00272472 
2.81947e-05 
-0.00282416 
-0.00580417 
-0.00884094 
-0.011841 
-0.0147089 
-0.0173524 
-0.0196928 
-0.0216708 
-0.0232522 
-0.0244312 
-0.0252298 
-0.0256925 
-0.0258738 
-0.025824 
-0.0255733 
-0.0251259 
-0.0244616 
-0.0235494 
-0.0223546 
-0.0208482 
-0.0189826 
-0.0167411 
-0.0141733 
-0.0113434 
-0.00832923 
-0.00522171 
-0.00211735 
0.000884385 
0.00371164 
0.0063363 
0.00874412 
0.0109264 
0.0128793 
0.0145958 
0.0160674 
0.0172872 
0.0182536 
0.0189713 
0.0194492 
0.0196978 
0.0197271 
0.019545 
0.0191569 
0.0185663 
0.0177761 
0.016789 
0.0156079 
0.014234 
0.0126636 
0.0108816 
0.00885374 
0.00649852 
0.00364159 
0.00364159 
0.0276148 
0.0276148 
0.0236608 
0.0208228 
0.0184724 
0.0163272 
0.0142281 
0.0120622 
0.0097512 
0.00724181 
0.00450667 
0.00154342 
-0.00162091 
-0.00495229 
-0.00837895 
-0.0117855 
-0.0150579 
-0.0180863 
-0.0207752 
-0.0230506 
-0.0248661 
-0.0262089 
-0.027103 
-0.0276057 
-0.0277953 
-0.0277487 
-0.0275154 
-0.0271042 
-0.0264841 
-0.0256081 
-0.0244274 
-0.0228969 
-0.0209423 
-0.0185695 
-0.0158285 
-0.0127861 
-0.00952671 
-0.00615009 
-0.00276619 
0.000507711 
0.00357458 
0.00638538 
0.00891754 
0.0111592 
0.0131168 
0.0148015 
0.0162246 
0.017394 
0.0183162 
0.0189988 
0.0194518 
0.0196873 
0.0197179 
0.0195551 
0.0192085 
0.0186845 
0.0179873 
0.0171185 
0.0160773 
0.0148587 
0.013452 
0.0118336 
0.00996284 
0.00774983 
0.0050164 
0.0050164 
0.029971 
0.029971 
0.0260543 
0.0232417 
0.0209087 
0.0187669 
0.0166496 
0.0144322 
0.0120254 
0.00936513 
0.00641755 
0.00317953 
-0.000314591 
-0.00401744 
-0.00785183 
-0.0116854 
-0.0153833 
-0.0188204 
-0.0218861 
-0.0244917 
-0.0265756 
-0.0281123 
-0.0291203 
-0.0296653 
-0.0298503 
-0.0297883 
-0.0295585 
-0.0291791 
-0.0286039 
-0.0277641 
-0.0265926 
-0.0250241 
-0.0229793 
-0.0204727 
-0.017559 
-0.0143038 
-0.0107956 
-0.00713847 
-0.00345166 
0.000137956 
0.0034978 
0.00654966 
0.00925804 
0.0116028 
0.0135931 
0.0152531 
0.0166137 
0.0177044 
0.0185485 
0.0191641 
0.0195663 
0.0197691 
0.019786 
0.0196297 
0.0193109 
0.0188379 
0.0182152 
0.0174439 
0.0165207 
0.0154363 
0.0141748 
0.012706 
0.0109836 
0.00890938 
0.00629966 
0.00629966 
0.0322867 
0.0322867 
0.0284107 
0.0256329 
0.0233323 
0.0212125 
0.0190976 
0.0168491 
0.0143644 
0.0115666 
0.00841431 
0.00490197 
0.00106552 
-0.00302024 
-0.00726396 
-0.0115256 
-0.0156476 
-0.0194955 
-0.0229474 
-0.0259038 
-0.0282872 
-0.030054 
-0.031207 
-0.0318096 
-0.0319849 
-0.031889 
-0.0316449 
-0.0312884 
-0.0307536 
-0.0299433 
-0.0287684 
-0.02715 
-0.0250135 
-0.0223798 
-0.0193049 
-0.0158535 
-0.0121135 
-0.00818987 
-0.00420607 
-0.000294513 
0.00338821 
0.00672927 
0.00966983 
0.0121722 
0.0142397 
0.0159028 
0.0172088 
0.018209 
0.0189494 
0.0194661 
0.0197859 
0.0199285 
0.0199096 
0.0197419 
0.0194359 
0.0189991 
0.0184358 
0.0177457 
0.0169236 
0.0159569 
0.014826 
0.0134949 
0.0119133 
0.00997418 
0.00748717 
0.00748717 
0.0344923 
0.0344923 
0.0306573 
0.0279202 
0.0256633 
0.0235808 
0.0214868 
0.0192272 
0.0166848 
0.0137685 
0.0104262 
0.00664845 
0.00247461 
-0.00198869 
-0.0066297 
-0.011298 
-0.0158161 
-0.0200477 
-0.0238683 
-0.0271744 
-0.0298763 
-0.0319092 
-0.0332499 
-0.033943 
-0.0341184 
-0.0339757 
-0.0336972 
-0.0333501 
-0.0328452 
-0.0320497 
-0.0308533 
-0.0291739 
-0.0269487 
-0.0242017 
-0.020989 
-0.017371 
-0.0134314 
-0.0092716 
-0.00501362 
-0.000790343 
0.00322324 
0.00687812 
0.0100854 
0.0127859 
0.0149709 
0.016671 
0.0179437 
0.0188595 
0.0194867 
0.0198834 
0.0200936 
0.0201481 
0.0200681 
0.0198677 
0.0195568 
0.0191415 
0.018624 
0.0180019 
0.0172679 
0.0164062 
0.0153946 
0.0141918 
0.012744 
0.0109359 
0.00856899 
0.00856899 
0.0365065 
0.0365065 
0.032709 
0.030013 
0.0278055 
0.0257699 
0.0237111 
0.0214588 
0.0188808 
0.0158701 
0.0123623 
0.00834267 
0.00385616 
-0.000963325 
-0.00597382 
-0.0110032 
-0.0158613 
-0.0204187 
-0.0245587 
-0.0281841 
-0.0312007 
-0.0335247 
-0.0351 
-0.0359342 
-0.03614 
-0.0359503 
-0.0356188 
-0.0352639 
-0.0347726 
-0.0339718 
-0.0327349 
-0.0309866 
-0.0286816 
-0.0258441 
-0.0225277 
-0.018786 
-0.0146945 
-0.0103474 
-0.00585959 
-0.00136153 
0.00296462 
0.00693493 
0.0104233 
0.0133468 
0.01568 
0.0174489 
0.0187164 
0.0195672 
0.0200891 
0.0203619 
0.020449 
0.0203961 
0.0202339 
0.0199808 
0.0196476 
0.0192388 
0.0187544 
0.0181891 
0.017533 
0.0167667 
0.0158654 
0.0147831 
0.0134631 
0.0117808 
0.00952984 
0.00952984 
0.0382394 
0.0382394 
0.0344717 
0.031811 
0.0296515 
0.0276651 
0.0256496 
0.0234197 
0.0208296 
0.0177562 
0.0141212 
0.00990286 
0.00514827 
1.08555e-05 
-0.00532542 
-0.0106476 
-0.0157645 
-0.0205618 
-0.0249424 
-0.0288258 
-0.0321234 
-0.0347402 
-0.0365876 
-0.0376227 
-0.0379111 
-0.037693 
-0.0372965 
-0.0369154 
-0.0364179 
-0.0355901 
-0.0342986 
-0.0324771 
-0.030112 
-0.0272136 
-0.0238342 
-0.020019 
-0.0158333 
-0.0113605 
-0.00670284 
-0.0019838 
0.00261672 
0.00688363 
0.010644 
0.0137905 
0.0162801 
0.018134 
0.0194176 
0.0202255 
0.0206605 
0.0208204 
0.0207867 
0.0206212 
0.0203661 
0.0200471 
0.019678 
0.0192632 
0.0188011 
0.018283 
0.0176963 
0.0170177 
0.0162197 
0.0152511 
0.0140528 
0.0124903 
0.0103493 
0.0103493 
0.0395952 
0.0395952 
0.0358471 
0.0332094 
0.0310896 
0.029147 
0.0271773 
0.0249823 
0.0224065 
0.019312 
0.0156055 
0.0112515 
0.0062905 
0.000882706 
-0.0047135 
-0.0102392 
-0.0155122 
-0.0204437 
-0.024965 
-0.0290197 
-0.0325345 
-0.0354141 
-0.0375466 
-0.0388361 
-0.0392739 
-0.0390676 
-0.0386059 
-0.038182 
-0.0376586 
-0.0367852 
-0.0354333 
-0.0335508 
-0.0311375 
-0.028216 
-0.0248229 
-0.0209936 
-0.0167792 
-0.0122523 
-0.00749923 
-0.00263212 
0.00218762 
0.0067069 
0.0107024 
0.0140461 
0.0166784 
0.0186168 
0.0199282 
0.0207136 
0.0210862 
0.0211562 
0.0210198 
0.0207524 
0.0204081 
0.0200213 
0.0196108 
0.0191828 
0.0187353 
0.0182574 
0.0177335 
0.0171363 
0.0164355 
0.0155742 
0.0144911 
0.0130408 
0.0110022 
0.0110022 
0.040476 
0.040476 
0.0367394 
0.0341071 
0.0320127 
0.0301016 
0.0281728 
0.0260194 
0.0234818 
0.0204116 
0.0167026 
0.0122994 
0.00722405 
0.00163356 
-0.0041436 
-0.00976265 
-0.0150775 
-0.0200316 
-0.0245891 
-0.0287177 
-0.0323651 
-0.0354461 
-0.0378406 
-0.0394128 
-0.0400667 
-0.0399309 
-0.0394187 
-0.038941 
-0.038376 
-0.0374456 
-0.0360367 
-0.034113 
-0.0316847 
-0.0287701 
-0.0254004 
-0.0216082 
-0.0174356 
-0.0129357 
-0.0081787 
-0.00326463 
0.00168092 
0.00641081 
0.0106068 
0.0141024 
0.0168362 
0.0188314 
0.0201617 
0.0209327 
0.0212628 
0.0212691 
0.0210563 
0.0207096 
0.0202928 
0.0198485 
0.0194012 
0.0189607 
0.0185257 
0.018084 
0.0176182 
0.0170971 
0.0164878 
0.0157273 
0.0147524 
0.0134053 
0.0114598 
0.0114598 
0.0407843 
0.0407843 
0.0370593 
0.034412 
0.032326 
0.0304313 
0.0285344 
0.0264259 
0.023948 
0.0209511 
0.0173271 
0.0129938 
0.00791683 
0.00220277 
-0.00362652 
-0.00918762 
-0.0144253 
-0.019297 
-0.0237946 
-0.0279026 
-0.03159 
-0.0347882 
-0.0373841 
-0.0392264 
-0.0401426 
-0.0401445 
-0.0396125 
-0.0390777 
-0.0384627 
-0.037474 
-0.0360204 
-0.0340802 
-0.0316681 
-0.0288014 
-0.0255048 
-0.021804 
-0.0177306 
-0.0133248 
-0.00864117 
-0.00376656 
0.00117807 
0.00596078 
0.0102514 
0.0138355 
0.0166314 
0.0186599 
0.0200035 
0.0207713 
0.0210837 
0.0210592 
0.0208055 
0.020413 
0.0199516 
0.0194708 
0.0190008 
0.0185557 
0.0181366 
0.0177317 
0.0173221 
0.0168731 
0.0163494 
0.0156821 
0.0148064 
0.0135512 
0.0116917 
0.0116917 
0.0404121 
0.0404121 
0.0367401 
0.0340617 
0.0319623 
0.0300682 
0.028187 
0.0261162 
0.0236988 
0.0207904 
0.0172811 
0.0130792 
0.00817983 
0.00271024 
-0.00295035 
-0.00837742 
-0.0134631 
-0.0181866 
-0.0225558 
-0.0265697 
-0.0302145 
-0.0334427 
-0.0361523 
-0.0382053 
-0.0393883 
-0.0395871 
-0.0390789 
-0.038493 
-0.037828 
-0.0367901 
-0.035312 
-0.0333837 
-0.0310206 
-0.0282383 
-0.0250574 
-0.0214993 
-0.0175872 
-0.0133495 
-0.00882608 
-0.00408676 
0.000755793 
0.00545572 
0.00967712 
0.013223 
0.016008 
0.0180365 
0.0193845 
0.020158 
0.0204753 
0.0204521 
0.0201946 
0.0197938 
0.0193226 
0.0188341 
0.0183635 
0.0179287 
0.0175339 
0.0171689 
0.0168142 
0.0164338 
0.0159895 
0.0154077 
0.014622 
0.0134476 
0.0116671 
0.0116671 
0.0392736 
0.0392736 
0.0357044 
0.0329966 
0.030871 
0.028973 
0.0271049 
0.0250774 
0.0227355 
0.0199445 
0.0165973 
0.0126185 
0.00803026 
0.00297736 
-0.0022596 
-0.00737536 
-0.0122084 
-0.0167112 
-0.0208854 
-0.024737 
-0.0282605 
-0.0314231 
-0.0341537 
-0.0363307 
-0.0377382 
-0.0381649 
-0.03773 
-0.0371081 
-0.036402 
-0.0353337 
-0.033858 
-0.0319735 
-0.0296941 
-0.0270338 
-0.0240101 
-0.0206407 
-0.0169437 
-0.0129399 
-0.00866195 
-0.00417184 
0.000412717 
0.00485222 
0.00885295 
0.012242 
0.0149355 
0.0169226 
0.0182619 
0.0190475 
0.0193894 
0.0193968 
0.0191707 
0.0187992 
0.0183542 
0.0178906 
0.0174458 
0.0170411 
0.0166831 
0.0163639 
0.0160641 
0.0157481 
0.015374 
0.014867 
0.0141548 
0.0130497 
0.0113666 
0.0113666 
0.0372863 
0.0372863 
0.0338894 
0.0311814 
0.0290342 
0.0271406 
0.0252979 
0.0233321 
0.0210951 
0.0184654 
0.0153493 
0.0116972 
0.00754596 
0.00303262 
-0.00164579 
-0.00628054 
-0.0107253 
-0.0149096 
-0.0188147 
-0.0224388 
-0.0257763 
-0.0288012 
-0.0314524 
-0.0336291 
-0.0351673 
-0.0358183 
-0.0355021 
-0.0348686 
-0.0341378 
-0.0330672 
-0.0316274 
-0.0298236 
-0.027667 
-0.0251697 
-0.0223469 
-0.0192142 
-0.0157879 
-0.0120883 
-0.00814985 
-0.00403785 
0.00012976 
0.00415502 
0.00780871 
0.0109375 
0.0134583 
0.0153506 
0.0166544 
0.0174465 
0.0178226 
0.0178808 
0.0177136 
0.0174027 
0.0170164 
0.0166079 
0.0162152 
0.0158608 
0.0155533 
0.0152865 
0.0150417 
0.0147847 
0.0144708 
0.0140265 
0.013371 
0.0123282 
0.010766 
0.010766 
0.0343677 
0.0343677 
0.0312291 
0.028585 
0.0264495 
0.0245882 
0.0228035 
0.0209374 
0.0188542 
0.0164477 
0.0136423 
0.010408 
0.00678214 
0.00287255 
-0.00117617 
-0.00521991 
-0.00914732 
-0.0128926 
-0.0164255 
-0.0197322 
-0.0228005 
-0.0256048 
-0.0280934 
-0.0301801 
-0.0317233 
-0.0325237 
-0.0323581 
-0.0317448 
-0.0310135 
-0.0299766 
-0.0286136 
-0.026935 
-0.0249486 
-0.022665 
-0.0200972 
-0.0172608 
-0.0141737 
-0.0108607 
-0.0073612 
-0.00374076 
-0.000102402 
0.00340654 
0.00661536 
0.00939336 
0.0116634 
0.0134005 
0.0146287 
0.0154064 
0.0158112 
0.0159265 
0.0158328 
0.0156029 
0.0152983 
0.0149682 
0.0146482 
0.0143606 
0.014114 
0.013904 
0.0137125 
0.0135075 
0.0132426 
0.012848 
0.0122367 
0.0112592 
0.00984692 
0.00984692 
0.0304549 
0.0304549 
0.0276757 
0.0252003 
0.0231506 
0.0213768 
0.0197052 
0.0179955 
0.0161293 
0.0140168 
0.0115988 
0.00885657 
0.00582033 
0.00256854 
-0.000799633 
-0.00419021 
-0.00752109 
-0.0107351 
-0.0137989 
-0.0166924 
-0.0193982 
-0.0218899 
-0.0241216 
-0.0260213 
-0.0274721 
-0.0283104 
-0.028291 
-0.0277318 
-0.0270322 
-0.0260718 
-0.024834 
-0.0233335 
-0.0215746 
-0.0195664 
-0.0173206 
-0.0148528 
-0.0121829 
-0.00933838 
-0.00635937 
-0.00330549 
-0.000260422 
0.00266895 
0.00536139 
0.00771477 
0.00966423 
0.0111845 
0.0122883 
0.0130168 
0.0134294 
0.0135923 
0.0135719 
0.0134289 
0.0132161 
0.0129757 
0.0127391 
0.012526 
0.0123445 
0.0121904 
0.0120471 
0.0118849 
0.0116584 
0.0113032 
0.010734 
0.00983893 
0.0086091 
0.0086091 
0.0254679 
0.0254679 
0.0231543 
0.0209845 
0.0191365 
0.0175377 
0.016055 
0.0145725 
0.0129923 
0.0112415 
0.00927411 
0.00707588 
0.00466674 
0.00209756 
-0.00056505 
-0.00325538 
-0.00591779 
-0.0085109 
-0.0110071 
-0.0133863 
-0.0156292 
-0.0177095 
-0.0195871 
-0.0212035 
-0.0224652 
-0.0232465 
-0.0233267 
-0.0228513 
-0.0222233 
-0.0213871 
-0.0203293 
-0.0190661 
-0.0175991 
-0.0159359 
-0.0140863 
-0.012065 
-0.00989154 
-0.00759208 
-0.00520241 
-0.00277087 
-0.000360087 
0.00195538 
0.00409038 
0.0059703 
0.00754607 
0.00879635 
0.00972682 
0.0103651 
0.0107534 
0.0109412 
0.0109789 
0.010914 
0.010788 
0.0106349 
0.0104798 
0.0103387 
0.0102178 
0.0101131 
0.0100098 
0.00988137 
0.00968678 
0.00937007 
0.00885735 
0.0080774 
0.00706467 
0.00706467 
0.0194258 
0.0194258 
0.0176819 
0.0159734 
