0 
-0.000957092 
-1.31111e-05 
0.00103555 
0.00140628 
0.00157043 
0.0016384 
0.00165075 
0.00163581 
0.00160817 
0.00157875 
0.00155336 
0.00153516 
0.00152516 
0.00152304 
0.00152756 
0.00153698 
0.00154923 
0.00156205 
0.00157313 
0.00158015 
0.00158083 
0.00157302 
0.00155474 
0.00152422 
0.00148004 
0.00142108 
0.00134666 
0.0012565 
0.00115076 
0.00103004 
0.000895342 
0.000748015 
0.000589734 
0.000422419 
0.000248145 
6.90922e-05 
-0.000111443 
-0.000290851 
-0.000467649 
-0.000640531 
-0.000808199 
-0.000969513 
-0.00112349 
-0.00126928 
-0.00140602 
-0.0015327 
-0.00164797 
-0.00174997 
-0.00183625 
-0.00190369 
-0.00194854 
-0.00196662 
-0.00195339 
-0.00190421 
-0.00181496 
-0.00168479 
-0.0015219 
-0.00134609 
-0.00117817 
-0.00102573 
-0.000886536 
-0.000762938 
-0.000665842 
-0.000606918 
0 
0.000957092 
0.000957092 
1.31111e-05 
-0.00103555 
-0.00140628 
-0.00157043 
-0.0016384 
-0.00165075 
-0.00163581 
-0.00160817 
-0.00157875 
-0.00155336 
-0.00153516 
-0.00152516 
-0.00152304 
-0.00152756 
-0.00153698 
-0.00154923 
-0.00156205 
-0.00157313 
-0.00158015 
-0.00158083 
-0.00157302 
-0.00155474 
-0.00152422 
-0.00148004 
-0.00142108 
-0.00134666 
-0.0012565 
-0.00115076 
-0.00103004 
-0.000895342 
-0.000748015 
-0.000589734 
-0.000422419 
-0.000248145 
-6.90922e-05 
0.000111443 
0.000290851 
0.000467649 
0.000640531 
0.000808199 
0.000969513 
0.00112349 
0.00126928 
0.00140602 
0.0015327 
0.00164797 
0.00174997 
0.00183625 
0.00190369 
0.00194854 
0.00196662 
0.00195339 
0.00190421 
0.00181496 
0.00168479 
0.0015219 
0.00134609 
0.00117817 
0.00102573 
0.000886536 
0.000762938 
0.000665842 
0.000606918 
0.000606918 
0.00187379 
0.00187379 
-0.000893501 
-0.00252933 
-0.00352256 
-0.0040186 
-0.00425433 
-0.0043186 
-0.00429666 
-0.00423406 
-0.00416398 
-0.00410492 
-0.00406694 
-0.00405371 
-0.0040648 
-0.00409709 
-0.0041458 
-0.00420513 
-0.00426869 
-0.00432977 
-0.00438152 
-0.00441717 
-0.00443013 
-0.00441427 
-0.00436405 
-0.00427472 
-0.00414254 
-0.00396484 
-0.00374021 
-0.00346848 
-0.00315073 
-0.00278923 
-0.00238737 
-0.00194946 
-0.00148055 
-0.000986243 
-0.000472184 
5.50472e-05 
0.000588525 
0.0011227 
0.00165259 
0.00217361 
0.00268177 
0.00317353 
0.0036456 
0.00409457 
0.00451647 
0.00490623 
0.00525718 
0.00556074 
0.00580626 
0.00598126 
0.00607197 
0.00606406 
0.00594368 
0.00570004 
0.00533341 
0.00486978 
0.00436496 
0.00387689 
0.0034318 
0.00303328 
0.00269031 
0.00242657 
0.00226707 
0.00226707 
0.000277609 
0.000277609 
-0.00234471 
-0.00421935 
-0.0055417 
-0.00625844 
-0.00660591 
-0.00670228 
-0.00666821 
-0.00657581 
-0.00647635 
-0.00639899 
-0.00635918 
-0.00636218 
-0.00640676 
-0.00648743 
-0.00659604 
-0.00672284 
-0.0068571 
-0.00698754 
-0.00710264 
-0.00719096 
-0.00724138 
-0.00724347 
-0.00718779 
-0.00706625 
-0.00687237 
-0.00660155 
-0.00625123 
-0.00582092 
-0.00531228 
-0.00472894 
-0.00407642 
-0.00336184 
-0.00259369 
-0.00178147 
-0.000935079 
-6.46828e-05 
0.000820022 
0.00170932 
0.00259438 
0.00346729 
0.00432119 
0.00515002 
0.00594822 
0.00671005 
0.00742888 
0.00809626 
0.00870091 
0.00922812 
0.00965938 
0.00997279 
0.010144 
0.0101479 
0.00996079 
0.00956559 
0.00896559 
0.008206 
0.00737627 
0.00656555 
0.00581573 
0.00513773 
0.00454929 
0.00409161 
0.00381052 
0.00381052 
-0.00108803 
-0.00108803 
-0.00378842 
-0.00594819 
-0.00742569 
-0.00824087 
-0.00861556 
-0.00870202 
-0.00864147 
-0.00852391 
-0.0084117 
-0.00833979 
-0.00832559 
-0.0083736 
-0.00848013 
-0.00863622 
-0.00882976 
-0.00904666 
-0.00927178 
-0.0094893 
-0.00968317 
-0.00983743 
-0.00993663 
-0.00996617 
-0.00991289 
-0.00976545 
-0.00951479 
-0.0091545 
-0.00868102 
-0.00809374 
-0.00739503 
-0.00659007 
-0.00568669 
-0.00469503 
-0.00362726 
-0.00249711 
-0.0013194 
-0.000109665 
0.00111736 
0.00234863 
0.00357209 
0.004777 
0.00595413 
0.0070956 
0.00819439 
0.00924349 
0.0102348 
0.0111575 
0.0119971 
0.0127333 
0.0133402 
0.0137862 
0.0140352 
0.0140501 
0.0137958 
0.0132489 
0.0124171 
0.0113668 
0.0102188 
0.00908609 
0.00801997 
0.00704022 
0.00617496 
0.00548824 
0.00505763 
0.00505763 
-0.00289988 
-0.00289988 
-0.00561322 
-0.00779164 
-0.00925603 
-0.0100385 
-0.0103678 
-0.0104108 
-0.0103184 
-0.0101883 
-0.0100867 
-0.0100488 
-0.0100901 
-0.0102119 
-0.0104062 
-0.01066 
-0.0109569 
-0.011279 
-0.0116073 
-0.0119219 
-0.0122029 
-0.0124303 
-0.0125847 
-0.0126476 
-0.012602 
-0.0124336 
-0.0121307 
-0.0116851 
-0.0110921 
-0.0103511 
-0.00946523 
-0.0084412 
-0.00728917 
-0.00602235 
-0.00465661 
-0.00320993 
-0.00170201 
-0.000153219 
0.0014184 
0.00299487 
0.00455923 
0.00609635 
0.00759346 
0.00904007 
0.0104275 
0.0117479 
0.0129925 
0.01415 
0.015204 
0.0161307 
0.0168979 
0.017465 
0.0177841 
0.0178045 
0.017479 
0.0167771 
0.0157132 
0.0143774 
0.0129186 
0.0114633 
0.0100664 
0.00875335 
0.00756061 
0.00657942 
0.0059332 
0.0059332 
-0.0044118 
-0.0044118 
-0.00728359 
-0.00948021 
-0.010861 
-0.011559 
-0.011813 
-0.0118066 
-0.0116928 
-0.0115714 
-0.0115065 
-0.0115298 
-0.0116518 
-0.0118683 
-0.0121669 
-0.0125305 
-0.0129395 
-0.0133728 
-0.0138084 
-0.0142236 
-0.014595 
-0.014899 
-0.0151123 
-0.0152124 
-0.0151788 
-0.0149936 
-0.0146425 
-0.0141154 
-0.0134066 
-0.0125153 
-0.0114453 
-0.010205 
-0.00880671 
-0.00726676 
-0.00560464 
-0.00384257 
-0.00200495 
-0.000117292 
0.0017961 
0.00371191 
0.0056084 
0.00746645 
0.00927004 
0.0110062 
0.0126647 
0.0142367 
0.0157132 
0.0170827 
0.018328 
0.0194228 
0.0203302 
0.0210007 
0.0213747 
0.0213876 
0.0209788 
0.0201118 
0.0188112 
0.0171941 
0.0154322 
0.0136551 
0.0119115 
0.0102233 
0.00862308 
0.00721862 
0.00622305 
0.00622305 
-0.00601132 
-0.00601132 
-0.00895301 
-0.0110581 
-0.01229 
-0.0128643 
-0.0130298 
-0.0129776 
-0.012857 
-0.0127638 
-0.0127562 
-0.0128583 
-0.0130742 
-0.0133939 
-0.0138011 
-0.0142757 
-0.0147958 
-0.0153387 
-0.0158802 
-0.0163952 
-0.0168574 
-0.0172396 
-0.0175146 
-0.017656 
-0.0176391 
-0.0174427 
-0.0170494 
-0.0164471 
-0.015629 
-0.0145942 
-0.0133472 
-0.0118977 
-0.0102605 
-0.00845471 
-0.00650341 
-0.00443304 
-0.0022728 
-5.26114e-05 
0.00219909 
0.00445248 
0.00667975 
0.00885645 
0.0109622 
0.012981 
0.0149005 
0.0167111 
0.0184038 
0.0199672 
0.0213842 
0.0226271 
0.0236545 
0.0244094 
0.0248204 
0.0248082 
0.0242994 
0.0232542 
0.0217137 
0.0198251 
0.0177751 
0.0156829 
0.0135805 
0.0114559 
0.00932157 
0.00731601 
0.00578156 
0.00578156 
-0.00735377 
-0.00735377 
-0.0103918 
-0.0123933 
-0.0134697 
-0.013928 
-0.0140193 
-0.0139402 
-0.0138319 
-0.0137846 
-0.0138473 
-0.0140365 
-0.0143492 
-0.014771 
-0.0152828 
-0.0158629 
-0.0164885 
-0.0171357 
-0.0177791 
-0.0183914 
-0.0189434 
-0.0194047 
-0.0197438 
-0.0199302 
-0.019935 
-0.0197331 
-0.0193041 
-0.0186337 
-0.0177139 
-0.0165435 
-0.0151277 
-0.0134774 
-0.0116096 
-0.00954591 
-0.00731291 
-0.004941 
-0.00246386 
8.35974e-05 
0.00266595 
0.00524669 
0.00779253 
0.0102746 
0.0126691 
0.014957 
0.0171242 
0.0191599 
0.0210545 
0.0227968 
0.0243695 
0.0257436 
0.0268736 
0.0276944 
0.0281229 
0.0280651 
0.0274362 
0.0261986 
0.0244194 
0.0222768 
0.0199617 
0.0175678 
0.015074 
0.0124032 
0.00956593 
0.00674213 
0.00447613 
0.00447613 
-0.00858717 
-0.00858717 
-0.0116616 
-0.013524 
-0.0144446 
-0.014801 
-0.0148362 
-0.0147483 
-0.0146668 
-0.014675 
-0.0148118 
-0.0150863 
-0.0154901 
-0.0160057 
-0.0166124 
-0.0172882 
-0.01801 
-0.0187535 
-0.0194923 
-0.0201971 
-0.0208362 
-0.0213757 
-0.0217803 
-0.0220147 
-0.022046 
-0.0218449 
-0.0213878 
-0.020658 
-0.0196463 
-0.018351 
-0.016778 
-0.0149393 
-0.0128535 
-0.0105447 
-0.00804286 
-0.00538218 
-0.00260086 
0.000261896 
0.00316494 
0.00606395 
0.00891905 
0.0116963 
0.0143681 
0.0169132 
0.0193159 
0.0215645 
0.0236491 
0.0255586 
0.0272748 
0.0287669 
0.0299848 
0.0308549 
0.0312811 
0.0311556 
0.0303852 
0.0289449 
0.0269372 
0.0245696 
0.0220195 
0.0193111 
0.01633 
0.0129633 
0.00923482 
0.00544446 
0.00243012 
0.00243012 
-0.00958237 
-0.00958237 
-0.0126785 
-0.0144078 
-0.0152008 
-0.015486 
-0.0154912 
-0.0154145 
-0.0153719 
-0.0154403 
-0.0156492 
-0.0160023 
-0.0164871 
-0.0170849 
-0.0177745 
-0.0185342 
-0.0193413 
-0.0201712 
-0.0209968 
-0.0217874 
-0.0225089 
-0.0231241 
-0.0235938 
-0.0238784 
-0.0239403 
-0.0237461 
-0.0232688 
-0.0224889 
-0.0213961 
-0.0199883 
-0.0182714 
-0.0162584 
-0.0139691 
-0.0114297 
-0.00867292 
-0.00573698 
-0.00266388 
0.000502208 
0.00371146 
0.00691178 
0.0100578 
0.0131118 
0.0160436 
0.01883 
0.0214542 
0.0239035 
0.0261677 
0.0282348 
0.0300854 
0.0316857 
0.0329796 
0.0338834 
0.0342875 
0.0340711 
0.0331399 
0.0314928 
0.0292802 
0.0267248 
0.0239383 
0.020836 
0.0172272 
0.0129812 
0.00822175 
0.0034946 
-0.000111066 
-0.000111066 
-0.0103934 
-0.0103934 
-0.0134718 
-0.0150752 
-0.0157707 
-0.0160129 
-0.0160115 
-0.0159612 
-0.0159645 
-0.0160928 
-0.0163672 
-0.0167887 
-0.0173421 
-0.0180087 
-0.0187676 
-0.0195979 
-0.0204773 
-0.0213815 
-0.0222831 
-0.0231502 
-0.0239469 
-0.024633 
-0.0251656 
-0.0255008 
-0.0255965 
-0.025415 
-0.0249255 
-0.0241061 
-0.0229446 
-0.0214385 
-0.0195936 
-0.0174234 
-0.0149483 
-0.0121963 
-0.00920293 
-0.00601041 
-0.00266423 
0.000787136 
0.00428486 
0.00776805 
0.0111858 
0.0144974 
0.0176708 
0.0206823 
0.023514 
0.026153 
0.028588 
0.0308056 
0.0327843 
0.0344854 
0.0358448 
0.0367673 
0.0371288 
0.036798 
0.0356897 
0.0338478 
0.0314648 
0.0287322 
0.0256571 
0.0220303 
0.0176079 
0.0123401 
0.00656695 
0.00108668 
-0.00293388 
-0.00293388 
-0.010984 
-0.010984 
-0.0140226 
-0.0155238 
-0.0161596 
-0.016388 
-0.016403 
-0.0163925 
-0.0164466 
-0.0166322 
-0.0169646 
-0.0174436 
-0.018053 
-0.0187749 
-0.0195892 
-0.0204759 
-0.0214135 
-0.0223783 
-0.0233428 
-0.0242749 
-0.0251369 
-0.0258865 
-0.0264775 
-0.0268619 
-0.0269932 
-0.0268293 
-0.0263357 
-0.0254875 
-0.0242707 
-0.0226816 
-0.020726 
-0.0184173 
-0.0157762 
-0.0128313 
-0.009621 
-0.00619212 
-0.00259286 
0.00112237 
0.00488314 
0.00862177 
0.0122846 
0.0158296 
0.0192243 
0.0224441 
0.0254705 
0.0282894 
0.0308882 
0.0332514 
0.0353534 
0.0371491 
0.0385641 
0.0394894 
0.0397846 
0.0393185 
0.038032 
0.036011 
0.0334844 
0.0305582 
0.0270808 
0.0227477 
0.0173546 
0.0110471 
0.00441929 
-0.00160123 
-0.00591701 
-0.00591701 
-0.0113779 
-0.0113779 
-0.0143536 
-0.0157787 
-0.0163883 
-0.0166265 
-0.0166762 
-0.0167146 
-0.0168223 
-0.0170617 
-0.0174445 
-0.0179708 
-0.0186242 
-0.0193883 
-0.020244 
-0.0211724 
-0.0221529 
-0.0231628 
-0.0241754 
-0.0251583 
-0.0260734 
-0.0268765 
-0.0275188 
-0.0279488 
-0.0281158 
-0.0279735 
-0.0274834 
-0.0266174 
-0.0253592 
-0.0237036 
-0.0216559 
-0.019229 
-0.0164437 
-0.0133281 
-0.00992308 
-0.006281 
-0.00245369 
0.00149584 
0.00548607 
0.00944724 
0.013326 
0.0170803 
0.020677 
0.0240901 
0.0273 
0.0302911 
0.0330486 
0.0355536 
0.037775 
0.0396589 
0.0411165 
0.0420259 
0.0422365 
0.0416154 
0.0401429 
0.0379903 
0.0353361 
0.0321315 
0.0280847 
0.0228758 
0.0164527 
0.00921662 
0.00195105 
-0.00443215 
-0.00897909 
-0.00897909 
-0.011573 
-0.011573 
-0.0144694 
-0.0158486 
-0.0164633 
-0.0167324 
-0.0168333 
-0.0169284 
-0.0170921 
-0.0173821 
-0.0178088 
-0.0183731 
-0.0190598 
-0.0198544 
-0.0207381 
-0.0216935 
-0.0227013 
-0.0237402 
-0.0247842 
-0.025802 
-0.0267554 
-0.0275995 
-0.0282833 
-0.0287529 
-0.0289538 
-0.0288358 
-0.0283562 
-0.0274834 
-0.0261981 
-0.0244931 
-0.0223726 
-0.0198492 
-0.0169435 
-0.0136825 
-0.0101074 
-0.0062763 
-0.00224998 
0.0018944 
0.00607222 
0.0102201 
0.0142861 
0.0182271 
0.0220081 
0.0256012 
0.0289849 
0.0321414 
0.0350529 
0.0376952 
0.0400304 
0.0419934 
0.0434827 
0.0443582 
0.044439 
0.0436489 
0.0420462 
0.0398008 
0.0369747 
0.0333533 
0.028565 
0.0223801 
0.01498 
0.00700077 
-0.000702678 
-0.00732625 
-0.012062 
-0.012062 
-0.0115713 
-0.0115713 
-0.0144004 
-0.0157599 
-0.0164004 
-0.0167154 
-0.0168772 
-0.0170341 
-0.0172559 
-0.0175949 
-0.0180618 
-0.018658 
-0.0193699 
-0.0201838 
-0.0210827 
-0.0220507 
-0.0230701 
-0.024121 
-0.0251792 
-0.0262147 
-0.0271901 
-0.0280603 
-0.028774 
-0.0292749 
-0.0295058 
-0.0294126 
-0.0289487 
-0.0280786 
-0.0267797 
-0.025042 
-0.0228683 
-0.020271 
-0.0172709 
-0.0138943 
-0.0101808 
-0.00619082 
-0.00200176 
0.00229339 
0.00661985 
0.0109232 
0.0151507 
0.0192572 
0.0232053 
0.0269648 
0.030512 
0.0338262 
0.0368854 
0.0396608 
0.0421052 
0.0441366 
0.0456221 
0.0464158 
0.046367 
0.045448 
0.0437634 
0.0414233 
0.0383297 
0.0341339 
0.0284761 
0.0213091 
0.0130674 
0.00454187 
-0.00344242 
-0.0102263 
-0.0151182 
-0.0151182 
-0.0113818 
-0.0113818 
-0.0141618 
-0.0155229 
-0.0162045 
-0.0165782 
-0.0168095 
-0.0170334 
-0.0173153 
-0.0177029 
-0.0182074 
-0.0188306 
-0.0195607 
-0.0203854 
-0.0212891 
-0.0222572 
-0.0232735 
-0.0243199 
-0.0253742 
-0.0264084 
-0.0273871 
-0.0282667 
-0.0289961 
-0.0295182 
-0.0297739 
-0.0297058 
-0.0292635 
-0.0284074 
-0.0271095 
-0.0253565 
-0.0231501 
-0.0205023 
-0.0174347 
-0.0139758 
-0.0101652 
-0.00605868 
-0.00174307 
0.00267254 
0.00711996 
0.0115517 
0.0159157 
0.0201661 
0.0242633 
0.0281753 
0.0318755 
0.0353399 
0.0385407 
0.0414354 
0.0439662 
0.0460309 
0.0474878 
0.0481893 
0.0480286 
0.0470306 
0.0452953 
0.042815 
0.0393298 
0.0344241 
0.0278431 
0.0197708 
0.0108563 
0.00194978 
-0.00620774 
-0.0130924 
-0.0181105 
-0.0181105 
-0.0110196 
-0.0110196 
-0.0137702 
-0.0151503 
-0.0158848 
-0.0163265 
-0.0166335 
-0.0169288 
-0.0172733 
-0.0177105 
-0.0182518 
-0.0188995 
-0.0196434 
-0.0204721 
-0.0213715 
-0.0223281 
-0.0233276 
-0.024354 
-0.0253874 
-0.0264025 
-0.0273665 
-0.028238 
-0.0289673 
-0.0294976 
-0.0297684 
-0.0297201 
-0.0292985 
-0.0284598 
-0.0271733 
-0.0254231 
-0.023207 
-0.0205358 
-0.0174307 
-0.0139233 
-0.0100572 
-0.00588839 
-0.00149746 
0.00300962 
0.00755798 
0.0120976 
0.0165775 
0.0209517 
0.0251798 
0.0292276 
0.0330656 
0.0366644 
0.0399881 
0.0429848 
0.0455773 
0.0476477 
0.049053 
0.0496674 
0.049436 
0.0484085 
0.046623 
0.0439245 
0.0399274 
0.0342305 
0.0267497 
0.0178972 
0.00846829 
-0.000698103 
-0.00895405 
-0.0158894 
-0.0210056 
-0.0210056 
-0.0104999 
-0.0104999 
-0.0132393 
-0.0146524 
-0.0154489 
-0.0159655 
-0.0163529 
-0.0167233 
-0.0171331 
-0.0176218 
-0.0182008 
-0.0188724 
-0.0196277 
-0.020456 
-0.0213444 
-0.0222806 
-0.0232516 
-0.0242436 
-0.0252395 
-0.0262175 
-0.0271481 
-0.0279934 
-0.0287063 
-0.0292318 
-0.0295093 
-0.0294775 
-0.0290793 
-0.0282667 
-0.0270047 
-0.0252731 
-0.0230673 
-0.0203964 
-0.0172816 
-0.0137562 
-0.00986617 
-0.00567082 
-0.00124736 
0.00331113 
0.00793011 
0.0125523 
0.0171259 
0.0216038 
0.0259445 
0.0301112 
0.0340699 
0.0377844 
0.0412086 
0.044278 
0.0468999 
0.0489499 
0.0502986 
0.0508548 
0.0506039 
0.049579 
0.0477136 
0.0447099 
0.0401157 
0.0336131 
0.0253135 
0.0158168 
0.0059951 
-0.00334819 
-0.0116451 
-0.0185844 
-0.0237716 
-0.0237716 
-0.00983969 
-0.00983969 
-0.0125843 
-0.0140416 
-0.0149062 
-0.0155023 
-0.0159729 
-0.0164212 
-0.0168989 
-0.0174416 
-0.0180604 
-0.018757 
-0.0195235 
-0.0203496 
-0.021223 
-0.0221322 
-0.0230656 
-0.0240116 
-0.0249558 
-0.0258801 
-0.0267592 
-0.0275597 
-0.0282383 
-0.028743 
-0.0290148 
-0.028992 
-0.0286154 
-0.0278333 
-0.0266066 
-0.0249109 
-0.0227381 
-0.0200949 
-0.0170016 
-0.0134917 
-0.00961149 
-0.0054201 
-0.000992108 
0.00358621 
0.00824407 
0.012921 
0.0175633 
0.0221218 
0.0265525 
0.0308152 
0.0348701 
0.0386728 
0.0421668 
0.0452758 
0.0478985 
0.0499156 
0.0512224 
0.0517632 
0.0515379 
0.050524 
0.0485323 
0.0451533 
0.0399292 
0.032667 
0.0236604 
0.0136382 
0.00350237 
-0.00596134 
-0.0142445 
-0.0211419 
-0.0263735 
-0.0263735 
-0.00905622 
-0.00905622 
-0.0118206 
-0.0133308 
-0.0142679 
-0.0149455 
-0.0155005 
-0.016028 
-0.0165755 
-0.0171748 
-0.0178359 
-0.01856 
-0.0193393 
-0.0201635 
-0.0210206 
-0.0218996 
-0.0227898 
-0.0236812 
-0.0245625 
-0.025419 
-0.0262304 
-0.0269683 
-0.0275946 
-0.0280617 
-0.0283138 
-0.0282906 
-0.0279316 
-0.0271825 
-0.0259998 
-0.0243546 
-0.0222345 
-0.0196433 
-0.0165994 
-0.013135 
-0.00929558 
-0.00513875 
-0.000735687 
0.00383346 
0.0085002 
0.0132028 
0.017886 
0.022498 
0.0269917 
0.0313222 
0.0354429 
0.0393012 
0.0428308 
0.0459481 
0.0485517 
0.0505382 
0.0518316 
0.0524007 
0.0522302 
0.051216 
0.0490535 
0.0452647 
0.0394333 
0.0315007 
0.0219029 
0.0114454 
0.00104235 
-0.0084957 
-0.0167097 
-0.0235204 
-0.0287705 
-0.0287705 
-0.00816809 
-0.00816809 
-0.0109655 
-0.0125355 
-0.0135471 
-0.0143063 
-0.0149448 
-0.0155512 
-0.016169 
-0.0168266 
-0.0175324 
-0.0182869 
-0.0190818 
-0.0199064 
-0.0207487 
-0.0215972 
-0.0224422 
-0.0232747 
-0.0240858 
-0.0248644 
-0.0255948 
-0.0262543 
-0.026811 
-0.0272231 
-0.0274397 
-0.0274032 
-0.027054 
-0.0263361 
-0.0252022 
-0.0236188 
-0.0215686 
-0.0190512 
-0.0160821 
-0.0126913 
-0.00892184 
-0.00482868 
-0.000479328 
0.0040514 
0.00869739 
0.0133958 
0.0180897 
0.0227248 
0.02725 
0.031615 
0.0357666 
0.0396445 
0.0431763 
0.0462765 
0.0488527 
0.0508226 
0.0521356 
0.0527667 
0.0526612 
0.0516263 
0.0492657 
0.0450759 
0.0387067 
0.0302152 
0.0201275 
0.00929044 
-0.0013356 
-0.0108954 
-0.0189878 
-0.0256702 
-0.0309142 
-0.0309142 
-0.0071949 
-0.0071949 
-0.0100373 
-0.0116728 
-0.0127597 
-0.0135984 
-0.0143173 
-0.0150001 
-0.0156869 
-0.0164028 
-0.0171549 
-0.0179422 
-0.0187558 
-0.0195843 
-0.020415 
-0.0212361 
-0.0220376 
-0.0228112 
-0.0235496 
-0.0242447 
-0.0248854 
-0.0254545 
-0.0259268 
-0.0262675 
-0.0264318 
-0.0263672 
-0.0260166 
-0.025324 
-0.0242393 
-0.0227246 
-0.0207572 
-0.0183317 
-0.0154594 
-0.0121668 
-0.00849386 
-0.00449213 
-0.000225263 
0.00423768 
0.00883271 
0.0134958 
0.0181683 
0.022793 
0.0273147 
0.0316778 
0.0358235 
0.039686 
0.043191 
0.0462576 
0.0488076 
0.05078 
0.0521394 
0.05285 
0.0528047 
0.05173 
0.0491702 
0.0446284 
0.0378254 
0.0288969 
0.0184037 
0.0072116 
-0.00358708 
-0.0130923 
-0.0210145 
-0.0275337 
-0.0327491 
-0.0327491 
-0.00615721 
-0.00615721 
-0.00905617 
-0.0107618 
-0.0119236 
-0.0128383 
-0.0136326 
-0.014387 
-0.0151389 
-0.0159111 
-0.0167088 
-0.0175299 
-0.0183646 
-0.0192005 
-0.0200242 
-0.0208229 
-0.021586 
-0.022305 
-0.0229734 
-0.0235852 
-0.0241329 
-0.0246046 
-0.0249818 
-0.0252371 
-0.0253334 
-0.0252246 
-0.0248585 
-0.0241807 
-0.0231405 
-0.0216962 
-0.0198198 
-0.0175 
-0.0147427 
-0.0115697 
-0.00801703 
-0.00413241 
2.45882e-05 
0.00439049 
0.00890379 
0.0134992 
0.0181164 
0.0226953 
0.027177 
0.0315014 
0.0356055 
0.0394217 
0.0428777 
0.0459018 
0.0484314 
0.0504221 
0.0518422 
0.052633 
0.0526331 
0.051508 
0.0487731 
0.0439584 
0.0368471 
0.0276115 
0.0167903 
0.00524448 
-0.00566831 
-0.0150117 
-0.0227186 
-0.0290484 
-0.0342155 
-0.0342155 
-0.005076 
-0.005076 
-0.00804254 
-0.00982283 
-0.0110585 
-0.0120445 
-0.0129076 
-0.0137265 
-0.0145374 
-0.0153609 
-0.016201 
-0.0170545 
-0.0179108 
-0.0187567 
-0.0195777 
-0.0203602 
-0.0210924 
-0.0217648 
-0.0223709 
-0.0229054 
-0.0233632 
-0.0237368 
-0.0240139 
-0.0241745 
-0.0241898 
-0.0240215 
-0.0236241 
-0.0229474 
-0.021942 
-0.020564 
-0.0187811 
-0.0165757 
-0.0139471 
-0.0109116 
-0.00749996 
-0.0037556 
0.000266223 
0.00450731 
0.00890858 
0.013404 
0.0179319 
0.0224297 
0.0268355 
0.0310863 
0.0351174 
0.0388618 
0.042253 
0.0452299 
0.0477435 
0.0497591 
0.0512391 
0.0520961 
0.0521231 
0.0509461 
0.0480765 
0.0430809 
0.0357905 
0.0263831 
0.0153341 
0.00344351 
-0.00750084 
-0.016564 
-0.0240225 
-0.0301495 
-0.0352528 
-0.0352528 
-0.00397168 
-0.00397168 
-0.00701647 
-0.0088758 
-0.0101844 
-0.0112365 
-0.0121607 
-0.0130354 
-0.0138966 
-0.0147638 
-0.0156404 
-0.016522 
-0.0173978 
-0.0182541 
-0.0190757 
-0.0198479 
-0.0205576 
-0.0211941 
-0.0217494 
-0.0222179 
-0.0225954 
-0.0228773 
-0.0230562 
-0.023119 
-0.0230451 
-0.0228051 
-0.0223613 
-0.0216701 
-0.0206855 
-0.0193643 
-0.017671 
-0.0155826 
-0.0130917 
-0.0102073 
-0.00695416 
-0.00337029 
0.000493887 
0.00458501 
0.00884603 
0.013211 
0.0176173 
0.0220009 
0.0262981 
0.0304447 
0.0343762 
0.0380291 
0.0413436 
0.0442687 
0.0467651 
0.0488004 
0.0503255 
0.0512254 
0.0512596 
0.0500355 
0.0470764 
0.0419852 
0.0346276 
0.0251716 
0.0140106 
0.00195047 
-0.00889281 
-0.0176378 
-0.0248442 
-0.0307767 
-0.0358071 
-0.0358071 
-0.00286315 
-0.00286315 
-0.00599614 
-0.0079388 
-0.0093196 
-0.0104328 
-0.01141 
-0.0123309 
-0.0132323 
-0.0141335 
-0.0150378 
-0.0159407 
-0.0168312 
-0.0176957 
-0.0185188 
-0.0192851 
-0.0199804 
-0.0205922 
-0.0211107 
-0.0215286 
-0.0218411 
-0.0220444 
-0.0221344 
-0.0221037 
-0.0219392 
-0.0216203 
-0.0211182 
-0.0203973 
-0.0194176 
-0.0181388 
-0.016525 
-0.0145493 
-0.012198 
-0.00947274 
-0.00639093 
-0.00298418 
0.000702954 
0.00462179 
0.00871736 
0.0129246 
0.0171806 
0.0214209 
0.0255815 
0.0295984 
0.0334092 
0.0369548 
0.0401823 
0.0430482 
0.0455184 
0.0475579 
0.0491038 
0.0500185 
0.0500421 
0.048779 
0.0457719 
0.0406545 
0.0333072 
0.0239026 
0.0127461 
0.000810749 
-0.00966896 
-0.018148 
-0.0251212 
-0.0308853 
-0.0358397 
-0.0358397 
-0.00176567 
-0.00176567 
-0.00499571 
-0.00702569 
-0.00847833 
-0.00964816 
-0.0106709 
-0.0116284 
-0.0125595 
-0.0134841 
-0.0144061 
-0.0153215 
-0.0162199 
-0.0170881 
-0.0179111 
-0.0186736 
-0.0193604 
-0.0199578 
-0.0204537 
-0.0208383 
-0.0211045 
-0.0212479 
-0.0212653 
-0.021153 
-0.0209041 
-0.0205061 
-0.0199393 
-0.019177 
-0.0181868 
-0.0169337 
-0.0153842 
-0.0135102 
-0.0112935 
-0.00872892 
-0.00582571 
-0.0026078 
0.000887453 
0.00461632 
0.00852584 
0.0125527 
0.0166348 
0.0207081 
0.0247095 
0.0285767 
0.0322502 
0.0356754 
0.038805 
0.0416006 
0.0440292 
0.0460502 
0.047588 
0.0484902 
0.0484895 
0.0471984 
0.0441819 
0.0390931 
0.0318321 
0.022565 
0.0115835 
0.000177033 
-0.00981088 
-0.0180588 
-0.0248333 
-0.0304581 
-0.035339 
-0.035339 
-0.000690938 
-0.000690938 
-0.00402412 
-0.00614413 
-0.00766821 
-0.00889109 
-0.00995317 
-0.010939 
-0.0118902 
-0.0128283 
-0.0137584 
-0.0146774 
-0.0155762 
-0.0164424 
-0.0172621 
-0.0180204 
-0.0187022 
-0.0192927 
-0.0197779 
-0.0201457 
-0.0203858 
-0.0204911 
-0.0204573 
-0.0202819 
-0.0199622 
-0.0194924 
-0.0188614 
-0.0180515 
-0.0170388 
-0.0157953 
-0.0142922 
-0.0125031 
-0.0104079 
-0.00799636 
-0.00527076 
-0.00224687 
0.00104626 
0.00457137 
0.00827874 
0.0121076 
0.0159973 
0.0198856 
0.0237107 
0.0274129 
0.0309359 
0.0342292 
0.0372495 
0.0399606 
0.0423282 
0.0443055 
0.0458074 
0.0466744 
0.0466422 
0.0453401 
0.0423534 
0.0373611 
0.0302181 
0.0211551 
0.0106642 
-3.12662e-05 
-0.00949365 
-0.0174471 
-0.0240186 
-0.0295132 
-0.0343282 
-0.0343282 
0.000356559 
0.000356559 
-0.00308285 
-0.00529373 
-0.00688832 
-0.00816144 
-0.0092584 
-0.0102665 
-0.011231 
-0.0121751 
-0.013106 
-0.0140218 
-0.0149148 
-0.0157742 
-0.0165872 
-0.0173397 
-0.0180174 
-0.0186053 
-0.0190885 
-0.0194525 
-0.0196843 
-0.0197733 
-0.0197121 
-0.0194969 
-0.0191262 
-0.018599 
-0.0179113 
-0.0170543 
-0.016013 
-0.0147673 
-0.0132943 
-0.0115716 
-0.00958017 
-0.00730762 
-0.00475063 
-0.00191734 
0.00117217 
0.00448765 
0.00798354 
0.0116031 
0.0152881 
0.0189787 
0.0226157 
0.026142 
0.0295044 
0.0326556 
0.0355547 
0.0381661 
0.0404528 
0.042363 
0.0438062 
0.0446232 
0.0445617 
0.0432703 
0.0403566 
0.0354535 
0.0285222 
0.0198553 
0.0100226 
0.000115693 
-0.00877565 
-0.0163822 
-0.0227351 
-0.0281005 
-0.0328528 
-0.0328528 
0.00137481 
0.00137481 
-0.00216526 
-0.00446547 
-0.00612854 
-0.00744966 
-0.00857905 
-0.00960654 
-0.010581 
-0.0115277 
-0.012456 
-0.0133658 
-0.0142507 
-0.0151014 
-0.0159061 
-0.0166521 
-0.0173259 
-0.0179131 
-0.0183987 
-0.0187673 
-0.019004 
-0.0190948 
-0.0190287 
-0.0187983 
-0.0184005 
-0.0178358 
-0.0171053 
-0.0162078 
-0.0151373 
-0.0138819 
-0.0124256 
-0.010751 
-0.00884217 
-0.00668738 
-0.0042812 
-0.00162676 
0.0012638 
0.00436919 
0.00765005 
0.0110546 
0.0145281 
0.018014 
0.0214556 
0.0247989 
0.0279933 
0.0309939 
0.0337611 
0.0362586 
0.0384472 
0.0402716 
0.0416405 
0.0424017 
0.0423186 
0.0410603 
0.0381914 
0.0334619 
0.0268629 
0.0187252 
0.00964159 
0.000535819 
-0.00775147 
-0.0149617 
-0.0210695 
-0.0262954 
-0.0309828 
-0.0309828 
0.00237558 
0.00237558 
-0.00125971 
-0.00364392 
-0.00537143 
-0.00673844 
-0.00789965 
-0.00894681 
-0.00993213 
-0.0108828 
-0.0118105 
-0.0127165 
-0.013596 
-0.0144405 
-0.0152394 
-0.0159809 
-0.0166524 
-0.0172404 
-0.0177306 
-0.0181079 
-0.0183567 
-0.0184614 
-0.0184077 
-0.0181842 
-0.0177841 
-0.0172056 
-0.0164513 
-0.0155257 
-0.014431 
-0.0131645 
-0.0117179 
-0.0100792 
-0.00823624 
-0.00617923 
-0.00390254 
-0.00140653 
0.00130234 
0.00420922 
0.00728146 
0.0104737 
0.0137362 
0.0170159 
0.02026 
0.023417 
0.0264392 
0.0292831 
0.0319099 
0.0342826 
0.0363603 
0.0380865 
0.0393731 
0.0400793 
0.0399845 
0.0387266 
0.0359585 
0.031472 
0.0253005 
0.0177859 
0.00948847 
0.00117714 
-0.00649074 
-0.0132719 
-0.0191097 
-0.024182 
-0.0287984 
-0.0287984 
0.00337396 
0.00337396 
-0.000350386 
-0.00280766 
-0.00459473 
-0.00600567 
-0.00719994 
-0.00827012 
-0.00927116 
-0.0102319 
-0.0111659 
-0.0120757 
-0.0129576 
-0.0138038 
-0.0146043 
-0.0153477 
-0.0160219 
-0.0166142 
-0.0171114 
-0.0174993 
-0.017763 
-0.0178871 
-0.0178559 
-0.0176551 
-0.0172736 
-0.0167051 
-0.0159497 
-0.0150129 
-0.0139027 
-0.0126255 
-0.011182 
-0.00956737 
-0.00777331 
-0.00579266 
-0.00362177 
-0.00126172 
0.00128332 
0.00400611 
0.0068817 
0.00987079 
0.0129285 
0.0160067 
0.0190557 
0.0220276 
0.0248766 
0.0275611 
0.0300426 
0.0322837 
0.0342428 
0.0358647 
0.0370678 
0.0377217 
0.0375898 
0.0363575 
0.0337299 
0.029549 
0.0238745 
0.0170322 
0.00952401 
0.00198415 
-0.00506252 
-0.0113946 
-0.0169422 
-0.0218464 
-0.0263834 
-0.0263834 
0.00439253 
0.00439253 
0.000584176 
-0.00193565 
-0.00377564 
-0.0052293 
-0.00645932 
-0.00755842 
-0.00858321 
-0.00956372 
-0.010515 
-0.0114403 
-0.0123369 
-0.0131971 
-0.0140109 
-0.0147671 
-0.0154534 
-0.0160576 
-0.016567 
-0.0169685 
-0.0172488 
-0.0173935 
-0.017388 
-0.0172175 
-0.0168681 
-0.0163295 
-0.0155963 
-0.0146704 
-0.0135607 
-0.0122795 
-0.010838 
-0.00924144 
-0.00748766 
-0.00557119 
-0.00348784 
-0.00123818 
0.0011736 
0.00374022 
0.00644229 
0.00924684 
0.0121147 
0.0150025 
0.017865 
0.0206575 
0.023337 
0.0258633 
0.0281987 
0.030306 
0.0321443 
0.0336613 
0.0347813 
0.0353709 
0.0352031 
0.034019 
0.0315712 
0.0277424 
0.0226036 
0.0164483 
0.00971024 
0.00290989 
-0.0035266 
-0.00940235 
-0.0146465 
-0.0193698 
-0.0238184 
-0.0238184 
0.00545346 
0.00545346 
0.00156828 
-0.00100805 
-0.00289416 
-0.00439072 
-0.00566054 
-0.00679631 
-0.00785502 
-0.00886741 
-0.00984933 
-0.0108047 
-0.0117309 
-0.0126202 
-0.0134625 
-0.0142457 
-0.0149574 
-0.015585 
-0.0161159 
-0.0165377 
-0.0168381 
-0.0170047 
-0.0170248 
-0.016885 
-0.0165722 
-0.016074 
-0.0153807 
-0.014488 
-0.0133992 
-0.0121258 
-0.0106847 
-0.00909233 
-0.00735862 
-0.00548494 
-0.00346888 
-0.00131124 
0.00098351 
0.00341224 
0.00596276 
0.00860463 
0.0113021 
0.0140161 
0.0167057 
0.0193295 
0.0218474 
0.0242211 
0.0264141 
0.02839 
0.0301096 
0.0315239 
0.0325589 
0.0330726 
0.0328844 
0.0317722 
0.0295349 
0.0260847 
0.0214936 
0.0160142 
0.0100122 
0.00391104 
-0.00193655 
-0.00735828 
-0.0122924 
-0.0168251 
-0.0211765 
-0.0211765 
0.00657487 
0.00657487 
0.002624 
-4.7795e-06 
-0.00193473 
-0.00347617 
-0.00479125 
-0.00597252 
-0.00707646 
-0.00813403 
-0.00916133 
-0.0101625 
-0.0111347 
-0.0120698 
-0.0129571 
-0.0137837 
-0.0145364 
-0.0152018 
-0.0157669 
-0.0162195 
-0.0165477 
-0.0167406 
-0.0167872 
-0.0166769 
-0.0163987 
-0.0159417 
-0.0152956 
-0.0144524 
-0.0134087 
-0.0121685 
-0.0107455 
-0.00916134 
-0.00743927 
-0.00559496 
-0.00363105 
-0.00154291 
0.000669628 
0.00299881 
0.00543082 
0.00793924 
0.0104924 
0.013055 
0.0155904 
0.0180611 
0.02043 
0.022661 
0.0247194 
0.0265704 
0.0281766 
0.0294912 
0.0304291 
0.0308791 
0.030686 
0.0296664 
0.0276581 
0.0245948 
0.0205422 
0.0157097 
0.0103994 
0.00495164 
-0.00033559 
-0.0053146 
-0.00993889 
-0.0142744 
-0.0185206 
-0.0185206 
0.00777248 
0.00777248 
0.00376946 
0.0010934 
-0.000886757 
-0.00247657 
-0.00384305 
-0.00507921 
-0.00624011 
-0.00735659 
-0.00844451 
-0.00950775 
-0.010543 
-0.0115415 
-0.0124913 
-0.0133786 
-0.014189 
-0.014908 
-0.0155221 
-0.0160184 
-0.0163854 
-0.0166126 
-0.0166906 
-0.0166106 
-0.0163643 
-0.0159437 
-0.0153408 
-0.0145482 
-0.0135598 
-0.0123728 
-0.0109903 
-0.00942514 
-0.0077007 
-0.00584754 
-0.00389258 
-0.00184857 
0.000286927 
0.00251791 
0.00485115 
0.00725449 
0.0096901 
0.0121261 
0.0145293 
0.0168659 
0.0191019 
0.0212039 
0.023139 
0.0248743 
0.026374 
0.0275838 
0.0284336 
0.0288322 
0.0286499 
0.0277371 
0.0259647 
0.0232815 
0.0197424 
0.0155159 
0.0108463 
0.00600503 
0.00124068 
-0.00331603 
-0.00763405 
-0.0117684 
-0.0159019 
-0.0159019 
0.00905992 
0.00905992 
0.0050158 
0.00229575 
0.000261979 
-0.00138331 
-0.00280954 
-0.0041096 
-0.00533949 
-0.00652874 
-0.00769289 
-0.00883514 
-0.00995134 
-0.0110315 
-0.0120623 
-0.0130284 
-0.0139139 
-0.0147031 
-0.0153812 
-0.0159351 
-0.016353 
-0.0166248 
-0.016742 
-0.0166973 
-0.0164842 
-0.0160971 
-0.0155309 
-0.0147811 
-0.0138436 
-0.0127161 
-0.0113979 
-0.00989274 
-0.00821147 
-0.00637575 
-0.00441833 
-0.00237287 
-0.000253871 
0.00194804 
0.00422787 
0.00655564 
0.00890197 
0.0112368 
0.0135312 
0.015755 
0.0178767 
0.0198656 
0.0216911 
0.0233215 
0.024716 
0.0258284 
0.0266038 
0.0269651 
0.0268063 
0.026008 
0.0244682 
0.0221463 
0.019085 
0.0154157 
0.011332 
0.00704868 
0.00276719 
-0.001393 
-0.00541185 
-0.00934378 
-0.013359 
-0.013359 
0.0104483 
0.0104483 
0.00637161 
0.00361126 
0.00152161 
-0.000190019 
-0.0016826 
-0.00305681 
-0.00436732 
-0.00564351 
-0.00689992 
-0.0081389 
-0.00935497 
-0.0105365 
-0.0116682 
-0.0127326 
-0.0137117 
-0.0145882 
-0.0153461 
-0.0159713 
-0.016452 
-0.0167788 
-0.0169438 
-0.0169411 
-0.0167657 
-0.0164137 
-0.0158817 
-0.0151671 
-0.0142679 
-0.0131836 
-0.011915 
-0.0104647 
-0.00883642 
-0.00703616 
-0.00507592 
-0.00298588 
-0.000828632 
0.0013268 
0.00354966 
0.00584367 
0.00813306 
0.0103936 
0.0126034 
0.0147364 
0.016764 
0.0186576 
0.0203871 
0.0219185 
0.0232181 
0.0242492 
0.0249646 
0.0253013 
0.025175 
0.0244923 
0.0231738 
0.0211859 
0.0185598 
0.0153946 
0.0118403 
0.00806473 
0.00422713 
0.000433809 
-0.003298 
-0.00702687 
-0.0109195 
-0.0109195 
0.0119467 
0.0119467 
0.00784479 
0.00504524 
0.00289877 
0.00111769 
-0.000454795 
-0.00191223 
-0.00331503 
-0.00469232 
-0.00605754 
-0.00741198 
-0.00874837 
-0.0100528 
-0.0113073 
-0.0124915 
-0.0135847 
-0.0145671 
-0.015421 
-0.0161315 
-0.0166867 
-0.0170778 
-0.0172982 
-0.0173435 
-0.0172106 
-0.0168971 
-0.0164011 
-0.0157212 
-0.0148564 
-0.0138069 
-0.0125752 
-0.0111666 
-0.00959047 
-0.00785952 
-0.00598664 
-0.0039759 
-0.00181616 
0.000498496 
0.00286548 
0.00516981 
0.00741464 
0.00961462 
0.0117593 
0.0138222 
0.015774 
0.0175863 
0.0192297 
0.0206771 
0.021899 
0.0228635 
0.0235321 
0.0238547 
0.0237661 
0.0231951 
0.0220803 
0.0203939 
0.0181566 
0.015441 
0.0123597 
0.00904215 
0.00561102 
0.00215476 
-0.00130412 
-0.00483388 
-0.00860062 
-0.00860062 
0.0135634 
0.0135634 
0.00944271 
0.00660515 
0.00440078 
0.00254555 
0.000887215 
-0.000666189 
-0.00217255 
-0.00366461 
-0.00515562 
-0.00664527 
-0.00812418 
-0.00957546 
-0.0109775 
-0.0123059 
-0.0135361 
-0.014645 
-0.0156127 
-0.0164231 
-0.0170642 
-0.0175281 
-0.0178101 
-0.0179078 
-0.0178205 
-0.0175478 
-0.0170894 
-0.0164446 
-0.015613 
-0.0145945 
-0.0133906 
-0.0120053 
-0.0104463 
-0.00872411 
-0.00685275 
-0.00484382 
-0.00270113 
-0.000399302 
0.00202549 
0.00441841 
0.00670027 
0.00888631 
0.010998 
0.0130133 
0.0149073 
0.0166552 
0.0182317 
0.0196119 
0.0207708 
0.021682 
0.0223151 
0.0226313 
0.0225822 
0.0221146 
0.0211821 
0.0197619 
0.0178661 
0.0155457 
0.012883 
0.00997485 
0.00691397 
0.00376889 
0.000560163 
-0.00277506 
-0.00641044 
-0.00641044 
0.0153049 
0.0153049 
0.0111715 
0.0082978 
0.00603508 
0.00410365 
0.00235358 
0.000695207 
-0.000927239 
-0.00254801 
-0.00418155 
-0.00582715 
-0.00747261 
-0.00909734 
-0.0106748 
-0.0121753 
-0.0135689 
-0.014828 
-0.0159294 
-0.0168552 
-0.0175936 
-0.0181381 
-0.0184865 
-0.0186395 
-0.0185992 
-0.0183679 
-0.017947 
-0.0173369 
-0.0165365 
-0.0155449 
-0.0143617 
-0.0129889 
-0.0114321 
-0.00970078 
-0.00780942 
-0.00577671 
-0.00362443 
-0.00138257 
0.000932789 
0.00336235 
0.00580581 
0.00811452 
0.0102782 
0.0122987 
0.0141695 
0.0158772 
0.0174044 
0.0187322 
0.0198409 
0.0207099 
0.021316 
0.021631 
0.0216198 
0.0212445 
0.0204709 
0.0192807 
0.0176798 
0.0157024 
0.0134061 
0.0108611 
0.00813501 
0.00527668 
0.00230098 
-0.000848265 
-0.00435217 
-0.00435217 
0.0171756 
0.0171756 
0.0130355 
0.0101284 
0.00780868 
0.00580022 
0.0039556 
0.00218558 
0.000435055 
-0.00132719 
-0.00312024 
-0.00494294 
-0.0067808 
-0.00860849 
-0.0103931 
-0.0120979 
-0.0136855 
-0.0151222 
-0.0163799 
-0.0174384 
-0.018286 
-0.018918 
-0.019336 
-0.019545 
-0.0195514 
-0.0193611 
-0.0189777 
-0.0184023 
-0.0176333 
-0.0166677 
-0.0155025 
-0.0141364 
-0.0125723 
-0.0108163 
-0.00888263 
-0.00679087 
-0.00457213 
-0.00225298 
0.000138461 
0.00255285 
0.00496764 
0.00732553 
0.00956308 
0.0116387 
0.0135342 
0.0152389 
0.0167437 
0.0180381 
0.0191103 
0.0199469 
0.0205326 
0.0208484 
0.0208711 
0.020575 
0.0199362 
0.0189406 
0.0175902 
0.0159064 
0.0139277 
0.0117021 
0.00927641 
0.00668231 
0.00392448 
0.000946038 
-0.00242349 
-0.00242349 
0.0191763 
0.0191763 
0.0150359 
0.0120997 
0.00972661 
0.00764325 
0.00570396 
0.00381905 
0.00193288 
1.25404e-05 
-0.00195519 
-0.00397589 
-0.00603308 
-0.00809584 
-0.0101232 
-0.0120689 
-0.0138861 
-0.0155322 
-0.0169727 
-0.0181837 
-0.0191529 
-0.0198787 
-0.0203675 
-0.0206308 
-0.0206811 
-0.0205293 
-0.0201823 
-0.0196419 
-0.0189051 
-0.0179659 
-0.0168174 
-0.0154537 
-0.0138733 
-0.0120775 
-0.0100793 
-0.00790378 
-0.00558702 
-0.00317533 
-0.000726062 
0.00172395 
0.00416783 
0.00656632 
0.00886744 
0.0110152 
0.0129707 
0.0147118 
0.0162283 
0.0175152 
0.0185689 
0.0193847 
0.0199562 
0.0202737 
0.0203246 
0.0200936 
0.0195657 
0.0187312 
0.0175899 
0.0161541 
0.0144477 
0.0125009 
0.0103429 
0.0079908 
0.00543731 
0.0026238 
-0.00061653 
-0.00061653 
0.0213032 
0.0213032 
0.017169 
0.0142101 
0.0117902 
0.00963765 
0.00760703 
0.00560698 
0.00358032 
0.00149361 
-0.00066854 
-0.00290768 
-0.00521127 
-0.00754317 
-0.00985209 
-0.0120798 
-0.0141669 
-0.0160594 
-0.0177136 
-0.0191001 
-0.0202054 
-0.0210308 
-0.0215897 
-0.0219024 
-0.0219907 
-0.0218729 
-0.0215603 
-0.0210556 
-0.0203538 
-0.0194445 
-0.0183147 
-0.0169526 
-0.0153498 
-0.0134984 
-0.0114075 
-0.00910273 
-0.00663965 
-0.0040788 
-0.00148131 
0.0010918 
0.00359961 
0.0060221 
0.00833879 
0.0105149 
0.0125109 
0.0142927 
0.015839 
0.0171403 
0.0181946 
0.0190035 
0.0195686 
0.0198896 
0.0199634 
0.0197842 
0.0193452 
0.0186411 
0.0176712 
0.0164421 
0.0149665 
0.0132611 
0.0113404 
0.00920834 
0.00684725 
0.00419224 
0.00107585 
0.00107585 
0.0235453 
0.0235453 
0.0194245 
0.0164514 
0.0139947 
0.0117828 
0.00966908 
0.00755861 
0.00539082 
0.00312883 
0.000757301 
-0.00172169 
-0.00429749 
-0.00693276 
-0.00956358 
-0.0121168 
-0.014518 
-0.0166982 
-0.0186019 
-0.0201914 
-0.0214501 
-0.0223821 
-0.0230089 
-0.023363 
-0.0234794 
-0.0233877 
-0.0231057 
-0.0226377 
-0.0219751 
-0.0211012 
-0.0199949 
-0.0186366 
-0.0170063 
-0.0150806 
-0.0128663 
-0.0104121 
-0.00777888 
-0.00503617 
-0.00226073 
0.00046846 
0.00310453 
0.00561853 
0.00799031 
0.0101965 
0.0122144 
0.0140181 
0.0155858 
0.0169034 
0.0179667 
0.0187781 
0.0193439 
0.0196706 
0.0197636 
0.0196253 
0.0192563 
0.0186559 
0.0178247 
0.0167655 
0.0154838 
0.0139858 
0.0122743 
0.0103419 
0.0081615 
0.00566033 
0.00266974 
0.00266974 
0.025883 
0.025883 
0.0217831 
0.0188061 
0.0163259 
0.0140688 
0.0118851 
0.00967397 
0.00736932 
0.00492974 
0.00233709 
-0.000404663 
-0.00327752 
-0.00624769 
-0.00923954 
-0.0121613 
-0.0149208 
-0.0174322 
-0.0196248 
-0.0214497 
-0.022884 
-0.0239327 
-0.0246256 
-0.0250106 
-0.0251411 
-0.0250635 
-0.0248061 
-0.0243754 
-0.0237572 
-0.022926 
-0.0218495 
-0.0204978 
-0.0188314 
-0.0168094 
-0.014461 
-0.0118346 
-0.00899606 
-0.00602536 
-0.00301264 
-5.07073e-05 
0.00277672 
0.00542761 
0.00788407 
0.0101297 
0.0121562 
0.0139542 
0.0155134 
0.0168247 
0.0178835 
0.0186919 
0.0192567 
0.0195879 
0.0196959 
0.0195895 
0.0192751 
0.0187567 
0.0180366 
0.0171165 
0.0159968 
0.0146762 
0.0131487 
0.011397 
0.0093863 
0.00703488 
0.0041711 
0.0041711 
0.0282856 
0.0282856 
0.0242138 
0.0212449 
0.0187572 
0.016473 
0.0142371 
0.01194 
0.00950801 
0.0068925 
0.00407159 
0.00104897 
-0.00214633 
-0.00547704 
-0.00886317 
-0.0121901 
-0.0153471 
-0.0182297 
-0.0207508 
-0.0228471 
-0.0244855 
-0.0256673 
-0.0264287 
-0.0268341 
-0.0269613 
-0.0268814 
-0.0266391 
-0.0262448 
-0.0256763 
-0.0248948 
-0.0238538 
-0.0225084 
-0.0207913 
-0.0186714 
-0.0161793 
-0.0133676 
-0.0103068 
-0.00708554 
-0.00380588 
-0.000575796 
0.00249739 
0.00535032 
0.00795481 
0.0102881 
0.0123468 
0.0141363 
0.0156645 
0.0169381 
0.0179628 
0.0187446 
0.0192923 
0.019617 
0.0197311 
0.0196466 
0.0193737 
0.0189197 
0.018289 
0.0174826 
0.0164985 
0.0153301 
0.0139647 
0.0123773 
0.0105262 
0.00832091 
0.00558515 
0.00558515 
0.0307097 
0.0307097 
0.0266723 
0.0237236 
0.0212459 
0.0189549 
0.0166879 
0.0143242 
0.0117795 
0.00899525 
0.00594402 
0.00262888 
-0.000907969 
-0.0046196 
-0.00842223 
-0.0121787 
-0.0157592 
-0.0190423 
-0.021925 
-0.0243283 
-0.0262046 
-0.0275454 
-0.0283866 
-0.028807 
-0.0289129 
-0.0288102 
-0.0285694 
-0.0282084 
-0.0276927 
-0.0269649 
-0.02596 
-0.0246144 
-0.02284 
-0.0206169 
-0.0179785 
-0.0149775 
-0.0116882 
-0.00820407 
-0.0046346 
-0.00109699 
0.00227457 
0.0053846 
0.00818823 
0.0106536 
0.0127761 
0.0145696 
0.0160586 
0.0172697 
0.0182263 
0.0189473 
0.0194481 
0.019743 
0.0198453 
0.0197682 
0.0195229 
0.0191182 
0.0185591 
0.0178468 
0.0169774 
0.0159406 
0.0147193 
0.0132819 
0.0115814 
0.0095185 
0.00691056 
0.00691056 
0.0330979 
0.0330979 
0.0290993 
0.0261817 
0.0237305 
0.0214532 
0.0191775 
0.0167689 
0.0141299 
0.0111898 
0.00791455 
0.00430736 
0.000414823 
-0.00369135 
-0.00791438 
-0.0121055 
-0.0161136 
-0.0198064 
-0.023068 
-0.025806 
-0.0279555 
-0.0294908 
-0.0304372 
-0.0308791 
-0.0309508 
-0.0308032 
-0.030546 
-0.0302111 
-0.0297474 
-0.0290716 
-0.0280954 
-0.0267358 
-0.0249001 
-0.0225744 
-0.0197962 
-0.0166172 
-0.0131132 
-0.00937857 
-0.00552514 
-0.00167662 
0.00201719 
0.00542965 
0.00848721 
0.0111402 
0.0133736 
0.0152036 
0.0166663 
0.0178081 
0.018674 
0.0193023 
0.0197224 
0.0199563 
0.0200212 
0.0199306 
0.0196958 
0.0193248 
0.0188224 
0.0181883 
0.0174173 
0.0164962 
0.0154046 
0.0141055 
0.0125476 
0.010623 
0.00814144 
0.00814144 
0.0353789 
0.0353789 
0.0314206 
0.0285416 
0.0261304 
0.0238844 
0.021621 
0.0191898 
0.0164786 
0.0134026 
0.00991922 
0.00602896 
0.00178088 
-0.00271783 
-0.0073481 
-0.0119547 
-0.0163671 
-0.0204501 
-0.0240829 
-0.0271652 
-0.0296164 
-0.0313873 
-0.0324799 
-0.0329684 
-0.0330059 
-0.0327943 
-0.0324997 
-0.0321795 
-0.0317611 
-0.0311274 
-0.030164 
-0.028775 
-0.0268733 
-0.0244515 
-0.0215496 
-0.0182171 
-0.0145271 
-0.0105708 
-0.00645667 
-0.00231043 
0.00171152 
0.00544869 
0.00879267 
0.0116728 
0.0140573 
0.0159587 
0.0174195 
0.0185013 
0.0192703 
0.0197867 
0.0200987 
0.0202419 
0.0202408 
0.0201124 
0.0198677 
0.0195138 
0.0190533 
0.018484 
0.0177986 
0.0169808 
0.0160078 
0.0148374 
0.0134151 
0.0116241 
0.00926572 
0.00926572 
0.0374689 
0.0374689 
0.0335484 
0.0307104 
0.0283473 
0.026145 
0.0239113 
0.0214789 
0.0187202 
0.0155346 
0.0118679 
0.00771608 
0.00313439 
-0.00173497 
-0.00674336 
-0.0117203 
-0.0164832 
-0.0209042 
-0.0248683 
-0.0282774 
-0.0310402 
-0.0330833 
-0.0343744 
-0.0349566 
-0.0349805 
-0.0346961 
-0.0343427 
-0.0340216 
-0.0336354 
-0.0330258 
-0.0320535 
-0.0306184 
-0.0286512 
-0.0261478 
-0.0231499 
-0.0197015 
-0.0158697 
-0.0117389 
-0.00740903 
-0.00300391 
0.00132321 
0.00538303 
0.00902597 
0.012157 
0.0147227 
0.0167271 
0.0182143 
0.0192571 
0.0199394 
0.0203419 
0.0205334 
0.0205661 
0.0204765 
0.0202877 
0.0200132 
0.0196592 
0.0192264 
0.0187098 
0.0180993 
0.017375 
0.0165116 
0.015462 
0.0141688 
0.0125058 
0.0102659 
0.0102659 
0.039274 
0.039274 
0.035385 
0.0325839 
0.0302699 
0.0281165 
0.025924 
0.0235088 
0.0207294 
0.017468 
0.0136571 
0.00928599 
0.00441404 
-0.000786664 
-0.00612648 
-0.0114041 
-0.016436 
-0.021112 
-0.0253354 
-0.0290208 
-0.0320766 
-0.0344105 
-0.0359513 
-0.0366913 
-0.0367475 
-0.036399 
-0.0359699 
-0.0356296 
-0.0352571 
-0.034648 
-0.0336456 
-0.0321518 
-0.0301275 
-0.0275643 
-0.0245053 
-0.0209867 
-0.0170679 
-0.0128222 
-0.00833691 
-0.00372864 
0.0008612 
0.00521964 
0.00915164 
0.0125327 
0.0152864 
0.0174079 
0.0189407 
0.0199655 
0.0205791 
0.0208798 
0.0209544 
0.0208723 
0.0206835 
0.0204202 
0.0201007 
0.0197324 
0.0193149 
0.0188402 
0.0182953 
0.0176564 
0.0168951 
0.0159593 
0.0147887 
0.0132471 
0.0111189 
0.0111189 
0.0406942 
0.0406942 
0.0368273 
0.0340523 
0.0317813 
0.0296744 
0.027529 
0.0251475 
0.0223777 
0.0190855 
0.0151872 
0.0106591 
0.00555561 
7.26469e-05 
-0.00552905 
-0.0110136 
-0.0162094 
-0.0210344 
-0.0254195 
-0.0293014 
-0.0325987 
-0.0352108 
-0.0370337 
-0.037999 
-0.0381556 
-0.0377751 
-0.0372631 
-0.0368852 
-0.0365053 
-0.0358723 
-0.0348233 
-0.0332717 
-0.0311957 
-0.0286052 
-0.0255295 
-0.0219948 
-0.0180501 
-0.0137574 
-0.00918991 
-0.00445024 
0.000339591 
0.0049487 
0.00913412 
0.0127373 
0.0156629 
0.0178965 
0.0194818 
0.0205045 
0.021071 
0.0212916 
0.0212675 
0.0210822 
0.0207988 
0.0204595 
0.0200893 
0.0196988 
0.019288 
0.0188472 
0.0183605 
0.0178 
0.0171344 
0.0163054 
0.0152503 
0.0138218 
0.0117973 
0.0117973 
0.0416264 
0.0416264 
0.0377741 
0.0350091 
0.0327684 
0.030698 
0.0285975 
0.0262601 
0.023528 
0.0202546 
0.0163412 
0.0117443 
0.00650341 
0.000822829 
-0.00495996 
-0.0105352 
-0.0157787 
-0.0206391 
-0.02508 
-0.029062 
-0.0325224 
-0.0353642 
-0.0374666 
-0.0387071 
-0.0390418 
-0.0386848 
-0.0380974 
-0.037667 
-0.0372594 
-0.0365823 
-0.0354789 
-0.0338803 
-0.03178 
-0.0291872 
-0.0261272 
-0.0226263 
-0.0187216 
-0.0144581 
-0.00989586 
-0.00511992 
-0.000230698 
0.00457062 
0.00897638 
0.0127596 
0.0158153 
0.0181283 
0.0197503 
0.0207721 
0.0213065 
0.0214702 
0.0213729 
0.0211078 
0.0207478 
0.0203443 
0.0199292 
0.0195175 
0.0191112 
0.0186999 
0.0182663 
0.0177783 
0.017202 
0.0164726 
0.0155254 
0.0142003 
0.0122698 
0.0122698 
0.0419679 
0.0419679 
0.0381307 
0.0353557 
0.0331299 
0.0310825 
0.0290208 
0.0267347 
0.0240677 
0.020871 
0.0170391 
0.0124954 
0.00721535 
0.00139487 
-0.00442519 
-0.00994204 
-0.0151142 
-0.0199034 
-0.0243002 
-0.0282842 
-0.0318141 
-0.0348069 
-0.0371433 
-0.0386699 
-0.0392492 
-0.0389878 
-0.0383498 
-0.0378587 
-0.0374083 
-0.0366753 
-0.03552 
-0.0338925 
-0.031795 
-0.0292377 
-0.0262395 
-0.0228204 
-0.0190086 
-0.0148373 
-0.0103528 
-0.00562339 
-0.000748607 
0.00409552 
0.00860441 
0.0124946 
0.0156322 
0.0179919 
0.0196342 
0.0206569 
0.0211762 
0.0213111 
0.0211739 
0.0208622 
0.0204548 
0.0200099 
0.0195657 
0.0191424 
0.018745 
0.0183642 
0.0179815 
0.0175618 
0.0170684 
0.0164305 
0.0155816 
0.014348 
0.0125035 
0.0125035 
0.0416047 
0.0416047 
0.0378256 
0.035025 
0.0327926 
0.0307534 
0.0287151 
0.0264747 
0.023875 
0.020773 
0.017057 
0.0126445 
0.00755228 
0.00195956 
-0.00372396 
-0.00911058 
-0.0141348 
-0.0187836 
-0.0230634 
-0.0269701 
-0.0304813 
-0.0335355 
-0.0360229 
-0.0377942 
-0.0386481 
-0.038555 
-0.0379079 
-0.0373566 
-0.0368562 
-0.0360667 
-0.034872 
-0.0332391 
-0.031174 
-0.0286852 
-0.0257875 
-0.0224978 
-0.0188363 
-0.0148263 
-0.0105004 
-0.00591006 
-0.00114269 
0.00362546 
0.00807143 
0.0119202 
0.0150447 
0.0174044 
0.0190499 
0.0200761 
0.020598 
0.020733 
0.0205913 
0.0202708 
0.019852 
0.0193968 
0.018948 
0.01853 
0.0181515 
0.0178052 
0.0174726 
0.0171176 
0.0167004 
0.0161457 
0.0153849 
0.014231 
0.0124656 
0.0124656 
0.0404468 
0.0404468 
0.036777 
0.0339532 
0.031702 
0.0296673 
0.027651 
0.0254634 
0.0229483 
0.0199724 
0.0164272 
0.0122496 
0.00748595 
0.00231531 
-0.00296661 
-0.0080661 
-0.0128509 
-0.0172885 
-0.0213837 
-0.0251407 
-0.0285478 
-0.0315639 
-0.0341078 
-0.0360453 
-0.0371532 
-0.0372803 
-0.0366774 
-0.0360766 
-0.0355277 
-0.0346924 
-0.0334795 
-0.0318694 
-0.0298682 
-0.0274823 
-0.0247232 
-0.0216045 
-0.0181418 
-0.014352 
-0.0102594 
-0.0059072 
-0.00138172 
0.00313633 
0.00734869 
0.0110181 
0.0140284 
0.0163299 
0.0179545 
0.0189835 
0.0195231 
0.0196839 
0.019571 
0.0192784 
0.0188851 
0.0184537 
0.0180288 
0.0176381 
0.0172929 
0.0169885 
0.0167068 
0.0164124 
0.016062 
0.0155792 
0.0148892 
0.0138026 
0.0121353 
0.0121353 
0.038408 
0.038408 
0.0349186 
0.032102 
0.0298372 
0.0278166 
0.025836 
0.0237213 
0.0213234 
0.0185218 
0.0152249 
0.0113953 
0.00709099 
0.00247101 
-0.00226243 
-0.0069039 
-0.011321 
-0.0154556 
-0.0192944 
-0.0228366 
-0.026073 
-0.028971 
-0.0314627 
-0.0334375 
-0.0347222 
-0.0350893 
-0.0345861 
-0.0339575 
-0.033371 
-0.0325115 
-0.0313094 
-0.0297557 
-0.027854 
-0.0256085 
-0.0230282 
-0.0201245 
-0.0169107 
-0.0134023 
-0.00962424 
-0.00562378 
-0.00149172 
0.00260931 
0.00644496 
0.00982024 
0.0126227 
0.0147996 
0.0163661 
0.0173852 
0.0179473 
0.0181512 
0.0180925 
0.0178584 
0.0175231 
0.0171468 
0.0167738 
0.0164325 
0.016136 
0.0158815 
0.0156517 
0.0154129 
0.0151192 
0.0146957 
0.0140594 
0.013033 
0.0114863 
0.0114863 
0.0354034 
0.0354034 
0.0321823 
0.0294388 
0.0271955 
0.0252182 
0.0233084 
0.0213074 
0.0190791 
0.0165193 
0.0135559 
0.0101697 
0.00641319 
0.00240878 
-0.00169606 
-0.00575894 
-0.00967567 
-0.0133879 
-0.0168697 
-0.0201087 
-0.0230911 
-0.0257875 
-0.0281414 
-0.0300594 
-0.0313925 
-0.0319438 
-0.0315878 
-0.030964 
-0.0303594 
-0.0295071 
-0.028353 
-0.0268964 
-0.0251375 
-0.0230789 
-0.0207271 
-0.018093 
-0.0151903 
-0.0120381 
-0.00866683 
-0.0051281 
-0.00150696 
0.00206769 
0.00542477 
0.00840876 
0.0109174 
0.0128998 
0.0143588 
0.0153393 
0.0159128 
0.016162 
0.0161697 
0.0160126 
0.0157576 
0.0154596 
0.0151598 
0.0148855 
0.0146496 
0.0144504 
0.0142717 
0.0140817 
0.0138335 
0.013456 
0.0128605 
0.0118973 
0.0104997 
0.0104997 
0.0313692 
0.0313692 
0.0285192 
0.0259563 
0.0238112 
0.021935 
0.0201538 
0.0183268 
0.0163357 
0.0140928 
0.0115431 
0.00867605 
0.00553227 
0.00219964 
-0.00122165 
-0.00463778 
-0.00796963 
-0.0111642 
-0.014191 
-0.0170311 
-0.0196666 
-0.0220688 
-0.0241889 
-0.0259508 
-0.0272326 
-0.0278659 
-0.0276679 
-0.0270866 
-0.0264928 
-0.0256873 
-0.0246261 
-0.0233152 
-0.0217515 
-0.0199367 
-0.0178757 
-0.0155791 
-0.0130619 
-0.0103462 
-0.00746478 
-0.00446758 
-0.00142747 
0.00155757 
0.00436694 
0.00688443 
0.009026 
0.010747 
0.0120429 
0.0129435 
0.0135016 
0.013782 
0.013852 
0.0137755 
0.0136091 
0.0133999 
0.0131836 
0.0129843 
0.0128134 
0.0126692 
0.0125368 
0.0123867 
0.0121735 
0.0118318 
0.0112753 
0.0103922 
0.00917569 
0.00917569 
0.026226 
0.026226 
0.023855 
0.0216128 
0.019685 
0.0180008 
0.0164273 
0.0148484 
0.0131668 
0.0113116 
0.00924035 
0.00694448 
0.00445061 
0.0018155 
-0.000892578 
-0.00360811 
-0.00627688 
-0.00885973 
-0.0113306 
-0.0136702 
-0.0158585 
-0.0178683 
-0.0196577 
-0.0211662 
-0.0222973 
-0.0229199 
-0.0228471 
-0.0223442 
-0.0217992 
-0.0210857 
-0.0201688 
-0.0190583 
-0.0177494 
-0.0162428 
-0.0145423 
-0.0126576 
-0.0106038 
-0.00840225 
-0.00608351 
-0.00369001 
-0.00127835 
0.00108114 
0.00330496 
0.0053091 
0.007031 
0.00843569 
0.00951626 
0.0102912 
0.0107971 
0.0110814 
0.0111947 
0.0111866 
0.0111015 
0.0109767 
0.0108409 
0.0107131 
0.0106022 
0.0105064 
0.0104121 
0.0102932 
0.0101085 
0.0098019 
0.00929887 
0.00852882 
0.00752747 
0.00752747 
0.0199965 
0.0199965 
0.0182102 
0.0164473 
