0 
-0.000904744 
5.53873e-05 
0.00114592 
0.0015359 
0.00170259 
0.00177619 
0.00179082 
0.00177703 
0.00174987 
0.00172054 
0.00169504 
0.00167648 
0.00166575 
0.00166229 
0.00166464 
0.00167073 
0.00167821 
0.00168455 
0.00168717 
0.00168356 
0.00167133 
0.00164828 
0.00161249 
0.00156235 
0.00149666 
0.00141465 
0.00131602 
0.00120094 
0.00107004 
0.000924374 
0.000765412 
0.000594946 
0.00041504 
0.000227907 
3.62025e-05 
-0.000156278 
-0.000347128 
-0.000535012 
-0.000718603 
-0.000896519 
-0.00106754 
-0.00123062 
-0.00138473 
-0.00152873 
-0.00166114 
-0.00178001 
-0.00188279 
-0.0019662 
-0.00202633 
-0.0020587 
-0.00205854 
-0.00202097 
-0.00194146 
-0.0018175 
-0.00165329 
-0.00146521 
-0.00127783 
-0.00110676 
-0.000949356 
-0.000797056 
-0.000651246 
-0.000522196 
-0.00042356 
-0.000365396 
0 
0.000904744 
0.000904744 
-5.53873e-05 
-0.00114592 
-0.0015359 
-0.00170259 
-0.00177619 
-0.00179082 
-0.00177703 
-0.00174987 
-0.00172054 
-0.00169504 
-0.00167648 
-0.00166575 
-0.00166229 
-0.00166464 
-0.00167073 
-0.00167821 
-0.00168455 
-0.00168717 
-0.00168356 
-0.00167133 
-0.00164828 
-0.00161249 
-0.00156235 
-0.00149666 
-0.00141465 
-0.00131602 
-0.00120094 
-0.00107004 
-0.000924374 
-0.000765412 
-0.000594946 
-0.00041504 
-0.000227907 
-3.62025e-05 
0.000156278 
0.000347128 
0.000535012 
0.000718603 
0.000896519 
0.00106754 
0.00123062 
0.00138473 
0.00152873 
0.00166114 
0.00178001 
0.00188279 
0.0019662 
0.00202633 
0.0020587 
0.00205854 
0.00202097 
0.00194146 
0.0018175 
0.00165329 
0.00146521 
0.00127783 
0.00110676 
0.000949356 
0.000797056 
0.000651246 
0.000522196 
0.00042356 
0.000365396 
0.000365396 
0.00173263 
0.00173263 
-0.00114028 
-0.00283144 
-0.00385571 
-0.00437094 
-0.00461881 
-0.00469092 
-0.00467365 
-0.00461442 
-0.004547 
-0.00449037 
-0.00445449 
-0.00444267 
-0.00445383 
-0.00448408 
-0.00452776 
-0.00457818 
-0.00462804 
-0.00466986 
-0.00469612 
-0.0046996 
-0.00467352 
-0.0046118 
-0.00450922 
-0.00436168 
-0.00416627 
-0.0039214 
-0.00362685 
-0.00328374 
-0.00289447 
-0.00246264 
-0.00199282 
-0.00149041 
-0.000961315 
-0.000411695 
0.000151121 
0.000719922 
0.00128907 
0.00185339 
0.00240812 
0.00294897 
0.003472 
0.00397326 
0.00444834 
0.0048918 
0.00529664 
0.00565388 
0.00595239 
0.006179 
0.00631909 
0.00635739 
0.00627908 
0.00607161 
0.00573002 
0.00526905 
0.00473538 
0.00419494 
0.00369073 
0.0032228 
0.00277858 
0.00236539 
0.00200584 
0.00173063 
0.0015661 
0.0015661 
-0.000172985 
-0.000172985 
-0.00279641 
-0.00472397 
-0.00607994 
-0.00682528 
-0.00718985 
-0.00729744 
-0.00727013 
-0.00718304 
-0.00708853 
-0.00701643 
-0.00698193 
-0.00698959 
-0.00703701 
-0.0071173 
-0.00722078 
-0.00733612 
-0.00745105 
-0.00755292 
-0.00762907 
-0.00766725 
-0.00765595 
-0.00758482 
-0.00744496 
-0.00722927 
-0.00693269 
-0.00655237 
-0.00608774 
-0.00554046 
-0.00491438 
-0.00421534 
-0.00345094 
-0.00263021 
-0.00176323 
-0.000860446 
6.74727e-05 
0.00100999 
0.00195688 
0.00289895 
0.00382805 
0.00473691 
0.00561891 
0.00646745 
0.00727521 
0.00803322 
0.00872974 
0.0093495 
0.0098733 
0.0102782 
0.0105385 
0.0106275 
0.0105196 
0.0101944 
0.00964566 
0.00890024 
0.00803368 
0.00714696 
0.00630401 
0.00550835 
0.00474796 
0.00403766 
0.00341171 
0.0029237 
0.00262677 
0.00262677 
-0.001694 
-0.001694 
-0.00444812 
-0.00665762 
-0.00817196 
-0.00901244 
-0.00940152 
-0.0094967 
-0.0094418 
-0.00933011 
-0.0092251 
-0.00916214 
-0.0091579 
-0.00921551 
-0.00932945 
-0.00948863 
-0.00967867 
-0.00988321 
-0.0100849 
-0.0102659 
-0.0104086 
-0.0104958 
-0.0105116 
-0.0104413 
-0.0102726 
-0.00999561 
-0.00960326 
-0.00909161 
-0.00845993 
-0.00771063 
-0.00684921 
-0.00588395 
-0.0048257 
-0.00368744 
-0.00248386 
-0.00123078 
5.53012e-05 
0.00135878 
0.00266604 
0.00396467 
0.00524373 
0.00649375 
0.00770639 
0.0088736 
0.00998654 
0.011034 
0.012001 
0.0128671 
0.0136057 
0.0141841 
0.0145648 
0.0147083 
0.0145771 
0.014142 
0.0133961 
0.0123799 
0.0111972 
0.00997785 
0.00879835 
0.00766337 
0.00656612 
0.005531 
0.00460196 
0.00386219 
0.00339971 
0.00339971 
-0.00371844 
-0.00371844 
-0.00647924 
-0.00870581 
-0.0101991 
-0.011 
-0.0113372 
-0.0113845 
-0.0112957 
-0.011172 
-0.0110805 
-0.0110563 
-0.0111136 
-0.0112512 
-0.0114588 
-0.0117204 
-0.0120168 
-0.0123269 
-0.0126289 
-0.0129004 
-0.0131193 
-0.0132641 
-0.0133145 
-0.013252 
-0.013061 
-0.0127286 
-0.0122459 
-0.011608 
-0.0108139 
-0.00986688 
-0.00877403 
-0.00754612 
-0.00619722 
-0.00474434 
-0.00320675 
-0.00160566 
3.7431e-05 
0.00170307 
0.00337235 
0.00502775 
0.00665392 
0.00823803 
0.00976946 
0.0112389 
0.0126368 
0.0139515 
0.0151665 
0.0162585 
0.0171953 
0.0179357 
0.0184309 
0.018628 
0.0184762 
0.0179368 
0.0170029 
0.0157304 
0.0142511 
0.0127158 
0.0112037 
0.00971914 
0.00826168 
0.00686076 
0.00556659 
0.00448688 
0.00377381 
0.00377381 
-0.00540107 
-0.00540107 
-0.00833271 
-0.0105748 
-0.01198 
-0.012688 
-0.0129426 
-0.0129347 
-0.0128221 
-0.0127078 
-0.0126566 
-0.0126991 
-0.0128435 
-0.0130828 
-0.0134012 
-0.0137781 
-0.0141903 
-0.014613 
-0.0150207 
-0.0153875 
-0.0156873 
-0.0158944 
-0.0159844 
-0.015935 
-0.0157268 
-0.0153444 
-0.0147767 
-0.0140175 
-0.013066 
-0.0119259 
-0.010606 
-0.00911947 
-0.00748346 
-0.00571891 
-0.00384966 
-0.00190205 
9.64589e-05 
0.00211958 
0.00414268 
0.00614326 
0.00810202 
0.0100031 
0.0118338 
0.0135837 
0.0152429 
0.0167995 
0.018237 
0.0195302 
0.0206432 
0.0215274 
0.0221233 
0.0223645 
0.0221865 
0.0215407 
0.0204221 
0.0189055 
0.0171497 
0.0153171 
0.0134805 
0.011642 
0.009803 
0.0079774 
0.00621208 
0.00465144 
0.00353719 
0.00353719 
-0.00716355 
-0.00716355 
-0.0101695 
-0.0123173 
-0.0135651 
-0.01414 
-0.0142976 
-0.0142379 
-0.0141158 
-0.0140305 
-0.01404 
-0.0141667 
-0.0144115 
-0.0147608 
-0.0151942 
-0.0156877 
-0.0162152 
-0.0167497 
-0.0172628 
-0.0177255 
-0.018108 
-0.0183807 
-0.0185149 
-0.0184842 
-0.0182656 
-0.0178404 
-0.0171956 
-0.0163238 
-0.0152237 
-0.0138999 
-0.0123625 
-0.0106269 
-0.00871343 
-0.00664662 
-0.00445488 
-0.00216974 
0.00017649 
0.00255251 
0.00492647 
0.00726935 
0.00955636 
0.0117675 
0.0138874 
0.0159042 
0.0178079 
0.0195871 
0.0212258 
0.0226984 
0.0239663 
0.0249748 
0.0256545 
0.0259259 
0.0257107 
0.0249521 
0.0236507 
0.0219051 
0.0198986 
0.0177935 
0.0156489 
0.0134621 
0.0112103 
0.00887348 
0.00650866 
0.00426874 
0.00253726 
0.00253726 
-0.00864648 
-0.00864648 
-0.011753 
-0.0137935 
-0.0148787 
-0.0153286 
-0.0154037 
-0.015311 
-0.0151983 
-0.0151589 
-0.0152414 
-0.0154596 
-0.0158067 
-0.016264 
-0.0168079 
-0.0174123 
-0.0180496 
-0.0186911 
-0.0193065 
-0.0198638 
-0.0203296 
-0.0206704 
-0.0208531 
-0.0208469 
-0.0206247 
-0.0201649 
-0.0194518 
-0.018477 
-0.0172387 
-0.0157421 
-0.0139984 
-0.012025 
-0.00984467 
-0.00748562 
-0.00498041 
-0.0023654 
0.000321258 
0.00304017 
0.00575217 
0.00842244 
0.0110218 
0.0135269 
0.01592 
0.0181878 
0.0203198 
0.0223048 
0.0241272 
0.0257611 
0.0271655 
0.0282802 
0.0290261 
0.029311 
0.029044 
0.0281631 
0.0266812 
0.024726 
0.0225 
0.020153 
0.0177263 
0.0151884 
0.0124611 
0.00950329 
0.00635285 
0.00319503 
0.000665617 
0.000665617 
-0.00999772 
-0.00999772 
-0.013145 
-0.0150438 
-0.0159665 
-0.0163061 
-0.0163167 
-0.0162087 
-0.016119 
-0.016134 
-0.0162919 
-0.0165984 
-0.0170405 
-0.0175962 
-0.0182398 
-0.0189446 
-0.0196823 
-0.0204231 
-0.0211349 
-0.0217832 
-0.0223312 
-0.0227413 
-0.0229758 
-0.0229995 
-0.0227813 
-0.0222959 
-0.0215254 
-0.0204598 
-0.0190969 
-0.0174422 
-0.0155078 
-0.0133126 
-0.0108818 
-0.00824663 
-0.00544394 
-0.0025148 
0.000497785 
0.00354735 
0.00658591 
0.00957167 
0.0124704 
0.0152555 
0.0179074 
0.0204118 
0.022758 
0.0249351 
0.0269275 
0.0287087 
0.0302349 
0.03144 
0.0322352 
0.0325159 
0.0321808 
0.0311683 
0.0295131 
0.0273763 
0.0249687 
0.0224173 
0.0197246 
0.0167913 
0.0134962 
0.00974596 
0.005585 
0.00139266 
-0.00186098 
-0.00186098 
-0.0110911 
-0.0110911 
-0.0142632 
-0.0160267 
-0.0168161 
-0.0170765 
-0.017049 
-0.0169449 
-0.0168891 
-0.0169617 
-0.017191 
-0.0175769 
-0.018102 
-0.0187426 
-0.0194725 
-0.0202648 
-0.0210912 
-0.0219213 
-0.0227215 
-0.023455 
-0.0240819 
-0.0245606 
-0.0248491 
-0.0249075 
-0.0247004 
-0.024199 
-0.0233825 
-0.0222394 
-0.020767 
-0.0189708 
-0.0168634 
-0.0144645 
-0.0118012 
-0.00890773 
-0.00582466 
-0.00259701 
0.000726199 
0.00408819 
0.00743239 
0.0107116 
0.013888 
0.016933 
0.0198256 
0.0225509 
0.0250979 
0.0274554 
0.0296072 
0.0315251 
0.0331616 
0.0344436 
0.0352721 
0.0355306 
0.0351112 
0.0339615 
0.0321488 
0.0298669 
0.0273212 
0.0245895 
0.0216024 
0.0181922 
0.0141551 
0.00939796 
0.00412144 
-0.000990486 
-0.00475957 
-0.00475957 
-0.0119774 
-0.0119774 
-0.0151364 
-0.0167729 
-0.0174603 
-0.0176706 
-0.0176282 
-0.0175428 
-0.0175265 
-0.0176543 
-0.0179462 
-0.0183989 
-0.0189923 
-0.0197024 
-0.0205031 
-0.0213682 
-0.0222696 
-0.0231764 
-0.0240542 
-0.0248643 
-0.0255641 
-0.0261085 
-0.0264512 
-0.0265479 
-0.0263587 
-0.0258508 
-0.0250007 
-0.0237949 
-0.02223 
-0.0203113 
-0.0180515 
-0.0154707 
-0.012597 
-0.00946762 
-0.00612735 
-0.00262441 
0.000986962 
0.00463907 
0.00826591 
0.0118151 
0.0152464 
0.0185303 
0.0216455 
0.0245768 
0.0273127 
0.0298411 
0.0321443 
0.0341911 
0.0359286 
0.0372751 
0.0381209 
0.0383394 
0.037822 
0.0365361 
0.0345938 
0.0322135 
0.0295598 
0.026639 
0.0232893 
0.0192379 
0.0142538 
0.0083801 
0.00208939 
-0.00371121 
-0.00787148 
-0.00787148 
-0.012625 
-0.012625 
-0.0157485 
-0.0172826 
-0.0179064 
-0.0180963 
-0.0180621 
-0.018008 
-0.0180347 
-0.0182131 
-0.0185575 
-0.0190636 
-0.0197101 
-0.0204737 
-0.0213293 
-0.0222512 
-0.0232119 
-0.0241808 
-0.0251229 
-0.0259983 
-0.0267625 
-0.0273671 
-0.0277623 
-0.0278992 
-0.0277335 
-0.0272283 
-0.0263568 
-0.0251036 
-0.0234639 
-0.0214429 
-0.0190529 
-0.0163137 
-0.0132535 
-0.00991216 
-0.00633947 
-0.0025861 
0.00128601 
0.00519594 
0.00907168 
0.0128592 
0.0165182 
0.0200186 
0.0233385 
0.0264622 
0.0293767 
0.0320684 
0.0345168 
0.0366858 
0.0385156 
0.0399142 
0.0407612 
0.0409216 
0.0402964 
0.0388905 
0.0368609 
0.0344184 
0.0316707 
0.0285115 
0.0246554 
0.0197657 
0.0137061 
0.00676614 
-0.000327988 
-0.00661512 
-0.0110928 
-0.0110928 
-0.013056 
-0.013056 
-0.0161222 
-0.0175806 
-0.0181755 
-0.0183694 
-0.0183622 
-0.0183482 
-0.0184192 
-0.0186426 
-0.0190294 
-0.0195759 
-0.0202609 
-0.0210626 
-0.0219565 
-0.0229184 
-0.0239215 
-0.0249358 
-0.0259265 
-0.0268534 
-0.0276705 
-0.0283272 
-0.0287705 
-0.0289475 
-0.0288095 
-0.0283152 
-0.0274346 
-0.0261494 
-0.0244537 
-0.0223516 
-0.0198552 
-0.0169832 
-0.013763 
-0.0102362 
-0.0064588 
-0.00248627 
0.00160824 
0.00573393 
0.00981975 
0.013813 
0.0176734 
0.0213697 
0.0248787 
0.0281828 
0.0312674 
0.0341159 
0.0367038 
0.0389884 
0.0409008 
0.0423362 
0.0431656 
0.0432546 
0.0425265 
0.0410228 
0.0389512 
0.0364871 
0.03362 
0.0301088 
0.0255644 
0.0196864 
0.0125504 
0.00471341 
-0.00296225 
-0.00959972 
-0.0143453 
-0.0143453 
-0.0132723 
-0.0132723 
-0.0162647 
-0.0176779 
-0.0182756 
-0.0184955 
-0.0185323 
-0.0185659 
-0.0186828 
-0.018946 
-0.0193664 
-0.0199415 
-0.0206516 
-0.0214764 
-0.0223931 
-0.0233781 
-0.024406 
-0.025448 
-0.0264701 
-0.0274323 
-0.0282881 
-0.0289859 
-0.02947 
-0.0296844 
-0.029576 
-0.0290996 
-0.0282212 
-0.0269196 
-0.0251867 
-0.0230256 
-0.0204477 
-0.0174716 
-0.0141221 
-0.0104406 
-0.00648837 
-0.00233362 
0.0019353 
0.00622981 
0.0104874 
0.014656 
0.0186935 
0.0225666 
0.0262498 
0.0297231 
0.032969 
0.0359668 
0.038686 
0.041076 
0.0430571 
0.0445144 
0.0453123 
0.0453138 
0.0444852 
0.0429431 
0.0408887 
0.0384043 
0.035341 
0.031323 
0.0259298 
0.0190099 
0.0109057 
0.00237664 
-0.00570332 
-0.0126 
-0.0175704 
-0.0175704 
-0.0132756 
-0.0132756 
-0.0162052 
-0.0176 
-0.0182226 
-0.0184849 
-0.0185766 
-0.0186634 
-0.0188273 
-0.0191275 
-0.0195757 
-0.0201707 
-0.0208948 
-0.0217297 
-0.0226535 
-0.0236448 
-0.0246796 
-0.0257306 
-0.0267655 
-0.0277453 
-0.0286243 
-0.0293505 
-0.0298669 
-0.0301137 
-0.030035 
-0.0295819 
-0.0287161 
-0.0274127 
-0.0256607 
-0.0234614 
-0.0208263 
-0.0177745 
-0.0143309 
-0.0105341 
-0.00644601 
-0.00215176 
0.0022447 
0.00666779 
0.0110636 
0.015379 
0.01957 
0.0236002 
0.0274415 
0.0310709 
0.034467 
0.0376041 
0.040445 
0.0429294 
0.0449651 
0.0464146 
0.0471483 
0.0470659 
0.0461944 
0.0446799 
0.042672 
0.0401299 
0.0367545 
0.0320765 
0.0257415 
0.0178243 
0.0089163 
-0.000120468 
-0.0084777 
-0.0155644 
-0.0207209 
-0.0207209 
-0.0130763 
-0.0130763 
-0.0159612 
-0.0173595 
-0.0180234 
-0.018342 
-0.018498 
-0.0186434 
-0.0188564 
-0.019192 
-0.0196637 
-0.0202717 
-0.0210009 
-0.0218345 
-0.0227527 
-0.0237353 
-0.0247602 
-0.0258022 
-0.0268307 
-0.0278088 
-0.0286922 
-0.0294295 
-0.0299637 
-0.0302347 
-0.0301836 
-0.0297579 
-0.028915 
-0.0276259 
-0.025876 
-0.0236642 
-0.021001 
-0.0179066 
-0.0144076 
-0.010544 
-0.00637288 
-0.0019815 
0.00251564 
0.00704239 
0.0115496 
0.0159854 
0.0203056 
0.0244721 
0.028454 
0.0322248 
0.0357582 
0.0390202 
0.041962 
0.044513 
0.0465666 
0.0479858 
0.0486584 
0.04853 
0.0476776 
0.0462418 
0.0442807 
0.0416096 
0.0377954 
0.032347 
0.0250602 
0.0162571 
0.00671301 
-0.00269027 
-0.011236 
-0.0184527 
-0.0237593 
-0.0237593 
-0.0126892 
-0.0126892 
-0.0155487 
-0.0169687 
-0.0176869 
-0.0180726 
-0.0183006 
-0.0185101 
-0.0187751 
-0.0191469 
-0.0196404 
-0.0202573 
-0.0209851 
-0.0218087 
-0.0227098 
-0.0236701 
-0.0246695 
-0.0256848 
-0.0266885 
-0.0276462 
-0.0285163 
-0.0292493 
-0.029789 
-0.0300748 
-0.0300463 
-0.0296479 
-0.028833 
-0.0275685 
-0.0258357 
-0.0236306 
-0.0209627 
-0.0178522 
-0.0143309 
-0.0104425 
-0.00624561 
-0.00181789 
0.0027382 
0.00734104 
0.011935 
0.016468 
0.0208949 
0.0251762 
0.0292783 
0.03317 
0.0368186 
0.0401813 
0.0431991 
0.0457882 
0.0478345 
0.0492127 
0.0498426 
0.0497207 
0.0489487 
0.0476221 
0.0456794 
0.0427916 
0.0384344 
0.0321711 
0.0239937 
0.0144421 
0.0043993 
-0.00527351 
-0.0139394 
-0.0212285 
-0.0266514 
-0.0266514 
-0.0121299 
-0.0121299 
-0.0149821 
-0.0164382 
-0.0172208 
-0.0176823 
-0.0179887 
-0.0182675 
-0.0185882 
-0.0189986 
-0.0195147 
-0.0201392 
-0.0208619 
-0.0216694 
-0.0225451 
-0.0234721 
-0.0244323 
-0.0254052 
-0.026366 
-0.0272841 
-0.0281214 
-0.0288317 
-0.0293611 
-0.0296505 
-0.0296388 
-0.0292682 
-0.0284886 
-0.0272622 
-0.0255663 
-0.0233934 
-0.0207511 
-0.0176594 
-0.0141506 
-0.0102701 
-0.00607701 
-0.00164665 
0.00292899 
0.00757269 
0.0122233 
0.0168269 
0.0213361 
0.0257089 
0.0299077 
0.033896 
0.0376329 
0.0410663 
0.0441266 
0.0467217 
0.0487412 
0.0500845 
0.0507104 
0.0506542 
0.0500108 
0.0487991 
0.0468276 
0.0436425 
0.0386852 
0.0316295 
0.0226667 
0.0124979 
0.0020508 
-0.00782782 
-0.0165511 
-0.0238559 
-0.0293624 
-0.0293624 
-0.0114148 
-0.0114148 
-0.0142758 
-0.0157798 
-0.0166342 
-0.0171775 
-0.0175672 
-0.0179203 
-0.0183012 
-0.0187541 
-0.0192955 
-0.0199289 
-0.0206461 
-0.0214348 
-0.0222799 
-0.0231659 
-0.0240764 
-0.0249935 
-0.0258958 
-0.0267567 
-0.0275425 
-0.0282114 
-0.0287134 
-0.0289922 
-0.0289876 
-0.0286407 
-0.0278987 
-0.0267195 
-0.0250759 
-0.0229565 
-0.0203658 
-0.0173227 
-0.0138596 
-0.0100217 
-0.00586681 
-0.00146568 
0.00309679 
0.00774676 
0.0124216 
0.0170656 
0.021628 
0.0260635 
0.0303294 
0.0343824 
0.0381736 
0.0416421 
0.0447112 
0.047288 
0.0492766 
0.0506084 
0.0512782 
0.0513397 
0.0508522 
0.0497407 
0.0476896 
0.0441553 
0.0385973 
0.0308242 
0.0211957 
0.0105151 
-0.000273238 
-0.0103085 
-0.0190283 
-0.0262941 
-0.0318528 
-0.0318528 
-0.0105609 
-0.0105609 
-0.013445 
-0.0150058 
-0.0159372 
-0.0165661 
-0.0170423 
-0.0174734 
-0.0179189 
-0.0184192 
-0.0189904 
-0.0196366 
-0.0203506 
-0.0211211 
-0.0219341 
-0.0227751 
-0.0236293 
-0.0244811 
-0.0253124 
-0.0261008 
-0.0268177 
-0.0274267 
-0.0278833 
-0.0281351 
-0.028125 
-0.0277945 
-0.0270892 
-0.0259634 
-0.0243853 
-0.0223387 
-0.0198243 
-0.0168582 
-0.013471 
-0.00970643 
-0.00561977 
-0.0012781 
0.00324015 
0.00786436 
0.012531 
0.0171827 
0.0217657 
0.0262302 
0.0305283 
0.0346097 
0.0384179 
0.041886 
0.0449354 
0.0474808 
0.0494481 
0.0508012 
0.0515599 
0.0517743 
0.0514489 
0.0504116 
0.048242 
0.0443473 
0.0382402 
0.0298577 
0.0196758 
0.00855342 
-0.00252409 
-0.0126613 
-0.021319 
-0.0284952 
-0.0340762 
-0.0340762 
-0.00958631 
-0.00958631 
-0.0125059 
-0.0141306 
-0.0151418 
-0.0158576 
-0.0164214 
-0.016933 
-0.0174466 
-0.0179992 
-0.0186058 
-0.0192702 
-0.019986 
-0.0207422 
-0.0215253 
-0.0223215 
-0.0231172 
-0.0238986 
-0.0246507 
-0.0253553 
-0.025989 
-0.0265216 
-0.0269148 
-0.0271222 
-0.027091 
-0.0267653 
-0.0260906 
-0.0250191 
-0.0235142 
-0.0215549 
-0.0191366 
-0.0162715 
-0.0129871 
-0.00932439 
-0.00533548 
-0.0010833 
0.00335961 
0.00792565 
0.0125507 
0.0171756 
0.0217434 
0.0262002 
0.0304923 
0.0345634 
0.038352 
0.0417885 
0.0447984 
0.0473103 
0.0492746 
0.0506813 
0.0515612 
0.0519435 
0.0517696 
0.0507788 
0.048474 
0.0442496 
0.0376868 
0.0288205 
0.0181842 
0.00665766 
-0.00465998 
-0.0148227 
-0.0233607 
-0.0304035 
-0.0359787 
-0.0359787 
-0.00851026 
-0.00851026 
-0.0114769 
-0.0131707 
-0.0142626 
-0.0150643 
-0.0157145 
-0.0163065 
-0.0168904 
-0.0174992 
-0.0181466 
-0.0188356 
-0.0195596 
-0.0203078 
-0.0210667 
-0.0218225 
-0.0225621 
-0.0232732 
-0.0239431 
-0.0245575 
-0.0250983 
-0.0255413 
-0.0258553 
-0.0260009 
-0.0259315 
-0.0255957 
-0.0249411 
-0.0239189 
-0.0224895 
-0.0206265 
-0.0183197 
-0.0155757 
-0.0124174 
-0.00888187 
-0.00501762 
-0.000883602 
0.00345357 
0.00792933 
0.0124787 
0.0170412 
0.0215567 
0.0259674 
0.030215 
0.034239 
0.0379752 
0.0413562 
0.0443159 
0.0468 
0.0487803 
0.0502641 
0.0512799 
0.0518257 
0.0517813 
0.0508145 
0.0483824 
0.0438932 
0.0369953 
0.0277807 
0.0167801 
0.00486479 
-0.00663351 
-0.0167174 
-0.0250818 
-0.0319569 
-0.0375011 
-0.0375011 
-0.00735336 
-0.00735336 
-0.0103779 
-0.012145 
-0.013317 
-0.0142013 
-0.0149341 
-0.0156042 
-0.0162579 
-0.016925 
-0.0176173 
-0.0183366 
-0.0190761 
-0.0198241 
-0.0205668 
-0.02129 
-0.0219804 
-0.0226264 
-0.023217 
-0.023741 
-0.0241847 
-0.0245301 
-0.0247531 
-0.024822 
-0.0246976 
-0.0243348 
-0.0236853 
-0.0227021 
-0.0213436 
-0.0195794 
-0.0173932 
-0.0147854 
-0.0117727 
-0.00838676 
-0.00467188 
-0.000682599 
0.00352003 
0.00787422 
0.0123146 
0.0167793 
0.0212058 
0.0255334 
0.0297005 
0.0336447 
0.0373025 
0.0406116 
0.0435169 
0.0459803 
0.0479899 
0.04956 
0.050708 
0.0513972 
0.0514543 
0.0504971 
0.0479638 
0.0432934 
0.036192 
0.0267748 
0.0155179 
0.00321579 
-0.0083879 
-0.0182577 
-0.0264038 
-0.0330895 
-0.0385817 
-0.0385817 
-0.00613737 
-0.00613737 
-0.00923001 
-0.0110743 
-0.0123247 
-0.013287 
-0.0140964 
-0.0148393 
-0.0155594 
-0.0162839 
-0.0170227 
-0.0177765 
-0.0185374 
-0.0192932 
-0.0200289 
-0.0207297 
-0.0213815 
-0.0219725 
-0.0224923 
-0.0229319 
-0.0232811 
-0.0235275 
-0.0236535 
-0.0236352 
-0.0234416 
-0.0230353 
-0.0223742 
-0.0214148 
-0.0201165 
-0.0184463 
-0.0163829 
-0.0139199 
-0.0110669 
-0.007849 
-0.00430491 
-0.000484361 
0.00355705 
0.00776043 
0.0120604 
0.0163941 
0.0206978 
0.0249088 
0.0289643 
0.0328022 
0.036362 
0.0395885 
0.0424377 
0.0448843 
0.0469262 
0.0485772 
0.0498381 
0.0506396 
0.0507679 
0.0498117 
0.0472116 
0.0424434 
0.0352601 
0.0257789 
0.0143982 
0.00181504 
-0.00978217 
-0.0193388 
-0.0272438 
-0.0337385 
-0.0391644 
-0.0391644 
-0.00488431 
-0.00488431 
-0.00805527 
-0.00998035 
-0.0113076 
-0.0123421 
-0.0132205 
-0.0140285 
-0.0148086 
-0.0155862 
-0.01637 
-0.0171592 
-0.0179451 
-0.0187148 
-0.0194523 
-0.0201415 
-0.0207674 
-0.021317 
-0.0217798 
-0.0221472 
-0.0224118 
-0.0225649 
-0.0225951 
-0.0224857 
-0.022214 
-0.0217508 
-0.0210616 
-0.0201087 
-0.0188549 
-0.0172671 
-0.0153209 
-0.0130039 
-0.0103186 
-0.00728215 
-0.00392626 
-0.000294735 
0.00356264 
0.00758969 
0.0117214 
0.0158952 
0.0200468 
0.0241132 
0.0280322 
0.0317434 
0.0351911 
0.0383273 
0.0411174 
0.0435449 
0.0456115 
0.0473252 
0.0486688 
0.0495459 
0.0497158 
0.0487558 
0.0461215 
0.0413233 
0.0341408 
0.0247056 
0.0133233 
0.000761492 
-0.0105883 
-0.0198613 
-0.0275287 
-0.0338524 
-0.0392048 
-0.0392048 
-0.00361574 
-0.00361574 
-0.00687483 
-0.00888466 
-0.0102874 
-0.0113885 
-0.0123277 
-0.0131914 
-0.0140226 
-0.014846 
-0.0156692 
-0.016491 
-0.017302 
-0.0180885 
-0.0188341 
-0.0195216 
-0.0201344 
-0.0206581 
-0.021081 
-0.0213938 
-0.0215898 
-0.0216629 
-0.0216062 
-0.0214095 
-0.0210577 
-0.0205299 
-0.0198 
-0.0188373 
-0.0176101 
-0.0160878 
-0.0142455 
-0.012067 
-0.00954828 
-0.00669888 
-0.00354245 
-0.000115626 
0.00353849 
0.00736756 
0.0113079 
0.0152976 
0.0192735 
0.0231734 
0.0269367 
0.0305063 
0.0338313 
0.0368703 
0.0395955 
0.0419951 
0.0440703 
0.0458201 
0.0472111 
0.0481265 
0.0483117 
0.0473464 
0.0447067 
0.0399313 
0.0328268 
0.0235154 
0.0122465 
0.000146445 
-0.0107071 
-0.0197555 
-0.0272222 
-0.0334045 
-0.0386841 
-0.0386841 
-0.0023505 
-0.0023505 
-0.005707 
-0.00780586 
-0.00928386 
-0.010447 
-0.0114391 
-0.0123488 
-0.0132209 
-0.0140803 
-0.0149346 
-0.0157825 
-0.0166145 
-0.017417 
-0.0181732 
-0.0188654 
-0.0194759 
-0.0199887 
-0.0203899 
-0.0206688 
-0.0208174 
-0.0208304 
-0.0207034 
-0.0204311 
-0.0200051 
-0.0194125 
-0.0186353 
-0.0176509 
-0.0164339 
-0.0149588 
-0.0132026 
-0.0111481 
-0.00878689 
-0.00612176 
-0.003168 
4.60799e-05 
0.00348487 
0.00710066 
0.0108323 
0.0146202 
0.0184029 
0.0221201 
0.025714 
0.0291312 
0.0323251 
0.0352596 
0.0379112 
0.0402694 
0.0423318 
0.0440882 
0.0454912 
0.0464121 
0.0465932 
0.0456273 
0.0430155 
0.0383224 
0.0313118 
0.0221826 
0.0113461 
-4.67584e-05 
-0.010355 
-0.0191006 
-0.0263597 
-0.032409 
-0.0376226 
-0.0376226 
-0.00110465 
-0.00110465 
-0.00456563 
-0.00675753 
-0.00831141 
-0.00953356 
-0.0105725 
-0.0115198 
-0.0124229 
-0.0133079 
-0.0141835 
-0.0150486 
-0.0158946 
-0.0167083 
-0.0174735 
-0.0181726 
-0.0187876 
-0.0193011 
-0.0196973 
-0.019963 
-0.0200879 
-0.0200651 
-0.0198906 
-0.0195617 
-0.0190752 
-0.0184251 
-0.0176015 
-0.0165894 
-0.0153709 
-0.0139262 
-0.0122362 
-0.0102853 
-0.00806383 
-0.00557012 
-0.00281278 
0.000188249 
0.00340554 
0.00679842 
0.0103101 
0.0138841 
0.0174617 
0.0209857 
0.0244011 
0.0276582 
0.0307143 
0.0335367 
0.036104 
0.0384049 
0.0404319 
0.0421663 
0.043551 
0.0444522 
0.0446201 
0.0436666 
0.0411045 
0.0364776 
0.029668 
0.0209021 
0.0106876 
9.88279e-05 
-0.0095943 
-0.0179706 
-0.025 
-0.0309152 
-0.0360647 
-0.0360647 
0.000113101 
0.000113101 
-0.0034574 
-0.00574535 
-0.00737643 
-0.0086565 
-0.0097388 
-0.0107178 
-0.0116443 
-0.0125463 
-0.013434 
-0.0143075 
-0.0151593 
-0.0159775 
-0.016747 
-0.0174512 
-0.0180725 
-0.0185932 
-0.0189963 
-0.0192663 
-0.0193898 
-0.0193569 
-0.0191616 
-0.0188009 
-0.0182745 
-0.0175816 
-0.0167195 
-0.0156814 
-0.0144564 
-0.0130313 
-0.0113918 
-0.00952567 
-0.00742392 
-0.00508306 
-0.00250684 
0.000292059 
0.00329358 
0.00646399 
0.00975286 
0.0131083 
0.0164756 
0.019801 
0.0230331 
0.0261254 
0.0290385 
0.0317417 
0.0342141 
0.036442 
0.0384131 
0.0401013 
0.0414443 
0.0423107 
0.0424628 
0.041522 
0.0389874 
0.034512 
0.0280096 
0.0197441 
0.010264 
0.000517041 
-0.00852209 
-0.0164698 
-0.0232356 
-0.0290023 
-0.0340834 
-0.0340834 
0.00129603 
0.00129603 
-0.00238011 
-0.00476563 
-0.0064751 
-0.00781352 
-0.00893852 
-0.00994692 
-0.0108932 
-0.0118071 
-0.0127012 
-0.0135769 
-0.0144284 
-0.0152451 
-0.0160138 
-0.0167191 
-0.0173448 
-0.0178741 
-0.0182897 
-0.0185748 
-0.0187139 
-0.0186935 
-0.0185038 
-0.0181391 
-0.0175982 
-0.0168831 
-0.0159964 
-0.014939 
-0.0137076 
-0.0122957 
-0.0106941 
-0.00889432 
-0.00688999 
-0.00467855 
-0.00226236 
0.000350441 
0.00314637 
0.00610095 
0.00917082 
0.0123095 
0.0154671 
0.0185938 
0.0216419 
0.024568 
0.0273349 
0.0299133 
0.0322815 
0.0344233 
0.0363216 
0.0379456 
0.0392314 
0.0400543 
0.0401858 
0.0392276 
0.0367678 
0.0325079 
0.0264073 
0.018746 
0.0100565 
0.00114753 
-0.00721426 
-0.0146909 
-0.0211607 
-0.0267599 
-0.0317634 
-0.0317634 
0.00245271 
0.00245271 
-0.00132519 
-0.00380636 
-0.00559389 
-0.00699174 
-0.00816122 
-0.00920065 
-0.0101676 
-0.0110937 
-0.0119937 
-0.0128706 
-0.0137201 
-0.0145334 
-0.0152987 
-0.0160022 
-0.0166296 
-0.0171654 
-0.0175935 
-0.0178975 
-0.0180609 
-0.0180681 
-0.0179052 
-0.0175625 
-0.0170349 
-0.016323 
-0.0154316 
-0.0143675 
-0.0131357 
-0.0117373 
-0.0101693 
-0.00842697 
-0.00650607 
-0.00440495 
-0.00212542 
0.000326563 
0.00294068 
0.00569806 
0.00856322 
0.0114959 
0.0144518 
0.0173859 
0.0202541 
0.023016 
0.0256366 
0.0280871 
0.0303449 
0.0323911 
0.034205 
0.0357528 
0.0369728 
0.0377463 
0.0378255 
0.0368712 
0.034522 
0.0305388 
0.0249121 
0.0179148 
0.0100329 
0.00194507 
-0.00573908 
-0.0127203 
-0.0188678 
-0.0242797 
-0.029194 
-0.029194 
0.00359697 
0.00359697 
-0.000278902 
-0.00284761 
-0.00471151 
-0.0061698 
-0.00738734 
-0.00846269 
-0.00945574 
-0.0103997 
-0.011311 
-0.0121943 
-0.0130467 
-0.0138605 
-0.0146252 
-0.0153285 
-0.0159574 
-0.0164982 
-0.0169366 
-0.0172578 
-0.0174462 
-0.0174861 
-0.0173618 
-0.0170596 
-0.0165695 
-0.0158871 
-0.0150148 
-0.0139608 
-0.0127362 
-0.0113507 
-0.00980929 
-0.00811247 
-0.00625876 
-0.00424836 
-0.00208467 
0.000225964 
0.00267532 
0.00525346 
0.00793108 
0.0106733 
0.013441 
0.0161934 
0.0188903 
0.0214943 
0.023972 
0.0262951 
0.0284399 
0.0303854 
0.0321082 
0.0335741 
0.0347225 
0.0354252 
0.0354561 
0.0345234 
0.0323222 
0.0286625 
0.0235526 
0.0172428 
0.0101579 
0.00285973 
-0.00415695 
-0.0106327 
-0.0164401 
-0.0216476 
-0.0264607 
-0.0264607 
0.00475192 
0.00475192 
0.000780328 
-0.0018673 
-0.00380323 
-0.00532296 
-0.00659309 
-0.00771168 
-0.00873975 
-0.00971147 
-0.0106448 
-0.0115454 
-0.0124114 
-0.0132359 
-0.0140091 
-0.0147197 
-0.0153555 
-0.015904 
-0.0163527 
-0.0166887 
-0.0168987 
-0.0169686 
-0.0168837 
-0.0166293 
-0.0161918 
-0.0155614 
-0.0147341 
-0.0137142 
-0.0125135 
-0.0111483 
-0.00963408 
-0.00798017 
-0.00618938 
-0.00426128 
-0.00219682 
-1.31823e-06 
0.00231632 
0.00474516 
0.00726221 
0.00983762 
0.0124373 
0.0150251 
0.0175646 
0.0200213 
0.0223635 
0.0245635 
0.0265969 
0.0284412 
0.0300713 
0.0314526 
0.0325201 
0.0331444 
0.0331377 
0.0322493 
0.0302268 
0.0269192 
0.0223433 
0.0167167 
0.0103996 
0.00385224 
-0.00251945 
-0.00849171 
-0.01395 
-0.0189402 
-0.0236407 
-0.0236407 
0.00594089 
0.00594089 
0.0018785 
-0.000843715 
-0.00284536 
-0.004428 
-0.00575593 
-0.0069266 
-0.00800079 
-0.00901315 
-0.00998244 
-0.010915 
-0.0118096 
-0.0126596 
-0.0134557 
-0.0141866 
-0.0148404 
-0.0154052 
-0.0158695 
-0.016222 
-0.0164514 
-0.0165465 
-0.0164952 
-0.0162846 
-0.0159014 
-0.0153331 
-0.0145698 
-0.0136077 
-0.0124519 
-0.0111169 
-0.00962413 
-0.00799497 
-0.00624391 
-0.00437673 
-0.00239515 
-0.000303798 
0.00188923 
0.00418282 
0.00655925 
0.00899039 
0.0114441 
0.0138872 
0.0162866 
0.0186101 
0.0208279 
0.022913 
0.0248407 
0.0265874 
0.0281269 
0.0294222 
0.0303988 
0.030954 
0.0309249 
0.0301018 
0.0282784 
0.0253348 
0.0212888 
0.016321 
0.0107295 
0.0048857 
-0.00087064 
-0.00635002 
-0.0114574 
-0.0162216 
-0.0208 
-0.0208 
0.00718395 
0.00718395 
0.00304112 
0.000248103 
-0.00181867 
-0.00346672 
-0.00485853 
-0.00609094 
-0.00722348 
-0.00829071 
-0.00931158 
-0.0102926 
-0.0112329 
-0.0121258 
-0.0129616 
-0.0137289 
-0.0144158 
-0.0150101 
-0.0155008 
-0.0158773 
-0.0161297 
-0.0162489 
-0.0162258 
-0.0160508 
-0.0157138 
-0.0152039 
-0.0145103 
-0.0136238 
-0.0125408 
-0.0112662 
-0.00981671 
-0.00821903 
-0.00650218 
-0.00468621 
-0.00277542 
-0.000765347 
0.00134302 
0.0035395 
0.005809 
0.0081252 
0.0104595 
0.0127816 
0.0150613 
0.0172692 
0.0193772 
0.0213591 
0.0231902 
0.0248461 
0.026299 
0.0275024 
0.028398 
0.0288968 
0.0288617 
0.0281204 
0.0265067 
0.0239244 
0.0203878 
0.0160409 
0.0111248 
0.00593489 
0.000755528 
-0.00425019 
-0.00901069 
-0.0135443 
-0.0179923 
-0.0179923 
0.00849965 
0.00849965 
0.00428898 
0.00142831 
-0.00070943 
-0.00242596 
-0.00388894 
-0.00519329 
-0.00639702 
-0.00753393 
-0.0086227 
-0.00966961 
-0.0106734 
-0.0116271 
-0.0125205 
-0.0133416 
-0.0140778 
-0.0147171 
-0.0152478 
-0.0156598 
-0.0159439 
-0.0160923 
-0.0160977 
-0.0159534 
-0.015653 
-0.0151891 
-0.0145541 
-0.0137397 
-0.0127383 
-0.0115455 
-0.0101638 
-0.00860709 
-0.00690354 
-0.00509084 
-0.0032026 
-0.00125428 
0.00075861 
0.00284857 
0.005021 
0.00724653 
0.00948689 
0.0117116 
0.0138934 
0.016005 
0.0180198 
0.0199125 
0.0216586 
0.0232324 
0.0245988 
0.0257208 
0.0265489 
0.0270064 
0.0269803 
0.0263322 
0.0249297 
0.0226945 
0.0196355 
0.015863 
0.0115672 
0.00698045 
0.00233496 
-0.00222532 
-0.00664644 
-0.0109475 
-0.0152586 
-0.0152586 
0.00990357 
0.00990357 
0.0056354 
0.00271082 
0.000498801 
-0.00129563 
-0.00283887 
-0.0042254 
-0.00551361 
-0.00673547 
-0.00790897 
-0.0090396 
-0.0101254 
-0.0111584 
-0.0121275 
-0.0130198 
-0.0138221 
-0.0145214 
-0.0151062 
-0.0155663 
-0.0158929 
-0.016079 
-0.0161187 
-0.0160071 
-0.0157399 
-0.0153132 
-0.014723 
-0.0139652 
-0.0130357 
-0.0119304 
-0.0106472 
-0.00918791 
-0.00756237 
-0.00579396 
-0.00392041 
-0.00198201 
6.26029e-06 
0.00206316 
0.00419464 
0.00636108 
0.00853193 
0.0106822 
0.0127875 
0.0148225 
0.0167619 
0.018581 
0.020254 
0.0217508 
0.0230435 
0.0240997 
0.0248755 
0.0253067 
0.0253025 
0.0247538 
0.0235562 
0.0216457 
0.019025 
0.0157752 
0.0120422 
0.0080062 
0.00385167 
-0.000291755 
-0.00438683 
-0.0084571 
-0.0126272 
-0.0126272 
0.011409 
0.011409 
0.00709172 
0.00410595 
0.00181578 
-6.71962e-05 
-0.001699 
-0.00317984 
-0.00456595 
-0.00588872 
-0.00716453 
-0.00839776 
-0.00958498 
-0.0107168 
-0.0117807 
-0.0127624 
-0.0136473 
-0.0144218 
-0.015074 
-0.0155938 
-0.015973 
-0.0162054 
-0.0162865 
-0.0162127 
-0.0159814 
-0.0155907 
-0.0150386 
-0.0143234 
-0.0134439 
-0.012399 
-0.0111886 
-0.00981371 
-0.00827624 
-0.00657984 
-0.00473387 
-0.00276595 
-0.000739775 
0.00126171 
0.00331693 
0.00545749 
0.00759484 
0.00969638 
0.0117472 
0.0137259 
0.0156079 
0.0173672 
0.018977 
0.0204133 
0.0216493 
0.0226555 
0.0233941 
0.0238129 
0.0238405 
0.0233928 
0.0223882 
0.0207746 
0.018549 
0.0157681 
0.0125404 
0.00900292 
0.00529814 
0.00153478 
-0.00224856 
-0.00608925 
-0.0101157 
-0.0101157 
0.0130271 
0.0130271 
0.00866797 
0.00562152 
0.00325083 
0.00127408 
-0.000461299 
-0.00204756 
-0.00354575 
-0.00498596 
-0.0063828 
-0.0077389 
-0.00904877 
-0.0103009 
-0.0114803 
-0.0125707 
-0.0135558 
-0.0144209 
-0.0151535 
-0.0157437 
-0.0161841 
-0.0164697 
-0.0165975 
-0.016566 
-0.0163742 
-0.016022 
-0.015509 
-0.0148351 
-0.0140001 
-0.0130044 
-0.0118498 
-0.0105404 
-0.0090845 
-0.00749428 
-0.00578396 
-0.00395928 
-0.00200261 
0.000129109 
0.00239176 
0.00459812 
0.00670984 
0.00876972 
0.0107822 
0.0127214 
0.0145601 
0.0162747 
0.0178403 
0.0192328 
0.0204278 
0.0213989 
0.0221144 
0.0225327 
0.0225991 
0.02225 
0.0214228 
0.0200751 
0.0181999 
0.0158343 
0.0130555 
0.00996557 
0.00667093 
0.00325884 
-0.000232561 
-0.00385239 
-0.00773306 
-0.00773306 
0.0147681 
0.0147681 
0.0103734 
0.00726675 
0.0048129 
0.00273565 
0.000888426 
-0.000818793 
-0.00244358 
-0.0040179 
-0.00555551 
-0.00705638 
-0.00851226 
-0.00990843 
-0.0112267 
-0.0124476 
-0.0135523 
-0.0145245 
-0.0153508 
-0.0160216 
-0.0165305 
-0.0168745 
-0.0170525 
-0.0170653 
-0.0169144 
-0.0166016 
-0.0161285 
-0.0154962 
-0.0147053 
-0.0137564 
-0.0126508 
-0.011391 
-0.0099817 
-0.00843041 
-0.00674709 
-0.00494045 
-0.00301511 
-0.000938653 
0.00130643 
0.00359733 
0.00578778 
0.00786853 
0.00987892 
0.0118043 
0.0136237 
0.0153143 
0.016853 
0.0182177 
0.0193863 
0.0203361 
0.0210407 
0.021468 
0.0215772 
0.0213214 
0.0206537 
0.01954 
0.0179708 
0.0159683 
0.013585 
0.0108934 
0.00797095 
0.00488209 
0.00165582 
-0.00174805 
-0.00547979 
-0.00547979 
0.0166408 
0.0166408 
0.0122165 
0.00905073 
0.00651169 
0.00432932 
0.00236087 
0.000520307 
-0.00124636 
-0.00297281 
-0.00467165 
-0.00634109 
-0.00796891 
-0.00953614 
-0.0110198 
-0.0123961 
-0.0136424 
-0.0147399 
-0.0156741 
-0.0164356 
-0.0170197 
-0.0174255 
-0.017655 
-0.017712 
-0.017601 
-0.0173263 
-0.0168915 
-0.0162987 
-0.0155492 
-0.0146429 
-0.0135799 
-0.0123607 
-0.0109881 
-0.00946703 
-0.00780564 
-0.00601313 
-0.00410118 
-0.00207801 
3.15435e-05 
0.00225412 
0.00457229 
0.00682137 
0.00894512 
0.0109346 
0.012784 
0.0144834 
0.0160187 
0.0173733 
0.0185299 
0.0194702 
0.0201738 
0.0206168 
0.02077 
0.0205998 
0.0200723 
0.019161 
0.0178553 
0.0161667 
0.0141283 
0.0117888 
0.00920172 
0.00641041 
0.00343372 
0.000229702 
-0.00335402 
-0.00335402 
0.0186515 
0.0186515 
0.0142037 
0.0109809 
0.00835633 
0.00606544 
0.00396956 
0.00198462 
5.86679e-05 
-0.0018363 
-0.00371775 
-0.00558097 
-0.00740944 
-0.0091783 
-0.0108582 
-0.0124188 
-0.0138323 
-0.0150759 
-0.0161335 
-0.016996 
-0.0176607 
-0.0181302 
-0.0184105 
-0.0185096 
-0.0184357 
-0.0181966 
-0.0177979 
-0.0172434 
-0.0165343 
-0.0156697 
-0.0146476 
-0.0134657 
-0.0121232 
-0.0106211 
-0.00896347 
-0.00715703 
-0.0052145 
-0.00315057 
-0.000974097 
0.00126768 
0.00353051 
0.00578955 
0.00798752 
0.0100675 
0.0119948 
0.0137493 
0.0153179 
0.0166897 
0.0178537 
0.0187983 
0.0195102 
0.0199738 
0.0201698 
0.020076 
0.0196691 
0.0189297 
0.0178477 
0.0164271 
0.0146865 
0.0126559 
0.0103687 
0.00785033 
0.0051063 
0.00208892 
-0.00134724 
-0.00134724 
0.0208032 
0.0208032 
0.0163384 
0.0130624 
0.0103544 
0.00795443 
0.00572705 
0.00358974 
0.00149279 
-0.00059247 
-0.00267768 
-0.0047608 
-0.00682112 
-0.00882603 
-0.0107375 
-0.0125163 
-0.0141271 
-0.0155413 
-0.0167401 
-0.0177143 
-0.0184643 
-0.0189973 
-0.0193249 
-0.019461 
-0.019419 
-0.0192108 
-0.0188451 
-0.0183269 
-0.0176574 
-0.0168343 
-0.0158527 
-0.0147066 
-0.013391 
-0.0119026 
-0.0102411 
-0.00841164 
-0.00642841 
-0.00431036 
-0.00209299 
0.000170584 
0.00247053 
0.00477378 
0.00703817 
0.00920784 
0.0112333 
0.0130775 
0.0147175 
0.0161402 
0.0173381 
0.0183059 
0.019038 
0.0195275 
0.0197649 
0.0197381 
0.0194331 
0.0188373 
0.0179422 
0.0167475 
0.0152615 
0.0134997 
0.011479 
0.0092097 
0.00668383 
0.00384732 
0.000549835 
0.000549835 
0.0230941 
0.0230941 
0.0186193 
0.0152962 
0.0125104 
0.0100045 
0.00764539 
0.00535046 
0.00307033 
0.000778852 
-0.00153264 
-0.00386233 
-0.00618752 
-0.00846651 
-0.0106496 
-0.0126862 
-0.0145297 
-0.0161438 
-0.0175047 
-0.018603 
-0.0194422 
-0.0200362 
-0.0204045 
-0.0205691 
-0.0205507 
-0.0203667 
-0.0200296 
-0.0195462 
-0.0189172 
-0.018138 
-0.0172 
-0.0160921 
-0.0148034 
-0.0133237 
-0.0116446 
-0.00976541 
-0.00769711 
-0.00547799 
-0.00314881 
-0.000761646 
0.00162951 
0.00398719 
0.00628587 
0.00849653 
0.0105809 
0.012498 
0.0142135 
0.0157041 
0.016957 
0.0179672 
0.0187339 
0.0192573 
0.0195366 
0.0195692 
0.0193498 
0.0188724 
0.0181316 
0.0171251 
0.0158546 
0.0143247 
0.0125395 
0.0104961 
0.00817464 
0.00551183 
0.00235338 
0.00235338 
0.025515 
0.025515 
0.0210381 
0.0176767 
0.0148223 
0.0122185 
0.00973242 
0.0072798 
0.00481064 
0.00229823 
-0.000263735 
-0.00286614 
-0.00548932 
-0.00808279 
-0.0105816 
-0.0129201 
-0.0150377 
-0.0168863 
-0.018435 
-0.0196723 
-0.0206052 
-0.0212558 
-0.0216545 
-0.021835 
-0.021828 
-0.0216586 
-0.0213443 
-0.0208939 
-0.0203074 
-0.0195771 
-0.0186894 
-0.0176261 
-0.0163695 
-0.0148984 
-0.0131913 
-0.0112427 
-0.00907874 
-0.00673892 
-0.00427297 
-0.00174628 
0.000779705 
0.00325954 
0.00565918 
0.00794697 
0.0100933 
0.0120684 
0.0138433 
0.0153936 
0.0167025 
0.0177621 
0.0185718 
0.0191354 
0.0194584 
0.0195453 
0.0193987 
0.0190191 
0.018405 
0.0175543 
0.0164649 
0.015134 
0.013556 
0.0117169 
0.00958692 
0.00709258 
0.00407499 
0.00407499 
0.0280474 
0.0280474 
0.0235771 
0.0201887 
0.0172794 
0.0145911 
0.0119888 
0.0093842 
0.00672433 
0.00398104 
0.00114971 
-0.00175396 
-0.00470659 
-0.00765473 
-0.0105147 
-0.0132024 
-0.0156395 
-0.0177628 
-0.0195306 
-0.0209265 
-0.0219601 
-0.0226622 
-0.0230781 
-0.0232572 
-0.0232447 
-0.0230768 
-0.0227776 
-0.0223584 
-0.0218178 
-0.0211439 
-0.0203161 
-0.0193075 
-0.0180901 
-0.0166252 
-0.0148757 
-0.0128465 
-0.0105603 
-0.00806114 
-0.00540845 
-0.00267605 
5.63229e-05 
0.00271304 
0.00524909 
0.00763633 
0.00984942 
0.0118689 
0.0136774 
0.0152588 
0.0166002 
0.017694 
0.0185387 
0.0191388 
0.0195021 
0.0196377 
0.0195536 
0.0192555 
0.018746 
0.0180246 
0.0170874 
0.0159272 
0.0145314 
0.0128773 
0.0109267 
0.00859612 
0.00572064 
0.00572064 
0.0306607 
0.0306607 
0.0262061 
0.0228047 
0.0198581 
0.017104 
0.0144026 
0.0116584 
0.00881291 
0.00583436 
0.00271857 
-0.000511606 
-0.00382307 
-0.00716163 
-0.0104254 
-0.0135075 
-0.0163101 
-0.0187514 
-0.0207752 
-0.0223562 
-0.0235028 
-0.0242543 
-0.0246728 
-0.0248291 
-0.0247893 
-0.0246055 
-0.024311 
-0.0239207 
-0.0234307 
-0.0228229 
-0.0220675 
-0.0211262 
-0.0199563 
-0.0184932 
-0.0167023 
-0.0145821 
-0.0121588 
-0.00948016 
-0.00661446 
-0.00364708 
-0.000671146 
0.00221648 
0.00495265 
0.0075003 
0.00982665 
0.011914 
0.0137549 
0.0153471 
0.016691 
0.0177879 
0.0186416 
0.0192584 
0.0196476 
0.01982 
0.0197864 
0.0195556 
0.0191329 
0.0185195 
0.0177114 
0.0166986 
0.015464 
0.013978 
0.0121959 
0.0100245 
0.0072912 
0.0072912 
0.0333101 
0.0333101 
0.0288799 
0.0254809 
0.0225176 
0.0197208 
0.016943 
0.0140783 
0.0110597 
0.00784959 
0.00444272 
0.000864838 
-0.00283199 
-0.00658697 
-0.0102879 
-0.0138007 
-0.0170082 
-0.0198084 
-0.0221282 
-0.023928 
-0.0252094 
-0.0260157 
-0.0264254 
-0.026536 
-0.0264425 
-0.0262207 
-0.0259178 
-0.025553 
-0.0251186 
-0.0245876 
-0.0239173 
-0.0230539 
-0.0219347 
-0.0204739 
-0.0186346 
-0.0164151 
-0.0138419 
-0.0109675 
-0.00786622 
-0.00463102 
-0.00136558 
0.00180832 
0.00479739 
0.007551 
0.0100288 
0.0122102 
0.0140931 
0.0156871 
0.0170082 
0.0180737 
0.0188994 
0.0194993 
0.0198865 
0.0200738 
0.0200726 
0.0198928 
0.0195408 
0.0190181 
0.0183208 
0.0174368 
0.0163463 
0.0150143 
0.013391 
0.0113737 
0.00878124 
0.00878124 
0.0359349 
0.0359349 
0.0315366 
0.028155 
0.0251968 
0.0223828 
0.0195555 
0.0165952 
0.0134236 
0.00999343 
0.00629607 
0.00235994 
-0.0017384 
-0.00592444 
-0.0100792 
-0.0140408 
-0.0176759 
-0.0208645 
-0.0235166 
-0.0255741 
-0.0270237 
-0.0279039 
-0.0283041 
-0.0283498 
-0.0281742 
-0.0278881 
-0.0275599 
-0.0272157 
-0.0268412 
-0.0263965 
-0.0258213 
-0.0250405 
-0.0239686 
-0.0225062 
-0.0206142 
-0.0182924 
-0.0155703 
-0.0125036 
-0.00916957 
-0.00566442 
-0.0020998 
0.00138876 
0.00467952 
0.00769465 
0.0103783 
0.0126986 
0.0146529 
0.0162592 
0.0175491 
0.0185587 
0.0193219 
0.019867 
0.0202164 
0.0203874 
0.0203933 
0.0202438 
0.0199447 
0.0194968 
0.0188948 
0.0181249 
0.0171649 
0.0159752 
0.014502 
0.0126334 
0.0101785 
0.0101785 
0.038458 
0.038458 
0.0340965 
0.0307452 
0.027812 
0.0250058 
0.0221572 
0.0191302 
0.0158318 
0.0122017 
0.00822655 
0.00393938 
-0.000562172 
-0.0051817 
-0.00978366 
-0.0141859 
-0.0182442 
-0.0218281 
-0.0248345 
-0.0271863 
-0.0288478 
-0.0298392 
-0.030248 
-0.0302221 
-0.0299394 
-0.0295601 
-0.0291863 
-0.0288553 
-0.0285427 
-0.0281896 
-0.0277117 
-0.0270078 
-0.0259716 
-0.0244972 
-0.0225483 
-0.020128 
-0.0172692 
-0.0140283 
-0.0104809 
-0.00672079 
-0.00286287 
0.000953593 
0.00457373 
0.00788511 
0.0108137 
0.0133102 
0.0153668 
0.017005 
0.0182691 
0.0192131 
0.019891 
0.02035 
0.0206267 
0.0207477 
0.0207308 
0.0205868 
0.0203206 
0.0199307 
0.01941 
0.0187416 
0.0179009 
0.0168436 
0.0155124 
0.0137863 
0.011464 
0.011464 
0.0407868 
0.0407868 
0.0364633 
0.0331505 
0.0302582 
0.0274813 
0.0246386 
0.0215753 
0.0181823 
0.014383 
0.0101575 
0.00554233 
0.000647617 
-0.00438803 
-0.0094008 
-0.0142023 
-0.0186436 
-0.0225961 
-0.0259527 
-0.0286214 
-0.0305397 
-0.0316967 
-0.0321576 
-0.0320763 
-0.0316732 
-0.0311738 
-0.0307315 
-0.0304033 
-0.0301505 
-0.029887 
-0.0294976 
-0.0288522 
-0.0278315 
-0.0263329 
-0.0243285 
-0.0218245 
-0.0188566 
-0.015478 
-0.0117583 
-0.00778333 
-0.00366643 
0.000457456 
0.00440873 
0.00803507 
0.0112372 
0.0139423 
0.0161316 
0.0178268 
0.019081 
0.0199644 
0.0205504 
0.0209061 
0.0210856 
0.0211286 
0.0210612 
0.0208977 
0.0206431 
0.0202942 
0.0198408 
0.0192622 
0.0185307 
0.0175969 
0.0163999 
0.0148088 
0.0126125 
0.0126125 
0.0428157 
0.0428157 
0.0385275 
0.035255 
0.0324127 
0.0296801 
0.0268661 
0.0237967 
0.0203465 
0.0164206 
0.0119893 
0.00708792 
0.00183514 
-0.00357785 
-0.00894069 
-0.0140674 
-0.018815 
-0.0230715 
-0.0267387 
-0.0297191 
-0.0319263 
-0.0333096 
-0.0338906 
-0.0338008 
-0.0332869 
-0.0326489 
-0.0321147 
-0.0317759 
-0.0315752 
-0.0313897 
-0.0310682 
-0.0304533 
-0.0294232 
-0.0278925 
-0.025841 
-0.0232788 
-0.0202411 
-0.0167747 
-0.0129388 
-0.00880656 
-0.00448219 
-9.23865e-05 
0.00416714 
0.0081035 
0.0115822 
0.0145055 
0.0168418 
0.0186105 
0.0198712 
0.0207071 
0.0212079 
0.0214592 
0.0215326 
0.0214826 
0.0213459 
0.0211433 
0.0208821 
0.0205581 
0.0201587 
0.0196587 
0.0190269 
0.0182077 
0.0171366 
0.0156718 
0.0135927 
0.0135927 
0.0444304 
0.0444304 
0.0401714 
0.0369339 
0.0341432 
0.0314624 
0.028695 
0.0256495 
0.0221861 
0.0181888 
0.0136114 
0.00848067 
0.00292335 
-0.0027997 
-0.00842705 
-0.0137732 
-0.018719 
-0.0231809 
-0.0270821 
-0.0303324 
-0.0328312 
-0.0344889 
-0.0352697 
-0.035249 
-0.0346652 
-0.0338874 
-0.0332412 
-0.032876 
-0.0327138 
-0.0325849 
-0.0323008 
-0.0316859 
-0.0306251 
-0.0290614 
-0.0269859 
-0.0244005 
-0.0213402 
-0.0178426 
-0.0139548 
-0.00973544 
-0.00527414 
-0.000685298 
0.00383334 
0.0080501 
0.011785 
0.0149155 
0.0173945 
0.0192401 
0.0205173 
0.0213197 
0.0217504 
0.0219094 
0.0218834 
0.0217407 
0.0215294 
0.021278 
0.0209987 
0.0206878 
0.0203313 
0.0198998 
0.0193585 
0.0186445 
0.0176901 
0.0163411 
0.014369 
0.014369 
0.0455116 
0.0455116 
0.0412773 
0.0380629 
0.0353175 
0.0326869 
0.029975 
0.0269772 
0.0235443 
0.0195411 
0.0149022 
0.00963474 
0.00386781 
-0.00208189 
-0.00786622 
-0.0133069 
-0.0183274 
-0.0228791 
-0.0269124 
-0.0303561 
-0.0331091 
-0.0350556 
-0.036104 
-0.0362479 
-0.0356688 
-0.0347756 
-0.0340056 
-0.0335977 
-0.0334551 
-0.0333536 
-0.0330725 
-0.0324317 
-0.0313349 
-0.029745 
-0.027661 
-0.0250941 
-0.0220639 
-0.0185977 
-0.0147315 
-0.0105119 
-0.00600223 
-0.00130637 
0.00340697 
0.00786665 
0.0118179 
0.0151159 
0.017705 
0.0196084 
0.0208984 
0.0216769 
0.0220555 
0.0221436 
0.0220381 
0.0218181 
0.0215413 
0.0212446 
0.0209453 
0.0206423 
0.0203215 
0.0199502 
0.0194904 
0.018872 
0.0180238 
0.0167784 
0.0149018 
0.0149018 
0.0459399 
0.0459399 
0.0417331 
0.0385247 
0.0358139 
0.0332275 
0.0305752 
0.0276478 
0.0242936 
0.0203701 
0.0157824 
0.0104896 
0.00457623 
-0.00148065 
-0.0072573 
-0.012654 
-0.0176257 
-0.0221526 
-0.0262083 
-0.029745 
-0.0326757 
-0.0348779 
-0.0362229 
-0.0366183 
-0.0361426 
-0.0351887 
-0.0342973 
-0.0338319 
-0.0336877 
-0.0335821 
-0.0332727 
-0.03259 
-0.0314623 
-0.0298693 
-0.0278122 
-0.0252966 
-0.0223364 
-0.0189502 
-0.0151636 
-0.0110134 
-0.00655277 
-0.00186642 
0.00290905 
0.00750888 
0.0116118 
0.0150284 
0.0176865 
0.019618 
0.0209085 
0.0216679 
0.0220128 
0.0220562 
0.0218998 
0.0216285 
0.0213072 
0.0209792 
0.0206678 
0.0203751 
0.0200879 
0.0197716 
0.0193851 
0.0188518 
0.018098 
0.0169416 
0.0151508 
0.0151508 
0.0455835 
0.0455835 
0.0414523 
0.0382361 
0.0355408 
0.0329872 
0.0303838 
0.0275274 
0.0242617 
0.0204491 
0.0159804 
0.0108349 
0.00513138 
-0.000782529 
-0.00646391 
-0.0117309 
-0.016572 
-0.0209902 
-0.0249779 
-0.02851 
-0.0315242 
-0.0339028 
-0.0355142 
-0.0362049 
-0.0359311 
-0.0349985 
-0.0340071 
-0.0334745 
-0.0333087 
-0.0331708 
-0.0328119 
-0.0320841 
-0.0309393 
-0.0293666 
-0.0273653 
-0.0249378 
-0.0220918 
-0.0188398 
-0.0151985 
-0.0111928 
-0.0068595 
-0.00226903 
0.00245377 
0.00702402 
0.0111106 
0.0145308 
0.0171997 
0.0191365 
0.0204262 
0.0211809 
0.0215184 
0.0215509 
0.0213803 
0.0210932 
0.020758 
0.0204226 
0.0201146 
0.0198401 
0.0195875 
0.0193224 
0.019001 
0.0185423 
0.0178695 
0.016788 
0.0150763 
0.0150763 
0.0443396 
0.0443396 
0.04034 
0.037121 
0.0344314 
0.0319108 
0.0293601 
0.0265883 
0.0234386 
0.0197823 
0.0155209 
0.0106612 
0.00534619 
-0.000149332 
-0.00551599 
-0.0105429 
-0.0151751 
-0.0194103 
-0.0232504 
-0.0266837 
-0.0296694 
-0.0321269 
-0.0339282 
-0.0349051 
-0.0349001 
-0.034083 
-0.033035 
-0.0324333 
-0.032231 
-0.0320419 
-0.0316252 
-0.030861 
-0.0297194 
-0.0281921 
-0.0262746 
-0.0239654 
-0.0212687 
-0.0181926 
-0.0147485 
-0.0109533 
-0.00683528 
-0.00245561 
0.00205249 
0.00640447 
0.0103088 
0.013606 
0.0162082 
0.0181161 
0.0193993 
0.0201612 
0.0205146 
0.0205676 
0.0204183 
0.0201516 
0.019836 
0.0195211 
0.019237 
0.018993 
0.0187789 
0.0185618 
0.0182954 
0.0178983 
0.0172869 
0.0162659 
0.0146524 
0.0146524 
0.0421111 
0.0421111 
0.0383192 
0.0351324 
0.0324573 
0.0299839 
0.0275062 
0.0248483 
0.0218612 
0.0184322 
0.0144895 
0.0100581 
0.00527377 
0.000342958 
-0.00452983 
-0.00916682 
-0.013484 
-0.0174563 
-0.0210787 
-0.0243425 
-0.0272175 
-0.0296393 
-0.0315043 
-0.0326621 
-0.0329447 
-0.0323343 
-0.0312949 
-0.0306346 
-0.0303887 
-0.0301422 
-0.0296733 
-0.0288916 
-0.027778 
-0.0263233 
-0.024519 
-0.0223606 
-0.0198496 
-0.0169918 
-0.0137966 
-0.0102805 
-0.006476 
-0.00245247 
0.00165628 
0.00562028 
0.0092087 
0.0122738 
0.0147289 
0.0165614 
0.0178207 
0.0185931 
0.0189792 
0.0190778 
0.0189803 
0.0187665 
0.0185017 
0.0182343 
0.0179949 
0.0177939 
0.0176225 
0.0174499 
0.0172283 
0.0168787 
0.0163102 
0.0153416 
0.0138465 
0.0138465 
0.0388068 
0.0388068 
0.035316 
0.0322346 
0.0296149 
0.0272249 
0.0248641 
0.0223726 
0.0196168 
0.0165027 
0.012982 
0.00908332 
0.0049127 
0.000624269 
-0.00363671 
-0.00774064 
-0.0116096 
-0.0152074 
-0.0185169 
-0.0215235 
-0.0242002 
-0.0264962 
-0.0283267 
-0.0295633 
-0.0300404 
-0.0296701 
-0.0287206 
-0.0280285 
-0.0277418 
-0.0274459 
-0.0269434 
-0.0261717 
-0.0251169 
-0.0237678 
-0.0221126 
-0.0201451 
-0.0178654 
-0.0152797 
-0.0124002 
-0.00924894 
-0.00586622 
-0.00232306 
0.00126558 
0.00473101 
0.00789648 
0.010632 
0.0128588 
0.0145563 
0.0157558 
0.0165233 
0.0169417 
0.0170964 
0.0170682 
0.0169283 
0.016736 
0.0165358 
0.0163558 
0.0162064 
0.0160791 
0.0159455 
0.0157577 
0.0154416 
0.0149025 
0.0139891 
0.0126395 
0.0126395 
0.034361 
0.034361 
0.0312797 
0.0284201 
0.0259422 
0.0237029 
0.021528 
0.0192767 
0.0168348 
0.0141257 
0.011116 
0.00782905 
0.00434078 
0.000760501 
-0.0028175 
-0.00630186 
-0.00962509 
-0.0127474 
-0.0156451 
-0.0182991 
-0.0206833 
-0.0227551 
-0.0244466 
-0.0256551 
-0.0262375 
-0.0260704 
-0.0252749 
-0.0245927 
-0.0242792 
-0.0239549 
-0.0234485 
-0.0227222 
-0.0217639 
-0.0205612 
-0.0191008 
-0.017376 
-0.0153872 
-0.0131416 
-0.0106546 
-0.00795206 
-0.00507619 
-0.00209184 
0.000908811 
0.00380581 
0.0064703 
0.00879782 
0.0107226 
0.0122216 
0.0133125 
0.0140423 
0.0144744 
0.0146776 
0.0147187 
0.0146579 
0.0145454 
0.0144191 
0.014303 
0.0142056 
0.0141185 
0.0140157 
0.0138514 
0.0135586 
0.0130473 
0.0122061 
0.0110324 
0.0110324 
0.0286978 
0.0286978 
0.0261393 
0.0236517 
0.0214466 
0.0194604 
0.0175624 
0.0156375 
0.013593 
0.0113678 
0.00893606 
0.00631175 
0.00354353 
0.000702415 
-0.00214279 
-0.0049298 
-0.00761038 
-0.0101522 
-0.0125329 
-0.0147319 
-0.0167244 
-0.018474 
-0.0199273 
-0.0210057 
-0.0215936 
-0.0215713 
-0.0209593 
-0.0203362 
-0.0200219 
-0.0197002 
-0.0192287 
-0.0185893 
-0.017771 
-0.0167618 
-0.0155489 
-0.0141262 
-0.0124944 
-0.0106614 
-0.00864304 
-0.0064644 
-0.00416288 
-0.00179114 
0.000582166 
0.00287367 
0.00499095 
0.00685692 
0.00842168 
0.00966478 
0.010595 
0.0112435 
0.0116557 
0.0118827 
0.0119758 
0.0119817 
0.0119396 
0.0118794 
0.0118195 
0.0117658 
0.0117099 
0.0116288 
0.011482 
0.0112123 
0.0107442 
0.0100082 
0.00904319 
0.00904319 
0.0218513 
0.0218513 
0.0199261 
0.0179791 
