0 
-0.000851041 
0.000120258 
0.0012446 
0.00165394 
0.00182708 
0.00190689 
0.00192448 
0.0019121 
0.00188548 
0.00185609 
0.00183008 
0.00181052 
0.00179815 
0.00179222 
0.00179099 
0.00179215 
0.00179306 
0.00179099 
0.00178317 
0.00176698 
0.00173998 
0.00170004 
0.00164535 
0.00157457 
0.0014868 
0.00138164 
0.00125921 
0.00112013 
0.000965483 
0.000796794 
0.000615932 
0.000425094 
0.00022665 
2.36758e-05 
-0.000179674 
-0.000381021 
-0.000579117 
-0.000772594 
-0.000959985 
-0.00113999 
-0.00131143 
-0.00147307 
-0.00162344 
-0.00176066 
-0.00188225 
-0.0019851 
-0.00206536 
-0.00211858 
-0.00213998 
-0.00212458 
-0.00206766 
-0.0019655 
-0.00181815 
-0.00163497 
-0.001438 
-0.00125246 
-0.00108768 
-0.00093323 
-0.000776817 
-0.000618629 
-0.000468782 
-0.000338821 
-0.000241402 
-0.000184895 
0 
0.000851041 
0.000851041 
-0.000120258 
-0.0012446 
-0.00165394 
-0.00182708 
-0.00190689 
-0.00192448 
-0.0019121 
-0.00188548 
-0.00185609 
-0.00183008 
-0.00181052 
-0.00179815 
-0.00179222 
-0.00179099 
-0.00179215 
-0.00179306 
-0.00179099 
-0.00178317 
-0.00176698 
-0.00173998 
-0.00170004 
-0.00164535 
-0.00157457 
-0.0014868 
-0.00138164 
-0.00125921 
-0.00112013 
-0.000965483 
-0.000796794 
-0.000615932 
-0.000425094 
-0.00022665 
-2.36758e-05 
0.000179674 
0.000381021 
0.000579117 
0.000772594 
0.000959985 
0.00113999 
0.00131143 
0.00147307 
0.00162344 
0.00176066 
0.00188225 
0.0019851 
0.00206536 
0.00211858 
0.00213998 
0.00212458 
0.00206766 
0.0019655 
0.00181815 
0.00163497 
0.001438 
0.00125246 
0.00108768 
0.00093323 
0.000776817 
0.000618629 
0.000468782 
0.000338821 
0.000241402 
0.000184895 
0.000184895 
0.00159029 
0.00159029 
-0.00137304 
-0.00311752 
-0.0041727 
-0.00470791 
-0.00496847 
-0.00504896 
-0.00503671 
-0.00498084 
-0.00491563 
-0.00486039 
-0.0048249 
-0.00481204 
-0.00482009 
-0.00484439 
-0.00487848 
-0.00491483 
-0.00494542 
-0.00496215 
-0.00495709 
-0.00492279 
-0.00485253 
-0.00474053 
-0.00458218 
-0.00437415 
-0.00411455 
-0.00380295 
-0.00344036 
-0.00302918 
-0.00257309 
-0.00207684 
-0.0015461 
-0.000987051 
-0.000406357 
0.000188022 
0.000788542 
0.00138936 
0.00198507 
0.00257061 
0.00314131 
0.00369269 
0.00422006 
0.00471796 
0.00517956 
0.00559619 
0.00595703 
0.00624912 
0.00645777 
0.00656738 
0.00656251 
0.00642935 
0.00615861 
0.00575311 
0.00524135 
0.00468358 
0.00414572 
0.00365393 
0.00318823 
0.00272616 
0.00227217 
0.00184956 
0.00148317 
0.00120343 
0.0010381 
0.0010381 
-0.000587044 
-0.000587044 
-0.00322454 
-0.00520449 
-0.00659468 
-0.00736882 
-0.00775113 
-0.00787062 
-0.00785066 
-0.007769 
-0.00767885 
-0.00761046 
-0.00757862 
-0.00758704 
-0.00763215 
-0.00770568 
-0.00779653 
-0.00789191 
-0.00797828 
-0.00804189 
-0.00806932 
-0.00804793 
-0.00796626 
-0.00781445 
-0.00758452 
-0.00727072 
-0.00686964 
-0.00638035 
-0.00580431 
-0.00514534 
-0.00440943 
-0.00360446 
-0.00273989 
-0.00182629 
-0.000874592 
0.000103969 
0.00109807 
0.00209689 
0.00309079 
0.00407117 
0.00503021 
0.00596048 
0.00685422 
0.00770243 
0.00849383 
0.00921382 
0.00984387 
0.0103615 
0.0107412 
0.0109553 
0.0109773 
0.0107836 
0.0103603 
0.00971427 
0.00889338 
0.00799176 
0.00710776 
0.00627943 
0.00548159 
0.00468897 
0.0039115 
0.00318225 
0.00253837 
0.00203844 
0.00173747 
0.00173747 
-0.00226698 
-0.00226698 
-0.00507534 
-0.00733427 
-0.00888616 
-0.00975284 
-0.0101576 
-0.0102628 
-0.0102148 
-0.0101094 
-0.0100111 
-0.00995514 
-0.0099573 
-0.0100192 
-0.0101335 
-0.0102869 
-0.010463 
-0.0106433 
-0.0108086 
-0.0109396 
-0.0110173 
-0.0110242 
-0.0109443 
-0.0107637 
-0.0104713 
-0.0100591 
-0.00952249 
-0.00886017 
-0.00807431 
-0.00717038 
-0.00615689 
-0.00504515 
-0.00384879 
-0.00258328 
-0.00126531 
8.76459e-05 
0.00145906 
0.00283462 
0.00420144 
0.00554817 
0.00686488 
0.00814245 
0.00937159 
0.0105414 
0.0116376 
0.0126412 
0.0135272 
0.0142639 
0.0148144 
0.0151387 
0.0151971 
0.0149558 
0.0143952 
0.0135273 
0.0124199 
0.0111979 
0.00998368 
0.00882022 
0.00767893 
0.00653816 
0.00541595 
0.00435215 
0.00339585 
0.00263373 
0.00216127 
0.00216127 
-0.00449077 
-0.00449077 
-0.00730082 
-0.00957616 
-0.0111002 
-0.0119214 
-0.0122689 
-0.0123226 
-0.0122395 
-0.0121234 
-0.0120418 
-0.0120292 
-0.012098 
-0.0122449 
-0.0124569 
-0.0127152 
-0.0129977 
-0.0132808 
-0.0135401 
-0.0137511 
-0.0138903 
-0.0139354 
-0.013866 
-0.0136646 
-0.0133172 
-0.0128136 
-0.0121479 
-0.0113185 
-0.0103284 
-0.00918468 
-0.00789839 
-0.00648422 
-0.00496006 
-0.00334634 
-0.00166552 
5.95194e-05 
0.00180803 
0.00356014 
0.00529765 
0.00700481 
0.00866847 
0.0102775 
0.0118216 
0.0132892 
0.0146654 
0.0159291 
0.0170509 
0.0179924 
0.0187063 
0.0191399 
0.01924 
0.018961 
0.0182776 
0.0172073 
0.0158387 
0.0143243 
0.0128008 
0.0113079 
0.00981579 
0.0083119 
0.0068187 
0.00537481 
0.00403056 
0.00290836 
0.00217183 
0.00217183 
-0.00634059 
-0.00634059 
-0.0093303 
-0.0116178 
-0.0130487 
-0.0137688 
-0.014027 
-0.0140211 
-0.0139128 
-0.0138075 
-0.0137701 
-0.0138296 
-0.0139916 
-0.014246 
-0.0145737 
-0.0149507 
-0.0153502 
-0.0157442 
-0.0161042 
-0.0164016 
-0.0166083 
-0.0166976 
-0.016645 
-0.0164294 
-0.0160336 
-0.015445 
-0.0146566 
-0.0136665 
-0.0124784 
-0.0111007 
-0.00954701 
-0.00783529 
-0.00598751 
-0.004029 
-0.00198784 
0.000106532 
0.00222588 
0.00434422 
0.00643823 
0.00848818 
0.0104781 
0.0123952 
0.0142284 
0.0159662 
0.0175938 
0.0190894 
0.0204214 
0.0215459 
0.0224069 
0.0229395 
0.023077 
0.0227615 
0.021962 
0.0207037 
0.0190979 
0.0173201 
0.0155108 
0.0136998 
0.0118594 
0.00998696 
0.00809259 
0.00619013 
0.00435554 
0.00273396 
0.00157697 
0.00157697 
-0.00825742 
-0.00825742 
-0.0113254 
-0.0135153 
-0.0147805 
-0.0153585 
-0.0155123 
-0.0154499 
-0.0153308 
-0.0152563 
-0.0152836 
-0.0154329 
-0.0157013 
-0.0160716 
-0.0165196 
-0.017017 
-0.0175338 
-0.0180391 
-0.0185009 
-0.0188867 
-0.0191645 
-0.0193031 
-0.0192739 
-0.0190516 
-0.0186158 
-0.0179516 
-0.0170507 
-0.0159107 
-0.0145356 
-0.0129356 
-0.0111263 
-0.0091286 
-0.00696852 
-0.00467618 
-0.00228528 
0.000169332 
0.00265374 
0.00513411 
0.00758011 
0.00996641 
0.0122731 
0.014485 
0.0165903 
0.0185779 
0.0204339 
0.0221372 
0.0236553 
0.0249404 
0.0259293 
0.026546 
0.0267108 
0.0263541 
0.0254411 
0.0240085 
0.0221922 
0.0201851 
0.0181188 
0.0160098 
0.0138381 
0.0115926 
0.00924423 
0.00680201 
0.00434674 
0.00201388 
0.000208035 
0.000208035 
-0.00987472 
-0.00987472 
-0.0130462 
-0.0151241 
-0.016219 
-0.0166634 
-0.0167274 
-0.0166272 
-0.0165159 
-0.0164886 
-0.0165924 
-0.0168378 
-0.0172139 
-0.0176976 
-0.0182609 
-0.0188732 
-0.0195024 
-0.0201151 
-0.0206767 
-0.0211513 
-0.0215026 
-0.021695 
-0.0216953 
-0.0214742 
-0.0210077 
-0.0202784 
-0.0192764 
-0.0179989 
-0.0164503 
-0.0146416 
-0.0125901 
-0.0103196 
-0.00785954 
-0.00524446 
-0.00251331 
0.000292534 
0.00313008 
0.00595743 
0.00873813 
0.0114424 
0.0140472 
0.0165353 
0.0188941 
0.0211125 
0.0231773 
0.025068 
0.0267515 
0.0281772 
0.029275 
0.0299589 
0.030137 
0.0297299 
0.0287031 
0.0271103 
0.0251139 
0.0229145 
0.0206237 
0.0182482 
0.0157666 
0.0131227 
0.0102642 
0.00717608 
0.00388564 
0.00058849 
-0.00202312 
-0.00202312 
-0.0113365 
-0.0113365 
-0.0145522 
-0.0164848 
-0.0174101 
-0.0177362 
-0.0177286 
-0.017608 
-0.0175174 
-0.0175448 
-0.0177262 
-0.0180634 
-0.0185386 
-0.0191249 
-0.0197922 
-0.0205086 
-0.0212409 
-0.021954 
-0.0226108 
-0.0231721 
-0.0235976 
-0.0238472 
-0.023883 
-0.0236712 
-0.0231844 
-0.0224023 
-0.0213134 
-0.0199143 
-0.0182095 
-0.0162106 
-0.0139362 
-0.0114122 
-0.00867127 
-0.00575233 
-0.00269932 
0.000440876 
0.0036171 
0.00677771 
0.0098788 
0.0128856 
0.015772 
0.0185195 
0.021115 
0.0235479 
0.0258055 
0.0278677 
0.0297004 
0.0312497 
0.0324392 
0.0331732 
0.033349 
0.0328809 
0.0317408 
0.0300067 
0.0278667 
0.0255159 
0.0230397 
0.0204351 
0.0176423 
0.0145688 
0.0111031 
0.00715928 
0.00278599 
-0.00157542 
-0.00485671 
-0.00485671 
-0.0125209 
-0.0125209 
-0.0157637 
-0.0175576 
-0.0183435 
-0.0185832 
-0.0185302 
-0.0184078 
-0.0183476 
-0.0184312 
-0.0186843 
-0.0191024 
-0.019663 
-0.0203372 
-0.0210939 
-0.0219009 
-0.0227245 
-0.0235283 
-0.0242732 
-0.0249169 
-0.0254152 
-0.0257237 
-0.0257998 
-0.0256051 
-0.0251083 
-0.0242864 
-0.023126 
-0.0216228 
-0.0197811 
-0.0176126 
-0.0151368 
-0.0123808 
-0.00938005 
-0.00617765 
-0.00282148 
0.000634817 
0.00412826 
0.00759767 
0.0109936 
0.0142781 
0.0174234 
0.0204102 
0.0232251 
0.0258574 
0.0282945 
0.0305156 
0.0324848 
0.0341441 
0.0354099 
0.0361774 
0.0363352 
0.0357961 
0.0345475 
0.032699 
0.0304577 
0.0279988 
0.025379 
0.0225595 
0.0194407 
0.0158422 
0.0115607 
0.00652922 
0.0010006 
-0.00425028 
-0.00804774 
-0.00804774 
-0.0134754 
-0.0134754 
-0.0167083 
-0.0183733 
-0.0190525 
-0.0192354 
-0.0191604 
-0.0190502 
-0.0190246 
-0.01916 
-0.019474 
-0.0199582 
-0.0205875 
-0.0213324 
-0.0221617 
-0.0230435 
-0.023944 
-0.024826 
-0.0256488 
-0.0263676 
-0.0269347 
-0.0273016 
-0.0274211 
-0.0272504 
-0.0267541 
-0.0259061 
-0.0246907 
-0.0231027 
-0.0211458 
-0.0188316 
-0.0161795 
-0.0132172 
-0.00998318 
-0.00652465 
-0.00289276 
0.000853053 
0.00463734 
0.00838848 
0.012052 
0.0155883 
0.0189691 
0.0221752 
0.0251932 
0.0280119 
0.0306177 
0.0329882 
0.035084 
0.0368414 
0.0381693 
0.0389538 
0.0390786 
0.0384622 
0.0371187 
0.0351916 
0.0328965 
0.030372 
0.0276321 
0.0245995 
0.0210707 
0.0167548 
0.0114425 
0.00523792 
-0.00130401 
-0.00721352 
-0.0114292 
-0.0114292 
-0.0141727 
-0.0141727 
-0.0173731 
-0.0189347 
-0.0195466 
-0.0197029 
-0.0196289 
-0.0195426 
-0.0195533 
-0.0197339 
-0.0200961 
-0.0206308 
-0.0213113 
-0.0221089 
-0.022993 
-0.0239323 
-0.0248932 
-0.0258384 
-0.0267261 
-0.0275096 
-0.0281386 
-0.0285609 
-0.028725 
-0.028584 
-0.0280979 
-0.0272373 
-0.0259837 
-0.0243304 
-0.0222808 
-0.0198458 
-0.017044 
-0.013903 
-0.0104633 
-0.0067775 
-0.00289927 
0.00110298 
0.00513918 
0.00913234 
0.0130276 
0.0167854 
0.0203775 
0.0237841 
0.0269906 
0.0299845 
0.0327502 
0.0352618 
0.037475 
0.0393191 
0.0406944 
0.0414799 
0.0415589 
0.0408654 
0.0394516 
0.0374941 
0.0351903 
0.0326316 
0.0297881 
0.0264805 
0.0223755 
0.0171348 
0.010684 
0.00340006 
-0.0039195 
-0.0103196 
-0.014891 
-0.014891 
-0.014634 
-0.014634 
-0.0177813 
-0.0192672 
-0.0198474 
-0.0200024 
-0.0199482 
-0.0198939 
-0.0199407 
-0.0201586 
-0.0205566 
-0.0211263 
-0.0218411 
-0.0226736 
-0.023594 
-0.0245723 
-0.0255753 
-0.0265664 
-0.0275031 
-0.0283381 
-0.0290191 
-0.029491 
-0.0296987 
-0.029591 
-0.0291238 
-0.0282636 
-0.0269886 
-0.0252903 
-0.0231711 
-0.0206416 
-0.0177193 
-0.0144302 
-0.0108157 
-0.00693494 
-0.00284758 
0.00136524 
0.00560453 
0.00979633 
0.0138877 
0.0178392 
0.021621 
0.0252112 
0.0285935 
0.0317527 
0.0346699 
0.0373143 
0.0396349 
0.0415526 
0.0429589 
0.0437282 
0.0437527 
0.0429961 
0.0415539 
0.0396114 
0.0373421 
0.034777 
0.0317969 
0.0280839 
0.023211 
0.0169125 
0.00935954 
0.00119236 
-0.00669647 
-0.0134759 
-0.0183499 
-0.0183499 
-0.0148646 
-0.0148646 
-0.0179422 
-0.0193836 
-0.0199648 
-0.0201412 
-0.0201241 
-0.0201088 
-0.0201919 
-0.0204399 
-0.0208626 
-0.0214529 
-0.022186 
-0.0230362 
-0.023975 
-0.0249736 
-0.0259999 
-0.027018 
-0.0279864 
-0.0288573 
-0.0295776 
-0.0300903 
-0.0303375 
-0.0302641 
-0.029822 
-0.0289735 
-0.0276929 
-0.0259689 
-0.0238032 
-0.021206 
-0.0181947 
-0.0147927 
-0.0110396 
-0.00699949 
-0.00274695 
0.00162096 
0.00601158 
0.0103612 
0.0146166 
0.0187359 
0.0226864 
0.0264437 
0.0299884 
0.0333016 
0.0363594 
0.0391248 
0.0415385 
0.0435127 
0.0449319 
0.0456734 
0.0456471 
0.0448461 
0.0434217 
0.0415566 
0.0393584 
0.0367813 
0.033577 
0.0292944 
0.0235038 
0.0161255 
0.00760645 
-0.00123844 
-0.00953612 
-0.0166131 
-0.0217427 
-0.0217427 
-0.0148667 
-0.0148667 
-0.0178856 
-0.01931 
-0.0199152 
-0.0201306 
-0.0201621 
-0.0201913 
-0.020311 
-0.0205846 
-0.0210238 
-0.0216236 
-0.0223616 
-0.0232139 
-0.0241537 
-0.0251535 
-0.0261832 
-0.0272084 
-0.0281888 
-0.0290779 
-0.0298227 
-0.0303656 
-0.0306466 
-0.0306079 
-0.0301977 
-0.0293715 
-0.0281005 
-0.0263707 
-0.0241816 
-0.0215434 
-0.0184744 
-0.0149992 
-0.0111547 
-0.00700243 
-0.00263045 
0.0018478 
0.0063501 
0.0108222 
0.0152103 
0.0194708 
0.0235678 
0.0274735 
0.0311644 
0.0346171 
0.0378019 
0.0406736 
0.0431639 
0.0451766 
0.0465881 
0.0472811 
0.0472088 
0.0464199 
0.0450818 
0.0433391 
0.0412276 
0.0385941 
0.0350422 
0.030043 
0.0232674 
0.0148832 
0.0055717 
-0.00377653 
-0.0123743 
-0.0196784 
-0.0250209 
-0.0250209 
-0.0146523 
-0.0146523 
-0.0176307 
-0.0190608 
-0.0197075 
-0.0199766 
-0.020067 
-0.0201462 
-0.0203037 
-0.0206003 
-0.02105 
-0.0216502 
-0.0223818 
-0.0232228 
-0.0241482 
-0.0251325 
-0.0261472 
-0.02716 
-0.028133 
-0.0290212 
-0.029773 
-0.030331 
-0.0306346 
-0.0306236 
-0.0302426 
-0.0294456 
-0.0281992 
-0.0264849 
-0.0242987 
-0.0216498 
-0.0185573 
-0.0150502 
-0.011168 
-0.00696789 
-0.00253163 
0.00202482 
0.00661435 
0.0111827 
0.0156769 
0.0200528 
0.0242728 
0.0283059 
0.0321241 
0.0356976 
0.0389872 
0.0419392 
0.0444756 
0.0464932 
0.0478736 
0.0485304 
0.0484574 
0.0477425 
0.0465442 
0.0449546 
0.0429206 
0.0401547 
0.0361315 
0.0303256 
0.0225843 
0.0133228 
0.00337954 
-0.00634996 
-0.0151655 
-0.022629 
-0.0281448 
-0.0281448 
-0.0142366 
-0.0142366 
-0.017194 
-0.0186486 
-0.0193512 
-0.0196863 
-0.0198443 
-0.0199796 
-0.020178 
-0.0204973 
-0.0209546 
-0.0215496 
-0.0222662 
-0.0230848 
-0.0239825 
-0.0249355 
-0.0259178 
-0.0268995 
-0.0278454 
-0.0287137 
-0.0294552 
-0.0300143 
-0.0303307 
-0.0303434 
-0.0299942 
-0.0292332 
-0.0280227 
-0.0263403 
-0.0241787 
-0.0215453 
-0.0184596 
-0.014953 
-0.0110695 
-0.00686834 
-0.00242527 
0.00215954 
0.00679963 
0.0114333 
0.0160065 
0.0204725 
0.024791 
0.0289271 
0.0328473 
0.0365144 
0.0398813 
0.0428838 
0.045437 
0.0474382 
0.0487861 
0.0494315 
0.0494088 
0.0488252 
0.0478087 
0.046386 
0.0443962 
0.0414113 
0.0368269 
0.0301958 
0.0215722 
0.0115753 
0.00112203 
-0.0089071 
-0.0178692 
-0.0254265 
-0.0310776 
-0.0310776 
-0.0136358 
-0.0136358 
-0.0165904 
-0.018085 
-0.0188545 
-0.0192657 
-0.0194993 
-0.0196972 
-0.0199409 
-0.0202856 
-0.0207504 
-0.0213375 
-0.0220341 
-0.0228227 
-0.0236824 
-0.0245915 
-0.0255261 
-0.0264593 
-0.0273594 
-0.028188 
-0.0288998 
-0.0294424 
-0.0297574 
-0.0297843 
-0.0294638 
-0.0287432 
-0.0275807 
-0.0259493 
-0.0238377 
-0.0212508 
-0.0182073 
-0.0147391 
-0.0108912 
-0.00672177 
-0.00230352 
0.00227244 
0.00692528 
0.0115899 
0.0162104 
0.0207367 
0.025125 
0.0293351 
0.0333269 
0.0370552 
0.0404643 
0.0434829 
0.0460243 
0.0479958 
0.0493235 
0.0499966 
0.0500777 
0.0496723 
0.0488646 
0.0476043 
0.0456108 
0.0423354 
0.0371537 
0.0297437 
0.0203543 
0.00974732 
-0.0011291 
-0.0114018 
-0.0204444 
-0.0280317 
-0.0337811 
-0.0337811 
-0.0128666 
-0.0128666 
-0.0158344 
-0.0173813 
-0.0182265 
-0.0187217 
-0.0190377 
-0.019305 
-0.0195999 
-0.0199746 
-0.02045 
-0.0210301 
-0.0217051 
-0.0224596 
-0.0232748 
-0.0241308 
-0.025006 
-0.0258763 
-0.0267138 
-0.0274845 
-0.0281477 
-0.0286555 
-0.0289533 
-0.0289826 
-0.0286846 
-0.0280046 
-0.0268973 
-0.0253312 
-0.0232905 
-0.0207762 
-0.017805 
-0.0144079 
-0.0106296 
-0.00652628 
-0.00216664 
0.00236648 
0.00699633 
0.0116569 
0.0162903 
0.0208431 
0.025267 
0.0295159 
0.0335428 
0.0372949 
0.0407098 
0.0437133 
0.0462242 
0.0481676 
0.049501 
0.0502449 
0.0504745 
0.0502787 
0.0496903 
0.048573 
0.0465289 
0.0429259 
0.037169 
0.0290733 
0.0190395 
0.00791367 
-0.00332414 
-0.0137852 
-0.0228435 
-0.0304001 
-0.0362123 
-0.0362123 
-0.0119459 
-0.0119459 
-0.014941 
-0.0165496 
-0.0174769 
-0.0180614 
-0.0184653 
-0.0188082 
-0.0191609 
-0.0195723 
-0.0200638 
-0.0206412 
-0.0212969 
-0.0220176 
-0.0227861 
-0.0235841 
-0.0243922 
-0.0251891 
-0.0259506 
-0.0266474 
-0.0272442 
-0.0276986 
-0.0279613 
-0.0279777 
-0.0276913 
-0.0270472 
-0.0259978 
-0.0245071 
-0.0225544 
-0.020136 
-0.0172646 
-0.0139687 
-0.0102907 
-0.00628407 
-0.0020139 
0.0024437 
0.00701624 
0.0116373 
0.0162474 
0.0207895 
0.0252109 
0.0294596 
0.0334822 
0.0372199 
0.0406071 
0.0435721 
0.046045 
0.0479731 
0.0493425 
0.0501936 
0.0506017 
0.0506303 
0.0502557 
0.0492539 
0.0471276 
0.0432024 
0.0369426 
0.0282826 
0.0177173 
0.00613112 
-0.00541881 
-0.0160013 
-0.0250092 
-0.0324805 
-0.0383214 
-0.0383214 
-0.0108914 
-0.0108914 
-0.0139262 
-0.0156039 
-0.0166168 
-0.0172938 
-0.0177889 
-0.0182124 
-0.0186295 
-0.0190851 
-0.0196005 
-0.0201821 
-0.0208244 
-0.0215154 
-0.0222394 
-0.0229795 
-0.0237178 
-0.0244357 
-0.0251124 
-0.0257233 
-0.0262389 
-0.0266229 
-0.0268325 
-0.0268189 
-0.0265293 
-0.0259111 
-0.0249158 
-0.0235042 
-0.0216506 
-0.0193455 
-0.0165968 
-0.0134282 
-0.00987854 
-0.00599804 
-0.00184757 
0.00250291 
0.00698452 
0.0115308 
0.0160803 
0.0205733 
0.0249525 
0.0291611 
0.0331407 
0.0368294 
0.0401623 
0.0430746 
0.0455113 
0.0474414 
0.0488726 
0.0498548 
0.0504547 
0.0507057 
0.0505266 
0.0496122 
0.0473944 
0.0431922 
0.0365385 
0.027451 
0.0164554 
0.00443945 
-0.00736895 
-0.0179792 
-0.0268732 
-0.0342131 
-0.0400517 
-0.0400517 
-0.00972215 
-0.00972215 
-0.0128076 
-0.0145597 
-0.0156599 
-0.0164296 
-0.0170167 
-0.0175239 
-0.0180106 
-0.018518 
-0.0190658 
-0.0196609 
-0.0202985 
-0.0209677 
-0.0216538 
-0.0223407 
-0.0230119 
-0.0236506 
-0.0242393 
-0.0247576 
-0.0251815 
-0.0254814 
-0.0256216 
-0.0255602 
-0.0252504 
-0.0246435 
-0.0236923 
-0.0223563 
-0.0206056 
-0.0184251 
-0.0158161 
-0.0127965 
-0.00939983 
-0.00567197 
-0.00166947 
0.00254339 
0.00690122 
0.0113377 
0.0157898 
0.0201954 
0.0244937 
0.0286246 
0.0325268 
0.0361383 
0.0393981 
0.0422512 
0.0446579 
0.046605 
0.048114 
0.0492363 
0.0500248 
0.050481 
0.050469 
0.0496185 
0.0473209 
0.042914 
0.035995 
0.0266261 
0.0153057 
0.00287375 
-0.00912165 
-0.019635 
-0.028358 
-0.0355329 
-0.041342 
-0.041342 
-0.00845844 
-0.00845844 
-0.0116048 
-0.0134353 
-0.0146222 
-0.0154823 
-0.0161595 
-0.0167506 
-0.0173101 
-0.0178752 
-0.0184638 
-0.019082 
-0.0197256 
-0.0203838 
-0.0210422 
-0.0216852 
-0.022297 
-0.0228623 
-0.0233657 
-0.0237908 
-0.0241187 
-0.024326 
-0.0243845 
-0.0242597 
-0.0239122 
-0.0232991 
-0.022377 
-0.021106 
-0.0194541 
-0.0174013 
-0.0149423 
-0.012088 
-0.00886496 
-0.00531345 
-0.00148468 
0.00256264 
0.00676628 
0.0110601 
0.0153804 
0.019663 
0.0238455 
0.0278658 
0.0316624 
0.0351755 
0.0383502 
0.0411419 
0.043524 
0.0454963 
0.047087 
0.0483438 
0.0493032 
0.0499348 
0.0500557 
0.0492506 
0.046898 
0.0423691 
0.0353167 
0.0258194 
0.0143065 
0.00150156 
-0.0105934 
-0.0208683 
-0.0293798 
-0.0363737 
-0.0421323 
-0.0421323 
-0.00712226 
-0.00712226 
-0.0103392 
-0.0122513 
-0.0135231 
-0.014469 
-0.0152314 
-0.0159033 
-0.0165354 
-0.0171615 
-0.0177973 
-0.0184477 
-0.019108 
-0.0197672 
-0.0204108 
-0.0210229 
-0.0215877 
-0.0220906 
-0.0225177 
-0.0228557 
-0.0230898 
-0.0232027 
-0.0231728 
-0.0229736 
-0.0225735 
-0.0219368 
-0.0210258 
-0.0198037 
-0.0182388 
-0.016308 
-0.0140004 
-0.0113196 
-0.00828456 
-0.00492823 
-0.00129558 
0.00256096 
0.00658279 
0.0107045 
0.014862 
0.0189909 
0.0230279 
0.026911 
0.0305803 
0.0339799 
0.0370617 
0.0397903 
0.0421495 
0.0441467 
0.045812 
0.0471857 
0.0482864 
0.0490544 
0.0492713 
0.048497 
0.0461171 
0.0415404 
0.0344582 
0.0249634 
0.013404 
0.000406215 
-0.0116133 
-0.0215835 
-0.0298635 
-0.0366806 
-0.0423753 
-0.0423753 
-0.00573644 
-0.00573644 
-0.00903359 
-0.0110302 
-0.0123845 
-0.0134102 
-0.0142505 
-0.0149968 
-0.0156977 
-0.0163844 
-0.0170703 
-0.0177592 
-0.0184453 
-0.0191172 
-0.0197595 
-0.0203556 
-0.0208892 
-0.0213453 
-0.0217108 
-0.0219741 
-0.0221239 
-0.0221476 
-0.0220301 
-0.021752 
-0.0212897 
-0.0206153 
-0.019698 
-0.0185062 
-0.017011 
-0.0151887 
-0.013025 
-0.0105173 
-0.0076765 
-0.0045276 
-0.00110768 
0.0025382 
0.00635565 
0.0102806 
0.0142501 
0.0182 
0.0220682 
0.0257939 
0.02932 
0.0325954 
0.0355783 
0.038241 
0.0405738 
0.0425881 
0.044312 
0.045776 
0.046981 
0.0478426 
0.0481188 
0.0473631 
0.0449786 
0.0404072 
0.0333789 
0.0239931 
0.0124815 
-0.000270502 
-0.0119281 
-0.0216653 
-0.0297364 
-0.0364063 
-0.042029 
-0.042029 
-0.00432408 
-0.00432408 
-0.00771081 
-0.00979521 
-0.0112299 
-0.012329 
-0.0132385 
-0.0140503 
-0.0148128 
-0.0155553 
-0.0162901 
-0.0170196 
-0.0177371 
-0.0184304 
-0.0190833 
-0.0196783 
-0.0201978 
-0.0206258 
-0.0209489 
-0.0211558 
-0.0212373 
-0.0211845 
-0.0209875 
-0.0206336 
-0.0201066 
-0.0193862 
-0.0184491 
-0.0172702 
-0.015825 
-0.014092 
-0.012056 
-0.00971033 
-0.00705958 
-0.00412068 
-0.000922541 
0.00249828 
0.00609384 
0.00980289 
0.0135644 
0.0173164 
0.0209982 
0.0245518 
0.0279236 
0.0310671 
0.0339458 
0.0365375 
0.0388366 
0.0408548 
0.0426156 
0.0441386 
0.0454081 
0.0463211 
0.046625 
0.0458802 
0.0435163 
0.0390104 
0.0320613 
0.022813 
0.0115853 
-0.000549378 
-0.0116746 
-0.0211424 
-0.0290126 
-0.0355489 
-0.0411063 
-0.0411063 
-0.00290656 
-0.00290656 
-0.00639203 
-0.00856819 
-0.0100824 
-0.0112494 
-0.0122195 
-0.0130869 
-0.013901 
-0.0146911 
-0.015469 
-0.0162363 
-0.0169858 
-0.0177047 
-0.0183764 
-0.0189822 
-0.0195035 
-0.0199226 
-0.0202247 
-0.0203978 
-0.0204328 
-0.0203228 
-0.0200619 
-0.0196429 
-0.0190563 
-0.0182892 
-0.0173256 
-0.0161472 
-0.014735 
-0.0130717 
-0.0111435 
-0.00894241 
-0.00646864 
-0.00373232 
-0.000754256 
0.00243776 
0.00580294 
0.00928465 
0.0128256 
0.0163669 
0.019851 
0.0232231 
0.0264332 
0.0294391 
0.0322087 
0.0347231 
0.0369783 
0.0389842 
0.0407577 
0.0423074 
0.0436036 
0.0445321 
0.0448417 
0.0441104 
0.0417853 
0.0373259 
0.0305359 
0.0215866 
0.0109016 
-0.000451163 
-0.0109754 
-0.0200895 
-0.0277385 
-0.0341428 
-0.0396374 
-0.0396374 
-0.00150299 
-0.00150299 
-0.00509473 
-0.00736701 
-0.00896135 
-0.010193 
-0.011217 
-0.0121306 
-0.012986 
-0.0138136 
-0.0146254 
-0.0154233 
-0.0162001 
-0.0169434 
-0.0176362 
-0.0182598 
-0.0187944 
-0.0192211 
-0.0195231 
-0.0196863 
-0.0197003 
-0.0195581 
-0.0192553 
-0.0187889 
-0.018155 
-0.0173476 
-0.0163576 
-0.0151734 
-0.013782 
-0.0121705 
-0.0103285 
-0.00824906 
-0.00593094 
-0.00338017 
-0.000611393 
0.00235529 
0.00548879 
0.00873895 
0.0120536 
0.015378 
0.0186585 
0.0218441 
0.0248887 
0.0277535 
0.0304095 
0.0328398 
0.0350401 
0.0370165 
0.0387789 
0.0403254 
0.0416163 
0.0425341 
0.0428363 
0.0421096 
0.039794 
0.035455 
0.0289306 
0.0204211 
0.0104236 
-8.32491e-05 
-0.00993237 
-0.0186162 
-0.0260047 
-0.0322631 
-0.0376911 
-0.0376911 
-0.000125969 
-0.000125969 
-0.00382989 
-0.0062025 
-0.00787939 
-0.00917511 
-0.0102495 
-0.0112028 
-0.0120911 
-0.0129462 
-0.013782 
-0.014601 
-0.0153971 
-0.0161584 
-0.0168691 
-0.0175107 
-0.0180638 
-0.0185087 
-0.0188268 
-0.0190018 
-0.0190206 
-0.018874 
-0.0185567 
-0.0180671 
-0.017405 
-0.0165703 
-0.0155609 
-0.0143721 
-0.0129968 
-0.0114271 
-0.00965609 
-0.00767916 
-0.00549524 
-0.00310813 
-0.000528125 
0.00223037 
0.00514338 
0.00816862 
0.0112604 
0.0143695 
0.0174473 
0.0204466 
0.0233253 
0.0260478 
0.0285873 
0.0309274 
0.0330621 
0.034993 
0.0367229 
0.0382413 
0.0395024 
0.0403908 
0.0406698 
0.0399142 
0.0376482 
0.0334894 
0.0273247 
0.0193766 
0.0101537 
0.000518675 
-0.00862271 
-0.0168222 
-0.0239105 
-0.0300012 
-0.0353526 
-0.0353526 
0.00121451 
0.00121451 
-0.00259942 
-0.00507594 
-0.00683875 
-0.00820076 
-0.00932586 
-0.0103169 
-0.0112335 
-0.0121099 
-0.0129619 
-0.0137935 
-0.0146 
-0.0153711 
-0.0160926 
-0.0167475 
-0.0173174 
-0.0177831 
-0.0181258 
-0.0183274 
-0.0183721 
-0.0182473 
-0.0179446 
-0.0174602 
-0.0167949 
-0.0159518 
-0.0149349 
-0.0137465 
-0.0123858 
-0.0108504 
-0.00913683 
-0.0072434 
-0.00517092 
-0.00292373 
-0.000510697 
0.00205673 
0.00476378 
0.0075762 
0.0104549 
0.0133566 
0.0162379 
0.019056 
0.0217724 
0.0243542 
0.0267761 
0.0290214 
0.0310816 
0.0329537 
0.0346338 
0.0361049 
0.037319 
0.0381633 
0.0383841 
0.0376131 
0.0354277 
0.0315098 
0.0257837 
0.0184757 
0.0100641 
0.00128985 
-0.00712711 
-0.0148045 
-0.0215569 
-0.0274553 
-0.0327161 
-0.0327161 
0.00252305 
0.00252305 
-0.00139792 
-0.00397909 
-0.0058306 
-0.00726278 
-0.00844252 
-0.00947411 
-0.0104202 
-0.011317 
-0.0121826 
-0.0130226 
-0.0138343 
-0.014609 
-0.0153343 
-0.0159955 
-0.0165762 
-0.017059 
-0.0174259 
-0.0176591 
-0.0177415 
-0.0176574 
-0.0173944 
-0.0169444 
-0.0163049 
-0.0154789 
-0.0144734 
-0.0132968 
-0.0119562 
-0.0104555 
-0.0087962 
-0.00697865 
-0.00500458 
-0.00287811 
-0.000606956 
0.00179882 
0.0043262 
0.00694849 
0.00963322 
0.0123437 
0.0150415 
0.017689 
0.020251 
0.0226972 
0.0250032 
0.0271516 
0.0291314 
0.0309349 
0.0325527 
0.0339639 
0.0351184 
0.0358914 
0.0360539 
0.0352812 
0.033212 
0.0295852 
0.0243507 
0.0177231 
0.0101294 
0.00219261 
-0.00550822 
-0.0126446 
-0.0190356 
-0.0247191 
-0.0298744 
-0.0298744 
0.00381246 
0.00381246 
-0.000213989 
-0.00289433 
-0.004836 
-0.00634248 
-0.00758318 
-0.0086622 
-0.0096442 
-0.0105669 
-0.0114503 
-0.0123016 
-0.0131197 
-0.0138975 
-0.0146247 
-0.0152883 
-0.0158742 
-0.0163675 
-0.0167525 
-0.0170133 
-0.0171334 
-0.0170967 
-0.0168879 
-0.0164945 
-0.0159083 
-0.0151274 
-0.0141567 
-0.0130068 
-0.011691 
-0.0102215 
-0.00860652 
-0.0068508 
-0.00495813 
-0.00293406 
-0.00078731 
0.00147147 
0.00383606 
0.00628691 
0.00879675 
0.0113341 
0.0138653 
0.0163563 
0.0187753 
0.0210939 
0.0232887 
0.0253414 
0.0272382 
0.0289677 
0.0305163 
0.0318592 
0.0329388 
0.0336323 
0.0337428 
0.0329892 
0.031068 
0.0277662 
0.0230506 
0.017112 
0.0103174 
0.00318198 
-0.00382131 
-0.0104131 
-0.0164269 
-0.0218772 
-0.0269125 
-0.0269125 
0.00510546 
0.00510546 
0.000973374 
-0.00179966 
-0.00382973 
-0.00541435 
-0.00672313 
-0.00785911 
-0.00888758 
-0.00984702 
-0.0107588 
-0.0116312 
-0.0124645 
-0.0132529 
-0.0139871 
-0.014656 
-0.0152472 
-0.0157479 
-0.0161451 
-0.0164255 
-0.0165755 
-0.0165806 
-0.0164262 
-0.016098 
-0.0155831 
-0.0148732 
-0.0139661 
-0.0128686 
-0.011595 
-0.0101646 
-0.00859571 
-0.00690094 
-0.00508681 
-0.0031569 
-0.00111618 
0.00102624 
0.00326017 
0.00556945 
0.00793216 
0.0103214 
0.0127075 
0.0150607 
0.0173518 
0.0195547 
0.0216463 
0.0236077 
0.025423 
0.0270777 
0.0285543 
0.0298229 
0.0308175 
0.0314373 
0.0315094 
0.0307962 
0.0290468 
0.0260884 
0.0218966 
0.0166322 
0.0106013 
0.00422357 
-0.00211139 
-0.00816687 
-0.0137973 
-0.0190013 
-0.0239041 
-0.0239041 
0.00642619 
0.00642619 
0.00219147 
-0.000672087 
-0.00278558 
-0.00445179 
-0.00583587 
-0.00703955 
-0.00812722 
-0.00913749 
-0.0100924 
-0.011001 
-0.0118643 
-0.0126771 
-0.0134312 
-0.0141159 
-0.0147202 
-0.0152326 
-0.015642 
-0.0159376 
-0.0161088 
-0.0161447 
-0.0160337 
-0.0157633 
-0.0153203 
-0.0146923 
-0.01387 
-0.0128504 
-0.0116399 
-0.0102557 
-0.00872249 
-0.00706564 
-0.00530356 
-0.00344601 
-0.00149871 
0.000530303 
0.00263674 
0.00481479 
0.0070466 
0.00930784 
0.0115699 
0.0138044 
0.0159845 
0.0180854 
0.0200846 
0.0219625 
0.0237015 
0.0252842 
0.0266891 
0.0278764 
0.028794 
0.0293516 
0.0294018 
0.028748 
0.0271857 
0.0245746 
0.0208938 
0.0162719 
0.0109579 
0.00528693 
-0.000415146 
-0.00595061 
-0.0111992 
-0.0161493 
-0.0209094 
-0.0209094 
0.0077963 
0.0077963 
0.00346836 
0.000517077 
-0.00168123 
-0.00343259 
-0.00489935 
-0.00618173 
-0.00734219 
-0.00841878 
-0.00943354 
-0.0103958 
-0.0113068 
-0.0121618 
-0.0129527 
-0.0136692 
-0.0143005 
-0.014836 
-0.0152656 
-0.0155799 
-0.0157707 
-0.0158299 
-0.0157499 
-0.0155221 
-0.015137 
-0.014584 
-0.0138516 
-0.0129305 
-0.0118161 
-0.0105141 
-0.00904316 
-0.00743405 
-0.0057207 
-0.00392717 
-0.00205962 
-0.000115455 
0.00190445 
0.00398827 
0.00612325 
0.00828531 
0.0104479 
0.0125858 
0.0146738 
0.0166889 
0.0186089 
0.0204138 
0.0220845 
0.0236008 
0.0249326 
0.0260484 
0.026901 
0.0274115 
0.0274568 
0.0268777 
0.0255095 
0.0232378 
0.0200421 
0.0160204 
0.0113695 
0.00635274 
0.00123988 
-0.00379916 
-0.00867272 
-0.0133657 
-0.0179752 
-0.0179752 
0.00923667 
0.00923667 
0.00482718 
0.00178954 
-0.000499797 
-0.00233964 
-0.00389776 
-0.00527011 
-0.00651741 
-0.00767627 
-0.00876823 
-0.00980233 
-0.0107797 
-0.0116955 
-0.0125414 
-0.0133072 
-0.0139821 
-0.0145556 
-0.0150182 
-0.0153613 
-0.0155779 
-0.0156618 
-0.0156078 
-0.0154111 
-0.0150665 
-0.0145678 
-0.0139075 
-0.0130765 
-0.0120657 
-0.0108684 
-0.00948577 
-0.00793232 
-0.00624022 
-0.00445499 
-0.00261781 
-0.00074738 
0.00116571 
0.00313895 
0.00517739 
0.00725781 
0.00934382 
0.0114058 
0.013421 
0.015367 
0.0172224 
0.0189669 
0.0205788 
0.0220323 
0.0233028 
0.0243611 
0.025164 
0.0256437 
0.0257004 
0.0252069 
0.0240324 
0.0220834 
0.0193385 
0.015868 
0.0118231 
0.00740727 
0.00283752 
-0.00173718 
-0.00624631 
-0.010682 
-0.0151351 
-0.0151351 
0.0107647 
0.0107647 
0.00628321 
0.0031628 
0.000778791 
-0.00116124 
-0.00282043 
-0.00429439 
-0.00564303 
-0.00690063 
-0.00808764 
-0.00921222 
-0.0102748 
-0.01127 
-0.0121891 
-0.0130213 
-0.0137559 
-0.0143824 
-0.0148915 
-0.0152753 
-0.0155276 
-0.0156435 
-0.0156193 
-0.0154522 
-0.01514 
-0.0146802 
-0.0140701 
-0.013306 
-0.0123832 
-0.0112964 
-0.010041 
-0.00861609 
-0.00702957 
-0.00530559 
-0.00348788 
-0.00162741 
0.000255454 
0.00218784 
0.00419409 
0.00623142 
0.00826176 
0.0102674 
0.0122276 
0.0141217 
0.0159279 
0.017624 
0.019185 
0.0205903 
0.0218154 
0.0228319 
0.0236011 
0.0240666 
0.0241486 
0.0237476 
0.0227607 
0.0211117 
0.0187779 
0.0158063 
0.0123089 
0.00843975 
0.00436858 
0.000226357 
-0.00393519 
-0.00811711 
-0.0124107 
-0.0124107 
0.0123956 
0.0123956 
0.00785025 
0.00464886 
0.00216479 
0.000114166 
-0.00165686 
-0.00324626 
-0.00471119 
-0.00608504 
-0.00738595 
-0.00862072 
-0.0097884 
-0.0108824 
-0.0118928 
-0.0128085 
-0.0136181 
-0.0143111 
-0.0148786 
-0.0153135 
-0.0156105 
-0.0157661 
-0.0157779 
-0.0156447 
-0.0153659 
-0.014941 
-0.0143696 
-0.0136509 
-0.0127838 
-0.0117669 
-0.0105992 
-0.00927964 
-0.00780821 
-0.00618624 
-0.00442129 
-0.00254059 
-0.000615561 
0.00126058 
0.00317536 
0.00518261 
0.00719495 
0.00916899 
0.0110945 
0.0129538 
0.0147242 
0.0163844 
0.0179126 
0.0192862 
0.0204816 
0.0214721 
0.0222238 
0.0226903 
0.0228093 
0.0225041 
0.0216947 
0.0203194 
0.0183546 
0.015829 
0.0128216 
0.00944608 
0.00583083 
0.00208227 
-0.00174835 
-0.00568025 
-0.00981311 
-0.00981311 
0.0141425 
0.0141425 
0.00954029 
0.00625775 
0.00366986 
0.00150042 
-0.000398253 
-0.00211595 
-0.00371378 
-0.00522243 
-0.0066577 
-0.00802409 
-0.00931844 
-0.0105321 
-0.0116537 
-0.0126704 
-0.0135704 
-0.0143428 
-0.0149793 
-0.0154736 
-0.0158219 
-0.0160223 
-0.0160742 
-0.0159784 
-0.0157359 
-0.0153481 
-0.014816 
-0.0141404 
-0.0133217 
-0.0123605 
-0.0112579 
-0.0100171 
-0.00864544 
-0.00715536 
-0.00556349 
-0.00388026 
-0.0020884 
-0.000123494 
0.00203853 
0.00417564 
0.00618286 
0.0081247 
0.0100266 
0.0118646 
0.0136164 
0.0152594 
0.0167709 
0.0181287 
0.0193098 
0.0202896 
0.0210387 
0.0215197 
0.0216846 
0.0214752 
0.0208305 
0.0197008 
0.018063 
0.0159314 
0.0133585 
0.0104254 
0.00722513 
0.00384077 
0.000317811 
-0.0033746 
-0.00734573 
-0.00734573 
0.0160173 
0.0160173 
0.0113643 
0.00800036 
0.00530438 
0.00300797 
0.000970981 
-0.000893499 
-0.0026415 
-0.00430436 
-0.0058961 
-0.0074177 
-0.00886285 
-0.0102198 
-0.0114742 
-0.0126115 
-0.0136181 
-0.0144832 
-0.0151986 
-0.0157594 
-0.0161636 
-0.0164115 
-0.0165049 
-0.0164469 
-0.0162409 
-0.0158903 
-0.015398 
-0.0147662 
-0.0139964 
-0.0130897 
-0.0120472 
-0.0108707 
-0.00956367 
-0.00813175 
-0.00658348 
-0.00492735 
-0.00317056 
-0.00128427 
0.000790437 
0.00297495 
0.0050832 
0.00707611 
0.00900117 
0.0108501 
0.0126073 
0.0142529 
0.0157655 
0.0171236 
0.0183055 
0.0192888 
0.0200486 
0.0205551 
0.020772 
0.0206561 
0.0201616 
0.0192494 
0.0178977 
0.0161106 
0.01392 
0.0113802 
0.00855617 
0.0055069 
0.00226487 
-0.0011958 
-0.00500452 
-0.00500452 
0.0180305 
0.0180305 
0.0133327 
0.00988763 
0.00708005 
0.00464948 
0.00246144 
0.000434837 
-0.00148154 
-0.00332002 
-0.00509181 
-0.00679484 
-0.00841799 
-0.009945 
-0.0113574 
-0.0126372 
-0.0137688 
-0.0147404 
-0.0155445 
-0.016178 
-0.016641 
-0.0169369 
-0.0170707 
-0.0170483 
-0.0168762 
-0.0165601 
-0.0161048 
-0.0155138 
-0.0147894 
-0.0139327 
-0.0129439 
-0.0118236 
-0.0105733 
-0.00919646 
-0.00769883 
-0.00608559 
-0.00436305 
-0.00252494 
-0.000584817 
0.00145218 
0.00362258 
0.00579075 
0.00786596 
0.00982268 
0.0116523 
0.0133456 
0.0148904 
0.0162712 
0.0174712 
0.0184722 
0.0192543 
0.0197948 
0.0200671 
0.02004 
0.0196803 
0.0189582 
0.0178539 
0.0163649 
0.0145078 
0.0123157 
0.00983036 
0.00708932 
0.00411181 
0.000863795 
-0.00278349 
-0.00278349 
0.0201902 
0.0201902 
0.0154535 
0.0119288 
0.00900782 
0.00643735 
0.00408895 
0.00188538 
-0.000220995 
-0.00225577 
-0.00423284 
-0.00614588 
-0.00797778 
-0.00970583 
-0.0113054 
-0.0127535 
-0.0140309 
-0.0151245 
-0.0160274 
-0.0167385 
-0.0172617 
-0.017604 
-0.0177747 
-0.0177838 
-0.0176411 
-0.0173553 
-0.0169337 
-0.0163812 
-0.0157005 
-0.0148924 
-0.0139559 
-0.0128889 
-0.0116895 
-0.0103568 
-0.00889126 
-0.00729366 
-0.00556813 
-0.00371979 
-0.00174067 
0.000335458 
0.00244963 
0.00458988 
0.00671507 
0.00876789 
0.010703 
0.0124904 
0.0141108 
0.0155497 
0.0167945 
0.0178325 
0.0186504 
0.0192331 
0.0195627 
0.0196188 
0.0193785 
0.0188202 
0.0179273 
0.0166936 
0.0151248 
0.0132377 
0.0110553 
0.00859663 
0.00586587 
0.00281983 
-0.000669993 
-0.000669993 
0.0225011 
0.0225011 
0.0177319 
0.014131 
0.0110973 
0.00838386 
0.00586736 
0.003474 
0.00116097 
-0.0010953 
-0.00330401 
-0.00545771 
-0.00753282 
-0.00949749 
-0.0113185 
-0.0129652 
-0.0144132 
-0.0156466 
-0.016659 
-0.0174522 
-0.0180347 
-0.0184191 
-0.0186203 
-0.0186536 
-0.0185333 
-0.0182719 
-0.0178791 
-0.0173617 
-0.0167227 
-0.0159622 
-0.0150773 
-0.014063 
-0.0129138 
-0.0116247 
-0.0101921 
-0.00861257 
-0.00688822 
-0.00502319 
-0.00302822 
-0.000950324 
0.00119013 
0.00337151 
0.00555947 
0.00770229 
0.00974965 
0.011656 
0.0133878 
0.0149224 
0.0162454 
0.0173471 
0.0182197 
0.0188558 
0.0192465 
0.0193809 
0.0192458 
0.0188274 
0.0181134 
0.0170961 
0.0157743 
0.0141528 
0.0122395 
0.0100383 
0.00753871 
0.00468803 
0.00134774 
0.00134774 
0.0249623 
0.0249623 
0.0201683 
0.016497 
0.0133549 
0.0104995 
0.00781123 
0.00521848 
0.00268104 
0.000179884 
-0.00228692 
-0.00471344 
-0.00706943 
-0.00931118 
-0.0113936 
-0.0132752 
-0.0149234 
-0.0163181 
-0.0174523 
-0.0183315 
-0.0189703 
-0.0193894 
-0.0196112 
-0.0196582 
-0.0195506 
-0.0193054 
-0.0189358 
-0.0184501 
-0.017852 
-0.0171403 
-0.0163093 
-0.0153503 
-0.0142527 
-0.0130059 
-0.0115992 
-0.0100223 
-0.00826758 
-0.0063467 
-0.00428025 
-0.00210586 
0.000129415 
0.00238117 
0.00461731 
0.00680821 
0.00892037 
0.0109125 
0.0127441 
0.0143815 
0.0158006 
0.0169872 
0.0179339 
0.0186374 
0.019096 
0.0193072 
0.0192667 
0.0189683 
0.0184049 
0.0175698 
0.016458 
0.0150662 
0.0133909 
0.0114231 
0.00913989 
0.00647735 
0.0032905 
0.0032905 
0.0275657 
0.0275657 
0.0227554 
0.0190226 
0.015781 
0.0127897 
0.00993107 
0.00713396 
0.00436028 
0.00159409 
-0.0011612 
-0.00389307 
-0.00656959 
-0.00913297 
-0.0115221 
-0.013681 
-0.0155654 
-0.0171476 
-0.0184191 
-0.0193886 
-0.0200792 
-0.0205218 
-0.0207501 
-0.0207961 
-0.0206879 
-0.0204484 
-0.0200946 
-0.0196372 
-0.0190799 
-0.01842 
-0.0176486 
-0.0167522 
-0.0157141 
-0.0145171 
-0.0131397 
-0.0115597 
-0.00977078 
-0.0077874 
-0.00563351 
-0.0033536 
-0.00099975 
0.00137518 
0.00373174 
0.00603055 
0.00823636 
0.0103151 
0.0122335 
0.0139605 
0.0154699 
0.0167436 
0.0177715 
0.0185508 
0.0190828 
0.0193709 
0.0194178 
0.0192245 
0.0187892 
0.0181078 
0.0171743 
0.0159806 
0.0145152 
0.0127587 
0.0106781 
0.00819816 
0.00516634 
0.00516634 
0.030293 
0.030293 
0.025476 
0.0216942 
0.0183668 
0.0152519 
0.0122312 
0.00923116 
0.00621389 
0.00316524 
9.41308e-05 
-0.00297555 
-0.00601152 
-0.0089432 
-0.011688 
-0.0141722 
-0.0163348 
-0.0181374 
-0.0195664 
-0.0206333 
-0.0213703 
-0.0218223 
-0.0220382 
-0.0220638 
-0.0219376 
-0.0216901 
-0.0213433 
-0.0209103 
-0.0203948 
-0.019792 
-0.0190888 
-0.0182655 
-0.0172981 
-0.0161588 
-0.0148098 
-0.0132208 
-0.0113836 
-0.00931013 
-0.00702863 
-0.00458802 
-0.00205075 
0.000511985 
0.00303336 
0.00546848 
0.00778409 
0.00994967 
0.0119396 
0.013731 
0.0153039 
0.0166425 
0.0177367 
0.0185832 
0.0191838 
0.0195444 
0.0196717 
0.0195715 
0.0192468 
0.0186966 
0.0179157 
0.0168936 
0.0156138 
0.0140492 
0.0121586 
0.00985597 
0.00698034 
0.00698034 
0.0331128 
0.0331128 
0.0282998 
0.0244844 
0.0210902 
0.0178708 
0.0147036 
0.0115101 
0.00824956 
0.00490806 
0.00149846 
-0.0019422 
-0.00537312 
-0.00871752 
-0.0118669 
-0.0147259 
-0.0172135 
-0.0192757 
-0.0208898 
-0.0220665 
-0.0228469 
-0.0232927 
-0.0234733 
-0.0234538 
-0.0232875 
-0.0230149 
-0.0226641 
-0.0222512 
-0.0217797 
-0.0212416 
-0.0206189 
-0.019884 
-0.019003 
-0.0179345 
-0.0166192 
-0.015024 
-0.0131324 
-0.0109557 
-0.00852615 
-0.0058997 
-0.00314919 
-0.00035938 
0.00238379 
0.00501857 
0.00750332 
0.00979978 
0.0118827 
0.0137368 
0.0153533 
0.0167274 
0.0178574 
0.0187442 
0.0193925 
0.0198094 
0.0200035 
0.019983 
0.0197535 
0.0193165 
0.0186679 
0.0177961 
0.0166819 
0.0152925 
0.0135805 
0.0114497 
0.0087293 
0.0087293 
0.0359783 
0.0359783 
0.03118 
0.0273491 
0.0239114 
0.0206124 
0.0173223 
0.0139532 
0.0104582 
0.00682081 
0.003058 
-0.000778515 
-0.00463539 
-0.00842918 
-0.0120255 
-0.0153044 
-0.0181634 
-0.0205289 
-0.0223635 
-0.0236719 
-0.0244997 
-0.0249263 
-0.0250468 
-0.0249529 
-0.0247193 
-0.0244006 
-0.0240327 
-0.0236351 
-0.0232103 
-0.0227466 
-0.022219 
-0.0215897 
-0.0208114 
-0.0198231 
-0.0185488 
-0.0169435 
-0.0149875 
-0.0126911 
-0.010091 
-0.00724852 
-0.00424544 
-0.00117704 
0.00184368 
0.00472801 
0.00742344 
0.00988453 
0.0120826 
0.0140058 
0.0156547 
0.0170381 
0.018168 
0.0190572 
0.0197176 
0.0201607 
0.0203973 
0.0204366 
0.0202849 
0.0199443 
0.0194109 
0.0186724 
0.0177077 
0.0164797 
0.014936 
0.0129711 
0.010403 
0.010403 
0.0388248 
0.0388248 
0.0340512 
0.0302236 
0.0267683 
0.0234193 
0.0200362 
0.0165177 
0.0128068 
0.00888223 
0.00476408 
0.000512214 
-0.00379314 
-0.00805598 
-0.0121257 
-0.0158551 
-0.0191223 
-0.0218326 
-0.0239297 
-0.0254034 
-0.0262961 
-0.0267 
-0.0267387 
-0.0265392 
-0.0262071 
-0.0258174 
-0.0254166 
-0.0250285 
-0.0246539 
-0.0242753 
-0.0238585 
-0.0233519 
-0.0226901 
-0.0217889 
-0.0205557 
-0.0189366 
-0.0169105 
-0.0144898 
-0.0117154 
-0.00865244 
-0.00538757 
-0.00202535 
0.00130681 
0.00449295 
0.00745548 
0.0101348 
0.0124905 
0.0145093 
0.0161983 
0.0175798 
0.0186828 
0.0195372 
0.0201692 
0.0205997 
0.0208447 
0.0209156 
0.0208189 
0.0205559 
0.0201215 
0.0195014 
0.0186728 
0.0175942 
0.0162095 
0.0144036 
0.0119831 
0.0119831 
0.0415691 
0.0415691 
0.0368282 
0.0330213 
0.0295742 
0.0262064 
0.0227645 
0.01913 
0.0152328 
0.0110426 
0.00657943 
0.00190861 
-0.00285256 
-0.00758483 
-0.0121296 
-0.0163145 
-0.0200051 
-0.0230893 
-0.02549 
-0.0271741 
-0.0281674 
-0.0285636 
-0.0285108 
-0.028178 
-0.0277142 
-0.0272252 
-0.0267733 
-0.0263879 
-0.0260664 
-0.025783 
-0.0254905 
-0.0251179 
-0.0245769 
-0.0237585 
-0.0225573 
-0.0209159 
-0.0188157 
-0.016274 
-0.0133342 
-0.0100611 
-0.0065409 
-0.00288316 
0.000780499 
0.00430086 
0.00756695 
0.0105027 
0.0130509 
0.0151921 
0.0169362 
0.0183164 
0.0193785 
0.0201715 
0.0207396 
0.0211188 
0.0213348 
0.0214042 
0.021335 
0.0211273 
0.0207741 
0.0202579 
0.019553 
0.0186131 
0.0173782 
0.0157234 
0.0134438 
0.0134438 
0.0441102 
0.0441102 
0.0394065 
0.0356339 
0.0322177 
0.028861 
0.0253959 
0.0216839 
0.0176385 
0.0132154 
0.00843129 
0.0033595 
-0.00184103 
-0.00702036 
-0.0120088 
-0.0166181 
-0.0207134 
-0.0241743 
-0.0269069 
-0.0288499 
-0.0299982 
-0.0304279 
-0.0302969 
-0.0298161 
-0.0291907 
-0.0285727 
-0.0280494 
-0.0276585 
-0.0273916 
-0.0272107 
-0.0270499 
-0.026812 
-0.0263806 
-0.0256279 
-0.0244422 
-0.0227707 
-0.0206017 
-0.0179576 
-0.0148813 
-0.0114327 
-0.00769226 
-0.00376923 
0.000209234 
0.00407027 
0.00766395 
0.0108889 
0.0136634 
0.0159566 
0.0177774 
0.0191677 
0.0201885 
0.0209079 
0.02139 
0.0216884 
0.0218429 
0.0218788 
0.0218085 
0.0216323 
0.0213411 
0.0209134 
0.0203195 
0.0195074 
0.0184126 
0.0168997 
0.0147523 
0.0147523 
0.0463318 
0.0463318 
0.0416658 
0.0379349 
0.0345666 
0.0312453 
0.0277907 
0.0240423 
0.0198955 
0.0152879 
0.0102297 
0.00479994 
-0.000802723 
-0.00638332 
-0.0117484 
-0.0167113 
-0.021151 
-0.0249539 
-0.0280189 
-0.0302586 
-0.0316259 
-0.0321572 
-0.0319944 
-0.0313755 
-0.03057 
-0.0297958 
-0.0291797 
-0.0287733 
-0.02856 
-0.0284829 
-0.0284509 
-0.0283336 
-0.0279847 
-0.0272695 
-0.0260793 
-0.0243749 
-0.0221532 
-0.0194394 
-0.0162717 
-0.0126996 
-0.00879264 
-0.00465283 
-0.000398306 
0.00378407 
0.00770449 
0.0112245 
0.0142365 
0.0166951 
0.0186066 
0.020019 
0.0210065 
0.0216536 
0.0220432 
0.0222469 
0.02232 
0.0222993 
0.0222043 
0.0220378 
0.0217898 
0.0214349 
0.0209391 
0.0202431 
0.0192777 
0.0178956 
0.0158699 
0.0158699 
0.0481066 
0.0481066 
0.0434755 
0.039786 
0.0364748 
0.0332066 
0.0297927 
0.0260514 
0.0218598 
0.0171311 
0.0118634 
0.00613487 
0.000183927 
-0.00571695 
-0.0113534 
-0.0165597 
-0.021243 
-0.0253114 
-0.0286701 
-0.0312154 
-0.0328567 
-0.0335737 
-0.0334596 
-0.0327484 
-0.0317664 
-0.0308168 
-0.0300874 
-0.0296544 
-0.0294894 
-0.0295093 
-0.0295898 
-0.0295635 
-0.0292601 
-0.0285466 
-0.0273437 
-0.0256152 
-0.0233686 
-0.0206278 
-0.0174229 
-0.0137908 
-0.00978844 
-0.00550345 
-0.00104124 
0.00341367 
0.0076362 
0.011438 
0.014682 
0.017304 
0.0193078 
0.0207478 
0.0217102 
0.0222938 
0.0225971 
0.0227071 
0.0226939 
0.0226065 
0.0224731 
0.0223009 
0.022081 
0.0217847 
0.0213741 
0.0207818 
0.0199338 
0.0186694 
0.016753 
0.016753 
0.0493009 
0.0493009 
0.0447031 
0.0410475 
0.0377939 
0.0345865 
0.0312342 
0.0275393 
0.0233637 
0.0185966 
0.0132151 
0.00728748 
0.00108126 
-0.00504622 
-0.0108203 
-0.0161389 
-0.0209411 
-0.0251678 
-0.0287424 
-0.0315602 
-0.0334984 
-0.0344774 
-0.0345148 
-0.0337957 
-0.0326736 
-0.0315452 
-0.0306861 
-0.0302145 
-0.0300881 
-0.0301883 
-0.0303512 
-0.0303747 
-0.0300786 
-0.0293449 
-0.0281178 
-0.0263856 
-0.0241538 
-0.0214375 
-0.018258 
-0.0146393 
-0.0106231 
-0.00627963 
-0.00169925 
0.00296431 
0.00744908 
0.0114918 
0.014928 
0.0176802 
0.0197559 
0.0212174 
0.0221606 
0.0226947 
0.0229288 
0.0229612 
0.0228733 
0.0227247 
0.0225522 
0.0223688 
0.0221679 
0.0219193 
0.0215818 
0.0210803 
0.0203364 
0.0191748 
0.0173544 
0.0173544 
0.0497799 
0.0497799 
0.0452227 
0.041587 
0.0383852 
0.0352401 
0.0319653 
0.028355 
0.0242652 
0.0195654 
0.0141958 
0.0081619 
0.00177555 
-0.00439935 
-0.0101484 
-0.0154406 
-0.0202333 
-0.0244985 
-0.0281824 
-0.0311949 
-0.033403 
-0.0346829 
-0.0349686 
-0.0343537 
-0.0331658 
-0.0318797 
-0.0308826 
-0.0303611 
-0.0302594 
-0.030414 
-0.0306196 
-0.0306488 
-0.0303287 
-0.0295678 
-0.0283343 
-0.0266224 
-0.0244351 
-0.0217804 
-0.0186714 
-0.0151278 
-0.0111814 
-0.00687924 
-0.00229828 
0.00244246 
0.00709759 
0.0113301 
0.0149164 
0.0177556 
0.0198648 
0.0213255 
0.0222457 
0.0227416 
0.0229269 
0.0229054 
0.0227648 
0.0225721 
0.0223714 
0.0221812 
0.0219979 
0.0217908 
0.0215165 
0.021093 
0.0204385 
0.0193625 
0.0176265 
0.0176265 
0.0493982 
0.0493982 
0.0449339 
0.0413063 
0.0381401 
0.0350506 
0.0318486 
0.0283311 
0.0243492 
0.0197705 
0.0145259 
0.0086802 
0.00249745 
-0.00359445 
-0.00924447 
-0.0144167 
-0.0191075 
-0.0233117 
-0.0269996 
-0.0301067 
-0.0325101 
-0.0340686 
-0.0346547 
-0.034253 
-0.0331045 
-0.0317124 
-0.0305822 
-0.0300019 
-0.0299086 
-0.0300864 
-0.0302926 
-0.03029 
-0.0299283 
-0.0291453 
-0.0279245 
-0.0262618 
-0.0241548 
-0.0216052 
-0.0186197 
-0.01521 
-0.0113968 
-0.00721291 
-0.00271792 
0.0019857 
0.0066362 
0.010876 
0.0144833 
0.0173447 
0.0194622 
0.0209191 
0.0218293 
0.0223118 
0.0224809 
0.0224409 
0.0222815 
0.0220734 
0.0218652 
0.02168 
0.0215177 
0.0213487 
0.0211282 
0.0207699 
0.0201887 
0.0191818 
0.0175242 
0.0175242 
0.0480427 
0.0480427 
0.0437316 
0.0401206 
0.0369831 
0.0339544 
0.0308358 
0.0274346 
0.0236012 
0.0192142 
0.0142249 
0.00873253 
0.0029743 
-0.0027375 
-0.00812711 
-0.0130843 
-0.0175901 
-0.0216453 
-0.0252354 
-0.0283174 
-0.0308056 
-0.0325701 
-0.0334521 
-0.033345 
-0.0323499 
-0.0309342 
-0.0296945 
-0.0290514 
-0.0289505 
-0.0291202 
-0.0292906 
-0.0292322 
-0.0288262 
-0.0280347 
-0.0268478 
-0.0252577 
-0.0232571 
-0.0208436 
-0.01802 
-0.0147937 
-0.0111775 
-0.00719345 
-0.00289029 
0.00162179 
0.00606889 
0.0101293 
0.0136125 
0.0164061 
0.0184929 
0.0199391 
0.0208501 
0.0213418 
0.021525 
0.0215009 
0.0213577 
0.0211657 
0.020975 
0.0208116 
0.0206771 
0.0205447 
0.0203675 
0.0200599 
0.0195303 
0.0185766 
0.017015 
0.017015 
0.0456081 
0.0456081 
0.0415309 
0.0379767 
0.0348813 
0.0319338 
0.0289276 
0.0256857 
0.0220674 
0.0179748 
0.0133866 
0.00840309 
0.00322312 
-0.00194288 
-0.00689628 
-0.0115108 
-0.0157375 
-0.0195638 
-0.0229779 
-0.0259483 
-0.0284079 
-0.0302504 
-0.0313297 
-0.0315034 
-0.0307673 
-0.0294374 
-0.0281375 
-0.0274368 
-0.0273163 
-0.0274524 
-0.0275623 
-0.0274399 
-0.0269987 
-0.0262174 
-0.0250862 
-0.0235926 
-0.0217254 
-0.0194793 
-0.0168547 
-0.013857 
-0.0104984 
-0.00680501 
-0.00283577 
0.00128881 
0.0053422 
0.00907396 
0.0123118 
0.0149473 
0.0169512 
0.0183674 
0.0192828 
0.0198008 
0.0200237 
0.020046 
0.0199504 
0.019804 
0.0196552 
0.0195299 
0.0194305 
0.0193327 
0.0191889 
0.018917 
0.0184191 
0.0175095 
0.0160631 
0.0160631 
0.0419995 
0.0419995 
0.0382544 
0.0348376 
0.0318327 
0.029011 
0.0261722 
0.0231572 
0.0198422 
0.0161522 
0.0120812 
0.00771103 
0.00318974 
-0.00132748 
-0.00569895 
-0.00982137 
-0.0136407 
-0.0171311 
-0.020273 
-0.0230371 
-0.0253706 
-0.0271877 
-0.0283632 
-0.0287502 
-0.0282749 
-0.0271282 
-0.0258441 
-0.0251056 
-0.0249598 
-0.0250471 
-0.0250867 
-0.0249067 
-0.0244489 
-0.0237012 
-0.0226509 
-0.0212822 
-0.0195815 
-0.0175425 
-0.0151659 
-0.0124597 
-0.00944183 
-0.00614747 
-0.00264124 
0.000967654 
0.00451089 
0.00779979 
0.0106864 
0.0130741 
0.0149284 
0.016274 
0.017176 
0.0177188 
0.0179909 
0.0180757 
0.0180472 
0.0179656 
0.0178745 
0.0177975 
0.0177365 
0.0176687 
0.0175475 
0.0172967 
0.0168166 
0.0159536 
0.0146484 
0.0146484 
0.0371505 
0.0371505 
0.0338511 
0.0306977 
0.0278803 
0.0252626 
0.0226729 
0.0199731 
0.0170592 
0.013873 
0.0104127 
0.00673714 
0.00295047 
-0.000840565 
-0.00454263 
-0.0080738 
-0.0113807 
-0.0144309 
-0.0171999 
-0.0196592 
-0.0217646 
-0.0234479 
-0.0246089 
-0.0251177 
-0.0248698 
-0.0239498 
-0.0227708 
-0.0220312 
-0.0218626 
-0.0218984 
-0.0218727 
-0.0216541 
-0.0212056 
-0.02052 
-0.0195824 
-0.0183755 
-0.0168857 
-0.0151072 
-0.0130423 
-0.0107023 
-0.00810957 
-0.00530294 
-0.00234397 
0.000676835 
0.00363836 
0.0064043 
0.00885737 
0.0109185 
0.0125538 
0.0137746 
0.0146258 
0.0151714 
0.015482 
0.0156266 
0.0156667 
0.0156531 
0.0156221 
0.0155931 
0.0155661 
0.0155202 
0.0154114 
0.0151715 
0.0147079 
0.0139088 
0.0127742 
0.0127742 
0.0309905 
0.0309905 
0.0282548 
0.0255249 
0.0230381 
0.0207392 
0.0185018 
0.0162148 
0.0137947 
0.0111951 
0.00841167 
0.00548107 
0.00246951 
-0.000550024 
-0.00350971 
-0.00635232 
-0.00903715 
-0.0115358 
-0.0138243 
-0.0158752 
-0.0176513 
-0.0190988 
-0.0201408 
-0.020673 
-0.020589 
-0.0199045 
-0.0189092 
-0.0182172 
-0.018039 
-0.0180318 
-0.0179589 
-0.0177296 
-0.0173222 
-0.0167321 
-0.0159444 
-0.0149427 
-0.0137152 
-0.0122575 
-0.010573 
-0.008674 
-0.0065829 
-0.00433486 
-0.00198107 
0.000409564 
0.00275205 
0.00494878 
0.00691371 
0.00858756 
0.009942 
0.0109805 
0.011732 
0.0122414 
0.0125608 
0.0127425 
0.0128339 
0.012874 
0.0128907 
0.012898 
0.0128941 
0.0128601 
0.0127573 
0.0125285 
0.0120975 
0.0113956 
0.0104633 
0.0104633 
0.0235638 
0.0235638 
0.0215072 
0.0193788 
