0 
0.000374083 
0.0011521 
0.0024122 
0.00330465 
0.00388914 
0.00422073 
0.00436656 
0.00437786 
0.00429172 
0.00413342 
0.00391939 
0.00365986 
0.0033611 
0.00302718 
0.00266129 
0.00226667 
0.00184736 
0.00140865 
0.000957553 
0.000503355 
5.96828e-05 
-0.0003596 
-0.000750297 
-0.00111043 
-0.00143456 
-0.00171627 
-0.0019504 
-0.00213288 
-0.00226113 
-0.00233448 
-0.00235491 
-0.00232779 
-0.00226261 
-0.00217365 
-0.00207991 
-0.00200252 
-0.00195811 
-0.00194889 
-0.00195595 
-0.00194463 
-0.00188315 
-0.00176122 
-0.00159283 
-0.00140323 
-0.00121437 
-0.0010388 
-0.00088088 
-0.000740182 
-0.000614289 
-0.000500293 
-0.000395555 
-0.000298133 
-0.000206719 
-0.000120402 
-3.86543e-05 
3.86705e-05 
0.000112347 
0.000181548 
0.000244669 
0.000300394 
0.00034736 
0.000384206 
0.000409667 
0.000422833 
0 
-0.000374083 
-0.000374083 
-0.0011521 
-0.0024122 
-0.00330465 
-0.00388914 
-0.00422073 
-0.00436656 
-0.00437786 
-0.00429172 
-0.00413342 
-0.00391939 
-0.00365986 
-0.0033611 
-0.00302718 
-0.00266129 
-0.00226667 
-0.00184736 
-0.00140865 
-0.000957553 
-0.000503355 
-5.96828e-05 
0.0003596 
0.000750297 
0.00111043 
0.00143456 
0.00171627 
0.0019504 
0.00213288 
0.00226113 
0.00233448 
0.00235491 
0.00232779 
0.00226261 
0.00217365 
0.00207991 
0.00200252 
0.00195811 
0.00194889 
0.00195595 
0.00194463 
0.00188315 
0.00176122 
0.00159283 
0.00140323 
0.00121437 
0.0010388 
0.00088088 
0.000740182 
0.000614289 
0.000500293 
0.000395555 
0.000298133 
0.000206719 
0.000120402 
3.86543e-05 
-3.86705e-05 
-0.000112347 
-0.000181548 
-0.000244669 
-0.000300394 
-0.00034736 
-0.000384206 
-0.000409667 
-0.000422833 
-0.000422833 
-0.00118282 
-0.00118282 
-0.00480536 
-0.00782687 
-0.00997413 
-0.0113514 
-0.0121231 
-0.0124452 
-0.0124404 
-0.0121985 
-0.011781 
-0.0112264 
-0.0105575 
-0.00978643 
-0.00891956 
-0.00796107 
-0.00691558 
-0.00579009 
-0.00459532 
-0.00334675 
-0.00206549 
-0.000780323 
0.000476059 
0.00167912 
0.00281027 
0.00384841 
0.00477093 
0.00555776 
0.0061934 
0.00666772 
0.00697703 
0.00712557 
0.0071275 
0.00700871 
0.00680839 
0.00657855 
0.00637749 
0.00625189 
0.00620977 
0.00620157 
0.00613556 
0.00592979 
0.00556189 
0.00507366 
0.00453396 
0.00400013 
0.00350359 
0.00305453 
0.00265141 
0.00228797 
0.00195697 
0.00165174 
0.00136675 
0.00109766 
0.000841403 
0.000596418 
0.000362536 
0.000141272 
-6.49542e-05 
-0.000252691 
-0.000418271 
-0.000557993 
-0.000667805 
-0.000743812 
-0.000783135 
-0.000783135 
-0.00561379 
-0.00561379 
-0.0100471 
-0.0138581 
-0.0166957 
-0.0185431 
-0.019572 
-0.019974 
-0.0199148 
-0.0195202 
-0.0188754 
-0.0180329 
-0.0170207 
-0.0158514 
-0.0145296 
-0.0130572 
-0.0114378 
-0.00967941 
-0.00779655 
-0.0058112 
-0.0037531 
-0.00165979 
0.000423315 
0.00244876 
0.00437372 
0.00615775 
0.00776182 
0.00915028 
0.0102944 
0.0111743 
0.011781 
0.0121185 
0.0122066 
0.0120837 
0.0118088 
0.0114606 
0.0111279 
0.0108836 
0.0107428 
0.0106343 
0.0104249 
0.0100007 
0.00934008 
0.00851419 
0.00762749 
0.00676208 
0.00596023 
0.00523378 
0.0045787 
0.00398498 
0.00344146 
0.00293798 
0.00246611 
0.00201942 
0.00159342 
0.00118547 
0.000794969 
0.000423166 
7.3564e-05 
-0.000247186 
-0.000531187 
-0.000771545 
-0.000960841 
-0.00109207 
-0.00116008 
-0.00116008 
-0.0113148 
-0.0113148 
-0.0159155 
-0.0201367 
-0.0233146 
-0.0253561 
-0.0264413 
-0.0267963 
-0.0266206 
-0.0260627 
-0.0252186 
-0.0241418 
-0.0228556 
-0.0213653 
-0.019668 
-0.0177599 
-0.0156413 
-0.0133202 
-0.0108148 
-0.00815399 
-0.00537713 
-0.00253212 
0.000322969 
0.00312265 
0.00580486 
0.00831133 
0.0105878 
0.0125843 
0.0142581 
0.0155774 
0.0165244 
0.0170988 
0.0173219 
0.0172399 
0.0169266 
0.016482 
0.01602 
0.015634 
0.0153438 
0.0150603 
0.0146238 
0.0139095 
0.0129129 
0.0117375 
0.010515 
0.0093406 
0.00825889 
0.00727896 
0.00639263 
0.00558581 
0.00484364 
0.00415267 
0.00350166 
0.00288187 
0.00228723 
0.00171465 
0.0011641 
0.000639085 
0.000144853 
-0.000310242 
-0.000715797 
-0.00106115 
-0.00133488 
-0.00152552 
-0.00162465 
-0.00162465 
-0.0173629 
-0.0173629 
-0.0221662 
-0.0265178 
-0.0296995 
-0.0316524 
-0.0326015 
-0.0328055 
-0.032483 
-0.0317858 
-0.0308026 
-0.0295728 
-0.0281037 
-0.0263856 
-0.0244033 
-0.0221442 
-0.0196044 
-0.0167914 
-0.0137273 
-0.0104491 
-0.00700839 
-0.00346758 
0.000101633 
0.00362068 
0.00701106 
0.0101998 
0.0131197 
0.0157091 
0.0179137 
0.01969 
0.0210099 
0.0218655 
0.0222752 
0.0222878 
0.0219868 
0.0214877 
0.0209228 
0.0203989 
0.019934 
0.0194233 
0.0186952 
0.0176378 
0.0162804 
0.0147597 
0.0132243 
0.0117715 
0.0104406 
0.00923462 
0.0081404 
0.00713983 
0.00621476 
0.00534895 
0.00452887 
0.00374411 
0.00298733 
0.0022545 
0.00154515 
0.000861738 
0.000211909 
-0.00039226 
-0.000935475 
-0.00140126 
-0.00177219 
-0.00203178 
-0.0021678 
-0.0021678 
-0.0232631 
-0.0232631 
-0.0282554 
-0.0325603 
-0.0355262 
-0.0372123 
-0.0379156 
-0.0379264 
-0.0374691 
-0.0366825 
-0.0356318 
-0.0343306 
-0.032762 
-0.0308965 
-0.0287042 
-0.0261634 
-0.023265 
-0.0200158 
-0.0164415 
-0.0125883 
-0.00852182 
-0.00432276 
-8.24386e-05 
0.00410274 
0.00813974 
0.011945 
0.0154444 
0.0185705 
0.0212628 
0.0234701 
0.0251552 
0.0263018 
0.0269218 
0.0270628 
0.0268123 
0.0262964 
0.0256586 
0.0250089 
0.0243548 
0.0235769 
0.0225092 
0.0210758 
0.0193529 
0.0175072 
0.0156926 
0.013998 
0.0124523 
0.0110505 
0.00977427 
0.00860152 
0.00751103 
0.0064838 
0.00550394 
0.00455872 
0.00363952 
0.00274142 
0.00186416 
0.00101457 
0.000200407 
-0.000563791 
-0.00125598 
-0.00185486 
-0.00233697 
-0.00267761 
-0.00285836 
-0.00285836 
-0.0287518 
-0.0287518 
-0.0339129 
-0.0380215 
-0.040617 
-0.0419344 
-0.0423478 
-0.0421708 
-0.0416187 
-0.0408027 
-0.0397538 
-0.038452 
-0.036853 
-0.0349067 
-0.032569 
-0.0298089 
-0.0266123 
-0.022984 
-0.018952 
-0.0145706 
-0.00992098 
-0.00510544 
-0.000237973 
0.00456677 
0.00919808 
0.0135615 
0.0175779 
0.0211785 
0.0243016 
0.0268934 
0.0289116 
0.0303331 
0.0311635 
0.0314468 
0.0312723 
0.0307708 
0.0300888 
0.0293274 
0.0284738 
0.0273991 
0.0259636 
0.024149 
0.0220839 
0.0199552 
0.0179095 
0.0160188 
0.0142988 
0.0127364 
0.011308 
0.00998841 
0.00875358 
0.00758222 
0.00645625 
0.00536154 
0.00428743 
0.0032289 
0.00218472 
0.00115654 
0.000159634 
-0.00078622 
-0.00165307 
-0.00241069 
-0.00302796 
-0.0034697 
-0.00370805 
-0.00370805 
-0.0336014 
-0.0336014 
-0.0388819 
-0.042691 
-0.0448425 
-0.0457684 
-0.0459037 
-0.045574 
-0.0449745 
-0.0441801 
-0.0431826 
-0.041928 
-0.0403455 
-0.0383664 
-0.0359344 
-0.0330103 
-0.0295739 
-0.0256256 
-0.0211917 
-0.016332 
-0.0111424 
-0.00574821 
-0.000290622 
0.00508656 
0.0102508 
0.0150997 
0.0195552 
0.0235529 
0.0270351 
0.0299491 
0.0322504 
0.0339115 
0.034933 
0.0353555 
0.0352681 
0.0348022 
0.0340965 
0.0332294 
0.032162 
0.0307677 
0.0289577 
0.0267857 
0.0244275 
0.0220748 
0.0198546 
0.0178178 
0.0159662 
0.0142792 
0.0127295 
0.0112891 
0.00993143 
0.00863299 
0.0073736 
0.00613583 
0.00490903 
0.0036831 
0.0024553 
0.00123388 
3.81233e-05 
-0.00110692 
-0.00217273 
-0.00311965 
-0.0039037 
-0.00447437 
-0.00478904 
-0.00478904 
-0.0376763 
-0.0376763 
-0.0430191 
-0.0464696 
-0.0481677 
-0.0487299 
-0.048625 
-0.0481833 
-0.0475725 
-0.0468298 
-0.0459089 
-0.0447256 
-0.0431872 
-0.04121 
-0.0387268 
-0.0356914 
-0.0320772 
-0.0278773 
-0.0231112 
-0.0178395 
-0.0121713 
-0.0062543 
-0.000258008 
0.00563719 
0.0112697 
0.0165309 
0.0213483 
0.0256665 
0.0294356 
0.0326068 
0.0351362 
0.0369937 
0.0381771 
0.0387255 
0.0387272 
0.0383078 
0.0375861 
0.0366056 
0.0353035 
0.033578 
0.0314141 
0.02894 
0.0263618 
0.0238577 
0.0215263 
0.0193966 
0.0174582 
0.0156853 
0.0140477 
0.0125151 
0.0110593 
0.00965464 
0.00827841 
0.00691149 
0.0055371 
0.00414142 
0.00272617 
0.00130163 
-0.00011381 
-0.00149416 
-0.00280124 
-0.00398422 
-0.00498286 
-0.00572533 
-0.00614606 
-0.00614606 
-0.0408932 
-0.0408932 
-0.046241 
-0.04932 
-0.0506051 
-0.0508588 
-0.0505586 
-0.0500369 
-0.049432 
-0.0487475 
-0.0479053 
-0.0467979 
-0.0453157 
-0.0433628 
-0.040863 
-0.0377636 
-0.0340321 
-0.0296533 
-0.0246346 
-0.0190316 
-0.0129635 
-0.00659527 
-0.000128454 
0.00620437 
0.0122141 
0.017797 
0.0228937 
0.027459 
0.0314495 
0.0348195 
0.0375255 
0.0395371 
0.0408519 
0.0415097 
0.0415962 
0.0412232 
0.0404759 
0.0393576 
0.0377986 
0.0357509 
0.0332868 
0.0305949 
0.0278859 
0.0253086 
0.0229303 
0.0207604 
0.0187799 
0.0169595 
0.0152675 
0.0136723 
0.0121438 
0.0106544 
0.00917819 
0.00769004 
0.0061656 
0.00459754 
0.00298865 
0.0013432 
-0.000318465 
-0.00196922 
-0.00356626 
-0.00504497 
-0.00632361 
-0.00730019 
-0.0078728 
-0.0078728 
-0.0432262 
-0.0432262 
-0.0485273 
-0.0512601 
-0.0522025 
-0.0522095 
-0.0517539 
-0.0511695 
-0.0505683 
-0.049929 
-0.0491503 
-0.0481085 
-0.0466821 
-0.0447654 
-0.042274 
-0.0391489 
-0.0353533 
-0.0308667 
-0.0256832 
-0.0198472 
-0.0134834 
-0.00676484 
7.04734e-05 
0.00672377 
0.0129956 
0.0188045 
0.0241046 
0.0288553 
0.0330139 
0.0365345 
0.0393737 
0.0415027 
0.0429222 
0.0436734 
0.0438353 
0.0434937 
0.0426905 
0.0413988 
0.0395727 
0.0372447 
0.0345689 
0.0317641 
0.0290199 
0.0264467 
0.0240826 
0.0219229 
0.0199437 
0.0181143 
0.0164023 
0.0147755 
0.0132026 
0.011653 
0.0100945 
0.00849519 
0.00683552 
0.00510485 
0.00329745 
0.00141467 
-0.000526295 
-0.00249812 
-0.00445264 
-0.00631085 
-0.00796407 
-0.00926879 
-0.0100657 
-0.0100657 
-0.0446895 
-0.0446895 
-0.0499021 
-0.0523422 
-0.0530247 
-0.0528425 
-0.0522628 
-0.0516187 
-0.0510048 
-0.0503847 
-0.0496435 
-0.0486477 
-0.0472682 
-0.045391 
-0.0429238 
-0.0398003 
-0.0359805 
-0.0314438 
-0.0261786 
-0.0202152 
-0.0136732 
-0.0067424 
0.000280439 
0.00708092 
0.0134994 
0.0194599 
0.0249092 
0.0297998 
0.0340847 
0.0377163 
0.0406523 
0.0428678 
0.0443689 
0.0451961 
0.0454121 
0.0450657 
0.0441586 
0.0426623 
0.0405912 
0.038066 
0.0352943 
0.0324892 
0.0298006 
0.0273006 
0.0250055 
0.0229022 
0.0209651 
0.0191638 
0.0174663 
0.01584 
0.0142519 
0.0126661 
0.0110435 
0.00935395 
0.00757384 
0.00568434 
0.00367242 
0.00153371 
-0.000719192 
-0.00306665 
-0.00546118 
-0.00780908 
-0.00996798 
-0.0117371 
-0.0128683 
-0.0128683 
-0.0453259 
-0.0453259 
-0.0504248 
-0.0526428 
-0.0531471 
-0.0528245 
-0.0521429 
-0.0514322 
-0.0507807 
-0.0501469 
-0.0494115 
-0.0484369 
-0.0470898 
-0.045251 
-0.0428215 
-0.0397271 
-0.0359229 
-0.0313901 
-0.0261226 
-0.020153 
-0.0135854 
-0.00662496 
0.000407506 
0.00723554 
0.0137167 
0.0197608 
0.0253008 
0.0302794 
0.0346437 
0.0383446 
0.0413426 
0.0436176 
0.0451785 
0.0460568 
0.0462877 
0.0458813 
0.0448228 
0.0431222 
0.0408762 
0.0382728 
0.0355315 
0.0328302 
0.0302742 
0.0279051 
0.0257258 
0.02372 
0.0218629 
0.0201255 
0.0184768 
0.0168843 
0.0153118 
0.0137166 
0.0120597 
0.0103076 
0.008429 
0.00639485 
0.00418105 
0.00177295 
-0.000829419 
-0.00362207 
-0.00656609 
-0.00955346 
-0.0123977 
-0.0148179 
-0.0164359 
-0.0164359 
-0.0451997 
-0.0451997 
-0.0501602 
-0.0522334 
-0.052636 
-0.0522203 
-0.0514569 
-0.0506693 
-0.0499533 
-0.0492713 
-0.0485076 
-0.0475251 
-0.0461898 
-0.0443798 
-0.0419917 
-0.0389456 
-0.0351904 
-0.0307073 
-0.0255118 
-0.0196591 
-0.0132559 
-0.00647353 
0.000436079 
0.00721128 
0.0136802 
0.0197405 
0.0253109 
0.0303243 
0.0347222 
0.0384543 
0.0414791 
0.0437788 
0.0453627 
0.046243 
0.0464235 
0.045895 
0.0446662 
0.0428164 
0.0405121 
0.0379656 
0.0353697 
0.0328555 
0.0304906 
0.0282971 
0.0262719 
0.0243991 
0.0226565 
0.0210169 
0.0194512 
0.017927 
0.0164016 
0.0148313 
0.0131754 
0.0113937 
0.00944421 
0.00728526 
0.00487764 
0.00218962 
-0.000801507 
-0.00412592 
-0.00776569 
-0.0115896 
-0.0153427 
-0.0186312 
-0.0209069 
-0.0209069 
-0.0443585 
-0.0443585 
-0.0492248 
-0.0512274 
-0.0515861 
-0.0511112 
-0.0502753 
-0.0494006 
-0.0485975 
-0.0478396 
-0.0470205 
-0.046008 
-0.044671 
-0.0428888 
-0.0405576 
-0.0375952 
-0.0339478 
-0.0295952 
-0.0245546 
-0.0188893 
-0.0127093 
-0.00617831 
0.000493131 
0.00709186 
0.0134419 
0.0194248 
0.024944 
0.029922 
0.0342941 
0.0380074 
0.0410216 
0.0433117 
0.0448721 
0.0456947 
0.0457688 
0.0451011 
0.0437526 
0.0418625 
0.0396353 
0.0372661 
0.034902 
0.0326319 
0.0304977 
0.0285122 
0.0266715 
0.0249621 
0.0233645 
0.0218553 
0.0204084 
0.0189858 
0.0175438 
0.0160389 
0.0144266 
0.0126574 
0.0106769 
0.00842629 
0.00584346 
0.00286516 
-0.000574836 
-0.00456434 
-0.00910518 
-0.0140049 
-0.0188941 
-0.0232345 
-0.0262964 
-0.0262964 
-0.0428806 
-0.0428806 
-0.047705 
-0.0497016 
-0.0500684 
-0.0495717 
-0.0486795 
-0.0477151 
-0.0468084 
-0.0459513 
-0.0450514 
-0.043986 
-0.0426301 
-0.0408678 
-0.0385984 
-0.0357413 
-0.0322423 
-0.0280801 
-0.023272 
-0.0178781 
-0.0120006 
-0.00578553 
0.00058618 
0.00692676 
0.0130703 
0.0188901 
0.0242795 
0.0291521 
0.0334356 
0.0370718 
0.0400143 
0.0422287 
0.0436957 
0.0444003 
0.0443453 
0.0435784 
0.0422135 
0.0404242 
0.0383985 
0.0362925 
0.0342124 
0.0322181 
0.0303384 
0.0285831 
0.0269496 
0.0254285 
0.0240047 
0.0226588 
0.021362 
0.0200754 
0.0187577 
0.0173643 
0.015845 
0.0141402 
0.0121792 
0.00987882 
0.00713841 
0.00383685 
-0.000165285 
-0.00502723 
-0.0107219 
-0.0169174 
-0.0230865 
-0.0285514 
-0.0324349 
-0.0324349 
-0.0408468 
-0.0408468 
-0.045683 
-0.0477332 
-0.0481594 
-0.0476822 
-0.0467576 
-0.0457111 
-0.0446946 
-0.0437237 
-0.0427256 
-0.0415898 
-0.0402005 
-0.0384495 
-0.0362426 
-0.0335036 
-0.0301801 
-0.0262495 
-0.021725 
-0.016659 
-0.0111424 
-0.00530336 
0.000702756 
0.00671294 
0.0125718 
0.0181485 
0.0233306 
0.0280238 
0.0321488 
0.03564 
0.0384442 
0.0405209 
0.0418487 
0.042425 
0.0422842 
0.0415143 
0.0402563 
0.038678 
0.0369336 
0.0351378 
0.0333652 
0.0316605 
0.0300478 
0.0285368 
0.0271284 
0.0258178 
0.0245937 
0.0234375 
0.0223205 
0.0212071 
0.0200579 
0.0188271 
0.0174582 
0.0158796 
0.0139983 
0.0116901 
0.00878601 
0.00506785 
0.000301567 
-0.0057011 
-0.0127698 
-0.020365 
-0.0278144 
-0.0343544 
-0.0390183 
-0.0390183 
-0.0383337 
-0.0383337 
-0.0432312 
-0.0453898 
-0.0459275 
-0.045517 
-0.0445953 
-0.0434872 
-0.0423672 
-0.041279 
-0.0401735 
-0.0389564 
-0.037523 
-0.0357744 
-0.0336248 
-0.0310049 
-0.0278665 
-0.0241876 
-0.019977 
-0.0152777 
-0.0101668 
-0.00475247 
0.000834232 
0.00645243 
0.011958 
0.0172184 
0.0221181 
0.0265579 
0.0304531 
0.0337335 
0.0363441 
0.0382483 
0.0394353 
0.0399261 
0.039784 
0.0391176 
0.0380652 
0.036767 
0.0353397 
0.0338674 
0.0324072 
0.0309956 
0.0296546 
0.0283965 
0.0272264 
0.0261429 
0.0251378 
0.0241946 
0.0232873 
0.0223847 
0.02145 
0.0204362 
0.0192804 
0.0178947 
0.0161495 
0.0138497 
0.0107142 
0.00639993 
0.000607343 
-0.00676196 
-0.0152887 
-0.0242359 
-0.0328533 
-0.0403557 
-0.0457311 
-0.0457311 
-0.0354106 
-0.0354106 
-0.040413 
-0.0427303 
-0.043432 
-0.0431415 
-0.0422693 
-0.0411346 
-0.039932 
-0.0387354 
-0.0375242 
-0.0362239 
-0.0347428 
-0.0329921 
-0.0308949 
-0.0283902 
-0.0254355 
-0.0220109 
-0.0181225 
-0.0138053 
-0.009123 
-0.00416507 
0.00096144 
0.00613792 
0.0112321 
0.0161133 
0.0206662 
0.0247903 
0.0284001 
0.031427 
0.0338219 
0.0355595 
0.0366458 
0.0371214 
0.0370637 
0.0365794 
0.0357861 
0.0347922 
0.0336852 
0.0325301 
0.0313738 
0.0302491 
0.0291787 
0.028177 
0.0272529 
0.0264084 
0.0256381 
0.0249284 
0.0242585 
0.0236028 
0.0229276 
0.0221854 
0.0213051 
0.0201722 
0.0185953 
0.0162668 
0.0127596 
0.00762312 
0.00058463 
-0.00823738 
-0.018159 
-0.0283203 
-0.0379535 
-0.046291 
-0.0523071 
-0.0523071 
-0.0321374 
-0.0321374 
-0.0372828 
-0.0398039 
-0.0407208 
-0.0406075 
-0.0398417 
-0.0387296 
-0.0374801 
-0.0361975 
-0.034893 
-0.0335166 
-0.031992 
-0.030241 
-0.0281954 
-0.0258021 
-0.0230251 
-0.0198478 
-0.0162753 
-0.0123364 
-0.00808383 
-0.00359044 
0.00105785 
0.00576271 
0.0104058 
0.0148633 
0.019025 
0.0227946 
0.0260917 
0.0288551 
0.0310459 
0.0326523 
0.0336932 
0.0342176 
0.0343013 
0.0340355 
0.0335129 
0.0328164 
0.0320136 
0.0311578 
0.03029 
0.0294414 
0.0286355 
0.027889 
0.0272137 
0.0266147 
0.0260897 
0.0256299 
0.0252211 
0.0248437 
0.0244683 
0.0240466 
0.0234936 
0.0226507 
0.0212316 
0.0187826 
0.014732 
0.00858773 
0.000208424 
-0.0100103 
-0.0211887 
-0.0324082 
-0.0429022 
-0.0519455 
-0.0585313 
-0.0585313 
-0.0285651 
-0.0285651 
-0.0338859 
-0.0366502 
-0.0378299 
-0.0379517 
-0.037356 
-0.0363281 
-0.0350822 
-0.0337491 
-0.0323742 
-0.0309366 
-0.0293793 
-0.0276359 
-0.0256461 
-0.0233638 
-0.0207585 
-0.0178175 
-0.0145459 
-0.0109682 
-0.00712834 
-0.00308592 
0.00109034 
0.00531926 
0.00949769 
0.0135146 
0.0172698 
0.0206761 
0.0236628 
0.0261789 
0.0281964 
0.0297131 
0.0307531 
0.0313637 
0.0316096 
0.0315634 
0.0312967 
0.0308739 
0.03035 
0.0297703 
0.0291721 
0.0285852 
0.028034 
0.027537 
0.0271085 
0.0267562 
0.026482 
0.0262829 
0.026152 
0.0260764 
0.0260313 
0.0259654 
0.0257699 
0.025221 
0.0239102 
0.0212287 
0.0164992 
0.00926606 
-0.00042112 
-0.0119052 
-0.024196 
-0.0363298 
-0.0475317 
-0.0571476 
-0.0642285 
-0.0642285 
-0.024737 
-0.024737 
-0.0302605 
-0.0333005 
-0.0347846 
-0.0351959 
-0.0348361 
-0.0339626 
-0.032784 
-0.0314493 
-0.0300368 
-0.0285589 
-0.0269833 
-0.0252579 
-0.0233309 
-0.0211614 
-0.0187233 
-0.0160064 
-0.0130163 
-0.00977449 
-0.00631799 
-0.00269641 
0.00103399 
0.0048061 
0.00853325 
0.0121206 
0.0154814 
0.0185411 
0.0212401 
0.0235379 
0.0254147 
0.0268727 
0.027935 
0.0286415 
0.0290437 
0.0291979 
0.0291599 
0.0289812 
0.0287077 
0.0283791 
0.0280296 
0.0276876 
0.0273781 
0.0271209 
0.0269322 
0.0268227 
0.0267987 
0.0268639 
0.0270184 
0.0272565 
0.027557 
0.0278613 
0.0280258 
0.0277444 
0.0264768 
0.0234777 
0.0180161 
0.0097248 
-0.00115231 
-0.013756 
-0.0270368 
-0.039953 
-0.0517075 
-0.0617569 
-0.0692536 
-0.0692536 
-0.0206906 
-0.0206906 
-0.0264395 
-0.0297805 
-0.0316018 
-0.0323491 
-0.0322875 
-0.0316419 
-0.0306045 
-0.0293305 
-0.0279245 
-0.0264332 
-0.0248547 
-0.023157 
-0.0212986 
-0.0192434 
-0.016968 
-0.0144635 
-0.0117353 
-0.00880199 
-0.00569503 
-0.00245595 
0.000867965 
0.00422067 
0.00753125 
0.0107218 
0.0137204 
0.0164655 
0.0189089 
0.0210184 
0.0227796 
0.0241955 
0.0252851 
0.0260798 
0.0266193 
0.0269472 
0.0271077 
0.0271429 
0.0270917 
0.0269891 
0.0268664 
0.0267508 
0.0266672 
0.0266364 
0.0266762 
0.0268 
0.0270191 
0.0273433 
0.0277796 
0.0283284 
0.0289703 
0.0296345 
0.0301345 
0.0300769 
0.0287996 
0.0254558 
0.0193016 
0.0100688 
-0.00184211 
-0.0154336 
-0.029598 
-0.0431655 
-0.0553127 
-0.0656542 
-0.0734836 
-0.0734836 
-0.0164599 
-0.0164599 
-0.022453 
-0.0261131 
-0.0282944 
-0.0294125 
-0.0297014 
-0.0293536 
-0.0285361 
-0.027397 
-0.0260548 
-0.0245861 
-0.0230228 
-0.0213594 
-0.0195704 
-0.0176264 
-0.0155057 
-0.0131992 
-0.0107107 
-0.00805619 
-0.00526253 
-0.002365 
0.000595783 
0.00357308 
0.00651111 
0.0093473 
0.0120238 
0.0144911 
0.0167107 
0.0186571 
0.020319 
0.0216986 
0.0228103 
0.023678 
0.024332 
0.0248064 
0.0251366 
0.0253573 
0.0255017 
0.0256005 
0.0256825 
0.0257734 
0.0258977 
0.0260766 
0.0263293 
0.0266718 
0.0271199 
0.0276884 
0.0283903 
0.0292303 
0.0301882 
0.0311774 
0.0319674 
0.0320862 
0.0307762 
0.0271255 
0.020398 
0.0103982 
-0.0023819 
-0.0168459 
-0.0317819 
-0.0458543 
-0.0582341 
-0.0687319 
-0.07681 
-0.07681 
-0.0120775 
-0.0120775 
-0.0183304 
-0.0223214 
-0.0248756 
-0.0263851 
-0.0270614 
-0.0270692 
-0.0265474 
-0.0256248 
-0.0244184 
-0.023023 
-0.021501 
-0.0198794 
-0.0181562 
-0.0163147 
-0.0143368 
-0.0122125 
-0.00994312 
-0.00754092 
-0.0050278 
-0.0024331 
0.000208599 
0.00285811 
0.00547128 
0.0079988 
0.010395 
0.0126207 
0.0146455 
0.0164492 
0.0180227 
0.019367 
0.0204928 
0.0214177 
0.0221652 
0.022762 
0.0232365 
0.0236172 
0.0239328 
0.0242097 
0.0244745 
0.0247511 
0.0250637 
0.025433 
0.0258795 
0.0264212 
0.0270774 
0.0278665 
0.0288053 
0.029901 
0.0311295 
0.0323881 
0.0334085 
0.0336604 
0.032325 
0.028457 
0.0213292 
0.0107699 
-0.00271351 
-0.0179308 
-0.0334881 
-0.047889 
-0.0603517 
-0.0708883 
-0.0791353 
-0.0791353 
-0.00757577 
-0.00757577 
-0.0141022 
-0.0184314 
-0.0213627 
-0.023271 
-0.0243531 
-0.0247547 
-0.02459 
-0.0239631 
-0.0229752 
-0.021722 
-0.020285 
-0.0187212 
-0.0170594 
-0.0153043 
-0.013448 
-0.0114819 
-0.00940425 
-0.00722308 
-0.00495557 
-0.00262601 
-0.000263584 
0.00209894 
0.00442845 
0.00668695 
0.00883868 
0.0108531 
0.0127063 
0.0143827 
0.0158745 
0.0171822 
0.0183133 
0.0192812 
0.0201036 
0.0208015 
0.0213977 
0.0219154 
0.0223792 
0.0228118 
0.0232379 
0.023679 
0.0241589 
0.0246973 
0.0253157 
0.026033 
0.0268707 
0.0278489 
0.0289858 
0.0302881 
0.0317259 
0.0331818 
0.0343615 
0.0347026 
0.0333609 
0.0293869 
0.0220585 
0.0111818 
-0.00281672 
-0.0186404 
-0.0345981 
-0.049121 
-0.0615464 
-0.0720348 
-0.0803812 
-0.0803812 
-0.00298871 
-0.00298871 
-0.00979975 
-0.0144723 
-0.0177805 
-0.0200847 
-0.0215731 
-0.0223828 
-0.0226122 
-0.0223436 
-0.0216552 
-0.0206278 
-0.0193432 
-0.0178764 
-0.016285 
-0.0146038 
-0.0128459 
-0.0110118 
-0.00909972 
-0.00711293 
-0.00506241 
-0.00296608 
-0.000846772 
0.00126919 
0.0033549 
0.00538176 
0.00732219 
0.00915285 
0.0108556 
0.0124184 
0.0138353 
0.0151064 
0.0162371 
0.0172374 
0.0181209 
0.0189032 
0.019603 
0.0202383 
0.0208306 
0.0213987 
0.0219657 
0.0225506 
0.0231766 
0.023862 
0.0246286 
0.0254954 
0.0264837 
0.027614 
0.0289035 
0.0303555 
0.0319333 
0.0335088 
0.0347758 
0.0351668 
0.0338455 
0.0298818 
0.0225601 
0.0116263 
-0.0027075 
-0.0189325 
-0.0349723 
-0.0494072 
-0.0617123 
-0.0721031 
-0.0804892 
-0.0804892 
0.00165199 
0.00165199 
-0.00545161 
-0.0104745 
-0.0141595 
-0.0168535 
-0.0187378 
-0.0199481 
-0.0205782 
-0.0206989 
-0.0203693 
-0.019648 
-0.0186004 
-0.0172985 
-0.0158144 
-0.0142094 
-0.0125262 
-0.010787 
-0.00899951 
-0.00716681 
-0.00529472 
-0.00339486 
-0.00148412 
0.000416676 
0.00228776 
0.00411012 
0.00586318 
0.00752969 
0.00909642 
0.0105546 
0.0119 
0.0131326 
0.0142566 
0.015279 
0.01621 
0.017061 
0.0178471 
0.0185813 
0.0192829 
0.0199666 
0.0206545 
0.0213625 
0.0221131 
0.0229227 
0.0238126 
0.0248005 
0.0259079 
0.0271526 
0.0285481 
0.0300919 
0.0317388 
0.0333516 
0.0346204 
0.03499 
0.0336564 
0.0297375 
0.0225549 
0.0118436 
-0.00245857 
-0.0186438 
-0.0343951 
-0.0485973 
-0.0607584 
-0.071042 
-0.0794235 
-0.0794235 
0.00631256 
0.00631256 
-0.00108094 
-0.00646382 
-0.0105323 
-0.0136153 
-0.0158847 
-0.0174764 
-0.0184882 
-0.0189918 
-0.0190397 
-0.0186748 
-0.0179413 
-0.0168918 
-0.0155901 
-0.0141063 
-0.0125068 
-0.0108433 
-0.00914772 
-0.00743457 
-0.00570957 
-0.00397768 
-0.00224744 
-0.000531544 
0.00115607 
0.0028015 
0.00439114 
0.00591314 
0.0073589 
0.00872295 
0.0100029 
0.0111993 
0.0123152 
0.0133558 
0.0143282 
0.0152397 
0.0161022 
0.016923 
0.0177201 
0.0185039 
0.0192959 
0.0201085 
0.0209638 
0.0218755 
0.0228651 
0.0239491 
0.0251443 
0.0264654 
0.0279213 
0.0295026 
0.0311552 
0.032735 
0.0339357 
0.0342278 
0.0328588 
0.0290088 
0.0220418 
0.0116876 
-0.00208248 
-0.0176774 
-0.0329238 
-0.0467754 
-0.0587334 
-0.0688903 
-0.0772441 
-0.0772441 
0.010983 
0.010983 
0.00329306 
-0.00245851 
-0.00692542 
-0.0104095 
-0.0130653 
-0.0150244 
-0.0163891 
-0.0172407 
-0.0176393 
-0.0176281 
-0.0172404 
-0.0165091 
-0.0154753 
-0.0141936 
-0.0127295 
-0.0111522 
-0.00952153 
-0.00787925 
-0.00624732 
-0.00463417 
-0.00304351 
-0.00148027 
4.83706e-05 
0.00153521 
0.0029763 
0.00436519 
0.00569783 
0.00697201 
0.00818738 
0.00934513 
0.0104479 
0.0114984 
0.0125012 
0.0134596 
0.0143838 
0.0152748 
0.0161509 
0.0170165 
0.0178944 
0.0187919 
0.0197314 
0.020725 
0.0217927 
0.0229452 
0.0241975 
0.02556 
0.0270358 
0.0286077 
0.0302132 
0.0317033 
0.0327816 
0.0329539 
0.0315334 
0.0277759 
0.0211024 
0.0112658 
-0.0015997 
-0.0161978 
-0.0306998 
-0.0440542 
-0.0557327 
-0.0657336 
-0.0740363 
-0.0740363 
0.0156711 
0.0156711 
0.00767273 
0.00153212 
-0.00335322 
-0.00726506 
-0.0103296 
-0.0126627 
-0.0143649 
-0.0155262 
-0.0162221 
-0.0165111 
-0.0164353 
-0.0160249 
-0.0153058 
-0.014309 
-0.0130772 
-0.0116679 
-0.0101479 
-0.00858228 
-0.00702177 
-0.00549595 
-0.00401541 
-0.00258036 
-0.00118856 
0.000161251 
0.00147039 
0.00273903 
0.00396846 
0.00516035 
0.00631682 
0.00744015 
0.00853317 
0.0095975 
0.0106356 
0.0116458 
0.0126356 
0.0135945 
0.0145443 
0.0154835 
0.0164361 
0.017405 
0.0184149 
0.0194738 
0.0205972 
0.0217947 
0.0230774 
0.0244515 
0.0259139 
0.0274396 
0.0289586 
0.0303205 
0.0312438 
0.0312777 
0.0298109 
0.0261858 
0.0198919 
0.0107243 
-0.00106116 
-0.0144177 
-0.0279433 
-0.0406414 
-0.0519391 
-0.0617306 
-0.0699482 
-0.0699482 
0.0204005 
0.0204005 
0.012084 
0.00552541 
0.000185011 
-0.00419073 
-0.00770698 
-0.0104498 
-0.0125055 
-0.013964 
-0.0149127 
-0.0154306 
-0.0155826 
-0.0154176 
-0.0149693 
-0.0142615 
-0.0133164 
-0.0121629 
-0.0108434 
-0.00941384 
-0.00793666 
-0.00646809 
-0.00504648 
-0.00368818 
-0.00239253 
-0.00115167 
4.36418e-05 
0.00120189 
0.0023346 
0.00344799 
0.00454643 
0.00563448 
0.00671541 
0.0077879 
0.00884892 
0.00989317 
0.0109297 
0.0119372 
0.0129427 
0.0139353 
0.0149445 
0.0159677 
0.0170296 
0.0181327 
0.0192904 
0.0205105 
0.0218005 
0.0231621 
0.0245857 
0.0260397 
0.0274488 
0.0286646 
0.0294258 
0.0293298 
0.0278459 
0.0244091 
0.018584 
0.0102133 
-0.000407658 
-0.0124526 
-0.0248617 
-0.0367599 
-0.0475619 
-0.0570697 
-0.0651554 
-0.0651554 
0.0252031 
0.0252031 
0.016564 
0.00956195 
0.0037184 
-0.00117358 
-0.00519621 
-0.00840877 
-0.0108682 
-0.0126528 
-0.0138512 
-0.0145569 
-0.0148579 
-0.0148309 
-0.0145371 
-0.014021 
-0.0133119 
-0.0124288 
-0.0113887 
-0.0102156 
-0.00894595 
-0.00762737 
-0.00631035 
-0.0050361 
-0.00382691 
-0.00268425 
-0.0015951 
-0.000540705 
0.000497734 
0.00153376 
0.00257692 
0.00363255 
0.00470535 
0.00579567 
0.00690215 
0.00801322 
0.00913349 
0.0102045 
0.0112724 
0.0123237 
0.0133896 
0.0144638 
0.0155654 
0.0166989 
0.0178753 
0.0191017 
0.0203822 
0.0217143 
0.0230834 
0.0244525 
0.0257441 
0.0268154 
0.0274289 
0.0272331 
0.025777 
0.0225869 
0.0173009 
0.00979882 
0.000357603 
-0.0103747 
-0.0216058 
-0.0326005 
-0.0427987 
-0.0519396 
-0.0598388 
-0.0598388 
0.0301138 
0.0301138 
0.0211526 
0.013688 
0.00729678 
0.0018236 
-0.00277078 
-0.00652378 
-0.00945882 
-0.011631 
-0.0131215 
-0.0140287 
-0.0144555 
-0.0144998 
-0.0142493 
-0.0137788 
-0.0131481 
-0.0123991 
-0.0115564 
-0.0106318 
-0.00963295 
-0.00857181 
-0.00746938 
-0.00635385 
-0.00525376 
-0.00418924 
-0.0031662 
-0.00217589 
-0.00120116 
-0.000222469 
0.00077544 
0.00180914 
0.00289103 
0.00401516 
0.00515252 
0.00629145 
0.0074493 
0.00854962 
0.00965581 
0.0107378 
0.0118349 
0.0129352 
0.0140536 
0.0151968 
0.0163733 
0.0175891 
0.0188453 
0.0201361 
0.0214426 
0.0227242 
0.0239039 
0.0248478 
0.0253446 
0.025093 
0.0237172 
0.0208274 
0.0161282 
0.00952211 
0.00123905 
-0.00822242 
-0.0182696 
-0.0283016 
-0.0378104 
-0.0465064 
-0.0541633 
-0.0541633 
0.0351651 
0.0351651 
0.0258867 
0.0179455 
0.010969 
0.00485133 
-0.000390738 
-0.00475762 
-0.00824569 
-0.0108785 
-0.0127237 
-0.0138818 
-0.0144672 
-0.0145926 
-0.0143612 
-0.0138647 
-0.013186 
-0.0123983 
-0.0115614 
-0.0107163 
-0.00988298 
-0.00906439 
-0.00825481 
-0.00744763 
-0.00663879 
-0.00582577 
-0.00500477 
-0.00416826 
-0.003305 
-0.00240304 
-0.00145157 
-0.000444577 
0.000625391 
0.00176145 
0.00296593 
0.00424053 
0.00558418 
0.00675804 
0.00791076 
0.00906025 
0.0102011 
0.0113338 
0.012467 
0.0136129 
0.0147806 
0.0159768 
0.0172015 
0.0184469 
0.0196915 
0.0208936 
0.0219785 
0.0228244 
0.0232465 
0.0229908 
0.0217489 
0.0192041 
0.0151164 
0.0094006 
0.00222912 
-0.00602231 
-0.0149101 
-0.0239555 
-0.032716 
-0.0409025 
-0.0482665 
-0.0482665 
0.0403841 
0.0403841 
0.0307968 
0.0223691 
0.0147741 
0.00795413 
0.0019876 
-0.00307328 
-0.00719088 
-0.010356 
-0.0126154 
-0.0140718 
-0.0148559 
-0.0151016 
-0.0149287 
-0.0144387 
-0.0137182 
-0.0128459 
-0.0118965 
-0.0109397 
-0.0100335 
-0.00921549 
-0.00849839 
-0.00787247 
-0.00731413 
-0.0067938 
-0.00627979 
-0.00573812 
-0.00513142 
-0.00441854 
-0.00355739 
-0.00251321 
-0.00128945 
4.58646e-05 
0.00135626 
0.00264896 
0.0039935 
0.00516509 
0.00633447 
0.00749079 
0.00862737 
0.00975237 
0.0108697 
0.0119932 
0.0131322 
0.014294 
0.015478 
0.0166751 
0.0178627 
0.0189989 
0.0200138 
0.0207979 
0.0211926 
0.0209864 
0.0199286 
0.0177636 
0.0142953 
0.00944502 
0.00332653 
-0.00378545 
-0.0115568 
-0.0196168 
-0.0275951 
-0.0352244 
-0.042253 
-0.042253 
0.0457894 
0.0457894 
0.0359047 
0.0269858 
0.0187441 
0.011168 
0.00440112 
-0.0014389 
-0.00626591 
-0.0100345 
-0.0127626 
-0.014551 
-0.0155518 
-0.0159295 
-0.0158341 
-0.0153871 
-0.0146841 
-0.0138024 
-0.0128093 
-0.0117679 
-0.0107394 
-0.00978096 
-0.00893847 
-0.00823711 
-0.00767538 
-0.0072279 
-0.00685623 
-0.00651964 
-0.0061809 
-0.0058061 
-0.0053607 
-0.00480393 
-0.00407139 
-0.00307481 
-0.00176478 
-5.35777e-05 
0.00196113 
0.00333046 
0.00444423 
0.00570863 
0.00693096 
0.00809227 
0.00920738 
0.0103068 
0.0114111 
0.0125331 
0.0136749 
0.014828 
0.0159703 
0.0170616 
0.0180377 
0.018802 
0.0192197 
0.0191162 
0.0182883 
0.01653 
0.0136788 
0.00965857 
0.00453173 
-0.00151085 
-0.00821838 
-0.0153122 
-0.022495 
-0.0295358 
-0.0361956 
-0.0361956 
0.0513885 
0.0513885 
0.0412218 
0.0318127 
0.0229032 
0.0145223 
0.00688157 
0.000173294 
-0.00544922 
-0.00989689 
-0.0131499 
-0.0152999 
-0.0165219 
-0.0170182 
-0.0169792 
-0.0165579 
-0.0158692 
-0.014999 
-0.0140154 
-0.0129754 
-0.0119286 
-0.0109182 
-0.00998125 
-0.00914779 
-0.00843829 
-0.00785845 
-0.00739569 
-0.00702065 
-0.00669509 
-0.00637924 
-0.00604232 
-0.00566525 
-0.00519016 
-0.00451491 
-0.0035776 
-0.00203951 
5.59546e-05 
0.00161304 
0.00291148 
0.00418608 
0.00537773 
0.00650505 
0.00757736 
0.00862486 
0.00967255 
0.0107383 
0.0118287 
0.0129375 
0.0140445 
0.0151121 
0.0160817 
0.0168686 
0.0173584 
0.0174071 
0.0168497 
0.0155186 
0.0132764 
0.0100479 
0.00585339 
0.000812954 
-0.00488752 
-0.0110465 
-0.0174367 
-0.0238719 
-0.0301374 
-0.0301374 
0.0571743 
0.0571743 
0.046745 
0.0368549 
0.0272661 
0.0180399 
0.00945664 
0.00179084 
-0.00471949 
-0.00992741 
-0.013766 
-0.0163091 
-0.0177544 
-0.0183484 
-0.0183316 
-0.0178971 
-0.0171847 
-0.0162927 
-0.0152931 
-0.0142425 
-0.0131878 
-0.0121679 
-0.0112132 
-0.0103436 
-0.00956828 
-0.00888614 
-0.00829113 
-0.00777593 
-0.00733243 
-0.00694422 
-0.00658606 
-0.00627106 
-0.00592503 
-0.00541215 
-0.00471304 
-0.00382572 
-0.00286641 
-0.00193554 
-0.000479926 
0.00140732 
0.00317061 
0.00457653 
0.00575183 
0.00681411 
0.00783781 
0.00886509 
0.0099159 
0.010993 
0.0120823 
0.0131521 
0.0141509 
0.0150048 
0.0156165 
0.0158658 
0.0156169 
0.0147315 
0.0130905 
0.0106177 
0.00730229 
0.00320568 
-0.00154683 
-0.00680966 
-0.0124217 
-0.0182441 
-0.0240958 
-0.0240958 
0.0631215 
0.0631215 
0.0524537 
0.0421013 
0.0318343 
0.0217343 
0.0121475 
0.00343782 
-0.0040547 
-0.0101079 
-0.0145966 
-0.0175664 
-0.019237 
-0.0199055 
-0.0198727 
-0.0193813 
-0.0186031 
-0.0176516 
-0.0166038 
-0.0155154 
-0.0144291 
-0.0133789 
-0.0123913 
-0.0114852 
-0.0106713 
-0.00995056 
-0.00931419 
-0.00874653 
-0.00822985 
-0.00775387 
-0.00729491 
-0.00689363 
-0.00652734 
-0.00609274 
-0.0055397 
-0.00481877 
-0.00389083 
-0.00309761 
-0.00196796 
-0.000454221 
0.00109051 
0.00248785 
0.00372163 
0.00483262 
0.00587694 
0.00690238 
0.0079428 
0.00901382 
0.0101119 
0.0112142 
0.0122782 
0.0132409 
0.0140193 
0.0145119 
0.0146046 
0.01418 
0.0131322 
0.0113832 
0.00889879 
0.00569492 
0.0018351 
-0.00257777 
-0.00743335 
-0.0126426 
-0.0180647 
-0.0180647 
0.0691822 
0.0691822 
0.0583048 
0.0475195 
0.0365913 
0.0256057 
0.0149674 
0.00513438 
-0.00343291 
-0.0104161 
-0.0156198 
-0.019051 
-0.0209494 
-0.0216681 
-0.0215789 
-0.0209852 
-0.0200971 
-0.0190467 
-0.0179169 
-0.0167629 
-0.0156243 
-0.0145307 
-0.013504 
-0.0125589 
-0.0117028 
-0.0109362 
-0.0102538 
-0.00964735 
-0.0091035 
-0.00861526 
-0.00815428 
-0.00773659 
-0.00734085 
-0.00692769 
-0.00644534 
-0.00589643 
-0.00525213 
-0.00455822 
-0.00365558 
-0.00265932 
-0.00161591 
-0.000486961 
0.000716474 
0.00195233 
0.00317044 
0.00436299 
0.00554569 
0.00673875 
0.0079513 
0.00917553 
0.0103836 
0.0115271 
0.0125374 
0.0133293 
0.0138055 
0.013864 
0.0134082 
0.0123588 
0.0106641 
0.00830686 
0.00530294 
0.00169465 
-0.00243719 
-0.0070365 
-0.0120166 
-0.0120166 
0.0752831 
0.0752831 
0.0642285 
0.0530508 
0.0414964 
0.029635 
0.0179172 
0.00689475 
-0.00283257 
-0.0108246 
-0.0168041 
-0.0207298 
-0.0228579 
-0.0236029 
-0.0234178 
-0.0226774 
-0.0216376 
-0.020452 
-0.0192099 
-0.0179657 
-0.0167549 
-0.0156024 
-0.0145258 
-0.0135365 
-0.0126405 
-0.0118382 
-0.0111238 
-0.0104898 
-0.00992144 
-0.00941513 
-0.00894827 
-0.00853064 
-0.00814086 
-0.00775849 
-0.00733453 
-0.0068835 
-0.00632759 
-0.00576584 
-0.00506298 
-0.00422749 
-0.00331729 
-0.00237399 
-0.00140275 
-0.000392112 
0.000667303 
0.0017897 
0.00298744 
0.00426362 
0.00561222 
0.00701479 
0.00844007 
0.00984186 
0.0111586 
0.0123148 
0.0132242 
0.0137953 
0.0139381 
0.0135716 
0.0126321 
0.0110774 
0.00889017 
0.00606956 
0.00264079 
-0.00136521 
-0.0058999 
-0.0058999 
0.0813224 
0.0813224 
0.0701254 
0.0586048 
0.0464779 
0.0337769 
0.0209803 
0.00872506 
-0.00223275 
-0.0112995 
-0.0181043 
-0.0225526 
-0.0249115 
-0.0256607 
-0.0253432 
-0.0244157 
-0.0231865 
-0.0218339 
-0.0204539 
-0.0190995 
-0.0178019 
-0.0165806 
-0.0154485 
-0.0144131 
-0.0134775 
-0.0126411 
-0.0118982 
-0.0112442 
-0.010666 
-0.0101612 
-0.00970913 
-0.00931356 
-0.00895258 
-0.00861966 
-0.00827625 
-0.0079314 
-0.00753791 
-0.0071233 
-0.00662129 
-0.00605791 
-0.0054332 
-0.00474119 
-0.00397675 
-0.00313506 
-0.00220705 
-0.00117142 
-5.49081e-06 
0.00131469 
0.00278964 
0.00440321 
0.00611885 
0.00788219 
0.00962336 
0.0112612 
0.0127076 
0.0138714 
0.0146629 
0.0149992 
0.0148083 
0.014032 
0.0126291 
0.0105704 
0.00784799 
0.00444341 
0.000340631 
0.000340631 
0.0871702 
0.0871702 
0.0758651 
0.0640567 
0.0514272 
0.0379518 
0.0241157 
0.0106195 
-0.00161486 
-0.0117993 
-0.019459 
-0.0244486 
-0.0270381 
-0.0277735 
-0.0272937 
-0.0261461 
-0.0246977 
-0.0231538 
-0.0216172 
-0.0201387 
-0.0187442 
-0.0174477 
-0.0162567 
-0.015175 
-0.0142026 
-0.013338 
-0.0125742 
-0.0119071 
-0.0113239 
-0.0108227 
-0.0103855 
-0.0100149 
-0.00968963 
-0.0094083 
-0.00913438 
-0.00888116 
-0.00859656 
-0.00831286 
-0.00797362 
-0.0075836 
-0.00713987 
-0.00664317 
-0.00608204 
-0.00543717 
-0.0046826 
-0.00378673 
-0.00271535 
-0.00143838 
6.28448e-05 
0.00178427 
0.0037057 
0.00578016 
0.00793673 
0.0100856 
0.0121254 
0.0139499 
0.0154547 
0.0165432 
0.0171292 
0.0171395 
0.0165139 
0.0152021 
0.0131674 
0.0103595 
0.00671681 
0.00671681 
0.0926724 
0.0926724 
0.0812895 
0.0692482 
0.0561967 
0.0420389 
0.0272494 
0.0125587 
-0.00095593 
-0.012271 
-0.0207868 
-0.0263234 
-0.0291419 
-0.0298521 
-0.0291912 
-0.0278024 
-0.026116 
-0.0243664 
-0.0226633 
-0.0210543 
-0.0195595 
-0.0181868 
-0.016938 
-0.0158128 
-0.014808 
-0.0139205 
-0.0131424 
-0.01247 
-0.0118913 
-0.0114046 
-0.0109938 
-0.0106598 
-0.0103839 
-0.0101663 
-0.00997931 
-0.00983059 
-0.00968423 
-0.00955276 
-0.00939841 
-0.00922203 
-0.00900708 
-0.0087396 
-0.00839839 
-0.00795636 
-0.00737864 
-0.00662208 
-0.00564054 
-0.0043906 
-0.00284294 
-0.000987773 
0.00116062 
0.00356031 
0.00614126 
0.00881202 
0.0114646 
0.01398 
0.016236 
0.0181154 
0.0195112 
0.0203295 
0.0204897 
0.0199209 
0.0185628 
0.0163335 
0.013128 
0.013128 
0.0976582 
0.0976582 
0.0862213 
0.0739955 
0.0606045 
0.0458737 
0.0302625 
0.0144959 
-0.000238911 
-0.0126517 
-0.0219893 
-0.0280616 
-0.0311062 
-0.0317888 
-0.0309427 
-0.0293075 
-0.027379 
-0.0254218 
-0.0235524 
-0.0218151 
-0.0202234 
-0.0187787 
-0.0174771 
-0.0163143 
-0.0152836 
-0.01438 
-0.0135948 
-0.0129238 
-0.0123553 
-0.0118876 
-0.0115061 
-0.0112114 
-0.0109873 
-0.0108348 
-0.0107304 
-0.0106824 
-0.0106584 
-0.0106688 
-0.0106804 
-0.0106884 
-0.0106739 
-0.0106199 
-0.0104989 
-0.0102743 
-0.00989798 
-0.0093116 
-0.00845085 
-0.00725354 
-0.0056707 
-0.00367864 
-0.0012857 
0.0014582 
0.00447238 
0.00765944 
0.0109075 
0.0140914 
0.0170781 
0.0197344 
0.0219324 
0.0235545 
0.0244952 
0.0246591 
0.0239606 
0.0222883 
0.019498 
0.019498 
0.101952 
0.101952 
0.0904775 
0.0781047 
0.0644509 
0.0492604 
0.0329882 
0.0163391 
0.000552177 
-0.0128657 
-0.0229545 
-0.0295304 
-0.0327969 
-0.033461 
-0.0324441 
-0.0305769 
-0.0284196 
-0.0262673 
-0.0242439 
-0.0223897 
-0.0207119 
-0.0192052 
-0.0178604 
-0.0166687 
-0.0156206 
-0.0147092 
-0.0139248 
-0.0132627 
-0.0127119 
-0.0122703 
-0.0119252 
-0.0116767 
-0.011512 
-0.0114322 
-0.0114198 
-0.0114811 
-0.0115915 
-0.0117546 
-0.0119441 
-0.0121522 
-0.0123566 
-0.0125349 
-0.0126537 
-0.0126675 
-0.0125157 
-0.0121224 
-0.0114015 
-0.0102668 
-0.00864706 
-0.00650181 
-0.00383299 
-0.000691859 
0.00282298 
0.00658975 
0.0104793 
0.0143501 
0.0180569 
0.0214585 
0.024418 
0.0268034 
0.0284881 
0.0293514 
0.0292803 
0.0281325 
0.0257279 
0.0257279 
0.105386 
0.105386 
0.0938855 
0.0813908 
0.067541 
0.0519988 
0.0352335 
0.0179488 
0.00141903 
-0.0128077 
-0.0235576 
-0.0305916 
-0.0340764 
-0.0347427 
-0.0335881 
-0.0315241 
-0.0291703 
-0.0268509 
-0.0246976 
-0.0227477 
-0.0210019 
-0.0194488 
-0.0180743 
-0.0168656 
-0.0158105 
-0.0149004 
-0.0141248 
-0.0134784 
-0.0129508 
-0.0125394 
-0.0122335 
-0.0120334 
-0.0119292 
-0.0119231 
-0.0120012 
-0.0121696 
-0.0124082 
-0.0127186 
-0.0130789 
-0.0134802 
-0.0139003 
-0.0143156 
-0.0146877 
-0.0149623 
-0.015064 
-0.0148953 
-0.0143427 
-0.0132899 
-0.0116379 
-0.00932636 
-0.00634878 
-0.0027606 
0.00131247 
0.00571124 
0.0102784 
0.0148482 
0.0192576 
0.0233578 
0.0270114 
0.0300843 
0.0324401 
0.0339384 
0.0344393 
0.0337695 
0.0317145 
0.0317145 
0.107819 
0.107819 
0.0963035 
0.0837013 
0.0697171 
0.0539244 
0.0368234 
0.0191405 
0.00223771 
-0.0124977 
-0.023767 
-0.0311782 
-0.0348575 
-0.0355423 
-0.0342887 
-0.0320741 
-0.0295691 
-0.0271239 
-0.0248765 
-0.022861 
-0.0210724 
-0.0194939 
-0.0181071 
-0.0168961 
-0.0158464 
-0.0149479 
-0.0141898 
-0.0135662 
-0.0130677 
-0.0126914 
-0.0124286 
-0.0122804 
-0.0122401 
-0.0123107 
-0.0124821 
-0.0127593 
-0.0131276 
-0.0135876 
-0.0141221 
-0.0147228 
-0.0153689 
-0.016036 
-0.0166816 
-0.0172421 
-0.0176259 
-0.0177106 
-0.0173499 
-0.0163932 
-0.0147108 
-0.0122222 
-0.0089112 
-0.00484008 
-0.000148639 
0.00496045 
0.0102726 
0.0155835 
0.0206983 
0.0254568 
0.0297274 
0.0333898 
0.0363145 
0.0383541 
0.0393478 
0.0390928 
0.037343 
0.037343 
0.109116 
0.109116 
0.0976309 
0.0849286 
0.0708561 
0.0549107 
0.0376369 
0.0198644 
0.00298397 
-0.0119069 
-0.0235013 
-0.0311821 
-0.0350159 
-0.0357411 
-0.0344467 
-0.0321523 
-0.0295629 
-0.0270487 
-0.0247541 
-0.0227113 
-0.0209108 
-0.0193317 
-0.0179526 
-0.0167551 
-0.0157237 
-0.0148472 
-0.0141149 
-0.0135208 
-0.013056 
-0.0127178 
-0.0124995 
-0.0124039 
-0.0124272 
-0.0125731 
-0.0128342 
-0.0132153 
-0.0137069 
-0.01431 
-0.0150143 
-0.0158131 
-0.0166879 
-0.0176155 
-0.0185494 
-0.0194164 
-0.0201062 
-0.0204664 
-0.0203141 
-0.0194612 
-0.0177481 
-0.0150757 
-0.0114189 
-0.00684378 
-0.00149533 
0.00436715 
0.0104688 
0.0165504 
0.022365 
0.0277332 
0.0325339 
0.0366729 
0.040045 
0.0425109 
0.0438991 
0.0439814 
0.0424842 
0.0424842 
0.109188 
0.109188 
0.0978031 
0.0850088 
0.0708742 
0.0549033 
0.0376836 
0.020134 
0.00349996 
-0.0112658 
-0.0228998 
-0.0306671 
-0.0345671 
-0.0353183 
-0.0340186 
-0.0317072 
-0.0291051 
-0.0265894 
-0.0243048 
-0.0222808 
-0.0205049 
-0.018954 
-0.0176051 
-0.0164392 
-0.0154403 
-0.0145971 
-0.013899 
-0.0133401 
-0.0129132 
-0.0126157 
-0.0124432 
-0.0124008 
-0.0124872 
-0.012706 
-0.0130525 
-0.0135324 
-0.0141415 
-0.014883 
-0.0157523 
-0.0167457 
-0.0178515 
-0.0190457 
-0.0202766 
-0.0214618 
-0.0224685 
-0.0231108 
-0.0231669 
-0.0224136 
-0.0206668 
-0.0178146 
-0.0138252 
-0.0087611 
-0.00275859 
0.00388692 
0.0108226 
0.0176965 
0.0241906 
0.030105 
0.0353366 
0.0398308 
0.0435204 
0.0462879 
0.047962 
0.0482951 
0.0469924 
0.0469924 
0.107996 
0.107996 
0.0967905 
0.0839505 
0.0698086 
0.0539723 
0.0370379 
0.0199268 
0.0037162 
-0.0107094 
-0.0221227 
-0.0297437 
-0.033553 
-0.0342668 
-0.0329784 
-0.0307144 
-0.028179 
-0.0257367 
-0.0235243 
-0.0215683 
-0.0198551 
-0.0183618 
-0.017066 
-0.0159494 
-0.0149966 
-0.0141969 
-0.0135409 
-0.013023 
-0.0126369 
-0.012381 
-0.0122538 
-0.0122631 
-0.0124087 
-0.0126937 
-0.0131173 
-0.0136869 
-0.0144032 
-0.0152726 
-0.0162965 
-0.0174767 
-0.018805 
-0.0202581 
-0.0217841 
-0.0232843 
-0.0245983 
-0.0255061 
-0.0257494 
-0.0250776 
-0.0232924 
-0.0202791 
-0.0160039 
-0.0105174 
-0.00392754 
0.00345959 
0.0112485 
0.0189204 
0.0260519 
0.0324278 
0.0379779 
0.0427014 
0.0465804 
0.0495274 
0.0513795 
0.051875 
0.0507067 
0.0507067 
0.105508 
0.105508 
0.0945754 
0.0817766 
0.0677122 
0.0521726 
0.035722 
0.0192134 
0.00358243 
-0.0102902 
-0.0212164 
-0.0284468 
-0.0319993 
-0.0326082 
-0.0313459 
-0.0291916 
-0.0268005 
-0.0245042 
-0.0224243 
-0.0205836 
-0.0189697 
-0.0175622 
-0.0163413 
-0.0152906 
-0.0143968 
-0.0136502 
-0.013043 
-0.0125703 
-0.0122277 
-0.0120132 
-0.01193 
-0.011988 
-0.0121865 
-0.0125293 
-0.0130199 
-0.0136675 
-0.0144779 
-0.0154612 
-0.0166251 
-0.017976 
-0.0195106 
-0.0212069 
-0.0230058 
-0.024793 
-0.0263822 
-0.0275114 
-0.0278939 
-0.0272678 
-0.0254356 
-0.0222914 
-0.0178079 
-0.0120115 
-0.00496875 
0.00310827 
0.01172 
0.0201257 
0.0277935 
0.034503 
0.0402394 
0.045068 
0.049021 
0.0520397 
0.0539729 
0.0545488 
0.0534588 
0.0534588 
0.101703 
0.101703 
0.0911525 
0.0785241 
0.064658 
0.0495636 
0.0337558 
0.0179881 
0.00309918 
-0.0100012 
-0.0201799 
-0.0267862 
-0.0299313 
-0.0303829 
-0.0291707 
-0.0271894 
-0.0250147 
-0.022929 
-0.0210341 
-0.0193496 
-0.0178666 
-0.0165694 
-0.0154422 
-0.0144719 
-0.0136479 
-0.0129624 
-0.0124093 
-0.0119851 
-0.0116866 
-0.0115125 
-0.0114705 
-0.0115714 
-0.0118139 
-0.0122036 
-0.0127477 
-0.0134575 
-0.0143435 
-0.0154201 
-0.0167007 
-0.0181975 
-0.0199114 
-0.0218193 
-0.0238527 
-0.0258753 
-0.0276707 
-0.0289551 
-0.0294245 
-0.0288104 
-0.0269233 
-0.0236885 
-0.019092 
-0.0131356 
-0.00587401 
0.0026378 
0.0120538 
0.0211452 
0.0291911 
0.0360601 
0.0418452 
0.0466742 
0.0506131 
0.0536213 
0.0555579 
0.0561443 
0.0550858 
0.0550858 
0.0965695 
0.0965695 
0.0865213 
0.0742295 
0.060718 
0.0462073 
0.0311741 
0.0162793 
0.0023101 
-0.00978213 
-0.0189623 
-0.0247461 
-0.0273789 
-0.0276579 
-0.026537 
-0.0247905 
-0.0228922 
-0.021067 
-0.0193965 
-0.0178991 
-0.0165711 
-0.015403 
-0.0143842 
-0.0135057 
-0.0127599 
-0.0121416 
-0.0116464 
-0.0112725 
-0.0110177 
-0.0108818 
-0.0108769 
-0.0110131 
-0.0112891 
-0.0117128 
-0.0122945 
-0.0130473 
-0.0139859 
-0.0151286 
-0.0164941 
-0.0180998 
-0.01995 
-0.0220199 
-0.0242295 
-0.0264191 
-0.0283415 
-0.0296871 
-0.0301466 
-0.0294762 
-0.0275309 
-0.0242505 
-0.0196242 
-0.0136405 
-0.00630437 
0.00249959 
0.0122945 
0.0216717 
0.029869 
0.036753 
0.0424998 
0.0472682 
0.0511391 
0.0540804 
0.0559611 
0.0565041 
0.055453 
0.055453 
0.0901054 
0.0901054 
0.0806841 
0.0689205 
0.0559507 
0.0421689 
0.0280402 
0.0141683 
0.00132881 
-0.00950429 
-0.0174688 
-0.0223004 
-0.0243889 
-0.0245299 
-0.0235587 
-0.0221014 
-0.0205209 
-0.0189866 
-0.0175635 
-0.0162714 
-0.0151134 
-0.0140865 
-0.013186 
-0.0124069 
-0.0117452 
-0.0111978 
-0.0107627 
-0.0104392 
-0.0102264 
-0.0101254 
-0.0101519 
-0.0103139 
-0.0106115 
-0.0110544 
-0.0116549 
-0.0124281 
-0.0133916 
-0.0145669 
-0.0159772 
-0.0176435 
-0.0195725 
-0.0217359 
-0.0240416 
-0.0263089 
-0.0282673 
-0.0295961 
-0.0299948 
-0.0292466 
-0.0272367 
-0.0239254 
-0.0192968 
-0.0133232 
-0.00597862 
0.00268566 
0.0120955 
0.0212546 
0.0293995 
0.0362492 
0.0419416 
0.0466335 
0.0504099 
0.0532479 
0.0550285 
0.0554973 
0.0544735 
0.0544735 
0.082326 
0.082326 
0.0736557 
0.0626248 
0.0504085 
0.0375257 
0.0244597 
0.0118025 
0.000340602 
-0.00899854 
-0.0156036 
-0.019455 
-0.0210534 
-0.021135 
-0.0203758 
-0.0192426 
-0.0179959 
-0.0167601 
-0.0155899 
-0.0145085 
-0.0135259 
-0.0126456 
-0.011868 
-0.0111923 
-0.0106174 
-0.0101428 
-0.00976802 
-0.00949399 
-0.00932028 
-0.00925006 
-0.00930086 
-0.00947841 
-0.00978458 
-0.0102305 
-0.0108295 
-0.0115978 
-0.0125549 
-0.0137244 
-0.0151322 
-0.0168017 
-0.0187401 
-0.0209156 
-0.0232259 
-0.0254746 
-0.0273785 
-0.0286177 
-0.0289116 
-0.0280758 
-0.0260262 
-0.0227366 
-0.0181926 
-0.0123773 
-0.0053134 
0.00282999 
0.0115557 
0.0201399 
0.0279301 
0.0345937 
0.040155 
0.0447219 
0.0483623 
0.0510566 
0.0526982 
0.0530754 
0.0521015 
0.0521015 
0.0732843 
0.0732843 
0.0654841 
0.0553929 
0.0441613 
0.032388 
0.0205954 
0.00939689 
-0.000427472 
-0.00810591 
-0.0133289 
-0.0162919 
-0.0175268 
-0.0176438 
-0.0171388 
-0.0163333 
-0.0154076 
-0.0144558 
-0.0135276 
-0.0126506 
-0.0118403 
-0.0111055 
-0.0104509 
-0.00987906 
-0.00939135 
-0.00898917 
-0.00867364 
-0.00844672 
-0.0083085 
-0.00826397 
-0.00833111 
-0.00851341 
-0.00881464 
-0.00924649 
-0.00982241 
-0.0105591 
-0.0114764 
-0.0125986 
-0.0139524 
-0.0155618 
-0.0174338 
-0.0195337 
-0.0217539 
-0.0238921 
-0.0256656 
-0.0267676 
-0.0269436 
-0.0260404 
-0.024 
-0.0208146 
-0.0164863 
-0.0110265 
-0.00450225 
0.00288086 
0.0107152 
0.0184777 
0.0256503 
0.0319163 
0.0372051 
0.0415516 
0.0449877 
0.0474877 
0.0489576 
0.0492428 
0.0483499 
0.0483499 
0.0630926 
0.0630926 
0.0562761 
0.0473305 
0.0373342 
0.0269285 
0.0166777 
0.00721103 
-0.000771058 
-0.00676006 
-0.0107305 
-0.0129944 
-0.0140155 
-0.0142358 
-0.0139846 
-0.0134737 
-0.0128301 
-0.0121302 
-0.0114212 
-0.0107332 
-0.0100855 
-0.00949019 
-0.00895485 
-0.00848432 
-0.00808187 
-0.00775024 
-0.00749167 
-0.00730868 
-0.00720186 
-0.00717746 
-0.0072525 
-0.00742892 
-0.00771175 
-0.00811244 
-0.00864385 
-0.00932195 
-0.0101658 
-0.0111986 
-0.0124461 
-0.0139311 
-0.0156599 
-0.0175976 
-0.019638 
-0.0215851 
-0.02317 
-0.0241095 
-0.0241787 
-0.023253 
-0.0212985 
-0.0183278 
-0.0143652 
-0.00944817 
-0.00366627 
0.00278764 
0.00959998 
0.0163833 
0.0227391 
0.0283945 
0.0332306 
0.0372205 
0.0403555 
0.0425986 
0.04387 
0.0440753 
0.0432959 
0.0432959 
0.0519434 
0.0519434 
0.0462239 
0.0386322 
0.0301415 
0.0214 
0.0129834 
0.00547107 
-0.000621731 
-0.00507806 
-0.00804387 
-0.00981725 
-0.0107273 
-0.0110559 
-0.01101 
-0.0107312 
-0.0103145 
-0.0098243 
-0.00930433 
-0.00878461 
-0.00828543 
-0.00782021 
-0.00739778 
-0.00702413 
-0.00670354 
-0.00643943 
-0.0062347 
-0.00609199 
-0.00601229 
-0.00600225 
-0.00607696 
-0.00623733 
-0.00648896 
-0.00684229 
-0.00730888 
-0.00790293 
-0.00864145 
-0.00954504 
-0.0106367 
-0.0119367 
-0.0134506 
-0.0151465 
-0.0169279 
-0.0186173 
-0.0199733 
-0.0207453 
-0.0207389 
-0.0198544 
-0.0180765 
-0.0154365 
-0.0119786 
-0.00775716 
-0.00286262 
0.00254773 
0.00824209 
0.0139337 
0.0193223 
0.0241844 
0.0283891 
0.0318735 
0.0345991 
0.0365204 
0.0375754 
0.0377214 
0.037084 
0.037084 
0.0401341 
0.0401341 
0.0356321 
0.0296092 
0.0229018 
0.0161097 
0.0097407 
0.00422633 
-0.00014865 
-0.00336056 
-0.0055716 
-0.00698414 
-0.00779608 
-0.00817635 
-0.00825667 
-0.0081359 
-0.00788669 
-0.00756173 
-0.0071989 
-0.006825 
-0.00645867 
-0.00611263 
-0.00579546 
-0.0055132 
-0.00527025 
-0.00507009 
-0.00491573 
-0.00480962 
-0.00475287 
-0.00475175 
-0.0048186 
-0.00495382 
-0.00516278 
-0.00545428 
-0.00583788 
-0.00632527 
-0.0069303 
-0.00766975 
-0.00856233 
-0.00962483 
-0.010862 
-0.0122482 
-0.0137039 
-0.015082 
-0.0161807 
-0.0167903 
-0.0167487 
-0.015976 
-0.0144683 
-0.0122669 
-0.00942832 
-0.00601528 
-0.00210936 
0.0021734 
0.00667306 
0.0111845 
0.0154877 
0.0194084 
0.022827 
0.0256696 
0.0278858 
0.0294299 
0.0302595 
0.0303688 
0.0298937 
0.0298937 
0.0280822 
0.0280822 
0.0249178 
0.0206565 
