0 
-6.24599e-05 
0.000804154 
0.00211503 
0.00284966 
0.00327739 
0.00350298 
0.00359785 
0.00360784 
0.00356276 
0.00348104 
0.00337318 
0.00324426 
0.00309588 
0.00292764 
0.00273814 
0.00252583 
0.00228954 
0.00202879 
0.00174405 
0.00143684 
0.00110988 
0.000767135 
0.000414139 
5.96764e-05 
-0.000285178 
-0.000616013 
-0.000931569 
-0.00122867 
-0.00150245 
-0.0017481 
-0.00196105 
-0.00213677 
-0.00227102 
-0.00236026 
-0.00240201 
-0.00239523 
-0.00234097 
-0.0022432 
-0.00211003 
-0.00195537 
-0.00179966 
-0.00166721 
-0.00157732 
-0.00153166 
-0.00150817 
-0.00147117 
-0.00139333 
-0.00127094 
-0.00111994 
-0.000960531 
-0.000806041 
-0.000661406 
-0.000526676 
-0.000400335 
-0.000280863 
-0.000167401 
-5.99703e-05 
4.06774e-05 
0.000134661 
0.000219805 
0.000292549 
0.000350675 
0.000391374 
0.000412765 
0 
6.24599e-05 
6.24599e-05 
-0.000804154 
-0.00211503 
-0.00284966 
-0.00327739 
-0.00350298 
-0.00359785 
-0.00360784 
-0.00356276 
-0.00348104 
-0.00337318 
-0.00324426 
-0.00309588 
-0.00292764 
-0.00273814 
-0.00252583 
-0.00228954 
-0.00202879 
-0.00174405 
-0.00143684 
-0.00110988 
-0.000767135 
-0.000414139 
-5.96764e-05 
0.000285178 
0.000616013 
0.000931569 
0.00122867 
0.00150245 
0.0017481 
0.00196105 
0.00213677 
0.00227102 
0.00236026 
0.00240201 
0.00239523 
0.00234097 
0.0022432 
0.00211003 
0.00195537 
0.00179966 
0.00166721 
0.00157732 
0.00153166 
0.00150817 
0.00147117 
0.00139333 
0.00127094 
0.00111994 
0.000960531 
0.000806041 
0.000661406 
0.000526676 
0.000400335 
0.000280863 
0.000167401 
5.99703e-05 
-4.06774e-05 
-0.000134661 
-0.000219805 
-0.000292549 
-0.000350675 
-0.000391374 
-0.000412765 
-0.000412765 
-0.000406861 
-0.000406861 
-0.00399019 
-0.00651221 
-0.0081583 
-0.00915389 
-0.00969426 
-0.00992477 
-0.00995062 
-0.00984415 
-0.00965122 
-0.00939771 
-0.00909518 
-0.00874572 
-0.0083458 
-0.00788923 
-0.00736931 
-0.00678037 
-0.00611876 
-0.00538352 
-0.00457673 
-0.0037037 
-0.00277305 
-0.00179685 
-0.000791516 
0.000221732 
0.00122436 
0.00220286 
0.00314203 
0.00402481 
0.00483371 
0.00555154 
0.00616191 
0.0066498 
0.00700253 
0.00721109 
0.00727164 
0.00718715 
0.00696956 
0.00664261 
0.00624534 
0.00583332 
0.00547115 
0.00520941 
0.00505232 
0.0049431 
0.0047923 
0.00453507 
0.00416725 
0.00373158 
0.00327832 
0.00283953 
0.00242691 
0.00204042 
0.00167588 
0.00132908 
0.000997205 
0.000679836 
0.000378521 
9.7547e-05 
-0.000155788 
-0.000373189 
-0.000547464 
-0.000669804 
-0.000734145 
-0.000734145 
-0.00471399 
-0.00471399 
-0.00822964 
-0.0111947 
-0.013349 
-0.0147075 
-0.0154535 
-0.0157645 
-0.0157868 
-0.0156251 
-0.0153457 
-0.0149845 
-0.0145553 
-0.0140571 
-0.0134807 
-0.0128132 
-0.0120412 
-0.0111537 
-0.0101432 
-0.0090071 
-0.00774773 
-0.00637299 
-0.00489595 
-0.00333438 
-0.00170951 
-4.81864e-05 
0.0016183 
0.00326 
0.00484773 
0.00635234 
0.00774447 
0.00899456 
0.0100741 
0.0109563 
0.0116184 
0.0120434 
0.012223 
0.0121609 
0.0118755 
0.0114043 
0.0108075 
0.0101696 
0.00958687 
0.00913391 
0.00881621 
0.00855118 
0.00821374 
0.00772062 
0.00707672 
0.00634817 
0.00560524 
0.00488968 
0.00421501 
0.00357954 
0.0029767 
0.00240022 
0.00184624 
0.00131385 
0.000806381 
0.000329696 
-0.000105483 
-0.000481398 
-0.000784008 
-0.000997431 
-0.0011102 
-0.0011102 
-0.00904202 
-0.00904202 
-0.0127724 
-0.0160467 
-0.0184285 
-0.0199047 
-0.0206789 
-0.0209618 
-0.0209293 
-0.0207045 
-0.0203615 
-0.0199356 
-0.019434 
-0.0188471 
-0.0181553 
-0.0173362 
-0.0163683 
-0.0152344 
-0.0139231 
-0.01243 
-0.0107587 
-0.00892053 
-0.00693427 
-0.0048255 
-0.00262431 
-0.000366378 
0.00190671 
0.0041554 
0.00634126 
0.00842621 
0.0103719 
0.0121389 
0.0136873 
0.0149784 
0.0159773 
0.0166568 
0.0170013 
0.017012 
0.0167109 
0.0161459 
0.0153951 
0.0145668 
0.0137826 
0.0131337 
0.0126231 
0.0121477 
0.0115636 
0.0107886 
0.00984741 
0.00882673 
0.0078074 
0.00683233 
0.00591204 
0.00504112 
0.00420965 
0.00340903 
0.00263374 
0.00188401 
0.0011643 
0.000484881 
-0.000136924 
-0.000680481 
-0.0011237 
-0.00143862 
-0.00160624 
-0.00160624 
-0.0137608 
-0.0137608 
-0.0175954 
-0.0209205 
-0.0232582 
-0.0246397 
-0.0253053 
-0.025492 
-0.0253906 
-0.0251268 
-0.0247688 
-0.02434 
-0.0238335 
-0.0232251 
-0.0224821 
-0.0215708 
-0.020461 
-0.0191294 
-0.0175607 
-0.0157498 
-0.0137015 
-0.0114312 
-0.00896446 
-0.00633621 
-0.00358787 
-0.000766713 
0.00207725 
0.00489397 
0.0076364 
0.0102593 
0.0127185 
0.0149686 
0.0169628 
0.0186535 
0.0199957 
0.0209514 
0.021496 
0.0216251 
0.0213607 
0.0207574 
0.0199069 
0.0189362 
0.0179855 
0.0171541 
0.0164363 
0.0157136 
0.0148402 
0.0137546 
0.0125092 
0.011207 
0.0099302 
0.00871572 
0.00756758 
0.00647557 
0.00542625 
0.00440875 
0.00341639 
0.00244701 
0.00150815 
0.000609767 
-0.00022893 
-0.000969043 
-0.00157777 
-0.00201626 
-0.00225394 
-0.00225394 
-0.0181441 
-0.0181441 
-0.0221664 
-0.0254466 
-0.0275979 
-0.028768 
-0.0292552 
-0.0293219 
-0.0291644 
-0.0288992 
-0.0285774 
-0.0282022 
-0.0277471 
-0.0271702 
-0.0264249 
-0.0254661 
-0.0242554 
-0.0227637 
-0.0209726 
-0.0188759 
-0.0164797 
-0.0138034 
-0.0108795 
-0.00775318 
-0.00447885 
-0.0011187 
0.00226248 
0.00560374 
0.00885074 
0.011954 
0.0148672 
0.0175439 
0.0199347 
0.0219876 
0.0236502 
0.0248755 
0.0256293 
0.0259 
0.0257064 
0.0251064 
0.0242018 
0.0231337 
0.0220531 
0.0210576 
0.0201265 
0.0191315 
0.0179432 
0.0165373 
0.0149976 
0.0134362 
0.0119283 
0.0104995 
0.00914512 
0.00784891 
0.00659323 
0.0053636 
0.00414988 
0.00295272 
0.00177386 
0.000631082 
-0.000442752 
-0.00140586 
-0.00221169 
-0.0028038 
-0.00313354 
-0.00313354 
-0.0222386 
-0.0222386 
-0.0263951 
-0.0295085 
-0.0313653 
-0.0322606 
-0.0325459 
-0.0325013 
-0.0323172 
-0.0320912 
-0.0318493 
-0.0315702 
-0.0312058 
-0.0306973 
-0.0299846 
-0.0290127 
-0.0277357 
-0.0261192 
-0.0241418 
-0.0217956 
-0.0190874 
-0.016039 
-0.0126893 
-0.00909339 
-0.0053196 
-0.00144665 
0.00244625 
0.00628283 
0.00999788 
0.013537 
0.0168533 
0.0199021 
0.0226359 
0.0250027 
0.0269471 
0.028416 
0.0293677 
0.0297831 
0.0296772 
0.0291092 
0.0281879 
0.0270638 
0.0258899 
0.02475 
0.0236036 
0.0223232 
0.0208147 
0.0191026 
0.0172987 
0.0155149 
0.0138113 
0.0121997 
0.0106655 
0.00918654 
0.00774006 
0.00630948 
0.00488033 
0.00344422 
0.00200752 
0.000593955 
-0.000755982 
-0.00198938 
-0.00304565 
-0.00384275 
-0.00430272 
-0.00430272 
-0.0258063 
-0.0258063 
-0.0300708 
-0.0329577 
-0.034486 
-0.0351052 
-0.035204 
-0.0350743 
-0.0348935 
-0.0347349 
-0.0345973 
-0.0344344 
-0.034179 
-0.0337573 
-0.0330982 
-0.0321378 
-0.0308233 
-0.0291151 
-0.0269883 
-0.0244326 
-0.0214534 
-0.0180733 
-0.0143352 
-0.0103033 
-0.00605936 
-0.0016993 
0.00267639 
0.00697109 
0.0111085 
0.0150314 
0.0186951 
0.022059 
0.0250801 
0.0277087 
0.0298892 
0.0315652 
0.0326896 
0.0332379 
0.0332218 
0.0327017 
0.0317919 
0.0306462 
0.0294085 
0.0281376 
0.0267734 
0.025205 
0.0233917 
0.0214095 
0.0193884 
0.0174287 
0.015571 
0.0138115 
0.012127 
0.0104882 
0.00886927 
0.00724444 
0.00558776 
0.00389374 
0.00217732 
0.000467437 
-0.00119983 
-0.00276427 
-0.00414399 
-0.00522233 
-0.00587312 
-0.00587312 
-0.0288138 
-0.0288138 
-0.0331361 
-0.035761 
-0.0369667 
-0.0373379 
-0.0372794 
-0.037091 
-0.0369319 
-0.0368512 
-0.0368216 
-0.0367758 
-0.0366309 
-0.0363019 
-0.0357083 
-0.0347784 
-0.0334526 
-0.0316858 
-0.0294493 
-0.0267298 
-0.0235297 
-0.0198698 
-0.0157944 
-0.0113751 
-0.00670615 
-0.00189929 
0.00292195 
0.00763422 
0.0121482 
0.0164053 
0.0203647 
0.0239919 
0.0272496 
0.0300917 
0.0324637 
0.034308 
0.0355746 
0.0362359 
0.036303 
0.0358388 
0.0349615 
0.0338209 
0.0325386 
0.0311406 
0.0295563 
0.0277123 
0.0256332 
0.0234389 
0.0212621 
0.0191817 
0.0172167 
0.0153496 
0.0135489 
0.0117802 
0.010009 
0.00819342 
0.00631116 
0.0043626 
0.00235282 
0.000304477 
-0.00174573 
-0.00373048 
-0.00554327 
-0.0070215 
-0.0079616 
-0.0079616 
-0.0312003 
-0.0312003 
-0.0355396 
-0.0379047 
-0.0388294 
-0.0389976 
-0.0388145 
-0.0385863 
-0.0384529 
-0.0384432 
-0.0385082 
-0.0385652 
-0.0385201 
-0.0382795 
-0.0377556 
-0.0368693 
-0.035554 
-0.0337589 
-0.0314512 
-0.0286145 
-0.0252475 
-0.0213666 
-0.0170148 
-0.0122685 
-0.00723149 
-0.00202856 
0.00318456 
0.00825311 
0.0130806 
0.0176122 
0.0218138 
0.0256563 
0.0291065 
0.0321205 
0.0346447 
0.0366211 
0.0379991 
0.0387516 
0.0388922 
0.0384887 
0.0376598 
0.0365408 
0.0352189 
0.0336881 
0.0318867 
0.0298004 
0.0275185 
0.0251869 
0.0229239 
0.0207818 
0.0187592 
0.0168276 
0.0149488 
0.0130809 
0.0111708 
0.00917833 
0.00708321 
0.00487291 
0.00254467 
0.000114467 
-0.00239265 
-0.00491401 
-0.00731279 
-0.00936102 
-0.0107348 
-0.0107348 
-0.0329673 
-0.0329673 
-0.0372849 
-0.0394169 
-0.0401182 
-0.04013 
-0.0398503 
-0.0395905 
-0.0394737 
-0.0395147 
-0.0396491 
-0.0397846 
-0.0398197 
-0.0396556 
-0.0391984 
-0.0383625 
-0.037074 
-0.0352763 
-0.0329326 
-0.0300237 
-0.026545 
-0.0225081 
-0.0179512 
-0.0129533 
-0.00762528 
-0.00210281 
0.00342199 
0.00876477 
0.0138328 
0.0185798 
0.0229764 
0.0269954 
0.0306032 
0.0337558 
0.0363993 
0.0384763 
0.0399383 
0.0407624 
0.0409689 
0.0406304 
0.0398598 
0.0387653 
0.0373937 
0.0357208 
0.0337213 
0.0314514 
0.0290505 
0.0266661 
0.0243893 
0.0222452 
0.0202165 
0.0182667 
0.0163515 
0.014413 
0.0123948 
0.0102568 
0.00796748 
0.00549945 
0.00283359 
-3.2874e-05 
-0.00310658 
-0.00633286 
-0.00952642 
-0.0123589 
-0.0143388 
-0.0143388 
-0.0341292 
-0.0341292 
-0.038395 
-0.0403384 
-0.04088 
-0.0407781 
-0.0404244 
-0.0401321 
-0.0400137 
-0.040077 
-0.0402491 
-0.0404325 
-0.0405224 
-0.0404161 
-0.0400158 
-0.0392301 
-0.0379786 
-0.0361986 
-0.0338483 
-0.0309063 
-0.0273666 
-0.0232379 
-0.0185515 
-0.013384 
-0.00785242 
-0.00211665 
0.00359518 
0.00910818 
0.0143444 
0.0192557 
0.0238084 
0.0279709 
0.0317059 
0.0349672 
0.0377002 
0.0398497 
0.0413722 
0.042253 
0.0425209 
0.0422506 
0.0415383 
0.0404546 
0.0390128 
0.0371983 
0.0350461 
0.0326775 
0.0302538 
0.0279017 
0.0256801 
0.0235919 
0.0216088 
0.0196897 
0.0177786 
0.0158099 
0.0137262 
0.0114787 
0.009019 
0.00629726 
0.00326662 
-0.000117593 
-0.00392116 
-0.00807822 
-0.0122989 
-0.0161083 
-0.0188263 
-0.0188263 
-0.0347197 
-0.0347197 
-0.0389159 
-0.0407243 
-0.0411665 
-0.0409867 
-0.0405751 
-0.0402431 
-0.0401006 
-0.0401546 
-0.0403301 
-0.040529 
-0.0406453 
-0.0405751 
-0.0402184 
-0.0394788 
-0.0382711 
-0.0365266 
-0.0341976 
-0.0312586 
-0.0277044 
-0.0235463 
-0.0188141 
-0.0135771 
-0.00795752 
-0.00214302 
0.0036404 
0.0092435 
0.0145887 
0.0196181 
0.0242891 
0.0285617 
0.0323926 
0.0357325 
0.0385267 
0.0407241 
0.0422891 
0.0432176 
0.0435455 
0.0433406 
0.0426705 
0.0415693 
0.0400403 
0.0381108 
0.0358831 
0.0335178 
0.0311677 
0.0289259 
0.0268221 
0.0248438 
0.0229592 
0.0211199 
0.0192598 
0.0173123 
0.015216 
0.0129065 
0.0103098 
0.00733695 
0.00388157 
-0.000179023 
-0.00496071 
-0.0102918 
-0.015704 
-0.0205684 
-0.0240544 
-0.0240544 
-0.0347838 
-0.0347838 
-0.0388926 
-0.0406228 
-0.0410207 
-0.0407966 
-0.0403434 
-0.0399642 
-0.0397754 
-0.0397879 
-0.0399318 
-0.0401109 
-0.0402207 
-0.0401577 
-0.0398209 
-0.0391141 
-0.0379492 
-0.0362527 
-0.0339707 
-0.0310729 
-0.0275529 
-0.0234278 
-0.0187379 
-0.0135531 
-0.00798427 
-0.00219929 
0.00358782 
0.00922442 
0.0146227 
0.019714 
0.0244518 
0.0287885 
0.032674 
0.0360552 
0.0388789 
0.0410996 
0.0426917 
0.0436603 
0.0440412 
0.0438837 
0.0432239 
0.0420769 
0.0404697 
0.0384895 
0.036288 
0.0340305 
0.0318395 
0.0297727 
0.0278402 
0.0260252 
0.02429 
0.0225783 
0.0208231 
0.0189574 
0.0169098 
0.0145906 
0.0118807 
0.00861416 
0.00458461 
-0.000409355 
-0.00642883 
-0.0130702 
-0.0196817 
-0.0255439 
-0.0297454 
-0.0297454 
-0.034348 
-0.034348 
-0.038403 
-0.0401058 
-0.0404994 
-0.0402565 
-0.0397689 
-0.0393343 
-0.0390795 
-0.0390241 
-0.0391068 
-0.0392366 
-0.0393123 
-0.039233 
-0.0388996 
-0.0382164 
-0.0370946 
-0.0354578 
-0.033248 
-0.03043 
-0.0269948 
-0.0229608 
-0.0183759 
-0.0133169 
-0.00789398 
-0.00224884 
0.00344652 
0.00903809 
0.0144252 
0.0195271 
0.0242832 
0.028639 
0.0325387 
0.0359277 
0.0387553 
0.0409833 
0.0425938 
0.0435942 
0.0440099 
0.043867 
0.0431805 
0.0419806 
0.0403441 
0.0384087 
0.0363405 
0.0342802 
0.0323139 
0.0304738 
0.0287621 
0.0271564 
0.0256153 
0.0240819 
0.0224919 
0.0207751 
0.0188404 
0.0165535 
0.0137089 
0.0100177 
0.00516934 
-0.00102968 
-0.00842163 
-0.0163359 
-0.0240295 
-0.03077 
-0.0356136 
-0.0356136 
-0.0334637 
-0.0334637 
-0.0375003 
-0.03922 
-0.0396448 
-0.0394098 
-0.0388998 
-0.0384076 
-0.0380728 
-0.0379276 
-0.037923 
-0.0379753 
-0.0379887 
-0.037867 
-0.0375151 
-0.0368411 
-0.0357583 
-0.0341903 
-0.0320765 
-0.0293781 
-0.0260821 
-0.0222043 
-0.0177907 
-0.0129165 
-0.00768605 
-0.00222956 
0.00330245 
0.00877215 
0.0140713 
0.0191122 
0.0238234 
0.0281418 
0.0320076 
0.0353653 
0.0381678 
0.0403817 
0.0419917 
0.0429991 
0.0434146 
0.0432507 
0.0425322 
0.0413261 
0.0397529 
0.0379695 
0.0361259 
0.0343284 
0.0326336 
0.0310604 
0.0296057 
0.0282464 
0.026942 
0.0256396 
0.0242775 
0.022775 
0.0210042 
0.0187478 
0.0156664 
0.0113367 
0.00541745 
-0.0021346 
-0.0108528 
-0.0198935 
-0.0285162 
-0.0360124 
-0.0414309 
-0.0414309 
-0.0321798 
-0.0321798 
-0.0362349 
-0.0380113 
-0.0385011 
-0.0383017 
-0.0377858 
-0.0372408 
-0.0368196 
-0.0365704 
-0.0364592 
-0.0364121 
-0.0363405 
-0.0361536 
-0.0357627 
-0.0350814 
-0.0340278 
-0.0325283 
-0.0305226 
-0.0279695 
-0.0248517 
-0.0211799 
-0.0169945 
-0.0123645 
-0.00738492 
-0.00217254 
0.00314018 
0.00842481 
0.0135717 
0.0184891 
0.0230976 
0.0273276 
0.031116 
0.034407 
0.037155 
0.0393276 
0.0409064 
0.0418855 
0.0422691 
0.0420774 
0.0413637 
0.040231 
0.0388196 
0.0372763 
0.0357195 
0.0342244 
0.0328292 
0.0315478 
0.0303772 
0.0292959 
0.0282683 
0.0272474 
0.0261709 
0.0249346 
0.0233437 
0.0210541 
0.0175714 
0.012388 
0.00524864 
-0.00363824 
-0.0135364 
-0.0235424 
-0.0329507 
-0.0410887 
-0.0470198 
-0.0470198 
-0.0305436 
-0.0305436 
-0.0346504 
-0.0365189 
-0.0371066 
-0.0369735 
-0.0364748 
-0.0358908 
-0.0353863 
-0.0350274 
-0.0347983 
-0.0346371 
-0.0344634 
-0.0341935 
-0.0337452 
-0.0330395 
-0.0320014 
-0.0305626 
-0.0286657 
-0.0262694 
-0.023353 
-0.0199211 
-0.0160056 
-0.0116653 
-0.0069838 
-0.00206509 
0.002974 
0.00801564 
0.0129502 
0.017684 
0.0221329 
0.0262232 
0.0298891 
0.0330738 
0.0357313 
0.0378277 
0.0393425 
0.0402691 
0.0406199 
0.0404365 
0.0398002 
0.0388306 
0.0376615 
0.0364136 
0.0351745 
0.0339992 
0.0329176 
0.0319432 
0.0310753 
0.030297 
0.0295802 
0.0288838 
0.0281366 
0.0271913 
0.0257516 
0.0233202 
0.0192709 
0.0130976 
0.0047234 
-0.00537519 
-0.0162948 
-0.0271281 
-0.0371908 
-0.0458595 
-0.0522411 
-0.0522411 
-0.0285977 
-0.0285977 
-0.0327852 
-0.0347773 
-0.0354951 
-0.0354615 
-0.0350098 
-0.0344096 
-0.0338352 
-0.0333711 
-0.0330217 
-0.0327402 
-0.032456 
-0.0320924 
-0.0315743 
-0.0308303 
-0.0297934 
-0.0284026 
-0.0266056 
-0.0243634 
-0.0216542 
-0.0184776 
-0.0148569 
-0.0108396 
-0.00649595 
-0.00191492 
0.00280377 
0.00755241 
0.0122225 
0.0167195 
0.0209571 
0.0248589 
0.0283576 
0.0313956 
0.0339269 
0.0359183 
0.0373523 
0.0382314 
0.038584 
0.0384717 
0.0379891 
0.0372514 
0.036371 
0.0354408 
0.0345269 
0.0336734 
0.0329079 
0.0322458 
0.0316903 
0.0312314 
0.0308498 
0.0305064 
0.0301105 
0.0294491 
0.0281003 
0.0254167 
0.0206937 
0.0135033 
0.00397988 
-0.00717756 
-0.0189903 
-0.0305368 
-0.0411285 
-0.0502151 
-0.0569824 
-0.0569824 
-0.0263796 
-0.0263796 
-0.0306729 
-0.0328162 
-0.0336945 
-0.0337949 
-0.0334255 
-0.0328411 
-0.0322206 
-0.031666 
-0.0312035 
-0.030804 
-0.030409 
-0.0299495 
-0.029357 
-0.0285675 
-0.0275218 
-0.0261665 
-0.0244564 
-0.0223566 
-0.0198464 
-0.0169226 
-0.0136016 
-0.00992055 
-0.00593657 
-0.00172366 
0.00263641 
0.00704868 
0.0114081 
0.015621 
0.0196009 
0.0232709 
0.0265637 
0.029423 
0.0318052 
0.0336822 
0.0350452 
0.0359087 
0.0363152 
0.0363353 
0.0360608 
0.0355896 
0.0350109 
0.0343962 
0.0337988 
0.0332578 
0.0328013 
0.0324475 
0.0322047 
0.0320711 
0.0320348 
0.0320541 
0.0320063 
0.0315967 
0.0302728 
0.0272648 
0.0218457 
0.0137041 
0.00316645 
-0.00891067 
-0.0215208 
-0.0336802 
-0.0446755 
-0.0540651 
-0.06115 
-0.06115 
-0.0239223 
-0.0239223 
-0.0283426 
-0.0306605 
-0.0317268 
-0.0319954 
-0.0317471 
-0.0312178 
-0.0305852 
-0.0299651 
-0.0294056 
-0.0288986 
-0.0284001 
-0.0278503 
-0.0271874 
-0.0263533 
-0.0252958 
-0.023969 
-0.0223347 
-0.0203633 
-0.0180372 
-0.0153524 
-0.012321 
-0.00897179 
-0.00535033 
-0.00151653 
0.00246457 
0.00651164 
0.0105266 
0.0144196 
0.0181068 
0.0215136 
0.0245756 
0.0272404 
0.0294702 
0.0312447 
0.0325644 
0.0334533 
0.0339596 
0.0341511 
0.034107 
0.0339062 
0.0336185 
0.0333016 
0.0330015 
0.0327555 
0.0325927 
0.0325345 
0.0325945 
0.0327792 
0.0330816 
0.0334513 
0.033726 
0.0335244 
0.0321777 
0.0288315 
0.0227745 
0.0138101 
0.00240483 
-0.0104771 
-0.0238061 
-0.0364779 
-0.0477499 
-0.0573287 
-0.0646617 
-0.0646617 
-0.0212555 
-0.0212555 
-0.0258206 
-0.028332 
-0.0296094 
-0.0300775 
-0.0299898 
-0.0295599 
-0.0289575 
-0.0283067 
-0.0276757 
-0.0270787 
-0.0264899 
-0.0258611 
-0.0251377 
-0.0242671 
-0.0232024 
-0.0219041 
-0.0203399 
-0.0184858 
-0.0163276 
-0.0138623 
-0.0110999 
-0.00806322 
-0.0047891 
-0.00132589 
0.00227476 
0.00594573 
0.00959959 
0.0131537 
0.0165303 
0.0196602 
0.0224844 
0.024957 
0.0270471 
0.0287419 
0.0300485 
0.0309942 
0.0316248 
0.031999 
0.0321811 
0.0322335 
0.0322127 
0.0321672 
0.0321392 
0.0321644 
0.032273 
0.0324891 
0.0328318 
0.0333137 
0.03393 
0.0346175 
0.0351721 
0.0351349 
0.0337478 
0.0301081 
0.0235346 
0.0139134 
0.00178496 
-0.0118089 
-0.0257731 
-0.0388431 
-0.0502659 
-0.0599279 
-0.0674403 
-0.0674403 
-0.0184066 
-0.0184066 
-0.0231311 
-0.0258501 
-0.0273562 
-0.0280497 
-0.0281593 
-0.0278745 
-0.0273509 
-0.0267135 
-0.0260455 
-0.025383 
-0.0247215 
-0.0240281 
-0.0232574 
-0.0223622 
-0.0213003 
-0.0200364 
-0.0185429 
-0.0168005 
-0.0147982 
-0.0125347 
-0.0100187 
-0.00726945 
-0.00431684 
-0.00120024 
0.00203828 
0.00534359 
0.00864126 
0.0118588 
0.0149271 
0.017785 
0.0203811 
0.0226763 
0.0246464 
0.0262837 
0.0275977 
0.028614 
0.0293719 
0.029919 
0.0303066 
0.0305847 
0.0308004 
0.0309963 
0.0312111 
0.0314792 
0.031831 
0.0322929 
0.0328878 
0.0336326 
0.0345209 
0.0354758 
0.0362566 
0.0363461 
0.0349296 
0.0310838 
0.0241551 
0.0140645 
0.00134774 
-0.0128661 
-0.0273452 
-0.0406702 
-0.052128 
-0.0617838 
-0.0694115 
-0.0694115 
-0.0154018 
-0.0154018 
-0.0202979 
-0.0232341 
-0.0249799 
-0.0259171 
-0.0262542 
-0.0261575 
-0.0257639 
-0.0251912 
-0.0245297 
-0.0238344 
-0.0231226 
-0.0223806 
-0.0215758 
-0.0206683 
-0.0196198 
-0.0183982 
-0.0169791 
-0.015346 
-0.0134904 
-0.0114121 
-0.00911952 
-0.0066294 
-0.00396717 
-0.00116572 
0.00173906 
0.00470301 
0.00766553 
0.0105653 
0.0133436 
0.015948 
0.0183351 
0.0204726 
0.0223413 
0.0239359 
0.0252654 
0.0263511 
0.0272245 
0.0279234 
0.0284888 
0.0289616 
0.029382 
0.0297876 
0.0302139 
0.0306935 
0.0312561 
0.0319292 
0.0327378 
0.0336996 
0.0348049 
0.0359638 
0.0369096 
0.0370903 
0.0356671 
0.0317194 
0.0246133 
0.014265 
0.00112093 
-0.0136104 
-0.0284263 
-0.0418362 
-0.0532368 
-0.0628224 
-0.0705107 
-0.0705107 
-0.012268 
-0.012268 
-0.0173459 
-0.0205046 
-0.0224947 
-0.0236851 
-0.02427 
-0.0243964 
-0.0241811 
-0.0237281 
-0.0231256 
-0.0224396 
-0.0217071 
-0.0209356 
-0.0201095 
-0.0191996 
-0.0181734 
-0.0170016 
-0.0156615 
-0.0141382 
-0.0124245 
-0.0105208 
-0.0084346 
-0.00618049 
-0.00377985 
-0.00126021 
0.0013474 
0.00400604 
0.00666748 
0.0092813 
0.011799 
0.014177 
0.0163794 
0.0183796 
0.0201618 
0.0217216 
0.0230659 
0.0242112 
0.0251821 
0.0260084 
0.0267231 
0.0273602 
0.027954 
0.0285379 
0.0291438 
0.0298019 
0.0305404 
0.0313864 
0.0323646 
0.0334908 
0.0347498 
0.0360418 
0.0370875 
0.0373262 
0.0359234 
0.0319797 
0.0248741 
0.0144974 
0.00107017 
-0.0140211 
-0.0289062 
-0.0422241 
-0.0535043 
-0.0629846 
-0.0706879 
-0.0706879 
-0.00903316 
-0.00903316 
-0.0143014 
-0.0176851 
-0.0199186 
-0.0213625 
-0.0222035 
-0.0225756 
-0.022578 
-0.0222971 
-0.0218111 
-0.0211867 
-0.0204735 
-0.0196984 
-0.0188655 
-0.0179611 
-0.0169617 
-0.0158424 
-0.0145819 
-0.0131657 
-0.0115864 
-0.00984398 
-0.00794502 
-0.00590232 
-0.00373448 
-0.00146528 
0.000877728 
0.00326462 
0.00565882 
0.00801934 
0.0103067 
0.0124854 
0.0145258 
0.0164056 
0.0181115 
0.0196391 
0.0209927 
0.0221848 
0.023234 
0.0241638 
0.0250011 
0.0257739 
0.0265119 
0.0272437 
0.027998 
0.0288016 
0.0296808 
0.0306605 
0.0317625 
0.0329987 
0.0343483 
0.0357046 
0.0367829 
0.0370293 
0.0356329 
0.0317367 
0.0247447 
0.0145729 
0.00116023 
-0.0139668 
-0.0285972 
-0.041702 
-0.0528453 
-0.0622201 
-0.0699047 
-0.0699047 
-0.00572623 
-0.00572623 
-0.0111923 
-0.014802 
-0.0172748 
-0.0189655 
-0.0200592 
-0.0206842 
-0.0209279 
-0.020861 
-0.0205463 
-0.0200423 
-0.0194005 
-0.0186601 
-0.0178434 
-0.0169551 
-0.0159859 
-0.0149192 
-0.013737 
-0.0124255 
-0.0109764 
-0.00938826 
-0.00766583 
-0.00581924 
-0.00386354 
-0.00181804 
0.000294018 
0.00244691 
0.00461141 
0.00675464 
0.00884476 
0.0108528 
0.0127542 
0.0145304 
0.0161697 
0.0176672 
0.0190253 
0.0202525 
0.0213633 
0.0223758 
0.0233121 
0.0241952 
0.0250505 
0.0259022 
0.0267755 
0.0276935 
0.0286796 
0.0297551 
0.0309386 
0.0322363 
0.033618 
0.0349709 
0.0360129 
0.0362126 
0.0348015 
0.0309802 
0.0241787 
0.0143123 
0.00133266 
-0.0133211 
-0.0275228 
-0.0403246 
-0.0512894 
-0.0605489 
-0.0682015 
-0.0682015 
-0.00237671 
-0.00237671 
-0.00804674 
-0.0118838 
-0.0145916 
-0.0165194 
-0.0178538 
-0.0187239 
-0.0192133 
-0.0193828 
-0.0192811 
-0.0189528 
-0.0184417 
-0.017788 
-0.0170247 
-0.0161729 
-0.0152403 
-0.0142233 
-0.0131117 
-0.011894 
-0.0105617 
-0.0091115 
-0.00754554 
-0.00587157 
-0.00410202 
-0.00225342 
-0.000345704 
0.00159876 
0.00355943 
0.00551096 
0.00742746 
0.00928522 
0.0110639 
0.0127475 
0.0143254 
0.0157922 
0.0171486 
0.0183998 
0.0195568 
0.0206335 
0.0216478 
0.0226185 
0.0235668 
0.0245128 
0.0254781 
0.0264821 
0.0275444 
0.0286837 
0.0299115 
0.0312258 
0.032589 
0.0338843 
0.0348374 
0.0349502 
0.0335117 
0.029789 
0.023254 
0.0138073 
0.00158626 
-0.012216 
-0.0257935 
-0.0381751 
-0.0489045 
-0.0580317 
-0.0656391 
-0.0656391 
0.000988159 
0.000988159 
-0.00488919 
-0.00895761 
-0.0118999 
-0.0140579 
-0.015619 
-0.0167167 
-0.0174381 
-0.0178424 
-0.0179707 
-0.0178558 
-0.0175287 
-0.017021 
-0.0163648 
-0.015589 
-0.014715 
-0.013755 
-0.0127116 
-0.0115812 
-0.0103582 
-0.00903842 
-0.00762152 
-0.00611157 
-0.00451681 
-0.00284907 
-0.00112317 
0.000643376 
0.0024321 
0.00422289 
0.00599454 
0.0077275 
0.00940447 
0.0110115 
0.0125386 
0.0139795 
0.0153333 
0.0166023 
0.017795 
0.0189218 
0.0199975 
0.0210366 
0.0220574 
0.0230758 
0.0241098 
0.0251752 
0.0262895 
0.0274638 
0.0287026 
0.0299971 
0.0313025 
0.0324993 
0.0333266 
0.0333274 
0.0318613 
0.0282699 
0.0220813 
0.0131911 
0.00188007 
-0.010844 
-0.0235902 
-0.0354204 
-0.0458361 
-0.0547943 
-0.0623345 
-0.0623345 
0.00434585 
0.00434585 
-0.00173797 
-0.00604447 
-0.00922785 
-0.0116176 
-0.0133979 
-0.0147062 
-0.0156361 
-0.0162529 
-0.0165993 
-0.0167041 
-0.0165888 
-0.0162738 
-0.0157813 
-0.0151359 
-0.0143626 
-0.0134834 
-0.0125139 
-0.0114625 
-0.0103313 
-0.00911937 
-0.0078258 
-0.00645206 
-0.00500314 
-0.00348777 
-0.00191796 
-0.000308556 
0.00132432 
0.00296878 
0.00460859 
0.00622745 
0.00781051 
0.00934543 
0.0108225 
0.0122348 
0.0135801 
0.014858 
0.0160747 
0.0172374 
0.0183586 
0.0194489 
0.0205238 
0.0215951 
0.0226785 
0.0237867 
0.0249307 
0.0261157 
0.0273404 
0.0285888 
0.0298099 
0.0308844 
0.0315692 
0.0314543 
0.0299775 
0.0265612 
0.020796 
0.0125881 
0.00227679 
-0.00930442 
-0.0210919 
-0.0322486 
-0.0422586 
-0.0509924 
-0.0584325 
-0.0584325 
0.00769324 
0.00769324 
0.00139467 
-0.00315648 
-0.0065946 
-0.00922984 
-0.0112364 
-0.0127502 
-0.0138702 
-0.01467 
-0.0152013 
-0.0154985 
-0.0155839 
-0.0154725 
-0.0151774 
-0.0147131 
-0.0140971 
-0.0133497 
-0.0124913 
-0.0115399 
-0.0105081 
-0.00940359 
-0.00822989 
-0.00698884 
-0.00568282 
-0.00431605 
-0.00289505 
-0.00142846 
7.30859e-05 
0.00159818 
0.00313268 
0.00466305 
0.00617566 
0.00765916 
0.00910366 
0.0105002 
0.0118447 
0.0131323 
0.0143695 
0.0155615 
0.0167185 
0.0178482 
0.0189638 
0.020074 
0.0211929 
0.0223276 
0.0234838 
0.0246622 
0.0258558 
0.0270425 
0.0281666 
0.0291118 
0.0296561 
0.0294399 
0.027981 
0.0247839 
0.0195012 
0.0120536 
0.00277092 
-0.00766184 
-0.0184324 
-0.0288265 
-0.038343 
-0.0467882 
-0.0540871 
-0.0540871 
0.0110414 
0.0110414 
0.00451647 
-0.000294501 
-0.00400458 
-0.00691101 
-0.00916824 
-0.0109036 
-0.0122149 
-0.0131811 
-0.0138639 
-0.0143092 
-0.0145494 
-0.0146057 
-0.0144918 
-0.0142171 
-0.0137904 
-0.013222 
-0.012525 
-0.0117149 
-0.0108071 
-0.00981514 
-0.00874913 
-0.00761572 
-0.00641937 
-0.00516406 
-0.00385492 
-0.00249913 
-0.00110661 
0.000311397 
0.00174577 
0.00318956 
0.00463024 
0.00605822 
0.00746271 
0.00883319 
0.0101665 
0.0114536 
0.0126995 
0.0139076 
0.0150875 
0.0162429 
0.0173864 
0.0185236 
0.0196646 
0.0208119 
0.0219674 
0.0231278 
0.0242812 
0.0254002 
0.0264269 
0.0272501 
0.0276714 
0.0273815 
0.0259753 
0.0230365 
0.0182744 
0.0116214 
0.00336122 
-0.00595537 
-0.0157005 
-0.0252813 
-0.0342344 
-0.0423291 
-0.0494438 
-0.0494438 
0.0144136 
0.0144136 
0.00765414 
0.00255958 
-0.00144723 
-0.00465549 
-0.00720275 
-0.00919697 
-0.0107279 
-0.011873 
-0.0126989 
-0.0132615 
-0.0136063 
-0.0137683 
-0.0137732 
-0.0136381 
-0.0133737 
-0.0129864 
-0.012481 
-0.0118628 
-0.0111388 
-0.0103175 
-0.00940839 
-0.00842006 
-0.00736027 
-0.00623578 
-0.00505289 
-0.00381776 
-0.00253631 
-0.00121392 
0.000143768 
0.00152965 
0.00292906 
0.00433318 
0.00573189 
0.00711038 
0.00845906 
0.00975515 
0.0110138 
0.0122411 
0.0134428 
0.0146211 
0.0157874 
0.0169442 
0.0180979 
0.0192492 
0.020397 
0.0215345 
0.0226459 
0.0237005 
0.0246398 
0.0253598 
0.0256866 
0.0253586 
0.0240414 
0.0213915 
0.0171669 
0.0113067 
0.00403456 
-0.00421569 
-0.0129562 
-0.0217039 
-0.0300452 
-0.037737 
-0.0446274 
-0.0446274 
0.0178409 
0.0178409 
0.0108438 
0.00544469 
0.00110545 
-0.00243997 
-0.00532144 
-0.00762504 
-0.00942492 
-0.0107906 
-0.0117873 
-0.0124751 
-0.0129079 
-0.0131329 
-0.0131901 
-0.0131123 
-0.0129244 
-0.012643 
-0.0122767 
-0.0118278 
-0.0112949 
-0.0106751 
-0.00996567 
-0.00916463 
-0.00827165 
-0.00728816 
-0.00621811 
-0.00506874 
-0.003851 
-0.00257906 
-0.00126856 
6.65544e-05 
0.00141503 
0.00278351 
0.00415344 
0.00550418 
0.00683865 
0.00812871 
0.00938379 
0.0106108 
0.0118201 
0.0130085 
0.014185 
0.0153502 
0.0165071 
0.0176553 
0.018791 
0.0199048 
0.0209782 
0.021978 
0.0228474 
0.0234909 
0.0237582 
0.0234313 
0.022238 
0.0198984 
0.0162114 
0.0111187 
0.00478302 
-0.00246222 
-0.0102367 
-0.0181541 
-0.0258558 
-0.0331055 
-0.0397375 
-0.0397375 
0.0213564 
0.0213564 
0.014122 
0.00840395 
0.00369802 
-0.000229283 
-0.0034884 
-0.00615427 
-0.00827882 
-0.0099203 
-0.0111381 
-0.011993 
-0.0125427 
-0.0128405 
-0.0129349 
-0.0128697 
-0.012684 
-0.0124111 
-0.0120765 
-0.0116957 
-0.0112743 
-0.0108096 
-0.0102926 
-0.00971163 
-0.00905393 
-0.00830781 
-0.00746376 
-0.00651606 
-0.00546455 
-0.00431674 
-0.00308847 
-0.0018013 
-0.000470461 
0.000902783 
0.00231003 
0.00373384 
0.00514095 
0.00643626 
0.00768813 
0.00893932 
0.0101686 
0.011375 
0.0125618 
0.0137329 
0.0148903 
0.0160339 
0.0171586 
0.0182534 
0.0192981 
0.020259 
0.0210817 
0.0216805 
0.0219266 
0.0216406 
0.0206029 
0.0185874 
0.0154267 
0.0110625 
0.00560276 
-0.000703855 
-0.00756173 
-0.0146673 
-0.0217186 
-0.0285 
-0.0348467 
-0.0348467 
0.0249918 
0.0249918 
0.0175231 
0.0114741 
0.00637271 
0.00201976 
-0.00166618 
-0.00474338 
-0.00724616 
-0.00921584 
-0.0107046 
-0.0117729 
-0.0124833 
-0.0128951 
-0.0130619 
-0.0130314 
-0.0128476 
-0.0125509 
-0.0121782 
-0.0117606 
-0.0113209 
-0.0108709 
-0.0104119 
-0.00993582 
-0.00942846 
-0.00887231 
-0.00824845 
-0.00753714 
-0.00671751 
-0.00576774 
-0.00466746 
-0.00340703 
-0.00200268 
-0.000535984 
0.000883669 
0.00224041 
0.00359682 
0.00488139 
0.00612027 
0.00735065 
0.00856928 
0.00976971 
0.0109513 
0.0121167 
0.0132674 
0.0144028 
0.0155172 
0.0165988 
0.0176265 
0.0185669 
0.0193691 
0.0199566 
0.0202202 
0.020013 
0.0191586 
0.0174754 
0.0148229 
0.0111421 
0.00649537 
0.0010598 
-0.00493619 
-0.0112591 
-0.0176629 
-0.0239616 
-0.0300037 
-0.0300037 
0.0287764 
0.0287764 
0.0210775 
0.014687 
0.009164 
0.00434236 
0.00017818 
-0.00336094 
-0.00629301 
-0.0086388 
-0.0104395 
-0.0117544 
-0.0126531 
-0.013205 
-0.0134737 
-0.0135137 
-0.0133719 
-0.0130897 
-0.0127043 
-0.0122492 
-0.0117538 
-0.0112413 
-0.010727 
-0.0102174 
-0.0097103 
-0.0091975 
-0.00866733 
-0.00810708 
-0.00750384 
-0.00684301 
-0.00610383 
-0.00525304 
-0.00424245 
-0.00301605 
-0.00154003 
0.000174495 
0.00191463 
0.00320172 
0.00433307 
0.00563764 
0.00691221 
0.00813671 
0.00932307 
0.0104836 
0.011627 
0.0127558 
0.0138654 
0.0149439 
0.0159704 
0.0169127 
0.0177232 
0.0183345 
0.0186539 
0.0185612 
0.0179149 
0.0165687 
0.014404 
0.0113611 
0.00746666 
0.00283756 
-0.00235451 
-0.00793072 
-0.0136996 
-0.0195114 
-0.0252356 
-0.0252356 
0.0327352 
0.0327352 
0.0248113 
0.0180702 
0.0121003 
0.00676937 
0.00207379 
-0.00198458 
-0.00539934 
-0.0081711 
-0.0103235 
-0.0119116 
-0.0130123 
-0.0137086 
-0.0140788 
-0.0141902 
-0.0140982 
-0.0138484 
-0.0134795 
-0.0130248 
-0.0125121 
-0.0119645 
-0.0113995 
-0.0108292 
-0.01026 
-0.00969361 
-0.00912772 
-0.00855723 
-0.00797555 
-0.00737489 
-0.00674395 
-0.0060584 
-0.00527413 
-0.00432979 
-0.00315398 
-0.00157961 
0.000207402 
0.00161441 
0.00285005 
0.00410608 
0.0053438 
0.0065497 
0.00772176 
0.00886841 
0.00999886 
0.0111184 
0.0122248 
0.0133077 
0.0143472 
0.0153122 
0.0161589 
0.0168272 
0.0172381 
0.0172925 
0.0168758 
0.0158694 
0.0141723 
0.0117243 
0.00852586 
0.00464421 
0.000199714 
-0.00467109 
-0.00982553 
-0.0151539 
-0.0205521 
-0.0205521 
0.036888 
0.036888 
0.0287459 
0.0216471 
0.0152075 
0.00932741 
0.00404584 
-0.000593283 
-0.00455011 
-0.00780341 
-0.0103524 
-0.012243 
-0.0135581 
-0.0143963 
-0.0148558 
-0.0150209 
-0.0149596 
-0.0147255 
-0.0143617 
-0.0139038 
-0.013381 
-0.0128169 
-0.0122292 
-0.0116297 
-0.0110254 
-0.0104191 
-0.00981167 
-0.00920318 
-0.00859388 
-0.00798415 
-0.00737354 
-0.00674876 
-0.00606656 
-0.00527817 
-0.00437646 
-0.00337437 
-0.00237225 
-0.00139218 
-3.39835e-05 
0.0017459 
0.00340113 
0.00478686 
0.0060293 
0.00719608 
0.00833191 
0.00945594 
0.0105732 
0.011677 
0.0127498 
0.0137631 
0.0146764 
0.015436 
0.0159735 
0.0162061 
0.0160394 
0.0153759 
0.0141286 
0.0122373 
0.00968363 
0.00649726 
0.00274954 
-0.00145941 
-0.00602596 
-0.0108802 
-0.0159478 
-0.0159478 
0.0412478 
0.0412478 
0.0328962 
0.0254365 
0.018508 
0.0120416 
0.00612022 
0.000834943 
-0.00373124 
-0.00752778 
-0.0105251 
-0.0127524 
-0.014297 
-0.0152747 
-0.0158082 
-0.0160045 
-0.0159492 
-0.0157067 
-0.0153264 
-0.0148469 
-0.0142994 
-0.0137085 
-0.0130933 
-0.0124677 
-0.0118402 
-0.0112151 
-0.0105932 
-0.00997308 
-0.00935283 
-0.00873122 
-0.00810942 
-0.00748789 
-0.00684496 
-0.00614414 
-0.00536221 
-0.0044661 
-0.00347759 
-0.00259801 
-0.00150722 
-9.26557e-05 
0.001393 
0.00281719 
0.00414463 
0.00539059 
0.00658378 
0.00775149 
0.00890926 
0.0100592 
0.0111902 
0.0122784 
0.013288 
0.0141709 
0.0148671 
0.0153058 
0.0154076 
0.0150901 
0.0142772 
0.0129096 
0.0109553 
0.00841589 
0.00532413 
0.00173393 
-0.00227701 
-0.00667004 
-0.0114043 
-0.0114043 
0.0458182 
0.0458182 
0.0372688 
0.0294499 
0.0220192 
0.0149336 
0.00832053 
0.00232175 
-0.0029262 
-0.00733431 
-0.0108388 
-0.0134433 
-0.0152361 
-0.0163517 
-0.016942 
-0.0171439 
-0.0170656 
-0.0167863 
-0.0163638 
-0.015841 
-0.0152512 
-0.0146204 
-0.0139684 
-0.0133097 
-0.012654 
-0.0120071 
-0.0113717 
-0.0107482 
-0.0101354 
-0.00953165 
-0.00893398 
-0.0083406 
-0.00773655 
-0.00710311 
-0.00642283 
-0.00569785 
-0.00491728 
-0.00411323 
-0.00313547 
-0.00206513 
-0.000964424 
0.000238562 
0.00155375 
0.00291703 
0.00427829 
0.00562043 
0.00694318 
0.00824721 
0.00952691 
0.0107661 
0.0119366 
0.0129982 
0.0139002 
0.0145821 
0.0149765 
0.0150131 
0.0146246 
0.0137534 
0.0123589 
0.0104221 
0.00794669 
0.0049489 
0.00146084 
-0.00248986 
-0.00688946 
-0.00688946 
0.0505902 
0.0505902 
0.0418581 
0.0336885 
0.0257506 
0.0180202 
0.0106675 
0.00388869 
-0.00211692 
-0.00721072 
-0.0112875 
-0.0143156 
-0.0163796 
-0.0176331 
-0.0182625 
-0.0184416 
-0.0183084 
-0.0179615 
-0.0174689 
-0.016879 
-0.0162274 
-0.0155411 
-0.0148406 
-0.0141409 
-0.0134525 
-0.0127818 
-0.0121319 
-0.0115036 
-0.0108958 
-0.0103069 
-0.00973298 
-0.00917227 
-0.00861269 
-0.0080421 
-0.0074403 
-0.00680891 
-0.00610885 
-0.00540286 
-0.00458546 
-0.00364529 
-0.00261901 
-0.00152481 
-0.000369897 
0.000845614 
0.00212253 
0.00346307 
0.00485896 
0.00629301 
0.00774293 
0.00918069 
0.0105716 
0.011874 
0.0130391 
0.0140121 
0.0147335 
0.0151417 
0.0151764 
0.0147826 
0.0139151 
0.0125414 
0.0106428 
0.00820981 
0.00523919 
0.00171632 
-0.00235512 
-0.00235512 
0.0555387 
0.0555387 
0.0466431 
0.0381395 
0.0297002 
0.0213098 
0.0131773 
0.00555536 
-0.00128444 
-0.00714137 
-0.0118599 
-0.0153633 
-0.0177256 
-0.0191191 
-0.0197693 
-0.0198953 
-0.0196727 
-0.0192246 
-0.0186324 
-0.0179505 
-0.017217 
-0.0164596 
-0.015699 
-0.0149499 
-0.014223 
-0.0135248 
-0.0128591 
-0.0122271 
-0.011628 
-0.0110605 
-0.0105197 
-0.0100033 
-0.00950044 
-0.00900438 
-0.00849601 
-0.00797995 
-0.00742 
-0.00683858 
-0.00616738 
-0.00542163 
-0.00459982 
-0.00368478 
-0.0026663 
-0.00154701 
-0.000324195 
0.00101355 
0.00246856 
0.00402785 
0.00566547 
0.00734535 
0.00902191 
0.0106431 
0.0121527 
0.0134923 
0.0146029 
0.0154261 
0.015906 
0.0159906 
0.0156336 
0.0147947 
0.0134416 
0.0115447 
0.00907904 
0.00600107 
0.00225716 
0.00225716 
0.0606186 
0.0606186 
0.0515827 
0.0427712 
0.0338494 
0.0247985 
0.0158586 
0.00733851 
-0.000411528 
-0.00710894 
-0.0125382 
-0.0165713 
-0.0192627 
-0.0208009 
-0.0214545 
-0.0214961 
-0.0211478 
-0.0205637 
-0.0198413 
-0.019042 
-0.0182064 
-0.0173624 
-0.01653 
-0.0157234 
-0.0149526 
-0.0142237 
-0.0135403 
-0.0129034 
-0.0123118 
-0.0117643 
-0.0112555 
-0.0107832 
-0.0103367 
-0.00991136 
-0.00948712 
-0.00906883 
-0.00861734 
-0.00815237 
-0.00761966 
-0.0070138 
-0.0063232 
-0.0055384 
-0.00464655 
-0.00363289 
-0.00248228 
-0.00118031 
0.000279544 
0.00188941 
0.00363704 
0.00549318 
0.0074133 
0.00934055 
0.0112099 
0.0129521 
0.0144982 
0.0157824 
0.0167442 
0.017329 
0.0174877 
0.0171755 
0.0163512 
0.0149723 
0.0129971 
0.0103571 
0.00696339 
0.00696339 
0.0657611 
0.0657611 
0.0566116 
0.0475274 
0.0381573 
0.0284633 
0.0187059 
0.00924539 
0.00051882 
-0.00709052 
-0.0132951 
-0.0179118 
-0.0209651 
-0.0226564 
-0.0232984 
-0.0232252 
-0.0227149 
-0.0219595 
-0.0210765 
-0.0201353 
-0.0191783 
-0.0182332 
-0.0173186 
-0.0164473 
-0.015628 
-0.0148661 
-0.0141642 
-0.0135234 
-0.0129418 
-0.0124183 
-0.011947 
-0.011526 
-0.0111452 
-0.010801 
-0.0104753 
-0.0101708 
-0.00985391 
-0.00952976 
-0.00915443 
-0.00872066 
-0.00820535 
-0.0075866 
-0.00683909 
-0.00593861 
-0.00486028 
-0.00358193 
-0.0020914 
-0.000390347 
0.00150743 
0.00357156 
0.00575517 
0.00799921 
0.0102363 
0.0123929 
0.0143929 
0.0161621 
0.0176314 
0.0187385 
0.0194274 
0.0196467 
0.0193476 
0.0184777 
0.016982 
0.0147709 
0.0117197 
0.0117197 
0.0708709 
0.0708709 
0.0616365 
0.0523229 
0.0425536 
0.0322554 
0.0216938 
0.0112718 
0.00152124 
-0.00705739 
-0.0140918 
-0.0193403 
-0.022789 
-0.0246453 
-0.0252655 
-0.0250509 
-0.0243445 
-0.0233844 
-0.0223123 
-0.0212064 
-0.0201109 
-0.0190522 
-0.0180466 
-0.0171048 
-0.0162335 
-0.0154367 
-0.0147158 
-0.0140711 
-0.0135001 
-0.0130011 
-0.0125683 
-0.0122 
-0.0118865 
-0.0116248 
-0.0113975 
-0.0112061 
-0.011019 
-0.0108355 
-0.0106157 
-0.0103448 
-0.00999368 
-0.00953497 
-0.00893444 
-0.0081546 
-0.00715674 
-0.00590615 
-0.00437966 
-0.00257271 
-0.000501562 
0.00179123 
0.00425016 
0.00681104 
0.0094042 
0.0119551 
0.0143862 
0.0166202 
0.018583 
0.0202046 
0.0214202 
0.0221683 
0.0223897 
0.0220206 
0.0209928 
0.019197 
0.0164759 
0.0164759 
0.0758257 
0.0758257 
0.0665349 
0.0570403 
0.0469342 
0.0360932 
0.0247713 
0.0133981 
0.00260105 
-0.00698171 
-0.0148788 
-0.020794 
-0.0246684 
-0.0267057 
-0.0273009 
-0.0269252 
-0.0259948 
-0.0248014 
-0.0235155 
-0.0222259 
-0.020978 
-0.0197961 
-0.0186935 
-0.0176777 
-0.0167528 
-0.015921 
-0.015182 
-0.0145352 
-0.0139772 
-0.013506 
-0.0131159 
-0.0128057 
-0.0125667 
-0.012396 
-0.012278 
-0.0122113 
-0.0121694 
-0.0121444 
-0.0120995 
-0.0120155 
-0.0118572 
-0.011588 
-0.0111614 
-0.0105248 
-0.0096228 
-0.00840454 
-0.00683406 
-0.00489944 
-0.00261829 
-3.97196e-05 
0.00276321 
0.0057071 
0.00870925 
0.0116848 
0.0145511 
0.017232 
0.0196566 
0.0217574 
0.0234671 
0.0247177 
0.0254383 
0.0255516 
0.0249735 
0.0235739 
0.0211644 
0.0211644 
0.0804786 
0.0804786 
0.071157 
0.0615295 
0.0511578 
0.0398566 
0.0278554 
0.0155855 
0.00375819 
-0.00683219 
-0.0155933 
-0.0221894 
-0.0265127 
-0.0287504 
-0.0293273 
-0.0287825 
-0.0276102 
-0.026163 
-0.0246453 
-0.0231584 
-0.0217492 
-0.0204387 
-0.0192363 
-0.0181458 
-0.0171679 
-0.0163022 
-0.0155468 
-0.0148997 
-0.0143566 
-0.0139151 
-0.0135699 
-0.0133204 
-0.0131591 
-0.0130829 
-0.0130775 
-0.0131395 
-0.0132466 
-0.0133876 
-0.0135268 
-0.0136413 
-0.0136907 
-0.0136298 
-0.0133981 
-0.0129246 
-0.0121322 
-0.0109495 
-0.00932461 
-0.00723723 
-0.00470557 
-0.00178774 
0.00141717 
0.00479576 
0.00824611 
0.0116698 
0.0149741 
0.0180806 
0.0209244 
0.0234477 
0.0255916 
0.0272892 
0.0284628 
0.0290209 
0.0288609 
0.0278298 
0.0257089 
0.0257089 
0.0846643 
0.0846643 
0.0753319 
0.0656144 
0.0550491 
0.0433846 
0.0308202 
0.0177639 
0.00498029 
-0.00657392 
-0.0161609 
-0.0234247 
-0.0282096 
-0.0306698 
-0.0312464 
-0.0305391 
-0.0291213 
-0.0274117 
-0.0256536 
-0.0239637 
-0.0223904 
-0.0209512 
-0.0196506 
-0.018488 
-0.0174603 
-0.0165643 
-0.0157958 
-0.0151517 
-0.0146267 
-0.014218 
-0.0139211 
-0.0137367 
-0.013658 
-0.0136817 
-0.0137956 
-0.013995 
-0.0142611 
-0.0145819 
-0.0149248 
-0.0152616 
-0.0155477 
-0.0157266 
-0.0157208 
-0.0154361 
-0.0147696 
-0.013626 
-0.0119373 
-0.00967591 
-0.00686155 
-0.00356386 
0.000102054 
0.00398864 
0.00795668 
0.0118858 
0.0156597 
0.0191906 
0.0224194 
0.0253052 
0.0278082 
0.0298754 
0.0314316 
0.0323754 
0.0325857 
0.0318846 
0.0300231 
0.0300231 
0.0882088 
0.0882088 
0.0788792 
0.0691047 
0.0584123 
0.0464841 
0.0334964 
0.0198212 
0.00623542 
-0.0061769 
-0.0165043 
-0.0243879 
-0.0296307 
-0.0323352 
-0.0329406 
-0.0320951 
-0.0304462 
-0.0284811 
-0.0264864 
-0.0245974 
-0.0228652 
-0.0213033 
-0.0199111 
-0.0186828 
-0.0176114 
-0.0166905 
-0.0159138 
-0.0152764 
-0.0147726 
-0.0143991 
-0.0141531 
-0.014036 
-0.0140419 
-0.0141675 
-0.0144029 
-0.014744 
-0.015175 
-0.0156849 
-0.0162455 
-0.0168243 
-0.0173705 
-0.0178146 
-0.018058 
-0.0179779 
-0.017442 
-0.0163311 
-0.0145636 
-0.0121073 
-0.00898445 
-0.00527366 
-0.00110032 
0.0033438 
0.00787673 
0.0123475 
0.0166076 
0.0205543 
0.024132 
0.0273176 
0.0300982 
0.0324452 
0.0342971 
0.0355502 
0.0360681 
0.0356472 
0.0340099 
0.0340099 
0.0909393 
0.0909393 
0.0816233 
0.071813 
0.0610491 
0.0489504 
0.0356844 
0.0215992 
0.00747572 
-0.00558168 
-0.0165246 
-0.0249586 
-0.0306416 
-0.0336104 
-0.0342834 
-0.0333404 
-0.0314942 
-0.0292983 
-0.0270853 
-0.0250124 
-0.0231352 
-0.021464 
-0.0199924 
-0.0187095 
-0.0176037 
-0.0166658 
-0.015887 
-0.0152613 
-0.0147824 
-0.014447 
-0.0142542 
-0.0142065 
-0.014298 
-0.0145264 
-0.0148854 
-0.015372 
-0.0159749 
-0.0166838 
-0.0174748 
-0.0183147 
-0.0191427 
-0.019872 
-0.0203775 
-0.0205037 
-0.0200895 
-0.0189966 
-0.0171372 
-0.0144801 
-0.0110502 
-0.00692883 
-0.0022456 
0.00278074 
0.0079254 
0.0129807 
0.0177478 
0.0221028 
0.0259929 
0.0294165 
0.0323931 
0.0349278 
0.0369825 
0.0384595 
0.0392124 
0.0390138 
0.0375599 
0.0375599 
0.0927056 
0.0927056 
0.0834141 
0.0735808 
0.0627963 
0.050616 
0.0372069 
0.0229036 
0.00855209 
-0.00483356 
-0.0162131 
-0.0250912 
-0.0311659 
-0.0344011 
-0.0351749 
-0.0341795 
-0.0321792 
-0.02979 
-0.027391 
-0.0251617 
-0.0231634 
-0.0214035 
-0.0198702 
-0.0185479 
-0.0174207 
-0.0164759 
-0.0157028 
-0.0150943 
-0.014644 
-0.0143489 
-0.0142104 
-0.0142314 
-0.0144067 
-0.0147358 
-0.0152164 
-0.0158484 
-0.0166251 
-0.0175383 
-0.0185671 
-0.0196751 
-0.0207936 
-0.0218099 
-0.0225664 
-0.0228765 
-0.0225549 
-0.0214554 
-0.0194952 
-0.0166496 
-0.0129437 
-0.00844941 
-0.00328574 
0.00232242 
0.0080923 
0.0137333 
0.0189946 
0.0237264 
0.0278787 
0.0314742 
0.0345689 
0.0372052 
0.0393743 
0.0409906 
0.0419036 
0.041865 
0.0405505 
0.0405505 
0.0933435 
0.0933435 
0.0841325 
0.0742804 
0.0635059 
0.0513266 
0.0379052 
0.0236252 
0.00940109 
-0.00391675 
-0.0155063 
-0.0247052 
-0.0310983 
-0.0345785 
-0.0354799 
-0.0344906 
-0.0324043 
-0.0298824 
-0.0273464 
-0.0250012 
-0.0229161 
-0.0210965 
-0.019526 
-0.0181835 
-0.0170497 
-0.0161095 
-0.0153511 
-0.014766 
-0.0143478 
-0.0140948 
-0.0140106 
-0.0140979 
-0.0143526 
-0.0147775 
-0.0153746 
-0.0161474 
-0.0170948 
-0.0182118 
-0.0194784 
-0.0208515 
-0.0222466 
-0.0235271 
-0.0244946 
-0.024937 
-0.0246609 
-0.0235281 
-0.021473 
-0.0184812 
-0.0145736 
-0.00980131 
-0.00425891 
0.00185968 
0.008246 
0.0144841 
0.0202219 
0.0252804 
0.0296263 
0.0333194 
0.0364572 
0.0391196 
0.041327 
0.043007 
0.04401 
0.0440698 
0.0428499 
0.0428499 
0.0927568 
0.0927568 
0.083692 
0.0738402 
0.0631082 
0.0510322 
0.0377738 
0.0237869 
0.00992477 
-0.00311325 
-0.0146288 
-0.0239237 
-0.0304909 
-0.0341475 
-0.0351681 
-0.0342157 
-0.0320961 
-0.029504 
-0.0268926 
-0.0244861 
-0.0223596 
-0.0205174 
-0.0189393 
-0.0176009 
-0.01648 
-0.0155592 
-0.0148245 
-0.014269 
-0.013886 
-0.0136758 
-0.0136439 
-0.0137921 
-0.0141188 
-0.0146303 
-0.0153334 
-0.0162359 
-0.0173425 
-0.0186518 
-0.020143 
-0.0217614 
-0.0233977 
-0.024881 
-0.0259917 
-0.0265043 
-0.0262208 
-0.0250347 
-0.022906 
-0.019828 
-0.0158116 
-0.0108783 
-0.00508706 
0.00145995 
0.00839255 
0.0151421 
0.0212713 
0.0265618 
0.0310117 
0.0347264 
0.037845 
0.0404777 
0.0426673 
0.0443516 
0.0453849 
0.0454873 
0.0443234 
0.0443234 
0.0908639 
0.0908639 
0.0820256 
0.0722305 
0.0616044 
0.0497658 
0.0368744 
0.0234077 
0.0100955 
-0.00247995 
-0.013714 
-0.0228902 
-0.0294455 
-0.0331443 
-0.0342181 
-0.0333028 
-0.0311975 
-0.0286048 
-0.0259907 
-0.0235876 
-0.0214736 
-0.019652 
-0.0181004 
-0.0167925 
-0.0157046 
-0.0148184 
-0.0141194 
-0.0135993 
-0.0132541 
-0.0130862 
-0.0131025 
-0.0133038 
-0.0136917 
-0.0142763 
-0.0150688 
-0.0160822 
-0.0173264 
-0.0188026 
-0.0204864 
-0.0223065 
-0.024124 
-0.0257326 
-0.02689 
-0.0273765 
-0.0270405 
-0.0258058 
-0.0236485 
-0.0205636 
-0.0165497 
-0.0116086 
-0.00577556 
0.00090542 
0.00830284 
0.0156014 
0.0220178 
0.0273882 
0.0318179 
0.0354761 
0.0385271 
0.0410946 
0.0432304 
0.0448766 
0.0458923 
0.0459878 
0.0448445 
0.0448445 
0.0875904 
0.0875904 
0.0790791 
0.06944 
0.0590185 
0.0475677 
0.0352382 
0.0224722 
0.00986195 
-0.00209739 
-0.012845 
-0.0216784 
-0.0280149 
-0.0315981 
-0.032637 
-0.0317422 
-0.0296897 
-0.0271648 
-0.0246234 
-0.0222931 
-0.0202494 
-0.0184946 
-0.0170058 
-0.0157564 
-0.0147228 
-0.0138867 
-0.013234 
-0.012756 
-0.0124503 
-0.0123229 
-0.0123809 
-0.0126247 
-0.0130595 
-0.0136986 
-0.0145575 
-0.0156537 
-0.0170018 
-0.0186037 
-0.0204272 
-0.0223802 
-0.0242928 
-0.0259321 
-0.0270533 
-0.0274624 
-0.0270471 
-0.0257651 
-0.0236048 
-0.0205544 
-0.0165951 
-0.0117069 
-0.00588001 
0.000886776 
0.00827096 
0.015505 
0.021944 
0.0273186 
0.0317042 
0.0353021 
0.0382862 
0.0407837 
0.0428472 
0.0444243 
0.0453803 
0.0454338 
0.0443212 
0.0443212 
0.0828725 
0.0828725 
0.0748084 
0.0654708 
0.0553947 
0.0444907 
0.0328971 
0.0209841 
0.00921839 
-0.00197026 
-0.0120433 
-0.0203183 
-0.0262269 
-0.0295295 
-0.0304385 
-0.0295434 
-0.02758 
-0.0251905 
-0.0227973 
-0.0206089 
-0.0186933 
-0.0170513 
-0.0156612 
-0.0144979 
-0.0135394 
-0.0127684 
-0.012172 
-0.0117424 
-0.0114768 
-0.0113864 
-0.0114778 
-0.0117511 
-0.0122147 
-0.012885 
-0.0137806 
-0.014923 
-0.0163295 
-0.0180003 
-0.0198924 
-0.0218914 
-0.0238016 
-0.0253772 
-0.026389 
-0.0266821 
-0.0261862 
-0.0248818 
-0.0227576 
-0.0197899 
-0.0159451 
-0.0111936 
-0.00553243 
0.000959549 
0.00793097 
0.0147846 
0.0209921 
0.0262542 
0.0305686 
0.0341033 
0.037022 
0.0394449 
0.04142 
0.0429013 
0.0437618 
0.0437493 
0.0426814 
0.0426814 
0.0766499 
0.0766499 
0.069171 
0.0603235 
0.0507767 
0.0405876 
0.0298871 
0.018963 
0.00817684 
-0.00208677 
-0.0112927 
-0.0187946 
-0.0240744 
-0.0269455 
-0.0276446 
-0.0267391 
-0.0249055 
-0.0227175 
-0.0205432 
-0.0185606 
-0.016826 
-0.0153391 
-0.0140808 
-0.0130291 
-0.0121646 
-0.0114725 
-0.0109413 
-0.0105644 
-0.0103395 
-0.0102814 
-0.0103958 
-0.0106833 
-0.0111549 
-0.0118287 
-0.0127257 
-0.0138697 
-0.0152788 
-0.0169494 
-0.0188266 
-0.0207774 
-0.0225906 
-0.0240249 
-0.0248802 
-0.0250435 
-0.0244775 
-0.0231756 
-0.0211238 
-0.0182908 
-0.0146407 
-0.0101573 
-0.00487507 
0.00106942 
0.00736303 
0.0135844 
0.0193206 
0.0242936 
0.0284445 
0.0318702 
0.0346967 
0.0370219 
0.0388837 
0.0402413 
0.0409788 
0.0408931 
0.0398936 
0.0398936 
0.0688706 
0.0688706 
0.062128 
0.0539938 
0.0451997 
0.0359125 
0.0262618 
0.0164654 
0.0068044 
-0.0023628 
-0.0105049 
-0.0170315 
-0.0215109 
-0.0238383 
-0.0242844 
-0.023383 
-0.0217296 
-0.0198066 
-0.0179135 
-0.0161905 
-0.0146812 
-0.013385 
-0.0122865 
-0.0113682 
-0.0106144 
-0.0100127 
-0.00955416 
-0.00923331 
-0.00904846 
-0.00901654 
-0.0091425 
-0.00942746 
-0.00988399 
-0.0105308 
-0.0113898 
-0.012485 
-0.0138338 
-0.0154278 
-0.0172027 
-0.0190142 
-0.0206503 
-0.0218883 
-0.0225647 
-0.0226046 
-0.0219952 
-0.0207385 
-0.0188212 
-0.0162135 
-0.012889 
-0.00884894 
-0.00414863 
0.00107166 
0.00656325 
0.0120135 
0.0171082 
0.0216213 
0.0254695 
0.0286872 
0.03135 
0.0335236 
0.0352299 
0.0364313 
0.0370285 
0.0368787 
0.0359758 
0.0359758 
0.0594976 
0.0594976 
0.0536484 
0.0464704 
0.0386817 
0.0305079 
0.0220803 
0.013567 
0.00519703 
-0.00267852 
-0.00955004 
-0.0149207 
-0.0184777 
-0.02021 
-0.0204111 
-0.0195586 
-0.0181432 
-0.0165415 
-0.0149776 
-0.0135541 
-0.0123027 
-0.0112237 
-0.0103067 
-0.00953902 
-0.00890886 
-0.00840697 
-0.00802662 
-0.0077638 
-0.00761753 
-0.00760506 
-0.00773048 
-0.00799554 
-0.0084131 
-0.00900111 
-0.00978061 
-0.0107742 
-0.0119972 
-0.0134372 
-0.0150255 
-0.0166184 
-0.018017 
-0.0190281 
-0.0195254 
-0.0194647 
-0.0188507 
-0.0176926 
-0.0159815 
-0.013695 
-0.0108164 
-0.00735714 
-0.0033762 
0.0010039 
0.00559544 
0.0101734 
0.0145034 
0.0184092 
0.0218045 
0.024683 
0.0270767 
0.0290179 
0.0305123 
0.0315243 
0.0319769 
0.0317866 
0.0310098 
0.0310098 
0.0485506 
0.0485506 
0.0437518 
0.0377788 
0.031266 
0.0244471 
0.0174503 
0.0104148 
0.00354327 
-0.00282369 
-0.00824088 
-0.0123377 
-0.0149337 
-0.0160981 
-0.016117 
-0.0153817 
-0.0142606 
-0.0130206 
-0.0118151 
-0.0107136 
-0.00973947 
-0.0088948 
-0.00817395 
-0.00756898 
-0.00707201 
-0.00667665 
-0.00637833 
-0.00617441 
-0.00606458 
-0.00606458 
-0.00617762 
-0.00640591 
-0.00676123 
-0.00725941 
-0.00791891 
-0.00875935 
-0.00979296 
-0.011006 
-0.0123328 
-0.0136429 
-0.0147636 
-0.0155376 
-0.0158729 
-0.0157479 
-0.0151784 
-0.0141798 
-0.0127503 
-0.0108764 
-0.00854895 
-0.00578032 
-0.00261879 
0.000844183 
0.00447684 
0.00811572 
0.01159 
0.0147679 
0.017572 
0.0199763 
0.0219839 
0.0236025 
0.0248254 
0.0256218 
0.025939 
0.0257415 
0.0251175 
0.0251175 
0.036082 
0.036082 
0.0324828 
0.0279535 
