0 
0.0014524 
0.00217839 
0.00321368 
0.00419344 
0.00493756 
0.00540287 
0.00560917 
0.0055952 
0.00540172 
0.00506519 
0.00461645 
0.00408154 
0.00348326 
0.00284259 
0.00217986 
0.00151545 
0.000869769 
0.000262903 
-0.000291158 
-0.000787659 
-0.00122373 
-0.00159674 
-0.00190886 
-0.00216843 
-0.00238894 
-0.00258622 
-0.00277225 
-0.00294656 
-0.00308949 
-0.00316528 
-0.00313968 
-0.00300283 
-0.00277747 
-0.00250432 
-0.00222039 
-0.00194834 
-0.00169844 
-0.00147405 
-0.00127533 
-0.0011008 
-0.000948086 
-0.00081437 
-0.000696817 
-0.000592765 
-0.000499847 
-0.000416017 
-0.000339546 
-0.000268987 
-0.000203099 
-0.000140883 
-8.19984e-05 
-2.64282e-05 
2.62209e-05 
7.69625e-05 
0.0001258 
0.000172236 
0.000215637 
0.000255455 
0.000291137 
0.000322102 
0.000347771 
0.000367614 
0.000381164 
0.000388101 
0 
-0.0014524 
-0.0014524 
-0.00217839 
-0.00321368 
-0.00419344 
-0.00493756 
-0.00540287 
-0.00560917 
-0.0055952 
-0.00540172 
-0.00506519 
-0.00461645 
-0.00408154 
-0.00348326 
-0.00284259 
-0.00217986 
-0.00151545 
-0.000869769 
-0.000262903 
0.000291158 
0.000787659 
0.00122373 
0.00159674 
0.00190886 
0.00216843 
0.00238894 
0.00258622 
0.00277225 
0.00294656 
0.00308949 
0.00316528 
0.00313968 
0.00300283 
0.00277747 
0.00250432 
0.00222039 
0.00194834 
0.00169844 
0.00147405 
0.00127533 
0.0011008 
0.000948086 
0.00081437 
0.000696817 
0.000592765 
0.000499847 
0.000416017 
0.000339546 
0.000268987 
0.000203099 
0.000140883 
8.19984e-05 
2.64282e-05 
-2.62209e-05 
-7.69625e-05 
-0.0001258 
-0.000172236 
-0.000215637 
-0.000255455 
-0.000291137 
-0.000322102 
-0.000347771 
-0.000367614 
-0.000381164 
-0.000388101 
-0.000388101 
-0.00286621 
-0.00286621 
-0.00598132 
-0.00950594 
-0.0124587 
-0.0145549 
-0.0158016 
-0.0163108 
-0.0162137 
-0.015631 
-0.0146633 
-0.0133917 
-0.0118823 
-0.0101916 
-0.00837121 
-0.00647251 
-0.00454873 
-0.00265615 
-0.000854903 
0.000806374 
0.00230296 
0.00362028 
0.00474789 
0.00568976 
0.00646842 
0.00712288 
0.00770176 
0.00824637 
0.00876425 
0.00920544 
0.00946684 
0.00944166 
0.00908955 
0.0084678 
0.00769409 
0.00688141 
0.00610136 
0.00538615 
0.0047451 
0.00417718 
0.00367697 
0.00323711 
0.00284957 
0.00250653 
0.00220081 
0.00192604 
0.00167677 
0.00144834 
0.00123688 
0.00103916 
0.00085267 
0.000675428 
0.000505938 
0.00034324 
0.000187469 
3.92912e-05 
-0.00010029 
-0.000230148 
-0.000349043 
-0.000455543 
-0.000547973 
-0.000624628 
-0.000683913 
-0.00072442 
-0.000745166 
-0.000745166 
-0.00631867 
-0.00631867 
-0.0119792 
-0.0174034 
-0.0216911 
-0.0246227 
-0.0262791 
-0.0268451 
-0.0265193 
-0.0254787 
-0.0238681 
-0.0218019 
-0.0193715 
-0.0166546 
-0.0137235 
-0.0106518 
-0.00751846 
-0.00440975 
-0.00142047 
0.00137792 
0.00393407 
0.00620528 
0.00816089 
0.00979515 
0.0111319 
0.0122247 
0.0131489 
0.0139785 
0.014744 
0.0153875 
0.0157582 
0.0156859 
0.0150974 
0.0140758 
0.0128068 
0.0114749 
0.010199 
0.00903282 
0.0079902 
0.00706752 
0.00625431 
0.00553773 
0.00490458 
0.00434237 
0.00383977 
0.0033868 
0.00297484 
0.0025965 
0.00224557 
0.00191692 
0.00160647 
0.00131116 
0.00102896 
0.000758585 
0.000499224 
0.000250916 
1.49083e-05 
-0.000205949 
-0.000408423 
-0.000589995 
-0.000747766 
-0.000878749 
-0.00098014 
-0.00104946 
-0.00108498 
-0.00108498 
-0.0123339 
-0.0123339 
-0.0192344 
-0.0257783 
-0.030879 
-0.0342739 
-0.0360777 
-0.0365298 
-0.0358824 
-0.0343545 
-0.0321197 
-0.0293104 
-0.0260297 
-0.0223649 
-0.0183996 
-0.0142231 
-0.00993504 
-0.00564607 
-0.00147566 
0.00246872 
0.00609637 
0.00933111 
0.0121205 
0.0144454 
0.0163245 
0.0178166 
0.0190149 
0.0200226 
0.0209006 
0.0216004 
0.0219454 
0.0217204 
0.0208291 
0.0193787 
0.0176141 
0.0157796 
0.014033 
0.0124437 
0.0110274 
0.0097761 
0.00867333 
0.00770045 
0.00683916 
0.00607253 
0.00538541 
0.0047645 
0.00419825 
0.00367677 
0.00319168 
0.00273599 
0.00230414 
0.00189192 
0.00149639 
0.00111585 
0.000749991 
0.000400005 
6.81392e-05 
-0.00024245 
-0.000528487 
-0.000786024 
-0.00101048 
-0.00119732 
-0.0013423 
-0.00144162 
-0.00149262 
-0.00149262 
-0.0200927 
-0.0200927 
-0.0275065 
-0.0345883 
-0.0400079 
-0.0434732 
-0.0451437 
-0.045313 
-0.0442741 
-0.0422683 
-0.0394754 
-0.0360248 
-0.0320139 
-0.0275269 
-0.0226498 
-0.0174825 
-0.0121435 
-0.00676925 
-0.00150405 
0.00352749 
0.00819606 
0.0123919 
0.0160363 
0.0190883 
0.0215504 
0.0234737 
0.0249568 
0.0261221 
0.0270555 
0.0277223 
0.0279368 
0.0274642 
0.0262081 
0.0243101 
0.0220669 
0.0197676 
0.0175951 
0.0156269 
0.0138771 
0.0123321 
0.0109697 
0.00976587 
0.00869793 
0.00774507 
0.00688884 
0.00611303 
0.00540357 
0.00474832 
0.00413695 
0.00356089 
0.00301332 
0.00248903 
0.0019845 
0.00149766 
0.00102774 
0.000575431 
0.000142977 
-0.000265002 
-0.000642019 
-0.000982407 
-0.00128011 
-0.00152873 
-0.00172213 
-0.00185486 
-0.00192319 
-0.00192319 
-0.0282173 
-0.0282173 
-0.0360079 
-0.0432673 
-0.0486095 
-0.0518185 
-0.0531395 
-0.0529209 
-0.0514783 
-0.0490492 
-0.0457946 
-0.04182 
-0.0372015 
-0.0320087 
-0.0263234 
-0.0202528 
-0.0139349 
-0.00753499 
-0.00122651 
0.00482533 
0.0104561 
0.0155317 
0.0199574 
0.0236782 
0.0266834 
0.0290148 
0.0307684 
0.032073 
0.0330246 
0.033593 
0.0335894 
0.0327833 
0.0311073 
0.0287512 
0.0260578 
0.0233433 
0.0208004 
0.0185057 
0.0164683 
0.0146691 
0.0130806 
0.0116743 
0.0104238 
0.00930508 
0.00829686 
0.00738044 
0.00653948 
0.00575985 
0.00502942 
0.0043381 
0.00367779 
0.00304231 
0.0024274 
0.00183062 
0.00125173 
0.000692468 
0.000156843 
-0.000349362 
-0.000820254 
-0.00124818 
-0.00162395 
-0.00193897 
-0.00218507 
-0.00235471 
-0.00244253 
-0.00244253 
-0.0362212 
-0.0362212 
-0.0442972 
-0.0514387 
-0.0563851 
-0.0590993 
-0.0599404 
-0.0593015 
-0.0574965 
-0.0547337 
-0.0511334 
-0.0467614 
-0.0416624 
-0.0358848 
-0.0295006 
-0.0226228 
-0.0154124 
-0.00807179 
-0.000812181 
0.00617214 
0.0126825 
0.0185608 
0.0236962 
0.0280218 
0.0315186 
0.0342225 
0.036226 
0.0376556 
0.038602 
0.0390257 
0.0387369 
0.0375332 
0.0354056 
0.0326059 
0.0295132 
0.0264522 
0.0236093 
0.0210521 
0.0187826 
0.0167763 
0.0150015 
0.0134267 
0.0120225 
0.0107626 
0.0096234 
0.00858434 
0.00762724 
0.00673626 
0.00589781 
0.00510052 
0.00433526 
0.003595 
0.00287494 
0.00217228 
0.00148627 
0.000818778 
0.000173549 
-0.00044247 
-0.00101818 
-0.00154373 
-0.00200799 
-0.00239907 
-0.00270605 
-0.00291867 
-0.00302949 
-0.00302949 
-0.0435608 
-0.0435608 
-0.0518645 
-0.0586721 
-0.0630169 
-0.0651164 
-0.0654432 
-0.0644153 
-0.0623224 
-0.0593246 
-0.055488 
-0.0508323 
-0.0453665 
-0.0391141 
-0.0321312 
-0.024531 
-0.016499 
-0.00828282 
-0.000141496 
0.00767952 
0.0149485 
0.0214967 
0.0272132 
0.0320321 
0.0359331 
0.0389481 
0.0411634 
0.0426934 
0.0436071 
0.0438423 
0.043213 
0.0415705 
0.0389906 
0.0357914 
0.0323733 
0.0290491 
0.0259853 
0.0232351 
0.0207924 
0.0186286 
0.0167094 
0.0150013 
0.0134732 
0.0120973 
0.0108486 
0.00970507 
0.00864697 
0.00765709 
0.00672052 
0.00582469 
0.0049593 
0.00411639 
0.0032903 
0.00247771 
0.00167879 
0.000895253 
0.000133693 
-0.000596607 
-0.00128472 
-0.00191723 
-0.00247997 
-0.00295741 
-0.00333462 
-0.00359758 
-0.00373579 
-0.00373579 
-0.0499379 
-0.0499379 
-0.0583789 
-0.064692 
-0.0683315 
-0.0697953 
-0.0696386 
-0.0682836 
-0.0659815 
-0.0628346 
-0.0588519 
-0.0540082 
-0.04828 
-0.0416651 
-0.0341948 
-0.0259733 
-0.0172106 
-0.00820695 
0.000721864 
0.0092687 
0.0171662 
0.0242453 
0.0304078 
0.0356006 
0.0398094 
0.043065 
0.0454446 
0.0470398 
0.047882 
0.0478789 
0.0468636 
0.0447696 
0.0417736 
0.038252 
0.0346041 
0.0311119 
0.0279126 
0.0250424 
0.0224882 
0.0202188 
0.0181991 
0.016395 
0.0147752 
0.0133109 
0.0119766 
0.0107491 
0.00960777 
0.00853423 
0.00751251 
0.00652899 
0.00557239 
0.00463365 
0.00370663 
0.00278718 
0.00187389 
0.00096979 
8.28493e-05 
-0.000775266 
-0.0015904 
-0.00234639 
-0.00302462 
-0.00360465 
-0.0040664 
-0.00439076 
-0.00456297 
-0.00456297 
-0.0551062 
-0.0551062 
-0.0635893 
-0.0693201 
-0.0722477 
-0.0731248 
-0.0725473 
-0.0709308 
-0.0684824 
-0.0652465 
-0.0611803 
-0.0562213 
-0.0503207 
-0.0434547 
-0.0356211 
-0.0268995 
-0.0175184 
-0.00783127 
0.00176724 
0.0108844 
0.0192375 
0.0266849 
0.0331546 
0.0386076 
0.043035 
0.046465 
0.0489589 
0.0505726 
0.0512886 
0.0509911 
0.0495603 
0.0470388 
0.0437045 
0.0399678 
0.0362012 
0.0326414 
0.0293921 
0.0264737 
0.0238682 
0.0215442 
0.0194673 
0.0176044 
0.0159246 
0.0143996 
0.0130034 
0.0117126 
0.0105056 
0.00936346 
0.00826907 
0.00720777 
0.00616685 
0.00513636 
0.00410805 
0.00307637 
0.00204163 
0.00100915 
-1.11544e-05 
-0.00100804 
-0.00196549 
-0.00286287 
-0.00367616 
-0.00437851 
-0.00494286 
-0.00534301 
-0.00555805 
-0.00555805 
-0.0589354 
-0.0589354 
-0.0673617 
-0.0724907 
-0.0747703 
-0.075144 
-0.074215 
-0.07239 
-0.0698338 
-0.0665407 
-0.0624265 
-0.0574005 
-0.0513974 
-0.0443817 
-0.0363209 
-0.0272551 
-0.0174134 
-0.00718428 
0.00292237 
0.0123999 
0.02101 
0.0286679 
0.0353245 
0.0409452 
0.0455191 
0.0490652 
0.0516187 
0.0531877 
0.0537061 
0.0530607 
0.0512157 
0.048337 
0.0447815 
0.0409586 
0.0371901 
0.0336602 
0.0304413 
0.0275417 
0.0249417 
0.0226115 
0.0205191 
0.0186336 
0.0169256 
0.0153676 
0.0139342 
0.0126017 
0.0113484 
0.0101544 
0.00900211 
0.0078754 
0.00676041 
0.00564472 
0.00451793 
0.00337598 
0.00221993 
0.00105331 
-0.000114528 
-0.00126944 
-0.00239197 
-0.00345665 
-0.00443282 
-0.0052854 
-0.00597799 
-0.00647459 
-0.00674527 
-0.00674527 
-0.0613736 
-0.0613736 
-0.0696554 
-0.0742241 
-0.0759638 
-0.0759269 
-0.0747102 
-0.0727127 
-0.0700655 
-0.0667256 
-0.0625791 
-0.057514 
-0.0514542 
-0.0443601 
-0.0361963 
-0.0269653 
-0.0168654 
-0.00633706 
0.00396436 
0.0135449 
0.0222607 
0.0300322 
0.0368022 
0.0425294 
0.0471958 
0.0508033 
0.0533504 
0.0547929 
0.0550356 
0.0540119 
0.0518031 
0.0486867 
0.0450564 
0.0412826 
0.0376223 
0.0342093 
0.0310913 
0.0282697 
0.0257258 
0.0234334 
0.0213643 
0.0194902 
0.0177842 
0.0162202 
0.0147736 
0.013421 
0.0121406 
0.0109122 
0.00971686 
0.00853722 
0.00735668 
0.00615977 
0.00493761 
0.00368561 
0.00240217 
0.00109067 
-0.000238436 
-0.00157035 
-0.00288327 
-0.00414599 
-0.00531962 
-0.00635841 
-0.00721335 
-0.00783461 
-0.00817892 
-0.00817892 
-0.0624374 
-0.0624374 
-0.0705087 
-0.074605 
-0.075931 
-0.0755727 
-0.0741234 
-0.0719739 
-0.0692376 
-0.0658488 
-0.0616767 
-0.0565937 
-0.0505141 
-0.0433927 
-0.0352209 
-0.0260122 
-0.0159109 
-0.0054274 
0.00474365 
0.0142679 
0.0229894 
0.0307929 
0.0376041 
0.0433713 
0.0480627 
0.0516524 
0.0540944 
0.0553073 
0.0552122 
0.0538346 
0.0513744 
0.048179 
0.0446283 
0.0410275 
0.0375678 
0.0343424 
0.0313828 
0.0286884 
0.026244 
0.0240282 
0.022017 
0.0201859 
0.0185104 
0.0169664 
0.0155304 
0.0141796 
0.0128924 
0.0116481 
0.0104264 
0.00920767 
0.00797186 
0.00670473 
0.0053956 
0.00403606 
0.00262256 
0.00115674 
-0.00035153 
-0.00188635 
-0.00342314 
-0.0049246 
-0.00634204 
-0.00761607 
-0.00868067 
-0.00946656 
-0.00991058 
-0.00991058 
-0.0621938 
-0.0621938 
-0.0699977 
-0.073733 
-0.0747717 
-0.0741762 
-0.0725446 
-0.0702599 
-0.0674307 
-0.0639879 
-0.0597957 
-0.0547198 
-0.0486674 
-0.0415922 
-0.0335128 
-0.0245207 
-0.0148228 
-0.00477697 
0.00514074 
0.0145269 
0.0231646 
0.0309212 
0.0377022 
0.0434386 
0.0480742 
0.0515487 
0.0537838 
0.0546983 
0.0542653 
0.0526211 
0.050068 
0.0469627 
0.0436286 
0.0402976 
0.0371061 
0.0341197 
0.0313618 
0.0288333 
0.0265239 
0.0244173 
0.0224944 
0.0207344 
0.0191158 
0.0176163 
0.016214 
0.0148868 
0.0136135 
0.0123724 
0.0111417 
0.00989803 
0.00862187 
0.00729644 
0.00590688 
0.00444159 
0.00289382 
0.00126308 
-0.000442275 
-0.00220735 
-0.00400663 
-0.00579656 
-0.00751686 
-0.00909081 
-0.0104294 
-0.0114358 
-0.012017 
-0.012017 
-0.0607236 
-0.0607236 
-0.0682803 
-0.0717859 
-0.072654 
-0.0719017 
-0.0701312 
-0.0677267 
-0.0648106 
-0.0613252 
-0.0571401 
-0.0521237 
-0.046184 
-0.0392823 
-0.0314477 
-0.0227881 
-0.0135101 
-0.00394127 
0.00552363 
0.0145756 
0.0229688 
0.0305399 
0.0371646 
0.0427455 
0.0471953 
0.050427 
0.0523588 
0.0529518 
0.0522746 
0.0505513 
0.0480923 
0.0452197 
0.0421992 
0.0391994 
0.0363173 
0.0336025 
0.0310759 
0.0287417 
0.0265948 
0.0246243 
0.0228155 
0.0211515 
0.0196135 
0.0181816 
0.0168353 
0.0155537 
0.0143156 
0.0130985 
0.0118774 
0.0106285 
0.00932995 
0.00796106 
0.0065026 
0.00493832 
0.00325651 
0.00145235 
-0.000470049 
-0.00249791 
-0.00460701 
-0.00674831 
-0.00884845 
-0.0108089 
-0.0125098 
-0.0138154 
-0.014588 
-0.014588 
-0.0581283 
-0.0581283 
-0.065531 
-0.0689233 
-0.0697199 
-0.0688873 
-0.0670246 
-0.064524 
-0.0615334 
-0.0580192 
-0.053867 
-0.048955 
-0.0431978 
-0.0365646 
-0.0290922 
-0.0208924 
-0.0121575 
-0.00315841 
0.00578414 
0.0143894 
0.0224109 
0.0296649 
0.0360006 
0.041294 
0.045437 
0.0483395 
0.0499495 
0.0502941 
0.0495177 
0.047874 
0.0456535 
0.0431203 
0.0404694 
0.0378293 
0.0352749 
0.0328484 
0.0305707 
0.0284501 
0.0264862 
0.0246728 
0.0229995 
0.0214529 
0.020017 
0.0186741 
0.0174054 
0.0161914 
0.0150111 
0.0138394 
0.01265 
0.0114177 
0.0101172 
0.00872315 
0.00721076 
0.00555762 
0.00374496 
0.00176141 
-0.000396291 
-0.00272065 
-0.00519382 
-0.00776338 
-0.0103416 
-0.0128026 
-0.0149852 
-0.0166992 
-0.0177413 
-0.0177413 
-0.0545573 
-0.0545573 
-0.061898 
-0.0652891 
-0.0661165 
-0.06529 
-0.0633963 
-0.0608379 
-0.0577967 
-0.0542748 
-0.0501833 
-0.0454157 
-0.0398964 
-0.0336008 
-0.0265663 
-0.0188968 
-0.0107655 
-0.00240651 
0.00591501 
0.0139602 
0.0214842 
0.0282897 
0.0342087 
0.0391029 
0.0428631 
0.0454201 
0.0467678 
0.0469901 
0.0462659 
0.0448367 
0.042946 
0.0407978 
0.0385384 
0.0362648 
0.0340418 
0.0319085 
0.0298881 
0.0279926 
0.0262258 
0.0245855 
0.0230651 
0.0216541 
0.0203393 
0.0191051 
0.0179353 
0.0168122 
0.0157123 
0.0146092 
0.0134763 
0.0122859 
0.0110088 
0.00961402 
0.00806998 
0.00634594 
0.00441328 
0.00225004 
-0.000159211 
-0.00281613 
-0.00571689 
-0.00880968 
-0.011991 
-0.0151009 
-0.0179235 
-0.0201951 
-0.021617 
-0.021617 
-0.0501546 
-0.0501546 
-0.0575247 
-0.0610208 
-0.0619838 
-0.0612611 
-0.0594148 
-0.0568551 
-0.0538012 
-0.0503 
-0.0462964 
-0.0417054 
-0.0364633 
-0.030552 
-0.0240083 
-0.0169251 
-0.00945267 
-0.00178729 
0.00585317 
0.0132575 
0.020188 
0.0264459 
0.0318606 
0.0362977 
0.0396646 
0.041924 
0.0431097 
0.0433344 
0.0427754 
0.0416378 
0.0401131 
0.0383562 
0.0364802 
0.0345655 
0.0326678 
0.0308252 
0.0290645 
0.0273999 
0.025839 
0.0243832 
0.0230292 
0.0217687 
0.0205916 
0.0194856 
0.0184371 
0.0174264 
0.0164293 
0.0154201 
0.0143714 
0.0132524 
0.0120292 
0.0106648 
0.00911921 
0.00735081 
0.00531768 
0.0029819 
0.000310148 
-0.00271628 
-0.00611806 
-0.00985028 
-0.0137913 
-0.0177372 
-0.0214003 
-0.024421 
-0.0263702 
-0.0263702 
-0.0450557 
-0.0450557 
-0.0525384 
-0.0562393 
-0.057445 
-0.0569347 
-0.055234 
-0.0527509 
-0.0497398 
-0.0462979 
-0.0424125 
-0.0380257 
-0.0330879 
-0.0275871 
-0.0215577 
-0.015082 
-0.00828931 
-0.00134433 
0.00557578 
0.0122874 
0.0185672 
0.0242264 
0.0291058 
0.0330877 
0.0361036 
0.0381439 
0.0392644 
0.0395798 
0.0392443 
0.0384209 
0.0372567 
0.0358709 
0.0343551 
0.0327784 
0.031192 
0.0296337 
0.0281296 
0.026697 
0.025347 
0.0240836 
0.022906 
0.021809 
0.0207858 
0.019827 
0.0189182 
0.0180401 
0.0171699 
0.0162823 
0.0153485 
0.0143349 
0.013203 
0.0119088 
0.0104023 
0.00862802 
0.00652599 
0.00403442 
0.00109385 
-0.00234508 
-0.00633737 
-0.0108542 
-0.0157484 
-0.0207544 
-0.0254902 
-0.0294764 
-0.0321223 
-0.0321223 
-0.0393799 
-0.0393799 
-0.0470489 
-0.0510464 
-0.0525999 
-0.0524182 
-0.050978 
-0.0486716 
-0.0457786 
-0.0424467 
-0.0387133 
-0.0345547 
-0.0299392 
-0.0248603 
-0.0193498 
-0.0134788 
-0.00735746 
-0.00112318 
0.00507902 
0.0110903 
0.016711 
0.0217724 
0.0261356 
0.0297049 
0.0324336 
0.0343287 
0.0354501 
0.0358987 
0.0357983 
0.0352749 
0.0344417 
0.0333934 
0.0322067 
0.0309426 
0.0296487 
0.0283613 
0.0271072 
0.0259054 
0.0247682 
0.023702 
0.0227089 
0.0217866 
0.0209309 
0.0201336 
0.0193815 
0.0186568 
0.0179386 
0.0172017 
0.0164166 
0.0155473 
0.0145508 
0.0133757 
0.0119602 
0.0102312 
0.00810347 
0.005481 
0.00226341 
-0.00164576 
-0.00634667 
-0.0118334 
-0.0179102 
-0.024216 
-0.0302451 
-0.0353846 
-0.0388721 
-0.0388721 
-0.0332282 
-0.0332282 
-0.0411478 
-0.0455228 
-0.0475223 
-0.0477851 
-0.0467311 
-0.0447207 
-0.0420421 
-0.0388856 
-0.0353425 
-0.0314319 
-0.0271456 
-0.0224845 
-0.0174772 
-0.0121845 
-0.00669927 
-0.00113633 
0.00438458 
0.0097282 
0.0147244 
0.0192291 
0.0231271 
0.0263429 
0.0288449 
0.0306464 
0.0318 
0.0323874 
0.0325043 
0.0322473 
0.0317054 
0.0309562 
0.030065 
0.0290862 
0.0280637 
0.0270321 
0.0260183 
0.0250416 
0.0241161 
0.0232497 
0.0224466 
0.0217069 
0.021029 
0.020406 
0.019827 
0.0192763 
0.018735 
0.018179 
0.0175788 
0.0168969 
0.0160866 
0.0150886 
0.0138272 
0.0122061 
0.0101043 
0.00737577 
0.00385718 
-0.000613752 
-0.00619104 
-0.0128761 
-0.0203723 
-0.0281746 
-0.0356359 
-0.0420216 
-0.0464205 
-0.0464205 
-0.026684 
-0.026684 
-0.0349098 
-0.0397302 
-0.0422609 
-0.0430755 
-0.0425337 
-0.0409508 
-0.0386025 
-0.0357048 
-0.0323984 
-0.0287524 
-0.0247914 
-0.0205291 
-0.0159929 
-0.0112338 
-0.00632973 
-0.00137618 
0.00352639 
0.00826452 
0.0126992 
0.0167111 
0.0202068 
0.023127 
0.0254488 
0.0271846 
0.0283764 
0.029087 
0.0293896 
0.0293594 
0.0290677 
0.028579 
0.02795 
0.027229 
0.0264562 
0.025664 
0.0248788 
0.0241199 
0.0234023 
0.022735 
0.0221242 
0.0215722 
0.0210799 
0.0206421 
0.0202508 
0.0198932 
0.0195528 
0.0192077 
0.0188295 
0.0183808 
0.0178121 
0.0170558 
0.0160189 
0.0145732 
0.0125468 
0.00972102 
0.0058435 
0.000665452 
-0.00601047 
-0.0141252 
-0.0232146 
-0.0325957 
-0.0414979 
-0.0491066 
-0.0544068 
-0.0544068 
-0.0198166 
-0.0198166 
-0.0283963 
-0.0337165 
-0.0368462 
-0.0383014 
-0.0383857 
-0.0373623 
-0.0354744 
-0.0329395 
-0.0299322 
-0.0265711 
-0.0229238 
-0.0190283 
-0.0149172 
-0.0106349 
-0.00624541 
-0.00182743 
0.00253407 
0.00674472 
0.010694 
0.0142843 
0.0174403 
0.0201144 
0.0222881 
0.0239705 
0.0251929 
0.026003 
0.0264572 
0.026615 
0.0265348 
0.026271 
0.0258728 
0.025383 
0.0248381 
0.0242684 
0.023699 
0.0231487 
0.0226331 
0.0221617 
0.0217429 
0.0213811 
0.0210795 
0.0208355 
0.0206443 
0.0204963 
0.0203785 
0.0202722 
0.020152 
0.0199821 
0.019711 
0.0192617 
0.0185184 
0.0173088 
0.0153893 
0.0124422 
0.00809992 
0.00202159 
-0.00597525 
-0.0156757 
-0.0264057 
-0.0373151 
-0.0475543 
-0.0562815 
-0.0624243 
-0.0624243 
-0.0126833 
-0.0126833 
-0.0216594 
-0.0275213 
-0.0312986 
-0.0334593 
-0.0342588 
-0.0339112 
-0.0326154 
-0.0305658 
-0.0279448 
-0.0249066 
-0.0215654 
-0.0179971 
-0.014253 
-0.0103787 
-0.00642773 
-0.00246499 
0.00143715 
0.00520128 
0.0087418 
0.0119788 
0.0148509 
0.0173188 
0.0193664 
0.020999 
0.0222399 
0.0231252 
0.0236993 
0.0240106 
0.0241074 
0.0240363 
0.0238399 
0.0235562 
0.0232182 
0.0228535 
0.0224861 
0.0221334 
0.0218116 
0.0215306 
0.0213011 
0.0211293 
0.0210212 
0.0209765 
0.0209943 
0.0210684 
0.0211905 
0.0213465 
0.0215156 
0.0216651 
0.0217417 
0.0216562 
0.0212618 
0.0203272 
0.0185155 
0.0153844 
0.0104398 
0.00328144 
-0.00617404 
-0.017491 
-0.0297895 
-0.0420884 
-0.0534979 
-0.0631964 
-0.0701001 
-0.0701001 
-0.00533952 
-0.00533952 
-0.0147477 
-0.0211832 
-0.0256396 
-0.028545 
-0.0301162 
-0.0305288 
-0.0299383 
-0.028501 
-0.0263794 
-0.0237358 
-0.0207184 
-0.0174471 
-0.0140095 
-0.0104685 
-0.00687683 
-0.00328869 
0.000236537 
0.00363498 
0.00684023 
0.00978721 
0.0124249 
0.0147204 
0.0166589 
0.0182433 
0.019491 
0.0204303 
0.0210974 
0.0215323 
0.0217761 
0.021869 
0.0218482 
0.0217473 
0.0215961 
0.0214194 
0.0212398 
0.0210729 
0.0209358 
0.0208383 
0.0207939 
0.0208097 
0.0208947 
0.0210512 
0.0212822 
0.0215859 
0.021959 
0.0223934 
0.0228743 
0.0233726 
0.0238324 
0.024148 
0.0241323 
0.0234814 
0.0217478 
0.0183541 
0.0126937 
0.0043613 
-0.00656716 
-0.0194235 
-0.0331548 
-0.0466667 
-0.0590476 
-0.0695457 
-0.0771148 
-0.0771148 
0.00217283 
0.00217283 
-0.00770283 
-0.0147415 
-0.0198975 
-0.0235679 
-0.0259357 
-0.0271509 
-0.0273381 
-0.0266175 
-0.0251161 
-0.0229745 
-0.0203443 
-0.0173746 
-0.0141961 
-0.0109095 
-0.00758756 
-0.0042854 
-0.00105362 
0.00205516 
0.00499122 
0.00770397 
0.01015 
0.0123013 
0.0141449 
0.0156821 
0.0169267 
0.0179024 
0.0186395 
0.0191724 
0.0195369 
0.019768 
0.0198988 
0.0199587 
0.019975 
0.0199689 
0.0199621 
0.0199682 
0.0200053 
0.0200825 
0.0202161 
0.020414 
0.0206881 
0.0210431 
0.0214861 
0.0220197 
0.0226467 
0.0233653 
0.0241669 
0.025026 
0.0258818 
0.0266072 
0.0269683 
0.0265814 
0.0248846 
0.0211745 
0.0147627 
0.00527799 
-0.00703014 
-0.0212907 
-0.0362982 
-0.0508305 
-0.0639622 
-0.0750704 
-0.0831994 
-0.0831994 
0.00978473 
0.00978473 
-0.000554932 
-0.00823033 
-0.0141084 
-0.0185569 
-0.0217269 
-0.0237495 
-0.0247342 
-0.0247817 
-0.0239898 
-0.0224651 
-0.020332 
-0.0177336 
-0.0148225 
-0.0117418 
-0.00860754 
-0.00550137 
-0.00247825 
0.000418922 
0.00315237 
0.00568481 
0.00798078 
0.010016 
0.0117795 
0.0132726 
0.0145076 
0.0155054 
0.0162934 
0.0169022 
0.0173641 
0.0177106 
0.0179715 
0.0181729 
0.0183393 
0.0184888 
0.0186421 
0.0188097 
0.0190112 
0.0192542 
0.0195581 
0.0199304 
0.0203863 
0.0209323 
0.0215802 
0.0223368 
0.0232106 
0.024206 
0.0253204 
0.0265301 
0.0277666 
0.0288789 
0.0295848 
0.0294253 
0.0277373 
0.0237165 
0.0166193 
0.00611213 
-0.00741682 
-0.0229273 
-0.0390425 
-0.0543833 
-0.0680296 
-0.0795503 
-0.0881266 
-0.0881266 
0.0174592 
0.0174592 
0.00666163 
-0.00167601 
-0.00830871 
-0.0135566 
-0.0175348 
-0.0203529 
-0.0221128 
-0.0229145 
-0.02285 
-0.0220063 
-0.0204753 
-0.0183656 
-0.015809 
-0.012957 
-0.00996307 
-0.00695982 
-0.00404205 
-0.00126683 
0.00133247 
0.00373525 
0.00591855 
0.00786297 
0.00955998 
0.0110122 
0.0122322 
0.0132401 
0.0140618 
0.0147266 
0.0152647 
0.0157055 
0.0160764 
0.0164006 
0.0167 
0.0169888 
0.0172879 
0.0176029 
0.0179566 
0.0183531 
0.0188157 
0.0193502 
0.0199758 
0.0207002 
0.0215392 
0.0225031 
0.0236057 
0.0248565 
0.0262569 
0.0277831 
0.0293568 
0.0308034 
0.0317981 
0.031823 
0.0301411 
0.0258798 
0.0182541 
0.00693289 
-0.00761677 
-0.0242048 
-0.0412216 
-0.057126 
-0.0710507 
-0.0827949 
-0.0917055 
-0.0917055 
0.0251869 
0.0251869 
0.0139216 
0.00490079 
-0.00252381 
-0.00861054 
-0.0134229 
-0.0170372 
-0.0195412 
-0.0210415 
-0.0216459 
-0.0214528 
-0.0205485 
-0.0190144 
-0.0169415 
-0.0144441 
-0.0116637 
-0.00875789 
-0.00587487 
-0.0031259 
-0.000572599 
0.00176404 
0.00388029 
0.00576534 
0.00741392 
0.00883183 
0.0100334 
0.0110407 
0.0118808 
0.0125834 
0.0131786 
0.0136949 
0.0141587 
0.0145909 
0.0150118 
0.0154308 
0.0158685 
0.0163231 
0.0168215 
0.0173623 
0.0179734 
0.0186581 
0.0194394 
0.0203254 
0.0213363 
0.0224845 
0.0237882 
0.0252598 
0.0269025 
0.0286898 
0.0305322 
0.0322348 
0.0334424 
0.0336034 
0.0319432 
0.0275594 
0.019635 
0.00778489 
-0.00756056 
-0.0250207 
-0.0426566 
-0.0588425 
-0.0728377 
-0.0846478 
-0.0937875 
-0.0937875 
0.0329799 
0.0329799 
0.0212394 
0.0115027 
0.00323587 
-0.00374278 
-0.00944363 
-0.0138899 
-0.0171364 
-0.0192859 
-0.0204679 
-0.0208155 
-0.0204458 
-0.0194519 
-0.0179074 
-0.0158835 
-0.0134674 
-0.0107778 
-0.00796319 
-0.00518211 
-0.00256806 
-0.000200281 
0.00190245 
0.00376091 
0.00538097 
0.0067724 
0.00795535 
0.00895442 
0.00979927 
0.0105226 
0.0111569 
0.0117319 
0.0122736 
0.0127998 
0.013328 
0.0138609 
0.0144226 
0.0149996 
0.0156272 
0.0162946 
0.0170369 
0.0178523 
0.0187691 
0.0197954 
0.0209528 
0.0222555 
0.0237233 
0.02537 
0.0271976 
0.0291756 
0.0312042 
0.0330751 
0.0344159 
0.0346655 
0.0330501 
0.0286762 
0.0207102 
0.00864091 
-0.00724457 
-0.0252844 
-0.0431367 
-0.0593127 
-0.0732265 
-0.0849938 
-0.0942708 
-0.0942708 
0.04086 
0.04086 
0.0286457 
0.0181674 
0.00899895 
0.00104844 
-0.00561615 
-0.0109672 
-0.0150031 
-0.0178004 
-0.0194973 
-0.0202647 
-0.0202718 
-0.0196616 
-0.0185391 
-0.0169742 
-0.0150175 
-0.0127248 
-0.0101806 
-0.00750964 
-0.00486619 
-0.00239919 
-0.000208025 
0.00168489 
0.00330981 
0.00469155 
0.00585528 
0.00683549 
0.00767053 
0.00839827 
0.00905418 
0.00967035 
0.010275 
0.0108858 
0.0115198 
0.0121711 
0.0128651 
0.0135678 
0.0143252 
0.0151151 
0.0159794 
0.0169141 
0.0179499 
0.0190938 
0.0203693 
0.0217927 
0.0233837 
0.0251554 
0.0271062 
0.0291983 
0.0313213 
0.0332551 
0.0346226 
0.0348751 
0.0332699 
0.0289618 
0.0211745 
0.00930627 
-0.00669587 
-0.0247621 
-0.0423598 
-0.0583084 
-0.0720721 
-0.0837505 
-0.0930859 
-0.0930859 
0.0488488 
0.0488488 
0.0361722 
0.0249399 
0.0148205 
0.00581015 
-0.00191951 
-0.00827413 
-0.0131874 
-0.0166865 
-0.0188981 
-0.0200189 
-0.0202683 
-0.0198521 
-0.018938 
-0.0176442 
-0.0160407 
-0.0141609 
-0.012027 
-0.00967941 
-0.00720206 
-0.00472705 
-0.00241068 
-0.000383473 
0.00130548 
0.00270306 
0.00386624 
0.00483558 
0.00565375 
0.00637076 
0.0070331 
0.00768199 
0.00834818 
0.00904276 
0.00977392 
0.0105224 
0.0113281 
0.0121273 
0.012991 
0.0138751 
0.0148387 
0.0158663 
0.0169907 
0.018221 
0.0195805 
0.0210862 
0.022756 
0.0246003 
0.0266119 
0.0287453 
0.0308813 
0.0327932 
0.0341081 
0.0342961 
0.0326637 
0.0284231 
0.0208742 
0.0094267 
-0.00594006 
-0.0232965 
-0.0403191 
-0.055876 
-0.0694131 
-0.08096 
-0.0903025 
-0.0903025 
0.0569586 
0.0569586 
0.0438403 
0.0318557 
0.0207513 
0.0106024 
0.00169404 
-0.00577618 
-0.0116754 
-0.0159647 
-0.0187408 
-0.0202159 
-0.020651 
-0.0203072 
-0.0194127 
-0.0181492 
-0.0166476 
-0.0149853 
-0.0131912 
-0.0112634 
-0.00920079 
-0.0070362 
-0.00485537 
-0.0027888 
-0.000973171 
0.000512625 
0.00168709 
0.002628 
0.00341533 
0.00411142 
0.00476589 
0.00542324 
0.00612323 
0.00688671 
0.00772554 
0.00861086 
0.00958106 
0.0105108 
0.0115006 
0.0124995 
0.0135602 
0.0146722 
0.0158673 
0.0171602 
0.0185737 
0.0201261 
0.0218329 
0.0237008 
0.0257166 
0.0278269 
0.0299069 
0.0317284 
0.0329313 
0.0330146 
0.0313453 
0.0272119 
0.0199982 
0.0092311 
-0.00497288 
-0.0211068 
-0.037229 
-0.0521888 
-0.0653848 
-0.0767447 
-0.0860455 
-0.0860455 
0.0651844 
0.0651844 
0.0516543 
0.0389333 
0.0268265 
0.0154745 
0.00528132 
-0.00342802 
-0.0104275 
-0.0156043 
-0.0190117 
-0.0208731 
-0.0214936 
-0.0211885 
-0.0202343 
-0.0188549 
-0.0172274 
-0.0154889 
-0.0137324 
-0.0119985 
-0.0102794 
-0.00854344 
-0.00677219 
-0.00498992 
-0.00327048 
-0.0017191 
-0.000433638 
0.000559614 
0.00133046 
0.00198204 
0.00260592 
0.00328507 
0.00407318 
0.00496898 
0.00593564 
0.00691499 
0.00800014 
0.00899218 
0.0100699 
0.0111329 
0.0122437 
0.0133971 
0.0146217 
0.0159369 
0.0173646 
0.0189229 
0.020624 
0.0224698 
0.0244406 
0.0264763 
0.0284496 
0.0301368 
0.0311981 
0.0311713 
0.0294909 
0.0255362 
0.0187774 
0.00888636 
-0.00390772 
-0.0184865 
-0.0333872 
-0.0475223 
-0.0602289 
-0.0713154 
-0.0805136 
-0.0805136 
0.0734979 
0.0734979 
0.0595933 
0.046167 
0.0330595 
0.0204574 
0.00888475 
-0.00118813 
-0.00940423 
-0.0155626 
-0.0196653 
-0.0219418 
-0.0227525 
-0.0224823 
-0.0214649 
-0.0199561 
-0.0181462 
-0.0161871 
-0.0142094 
-0.012323 
-0.0106011 
-0.0090616 
-0.00767257 
-0.00638577 
-0.00517368 
-0.00403978 
-0.00300808 
-0.00210427 
-0.001336 
-0.000671345 
-4.39848e-05 
0.000617563 
0.0013885 
0.00231438 
0.00339243 
0.00460034 
0.0060005 
0.00718107 
0.00838441 
0.00957965 
0.0107653 
0.0119656 
0.0132085 
0.0145249 
0.0159396 
0.0174725 
0.0191341 
0.0209224 
0.0228123 
0.0247397 
0.0265785 
0.0281165 
0.029041 
0.0289371 
0.0273112 
0.0236392 
0.0174837 
0.00862848 
-0.00267246 
-0.0155986 
-0.0290808 
-0.0421827 
-0.0542292 
-0.0649269 
-0.0739462 
-0.0739462 
0.0818402 
0.0818402 
0.067605 
0.0535188 
0.0394337 
0.0255583 
0.0125315 
0.000980119 
-0.00856477 
-0.0157961 
-0.020652 
-0.0233623 
-0.0243517 
-0.0240946 
-0.0230051 
-0.0213872 
-0.0194462 
-0.0173231 
-0.0151286 
-0.012967 
-0.0109474 
-0.00917442 
-0.00771804 
-0.00658302 
-0.00571754 
-0.0050547 
-0.00454638 
-0.00414832 
-0.00379901 
-0.00341667 
-0.00290029 
-0.00215681 
-0.00110517 
0.000254564 
0.00167157 
0.00301029 
0.00453637 
0.00572233 
0.0069641 
0.00817323 
0.00935278 
0.0105277 
0.0117278 
0.0129906 
0.014344 
0.015809 
0.0173942 
0.0190931 
0.0208764 
0.0226777 
0.0243756 
0.0257746 
0.0265946 
0.0264726 
0.0249872 
0.0217053 
0.0162755 
0.00854928 
-0.00125115 
-0.0125259 
-0.0245024 
-0.0364192 
-0.0476456 
-0.0578293 
-0.0665839 
-0.0665839 
0.0901181 
0.0901181 
0.0756004 
0.0609127 
0.0458975 
0.0307562 
0.0162299 
0.00310961 
-0.007868 
-0.0162556 
-0.0219144 
-0.0250698 
-0.026216 
-0.0259326 
-0.0247338 
-0.0229915 
-0.0209424 
-0.0187325 
-0.0164576 
-0.0141903 
-0.0119989 
-0.00996188 
-0.008179 
-0.00675863 
-0.00577445 
-0.00521016 
-0.0049685 
-0.00492855 
-0.00499539 
-0.00509081 
-0.00512153 
-0.00500712 
-0.00462934 
-0.00379969 
-0.00246641 
-0.000514046 
0.00191952 
0.00358705 
0.00497128 
0.00641898 
0.00772724 
0.00893042 
0.0100946 
0.0112877 
0.0125555 
0.0139263 
0.0154107 
0.0170011 
0.0186663 
0.0203409 
0.021912 
0.0232041 
0.0239724 
0.0239065 
0.0226533 
0.0198588 
0.0152416 
0.00868648 
0.000358065 
-0.00930757 
-0.0197596 
-0.0304012 
-0.0406825 
-0.0502368 
-0.0586421 
-0.0586421 
0.0982018 
0.0982018 
0.0834513 
0.0682312 
0.0523591 
0.0359976 
0.0199673 
0.00521654 
-0.00727591 
-0.0168821 
-0.0233775 
-0.0269817 
-0.0282593 
-0.0279071 
-0.0265538 
-0.0246509 
-0.0224742 
-0.0201824 
-0.0178703 
-0.0156026 
-0.013432 
-0.0114055 
-0.009569 
-0.00797084 
-0.00667538 
-0.00575905 
-0.00527776 
-0.00518583 
-0.00534973 
-0.00560688 
-0.00582041 
-0.00596014 
-0.00593403 
-0.00551081 
-0.00470502 
-0.00296689 
-6.48723e-05 
0.00189823 
0.00355094 
0.00503133 
0.00629965 
0.00742491 
0.00847739 
0.00953651 
0.0106618 
0.0118909 
0.0132391 
0.0146994 
0.01624 
0.0177978 
0.0192691 
0.0204998 
0.0212799 
0.0213487 
0.0204137 
0.0181855 
0.0144347 
0.00905749 
0.00215861 
-0.00595909 
-0.014906 
-0.0242323 
-0.0334843 
-0.0423155 
-0.0502946 
-0.0502946 
0.105926 
0.105926 
0.0909907 
0.0753134 
0.0586801 
0.0411851 
0.0237016 
0.00730812 
-0.00674607 
-0.0176019 
-0.0249429 
-0.0289886 
-0.0303719 
-0.0299143 
-0.0283684 
-0.0262727 
-0.0239453 
-0.0215562 
-0.0191975 
-0.0169249 
-0.014781 
-0.0128043 
-0.011034 
-0.00950484 
-0.00823996 
-0.00723924 
-0.00648996 
-0.00598961 
-0.00576917 
-0.00584032 
-0.00597825 
-0.0062299 
-0.00648864 
-0.00636806 
-0.00584413 
-0.00496514 
-0.00389129 
-0.00264848 
-0.000587809 
0.00191756 
0.0039556 
0.00540384 
0.00654156 
0.00756079 
0.00858377 
0.00968051 
0.0108866 
0.0122085 
0.0136246 
0.0150816 
0.0164888 
0.017713 
0.0185763 
0.0188606 
0.0183238 
0.0167265 
0.013875 
0.00966623 
0.00414628 
-0.00248967 
-0.00996957 
-0.0179731 
-0.0261454 
-0.0341817 
-0.0416681 
-0.0416681 
0.113098 
0.113098 
0.0980193 
0.0819591 
0.064676 
0.0461715 
0.0273506 
0.0093754 
-0.00623023 
-0.0183245 
-0.0264887 
-0.0309548 
-0.0324198 
-0.0318317 
-0.0300708 
-0.027765 
-0.0252752 
-0.0227817 
-0.020372 
-0.0180917 
-0.0159707 
-0.0140332 
-0.0123025 
-0.0108001 
-0.00954449 
-0.00854885 
-0.00780326 
-0.00728215 
-0.00689507 
-0.00668737 
-0.00649743 
-0.00646183 
-0.0066259 
-0.00663373 
-0.00635778 
-0.00576357 
-0.00477751 
-0.00384962 
-0.00212697 
2.11365e-06 
0.00181048 
0.00324203 
0.00438649 
0.00537435 
0.00632059 
0.00730756 
0.00838998 
0.00959144 
0.0109043 
0.0122893 
0.0136728 
0.0149443 
0.0159555 
0.0165253 
0.0164517 
0.0155327 
0.0135968 
0.0105363 
0.00634369 
0.00111857 
-0.00494827 
-0.0116466 
-0.0187152 
-0.025904 
-0.0328418 
-0.0328418 
0.119504 
0.119504 
0.104317 
0.0879411 
0.0701256 
0.0507599 
0.0307795 
0.0113751 
-0.00568514 
-0.0189463 
-0.0278727 
-0.0327223 
-0.0342489 
-0.0335215 
-0.0315446 
-0.0290323 
-0.0263856 
-0.0237933 
-0.0213365 
-0.01905 
-0.0169514 
-0.0150537 
-0.0133689 
-0.0119083 
-0.0106761 
-0.00967371 
-0.00887842 
-0.00828554 
-0.00784194 
-0.00757864 
-0.00735668 
-0.00722314 
-0.00718496 
-0.00711991 
-0.00691543 
-0.00653648 
-0.00596641 
-0.00521109 
-0.00418168 
-0.00302789 
-0.00179812 
-0.000530536 
0.000742356 
0.00196683 
0.0031232 
0.00424869 
0.00539828 
0.00661706 
0.00792874 
0.00932621 
0.0107662 
0.0121671 
0.0134111 
0.0143484 
0.0148085 
0.0146155 
0.013611 
0.0116783 
0.00876652 
0.00490218 
0.000180914 
-0.00524635 
-0.0112042 
-0.0175072 
-0.023851 
-0.023851 
0.12493 
0.12493 
0.109662 
0.0930248 
0.0747936 
0.054725 
0.0338092 
0.0132421 
-0.00504157 
-0.0193332 
-0.0289316 
-0.0341161 
-0.0356933 
-0.0348394 
-0.0326718 
-0.0299812 
-0.0272039 
-0.0245348 
-0.0220479 
-0.0197668 
-0.0176975 
-0.0158422 
-0.0142018 
-0.01278 
-0.011573 
-0.0105829 
-0.00978529 
-0.00917746 
-0.00869688 
-0.00836247 
-0.00809403 
-0.00791796 
-0.0078215 
-0.00772565 
-0.00754625 
-0.00728561 
-0.00683407 
-0.00632622 
-0.00554626 
-0.00460371 
-0.00365396 
-0.00273838 
-0.00184988 
-0.000961112 
-3.05347e-05 
0.000974182 
0.00209178 
0.00334422 
0.00473389 
0.00624718 
0.00785051 
0.0094816 
0.0110486 
0.0124308 
0.013484 
0.0140526 
0.0139857 
0.0131555 
0.0114764 
0.00891643 
0.00549922 
0.00129378 
-0.003568 
-0.00897139 
-0.014693 
-0.014693 
0.129172 
0.129172 
0.113849 
0.096991 
0.0784546 
0.0578395 
0.0362302 
0.0148424 
-0.00429058 
-0.0193683 
-0.0295158 
-0.0349755 
-0.0366001 
-0.0356529 
-0.033345 
-0.0305284 
-0.0276672 
-0.0249593 
-0.0224715 
-0.0202176 
-0.018193 
-0.0163914 
-0.0148052 
-0.0134317 
-0.0122608 
-0.0112905 
-0.0104959 
-0.00987654 
-0.00938814 
-0.00904181 
-0.00877636 
-0.00859846 
-0.00848321 
-0.0083988 
-0.00828883 
-0.00814186 
-0.00790999 
-0.00761346 
-0.00719812 
-0.00671215 
-0.00617233 
-0.00560053 
-0.00499801 
-0.00436313 
-0.00366635 
-0.00285878 
-0.00189089 
-0.000715867 
0.000702863 
0.00236943 
0.00425103 
0.00628313 
0.00837209 
0.010397 
0.012217 
0.0136797 
0.014633 
0.0149375 
0.0144816 
0.0131919 
0.0110397 
0.00804099 
0.00425389 
-0.00025509 
-0.00534583 
-0.00534583 
0.132069 
0.132069 
0.116723 
0.0996692 
0.0809365 
0.0599224 
0.037844 
0.0160303 
-0.00349227 
-0.0190608 
-0.0295887 
-0.0352276 
-0.0368766 
-0.0358683 
-0.0334813 
-0.0306073 
-0.0277249 
-0.0250305 
-0.0225826 
-0.0203862 
-0.0184287 
-0.0166968 
-0.0151768 
-0.0138617 
-0.0127382 
-0.0118028 
-0.0110325 
-0.0104259 
-0.0099452 
-0.00959495 
-0.00933421 
-0.00916568 
-0.00906368 
-0.00900953 
-0.00895488 
-0.00890366 
-0.00879432 
-0.00867188 
-0.00846484 
-0.00821335 
-0.00794263 
-0.00766872 
-0.00738466 
-0.0070679 
-0.00667668 
-0.00615826 
-0.00545013 
-0.00448626 
-0.00320455 
-0.00156296 
0.000446392 
0.00278341 
0.00536833 
0.00807962 
0.0107615 
0.0132375 
0.0153256 
0.016853 
0.0176715 
0.0176675 
0.0167687 
0.0149446 
0.0122111 
0.0085922 
0.00414859 
0.00414859 
0.133424 
0.133424 
0.11817 
0.100935 
0.0820554 
0.0608405 
0.0386095 
0.0168689 
-0.00258955 
-0.0182553 
-0.0289421 
-0.0346768 
-0.0363655 
-0.0353729 
-0.0330051 
-0.0301696 
-0.0273475 
-0.024731 
-0.0223722 
-0.02027 
-0.0184066 
-0.0167645 
-0.0153268 
-0.0140837 
-0.0130205 
-0.0121321 
-0.0113987 
-0.010818 
-0.0103623 
-0.0100334 
-0.00980028 
-0.00966238 
-0.00959681 
-0.00959428 
-0.00962201 
-0.00967924 
-0.00973221 
-0.00979784 
-0.00984338 
-0.00988756 
-0.00992801 
-0.00996875 
-0.00999719 
-0.00998957 
-0.00990101 
-0.00966849 
-0.00921485 
-0.00845479 
-0.00730315 
-0.00568975 
-0.00357172 
-0.000948924 
0.00212012 
0.00551946 
0.00908876 
0.0126306 
0.0159246 
0.0187492 
0.0209032 
0.0222226 
0.0225887 
0.0219281 
0.0202149 
0.0174287 
0.0135942 
0.0135942 
0.133183 
0.133183 
0.118131 
0.100758 
0.0817768 
0.0606231 
0.0385937 
0.0172266 
-0.00189566 
-0.0173147 
-0.0278461 
-0.0334774 
-0.0351263 
-0.0341675 
-0.0318955 
-0.0291939 
-0.0265214 
-0.0240559 
-0.0218418 
-0.0198748 
-0.0181356 
-0.0166055 
-0.0152671 
-0.0141095 
-0.0131192 
-0.0122905 
-0.0116073 
-0.0110664 
-0.010647 
-0.0103488 
-0.0101497 
-0.0100486 
-0.0100269 
-0.0100794 
-0.0101804 
-0.010335 
-0.0105129 
-0.0107357 
-0.0109724 
-0.01124 
-0.0115353 
-0.0118582 
-0.0121918 
-0.0125053 
-0.0127464 
-0.0128421 
-0.0126992 
-0.0122074 
-0.011249 
-0.00971352 
-0.00751856 
-0.00462822 
-0.00107422 
0.00301787 
0.00746764 
0.0120615 
0.0165489 
0.0206624 
0.0241469 
0.0267821 
0.0283959 
0.0288688 
0.0281337 
0.0261318 
0.0228534 
0.0228534 
0.131298 
0.131298 
0.11659 
0.0991915 
0.0802045 
0.0593611 
0.0378392 
0.0170977 
-0.00140407 
-0.0162372 
-0.0263 
-0.0316233 
-0.0331573 
-0.0322616 
-0.0301711 
-0.0277036 
-0.0252704 
-0.0230271 
-0.0210114 
-0.019219 
-0.0176329 
-0.0162362 
-0.0150135 
-0.013955 
-0.0130492 
-0.012291 
-0.011668 
-0.0111778 
-0.0108053 
-0.01055 
-0.0103958 
-0.0103419 
-0.0103744 
-0.0104915 
-0.0106763 
-0.0109343 
-0.0112478 
-0.0116312 
-0.0120655 
-0.0125607 
-0.0131088 
-0.0137062 
-0.0143348 
-0.0149624 
-0.0155337 
-0.0159677 
-0.0161553 
-0.0159605 
-0.0152293 
-0.0138067 
-0.0115626 
-0.00842093 
-0.00438389 
0.000436899 
0.00582947 
0.011531 
0.0172408 
0.0226377 
0.0274171 
0.0313143 
0.0341133 
0.0356532 
0.035828 
0.0345449 
0.031767 
0.031767 
0.127742 
0.127742 
0.113539 
0.0962988 
0.0774619 
0.0571364 
0.0363636 
0.0164793 
-0.00111927 
-0.0150356 
-0.0243329 
-0.0291644 
-0.0305281 
-0.0297347 
-0.0279103 
-0.0257672 
-0.0236511 
-0.0216905 
-0.0199184 
-0.0183339 
-0.0169251 
-0.0156798 
-0.0145866 
-0.0136382 
-0.0128262 
-0.0121472 
-0.0115925 
-0.0111605 
-0.0108409 
-0.0106333 
-0.010527 
-0.0105217 
-0.0106085 
-0.0107879 
-0.0110486 
-0.0113998 
-0.0118288 
-0.0123503 
-0.0129498 
-0.013637 
-0.0144056 
-0.0152528 
-0.0161614 
-0.0170992 
-0.018009 
-0.0188028 
-0.0193555 
-0.0195031 
-0.0190504 
-0.0177904 
-0.0155383 
-0.0121675 
-0.00765003 
-0.00207646 
0.00429972 
0.0111428 
0.0180849 
0.024736 
0.0307406 
0.0358006 
0.0396732 
0.0421702 
0.0431552 
0.0425072 
0.0401681 
0.0401681 
0.122524 
0.122524 
0.108993 
0.0921493 
0.0736798 
0.054056 
0.0342361 
0.0154513 
-0.000942846 
-0.0136317 
-0.0219235 
-0.0261464 
-0.0273367 
-0.0267091 
-0.0252326 
-0.0234874 
-0.0217455 
-0.0201103 
-0.0186131 
-0.0172594 
-0.0160449 
-0.0149637 
-0.0140097 
-0.0131791 
-0.0124675 
-0.0118735 
-0.0113923 
-0.0110236 
-0.0107613 
-0.0106058 
-0.0105506 
-0.0105965 
-0.0107393 
-0.0109813 
-0.0113175 
-0.0117585 
-0.0122974 
-0.0129463 
-0.0136974 
-0.0145594 
-0.015529 
-0.0166057 
-0.0177754 
-0.0190094 
-0.0202514 
-0.0214087 
-0.0223417 
-0.0228586 
-0.0227211 
-0.0216671 
-0.0194518 
-0.0158938 
-0.0109253 
-0.00460483 
0.00278565 
0.0108325 
0.0190516 
0.0269442 
0.0340946 
0.0401886 
0.0449843 
0.0482911 
0.0499579 
0.0498428 
0.0478741 
0.0478741 
0.115678 
0.115678 
0.102986 
0.0868087 
0.0689742 
0.0502545 
0.0315998 
0.0141788 
-0.000709188 
-0.0119167 
-0.0190612 
-0.0226564 
-0.0237325 
-0.0233511 
-0.0222895 
-0.0209878 
-0.0196499 
-0.0183603 
-0.0171528 
-0.0160407 
-0.0150287 
-0.0141177 
-0.0133074 
-0.0125984 
-0.0119903 
-0.0114842 
-0.0110788 
-0.0107754 
-0.0105713 
-0.0104679 
-0.0104622 
-0.0105568 
-0.0107509 
-0.0110496 
-0.0114517 
-0.0119698 
-0.0126 
-0.0133545 
-0.0142311 
-0.0152401 
-0.0163829 
-0.0176627 
-0.0190703 
-0.0205819 
-0.0221438 
-0.02366 
-0.0249779 
-0.025879 
-0.0260817 
-0.0252685 
-0.0231344 
-0.0194433 
-0.01408 
-0.00706206 
0.00134112 
0.0106332 
0.0201441 
0.0292279 
0.0374073 
0.0443719 
0.0499096 
0.0538535 
0.0560544 
0.0563582 
0.0546865 
0.0546865 
0.1073 
0.1073 
0.0955966 
0.0803621 
0.0634679 
0.0459054 
0.0286696 
0.0128936 
-0.000225211 
-0.00980116 
-0.0157907 
-0.0188452 
-0.0199147 
-0.0198565 
-0.0192462 
-0.0183979 
-0.0174637 
-0.016517 
-0.0155967 
-0.0147248 
-0.013914 
-0.0131723 
-0.0125051 
-0.0119173 
-0.0114123 
-0.010994 
-0.010664 
-0.0104255 
-0.0102787 
-0.0102261 
-0.0102679 
-0.010408 
-0.010649 
-0.0109986 
-0.0114592 
-0.012043 
-0.0127494 
-0.0135906 
-0.0145698 
-0.0156992 
-0.0169856 
-0.0184368 
-0.0200511 
-0.0218104 
-0.0236633 
-0.025512 
-0.027194 
-0.0284664 
-0.0290076 
-0.0284496 
-0.0264335 
-0.0226784 
-0.0170228 
-0.00945331 
-0.000136718 
0.0104458 
0.0212656 
0.0314656 
0.0405201 
0.0481635 
0.0542477 
0.0586501 
0.0612353 
0.0618432 
0.0603963 
0.0603963 
0.0975702 
0.0975702 
0.0869877 
0.0729638 
0.0573366 
0.0412368 
0.0257108 
0.0118441 
0.000660092 
-0.00728909 
-0.0122588 
-0.0149374 
-0.0161161 
-0.0164246 
-0.0162585 
-0.0158367 
-0.0152779 
-0.0146512 
-0.0140008 
-0.0133561 
-0.012737 
-0.0121572 
-0.0116274 
-0.0111562 
-0.0107506 
-0.0104169 
-0.0101594 
-0.00998283 
-0.00988982 
-0.00988397 
-0.00996794 
-0.0101474 
-0.0104281 
-0.0108202 
-0.0113268 
-0.011959 
-0.0127208 
-0.0136255 
-0.0146807 
-0.0159012 
-0.0172992 
-0.0188874 
-0.0206693 
-0.0226319 
-0.0247295 
-0.0268669 
-0.0288723 
-0.0304765 
-0.0313221 
-0.0310007 
-0.0291132 
-0.0253458 
-0.0195042 
-0.0115712 
-0.0014828 
0.0102984 
0.0223261 
0.0334637 
0.043177 
0.0512912 
0.0577368 
0.0624377 
0.0652741 
0.0660829 
0.0647961 
0.0647961 
0.0867847 
0.0867847 
0.0774392 
0.064876 
0.0508412 
0.0365271 
0.0229917 
0.0112175 
0.00197209 
-0.00453396 
-0.00871791 
-0.0111998 
-0.0125623 
-0.0132261 
-0.0134528 
-0.0134002 
-0.0131678 
-0.0128229 
-0.0124135 
-0.0119743 
-0.0115301 
-0.0110995 
-0.0106969 
-0.0103343 
-0.0100214 
-0.00976662 
-0.00957647 
-0.00945705 
-0.00941292 
-0.00944857 
-0.00956859 
-0.00978091 
-0.0100942 
-0.0105177 
-0.0110555 
-0.0117199 
-0.012518 
-0.0134633 
-0.0145672 
-0.015847 
-0.0173191 
-0.0190009 
-0.0209016 
-0.0230145 
-0.0252983 
-0.0276563 
-0.0299093 
-0.031775 
-0.0328732 
-0.0327666 
-0.0310043 
-0.0272557 
-0.0213338 
-0.0132271 
-0.00274982 
0.0100681 
0.0231052 
0.0348814 
0.0450042 
0.0534062 
0.0600723 
0.064954 
0.0679422 
0.0688734 
0.0677008 
0.0677008 
0.0753602 
0.0753602 
0.0673548 
0.0564718 
0.044317 
0.0320654 
0.0207076 
0.0110435 
0.00354263 
-0.00181614 
-0.00546533 
-0.00787421 
-0.00942278 
-0.0103771 
-0.0109144 
-0.0111561 
-0.0111892 
-0.0110788 
-0.010874 
-0.0106121 
-0.0103211 
-0.0100226 
-0.00973366 
-0.00946867 
-0.00923934 
-0.00905572 
-0.00892585 
-0.00885698 
-0.00885512 
-0.00892523 
-0.00907374 
-0.00931097 
-0.00964684 
-0.0100882 
-0.0106424 
-0.0113213 
-0.0121342 
-0.0130954 
-0.0142187 
-0.0155232 
-0.0170284 
-0.0187552 
-0.0207179 
-0.022915 
-0.0253108 
-0.0278098 
-0.0302265 
-0.0322625 
-0.0335122 
-0.0335085 
-0.0318066 
-0.0280687 
-0.0221086 
-0.0138482 
-0.00315071 
0.00977671 
0.0231615 
0.035306 
0.045665 
0.0542404 
0.0610337 
0.0660118 
0.0690759 
0.070068 
0.0689763 
0.0689763 
0.0638156 
0.0638156 
0.0572313 
0.0481916 
0.0381137 
0.0280682 
0.0188881 
0.0111427 
0.00506301 
0.000542671 
-0.00274644 
-0.00511219 
-0.0067851 
-0.00793488 
-0.00868868 
-0.00914425 
-0.00937818 
-0.00945107 
-0.00941079 
-0.0092948 
-0.00913213 
-0.00894584 
-0.00875462 
-0.00857418 
-0.00841752 
-0.00829569 
-0.00821772 
-0.00819176 
-0.00822459 
-0.00832134 
-0.00849062 
-0.00874463 
-0.00909103 
-0.0095377 
-0.0100931 
-0.010769 
-0.0115759 
-0.0125281 
-0.013641 
-0.014934 
-0.0164286 
-0.0181472 
-0.0201075 
-0.0223125 
-0.0247316 
-0.0272735 
-0.0297533 
-0.0318676 
-0.0331981 
-0.0332605 
-0.0315944 
-0.0278588 
-0.021879 
-0.0136017 
-0.00307298 
0.00931293 
0.0222869 
0.0344025 
0.0448494 
0.0535177 
0.0603793 
0.0654065 
0.0685087 
0.0695477 
0.0685736 
0.0685736 
0.0527242 
0.0527242 
0.0475922 
0.0404538 
0.0324862 
0.0245778 
0.0173573 
0.0111984 
0.00621395 
0.00231849 
-0.000674667 
-0.00295713 
-0.00466354 
-0.00590922 
-0.0067888 
-0.00738156 
-0.00775349 
-0.00795901 
-0.00804253 
-0.00803976 
-0.0079792 
-0.00788395 
-0.00777317 
-0.007663 
-0.00756693 
-0.00749648 
-0.00746112 
-0.00746961 
-0.00752864 
-0.00764372 
-0.00782547 
-0.00808602 
-0.00843168 
-0.00887065 
-0.00941227 
-0.0100677 
-0.0108479 
-0.0117668 
-0.0128398 
-0.014086 
-0.0155266 
-0.0171841 
-0.0190772 
-0.0212116 
-0.0235618 
-0.0260435 
-0.0284797 
-0.0305733 
-0.0319081 
-0.0319982 
-0.0303824 
-0.0267265 
-0.0208781 
-0.0128489 
-0.00281271 
0.00875948 
0.0209193 
0.0325308 
0.0427707 
0.0513506 
0.0581645 
0.0631589 
0.0662473 
0.0673229 
0.0665062 
0.0665062 
0.042628 
0.042628 
0.0388744 
0.0335263 
0.0274901 
0.0214445 
0.0158391 
0.0109329 
0.00681232 
0.00344889 
0.000754471 
-0.00137373 
-0.00302566 
-0.00427901 
-0.00520492 
-0.00586667 
-0.00631939 
-0.0066102 
-0.00677864 
-0.00685729 
-0.00687281 
-0.00684729 
-0.00679931 
-0.00674467 
-0.00669669 
-0.0066668 
-0.00666442 
-0.00669853 
-0.00677503 
-0.00690031 
-0.00708611 
-0.00734318 
-0.00767697 
-0.00809605 
-0.00860963 
-0.00922816 
-0.00996231 
-0.010825 
-0.0118307 
-0.0129969 
-0.0143431 
-0.01589 
-0.0176552 
-0.0196453 
-0.0218393 
-0.0241632 
-0.0264564 
-0.0284427 
-0.0297273 
-0.0298408 
-0.0283318 
-0.0248763 
-0.0193478 
-0.0118169 
-0.00253332 
0.00803572 
0.0191466 
0.0299204 
0.039626 
0.0478749 
0.0544768 
0.0593328 
0.0623525 
0.0634649 
0.0628496 
0.0628496 
0.0338769 
0.0338769 
0.0312889 
0.0274482 
0.023008 
0.0184627 
0.0141376 
0.0102356 
0.00684682 
0.00398682 
0.00162514 
-0.000289004 
-0.00181511 
-0.00300509 
-0.00391215 
-0.00458525 
-0.00506903 
-0.0054029 
-0.0056208 
-0.0057513 
-0.00581831 
-0.00584204 
-0.00583973 
-0.00582616 
-0.0058139 
-0.00581374 
-0.00583483 
-0.00588556 
-0.00597104 
-0.00609859 
-0.00628009 
-0.0065237 
-0.00683528 
-0.00722295 
-0.00769532 
-0.00826185 
-0.00893236 
-0.00971826 
-0.0106323 
-0.0116896 
-0.0129067 
-0.0143009 
-0.0158871 
-0.0176708 
-0.019635 
-0.0217175 
-0.0237811 
-0.0255845 
-0.0267741 
-0.0269175 
-0.0255872 
-0.0224701 
-0.0174504 
-0.0106278 
-0.0022854 
0.00713603 
0.0170408 
0.0267432 
0.0356284 
0.0432898 
0.0494848 
0.0540741 
0.0569636 
0.0581148 
0.0577406 
0.0577406 
0.0265083 
0.0265083 
0.0247914 
0.0221026 
0.0188934 
0.0155163 
0.0122111 
0.00914557 
0.00640951 
0.00404061 
0.00203839 
0.000381022 
-0.000966072 
-0.00203943 
-0.00287644 
-0.0035141 
-0.00398739 
-0.00432816 
-0.00456445 
-0.00472041 
-0.00481663 
-0.00487077 
-0.0048982 
-0.00491211 
-0.0049239 
-0.00494322 
-0.00497874 
-0.00503751 
-0.00512414 
-0.00524658 
-0.00541543 
-0.00563699 
-0.00591699 
-0.00626289 
-0.00668235 
-0.00718362 
-0.00777521 
-0.00846671 
-0.00926871 
-0.0101933 
-0.0112536 
-0.0124627 
-0.0138315 
-0.0153632 
-0.0170431 
-0.0188216 
-0.0205886 
-0.0221476 
-0.0232028 
-0.0233801 
-0.0222931 
-0.0196419 
-0.0153035 
-0.00936908 
-0.00211511 
0.00605488 
0.0146452 
0.0231135 
0.0309585 
0.0378057 
0.0434022 
0.0475921 
0.050285 
0.0514697 
0.0513597 
0.0513597 
0.0203136 
0.0203136 
0.0191944 
0.0173404 
0.0150572 
0.0125898 
0.0101133 
0.00776286 
0.00561868 
0.00372461 
0.00209392 
0.000720971 
-0.000412413 
-0.0013307 
-0.00205905 
-0.00262466 
-0.00305393 
-0.00337167 
-0.00360017 
-0.00375894 
-0.00386491 
-0.00393288 
-0.00397584 
-0.00400501 
-0.00403027 
-0.00405976 
-0.00410141 
-0.0041605 
-0.00424133 
-0.00435184 
-0.00450052 
-0.00469237 
-0.00493264 
-0.00522781 
-0.00558435 
-0.00600915 
-0.00650915 
-0.00709198 
-0.00776583 
-0.0085398 
-0.00942333 
-0.0104254 
-0.0115524 
-0.0128047 
-0.0141689 
-0.0156061 
-0.0170332 
-0.0183014 
-0.0191828 
-0.0193786 
-0.0185639 
-0.0164648 
-0.0129433 
-0.00804928 
-0.00201337 
0.00481159 
0.0120017 
0.0191184 
0.0257622 
0.0316157 
0.0364498 
0.0401185 
0.0425465 
0.0437436 
0.0438935 
0.0438935 
0.0150038 
0.0150038 
0.0142841 
0.0130327 
0.0114517 
0.00970481 
0.0079151 
0.00618505 
0.00457948 
0.00313877 
0.00188027 
0.00080638 
-9.12543e-05 
-0.0008277 
-0.00141934 
-0.00188524 
-0.00224449 
-0.00251545 
-0.00271495 
-0.00285791 
-0.00295749 
-0.00302529 
-0.00307171 
-0.00310569 
-0.0031353 
-0.00316698 
-0.00320744 
-0.00326036 
-0.00332956 
-0.00342211 
-0.00354429 
-0.00370008 
-0.00389385 
-0.0041309 
-0.00441638 
-0.00475569 
-0.00515414 
-0.00561733 
-0.00615118 
-0.00676198 
-0.00745594 
-0.00823838 
-0.00911211 
-0.0100747 
-0.0111138 
-0.0121991 
-0.0132705 
-0.0142237 
-0.0148979 
-0.0150773 
-0.0145157 
-0.0129875 
-0.0103524 
-0.00660902 
-0.00190941 
0.00347236 
0.00918162 
0.0148567 
0.020183 
0.0249097 
0.0288521 
0.0318934 
0.0339815 
0.0351395 
0.0355015 
0.0355015 
0.0103142 
0.0103142 
0.0098695 
0.0090675 
