0 
4.62584e-05 
0.000883029 
0.00219567 
0.00297469 
0.00344357 
0.00369581 
0.0038037 
0.00381496 
0.00376135 
0.00366292 
0.00353142 
0.00337294 
0.00318994 
0.00298282 
0.00275102 
0.00249388 
0.00221119 
0.00190356 
0.00157267 
0.00122143 
0.000854163 
0.000476945 
9.91451e-05 
-0.000266854 
-0.000615928 
-0.000946565 
-0.00125535 
-0.00153707 
-0.00178644 
-0.00199865 
-0.00216923 
-0.00229431 
-0.002371 
-0.00239789 
-0.00237551 
-0.00230702 
-0.00219918 
-0.00206366 
-0.00191804 
-0.0017849 
-0.00168617 
-0.00163228 
-0.00161202 
-0.00159394 
-0.00154339 
-0.0014434 
-0.00130151 
-0.00113878 
-0.000974705 
-0.000819972 
-0.000677547 
-0.000546442 
-0.000424619 
-0.000310253 
-0.000202023 
-9.94175e-05 
-2.57577e-06 
8.84378e-05 
0.000173228 
0.00024924 
0.000313944 
0.000365336 
0.000401183 
0.000419911 
0 
-4.62584e-05 
-4.62584e-05 
-0.000883029 
-0.00219567 
-0.00297469 
-0.00344357 
-0.00369581 
-0.0038037 
-0.00381496 
-0.00376135 
-0.00366292 
-0.00353142 
-0.00337294 
-0.00318994 
-0.00298282 
-0.00275102 
-0.00249388 
-0.00221119 
-0.00190356 
-0.00157267 
-0.00122143 
-0.000854163 
-0.000476945 
-9.91451e-05 
0.000266854 
0.000615928 
0.000946565 
0.00125535 
0.00153707 
0.00178644 
0.00199865 
0.00216923 
0.00229431 
0.002371 
0.00239789 
0.00237551 
0.00230702 
0.00219918 
0.00206366 
0.00191804 
0.0017849 
0.00168617 
0.00163228 
0.00161202 
0.00159394 
0.00154339 
0.0014434 
0.00130151 
0.00113878 
0.000974705 
0.000819972 
0.000677547 
0.000546442 
0.000424619 
0.000310253 
0.000202023 
9.94175e-05 
2.57577e-06 
-8.84378e-05 
-0.000173228 
-0.00024924 
-0.000313944 
-0.000365336 
-0.000401183 
-0.000419911 
-0.000419911 
-0.00062833 
-0.00062833 
-0.00424039 
-0.00688935 
-0.00865422 
-0.00973895 
-0.0103329 
-0.0105856 
-0.0106066 
-0.0104722 
-0.0102316 
-0.00991297 
-0.00952989 
-0.00908611 
-0.00857973 
-0.00800632 
-0.00736117 
-0.0066409 
-0.0058445 
-0.00497401 
-0.00403494 
-0.00303652 
-0.00199199 
-0.000919686 
0.000156599 
0.0012159 
0.00224326 
0.0032217 
0.00413241 
0.00495658 
0.00567603 
0.00627429 
0.00673743 
0.00705497 
0.00722131 
0.0072373 
0.00711206 
0.00686514 
0.00652946 
0.00615338 
0.00579775 
0.00552107 
0.00535109 
0.00525869 
0.00516299 
0.00497777 
0.0046651 
0.0042489 
0.00378422 
0.00331939 
0.00288012 
0.0024734 
0.00209678 
0.00174494 
0.00141264 
0.00109608 
0.00079321 
0.0005042 
0.00023107 
-2.1791e-05 
-0.000247976 
-0.000440939 
-0.000594716 
-0.000702205 
-0.000758401 
-0.000758401 
-0.00503734 
-0.00503734 
-0.00876551 
-0.0119252 
-0.0142359 
-0.0157069 
-0.0165191 
-0.0168541 
-0.0168629 
-0.0166546 
-0.0162994 
-0.0158359 
-0.0152804 
-0.0146339 
-0.0138895 
-0.0130366 
-0.0120648 
-0.0109666 
-0.00973859 
-0.00838281 
-0.006907 
-0.00532484 
-0.00365553 
-0.00192277 
-0.000157016 
0.00160656 
0.0033346 
0.0049941 
0.00655227 
0.00797708 
0.00923728 
0.0103038 
0.0111514 
0.0117607 
0.0121202 
0.0122296 
0.012102 
0.0117679 
0.011278 
0.0107061 
0.0101437 
0.00967828 
0.0093511 
0.00911932 
0.00886677 
0.00847555 
0.00790252 
0.00719162 
0.00642443 
0.00566742 
0.00495354 
0.00429009 
0.00367223 
0.00309173 
0.00254084 
0.00201401 
0.00150824 
0.00102363 
0.000563352 
0.000133512 
-0.000255317 
-0.000588546 
-0.000855021 
-0.00104192 
-0.00113999 
-0.00113999 
-0.00974906 
-0.00974906 
-0.013667 
-0.0171517 
-0.019711 
-0.0213143 
-0.02216 
-0.0224632 
-0.0224052 
-0.0221142 
-0.0216683 
-0.0211056 
-0.0204358 
-0.0196509 
-0.0187341 
-0.0176658 
-0.0164284 
-0.0150091 
-0.0134023 
-0.0116101 
-0.0096434 
-0.00752155 
-0.00527166 
-0.00292654 
-0.000525555 
0.00188432 
0.00425791 
0.00655131 
0.00872083 
0.0107236 
0.0125171 
0.0140599 
0.0153147 
0.0162505 
0.0168473 
0.0170999 
0.0170226 
0.0166529 
0.016056 
0.0153265 
0.0145811 
0.0139293 
0.0134203 
0.012998 
0.0125223 
0.0118638 
0.0109915 
0.00997401 
0.00891237 
0.00788085 
0.00691204 
0.00600986 
0.00516565 
0.00436775 
0.00360554 
0.00287165 
0.00216206 
0.00147849 
0.000825756 
0.000213992 
-0.000341222 
-0.000822375 
-0.00121117 
-0.00148571 
-0.00163056 
-0.00163056 
-0.0148092 
-0.0148092 
-0.0188574 
-0.0224079 
-0.0249299 
-0.0264367 
-0.0271665 
-0.0273621 
-0.02722 
-0.0268711 
-0.0263866 
-0.0257918 
-0.0250811 
-0.0242317 
-0.0232131 
-0.021995 
-0.0205518 
-0.0188656 
-0.0169285 
-0.0147434 
-0.0123249 
-0.00969894 
-0.00690236 
-0.00397989 
-0.00098313 
0.00203173 
0.00500754 
0.00789055 
0.0106288 
0.013172 
0.0154701 
0.0174735 
0.0191349 
0.0204127 
0.0212771 
0.0217156 
0.0217394 
0.0213894 
0.0207407 
0.0199041 
0.0190156 
0.0181991 
0.0175035 
0.0168582 
0.0161111 
0.0151423 
0.013949 
0.0126265 
0.0112874 
0.0100042 
0.00880303 
0.00768175 
0.00662717 
0.00562435 
0.00466018 
0.00372561 
0.00281573 
0.00193046 
0.00107702 
0.000266969 
-0.000481006 
-0.00113464 
-0.00166658 
-0.00204617 
-0.00224944 
-0.00224944 
-0.0195769 
-0.0195769 
-0.0238102 
-0.0273111 
-0.0296359 
-0.030916 
-0.0314516 
-0.0315121 
-0.0312994 
-0.0309335 
-0.0304667 
-0.0299022 
-0.0292134 
-0.028359 
-0.0272939 
-0.0259768 
-0.0243742 
-0.0224638 
-0.0202354 
-0.0176928 
-0.0148539 
-0.0117518 
-0.00843392 
-0.00495901 
-0.00139466 
0.00218736 
0.00571779 
0.00913461 
0.0123809 
0.0154036 
0.0181503 
0.0205679 
0.0226032 
0.0242067 
0.0253391 
0.0259793 
0.0261331 
0.025841 
0.0251842 
0.0242854 
0.0232937 
0.0223383 
0.0214587 
0.0205683 
0.0195166 
0.0182134 
0.0166965 
0.015086 
0.0134964 
0.0119903 
0.0105834 
0.00926594 
0.00801959 
0.00682535 
0.00566714 
0.00453317 
0.00341617 
0.00231991 
0.0012479 
0.000218984 
-0.000737135 
-0.00158531 
-0.00228596 
-0.00279412 
-0.00307225 
-0.00307225 
-0.0240113 
-0.0240113 
-0.0283872 
-0.0317119 
-0.0337223 
-0.034705 
-0.0350193 
-0.0349536 
-0.0347026 
-0.0343651 
-0.0339657 
-0.0334806 
-0.0328599 
-0.0320442 
-0.0309746 
-0.0295996 
-0.0278789 
-0.0257857 
-0.0233076 
-0.020448 
-0.017227 
-0.0136837 
-0.00987634 
-0.00587864 
-0.00177642 
0.002343 
0.00639405 
0.010303 
0.014008 
0.017455 
0.0205931 
0.0233702 
0.0257323 
0.0276258 
0.0290048 
0.0298407 
0.0301332 
0.0299206 
0.0292878 
0.0283655 
0.0273089 
0.0262412 
0.0251824 
0.0240326 
0.0226597 
0.0210221 
0.0192035 
0.0173407 
0.0155399 
0.0138479 
0.0122676 
0.0107813 
0.00936563 
0.00799795 
0.00665836 
0.00533395 
0.00401436 
0.00269562 
0.00138712 
0.000113442 
-0.00108837 
-0.00217153 
-0.00308407 
-0.00376046 
-0.00414164 
-0.00414164 
-0.0278884 
-0.0278884 
-0.0323732 
-0.0354522 
-0.0371059 
-0.0377858 
-0.0378943 
-0.0377309 
-0.0374755 
-0.0371995 
-0.0368971 
-0.0365175 
-0.0359894 
-0.0352376 
-0.0341912 
-0.03279 
-0.0309874 
-0.0287518 
-0.0260678 
-0.0229364 
-0.0193777 
-0.0154344 
-0.0111741 
-0.00668556 
-0.00207355 
0.00255167 
0.00708247 
0.0114331 
0.0155391 
0.0193491 
0.0228166 
0.0258938 
0.0285286 
0.0306663 
0.0322571 
0.0332668 
0.0336903 
0.0335641 
0.0329755 
0.0320598 
0.0309691 
0.0298083 
0.0285704 
0.0271512 
0.0254575 
0.0235098 
0.021433 
0.0193681 
0.0174035 
0.0155668 
0.0138482 
0.0122226 
0.010662 
0.00913871 
0.00763115 
0.00611806 
0.00458093 
0.00302096 
0.00145417 
-8.79825e-05 
-0.00157142 
-0.00294089 
-0.00412405 
-0.00502676 
-0.00555491 
-0.00555491 
-0.0311472 
-0.0311472 
-0.0356901 
-0.0384837 
-0.0397846 
-0.0401909 
-0.040125 
-0.0398934 
-0.0396556 
-0.0394553 
-0.0392578 
-0.0389891 
-0.0385608 
-0.0378849 
-0.0368806 
-0.0354798 
-0.0336295 
-0.0312935 
-0.0284524 
-0.0251032 
-0.0212629 
-0.0169748 
-0.012314 
-0.00738308 
-0.00230464 
0.00278593 
0.00775189 
0.0124933 
0.0169447 
0.0210598 
0.0247991 
0.0281209 
0.0309763 
0.0333116 
0.035075 
0.0362295 
0.0367673 
0.0367252 
0.0361931 
0.0353059 
0.0342021 
0.0329554 
0.031532 
0.029841 
0.027849 
0.0256411 
0.0233699 
0.0211651 
0.0190907 
0.0171549 
0.0153371 
0.0136059 
0.0119288 
0.0102746 
0.00861374 
0.00691265 
0.00515831 
0.00335613 
0.00151469 
-0.000338837 
-0.00216435 
-0.00389603 
-0.00543815 
-0.00665791 
-0.00740502 
-0.00740502 
-0.0337262 
-0.0337262 
-0.0382824 
-0.0407905 
-0.0417806 
-0.041961 
-0.0417559 
-0.0414775 
-0.0412634 
-0.0411339 
-0.0410306 
-0.040862 
-0.0405272 
-0.0399287 
-0.0389774 
-0.0375977 
-0.0357301 
-0.0333331 
-0.0303835 
-0.0268737 
-0.0228152 
-0.0182481 
-0.0132523 
-0.007941 
-0.00245124 
0.00304675 
0.00838094 
0.0134437 
0.0181749 
0.022536 
0.0264941 
0.0300117 
0.0330425 
0.0355332 
0.0374319 
0.038701 
0.0393339 
0.0393703 
0.0389023 
0.0380573 
0.0369474 
0.0356075 
0.0339886 
0.0320382 
0.0297963 
0.0274019 
0.0250134 
0.0227365 
0.0206085 
0.0186209 
0.0167447 
0.0149441 
0.0131821 
0.0114205 
0.00961381 
0.00773366 
0.00576819 
0.0037109 
0.00156688 
-0.000639918 
-0.00287505 
-0.00506672 
-0.00709097 
-0.00876179 
-0.00983949 
-0.00983949 
-0.0356209 
-0.0356209 
-0.0401494 
-0.0423991 
-0.0431398 
-0.0431444 
-0.0428305 
-0.0425146 
-0.0423156 
-0.0422374 
-0.0422042 
-0.0421136 
-0.0418564 
-0.0413282 
-0.0404332 
-0.0390887 
-0.0372284 
-0.0348049 
-0.031792 
-0.0281787 
-0.0239707 
-0.0192016 
-0.0139531 
-0.00834527 
-0.00252666 
0.00329154 
0.00890328 
0.0142068 
0.0191526 
0.0237078 
0.0278415 
0.0315163 
0.0346856 
0.0372964 
0.0392978 
0.040655 
0.0413661 
0.0414761 
0.0410763 
0.0402763 
0.0391499 
0.0376975 
0.0358798 
0.0337074 
0.0312918 
0.0288013 
0.0263787 
0.0240978 
0.021972 
0.0199807 
0.0180894 
0.0162587 
0.0144458 
0.0125986 
0.0106726 
0.00863795 
0.00647188 
0.00415638 
0.00168563 
-0.000929108 
-0.0036684 
-0.0064583 
-0.00913911 
-0.0114487 
-0.0130136 
-0.0130136 
-0.0368477 
-0.0368477 
-0.0413161 
-0.0433547 
-0.0439142 
-0.0437888 
-0.0433899 
-0.0430357 
-0.042833 
-0.0427769 
-0.0427822 
-0.0427406 
-0.0425383 
-0.0420664 
-0.0412236 
-0.0399211 
-0.0380854 
-0.0356627 
-0.032624 
-0.0289578 
-0.0246668 
-0.0197771 
-0.0143653 
-0.00855735 
-0.00252848 
0.00347035 
0.00924535 
0.0147126 
0.0198198 
0.0245281 
0.0288017 
0.0326001 
0.0358752 
0.0385744 
0.0406498 
0.0420728 
0.0428494 
0.0430292 
0.0426951 
0.0419264 
0.0407564 
0.0391716 
0.037174 
0.0348487 
0.0323577 
0.0298685 
0.0274921 
0.0252708 
0.0232004 
0.0212529 
0.0193906 
0.0175713 
0.0157406 
0.0138429 
0.0118323 
0.00966929 
0.0073167 
0.00473965 
0.00191562 
-0.00117224 
-0.00454291 
-0.00811925 
-0.0116784 
-0.0148433 
-0.0170644 
-0.0170644 
-0.0374431 
-0.0374431 
-0.0418325 
-0.0437179 
-0.0441615 
-0.0439445 
-0.0434775 
-0.0430769 
-0.0428463 
-0.0427794 
-0.0427885 
-0.0427639 
-0.0425903 
-0.0421566 
-0.0413585 
-0.0401021 
-0.0383057 
-0.0359097 
-0.0328811 
-0.0292083 
-0.0248979 
-0.0199761 
-0.0145109 
-0.00863031 
-0.00253755 
0.00351833 
0.00937193 
0.0149392 
0.0201563 
0.0249751 
0.0293515 
0.0332396 
0.0365884 
0.0393468 
0.0414724 
0.0429449 
0.0437786 
0.0440219 
0.0437378 
0.0429686 
0.0417213 
0.0400026 
0.0378799 
0.0355003 
0.0330419 
0.0306457 
0.0283863 
0.0262812 
0.0243154 
0.0224579 
0.0206712 
0.0189048 
0.0170985 
0.0151958 
0.0131449 
0.0108915 
0.00837847 
0.00554408 
0.00232817 
-0.00134523 
-0.00554441 
-0.010148 
-0.0148098 
-0.0190006 
-0.0219886 
-0.0219886 
-0.0374576 
-0.0374576 
-0.041749 
-0.0435429 
-0.0439303 
-0.043658 
-0.0431395 
-0.0426834 
-0.0424006 
-0.042289 
-0.0422658 
-0.0422231 
-0.0420468 
-0.0416255 
-0.0408534 
-0.0396337 
-0.0378829 
-0.0355364 
-0.0325545 
-0.0289237 
-0.0246563 
-0.0197918 
-0.0144025 
-0.00860519 
-0.0025749 
0.00346142 
0.00933132 
0.0149412 
0.0202167 
0.0250923 
0.0295211 
0.0334537 
0.036837 
0.0396223 
0.0417739 
0.0432801 
0.044158 
0.0444446 
0.0441747 
0.0433627 
0.0420212 
0.0402073 
0.0380521 
0.0357318 
0.033407 
0.0311806 
0.0290961 
0.0271549 
0.0253383 
0.0236183 
0.0219517 
0.0202825 
0.0185505 
0.0166971 
0.0146589 
0.0123614 
0.00971585 
0.00660968 
0.00290853 
-0.00154764 
-0.00683421 
-0.0126856 
-0.0185757 
-0.0238349 
-0.0275975 
-0.0275975 
-0.0369226 
-0.0369226 
-0.041153 
-0.0429115 
-0.0432864 
-0.0429858 
-0.0424226 
-0.0419016 
-0.0415454 
-0.0413612 
-0.0412756 
-0.0411855 
-0.0409803 
-0.0405512 
-0.039794 
-0.0386114 
-0.0369178 
-0.0346452 
-0.0317498 
-0.0282149 
-0.0240538 
-0.0193122 
-0.0140695 
-0.00844169 
-0.00258028 
0.00333272 
0.00913194 
0.0147063 
0.0199705 
0.0248511 
0.0292862 
0.0332225 
0.0366075 
0.0393955 
0.041557 
0.0430834 
0.0439852 
0.0442804 
0.0439813 
0.0431002 
0.0416865 
0.0398595 
0.0377849 
0.0356301 
0.0335192 
0.0315191 
0.0296529 
0.0279162 
0.026293 
0.0247524 
0.0232483 
0.0217256 
0.0201254 
0.0183834 
0.0164198 
0.0141279 
0.0113594 
0.00790784 
0.00353066 
-0.0019832 
-0.00858684 
-0.0157741 
-0.0228633 
-0.0291147 
-0.0335928 
-0.0335928 
-0.0358964 
-0.0358964 
-0.040105 
-0.0418769 
-0.0422785 
-0.0419783 
-0.0413832 
-0.0407943 
-0.0403491 
-0.0400693 
-0.0398939 
-0.039728 
-0.0394667 
-0.039006 
-0.0382458 
-0.037092 
-0.0354603 
-0.0332822 
-0.0305107 
-0.0271255 
-0.0231373 
-0.0185895 
-0.0135587 
-0.0081536 
-0.00251166 
0.00320768 
0.00885671 
0.0143182 
0.019498 
0.0243137 
0.028696 
0.0325862 
0.035932 
0.0386901 
0.0408325 
0.0423466 
0.043231 
0.0434895 
0.0431338 
0.042205 
0.0408022 
0.0390756 
0.0371894 
0.0352807 
0.0334373 
0.0317016 
0.0300872 
0.0285901 
0.0271946 
0.0258697 
0.0245714 
0.0232482 
0.0218417 
0.0202776 
0.0184489 
0.0161895 
0.0132456 
0.00927878 
0.00396296 
-0.0028464 
-0.010843 
-0.0192924 
-0.0274499 
-0.0345719 
-0.0396936 
-0.0396936 
-0.0344352 
-0.0344352 
-0.0386628 
-0.0404922 
-0.0409581 
-0.0406891 
-0.0400797 
-0.0394279 
-0.0388868 
-0.038496 
-0.0382111 
-0.0379474 
-0.0376077 
-0.0370944 
-0.0363137 
-0.0351774 
-0.0336054 
-0.0315309 
-0.0289061 
-0.0257076 
-0.0219409 
-0.0176434 
-0.0128841 
-0.00776105 
-0.0023966 
0.00306997 
0.00850246 
0.0137825 
0.0188113 
0.023501 
0.0277764 
0.0315744 
0.0348409 
0.0375321 
0.039617 
0.0410768 
0.0419039 
0.0421047 
0.0417125 
0.0408059 
0.0395138 
0.0379883 
0.0363685 
0.0347557 
0.03321 
0.0317617 
0.0304217 
0.0291883 
0.0280483 
0.0269729 
0.0259233 
0.0248531 
0.0237018 
0.0223774 
0.0207226 
0.0184697 
0.0152186 
0.0105099 
0.00403019 
-0.00416443 
-0.0134727 
-0.0230315 
-0.0321054 
-0.0399763 
-0.0456752 
-0.0456752 
-0.032593 
-0.032593 
-0.0368763 
-0.0388031 
-0.0393704 
-0.0391668 
-0.038569 
-0.0378692 
-0.0372354 
-0.036728 
-0.0363217 
-0.0359455 
-0.0355109 
-0.0349279 
-0.0341103 
-0.0329772 
-0.0314555 
-0.0294828 
-0.027013 
-0.0240206 
-0.0205061 
-0.0164984 
-0.0120555 
-0.00726215 
-0.00222585 
0.00293226 
0.00808826 
0.0131244 
0.0179397 
0.0224431 
0.0265557 
0.0302107 
0.0333512 
0.0359314 
0.0379179 
0.0392909 
0.0400485 
0.0402145 
0.0398496 
0.0390566 
0.0379673 
0.0367132 
0.0354012 
0.0341048 
0.0328687 
0.0317187 
0.0306669 
0.0297148 
0.0288522 
0.0280558 
0.0272945 
0.0265261 
0.0256833 
0.0246404 
0.0231574 
0.0208251 
0.0170923 
0.011447 
0.00370189 
-0.00581743 
-0.0162855 
-0.0267985 
-0.0366457 
-0.0451491 
-0.0513611 
-0.0513611 
-0.0304183 
-0.0304183 
-0.0347897 
-0.0368494 
-0.0375549 
-0.0374545 
-0.0369016 
-0.0361793 
-0.0354676 
-0.0348485 
-0.0343191 
-0.0338246 
-0.033287 
-0.0326245 
-0.0317584 
-0.0306163 
-0.029133 
-0.0272526 
-0.024933 
-0.0221492 
-0.0188978 
-0.0152001 
-0.0111025 
-0.00667562 
-0.00201019 
0.00279223 
0.00762009 
0.0123578 
0.0169039 
0.0211658 
0.0250628 
0.0285256 
0.0314961 
0.0339286 
0.0357922 
0.0370746 
0.037788 
0.0379755 
0.0377153 
0.0371132 
0.0362849 
0.0353343 
0.0343416 
0.033363 
0.0324362 
0.0315862 
0.0308279 
0.0301666 
0.0295965 
0.0291022 
0.0286607 
0.0282319 
0.027733 
0.0269832 
0.0256275 
0.0231005 
0.0187372 
0.012059 
0.0030755 
-0.0076308 
-0.0191111 
-0.0304455 
-0.0409319 
-0.0499512 
-0.0566107 
-0.0566107 
-0.0279537 
-0.0279537 
-0.032441 
-0.0346651 
-0.0355439 
-0.0355864 
-0.0351187 
-0.0344097 
-0.0336465 
-0.0329318 
-0.0322874 
-0.0316777 
-0.0310379 
-0.0302943 
-0.029376 
-0.0282182 
-0.0267637 
-0.0249645 
-0.0227836 
-0.0201986 
-0.0172048 
-0.0138176 
-0.0100734 
-0.0060295 
-0.0017607 
0.00265086 
0.00710831 
0.0115011 
0.0157299 
0.0197029 
0.02334 
0.0265723 
0.0293436 
0.0316128 
0.0333564 
0.0345736 
0.0352903 
0.0355609 
0.0354654 
0.035098 
0.0345517 
0.0339064 
0.0332244 
0.0325525 
0.0319256 
0.0313697 
0.0309026 
0.0305336 
0.030263 
0.0300843 
0.0299818 
0.0299135 
0.0297692 
0.029293 
0.0279985 
0.025178 
0.0201098 
0.0124105 
0.00229751 
-0.00944533 
-0.0218198 
-0.0338624 
-0.0448557 
-0.0542712 
-0.0613092 
-0.0613092 
-0.0252361 
-0.0252361 
-0.029863 
-0.0322786 
-0.0333627 
-0.0335876 
-0.0332497 
-0.0325985 
-0.0318214 
-0.0310385 
-0.0302967 
-0.0295834 
-0.0288495 
-0.0280315 
-0.0270652 
-0.0258927 
-0.0244641 
-0.0227383 
-0.0206846 
-0.0182844 
-0.0155333 
-0.0124435 
-0.00904348 
-0.0053795 
-0.00151192 
0.00249416 
0.00655673 
0.0105742 
0.0144528 
0.0181053 
0.0214551 
0.0244377 
0.0270025 
0.0291153 
0.0307623 
0.031952 
0.0327175 
0.0331138 
0.0332121 
0.0330893 
0.0328181 
0.0324611 
0.0320698 
0.0316858 
0.0313429 
0.0310684 
0.0308828 
0.0307996 
0.0308261 
0.0309643 
0.0312036 
0.031495 
0.0316908 
0.0314487 
0.0301549 
0.0269931 
0.0212339 
0.0126098 
0.00151127 
-0.011137 
-0.0243137 
-0.0369584 
-0.0483248 
-0.0580151 
-0.0653592 
-0.0653592 
-0.0222982 
-0.0222982 
-0.0270845 
-0.0297134 
-0.0310303 
-0.0314743 
-0.031312 
-0.0307689 
-0.0300255 
-0.0292125 
-0.0284005 
-0.027602 
-0.0267879 
-0.0259071 
-0.024903 
-0.0237235 
-0.0223242 
-0.02067 
-0.0187357 
-0.0165065 
-0.0139796 
-0.0111654 
-0.00808744 
-0.00478335 
-0.00130211 
0.00230406 
0.00596783 
0.00960018 
0.0131165 
0.0164377 
0.0194942 
0.0222285 
0.0245975 
0.0265749 
0.0281537 
0.0293475 
0.030189 
0.030727 
0.0310197 
0.0311279 
0.031109 
0.0310141 
0.0308877 
0.0307681 
0.0306885 
0.0306769 
0.0307561 
0.0309439 
0.0312544 
0.0316964 
0.032262 
0.0328902 
0.0333909 
0.0333374 
0.0320101 
0.028522 
0.0221631 
0.0127643 
0.000827347 
-0.0126186 
-0.0265115 
-0.0396458 
-0.0512499 
-0.0610968 
-0.0686739 
-0.0686739 
-0.0191696 
-0.0191696 
-0.0241316 
-0.0269905 
-0.0285612 
-0.0292553 
-0.0293114 
-0.0289289 
-0.0282738 
-0.0274793 
-0.0266338 
-0.0257756 
-0.0248989 
-0.0239693 
-0.02294 
-0.0217642 
-0.0204021 
-0.0188227 
-0.0170048 
-0.0149369 
-0.0126178 
-0.0100571 
-0.00727482 
-0.00430187 
-0.00117846 
0.00205225 
0.00533495 
0.00859504 
0.0117597 
0.0147602 
0.0175365 
0.0200393 
0.0222333 
0.0240983 
0.0256314 
0.026846 
0.0277706 
0.028445 
0.0289152 
0.0292292 
0.0294334 
0.0295709 
0.0296812 
0.0297998 
0.0299589 
0.0301868 
0.030508 
0.0309441 
0.0315143 
0.0322326 
0.0330902 
0.0340116 
0.0347668 
0.0348593 
0.0334942 
0.0297475 
0.0229345 
0.0129446 
0.000316712 
-0.0138322 
-0.0283352 
-0.0418239 
-0.0535354 
-0.0634328 
-0.0711718 
-0.0711718 
-0.0158782 
-0.0158782 
-0.0210295 
-0.0241298 
-0.0259682 
-0.0269347 
-0.0272449 
-0.0270728 
-0.026564 
-0.0258449 
-0.0250132 
-0.0241288 
-0.0232114 
-0.0222476 
-0.0212044 
-0.0200422 
-0.0187249 
-0.0172243 
-0.0155213 
-0.0136067 
-0.01148 
-0.00915022 
-0.00663497 
-0.00396057 
-0.0011608 
0.00172725 
0.00465908 
0.00757476 
0.0104137 
0.0131186 
0.015639 
0.0179342 
0.0199752 
0.0217464 
0.0232458 
0.0244846 
0.0254856 
0.0262797 
0.0269031 
0.0273941 
0.0277911 
0.028131 
0.028449 
0.028778 
0.0291488 
0.0295889 
0.0301241 
0.0307785 
0.0315746 
0.0325282 
0.0336277 
0.0347836 
0.0357343 
0.0359366 
0.0345543 
0.0306523 
0.0235647 
0.0131935 
2.53917e-05 
-0.0147323 
-0.0296942 
-0.0433718 
-0.0550775 
-0.0649417 
-0.0727787 
-0.0727787 
-0.012452 
-0.012452 
-0.0178038 
-0.0211524 
-0.023265 
-0.0245162 
-0.0251053 
-0.0251846 
-0.0248776 
-0.0242956 
-0.0235349 
-0.0226688 
-0.0217398 
-0.0207587 
-0.0197111 
-0.018569 
-0.0173016 
-0.0158827 
-0.0142944 
-0.0125278 
-0.0105825 
-0.00846647 
-0.0061947 
-0.00378933 
-0.00127856 
0.00130559 
0.00392601 
0.00653548 
0.00908484 
0.0115274 
0.0138221 
0.0159357 
0.0178443 
0.0195351 
0.021006 
0.0222652 
0.0233299 
0.0242238 
0.0249755 
0.0256158 
0.0261767 
0.0266901 
0.0271874 
0.0276984 
0.0282521 
0.0288748 
0.0295924 
0.0304298 
0.0314104 
0.0325489 
0.0338285 
0.0351477 
0.0362257 
0.0364988 
0.0351216 
0.0311695 
0.0239893 
0.0134551 
-7.85078e-05 
-0.015294 
-0.0304831 
-0.0441611 
-0.0557771 
-0.0655538 
-0.0734351 
-0.0734351 
-0.00892003 
-0.00892003 
-0.0144819 
-0.0180821 
-0.0204692 
-0.0220073 
-0.0228865 
-0.0232443 
-0.0231846 
-0.0227994 
-0.0221737 
-0.0213824 
-0.0204826 
-0.0195079 
-0.0184665 
-0.0173474 
-0.0161291 
-0.0147891 
-0.0133099 
-0.0116818 
-0.00990348 
-0.00798099 
-0.00592733 
-0.00376141 
-0.0015073 
0.000806953 
0.00315138 
0.00549048 
0.00778485 
0.00999708 
0.012094 
0.0140483 
0.0158407 
0.0174597 
0.0189028 
0.0201752 
0.0212897 
0.022264 
0.0231207 
0.0238848 
0.0245831 
0.0252428 
0.0258919 
0.026557 
0.0272645 
0.0280391 
0.0289057 
0.0298882 
0.0310079 
0.0322762 
0.0336702 
0.035081 
0.0362213 
0.0365287 
0.0351733 
0.031262 
0.0241591 
0.0137302 
1.57283e-05 
-0.0154533 
-0.0305397 
-0.0440546 
-0.0555394 
-0.0652102 
-0.0730921 
-0.0730921 
-0.00531218 
-0.00531218 
-0.0110923 
-0.0149458 
-0.017604 
-0.0194232 
-0.0205905 
-0.0212366 
-0.0214523 
-0.021312 
-0.0208836 
-0.0202321 
-0.0194174 
-0.0184873 
-0.0174716 
-0.0163806 
-0.0152087 
-0.0139417 
-0.0125648 
-0.0110675 
-0.00944628 
-0.00770465 
-0.00585231 
-0.00390417 
-0.00187952 
0.00019852 
0.00230465 
0.00441088 
0.00648611 
0.00850056 
0.0104276 
0.0122451 
0.0139367 
0.0154925 
0.0169091 
0.0181894 
0.0193423 
0.0203809 
0.0213232 
0.022189 
0.0230012 
0.0237825 
0.0245579 
0.0253502 
0.0261835 
0.02708 
0.0280624 
0.0291518 
0.030367 
0.0317136 
0.0331602 
0.0345899 
0.0357139 
0.0359873 
0.0346171 
0.030763 
0.0238157 
0.0136518 
0.00018222 
-0.0150248 
-0.0297492 
-0.0430057 
-0.0543356 
-0.0638959 
-0.0717545 
-0.0717545 
-0.00165855 
-0.00165855 
-0.00766345 
-0.0117725 
-0.014698 
-0.0167892 
-0.0182328 
-0.0191601 
-0.0196576 
-0.0197886 
-0.019605 
-0.0191562 
-0.0184923 
-0.0176624 
-0.0167089 
-0.0156616 
-0.0145351 
-0.0133301 
-0.0120396 
-0.0106548 
-0.00917055 
-0.00758709 
-0.00591083 
-0.00415335 
-0.00233043 
-0.000461253 
0.00143277 
0.00333212 
0.00521357 
0.00705337 
0.00883017 
0.0105259 
0.0121267 
0.0136235 
0.0150123 
0.0162939 
0.0174742 
0.0185623 
0.0195725 
0.0205201 
0.0214248 
0.022305 
0.0231828 
0.0240773 
0.02501 
0.0259998 
0.0270671 
0.0282305 
0.0295011 
0.0308775 
0.0323209 
0.0337094 
0.0347595 
0.0349554 
0.0335571 
0.0297888 
0.0230802 
0.0132969 
0.000473636 
-0.0140348 
-0.02822 
-0.0411029 
-0.0522206 
-0.0616555 
-0.0694763 
-0.0694763 
0.0020125 
0.0020125 
-0.00421965 
-0.00858901 
-0.0117824 
-0.0141395 
-0.0158457 
-0.0170364 
-0.0178014 
-0.0182028 
-0.0182841 
-0.0180812 
-0.0176289 
-0.0169658 
-0.0161326 
-0.0151684 
-0.0141049 
-0.0129621 
-0.011748 
-0.0104624 
-0.00910194 
-0.00766465 
-0.00615263 
-0.00457242 
-0.00293444 
-0.00125212 
0.000458505 
0.00218087 
0.00389727 
0.00558895 
0.00723891 
0.00883217 
0.0103569 
0.0118045 
0.0131704 
0.0144532 
0.0156563 
0.0167847 
0.0178503 
0.0188645 
0.0198442 
0.0208042 
0.0217637 
0.0227382 
0.0237468 
0.0248058 
0.0259326 
0.0271379 
0.0284277 
0.0297932 
0.0311878 
0.0324863 
0.0334162 
0.0335 
0.0320646 
0.0284074 
0.0220114 
0.0127382 
0.000802302 
-0.0126778 
-0.0260989 
-0.0384766 
-0.0493108 
-0.0585911 
-0.0663549 
-0.0663549 
0.00567985 
0.00567985 
-0.000779342 
-0.00541633 
-0.00888568 
-0.0115117 
-0.0134742 
-0.0149109 
-0.0159184 
-0.0165656 
-0.0168986 
-0.0169488 
-0.0167406 
-0.0162981 
-0.0156498 
-0.0148289 
-0.0138711 
-0.0128091 
-0.011668 
-0.0104624 
-0.00919826 
-0.00787647 
-0.00649728 
-0.00506334 
-0.00358072 
-0.00205878 
-0.000509763 
0.00105272 
0.00261894 
0.00417559 
0.0057093 
0.00720763 
0.0086603 
0.0100592 
0.011399 
0.0126763 
0.0138928 
0.0150497 
0.0161568 
0.0172217 
0.0182595 
0.0192809 
0.0203031 
0.0213378 
0.0224029 
0.0235106 
0.0246718 
0.0258927 
0.0271731 
0.0284967 
0.0298102 
0.0309872 
0.0317715 
0.0317308 
0.0302688 
0.0267644 
0.0207641 
0.0121427 
0.00121099 
-0.0111068 
-0.0235878 
-0.0353232 
-0.0457808 
-0.0548554 
-0.0625316 
-0.0625316 
0.00934296 
0.00934296 
0.00264653 
-0.00226578 
-0.00602607 
-0.00893747 
-0.0111655 
-0.0128445 
-0.0140753 
-0.014936 
-0.015483 
-0.0157551 
-0.0157779 
-0.0155696 
-0.015147 
-0.0145297 
-0.0137434 
-0.0128186 
-0.011787 
-0.0106769 
-0.00950884 
-0.00829454 
-0.00703884 
-0.00574326 
-0.00440919 
-0.00303969 
-0.00163992 
-0.000217043 
0.00122134 
0.0026649 
0.00410369 
0.00552703 
0.00692559 
0.00829165 
0.00961879 
0.0109007 
0.0121365 
0.0133211 
0.014465 
0.0155729 
0.0166584 
0.0177286 
0.0187995 
0.0198803 
0.0209865 
0.0221243 
0.0233004 
0.0245169 
0.0257675 
0.0270293 
0.0282436 
0.0292859 
0.0299202 
0.0297639 
0.0283014 
0.0249966 
0.0194624 
0.0115939 
0.00172224 
-0.00940146 
-0.0208492 
-0.0318306 
-0.0418145 
-0.0506177 
-0.0581653 
-0.0581653 
0.0130156 
0.0130156 
0.00607063 
0.000862711 
-0.00320753 
-0.00643227 
-0.00895413 
-0.0108946 
-0.0123516 
-0.013408 
-0.0141312 
-0.0145738 
-0.0147741 
-0.0147581 
-0.0145433 
-0.0141425 
-0.013569 
-0.0128394 
-0.0119758 
-0.0110042 
-0.009951 
-0.00883851 
-0.00768229 
-0.00649071 
-0.00526705 
-0.00401262 
-0.00272936 
-0.00142122 
-9.38242e-05 
0.00124507 
0.00259396 
0.00394382 
0.00528647 
0.00661448 
0.00791941 
0.00919287 
0.0104345 
0.0116338 
0.0128006 
0.0139361 
0.0150547 
0.0161586 
0.0172646 
0.018378 
0.0195091 
0.0206611 
0.0218373 
0.0230353 
0.0242438 
0.0254341 
0.0265445 
0.0274552 
0.0279531 
0.0277064 
0.026279 
0.0232187 
0.0182011 
0.0111395 
0.00233223 
-0.00761581 
-0.017998 
-0.0281523 
-0.0375778 
-0.0460409 
-0.0534139 
-0.0534139 
0.0167237 
0.0167237 
0.00952256 
0.00399362 
-0.000418495 
-0.00398971 
-0.00684872 
-0.0090926 
-0.010808 
-0.0120743 
-0.0129642 
-0.0135415 
-0.0138601 
-0.0139631 
-0.0138827 
-0.0136414 
-0.0132538 
-0.0127301 
-0.0120797 
-0.0113144 
-0.0104497 
-0.00950394 
-0.0084951 
-0.00743817 
-0.00634329 
-0.00521576 
-0.00405755 
-0.00286903 
-0.00165021 
-0.000401635 
0.000876193 
0.00217439 
0.00348425 
0.0048005 
0.00611464 
0.00741339 
0.00868996 
0.00991412 
0.0111078 
0.0122739 
0.0134242 
0.0145591 
0.0156938 
0.0168301 
0.0179752 
0.0191313 
0.0202984 
0.0214708 
0.0226328 
0.0237519 
0.0247654 
0.0255608 
0.0259493 
0.0256485 
0.0242963 
0.0215184 
0.017046 
0.0108046 
0.0030365 
-0.00578198 
-0.0151075 
-0.0243989 
-0.0332031 
-0.0412646 
-0.0484179 
-0.0484179 
0.0204995 
0.0204995 
0.0130394 
0.00716847 
0.00237482 
-0.00158581 
-0.00482934 
-0.00743261 
-0.0094606 
-0.0109829 
-0.0120693 
-0.0127884 
-0.0132042 
-0.0133741 
-0.0133481 
-0.0131676 
-0.0128648 
-0.0124616 
-0.0119706 
-0.0113977 
-0.0107452 
-0.0100152 
-0.00921098 
-0.00833724 
-0.00739879 
-0.00639991 
-0.00534414 
-0.00423525 
-0.00307832 
-0.00188028 
-0.000650437 
0.00060131 
0.0018763 
0.00317452 
0.00447596 
0.00576224 
0.00703833 
0.00826786 
0.00946998 
0.0106446 
0.0118102 
0.012961 
0.0141084 
0.0152538 
0.0164013 
0.0175523 
0.018704 
0.0198477 
0.0209648 
0.0220205 
0.0229531 
0.0236589 
0.0239736 
0.0236603 
0.0224231 
0.0199564 
0.0160384 
0.010601 
0.00382457 
-0.00392402 
-0.0122253 
-0.020645 
-0.0287877 
-0.0363986 
-0.0432924 
-0.0432924 
0.0243769 
0.0243769 
0.0166587 
0.0104307 
0.00521932 
0.000818593 
-0.00286038 
-0.00588065 
-0.00828263 
-0.0101207 
-0.0114576 
-0.0123627 
-0.0129052 
-0.0131504 
-0.013158 
-0.0129827 
-0.0126738 
-0.0122739 
-0.0118162 
-0.0113222 
-0.010801 
-0.0102518 
-0.00966731 
-0.0090369 
-0.0083494 
-0.00759411 
-0.00676175 
-0.00584543 
-0.00484244 
-0.00375635 
-0.00259819 
-0.00138415 
-0.000124961 
0.00118233 
0.00253019 
0.00390843 
0.00528866 
0.00654111 
0.0077525 
0.00896204 
0.0101549 
0.0113287 
0.0124883 
0.0136393 
0.0147853 
0.0159281 
0.0170637 
0.0181819 
0.0192621 
0.020269 
0.0211435 
0.021792 
0.0220732 
0.0217911 
0.0207059 
0.0185709 
0.0152025 
0.0105356 
0.00469228 
-0.00205315 
-0.00937632 
-0.0169359 
-0.0243968 
-0.0315225 
-0.0381244 
-0.0381244 
0.0283879 
0.0283879 
0.0204148 
0.0138172 
0.00815758 
0.00326729 
-0.000904038 
-0.00439618 
-0.00723171 
-0.009443 
-0.0110836 
-0.0122231 
-0.0129376 
-0.0133008 
-0.0133795 
-0.0132332 
-0.0129161 
-0.0124787 
-0.0119678 
-0.011424 
-0.0108778 
-0.0103465 
-0.00983327 
-0.00932909 
-0.00881708 
-0.00827626 
-0.00768405 
-0.00701703 
-0.00625066 
-0.00535929 
-0.00431868 
-0.0031153 
-0.00175979 
-0.000334258 
0.00104633 
0.00237846 
0.00371759 
0.00496368 
0.00617241 
0.00737005 
0.00855453 
0.00972284 
0.0108751 
0.0120169 
0.0131512 
0.0142797 
0.0153978 
0.0164945 
0.0175484 
0.0185244 
0.0193672 
0.0199933 
0.0202825 
0.0200735 
0.0191735 
0.017384 
0.014552 
0.0106132 
0.0056401 
-0.000170506 
-0.00656926 
-0.0132936 
-0.0200688 
-0.0266882 
-0.0329738 
-0.0329738 
0.0325605 
0.0325605 
0.0243378 
0.0173597 
0.0112234 
0.00579746 
0.00107565 
-0.00294846 
-0.00627509 
-0.00891332 
-0.0109022 
-0.0123103 
-0.0132236 
-0.0137299 
-0.0139096 
-0.0138313 
-0.0135531 
-0.0131255 
-0.0125942 
-0.0120011 
-0.0113839 
-0.0107734 
-0.0101908 
-0.00964491 
-0.00913249 
-0.00864087 
-0.00815241 
-0.00764832 
-0.00711059 
-0.00652101 
-0.00585722 
-0.00508478 
-0.0041513 
-0.00299335 
-0.0015692 
0.000141675 
0.00195092 
0.00324653 
0.004353 
0.00563037 
0.0068784 
0.00807557 
0.00923202 
0.010365 
0.011486 
0.0126001 
0.0137047 
0.0147889 
0.0158317 
0.0167993 
0.0176405 
0.0182814 
0.0186202 
0.0185247 
0.0178395 
0.0164049 
0.0140923 
0.0108373 
0.00667289 
0.00173051 
-0.00380111 
-0.00972341 
-0.015821 
-0.0219247 
-0.0278765 
-0.0278765 
0.0369181 
0.0369181 
0.0284522 
0.0210853 
0.014446 
0.00843999 
0.00310753 
-0.00151377 
-0.00539257 
-0.00851417 
-0.0108952 
-0.0125998 
-0.0137239 
-0.0143736 
-0.0146496 
-0.0146368 
-0.0144038 
-0.0140064 
-0.0134911 
-0.0128979 
-0.0122608 
-0.0116081 
-0.0109619 
-0.0103375 
-0.00974316 
-0.00917965 
-0.00864137 
-0.00811799 
-0.00759678 
-0.00706456 
-0.00650819 
-0.0059041 
-0.00520378 
-0.00433766 
-0.00323273 
-0.00167326 
0.000179302 
0.00161249 
0.00285008 
0.00409556 
0.00530778 
0.0064821 
0.00761762 
0.00872807 
0.00982594 
0.0109199 
0.0120101 
0.0130875 
0.0141325 
0.0151129 
0.0159816 
0.0166731 
0.0171007 
0.0171552 
0.0167109 
0.015638 
0.0138271 
0.0112135 
0.00780073 
0.00366591 
-0.00105635 
-0.00621654 
-0.0116542 
-0.0172418 
-0.0228482 
-0.0228482 
0.0414767 
0.0414767 
0.0327764 
0.0250156 
0.0178507 
0.0112221 
0.00521939 
-6.89932e-05 
-0.00456826 
-0.00823539 
-0.0110581 
-0.0130892 
-0.0144343 
-0.0152208 
-0.0155751 
-0.015604 
-0.0153919 
-0.015003 
-0.0144886 
-0.0138902 
-0.0132421 
-0.0125719 
-0.0119003 
-0.0112407 
-0.0106001 
-0.00998014 
-0.0093797 
-0.0087965 
-0.00822812 
-0.00767162 
-0.00712552 
-0.00658056 
-0.00598423 
-0.00527038 
-0.00442817 
-0.00346274 
-0.00248311 
-0.00153557 
-0.000171177 
0.00161056 
0.00328114 
0.00466631 
0.00588345 
0.00701441 
0.00811141 
0.00920007 
0.0102896 
0.0113762 
0.0124435 
0.0134627 
0.0143909 
0.0151701 
0.0157254 
0.0159655 
0.0157868 
0.0150822 
0.0137573 
0.0117475 
0.00903477 
0.00565398 
0.00168698 
-0.00275422 
-0.00755621 
-0.0126341 
-0.0178873 
-0.0178873 
0.0462435 
0.0462435 
0.0373205 
0.0291656 
0.0214578 
0.0141683 
0.00743712 
0.00140896 
-0.00378621 
-0.00806744 
-0.0113879 
-0.0137806 
-0.015359 
-0.0162746 
-0.0166856 
-0.0167278 
-0.0165061 
-0.0160972 
-0.0155582 
-0.0149331 
-0.0142566 
-0.0135563 
-0.0128533 
-0.0121624 
-0.0114924 
-0.0108461 
-0.0102219 
-0.00961539 
-0.00902134 
-0.00843577 
-0.00785811 
-0.00729556 
-0.00672359 
-0.00609358 
-0.00537674 
-0.0045323 
-0.00356843 
-0.00272597 
-0.00164845 
-0.000234444 
0.0012493 
0.00265586 
0.00395078 
0.00515494 
0.00630181 
0.00742449 
0.0085435 
0.00966493 
0.01078 
0.0118658 
0.012885 
0.0137863 
0.0145047 
0.014962 
0.015071 
0.0147411 
0.0138889 
0.0124502 
0.0103915 
0.00771624 
0.00446226 
0.000692909 
-0.00350388 
-0.00808201 
-0.0129766 
-0.0129766 
0.0512135 
0.0512135 
0.0420828 
0.0335404 
0.0252803 
0.017298 
0.00978345 
0.00294245 
-0.00302825 
-0.00799853 
-0.0118792 
-0.0146741 
-0.0165012 
-0.0175383 
-0.0179822 
-0.0180054 
-0.0177398 
-0.0172781 
-0.0166856 
-0.0160095 
-0.0152857 
-0.0145417 
-0.0137982 
-0.0130698 
-0.0123655 
-0.0116897 
-0.0110432 
-0.010424 
-0.00982879 
-0.0092536 
-0.00869244 
-0.0081466 
-0.00759841 
-0.00702482 
-0.0064006 
-0.00572896 
-0.00499223 
-0.00423175 
-0.00328812 
-0.00225329 
-0.00118345 
-1.98984e-05 
0.00124962 
0.00256574 
0.00387988 
0.00517499 
0.00645517 
0.00772559 
0.00898447 
0.0102179 
0.0113978 
0.0124822 
0.0134161 
0.0141331 
0.0145589 
0.0146155 
0.0142284 
0.0133347 
0.0118903 
0.00987547 
0.00729534 
0.00417053 
0.000542303 
-0.00355155 
-0.00808366 
-0.00808366 
0.0563661 
0.0563661 
0.047047 
0.0381317 
0.0293204 
0.0206232 
0.012277 
0.0045524 
-0.00227557 
-0.00801412 
-0.0125227 
-0.015765 
-0.0178594 
-0.0190113 
-0.0194632 
-0.0194329 
-0.0190868 
-0.018538 
-0.0178619 
-0.0171096 
-0.016318 
-0.0155144 
-0.0147189 
-0.0139459 
-0.0132047 
-0.0125 
-0.0118329 
-0.0112021 
-0.0106038 
-0.0100354 
-0.00949006 
-0.00896804 
-0.0084546 
-0.00793614 
-0.00738581 
-0.0068087 
-0.00615485 
-0.00549901 
-0.00472691 
-0.0038322 
-0.00285297 
-0.00181436 
-0.000722668 
0.000427329 
0.00163403 
0.00290655 
0.00424221 
0.00563002 
0.00705107 
0.00848 
0.00988279 
0.0112162 
0.0124279 
0.0134577 
0.0142394 
0.014704 
0.0147838 
0.0144174 
0.0135547 
0.0121601 
0.0102142 
0.00770818 
0.00464392 
0.00101546 
-0.00315783 
-0.00315783 
0.0616612 
0.0616612 
0.052177 
0.0429129 
0.0335649 
0.0241445 
0.0149292 
0.0062564 
-0.00150926 
-0.00809614 
-0.0133021 
-0.0170404 
-0.0194235 
-0.0206851 
-0.0211194 
-0.0209995 
-0.0205345 
-0.0198631 
-0.0190728 
-0.0182193 
-0.0173403 
-0.0164624 
-0.0156045 
-0.0147799 
-0.0139973 
-0.0132615 
-0.012574 
-0.0119344 
-0.0113394 
-0.010787 
-0.0102694 
-0.0097855 
-0.00932159 
-0.00887146 
-0.00841081 
-0.00794682 
-0.00743905 
-0.00691325 
-0.00629978 
-0.00561767 
-0.0048641 
-0.00402536 
-0.00309039 
-0.00205957 
-0.000927966 
0.000316314 
0.00168714 
0.00317881 
0.00477348 
0.00643932 
0.00813246 
0.00979935 
0.0113795 
0.0128083 
0.0140189 
0.0149444 
0.0155207 
0.015688 
0.0153936 
0.0145925 
0.0132496 
0.0113342 
0.00882412 
0.0056814 
0.00186013 
0.00186013 
0.0670355 
0.0670355 
0.0574135 
0.0478345 
0.0379793 
0.0278454 
0.0177405 
0.00806691 
-0.000711867 
-0.00822354 
-0.014193 
-0.0184763 
-0.0211712 
-0.0225394 
-0.0229318 
-0.0226864 
-0.0220639 
-0.0212347 
-0.0203005 
-0.0193219 
-0.0183369 
-0.0173707 
-0.0164406 
-0.0155581 
-0.0147309 
-0.013963 
-0.0132553 
-0.0126074 
-0.0120158 
-0.0114786 
-0.0109879 
-0.0105426 
-0.0101293 
-0.00974461 
-0.00936412 
-0.00899614 
-0.00859707 
-0.00819143 
-0.0077235 
-0.00719103 
-0.00658302 
-0.00589266 
-0.00510652 
-0.00420742 
-0.00317742 
-0.00199543 
-0.000646171 
0.000874463 
0.00255785 
0.00438404 
0.00631375 
0.00829139 
0.010249 
0.0121112 
0.0137999 
0.0152385 
0.0163554 
0.0170857 
0.0173712 
0.0171602 
0.0164065 
0.015065 
0.0130944 
0.0104292 
0.00698655 
0.00698655 
0.0723992 
0.0723992 
0.0626692 
0.0528182 
0.042502 
0.0316865 
0.0206951 
0.0099865 
0.000131261 
-0.00837067 
-0.0151593 
-0.0200326 
-0.0230632 
-0.0245378 
-0.024867 
-0.0244625 
-0.0236462 
-0.022626 
-0.0215204 
-0.0203951 
-0.0192881 
-0.0182222 
-0.017212 
-0.0162671 
-0.0153929 
-0.0145924 
-0.0138658 
-0.0132124 
-0.0126284 
-0.0121119 
-0.011655 
-0.0112564 
-0.0109039 
-0.0105954 
-0.0103099 
-0.010053 
-0.00978946 
-0.00952746 
-0.00922435 
-0.00887523 
-0.00845805 
-0.00795276 
-0.00733414 
-0.00657604 
-0.00564929 
-0.00452448 
-0.00317702 
-0.0015964 
0.000212993 
0.00223261 
0.00442159 
0.00672306 
0.00906711 
0.0113745 
0.0135599 
0.0155372 
0.0172237 
0.0185437 
0.0194289 
0.0198176 
0.0196533 
0.0188787 
0.0174369 
0.0152389 
0.0121633 
0.0121633 
0.0776357 
0.0776357 
0.0678279 
0.0577536 
0.0470374 
0.0355967 
0.0237519 
0.0120026 
0.00103254 
-0.00850486 
-0.0161517 
-0.0216503 
-0.0250392 
-0.0266238 
-0.0268745 
-0.0262834 
-0.0252418 
-0.0240017 
-0.0227014 
-0.021412 
-0.0201702 
-0.0189961 
-0.0179007 
-0.0168905 
-0.0159685 
-0.015136 
-0.0143918 
-0.0137347 
-0.0131599 
-0.0126656 
-0.0122439 
-0.0118936 
-0.0116034 
-0.0113721 
-0.0111803 
-0.0110329 
-0.0108971 
-0.0107761 
-0.010632 
-0.0104527 
-0.0102114 
-0.0098834 
-0.00943547 
-0.00882894 
-0.00802039 
-0.00696556 
-0.00562687 
-0.00398176 
-0.0020293 
0.000206101 
0.00267132 
0.00530275 
0.00802683 
0.0107624 
0.0134221 
0.0159162 
0.0181557 
0.0200556 
0.021536 
0.0225219 
0.0229429 
0.0227274 
0.0218022 
0.0200561 
0.0173329 
0.0173329 
0.0826029 
0.0826029 
0.0727448 
0.0624975 
0.0514526 
0.0394659 
0.0268387 
0.0140861 
0.00199945 
-0.0085892 
-0.0171058 
-0.0232488 
-0.0270148 
-0.0287176 
-0.0288838 
-0.0280882 
-0.0267989 
-0.0253177 
-0.0238059 
-0.0223404 
-0.0209562 
-0.0196694 
-0.0184868 
-0.0174113 
-0.0164428 
-0.0155806 
-0.0148217 
-0.0141641 
-0.0136025 
-0.0131345 
-0.0127528 
-0.0124563 
-0.0122356 
-0.0120895 
-0.0120017 
-0.0119744 
-0.0119804 
-0.0120161 
-0.0120482 
-0.0120604 
-0.0120214 
-0.0118986 
-0.0116482 
-0.011218 
-0.0105479 
-0.00957553 
-0.008246 
-0.00652386 
-0.00440209 
-0.00190762 
0.000897297 
0.00392897 
0.00709492 
0.0103015 
0.0134522 
0.0164538 
0.0192184 
0.0216619 
0.0237016 
0.0252542 
0.0262356 
0.0265574 
0.0261275 
0.0248113 
0.0224194 
0.0224194 
0.0871389 
0.0871389 
0.077253 
0.0668783 
0.0555791 
0.0431427 
0.0298437 
0.0161845 
0.00303561 
-0.00857879 
-0.0179418 
-0.024727 
-0.0288828 
-0.0307173 
-0.0308045 
-0.0298007 
-0.0282541 
-0.0265213 
-0.02479 
-0.0231437 
-0.0216154 
-0.0202165 
-0.0189489 
-0.0178111 
-0.0167996 
-0.0159112 
-0.0151413 
-0.0144865 
-0.0139409 
-0.0135017 
-0.0131621 
-0.0129219 
-0.012773 
-0.0127148 
-0.0127328 
-0.0128274 
-0.0129762 
-0.0131726 
-0.0133855 
-0.0135962 
-0.0137703 
-0.0138688 
-0.0138372 
-0.0136071 
-0.0130969 
-0.012221 
-0.0109028 
-0.00909072 
-0.00677056 
-0.0039722 
-0.000769608 
0.00271881 
0.00637283 
0.0100836 
0.0137388 
0.0172363 
0.0204894 
0.0234212 
0.0259566 
0.0280141 
0.0295023 
0.030317 
0.0303452 
0.0294266 
0.0273399 
0.0273399 
0.0910722 
0.0910722 
0.0811739 
0.070708 
0.0592242 
0.0464403 
0.0326087 
0.0182023 
0.00412408 
-0.00843111 
-0.0185728 
-0.0259694 
-0.0305176 
-0.0325014 
-0.032529 
-0.0313304 
-0.0295335 
-0.0275528 
-0.0256051 
-0.0237824 
-0.0221157 
-0.020611 
-0.0192649 
-0.0180713 
-0.0170231 
-0.0161144 
-0.0153385 
-0.014691 
-0.0141654 
-0.0137586 
-0.0134647 
-0.0132846 
-0.0132121 
-0.0132462 
-0.0133752 
-0.0135978 
-0.0138967 
-0.0142639 
-0.0146726 
-0.0151008 
-0.0155125 
-0.0158613 
-0.0160795 
-0.0160792 
-0.0157529 
-0.014987 
-0.0136807 
-0.0117663 
-0.00922338 
-0.00608514 
-0.00243783 
0.00157268 
0.00579111 
0.0100734 
0.0142772 
0.0182822 
0.0219994 
0.0253635 
0.0283175 
0.0307958 
0.0327113 
0.0339507 
0.034381 
0.0338154 
0.0320008 
0.0320008 
0.0942319 
0.0942319 
0.0843319 
0.0737995 
0.0621914 
0.0491576 
0.0349436 
0.0200024 
0.00524613 
-0.00807413 
-0.0188948 
-0.0268503 
-0.0317838 
-0.0339382 
-0.0339389 
-0.0325775 
-0.0305562 
-0.0283475 
-0.0262 
-0.0242156 
-0.0224241 
-0.0208263 
-0.0194134 
-0.0181742 
-0.0170981 
-0.0161764 
-0.0154007 
-0.0147654 
-0.0142635 
-0.0138917 
-0.0136455 
-0.0135275 
-0.0135326 
-0.0136598 
-0.0138999 
-0.014252 
-0.0147026 
-0.0152451 
-0.015858 
-0.0165179 
-0.0171859 
-0.0178082 
-0.0183014 
-0.0185532 
-0.0184252 
-0.017773 
-0.0164716 
-0.0144398 
-0.0116537 
-0.00814863 
-0.00402288 
0.000559873 
0.00539603 
0.0102905 
0.0150691 
0.0195837 
0.0237365 
0.0274735 
0.0307627 
0.0335654 
0.0358117 
0.0373889 
0.0381493 
0.0378796 
0.0362974 
0.0362974 
0.0964653 
0.0964653 
0.0865729 
0.075988 
0.0643085 
0.0511171 
0.0366638 
0.0213969 
0.00628014 
-0.00751418 
-0.018857 
-0.0272872 
-0.0325788 
-0.0349188 
-0.0349303 
-0.0334497 
-0.0312435 
-0.0288404 
-0.0265218 
-0.0244013 
-0.0225074 
-0.0208361 
-0.0193731 
-0.0181027 
-0.0170107 
-0.0160856 
-0.0153176 
-0.0147 
-0.014226 
-0.0138919 
-0.0136957 
-0.0136413 
-0.0137244 
-0.0139442 
-0.0142951 
-0.0147774 
-0.0153827 
-0.0161057 
-0.0169301 
-0.0178349 
-0.0187777 
-0.0196926 
-0.0204786 
-0.0209926 
-0.0210626 
-0.0205143 
-0.0192046 
-0.0170458 
-0.0140145 
-0.0101465 
-0.00554551 
-0.000376197 
0.00511367 
0.0106653 
0.01605 
0.0210747 
0.0256304 
0.0296777 
0.0332165 
0.0362441 
0.0387186 
0.0405376 
0.0415457 
0.0415062 
0.040111 
0.040111 
0.0976255 
0.0976255 
0.0877777 
0.0771485 
0.0654409 
0.05218 
0.037621 
0.0222574 
0.00714463 
-0.00675818 
-0.0184424 
-0.0272396 
-0.032827 
-0.0353397 
-0.0353914 
-0.0338457 
-0.0315144 
-0.0289705 
-0.0265254 
-0.0243053 
-0.0223399 
-0.0206208 
-0.0191287 
-0.0178441 
-0.0167494 
-0.0158318 
-0.0150799 
-0.0144859 
-0.0140434 
-0.0137491 
-0.0136037 
-0.0136121 
-0.0137703 
-0.0140788 
-0.0145364 
-0.0151457 
-0.0159033 
-0.0168072 
-0.0178457 
-0.0189991 
-0.0202222 
-0.0214364 
-0.022513 
-0.0232754 
-0.02352 
-0.0230487 
-0.0217111 
-0.0194237 
-0.0161678 
-0.0119753 
-0.00693995 
-0.00120882 
0.00493375 
0.011152 
0.01714 
0.0226482 
0.0275557 
0.0318422 
0.0355446 
0.0387019 
0.0413064 
0.0432728 
0.0444447 
0.0445659 
0.0433089 
0.0433089 
0.0975992 
0.0975992 
0.0878587 
0.0771924 
0.0654813 
0.0522481 
0.0377583 
0.0225923 
0.007755 
-0.00597196 
-0.017704 
-0.0266791 
-0.0324672 
-0.0351325 
-0.0352521 
-0.033693 
-0.0312979 
-0.0286753 
-0.0261606 
-0.0238899 
-0.0218932 
-0.0201591 
-0.0186645 
-0.0173868 
-0.0163067 
-0.0154089 
-0.0146813 
-0.0141171 
-0.0137095 
-0.0134565 
-0.0133616 
-0.01343 
-0.0136582 
-0.0140493 
-0.0146064 
-0.0153354 
-0.0162387 
-0.0173185 
-0.0185677 
-0.0199652 
-0.0214603 
-0.0229563 
-0.0242968 
-0.0252652 
-0.0256334 
-0.025196 
-0.0238105 
-0.0214099 
-0.017983 
-0.0135524 
-0.00818784 
-0.0019935 
0.00475229 
0.0116507 
0.0182298 
0.0241693 
0.0293509 
0.0337888 
0.0375663 
0.0407661 
0.0434147 
0.0454441 
0.046702 
0.0469162 
0.0457491 
0.0457491 
0.0963178 
0.0963178 
0.0867588 
0.0760976 
0.064436 
0.0513627 
0.0371509 
0.0224167 
0.00803385 
-0.00533975 
-0.0168973 
-0.0258286 
-0.0316388 
-0.0343436 
-0.0344919 
-0.032942 
-0.0305425 
-0.0279129 
-0.0253967 
-0.0231334 
-0.0211524 
-0.0194403 
-0.0179724 
-0.0167244 
-0.015676 
-0.0148116 
-0.0141187 
-0.0135895 
-0.0132196 
-0.013008 
-0.0129616 
-0.0130845 
-0.0133746 
-0.0138385 
-0.0144833 
-0.015319 
-0.0163538 
-0.017595 
-0.0190397 
-0.0206646 
-0.0224058 
-0.0241412 
-0.0256817 
-0.0267895 
-0.0272222 
-0.0267699 
-0.0253233 
-0.0228398 
-0.0193124 
-0.0147522 
-0.00919009 
-0.00268021 
0.00458166 
0.0120764 
0.0191665 
0.025439 
0.0307848 
0.0352765 
0.0390499 
0.0422249 
0.0448532 
0.0468802 
0.0481592 
0.0484062 
0.0472876 
0.0472876 
0.0937185 
0.0937185 
0.0844325 
0.0738573 
0.0623283 
0.0495645 
0.0358316 
0.0217148 
0.00794044 
-0.00490844 
-0.016068 
-0.0247246 
-0.0303609 
-0.0329755 
-0.0331009 
-0.0315759 
-0.02923 
-0.0266672 
-0.0242216 
-0.0220272 
-0.0201118 
-0.0184612 
-0.0170505 
-0.0158559 
-0.0148573 
-0.0140394 
-0.0133902 
-0.0129025 
-0.0125718 
-0.0124011 
-0.0123991 
-0.0125687 
-0.0129101 
-0.0134332 
-0.0141491 
-0.0150721 
-0.0162159 
-0.017593 
-0.0192032 
-0.0210182 
-0.0229576 
-0.0248687 
-0.0265282 
-0.0276765 
-0.028079 
-0.0275725 
-0.0260744 
-0.0235587 
-0.0200187 
-0.0154551 
-0.00986911 
-0.00330768 
0.00423397 
0.0123366 
0.0198412 
0.0262728 
0.0316262 
0.0360685 
0.0397735 
0.0428785 
0.0454446 
0.0474219 
0.0486701 
0.0488978 
0.0477927 
0.0477927 
0.0897492 
0.0897492 
0.0808451 
0.0704806 
0.0592056 
0.0469057 
0.0338268 
0.0204772 
0.00745218 
-0.00470943 
-0.0152626 
-0.0234143 
-0.0286712 
-0.0310548 
-0.0310976 
-0.0296089 
-0.0273724 
-0.0249492 
-0.0226449 
-0.0205802 
-0.0187791 
-0.0172281 
-0.0159044 
-0.014786 
-0.0138544 
-0.0130956 
-0.0124988 
-0.0120575 
-0.0117672 
-0.0116353 
-0.0116716 
-0.0118778 
-0.012257 
-0.0128218 
-0.013587 
-0.0145706 
-0.0157917 
-0.0172666 
-0.0189957 
-0.0209428 
-0.0230069 
-0.0250056 
-0.0266906 
-0.0277998 
-0.028123 
-0.0275349 
-0.0259865 
-0.0234638 
-0.0199524 
-0.0154326 
-0.00987575 
-0.00326887 
0.00431184 
0.0122475 
0.0196987 
0.0261433 
0.0314705 
0.0358565 
0.0394934 
0.0425221 
0.0450061 
0.0469014 
0.0480754 
0.0482488 
0.0471711 
0.0471711 
0.0843619 
0.0843619 
0.0759654 
0.0659792 
0.0551202 
0.043441 
0.0311677 
0.0187171 
0.00657817 
-0.00472878 
-0.0144639 
-0.0218849 
-0.0265698 
-0.0285991 
-0.0285151 
-0.0270827 
-0.0250122 
-0.0227966 
-0.0206976 
-0.0188167 
-0.0171735 
-0.0157566 
-0.0145468 
-0.0135253 
-0.0126763 
-0.0119878 
-0.0114506 
-0.0110594 
-0.0108101 
-0.0107135 
-0.0107804 
-0.0110112 
-0.0114119 
-0.0119974 
-0.0127852 
-0.0137965 
-0.015054 
-0.0165765 
-0.0183629 
-0.0203665 
-0.0224658 
-0.0244543 
-0.0260719 
-0.0270707 
-0.0272772 
-0.0266074 
-0.0250351 
-0.0225473 
-0.019119 
-0.0147159 
-0.00931101 
-0.00292913 
0.00424206 
0.0116971 
0.0187846 
0.0250316 
0.0302562 
0.0345636 
0.0381231 
0.0410641 
0.0434456 
0.0452295 
0.0462926 
0.0463888 
0.0453535 
0.0453535 
0.0775114 
0.0775114 
0.0697617 
0.0603568 
0.0501139 
0.0392228 
0.0278985 
0.0164772 
0.00537134 
-0.00489458 
-0.0135945 
-0.0200763 
-0.0240327 
-0.0256261 
-0.0254045 
-0.0240649 
-0.0222178 
-0.0202694 
-0.0184286 
-0.016775 
-0.0153248 
-0.0140701 
-0.0129964 
-0.0120892 
-0.0113359 
-0.010727 
-0.0102552 
-0.00991662 
-0.00970771 
-0.00964193 
-0.00972999 
-0.00997184 
-0.0103758 
-0.0109582 
-0.0117379 
-0.0127381 
-0.0139837 
-0.0154941 
-0.0172647 
-0.0192386 
-0.0212777 
-0.0231628 
-0.0246373 
-0.0254805 
-0.0255581 
-0.0248192 
-0.0232529 
-0.0208465 
-0.0175712 
-0.0133968 
-0.0083218 
-0.00242143 
0.00408443 
0.0108001 
0.0172668 
0.0230855 
0.0280585 
0.0322071 
0.0356414 
0.0384594 
0.0407059 
0.0423466 
0.0432706 
0.0432842 
0.0423167 
0.0423167 
0.0691647 
0.0691647 
0.0622087 
0.0536124 
0.0442183 
0.0343054 
0.0240873 
0.0138444 
0.0039462 
-0.00506877 
-0.0125225 
-0.0178979 
-0.0210331 
-0.0221721 
-0.0218449 
-0.0206514 
-0.0190814 
-0.0174456 
-0.0158994 
-0.0145028 
-0.01327 
-0.0121978 
-0.0112768 
-0.0104971 
-0.00984969 
-0.00932752 
-0.00892537 
-0.00864067 
-0.00847071 
-0.00843016 
-0.00852921 
-0.00876775 
-0.00915554 
-0.00970902 
-0.0104475 
-0.0113944 
-0.0125749 
-0.0140073 
-0.0156833 
-0.0175384 
-0.0194268 
-0.0211294 
-0.0224077 
-0.0230746 
-0.0230326 
-0.0222572 
-0.0207496 
-0.018502 
-0.0154916 
-0.0117023 
-0.00715417 
-0.00193909 
0.00374682 
0.00960442 
0.0152912 
0.0204984 
0.0250467 
0.0289028 
0.0321142 
0.0347372 
0.0367952 
0.0382542 
0.0390205 
0.0389617 
0.0380915 
0.0380915 
0.0593136 
0.0593136 
0.0533002 
0.0457507 
0.0374606 
0.0287464 
0.019824 
0.0109453 
0.00246685 
-0.00506846 
-0.0110945 
-0.0152697 
-0.0175781 
-0.018315 
-0.0179519 
-0.0169634 
-0.0157102 
-0.0144117 
-0.0131773 
-0.0120519 
-0.0110498 
-0.0101721 
-0.0094146 
-0.00877154 
-0.00823705 
-0.00780656 
-0.00747669 
-0.00724597 
-0.0071127 
-0.00709125 
-0.00719083 
-0.0074115 
-0.00776338 
-0.00826194 
-0.00892539 
-0.00977588 
-0.0108367 
-0.0121241 
-0.013627 
-0.015279 
-0.0169376 
-0.0183981 
-0.0194504 
-0.0199427 
-0.0198086 
-0.0190433 
-0.0176589 
-0.0156557 
-0.0130214 
-0.00975144 
-0.00587489 
-0.00147867 
0.00327933 
0.00818034 
0.012974 
0.0174269 
0.0213879 
0.0247975 
0.027658 
0.0299875 
0.0317879 
0.033025 
0.0336266 
0.0335193 
0.0327761 
0.0327761 
0.0480142 
0.0480142 
0.0430904 
0.0368269 
0.0299114 
0.0226518 
0.0152625 
0.00798591 
0.00117658 
-0.00467446 
-0.00917877 
-0.0121724 
-0.0137459 
-0.0141896 
-0.013874 
-0.0131349 
-0.0122128 
-0.0112519 
-0.010327 
-0.00947302 
-0.00870458 
-0.00802627 
-0.00743774 
-0.00693642 
-0.00651914 
-0.00618326 
-0.00592694 
-0.00574953 
-0.0056502 
-0.00564172 
-0.0057318 
-0.00592081 
-0.00621807 
-0.00663699 
-0.0071933 
-0.00790607 
-0.00879528 
-0.00987424 
-0.0111315 
-0.0125059 
-0.0138702 
-0.0150473 
-0.0158629 
-0.0161994 
-0.0160146 
-0.0153171 
-0.0141273 
-0.0124547 
-0.0102975 
-0.00765813 
-0.00456366 
-0.00108083 
0.00267828 
0.00655853 
0.0103777 
0.0139647 
0.0171992 
0.0200166 
0.0223944 
0.0243258 
0.0257981 
0.0267799 
0.0272225 
0.0270981 
0.0265074 
0.0265074 
0.0353685 
0.0353685 
0.0316785 
0.0269363 
