0 
-0.00099858 
-7.00162e-05 
0.000931792 
0.00128898 
0.00145456 
0.00151843 
0.00152949 
0.00151393 
0.00148607 
0.00145657 
0.00143109 
0.0014128 
0.0014028 
0.00140092 
0.00140616 
0.00141702 
0.00143169 
0.0014482 
0.00146447 
0.00147841 
0.00148792 
0.00149095 
0.00148554 
0.00146992 
0.0014425 
0.00140198 
0.00134737 
0.00127808 
0.00119387 
0.00109496 
0.000981931 
0.000855756 
0.000717748 
0.000569504 
0.000412826 
0.000249672 
8.20105e-05 
-8.73197e-05 
-0.000255803 
-0.000421876 
-0.000584207 
-0.000741553 
-0.000892852 
-0.00103723 
-0.00117394 
-0.00130237 
-0.00142183 
-0.00153144 
-0.00162997 
-0.00171567 
-0.00178624 
-0.00183874 
-0.00186974 
-0.00187543 
-0.00185165 
-0.00179414 
-0.00169988 
-0.00157146 
-0.00142237 
-0.00127286 
-0.00113692 
-0.00101915 
-0.000925156 
-0.000865889 
0 
0.00099858 
0.00099858 
7.00162e-05 
-0.000931792 
-0.00128898 
-0.00145456 
-0.00151843 
-0.00152949 
-0.00151393 
-0.00148607 
-0.00145657 
-0.00143109 
-0.0014128 
-0.0014028 
-0.00140092 
-0.00140616 
-0.00141702 
-0.00143169 
-0.0014482 
-0.00146447 
-0.00147841 
-0.00148792 
-0.00149095 
-0.00148554 
-0.00146992 
-0.0014425 
-0.00140198 
-0.00134737 
-0.00127808 
-0.00119387 
-0.00109496 
-0.000981931 
-0.000855756 
-0.000717748 
-0.000569504 
-0.000412826 
-0.000249672 
-8.20105e-05 
8.73197e-05 
0.000255803 
0.000421876 
0.000584207 
0.000741553 
0.000892852 
0.00103723 
0.00117394 
0.00130237 
0.00142183 
0.00153144 
0.00162997 
0.00171567 
0.00178624 
0.00183874 
0.00186974 
0.00187543 
0.00185165 
0.00179414 
0.00169988 
0.00157146 
0.00142237 
0.00127286 
0.00113692 
0.00101915 
0.000925156 
0.000865889 
0.000865889 
0.0019826 
0.0019826 
-0.000673143 
-0.00226489 
-0.00323265 
-0.00371357 
-0.00393985 
-0.00399814 
-0.00397288 
-0.00390785 
-0.00383564 
-0.00377418 
-0.00373353 
-0.00371756 
-0.00372632 
-0.00375732 
-0.00380654 
-0.00386897 
-0.00393904 
-0.00401082 
-0.00407818 
-0.00413491 
-0.00417483 
-0.004192 
-0.00418082 
-0.00413626 
-0.00405402 
-0.00393073 
-0.00376404 
-0.00355274 
-0.00329682 
-0.00299743 
-0.00265684 
-0.00227834 
-0.0018661 
-0.00142496 
-0.000960236 
-0.000477281 
1.78938e-05 
0.000518832 
0.00102015 
0.00151704 
0.00200517 
0.00248081 
0.00294079 
0.00338232 
0.00380276 
0.00419925 
0.00456822 
0.00490498 
0.00520323 
0.00545484 
0.00564985 
0.00577676 
0.00582305 
0.00577577 
0.00562279 
0.0053574 
0.00499056 
0.00456312 
0.00413373 
0.00374597 
0.00341948 
0.00316925 
0.00301569 
0.00301569 
0.000685103 
0.000685103 
-0.00195242 
-0.0037823 
-0.00507712 
-0.00576945 
-0.00610321 
-0.00619084 
-0.00615207 
-0.00605593 
-0.00595263 
-0.00587044 
-0.00582482 
-0.00582151 
-0.00586013 
-0.0059363 
-0.00604319 
-0.00617243 
-0.0063147 
-0.00646007 
-0.00659827 
-0.00671882 
-0.00681134 
-0.00686571 
-0.00687247 
-0.00682302 
-0.00671003 
-0.00652767 
-0.00627185 
-0.00594041 
-0.00553316 
-0.00505187 
-0.00450019 
-0.00388349 
-0.00320868 
-0.00248388 
-0.00171816 
-0.000920963 
-0.00010196 
0.000729838 
0.00156525 
0.00239588 
0.00321424 
0.00401383 
0.00478914 
0.00553534 
0.00624791 
0.00692201 
0.00755164 
0.00812885 
0.00864286 
0.00907959 
0.00942151 
0.00964819 
0.00973729 
0.00966608 
0.00941426 
0.00897279 
0.0083636 
0.0076561 
0.00694421 
0.0062976 
0.00574981 
0.00532833 
0.0050682 
0.0050682 
-0.000553667 
-0.000553667 
-0.00321845 
-0.00533258 
-0.00678106 
-0.00757504 
-0.00793895 
-0.00801946 
-0.00795583 
-0.0078347 
-0.00771718 
-0.00763744 
-0.00761326 
-0.00765004 
-0.0077455 
-0.00789241 
-0.00808055 
-0.00829788 
-0.00853125 
-0.00876679 
-0.00899019 
-0.00918693 
-0.00934256 
-0.009443 
-0.00947499 
-0.00942654 
-0.00928735 
-0.00904925 
-0.00870653 
-0.00825618 
-0.00769796 
-0.00703443 
-0.0062708 
-0.00541471 
-0.00447596 
-0.00346621 
-0.0023985 
-0.00128689 
-0.000146039 
0.00101026 
0.00216965 
0.00332059 
0.00445274 
0.00555726 
0.00662677 
0.00765499 
0.00863629 
0.00956469 
0.0104328 
0.0112303 
0.0119428 
0.0125507 
0.0130287 
0.0133468 
0.0134716 
0.0133688 
0.0130092 
0.0123821 
0.0115235 
0.0105325 
0.00953376 
0.00861675 
0.00782731 
0.00721044 
0.00682344 
0.00682344 
-0.00218112 
-0.00218112 
-0.00485803 
-0.00699672 
-0.008439 
-0.00920709 
-0.00953187 
-0.00957372 
-0.00948099 
-0.00934775 
-0.00923895 
-0.00918949 
-0.00921578 
-0.00932036 
-0.00949757 
-0.00973654 
-0.0100235 
-0.0103431 
-0.0106789 
-0.0110136 
-0.0113295 
-0.0116087 
-0.0118328 
-0.0119843 
-0.012046 
-0.0120028 
-0.0118411 
-0.0115506 
-0.0111239 
-0.010557 
-0.00984985 
-0.00900566 
-0.00803129 
-0.00693669 
-0.00573464 
-0.00444034 
-0.0030709 
-0.00164491 
-0.000181549 
0.00130242 
0.00279002 
0.0042651 
0.00571313 
0.00712172 
0.00848079 
0.00978223 
0.0110193 
0.0121857 
0.0132733 
0.0142712 
0.0151625 
0.0159235 
0.0165219 
0.0169178 
0.0170658 
0.0169189 
0.0164375 
0.015611 
0.0144927 
0.0132124 
0.0119183 
0.010712 
0.00964645 
0.00878797 
0.0082298 
0.0082298 
-0.00354882 
-0.00354882 
-0.00637093 
-0.00852855 
-0.00989021 
-0.0105812 
-0.0108375 
-0.0108357 
-0.0107248 
-0.0106007 
-0.0105267 
-0.0105343 
-0.0106356 
-0.0108286 
-0.0111036 
-0.0114464 
-0.0118403 
-0.0122675 
-0.0127091 
-0.0131455 
-0.0135563 
-0.0139201 
-0.0142155 
-0.0144209 
-0.0145157 
-0.0144809 
-0.0143001 
-0.0139602 
-0.0134521 
-0.0127711 
-0.0119168 
-0.0108934 
-0.00970948 
-0.00837722 
-0.00691241 
-0.00533381 
-0.00366255 
-0.00192166 
-0.000134987 
0.00167508 
0.00348663 
0.00527903 
0.00703389 
0.00873559 
0.0103714 
0.0119314 
0.0134077 
0.0147932 
0.0160799 
0.0172563 
0.0183042 
0.0191964 
0.0198944 
0.0203484 
0.0205 
0.0202883 
0.0196631 
0.0186165 
0.0172246 
0.015647 
0.0140457 
0.0125207 
0.0111224 
0.00993463 
0.00910576 
0.00910576 
-0.00500583 
-0.00500583 
-0.00789246 
-0.00996091 
-0.0111806 
-0.0117563 
-0.0119323 
-0.0118911 
-0.011777 
-0.0116819 
-0.0116631 
-0.0117456 
-0.0119355 
-0.0122258 
-0.0126032 
-0.013051 
-0.0135509 
-0.0140837 
-0.014629 
-0.0151655 
-0.0156704 
-0.0161194 
-0.0164876 
-0.0167497 
-0.016881 
-0.0168588 
-0.0166634 
-0.0162788 
-0.0156941 
-0.0149036 
-0.0139071 
-0.0127095 
-0.0113209 
-0.00975602 
-0.00803345 
-0.00617558 
-0.00420759 
-0.00215705 
-5.18443e-05 
0.00208205 
0.00421684 
0.0063263 
0.00838703 
0.0103792 
0.0122867 
0.0140974 
0.0158022 
0.0173934 
0.0188631 
0.0201999 
0.0213848 
0.0223877 
0.023164 
0.0236543 
0.0237863 
0.0234842 
0.022689 
0.021401 
0.0197256 
0.0178486 
0.0159305 
0.0140505 
0.0122298 
0.0105578 
0.00930112 
0.00930112 
-0.00622654 
-0.00622654 
-0.00920476 
-0.0111716 
-0.0122407 
-0.0127082 
-0.0128177 
-0.0127562 
-0.0126585 
-0.0126105 
-0.0126609 
-0.0128273 
-0.0131097 
-0.013497 
-0.0139737 
-0.0145216 
-0.015122 
-0.015755 
-0.0163997 
-0.017033 
-0.01763 
-0.0181639 
-0.0186059 
-0.018927 
-0.0190982 
-0.0190928 
-0.0188874 
-0.0184632 
-0.0178073 
-0.0169129 
-0.0157798 
-0.0144137 
-0.0128263 
-0.0110343 
-0.00905944 
-0.00692736 
-0.00466715 
-0.00231074 
0.000109531 
0.00256147 
0.00501128 
0.0074277 
0.00978312 
0.0120541 
0.0142218 
0.0162717 
0.018193 
0.0199773 
0.0216164 
0.0230986 
0.024404 
0.0254997 
0.0263347 
0.0268389 
0.0269255 
0.026504 
0.02551 
0.0239623 
0.0220019 
0.0198323 
0.0175897 
0.0152847 
0.0128913 
0.0105407 
0.00867196 
0.00867196 
-0.00735539 
-0.00735539 
-0.0103652 
-0.0121943 
-0.0131128 
-0.013486 
-0.0135473 
-0.013484 
-0.0134177 
-0.0134275 
-0.013552 
-0.0138022 
-0.0141729 
-0.0146503 
-0.0152176 
-0.0158567 
-0.0165489 
-0.0172744 
-0.0180115 
-0.0187362 
-0.0194217 
-0.0200384 
-0.020554 
-0.0209354 
-0.0211495 
-0.021165 
-0.0209548 
-0.0204971 
-0.0197767 
-0.018786 
-0.0175245 
-0.0159987 
-0.0142217 
-0.0122123 
-0.00999479 
-0.00759822 
-0.00505563 
-0.0024033 
0.000322567 
0.00308482 
0.00584273 
0.00855892 
0.0112009 
0.0137415 
0.0161592 
0.0184376 
0.0205647 
0.0225312 
0.0243285 
0.0259443 
0.0273574 
0.0285311 
0.029407 
0.0299032 
0.0299171 
0.0293453 
0.0281259 
0.0263084 
0.0240764 
0.0216283 
0.019016 
0.0161489 
0.0130048 
0.00980731 
0.00722783 
0.00722783 
-0.00826275 
-0.00826275 
-0.0112907 
-0.0129875 
-0.0137827 
-0.0140916 
-0.014131 
-0.0140861 
-0.0140643 
-0.014138 
-0.0143362 
-0.0146652 
-0.0151159 
-0.0156735 
-0.0163211 
-0.0170409 
-0.0178148 
-0.0186232 
-0.0194444 
-0.0202534 
-0.0210219 
-0.0217176 
-0.0223051 
-0.0227469 
-0.0230056 
-0.0230457 
-0.0228358 
-0.0223509 
-0.0215738 
-0.0204954 
-0.0191151 
-0.01744 
-0.0154844 
-0.0132686 
-0.0108194 
-0.00816902 
-0.0053542 
-0.00241523 
0.000607226 
0.00366835 
0.0067205 
0.00972124 
0.0126343 
0.0154296 
0.0180834 
0.0205776 
0.0228991 
0.0250378 
0.0269841 
0.0287247 
0.0302357 
0.0314754 
0.0323761 
0.0328423 
0.0327549 
0.0320012 
0.0305341 
0.028454 
0.0259724 
0.0232152 
0.0201115 
0.0165186 
0.0124715 
0.00836483 
0.00513098 
0.00513098 
-0.00900465 
-0.00900465 
-0.01201 
-0.0135807 
-0.0142821 
-0.0145546 
-0.0145951 
-0.0145844 
-0.014615 
-0.0147536 
-0.015021 
-0.0154207 
-0.0159411 
-0.0165677 
-0.0172838 
-0.0180724 
-0.0189162 
-0.0197963 
-0.020691 
-0.0215751 
-0.0224186 
-0.0231873 
-0.0238426 
-0.0243432 
-0.0246473 
-0.0247147 
-0.0245102 
-0.0240052 
-0.0231799 
-0.0220241 
-0.0205367 
-0.0187252 
-0.0166046 
-0.0141969 
-0.0115304 
-0.00864076 
-0.00556867 
-0.00235798 
0.000946818 
0.00429304 
0.00762506 
0.010895 
0.0140632 
0.0170976 
0.0199731 
0.0226706 
0.0251761 
0.0274784 
0.0295667 
0.0314256 
0.0330271 
0.0343227 
0.0352326 
0.035646 
0.0354248 
0.0344595 
0.032739 
0.0304079 
0.0276643 
0.0245083 
0.0207537 
0.0162754 
0.0112591 
0.00633251 
0.00260428 
0.00260428 
-0.00954144 
-0.00954144 
-0.012502 
-0.0139703 
-0.0146153 
-0.0148801 
-0.0149445 
-0.0149813 
-0.0150703 
-0.015273 
-0.015604 
-0.0160658 
-0.0166456 
-0.01733 
-0.0181027 
-0.0189479 
-0.0198491 
-0.0207882 
-0.0217441 
-0.0226916 
-0.0236 
-0.0244332 
-0.0251501 
-0.0257059 
-0.0260544 
-0.0261512 
-0.0259567 
-0.0254386 
-0.0245746 
-0.0233527 
-0.0217711 
-0.0198376 
-0.0175675 
-0.0149836 
-0.0121159 
-0.00900279 
-0.00568946 
-0.0022226 
0.00134786 
0.0049589 
0.00854851 
0.0120656 
0.0154684 
0.0187239 
0.0218059 
0.0246947 
0.0273748 
0.029834 
0.0320593 
0.0340322 
0.0357187 
0.037061 
0.0379626 
0.038296 
0.0379128 
0.0367121 
0.0347246 
0.0321563 
0.0290977 
0.0253918 
0.0208138 
0.0153614 
0.00944367 
0.00388459 
-0.000184331 
-0.000184331 
-0.00989848 
-0.00989848 
-0.01279 
-0.0141817 
-0.0148031 
-0.0150828 
-0.0151889 
-0.0152825 
-0.0154332 
-0.015698 
-0.0160871 
-0.0166031 
-0.0172328 
-0.0179643 
-0.0187817 
-0.0196707 
-0.0206156 
-0.0215998 
-0.022603 
-0.0236003 
-0.024561 
-0.0254478 
-0.0262176 
-0.0268227 
-0.0272132 
-0.0273402 
-0.0271597 
-0.0266357 
-0.0257427 
-0.0244668 
-0.0228053 
-0.0207657 
-0.0183635 
-0.0156219 
-0.0125714 
-0.00925343 
-0.00571831 
-0.00201579 
0.00179744 
0.00564744 
0.00946834 
0.013208 
0.0168244 
0.0202836 
0.0235585 
0.026628 
0.0294755 
0.0320869 
0.0344462 
0.0365305 
0.0382966 
0.0396738 
0.04055 
0.0407792 
0.0401806 
0.0387159 
0.0364995 
0.0336743 
0.0301732 
0.0257399 
0.0202204 
0.0138215 
0.00717515 
0.00118398 
-0.0031159 
-0.0031159 
-0.0100703 
-0.0100703 
-0.0128769 
-0.0142222 
-0.0148512 
-0.0151662 
-0.0153293 
-0.0154872 
-0.0157029 
-0.0160276 
-0.0164702 
-0.0170334 
-0.0177048 
-0.0184738 
-0.019325 
-0.0202453 
-0.0212204 
-0.022235 
-0.0232701 
-0.0243019 
-0.0253 
-0.0262272 
-0.0270391 
-0.0276856 
-0.0281135 
-0.0282701 
-0.0281067 
-0.0275835 
-0.0266714 
-0.0253542 
-0.0236278 
-0.0214992 
-0.0189836 
-0.0161043 
-0.0128914 
-0.00938817 
-0.00565039 
-0.00173509 
0.00228857 
0.00634146 
0.0103616 
0.0142979 
0.0181074 
0.0217545 
0.0252105 
0.0284526 
0.0314622 
0.0342225 
0.0367134 
0.0389057 
0.0407465 
0.0421499 
0.0429661 
0.0430269 
0.0421967 
0.0405007 
0.0380585 
0.0348877 
0.0307774 
0.0254729 
0.0189911 
0.0117778 
0.00461079 
-0.00165298 
-0.00611736 
-0.00611736 
-0.0100594 
-0.0100594 
-0.0127948 
-0.0141198 
-0.0147755 
-0.0151393 
-0.0153681 
-0.0155948 
-0.0158773 
-0.0162614 
-0.0167553 
-0.0173615 
-0.0180686 
-0.0188661 
-0.0197405 
-0.02068 
-0.0216716 
-0.0227015 
-0.0237525 
-0.0248022 
-0.0258216 
-0.026774 
-0.0276147 
-0.0282922 
-0.0287509 
-0.0289344 
-0.0287898 
-0.0282729 
-0.0273514 
-0.0260061 
-0.0242309 
-0.0220316 
-0.0194233 
-0.0164296 
-0.0130795 
-0.00941628 
-0.00549935 
-0.00140134 
0.00279471 
0.00701585 
0.0112071 
0.0153174 
0.0193017 
0.0231221 
0.0267479 
0.0301543 
0.0333207 
0.0362267 
0.038849 
0.0411492 
0.0430514 
0.0444403 
0.0451507 
0.0450248 
0.043977 
0.0420695 
0.0393563 
0.0357035 
0.0308288 
0.024586 
0.0172207 
0.0093806 
0.00188048 
-0.00454384 
-0.00913638 
-0.00913638 
-0.00987433 
-0.00987433 
-0.0125572 
-0.0138828 
-0.0145798 
-0.0150041 
-0.0153062 
-0.0156062 
-0.0159576 
-0.0164011 
-0.0169446 
-0.0175902 
-0.0183276 
-0.0191473 
-0.0200366 
-0.0209847 
-0.0219801 
-0.0230105 
-0.0240608 
-0.025111 
-0.0261342 
-0.0270953 
-0.0279503 
-0.0286476 
-0.0291295 
-0.0293357 
-0.0292101 
-0.0287046 
-0.0277827 
-0.026422 
-0.0246137 
-0.022362 
-0.0196815 
-0.0165966 
-0.0131376 
-0.00934738 
-0.0052831 
-0.00103537 
0.00329785 
0.00765747 
0.0119939 
0.0162557 
0.0203961 
0.0243752 
0.0281603 
0.0317247 
0.0350449 
0.0380956 
0.0408398 
0.0432283 
0.045163 
0.0465066 
0.0470847 
0.0467707 
0.0455294 
0.0434035 
0.0403272 
0.0360465 
0.0303061 
0.0231474 
0.0150443 
0.00676593 
-0.000925901 
-0.0074382 
-0.0121337 
-0.0121337 
-0.00953105 
-0.00953105 
-0.0121817 
-0.0135249 
-0.014274 
-0.0147668 
-0.015147 
-0.0155235 
-0.0159455 
-0.0164491 
-0.0170419 
-0.0177252 
-0.0184897 
-0.0193261 
-0.0202228 
-0.0211699 
-0.0221572 
-0.0231744 
-0.0242085 
-0.0252422 
-0.0262514 
-0.0272033 
-0.0280556 
-0.028757 
-0.0292493 
-0.0294713 
-0.0293635 
-0.0288738 
-0.0279615 
-0.0266 
-0.0247776 
-0.0224959 
-0.0197688 
-0.0166207 
-0.0130844 
-0.00920606 
-0.00503995 
-0.000679267 
0.00377217 
0.00825339 
0.0127165 
0.0171114 
0.021391 
0.0255138 
0.0294451 
0.0331561 
0.0366193 
0.0398018 
0.0426571 
0.0451131 
0.0470498 
0.0483163 
0.0487528 
0.048271 
0.0468528 
0.0444644 
0.04091 
0.0358867 
0.0292548 
0.0212745 
0.0126013 
0.00403847 
-0.00374782 
-0.010298 
-0.0150755 
-0.0150755 
-0.00904478 
-0.00904478 
-0.011682 
-0.0130565 
-0.0138658 
-0.0144328 
-0.0148944 
-0.0153496 
-0.0158437 
-0.0164085 
-0.0170507 
-0.0177711 
-0.0185607 
-0.0194103 
-0.0203089 
-0.0212472 
-0.0222163 
-0.0232077 
-0.0242109 
-0.0252118 
-0.0261895 
-0.0271148 
-0.027948 
-0.0286398 
-0.0291322 
-0.0293626 
-0.0292693 
-0.0287964 
-0.0278991 
-0.0265468 
-0.024724 
-0.0224299 
-0.0196773 
-0.0164904 
-0.0129057 
-0.00897251 
-0.00475058 
-0.000325504 
0.0042102 
0.00878959 
0.0133592 
0.0178683 
0.02227 
0.0265222 
0.0305883 
0.0344357 
0.0380303 
0.0413294 
0.0442717 
0.0467642 
0.0486725 
0.0498468 
0.0501544 
0.0495318 
0.047931 
0.0452089 
0.0410727 
0.0352502 
0.0277718 
0.019102 
0.0100108 
0.00127071 
-0.0065468 
-0.0130928 
-0.0179314 
-0.0179314 
-0.00843331 
-0.00843331 
-0.0110741 
-0.0124908 
-0.0133659 
-0.0140103 
-0.0145545 
-0.0150895 
-0.0156565 
-0.0162832 
-0.0169755 
-0.0177331 
-0.018547 
-0.0194077 
-0.0203044 
-0.0212282 
-0.0221712 
-0.0231264 
-0.024086 
-0.0250389 
-0.0259683 
-0.026849 
-0.0276453 
-0.028311 
-0.02879 
-0.0290201 
-0.0289377 
-0.028484 
-0.0276098 
-0.0262801 
-0.0244755 
-0.0221922 
-0.0194412 
-0.0162462 
-0.0126446 
-0.00868693 
-0.00443507 
2.72388e-05 
0.00461641 
0.00926723 
0.0139207 
0.0185247 
0.023031 
0.0273959 
0.0315804 
0.0355467 
0.0392527 
0.0426441 
0.0456436 
0.048143 
0.0500038 
0.0510898 
0.0512942 
0.0505492 
0.0487378 
0.0456084 
0.040826 
0.0342123 
0.0259809 
0.0167549 
0.00735795 
-0.0014861 
-0.00928708 
-0.0157912 
-0.02067 
-0.02067 
-0.00771435 
-0.00771435 
-0.0103739 
-0.0118416 
-0.0127862 
-0.0135091 
-0.0141356 
-0.0147497 
-0.015389 
-0.0160778 
-0.0168205 
-0.0176155 
-0.0184535 
-0.0193245 
-0.0202174 
-0.0211234 
-0.0220351 
-0.0229467 
-0.0238527 
-0.0247451 
-0.0256113 
-0.0264309 
-0.0271731 
-0.0277961 
-0.0282472 
-0.0284658 
-0.0283879 
-0.0279523 
-0.0271059 
-0.0258093 
-0.0240385 
-0.0217864 
-0.0190615 
-0.0158864 
-0.0122981 
-0.0083469 
-0.00409472 
0.000378041 
0.00499307 
0.00968691 
0.0143986 
0.0190743 
0.0236637 
0.0281209 
0.0324027 
0.0364649 
0.0402563 
0.0437102 
0.0467367 
0.04922 
0.0510287 
0.0520447 
0.0521727 
0.0513095 
0.04925 
0.0456611 
0.0402217 
0.032879 
0.0240077 
0.014334 
0.00470088 
-0.0041947 
-0.0119325 
-0.0183582 
-0.0232561 
-0.0232561 
-0.00690703 
-0.00690703 
-0.00959908 
-0.011125 
-0.0121412 
-0.0129418 
-0.0136482 
-0.0143389 
-0.0150485 
-0.015798 
-0.0165903 
-0.0174224 
-0.0182845 
-0.0191655 
-0.0200542 
-0.0209412 
-0.0218193 
-0.0226833 
-0.0235294 
-0.0243524 
-0.0251436 
-0.0258877 
-0.0265597 
-0.0271233 
-0.0275308 
-0.0277249 
-0.0276428 
-0.0272219 
-0.0264061 
-0.0251514 
-0.0234291 
-0.0212279 
-0.018553 
-0.015425 
-0.011879 
-0.00796349 
-0.00373865 
0.00071857 
0.00533383 
0.0100446 
0.0147888 
0.0195111 
0.024159 
0.0286833 
0.0330357 
0.0371649 
0.0410102 
0.0444949 
0.0475219 
0.0499767 
0.0517412 
0.0527113 
0.0527824 
0.0517937 
0.0494563 
0.045394 
0.0393391 
0.0313641 
0.0219623 
0.0119177 
0.00208576 
-0.00681709 
-0.0144419 
-0.0207526 
-0.0256486 
-0.0256486 
-0.00603087 
-0.00603087 
-0.00876829 
-0.0103585 
-0.011447 
-0.0123229 
-0.013105 
-0.013868 
-0.0146437 
-0.0154506 
-0.01629 
-0.0171577 
-0.018043 
-0.0189341 
-0.019819 
-0.0206877 
-0.0215326 
-0.0223487 
-0.0231328 
-0.0238818 
-0.0245906 
-0.0252486 
-0.0258369 
-0.0263258 
-0.026674 
-0.026829 
-0.0267312 
-0.0263184 
-0.0255322 
-0.0243245 
-0.0226618 
-0.0205277 
-0.0179234 
-0.0148665 
-0.0113891 
-0.00753694 
-0.00336743 
0.00104673 
0.00563496 
0.0103353 
0.0150848 
0.0198261 
0.0245042 
0.029066 
0.0334576 
0.0376206 
0.0414865 
0.0449725 
0.0479808 
0.0504046 
0.0521396 
0.0530849 
0.0531085 
0.0519848 
0.0493608 
0.0448538 
0.0382658 
0.029769 
0.019926 
0.00955447 
-0.000441314 
-0.0093013 
-0.0167642 
-0.0229253 
-0.0277992 
-0.0277992 
-0.00510585 
-0.00510585 
-0.00790075 
-0.00956059 
-0.0107214 
-0.011669 
-0.012521 
-0.0133498 
-0.0141852 
-0.0150438 
-0.0159257 
-0.0168255 
-0.0177318 
-0.0186322 
-0.019514 
-0.0203664 
-0.021181 
-0.021952 
-0.0226763 
-0.0233518 
-0.0239758 
-0.0245419 
-0.0250372 
-0.0254389 
-0.0257131 
-0.0258141 
-0.0256871 
-0.0252723 
-0.024511 
-0.0233516 
-0.0217558 
-0.0197017 
-0.0171856 
-0.0142206 
-0.0108355 
-0.00707233 
-0.0029849 
0.00135884 
0.00589223 
0.0105537 
0.0152792 
0.0200094 
0.0246862 
0.0292523 
0.0336487 
0.037811 
0.0416658 
0.0451287 
0.0481063 
0.0505025 
0.0522218 
0.053155 
0.0531325 
0.0518705 
0.0489787 
0.0440933 
0.0370823 
0.0281783 
0.0179632 
0.00728046 
-0.00282961 
-0.0115769 
-0.0188367 
-0.024819 
-0.0296526 
-0.0296526 
-0.00415148 
-0.00415148 
-0.00701536 
-0.00874981 
-0.00998252 
-0.0109972 
-0.011912 
-0.0127982 
-0.013685 
-0.0145873 
-0.0155046 
-0.0164308 
-0.0173541 
-0.0182618 
-0.0191406 
-0.0199791 
-0.0207676 
-0.0214993 
-0.02217 
-0.0227774 
-0.0233199 
-0.0237942 
-0.0241924 
-0.0244987 
-0.024687 
-0.0247199 
-0.0245493 
-0.0241199 
-0.0233744 
-0.0222599 
-0.0207337 
-0.0187682 
-0.0163537 
-0.0134981 
-0.0102257 
-0.00657451 
-0.00259419 
0.00165225 
0.00610246 
0.0106954 
0.0153659 
0.0200527 
0.0246944 
0.0292301 
0.0335963 
0.0377246 
0.0415402 
0.0449609 
0.0479007 
0.0502727 
0.0519836 
0.0529074 
0.052836 
0.0514435 
0.048327 
0.0431549 
0.0358468 
0.026654 
0.0161281 
0.00512456 
-0.00503659 
-0.0135698 
-0.0205902 
-0.0263724 
-0.0311501 
-0.0311501 
-0.00318576 
-0.00318576 
-0.00612943 
-0.00794309 
-0.00924696 
-0.0103237 
-0.0112933 
-0.0122274 
-0.0131552 
-0.0140914 
-0.015035 
-0.0159799 
-0.0169143 
-0.0178257 
-0.0187006 
-0.0195271 
-0.0202945 
-0.0209943 
-0.0216206 
-0.0221696 
-0.0226393 
-0.023028 
-0.0233313 
-0.0235397 
-0.0236349 
-0.0235882 
-0.02336 
-0.0229016 
-0.0221599 
-0.0210822 
-0.0196231 
-0.0177499 
-0.0154462 
-0.0127138 
-0.0095715 
-0.00605242 
-0.00220188 
0.00192238 
0.00626214 
0.0107569 
0.0153411 
0.0199513 
0.0245238 
0.0289945 
0.0332971 
0.0373616 
0.0411141 
0.0444773 
0.0473728 
0.0497193 
0.0514198 
0.052328 
0.0522042 
0.0506984 
0.0474137 
0.0420538 
0.0345726 
0.0252104 
0.0144597 
0.0031722 
-0.00695322 
-0.0151867 
-0.0219484 
-0.0275226 
-0.0322326 
-0.0322326 
-0.00222423 
-0.00222423 
-0.00525726 
-0.00715409 
-0.00852813 
-0.00966166 
-0.0106779 
-0.0116495 
-0.0126075 
-0.0135664 
-0.0145261 
-0.0154806 
-0.016419 
-0.0173293 
-0.0181984 
-0.019014 
-0.0197647 
-0.0204403 
-0.0210327 
-0.0215359 
-0.0219461 
-0.0222609 
-0.0224782 
-0.0225927 
-0.0225934 
-0.0224603 
-0.0221631 
-0.0216617 
-0.0209091 
-0.019856 
-0.0184562 
-0.0166732 
-0.0144845 
-0.0118847 
-0.00888598 
-0.0055159 
-0.00181492 
0.00216453 
0.00636839 
0.0107369 
0.0152043 
0.0197061 
0.0241768 
0.0285502 
0.032759 
0.0367335 
0.0404026 
0.0436944 
0.0465364 
0.0488492 
0.0505281 
0.0514085 
0.0512292 
0.049632 
0.0462366 
0.040778 
0.0332301 
0.0238113 
0.0129363 
0.00154588 
-0.00839366 
-0.0163193 
-0.0228312 
-0.0282114 
-0.032848 
-0.032848 
-0.00127819 
-0.00127819 
-0.00440835 
-0.00639115 
-0.00783391 
-0.00901902 
-0.0100738 
-0.0110732 
-0.0120504 
-0.0130213 
-0.0139869 
-0.0149422 
-0.0158774 
-0.0167814 
-0.0176419 
-0.0184468 
-0.0191842 
-0.0198426 
-0.0204117 
-0.0208827 
-0.021249 
-0.0215062 
-0.0216519 
-0.0216833 
-0.0215948 
-0.0213744 
-0.0210014 
-0.0204452 
-0.0196672 
-0.0186234 
-0.0172703 
-0.0155697 
-0.013494 
-0.0110311 
-0.00818537 
-0.00497773 
-0.00144277 
0.00237287 
0.00641871 
0.0106357 
0.0149589 
0.0193234 
0.0236629 
0.0279108 
0.0319996 
0.0358615 
0.039429 
0.0426349 
0.0454101 
0.0476743 
0.0493144 
0.0501517 
0.049915 
0.0482496 
0.0447953 
0.0393113 
0.0317773 
0.0224034 
0.0115388 
0.000318115 
-0.00923677 
-0.016905 
-0.023188 
-0.028401 
-0.0329632 
-0.0329632 
-0.000354699 
-0.000354699 
-0.00358657 
-0.00565596 
-0.00716503 
-0.00839651 
-0.00948265 
-0.0105012 
-0.0114886 
-0.0124624 
-0.0134255 
-0.0143744 
-0.0153005 
-0.016194 
-0.0170436 
-0.0178377 
-0.0185642 
-0.0192109 
-0.0197657 
-0.0202172 
-0.0205556 
-0.0207734 
-0.020866 
-0.0208307 
-0.0206649 
-0.0203632 
-0.0199134 
-0.0192951 
-0.018479 
-0.017429 
-0.0161064 
-0.0144744 
-0.0125029 
-0.010174 
-0.00748464 
-0.00444787 
-0.0010915 
0.00254427 
0.00641324 
0.0104573 
0.0146129 
0.0188154 
0.0229989 
0.0270971 
0.0310439 
0.0347738 
0.0382227 
0.0413268 
0.0440185 
0.046215 
0.0477963 
0.0485763 
0.0482832 
0.0465735 
0.0431078 
0.0376568 
0.0302118 
0.0209817 
0.0103294 
-0.000364483 
-0.00946729 
-0.0169109 
-0.0229993 
-0.0280761 
-0.0325651 
-0.0325651 
0.000545453 
0.000545453 
-0.00278868 
-0.00494266 
-0.00651421 
-0.00778696 
-0.00889858 
-0.00992982 
-0.0109211 
-0.0118919 
-0.0128476 
-0.0137861 
-0.0147005 
-0.0155818 
-0.01642 
-0.0172038 
-0.0179215 
-0.0185606 
-0.0191079 
-0.0195502 
-0.0198748 
-0.0200708 
-0.0201303 
-0.0200484 
-0.0198229 
-0.0194521 
-0.0189312 
-0.0182492 
-0.0173868 
-0.016317 
-0.0150082 
-0.0134275 
-0.0115455 
-0.00934107 
-0.00680455 
-0.00394103 
-0.00077036 
0.00267506 
0.00635339 
0.010208 
0.0141776 
0.0181986 
0.0222062 
0.0261355 
0.0299223 
0.0335035 
0.0368178 
0.0398036 
0.0423936 
0.0445025 
0.0460065 
0.0467187 
0.0463747 
0.0446486 
0.0412165 
0.0358698 
0.0285681 
0.0195559 
0.00941626 
-0.000589214 
-0.00922594 
-0.0164027 
-0.0223014 
-0.0272536 
-0.0316784 
-0.0316784 
0.00142496 
0.00142496 
-0.00200451 
-0.00423823 
-0.00586684 
-0.00717593 
-0.00830888 
-0.00934939 
-0.0103418 
-0.011308 
-0.0122557 
-0.0131843 
-0.0140883 
-0.0149596 
-0.0157887 
-0.016565 
-0.017277 
-0.0179122 
-0.0184571 
-0.0188976 
-0.0192193 
-0.0194083 
-0.0194532 
-0.0193456 
-0.0190813 
-0.0186592 
-0.0180791 
-0.0173378 
-0.016426 
-0.0153266 
-0.0140162 
-0.012468 
-0.0106559 
-0.00855847 
-0.00616245 
-0.00346632 
-0.000482032 
0.00276669 
0.00624481 
0.00989813 
0.0136682 
0.0174932 
0.0213101 
0.0250559 
0.0286684 
0.0320869 
0.0352522 
0.0381041 
0.0405752 
0.0425789 
0.0439916 
0.0446317 
0.0442496 
0.0425372 
0.0391931 
0.0339646 
0.026878 
0.018284 
0.00881626 
-0.000447653 
-0.00857743 
-0.0154444 
-0.0211452 
-0.025978 
-0.0303441 
-0.0303441 
0.00229728 
0.00229728 
-0.00122025 
-0.00352509 
-0.00520352 
-0.00654437 
-0.00769645 
-0.00874595 
-0.00974089 
-0.0107053 
-0.0116492 
-0.012573 
-0.0134726 
-0.0143402 
-0.0151666 
-0.0159413 
-0.0166528 
-0.0172889 
-0.0178361 
-0.0182803 
-0.0186064 
-0.0187991 
-0.0188442 
-0.0187298 
-0.0184481 
-0.0179958 
-0.0173736 
-0.0165835 
-0.015625 
-0.0144912 
-0.0131681 
-0.0116364 
-0.00987466 
-0.00786391 
-0.00559007 
-0.00304716 
-0.000240279 
0.00281531 
0.00609156 
0.00953847 
0.0131016 
0.0167216 
0.0203381 
0.0238902 
0.0273178 
0.0305626 
0.033567 
0.0362719 
0.0386101 
0.040496 
0.0418099 
0.0423809 
0.0419774 
0.0403137 
0.0370427 
0.0320036 
0.0252675 
0.0172204 
0.00849609 
-1.91119e-05 
-0.00760944 
-0.0141272 
-0.0196112 
-0.0243195 
-0.0286276 
-0.0286276 
0.00317846 
0.00317846 
-0.000418836 
-0.0027817 
-0.00450272 
-0.00587159 
-0.00704289 
-0.00810429 
-0.00910688 
-0.0100764 
-0.0110246 
-0.0119532 
-0.0128583 
-0.0137324 
-0.0145662 
-0.0153486 
-0.0160682 
-0.0167124 
-0.017268 
-0.0177212 
-0.018057 
-0.0182603 
-0.0183156 
-0.0182087 
-0.0179283 
-0.0174672 
-0.0168236 
-0.0160006 
-0.0150032 
-0.013834 
-0.0124897 
-0.0109596 
-0.00922858 
-0.00728117 
-0.00510521 
-0.00269405 
-4.88417e-05 
0.00282212 
0.00590054 
0.0091418 
0.012496 
0.0159075 
0.0193186 
0.0226712 
0.0259074 
0.028971 
0.031806 
0.0343544 
0.0365506 
0.0383119 
0.0395258 
0.0400367 
0.0396309 
0.037993 
0.0348465 
0.0300766 
0.023787 
0.016372 
0.00841468 
0.000639276 
-0.00639487 
-0.0125344 
-0.0177824 
-0.0223574 
-0.0266045 
-0.0266045 
0.00408981 
0.00408981 
0.000420233 
-0.00198886 
-0.00374464 
-0.00513933 
-0.00633194 
-0.00741081 
-0.00842904 
-0.00941357 
-0.0103775 
-0.011323 
-0.0122466 
-0.0131405 
-0.0139947 
-0.0147976 
-0.0155369 
-0.0161996 
-0.0167723 
-0.0172414 
-0.0175927 
-0.0178115 
-0.017883 
-0.0177925 
-0.0175268 
-0.0170751 
-0.0164315 
-0.0155961 
-0.0145745 
-0.0133756 
-0.0120063 
-0.0104675 
-0.00875241 
-0.00684994 
-0.00474952 
-0.00244473 
6.46574e-05 
0.00277373 
0.00566995 
0.00871589 
0.0118672 
0.015073 
0.0182794 
0.0214314 
0.0244739 
0.0273527 
0.0300138 
0.0324009 
0.0344511 
0.0360865 
0.0372053 
0.0376654 
0.0372405 
0.0356522 
0.0326779 
0.0282408 
0.0224659 
0.0157241 
0.00852853 
0.00147025 
-0.00500458 
-0.0107474 
-0.0157432 
-0.0201742 
-0.0243549 
-0.0243549 
0.00505212 
0.00505212 
0.00131956 
-0.001129 
-0.00291307 
-0.00433342 
-0.00555122 
-0.00665501 
-0.00769869 
-0.00871 
-0.0097027 
-0.0106792 
-0.011636 
-0.0125647 
-0.0134546 
-0.0142928 
-0.0150662 
-0.0157607 
-0.0163623 
-0.0168573 
-0.0172317 
-0.0174718 
-0.017564 
-0.0174946 
-0.0172506 
-0.0168199 
-0.0161934 
-0.0153664 
-0.0143404 
-0.0131239 
-0.0117298 
-0.0101702 
-0.00845113 
-0.00657015 
-0.00452039 
-0.00229673 
0.000100752 
0.00266804 
0.00540159 
0.00826852 
0.0112295 
0.0142386 
0.0172465 
0.0202018 
0.0230527 
0.0257475 
0.0282344 
0.0304601 
0.0323649 
0.0338779 
0.0349069 
0.0353106 
0.0348673 
0.0333572 
0.030596 
0.0265381 
0.0213136 
0.0152532 
0.00879589 
0.00242366 
-0.00350066 
-0.00883929 
-0.0135718 
-0.0178491 
-0.0219566 
-0.0219566 
0.00608161 
0.00608161 
0.00229767 
-0.000186414 
-0.00199587 
-0.0034439 
-0.00469222 
-0.00582936 
-0.00690921 
-0.00795981 
-0.00899516 
-0.0100177 
-0.0110234 
-0.0120032 
-0.0129451 
-0.0138352 
-0.0146588 
-0.0154005 
-0.0160454 
-0.0165788 
-0.016987 
-0.0172566 
-0.0173751 
-0.0173305 
-0.0171111 
-0.0167062 
-0.0161058 
-0.0153027 
-0.0142935 
-0.0130815 
-0.0116772 
-0.0100983 
-0.0083634 
-0.0064851 
-0.00446488 
-0.00229699 
2.08993e-05 
0.00248404 
0.00508579 
0.00779978 
0.0105914 
0.0134202 
0.0162421 
0.0190101 
0.0216762 
0.0241922 
0.0265093 
0.0285772 
0.0303412 
0.0317373 
0.0326792 
0.033014 
0.0325716 
0.0311646 
0.0286471 
0.0249935 
0.0203277 
0.0149333 
0.00917856 
0.00345406 
-0.00193792 
-0.00687408 
-0.0113382 
-0.0154538 
-0.0194809 
-0.0194809 
0.00719133 
0.00719133 
0.00337037 
0.000856892 
-0.000984862 
-0.00246472 
-0.00374893 
-0.00492816 
-0.00605487 
-0.0071574 
-0.00824952 
-0.00933341 
-0.0104045 
-0.0114525 
-0.0124641 
-0.0134239 
-0.0143151 
-0.015121 
-0.015825 
-0.0164117 
-0.0168665 
-0.0171763 
-0.0173293 
-0.0173146 
-0.0171224 
-0.0167438 
-0.0161706 
-0.0153958 
-0.0144144 
-0.0132246 
-0.01183 
-0.0102424 
-0.008482 
-0.00657509 
-0.00454472 
-0.0024014 
-0.000144081 
0.00222801 
0.00472427 
0.00731367 
0.00996091 
0.0126309 
0.0152844 
0.0178795 
0.0203727 
0.0227194 
0.0248747 
0.0267923 
0.0284227 
0.0297072 
0.0305488 
0.0308292 
0.0304037 
0.02912 
0.0268627 
0.023619 
0.0194993 
0.0147392 
0.0096426 
0.00452331 
-0.000362379 
-0.00490658 
-0.00910227 
-0.0130502 
-0.0169897 
-0.0169897 
0.00839314 
0.00839314 
0.00454662 
0.00200666 
0.000128597 
-0.00138836 
-0.00271601 
-0.00394525 
-0.00512952 
-0.0062964 
-0.00745957 
-0.00862072 
-0.00977432 
-0.0109089 
-0.0120093 
-0.0130578 
-0.0140357 
-0.014924 
-0.0157044 
-0.01636 
-0.0168756 
-0.017238 
-0.0174354 
-0.0174582 
-0.0172979 
-0.016947 
-0.0163995 
-0.0156504 
-0.0146961 
-0.013535 
-0.0121683 
-0.0106011 
-0.0088452 
-0.00692218 
-0.00486358 
-0.00270147 
-0.000452125 
0.00188932 
0.00431873 
0.00681437 
0.00934633 
0.0118822 
0.014389 
0.0168297 
0.0191655 
0.0213563 
0.0233611 
0.0251383 
0.0266427 
0.0278103 
0.0285598 
0.0287975 
0.0284038 
0.0272552 
0.0252621 
0.022418 
0.0188164 
0.0146481 
0.0101595 
0.00560159 
0.00118827 
-0.00298273 
-0.00691227 
-0.0106885 
-0.0145335 
-0.0145335 
0.00969611 
0.00969611 
0.00583256 
0.00327056 
0.00135548 
-0.000209712 
-0.0015862 
-0.00287385 
-0.0041255 
-0.00536901 
-0.00661757 
-0.00787241 
-0.00912684 
-0.0103677 
-0.0115776 
-0.0127361 
-0.0138215 
-0.0148122 
-0.0156875 
-0.0164289 
-0.0170201 
-0.0174476 
-0.0177003 
-0.0177692 
-0.0176469 
-0.0173277 
-0.0168064 
-0.0160795 
-0.015145 
-0.0140027 
-0.0126551 
-0.0111069 
-0.0093647 
-0.0074379 
-0.00534336 
-0.00311707 
-0.000824296 
0.00148383 
0.00386558 
0.00630761 
0.00875439 
0.0111835 
0.0135676 
0.0158756 
0.0180727 
0.0201235 
0.0219916 
0.0236392 
0.0250184 
0.026074 
0.0267446 
0.0269523 
0.0266003 
0.0255908 
0.0238543 
0.0213875 
0.0182656 
0.0146395 
0.0107055 
0.00666339 
0.00268614 
-0.00113425 
-0.00480388 
-0.0084066 
-0.0121512 
-0.0121512 
0.0111075 
0.0111075 
0.00723424 
0.0046518 
0.00269969 
0.0010848 
-0.00035255 
-0.00170548 
-0.00303383 
-0.00436562 
-0.00571389 
-0.0070794 
-0.00845417 
-0.00982297 
-0.0111654 
-0.0124576 
-0.013674 
-0.0147894 
-0.0157801 
-0.0166252 
-0.0173074 
-0.0178128 
-0.018131 
-0.0182542 
-0.0181766 
-0.0178935 
-0.0174011 
-0.0166966 
-0.0157784 
-0.0146473 
-0.0133072 
-0.0117665 
-0.0100376 
-0.00813612 
-0.00607691 
-0.00386745 
-0.00151016 
0.00095782 
0.00342145 
0.00583487 
0.00821437 
0.0105543 
0.0128367 
0.0150325 
0.0171102 
0.0190378 
0.0207821 
0.0223046 
0.0235662 
0.0245247 
0.0251289 
0.0253165 
0.0250112 
0.0241371 
0.0226412 
0.0205205 
0.0178333 
0.0146961 
0.0112621 
0.00768882 
0.00411274 
0.000616224 
-0.00280325 
-0.00623157 
-0.00987086 
-0.00987086 
0.0126337 
0.0126337 
0.00875713 
0.00615603 
0.00416726 
0.00250001 
0.000998258 
-0.000430707 
-0.00184369 
-0.00327462 
-0.00473666 
-0.00623026 
-0.00774613 
-0.00926651 
-0.0107673 
-0.0122201 
-0.0135944 
-0.0148599 
-0.015989 
-0.0169577 
-0.0177471 
-0.0183433 
-0.0187368 
-0.0189216 
-0.018894 
-0.018651 
-0.0181901 
-0.0175086 
-0.0166047 
-0.0154786 
-0.0141338 
-0.0125783 
-0.0108252 
-0.00889258 
-0.00680189 
-0.00457175 
-0.00220621 
0.000302587 
0.0028615 
0.00533324 
0.00770358 
0.00999192 
0.0122024 
0.0143105 
0.0162881 
0.0181065 
0.0197359 
0.0211468 
0.0223067 
0.0231808 
0.0237291 
0.0239031 
0.0236448 
0.0228969 
0.0216189 
0.019808 
0.0175072 
0.0148042 
0.011816 
0.0086649 
0.00545654 
0.00225867 
-0.000924783 
-0.00418179 
-0.00771042 
-0.00771042 
0.014279 
0.014279 
0.0104052 
0.00778784 
0.00576333 
0.00404394 
0.00247493 
0.000964798 
-0.000543249 
-0.00208287 
-0.00367186 
-0.00531105 
-0.00698985 
-0.00868764 
-0.0103757 
-0.0120196 
-0.0135824 
-0.0150274 
-0.0163211 
-0.0174358 
-0.0183502 
-0.0190503 
-0.0195283 
-0.019781 
-0.0198075 
-0.0196076 
-0.0191799 
-0.018522 
-0.0176307 
-0.0165045 
-0.015145 
-0.0135591 
-0.0117592 
-0.00976496 
-0.00760415 
-0.00531079 
-0.00291972 
-0.000475264 
0.00203632 
0.00462057 
0.00712744 
0.00946767 
0.0116613 
0.0137131 
0.0156108 
0.0173366 
0.0188683 
0.020182 
0.0212524 
0.0220528 
0.0225529 
0.0227168 
0.0225018 
0.0218662 
0.0207798 
0.0192395 
0.0172759 
0.0149532 
0.0123584 
0.00958398 
0.00671047 
0.00378852 
0.000822661 
-0.002266 
-0.00567968 
-0.00567968 
0.0160455 
0.0160455 
0.0121804 
0.00955018 
0.00749278 
0.00572276 
0.00408692 
0.00249284 
0.0008833 
-0.000775689 
-0.00250395 
-0.00430567 
-0.00616995 
-0.00807287 
-0.00998008 
-0.0118497 
-0.0136361 
-0.0152942 
-0.016783 
-0.018069 
-0.0191281 
-0.0199459 
-0.0205171 
-0.0208424 
-0.0209258 
-0.0207709 
-0.0203784 
-0.0197455 
-0.018867 
-0.0177384 
-0.016358 
-0.0147308 
-0.0128667 
-0.0107862 
-0.00852288 
-0.00612114 
-0.00362862 
-0.00108498 
0.00147672 
0.00403027 
0.00654688 
0.00894371 
0.0111731 
0.0132189 
0.015075 
0.0167345 
0.0181866 
0.0194169 
0.0204087 
0.0211437 
0.0216007 
0.0217548 
0.0215764 
0.0210364 
0.0201134 
0.0188042 
0.0171298 
0.0151355 
0.0128841 
0.0104432 
0.00787214 
0.00520557 
0.00244338 
-0.000485891 
-0.00378278 
-0.00378278 
0.0179318 
0.0179318 
0.0140814 
0.011443 
0.00935774 
0.00754176 
0.00584228 
0.00416503 
0.00245055 
0.000662806 
-0.00121646 
-0.00319685 
-0.00526915 
-0.00740635 
-0.00956725 
-0.0117006 
-0.01375 
-0.0156594 
-0.0173781 
-0.0188648 
-0.0200909 
-0.0210415 
-0.0217139 
-0.022115 
-0.0222558 
-0.0221461 
-0.0217898 
-0.0211839 
-0.0203194 
-0.0191873 
-0.0177808 
-0.0161016 
-0.0141538 
-0.0119577 
-0.00955471 
-0.00700058 
-0.00436145 
-0.00170327 
0.000916428 
0.00349442 
0.00602183 
0.00845173 
0.0107259 
0.0128009 
0.0146559 
0.0162839 
0.0176821 
0.0188469 
0.0197721 
0.0204491 
0.0208661 
0.0210084 
0.0208577 
0.0203953 
0.0196072 
0.0184908 
0.0170599 
0.0153454 
0.0133906 
0.0112428 
0.00894276 
0.00651177 
0.00394069 
0.00116072 
-0.00201735 
-0.00201735 
0.0199315 
0.0199315 
0.0161018 
0.0134618 
0.0113562 
0.00950196 
0.00774564 
0.00598975 
0.00417134 
0.00225026 
0.000204909 
-0.00196934 
-0.00427087 
-0.0066717 
-0.00912218 
-0.0115595 
-0.0139144 
-0.0161171 
-0.0181046 
-0.0198254 
-0.0212444 
-0.0223447 
-0.0231268 
-0.0236052 
-0.0238012 
-0.0237344 
-0.0234143 
-0.0228376 
-0.0219901 
-0.0208555 
-0.0194203 
-0.0176812 
-0.0156304 
-0.013286 
-0.0106975 
-0.00794501 
-0.00510926 
-0.00226866 
0.00050749 
0.00317293 
0.00572138 
0.00814251 
0.0104123 
0.0124931 
0.0143515 
0.0159677 
0.0173353 
0.0184545 
0.0193273 
0.0199547 
0.0203347 
0.0204626 
0.0203299 
0.0199272 
0.0192467 
0.0182873 
0.0170579 
0.0155784 
0.0138772 
0.0119848 
0.00992636 
0.00771114 
0.00532087 
0.00268554 
-0.00037806 
-0.00037806 
0.0220314 
0.0220314 
0.0182287 
0.015595 
0.0134795 
0.0115984 
0.00979596 
0.0079697 
0.00605129 
0.00399539 
0.00177688 
-0.000611087 
-0.0031623 
-0.00585441 
-0.00862982 
-0.0114113 
-0.0141144 
-0.0166536 
-0.018951 
-0.0209428 
-0.0225846 
-0.023855 
-0.0247567 
-0.0253131 
-0.0255595 
-0.02553 
-0.0252438 
-0.0246981 
-0.0238707 
-0.0227349 
-0.0212694 
-0.0194612 
-0.0172827 
-0.0147557 
-0.0119609 
-0.00898428 
-0.00591622 
-0.00285131 
0.000117585 
0.00292951 
0.00556732 
0.0080248 
0.0102923 
0.0123565 
0.0141967 
0.0157931 
0.0171344 
0.0182186 
0.0190503 
0.0196364 
0.0199832 
0.0200946 
0.0199714 
0.019612 
0.0190147 
0.0181802 
0.0171145 
0.01583 
0.0143433 
0.0126719 
0.0108278 
0.00880927 
0.00659009 
0.00409506 
0.00114318 
0.00114318 
0.02421 
0.02421 
0.0204405 
0.0178223 
0.0157096 
0.0138161 
0.0119822 
0.0100981 
0.00808808 
0.00589915 
0.00350049 
0.000883322 
-0.00193977 
-0.00494681 
-0.00807866 
-0.0112402 
-0.0143297 
-0.017245 
-0.019892 
-0.0221927 
-0.0240903 
-0.025556 
-0.0265913 
-0.027228 
-0.027518 
-0.0275167 
-0.0272586 
-0.0267436 
-0.0259384 
-0.0248019 
-0.0233029 
-0.0214125 
-0.019081 
-0.0163664 
-0.0133511 
-0.0101241 
-0.0067862 
-0.00344665 
-0.000213269 
0.00281648 
0.00560274 
0.00813843 
0.0104217 
0.0124592 
0.0142532 
0.0157997 
0.0170936 
0.0181327 
0.0189211 
0.0194674 
0.0197821 
0.0198752 
0.0197543 
0.0194247 
0.0188898 
0.0181529 
0.0172186 
0.016094 
0.0147875 
0.0133062 
0.0116516 
0.00981216 
0.00775447 
0.00539669 
0.00255812 
0.00255812 
0.0264357 
0.0264357 
0.0227046 
0.0201119 
0.0180159 
0.0161266 
0.0142786 
0.0123524 
0.0102623 
0.00794571 
0.00536472 
0.00250704 
-0.000608686 
-0.00395199 
-0.00746377 
-0.0110322 
-0.014536 
-0.0178571 
-0.0208855 
-0.0235288 
-0.0257162 
-0.027407 
-0.0285965 
-0.0293206 
-0.0296488 
-0.0296635 
-0.0294235 
-0.0289356 
-0.0281515 
-0.0270112 
-0.0254702 
-0.0234786 
-0.0209964 
-0.0180921 
-0.014852 
-0.0113666 
-0.00774437 
-0.00410562 
-0.000573599 
0.00272701 
0.00572925 
0.00841139 
0.0107646 
0.0128033 
0.0145495 
0.0160235 
0.0172395 
0.0182065 
0.0189325 
0.0194274 
0.0197031 
0.0197722 
0.0196464 
0.0193354 
0.0188463 
0.0181848 
0.0173553 
0.0163615 
0.0152059 
0.0138881 
0.012401 
0.0107247 
0.00881956 
0.00659633 
0.00387244 
0.00387244 
0.0286654 
0.0286654 
0.0249767 
0.0224183 
0.020353 
0.0184849 
0.016641 
0.0146899 
0.0125339 
0.0100984 
0.00733746 
0.00423489 
0.000809634 
-0.00288785 
-0.0067905 
-0.0107786 
-0.0147075 
-0.0184463 
-0.0218721 
-0.0248807 
-0.0273872 
-0.0293357 
-0.030708 
-0.031536 
-0.0319021 
-0.0319205 
-0.0316847 
-0.0312156 
-0.0304464 
-0.0292935 
-0.0276974 
-0.0255975 
-0.0229681 
-0.0198822 
-0.0164255 
-0.0126887 
-0.00878256 
-0.00483396 
-0.000975181 
0.00264299 
0.00591682 
0.00880274 
0.0112793 
0.0133594 
0.0150771 
0.0164741 
0.0175896 
0.0184534 
0.0190867 
0.0195059 
0.0197249 
0.0197573 
0.0196159 
0.0193121 
0.0188551 
0.0182516 
0.0175059 
0.0166196 
0.0155914 
0.0144146 
0.0130765 
0.0115494 
0.00978872 
0.00769747 
0.00508926 
0.00508926 
0.0308442 
0.0308442 
0.0271993 
0.0246819 
0.0226588 
0.0208268 
0.0190041 
0.0170454 
0.0148393 
0.0122977 
0.0093641 
0.00601726 
0.00227723 
-0.00178062 
-0.00607449 
-0.0104766 
-0.0148195 
-0.0189641 
-0.02278 
-0.0261573 
-0.0290003 
-0.0312363 
-0.0328265 
-0.0337868 
-0.0342017 
-0.0342156 
-0.0339676 
-0.0335044 
-0.0327387 
-0.0315586 
-0.0298931 
-0.0276842 
-0.0249187 
-0.0216689 
-0.0180182 
-0.0140546 
-0.00988682 
-0.00564365 
-0.00146288 
0.00248851 
0.00607283 
0.00921461 
0.0118714 
0.0140449 
0.0157725 
0.0171111 
0.0181236 
0.0188652 
0.0193785 
0.0196932 
0.0198305 
0.0198064 
0.0196339 
0.0193242 
0.0188863 
0.0183266 
0.0176486 
0.0168519 
0.0159325 
0.0148792 
0.0136747 
0.0122852 
0.0106619 
0.00869979 
0.00620714 
0.00620714 
0.0329057 
0.0329057 
0.0293027 
0.0268288 
0.024855 
0.0230697 
0.0212816 
0.0193306 
0.0170906 
0.0144585 
0.0113658 
0.00778643 
0.00374481 
-0.000665134 
-0.00533964 
-0.0101297 
-0.0148516 
-0.0193625 
-0.0235334 
-0.0272568 
-0.030433 
-0.0329752 
-0.0348193 
-0.0359518 
-0.0364412 
-0.0364523 
-0.0361771 
-0.0357035 
-0.0349255 
-0.0337014 
-0.0319545 
-0.0296418 
-0.0267584 
-0.0233721 
-0.0195618 
-0.015409 
-0.0110165 
-0.00650984 
-0.00202864 
0.00225234 
0.00616076 
0.00958563 
0.0124606 
0.01477 
0.0165475 
0.0178581 
0.018783 
0.0194014 
0.01978 
0.0199682 
0.0199997 
0.0198968 
0.0196745 
0.0193434 
0.0189113 
0.0183827 
0.0177595 
0.0170389 
0.0162144 
0.0152712 
0.0141885 
0.0129272 
0.011435 
0.00959862 
0.00722 
0.00722 
0.0347739 
0.0347739 
0.0312069 
0.0287735 
0.0268502 
0.0251157 
0.0233705 
0.0214396 
0.0191827 
0.0164813 
0.0132542 
0.00946946 
0.00515431 
0.000411158 
-0.00461702 
-0.00974758 
-0.0147895 
-0.0196007 
-0.0240629 
-0.0280809 
-0.0315604 
-0.0344072 
-0.0365321 
-0.0378821 
-0.0384874 
-0.0385118 
-0.0382001 
-0.0376995 
-0.0368921 
-0.0356093 
-0.0337761 
-0.0313704 
-0.0283932 
-0.0249064 
-0.0209807 
-0.0166895 
-0.0121249 
-0.00740463 
-0.002667 
0.00191419 
0.00613748 
0.00984974 
0.01296 
0.0154321 
0.0172923 
0.0186075 
0.0194717 
0.0199831 
0.0202308 
0.0202853 
0.0201969 
0.0199981 
0.0197092 
0.0193417 
0.0189023 
0.0183935 
0.0178144 
0.0171595 
0.0164197 
0.0155766 
0.0146067 
0.0134658 
0.0120991 
0.0103844 
0.00811674 
0.00811674 
0.0363656 
0.0363656 
0.032825 
0.0304229 
0.0285442 
0.0268575 
0.0251574 
0.0232555 
0.0209996 
0.0182566 
0.0149324 
0.010986 
0.00644252 
0.00140698 
-0.00393024 
-0.00933843 
-0.0146219 
-0.0196456 
-0.0243123 
-0.028548 
-0.0322731 
-0.0353957 
-0.0378081 
-0.0394152 
-0.0401881 
-0.0402585 
-0.0399109 
-0.0393695 
-0.0385181 
-0.0371676 
-0.0352535 
-0.0327656 
-0.0297301 
-0.0261852 
-0.0221942 
-0.0178222 
-0.0131486 
-0.00827827 
-0.00334368 
0.00149186 
0.0060003 
0.0099835 
0.013322 
0.0159593 
0.0179149 
0.0192564 
0.0200851 
0.0205133 
0.0206474 
0.0205769 
0.0203685 
0.0200678 
0.0197026 
0.0192881 
0.0188311 
0.0183324 
0.0177888 
0.0171916 
0.0165289 
0.0157784 
0.0149145 
0.0138878 
0.0126411 
0.0110432 
0.00888154 
0.00888154 
0.0375938 
0.0375938 
0.0340678 
0.0316818 
0.0298356 
0.0281863 
0.0265277 
0.0246603 
0.0224244 
0.0196751 
0.0163056 
0.01226 
0.0075534 
0.00228618 
-0.00329831 
-0.0089078 
-0.0143356 
-0.019469 
-0.0242393 
-0.0285994 
-0.0324908 
-0.0358326 
-0.0385104 
-0.0403946 
-0.041386 
-0.041549 
-0.0411789 
-0.0405889 
-0.0396844 
-0.0382655 
-0.0362849 
-0.0337441 
-0.0306728 
-0.0271133 
-0.0231152 
-0.0187313 
-0.0140239 
-0.00908191 
-0.00402803 
0.000997768 
0.00574588 
0.00995779 
0.0134876 
0.0162677 
0.0183126 
0.0196899 
0.0205049 
0.0208778 
0.0209265 
0.0207544 
0.0204424 
0.0200482 
0.0196088 
0.0191449 
0.0186656 
0.0181714 
0.0176575 
0.0171122 
0.0165209 
0.0158575 
0.015094 
0.0141756 
0.0130436 
0.0115559 
0.00949386 
0.00949386 
0.0383707 
0.0383707 
0.0348494 
0.0324602 
0.0306291 
0.0290013 
0.0273745 
0.0255426 
0.0233436 
0.0206258 
0.0172735 
0.0132131 
0.00843718 
0.00302531 
-0.00272982 
-0.00844049 
-0.0138985 
-0.0190334 
-0.0238065 
-0.0281953 
-0.0321644 
-0.0356491 
-0.03854 
-0.0406902 
-0.0419359 
-0.0422443 
-0.0418775 
-0.0412393 
-0.0402802 
-0.0388013 
-0.0367755 
-0.034213 
-0.0311479 
-0.0276148 
-0.023656 
-0.0193165 
-0.0146506 
-0.00972883 
-0.00465417 
0.000449703 
0.0053669 
0.00977639 
0.0134568 
0.0163368 
0.0184385 
0.019839 
0.0206464 
0.0209843 
0.0209757 
0.0207314 
0.0203417 
0.0198741 
0.019374 
0.0188683 
0.0183698 
0.0178801 
0.0173938 
0.0168972 
0.0163734 
0.0157926 
0.0151246 
0.014309 
0.0132856 
0.0119003 
0.00992983 
0.00992983 
0.0386078 
0.0386078 
0.0350925 
0.0326781 
0.0308432 
0.0292188 
0.0276103 
0.0258104 
0.0236597 
0.0210073 
0.0177402 
0.0137709 
0.00905647 
0.00358507 
-0.00223465 
-0.00789387 
-0.0132635 
-0.0182984 
-0.0229845 
-0.0273155 
-0.0312755 
-0.034817 
-0.0378449 
-0.0402144 
-0.04172 
-0.042221 
-0.0418929 
-0.0412149 
-0.0402084 
-0.0386863 
-0.0366414 
-0.0340913 
-0.0310703 
-0.0276111 
-0.0237489 
-0.0195192 
-0.0149624 
-0.0101351 
-0.00512242 
-4.38634e-05 
0.00488806 
0.00934983 
0.0130957 
0.0160304 
0.0181663 
0.0195858 
0.0203986 
0.0207284 
0.0206979 
0.02042 
0.0199894 
0.0194797 
0.018943 
0.0184124 
0.0179049 
0.0174252 
0.0169687 
0.0165208 
0.0160625 
0.0155608 
0.0149832 
0.0142637 
0.0133411 
0.0120485 
0.010163 
0.010163 
0.0382096 
0.0382096 
0.0347383 
0.0322823 
0.0304211 
0.0287832 
0.0271761 
0.0253991 
0.0232954 
0.0207196 
0.0175622 
0.0137272 
0.00917921 
0.00396386 
-0.00161778 
-0.00711753 
-0.0123231 
-0.0171935 
-0.0217319 
-0.0259418 
-0.0298212 
-0.0333392 
-0.0364189 
-0.0389293 
-0.0406604 
-0.041381 
-0.0411308 
-0.0404287 
-0.0393893 
-0.0378479 
-0.0358144 
-0.0333121 
-0.0303746 
-0.0270328 
-0.0233172 
-0.0192564 
-0.014881 
-0.0102331 
-0.00538089 
-0.000435527 
0.00438309 
0.00874483 
0.0124248 
0.015333 
0.0174636 
0.0188885 
0.0197118 
0.0200532 
0.0200314 
0.0197563 
0.0193229 
0.018807 
0.0182645 
0.0177331 
0.0172342 
0.0167754 
0.0163541 
0.0159564 
0.0155621 
0.0151362 
0.0146435 
0.0140137 
0.0131842 
0.0119736 
0.0101669 
0.0101669 
0.0370984 
0.0370984 
0.0337182 
0.0312215 
0.0293206 
0.0276634 
0.0260533 
0.0243025 
0.0222577 
0.0197833 
0.0167739 
0.0131444 
0.00887949 
0.00406498 
-0.00106308 
-0.00619471 
-0.0111148 
-0.015742 
-0.0200651 
-0.0240901 
-0.0278198 
-0.0312328 
-0.0342731 
-0.0368355 
-0.0387237 
-0.0396578 
-0.0395209 
-0.0388159 
-0.037764 
-0.0362333 
-0.0342458 
-0.0318292 
-0.0290158 
-0.0258352 
-0.0223146 
-0.0184781 
-0.01435 
-0.00996538 
-0.00538551 
-0.000723015 
0.00380917 
0.00792164 
0.0114201 
0.014218 
0.0162966 
0.017709 
0.0185455 
0.0189155 
0.0189298 
0.018692 
0.0182932 
0.0178079 
0.0172934 
0.0167895 
0.016321 
0.0158986 
0.0155216 
0.0151777 
0.0148459 
0.0144913 
0.0140749 
0.0135251 
0.0127738 
0.011636 
0.00992432 
0.00992432 
0.0351993 
0.0351993 
0.0319764 
0.0294662 
0.027529 
0.0258594 
0.0242564 
0.0225477 
0.0205871 
0.018252 
0.0154474 
0.0121098 
0.00824268 
0.00394047 
-0.000618216 
-0.00522746 
-0.00971591 
-0.0139901 
-0.0180169 
-0.0217897 
-0.0253066 
-0.0285492 
-0.0314676 
-0.0339705 
-0.0359083 
-0.0370183 
-0.0370174 
-0.0363352 
-0.0352959 
-0.0338119 
-0.0319104 
-0.0296228 
-0.0269788 
-0.0240068 
-0.0207318 
-0.0171769 
-0.0133661 
-0.00933545 
-0.00514824 
-0.000915269 
0.00318375 
0.00692339 
0.0101388 
0.0127439 
0.0147129 
0.0160804 
0.0169191 
0.0173227 
0.0173897 
0.0172141 
0.0168798 
0.0164571 
0.0160013 
0.0155526 
0.0151371 
0.0147674 
0.0144447 
0.0141584 
0.0138878 
0.0135987 
0.013249 
0.0127678 
0.0120788 
0.0110068 
0.00941609 
0.00941609 
0.0324345 
0.0324345 
0.0294514 
0.0269885 
0.0250459 
0.0233889 
0.0218223 
0.0201894 
0.0183558 
0.0162137 
0.0136833 
0.01072 
0.0073364 
0.00361161 
-0.000320852 
-0.00431816 
-0.00825764 
-0.0120595 
-0.0156835 
-0.0191111 
-0.0223308 
-0.0253209 
-0.0280359 
-0.0303966 
-0.0322699 
-0.0334614 
-0.0336003 
-0.0329684 
-0.0319718 
-0.0305764 
-0.0288081 
-0.026701 
-0.0242813 
-0.021576 
-0.0186095 
-0.0154061 
-0.0119938 
-0.00841248 
-0.00472558 
-0.00102995 
0.00253792 
0.00581221 
0.00865708 
0.0109928 
0.0127905 
0.0140701 
0.0148862 
0.0153143 
0.0154373 
0.0153363 
0.0150854 
0.0147477 
0.0143741 
0.0140026 
0.0136586 
0.0133554 
0.0130951 
0.0128686 
0.012656 
0.0124248 
0.0121306 
0.0117056 
0.0110666 
0.0100638 
0.00862402 
0.00862402 
0.0287434 
0.0287434 
0.0260977 
0.023782 
0.0219035 
0.0203102 
0.0188301 
0.017324 
0.0156738 
0.0137876 
0.0116008 
0.00908233 
0.00624517 
0.00314886 
-0.000112819 
-0.00344797 
-0.0067703 
-0.0100152 
-0.013143 
-0.0161301 
-0.0189587 
-0.0216044 
-0.0240239 
-0.0261489 
-0.0278655 
-0.0290193 
-0.0292749 
-0.0287185 
-0.0278007 
-0.0265412 
-0.024961 
-0.0230951 
-0.0209655 
-0.0185972 
-0.0160138 
-0.0132408 
-0.0103081 
-0.00725633 
-0.00414299 
-0.00104745 
0.00192953 
0.00467121 
0.00707442 
0.00907241 
0.0106376 
0.0117793 
0.0125363 
0.0129657 
0.0131331 
0.0131047 
0.0129423 
0.0126996 
0.0124205 
0.0121384 
0.0118764 
0.0116466 
0.0114514 
0.0112828 
0.011122 
0.010939 
0.0106896 
0.0103108 
0.0097195 
0.00880285 
0.00754789 
0.00754789 
0.0240449 
0.0240449 
0.0218395 
0.0198023 
0.0180979 
0.0166503 
0.0153267 
0.014012 
0.012608 
0.0110396 
0.00925579 
0.00723324 
0.00498054 
0.00253685 
-3.62491e-05 
-0.0026741 
-0.00531943 
-0.00792701 
-0.0104658 
-0.0129138 
-0.0152512 
-0.0174527 
-0.0194789 
-0.0212723 
-0.0227396 
-0.023763 
-0.024071 
-0.0236102 
-0.0228135 
-0.0217416 
-0.0204106 
-0.0188534 
-0.0170873 
-0.0151338 
-0.0130143 
-0.010753 
-0.00837827 
-0.00592629 
-0.00344405 
-0.000991188 
0.00136149 
0.00353309 
0.00544876 
0.0070585 
0.00833961 
0.00929577 
0.00995269 
0.0103511 
0.0105397 
0.0105687 
0.0104862 
0.0103346 
0.0101491 
0.0099568 
0.00977646 
0.00961832 
0.00948404 
0.00936661 
0.00924931 
0.00910518 
0.00889359 
0.00855952 
0.00802989 
0.00723209 
0.00619768 
0.00619768 
0.018352 
0.018352 
0.016688 
0.0150795 
