0 
-0.000940897 
8.5048e-06 
0.00107145 
0.00144808 
0.00161254 
0.00168221 
0.00169518 
0.00168057 
0.00165306 
0.00162367 
0.00159828 
0.00158003 
0.0015699 
0.00156748 
0.00157148 
0.00158005 
0.00159101 
0.00160204 
0.00161072 
0.00161466 
0.00161155 
0.00159921 
0.00157564 
0.00153916 
0.00148837 
0.00142228 
0.0013403 
0.00124229 
0.00112857 
0.000999883 
0.000857365 
0.000702525 
0.000537149 
0.000363268 
0.000182986 
-9.06657e-07 
-0.000185029 
-0.000367414 
-0.000546742 
-0.000721595 
-0.000890648 
-0.00105282 
-0.0012072 
-0.00135289 
-0.00148886 
-0.00161386 
-0.00172621 
-0.00182361 
-0.00190313 
-0.00196116 
-0.00199353 
-0.00199571 
-0.00196297 
-0.00189072 
-0.00177601 
-0.00162203 
-0.0014437 
-0.0012641 
-0.00109874 
-0.000947401 
-0.00080636 
-0.000680644 
-0.000582737 
-0.000523972 
0 
0.000940897 
0.000940897 
-8.5048e-06 
-0.00107145 
-0.00144808 
-0.00161254 
-0.00168221 
-0.00169518 
-0.00168057 
-0.00165306 
-0.00162367 
-0.00159828 
-0.00158003 
-0.0015699 
-0.00156748 
-0.00157148 
-0.00158005 
-0.00159101 
-0.00160204 
-0.00161072 
-0.00161466 
-0.00161155 
-0.00159921 
-0.00157564 
-0.00153916 
-0.00148837 
-0.00142228 
-0.0013403 
-0.00124229 
-0.00112857 
-0.000999883 
-0.000857365 
-0.000702525 
-0.000537149 
-0.000363268 
-0.000182986 
9.06657e-07 
0.000185029 
0.000367414 
0.000546742 
0.000721595 
0.000890648 
0.00105282 
0.0012072 
0.00135289 
0.00148886 
0.00161386 
0.00172621 
0.00182361 
0.00190313 
0.00196116 
0.00199353 
0.00199571 
0.00196297 
0.00189072 
0.00177601 
0.00162203 
0.0014437 
0.0012641 
0.00109874 
0.000947401 
0.00080636 
0.000680644 
0.000582737 
0.000523972 
0.000523972 
0.00183048 
0.00183048 
-0.000972439 
-0.00262548 
-0.0036284 
-0.00413032 
-0.00436978 
-0.00443643 
-0.00441588 
-0.00435431 
-0.00428508 
-0.00422686 
-0.0041897 
-0.00417716 
-0.0041886 
-0.00422068 
-0.00426833 
-0.00432547 
-0.00438541 
-0.00444117 
-0.00448568 
-0.004512 
-0.00451344 
-0.00448387 
-0.0044178 
-0.00431068 
-0.00415899 
-0.0039604 
-0.00371385 
-0.00341956 
-0.00307905 
-0.002695 
-0.00227119 
-0.00181227 
-0.00132363 
-0.000810971 
-0.000280397 
0.000261006 
0.000806711 
0.00135136 
0.00189005 
0.00241829 
0.00293215 
0.00342808 
0.00390258 
0.00435175 
0.00477084 
0.00515366 
0.00549217 
0.00577623 
0.00599372 
0.00613091 
0.0061732 
0.00610606 
0.00591655 
0.00559825 
0.00516318 
0.00465467 
0.00413596 
0.00365127 
0.00320801 
0.00280529 
0.00245626 
0.00218818 
0.00202673 
0.00202673 
0.000132308 
0.000132308 
-0.00248822 
-0.00437947 
-0.0057123 
-0.00643799 
-0.00679073 
-0.00689052 
-0.00685847 
-0.00676767 
-0.00666977 
-0.00659417 
-0.00655626 
-0.0065611 
-0.00660711 
-0.00668835 
-0.0067962 
-0.00692039 
-0.0070497 
-0.00717238 
-0.00727651 
-0.00735036 
-0.00738265 
-0.0073629 
-0.0072818 
-0.00713151 
-0.00690598 
-0.00660112 
-0.00621497 
-0.00574774 
-0.00520173 
-0.00458131 
-0.00389264 
-0.00314349 
-0.00234289 
-0.00150072 
-0.000627161 
0.000267698 
0.00117367 
0.00208115 
0.00298161 
0.00386738 
0.00473172 
0.00556858 
0.00637206 
0.00713573 
0.00785164 
0.00850942 
0.0090954 
0.0095921 
0.00997834 
0.01023 
0.0103214 
0.0102272 
0.00992618 
0.00940958 
0.00870012 
0.00786906 
0.00701455 
0.00620383 
0.00545192 
0.00476339 
0.00416132 
0.00369222 
0.00340486 
0.00340486 
-0.00128129 
-0.00128129 
-0.00399766 
-0.00617334 
-0.00766222 
-0.00848525 
-0.00886429 
-0.0089533 
-0.00889434 
-0.00877849 
-0.00866851 
-0.00859953 
-0.00858875 
-0.00864028 
-0.00874986 
-0.00890788 
-0.00910148 
-0.00931588 
-0.00953519 
-0.00974293 
-0.0099225 
-0.0100575 
-0.0101322 
-0.0101321 
-0.010044 
-0.009857 
-0.00956269 
-0.00915535 
-0.0086323 
-0.00799386 
-0.00724338 
-0.00638703 
-0.00543358 
-0.0043941 
-0.00328159 
-0.00211046 
-0.000896173 
0.000345506 
0.00160013 
0.00285483 
0.00409788 
0.00531895 
0.00650918 
0.00766087 
0.00876675 
0.00981897 
0.0108077 
0.0117196 
0.0125364 
0.0132339 
0.013782 
0.0141453 
0.014286 
0.0141666 
0.0137565 
0.0130452 
0.0120682 
0.0109247 
0.00974238 
0.00860312 
0.00752702 
0.00652792 
0.00563883 
0.0049316 
0.00448873 
0.00448873 
-0.00316084 
-0.00316084 
-0.00588861 
-0.00808202 
-0.00955518 
-0.0103433 
-0.0106748 
-0.0107188 
-0.0106272 
-0.0104989 
-0.0104003 
-0.0103668 
-0.0104135 
-0.0105409 
-0.0107403 
-0.0109977 
-0.0112959 
-0.011616 
-0.011938 
-0.0122412 
-0.012505 
-0.0127088 
-0.0128327 
-0.0128583 
-0.0127689 
-0.0125505 
-0.0121922 
-0.0116868 
-0.0110308 
-0.0102248 
-0.00927307 
-0.00818367 
-0.00696799 
-0.00564043 
-0.00421797 
-0.00271959 
-0.001166 
0.000422831 
0.00202851 
0.00363307 
0.0052199 
0.00677452 
0.00828487 
0.0097411 
0.0111347 
0.012457 
0.0136978 
0.0148425 
0.0158702 
0.0167517 
0.0174489 
0.0179157 
0.018101 
0.0179543 
0.0174345 
0.0165303 
0.0152921 
0.0138478 
0.0123466 
0.0108758 
0.00945761 
0.00811242 
0.00688174 
0.0058637 
0.00519154 
0.00519154 
-0.00472635 
-0.00472635 
-0.00761692 
-0.00982782 
-0.0112161 
-0.011917 
-0.0121708 
-0.0121635 
-0.0120497 
-0.0119301 
-0.0118694 
-0.0118987 
-0.0120281 
-0.0122525 
-0.0125584 
-0.0129276 
-0.0133393 
-0.0137713 
-0.0142006 
-0.0146032 
-0.0149548 
-0.0152312 
-0.0154085 
-0.0154642 
-0.015378 
-0.0151327 
-0.0147149 
-0.0141156 
-0.0133307 
-0.0123609 
-0.0112114 
-0.00989217 
-0.00841708 
-0.00680382 
-0.00507332 
-0.00324903 
-0.00135665 
0.000577992 
0.00253037 
0.0044772 
0.00639727 
0.00827237 
0.0100875 
0.0118309 
0.0134925 
0.0150635 
0.0165334 
0.0178871 
0.0191024 
0.0201463 
0.0209739 
0.0215286 
0.0217463 
0.0215621 
0.0209245 
0.0198231 
0.018328 
0.0165947 
0.0147851 
0.012982 
0.0112036 
0.00946634 
0.00780434 
0.00633773 
0.00529682 
0.00529682 
-0.00637775 
-0.00637775 
-0.00933974 
-0.0114582 
-0.012695 
-0.0132692 
-0.0134318 
-0.0133766 
-0.0132549 
-0.0131637 
-0.0131611 
-0.013271 
-0.0134963 
-0.0138261 
-0.0142427 
-0.0147248 
-0.0152492 
-0.0157918 
-0.0163271 
-0.0168287 
-0.0172691 
-0.0176201 
-0.0178542 
-0.0179445 
-0.0178669 
-0.0176007 
-0.0171299 
-0.0164438 
-0.0155374 
-0.0144113 
-0.013072 
-0.0115309 
-0.00980442 
-0.00791347 
-0.00588281 
-0.00374036 
-0.00151686 
0.000757737 
0.00305367 
0.00534092 
0.00759222 
0.00978432 
0.0118984 
0.0139199 
0.0158376 
0.0176422 
0.0193233 
0.0208666 
0.022249 
0.0234349 
0.0243735 
0.0249985 
0.0252322 
0.0249955 
0.0242277 
0.022924 
0.0211794 
0.0191755 
0.0170748 
0.0149463 
0.0127916 
0.0105896 
0.00836608 
0.0062685 
0.00465691 
0.00465691 
-0.00776474 
-0.00776474 
-0.0108246 
-0.0128385 
-0.0139176 
-0.0143729 
-0.0144586 
-0.0143745 
-0.014264 
-0.0142185 
-0.014287 
-0.0144852 
-0.014809 
-0.0152428 
-0.0157659 
-0.0163553 
-0.0169868 
-0.0176348 
-0.0182725 
-0.0188709 
-0.0193995 
-0.0198266 
-0.0201203 
-0.0202495 
-0.020186 
-0.0199055 
-0.019389 
-0.0186239 
-0.0176042 
-0.0163308 
-0.0148108 
-0.0130571 
-0.0110885 
-0.00892856 
-0.00660582 
-0.0041524 
-0.00160374 
0.00100431 
0.00363454 
0.00625038 
0.00881939 
0.0113142 
0.0137129 
0.0159984 
0.018158 
0.0201817 
0.0220591 
0.0237758 
0.0253085 
0.026619 
0.0276508 
0.0283277 
0.0285587 
0.028251 
0.027338 
0.0258277 
0.0238472 
0.0215978 
0.0192316 
0.0167875 
0.0142119 
0.0114317 
0.00847281 
0.00552019 
0.00314885 
0.00314885 
-0.00903582 
-0.00903582 
-0.0121335 
-0.0140077 
-0.0149289 
-0.0152797 
-0.0153064 
-0.0152113 
-0.0151262 
-0.0151357 
-0.0152786 
-0.015563 
-0.0159792 
-0.0165081 
-0.0171277 
-0.0178144 
-0.0185435 
-0.019289 
-0.0200226 
-0.0207133 
-0.0213279 
-0.0218308 
-0.022186 
-0.022358 
-0.0223142 
-0.0220264 
-0.0214727 
-0.0206384 
-0.0195165 
-0.0181077 
-0.0164199 
-0.0144672 
-0.0122703 
-0.00985532 
-0.00725437 
-0.00450377 
-0.00164359 
0.00128587 
0.00424012 
0.00717471 
0.010051 
0.0128372 
0.0155081 
0.0180447 
0.0204334 
0.0226636 
0.0247248 
0.0266026 
0.0282727 
0.0296939 
0.0308035 
0.0315147 
0.0317233 
0.0313244 
0.0302516 
0.0285367 
0.0263433 
0.0238836 
0.0212795 
0.0184927 
0.0153971 
0.0118864 
0.00799429 
0.00404607 
0.00092943 
0.00092943 
-0.0100625 
-0.0100625 
-0.013183 
-0.0149235 
-0.0157154 
-0.0159924 
-0.0159865 
-0.0159001 
-0.0158522 
-0.0159209 
-0.0161355 
-0.0164987 
-0.0169964 
-0.0176083 
-0.0183119 
-0.0190837 
-0.0198992 
-0.0207322 
-0.0215533 
-0.0223299 
-0.0230261 
-0.0236028 
-0.02402 
-0.0242377 
-0.0242186 
-0.0239307 
-0.0233487 
-0.0224558 
-0.0212438 
-0.0197133 
-0.0178724 
-0.0157362 
-0.0133266 
-0.0106721 
-0.007808 
-0.00477462 
-0.0016159 
0.00162132 
0.00488298 
0.00811747 
0.0112815 
0.0143398 
0.0172651 
0.020037 
0.0226409 
0.0250656 
0.0273003 
0.0293297 
0.0311276 
0.0326487 
0.0338227 
0.0345516 
0.0347174 
0.0342071 
0.032964 
0.0310555 
0.0286844 
0.0260509 
0.0231931 
0.0199814 
0.0162174 
0.0117816 
0.00682575 
0.00194506 
-0.00173851 
-0.00173851 
-0.0108979 
-0.0108979 
-0.0140023 
-0.0156166 
-0.0163097 
-0.0165414 
-0.0165262 
-0.0164636 
-0.0164594 
-0.0165864 
-0.0168655 
-0.0172964 
-0.0178625 
-0.0185434 
-0.0193167 
-0.0201597 
-0.0210485 
-0.0219566 
-0.0228543 
-0.0237077 
-0.0244785 
-0.0251249 
-0.0256025 
-0.0258672 
-0.0258772 
-0.0255961 
-0.0249953 
-0.0240554 
-0.0227673 
-0.0211308 
-0.0191542 
-0.016853 
-0.0142499 
-0.0113753 
-0.00826775 
-0.00497179 
-0.00153454 
0.00199126 
0.0055409 
0.00905514 
0.0124862 
0.0157965 
0.0189577 
0.0219488 
0.0247546 
0.0273633 
0.0297632 
0.0319373 
0.0338561 
0.0354685 
0.0366948 
0.0374242 
0.0375269 
0.0368859 
0.0354694 
0.0333951 
0.0308843 
0.0280783 
0.0249072 
0.0211296 
0.0165038 
0.0110106 
0.00503737 
-0.000574911 
-0.00465315 
-0.00465315 
-0.0115072 
-0.0115072 
-0.0145732 
-0.0160854 
-0.0167176 
-0.0169333 
-0.0169319 
-0.0169062 
-0.0169503 
-0.0171324 
-0.0174676 
-0.0179546 
-0.0185756 
-0.0193112 
-0.0201396 
-0.0210392 
-0.0219865 
-0.0229556 
-0.0239169 
-0.0248354 
-0.0256714 
-0.0263805 
-0.0269149 
-0.0272262 
-0.0272681 
-0.027 
-0.0263897 
-0.0254152 
-0.0240655 
-0.0223399 
-0.0202466 
-0.0178007 
-0.0150251 
-0.0119513 
-0.00862171 
-0.00508492 
-0.0013908 
0.00239895 
0.006208 
0.00997265 
0.0136433 
0.0171818 
0.020559 
0.0237535 
0.0267491 
0.029533 
0.0320917 
0.0344053 
0.0364396 
0.0381355 
0.0394017 
0.0401137 
0.0401307 
0.0393472 
0.0377717 
0.03556 
0.0329354 
0.0299252 
0.0263153 
0.0217843 
0.0161483 
0.00960373 
0.00279537 
-0.00333311 
-0.00770961 
-0.00770961 
-0.0119135 
-0.0119135 
-0.0149186 
-0.0163548 
-0.0169599 
-0.0171836 
-0.0172144 
-0.0172349 
-0.0173295 
-0.0175625 
-0.0179454 
-0.0184774 
-0.0191405 
-0.0199169 
-0.0207857 
-0.0217262 
-0.0227162 
-0.0237306 
-0.0247401 
-0.0257097 
-0.0265989 
-0.0273612 
-0.0279461 
-0.0283013 
-0.0283765 
-0.0281267 
-0.0275159 
-0.0265191 
-0.0251233 
-0.0233266 
-0.0211366 
-0.0185681 
-0.0156435 
-0.0123941 
-0.0088661 
-0.00511345 
-0.00119087 
0.00282862 
0.00686061 
0.0108419 
0.0147236 
0.0184669 
0.022042 
0.0254259 
0.0286012 
0.0315531 
0.0342657 
0.0367148 
0.0388594 
0.0406294 
0.04192 
0.0425953 
0.0425121 
0.0415762 
0.0398571 
0.0375619 
0.034822 
0.0315097 
0.0272884 
0.0218403 
0.0151554 
0.00769309 
0.000269946 
-0.0062108 
-0.0108285 
-0.0108285 
-0.012116 
-0.012116 
-0.0150437 
-0.0164342 
-0.0170436 
-0.0172966 
-0.0173763 
-0.0174507 
-0.0175981 
-0.0178782 
-0.0183017 
-0.0188686 
-0.0195623 
-0.0203666 
-0.0212616 
-0.0222278 
-0.0232442 
-0.0242871 
-0.025328 
-0.0263326 
-0.0272603 
-0.0280636 
-0.0286899 
-0.029084 
-0.0291917 
-0.0289642 
-0.0283613 
-0.0273547 
-0.0259287 
-0.0240796 
-0.0218141 
-0.0191466 
-0.016099 
-0.0127009 
-0.00900075 
-0.00505895 
-0.000942983 
0.00326191 
0.00747517 
0.0116389 
0.0157043 
0.0196311 
0.0233874 
0.0269481 
0.0302939 
0.0334075 
0.0362686 
0.0388474 
0.0410941 
0.0429271 
0.0442287 
0.0448457 
0.0446273 
0.0435535 
0.0417564 
0.0394046 
0.0364899 
0.0327297 
0.0277279 
0.0212782 
0.0136184 
0.00543343 
-0.0024109 
-0.0091333 
-0.0139517 
-0.0139517 
-0.0121165 
-0.0121165 
-0.0149784 
-0.0163496 
-0.0169844 
-0.0172824 
-0.017421 
-0.0175546 
-0.0177566 
-0.0180819 
-0.0185416 
-0.0191364 
-0.0198517 
-0.0206722 
-0.0215797 
-0.0225564 
-0.0235828 
-0.0246366 
-0.0256911 
-0.0267135 
-0.0276636 
-0.0284937 
-0.0291503 
-0.0295759 
-0.0297136 
-0.0295104 
-0.0289222 
-0.0279166 
-0.026475 
-0.0245916 
-0.0222716 
-0.0195293 
-0.0163871 
-0.0128733 
-0.00903465 
-0.00493715 
-0.000669639 
0.00367571 
0.00803344 
0.0123494 
0.0165736 
0.0206631 
0.0245837 
0.0283081 
0.0318141 
0.035081 
0.0380838 
0.0407865 
0.0431279 
0.0450061 
0.04628 
0.0468027 
0.0464685 
0.0453127 
0.0434849 
0.04106 
0.0378648 
0.0334994 
0.0276007 
0.0201621 
0.0116752 
0.00296152 
-0.00515804 
-0.0120483 
-0.0170329 
-0.0170329 
-0.0119245 
-0.0119245 
-0.0147387 
-0.016112 
-0.016788 
-0.0171438 
-0.0173505 
-0.0175485 
-0.0178072 
-0.018177 
-0.0186697 
-0.019287 
-0.0200162 
-0.0208436 
-0.0217524 
-0.0227263 
-0.0237472 
-0.024795 
-0.0258447 
-0.0268655 
-0.0278189 
-0.0286588 
-0.0293318 
-0.0297795 
-0.0299427 
-0.0297653 
-0.029199 
-0.0282074 
-0.026768 
-0.0248712 
-0.0225192 
-0.0197276 
-0.0165206 
-0.0129287 
-0.00899735 
-0.0047884 
-0.000403756 
0.00405476 
0.00853003 
0.0129714 
0.0173296 
0.0215605 
0.0256278 
0.0295018 
0.0331572 
0.0365688 
0.0397028 
0.042511 
0.0449191 
0.0468076 
0.048034 
0.0484659 
0.0480526 
0.0468722 
0.0450357 
0.0424799 
0.0388769 
0.0337788 
0.0269452 
0.0186079 
0.00946442 
0.00037857 
-0.0079166 
-0.0149159 
-0.0200345 
-0.0200345 
-0.0115549 
-0.0115549 
-0.0143408 
-0.0157339 
-0.0164633 
-0.0168869 
-0.0171681 
-0.0174353 
-0.0177534 
-0.0181686 
-0.0186935 
-0.0193304 
-0.0200684 
-0.0208952 
-0.0217955 
-0.0227544 
-0.0237556 
-0.0247811 
-0.0258084 
-0.0268095 
-0.0277484 
-0.0285812 
-0.0292555 
-0.0297133 
-0.0298938 
-0.0297384 
-0.029195 
-0.0282231 
-0.026796 
-0.0249017 
-0.0225415 
-0.0197291 
-0.0164888 
-0.0128556 
-0.00887786 
-0.00461604 
-0.000163299 
0.00438139 
0.00895224 
0.0134976 
0.0179683 
0.0223202 
0.0265155 
0.0305217 
0.0343095 
0.0378474 
0.0410923 
0.0439842 
0.0464313 
0.0483046 
0.0494711 
0.0498348 
0.0493963 
0.0482389 
0.0463829 
0.0436117 
0.0394852 
0.0335857 
0.0258542 
0.016749 
0.0071005 
-0.00224478 
-0.0106441 
-0.0177009 
-0.0229232 
-0.0229232 
-0.0110229 
-0.0110229 
-0.0137988 
-0.0152258 
-0.0160178 
-0.0165166 
-0.0168777 
-0.0172183 
-0.0175989 
-0.0180617 
-0.0186196 
-0.0192752 
-0.0200194 
-0.0208408 
-0.0217254 
-0.0226596 
-0.0236288 
-0.0246171 
-0.0256051 
-0.0265679 
-0.0274733 
-0.0282805 
-0.0289402 
-0.0293955 
-0.0295856 
-0.02945 
-0.0289336 
-0.0279916 
-0.0265929 
-0.0247214 
-0.022376 
-0.0195693 
-0.0163259 
-0.0126828 
-0.00869009 
-0.00441095 
6.90838e-05 
0.00466181 
0.00929826 
0.0139221 
0.0184826 
0.0229347 
0.0272383 
0.0313578 
0.0352582 
0.0388997 
0.0422288 
0.0451722 
0.0476268 
0.0494667 
0.0505825 
0.0509209 
0.0505131 
0.0494033 
0.0474897 
0.0444166 
0.0396904 
0.0329884 
0.0244494 
0.014711 
0.00466914 
-0.00485985 
-0.0133049 
-0.0203693 
-0.0256663 
-0.0256663 
-0.0103453 
-0.0103453 
-0.0131274 
-0.0145996 
-0.0154608 
-0.0160398 
-0.0164844 
-0.0169019 
-0.0173481 
-0.0178615 
-0.0184547 
-0.0191305 
-0.0198807 
-0.0206946 
-0.0215592 
-0.0224618 
-0.0233894 
-0.0243284 
-0.0252622 
-0.0261699 
-0.0270235 
-0.0277865 
-0.0284136 
-0.028851 
-0.029039 
-0.0289167 
-0.0284267 
-0.0275202 
-0.0261618 
-0.0243313 
-0.0220244 
-0.0192519 
-0.0160376 
-0.0124188 
-0.00844531 
-0.00417934 
0.000298464 
0.00490612 
0.0095764 
0.0142502 
0.0188745 
0.0234018 
0.0277892 
0.0319964 
0.0359815 
0.0396958 
0.0430757 
0.0460377 
0.0484765 
0.050281 
0.0513742 
0.0517382 
0.0514039 
0.0503416 
0.0483203 
0.0448805 
0.0395332 
0.0320854 
0.0228544 
0.0125971 
0.00223193 
-0.00742798 
-0.0158611 
-0.022884 
-0.0282275 
-0.0282275 
-0.00953926 
-0.00953926 
-0.0123419 
-0.0138681 
-0.0148031 
-0.0154649 
-0.0159946 
-0.0164912 
-0.0170058 
-0.0175731 
-0.018205 
-0.0189038 
-0.0196619 
-0.020469 
-0.0213123 
-0.0221799 
-0.02306 
-0.0239408 
-0.0248088 
-0.0256468 
-0.0264318 
-0.0271327 
-0.0277091 
-0.0281118 
-0.0282842 
-0.0281663 
-0.0276996 
-0.0268322 
-0.0255244 
-0.0237512 
-0.0215045 
-0.0187918 
-0.0156353 
-0.0120712 
-0.00814764 
-0.00392512 
0.000520873 
0.0051136 
0.00978705 
0.0144807 
0.0191397 
0.0237134 
0.0281551 
0.0324187 
0.0364552 
0.0402073 
0.0436034 
0.0465563 
0.0489677 
0.0507504 
0.0518587 
0.0522933 
0.0520553 
0.0510227 
0.0488497 
0.0450165 
0.0390809 
0.0309834 
0.0211754 
0.0104833 
-0.000157722 
-0.00990194 
-0.0182668 
-0.0252011 
-0.0305639 
-0.0305639 
-0.00862314 
-0.00862314 
-0.0114594 
-0.0130464 
-0.0140575 
-0.0148026 
-0.015417 
-0.015993 
-0.0165775 
-0.0172015 
-0.0178757 
-0.0186013 
-0.0193711 
-0.0201741 
-0.020998 
-0.0218308 
-0.0226613 
-0.0234793 
-0.0242739 
-0.0250316 
-0.0257345 
-0.0263571 
-0.0268653 
-0.0272157 
-0.0273566 
-0.0272307 
-0.0267799 
-0.0259506 
-0.024699 
-0.0229954 
-0.0208266 
-0.0181963 
-0.0151237 
-0.0116424 
-0.00779819 
-0.00364835 
0.000736356 
0.00528383 
0.00992961 
0.0146119 
0.0192736 
0.0238611 
0.028323 
0.0326074 
0.0366585 
0.0404123 
0.0437937 
0.0467183 
0.049103 
0.0508864 
0.0520462 
0.0525815 
0.0524429 
0.0514156 
0.0490669 
0.0448566 
0.0384108 
0.0297795 
0.0194937 
0.00841486 
-0.0024538 
-0.0122219 
-0.0204653 
-0.0272687 
-0.032625 
-0.032625 
-0.00761647 
-0.00761647 
-0.0104982 
-0.0121516 
-0.0132395 
-0.0140659 
-0.0147627 
-0.0154165 
-0.0160705 
-0.0167526 
-0.0174716 
-0.018228 
-0.0190136 
-0.0198172 
-0.0206259 
-0.0214272 
-0.0222103 
-0.0229655 
-0.023684 
-0.0243558 
-0.0249672 
-0.0254991 
-0.0259239 
-0.0262054 
-0.0262978 
-0.026149 
-0.0257031 
-0.0249063 
-0.0237118 
-0.0220855 
-0.0200084 
-0.0174793 
-0.0145129 
-0.0111393 
-0.00740099 
-0.00335175 
0.000942646 
0.00541481 
0.0100015 
0.0146396 
0.0192702 
0.0238361 
0.0282814 
0.032549 
0.0365778 
0.0403004 
0.0436427 
0.0465296 
0.0488963 
0.0507038 
0.0519408 
0.052588 
0.0525371 
0.0514941 
0.0489716 
0.0444396 
0.0375938 
0.0285555 
0.0178775 
0.00643317 
-0.00461164 
-0.014318 
-0.0223897 
-0.0290274 
-0.0343537 
-0.0343537 
-0.00653989 
-0.00653989 
-0.00947826 
-0.0112027 
-0.0123668 
-0.0132712 
-0.0140455 
-0.014773 
-0.0154938 
-0.0162331 
-0.016998 
-0.0177877 
-0.0185931 
-0.0194024 
-0.0202015 
-0.0209775 
-0.0217188 
-0.0224161 
-0.0230613 
-0.023647 
-0.0241635 
-0.0245972 
-0.0249276 
-0.0251257 
-0.0251536 
-0.0249655 
-0.02451 
-0.0237353 
-0.0225933 
-0.0210461 
-0.0190693 
-0.0166554 
-0.0138137 
-0.0105695 
-0.00696122 
-0.0030385 
0.00113778 
0.0055048 
0.0100006 
0.0145612 
0.0191254 
0.0236331 
0.0280246 
0.0322387 
0.0362116 
0.0398757 
0.0431625 
0.0460089 
0.048368 
0.0502156 
0.0515396 
0.0522921 
0.0523089 
0.0512379 
0.048567 
0.0437948 
0.0366776 
0.0273671 
0.0163817 
0.00456911 
-0.00658657 
-0.0161125 
-0.0239663 
-0.0304132 
-0.0356895 
-0.0356895 
-0.00541472 
-0.00541472 
-0.00842059 
-0.0102201 
-0.0114594 
-0.012437 
-0.0132824 
-0.014077 
-0.0148593 
-0.0156521 
-0.0164612 
-0.0172844 
-0.0181121 
-0.0189311 
-0.0197269 
-0.0204851 
-0.0211932 
-0.0218412 
-0.0224212 
-0.0229268 
-0.0233515 
-0.0236861 
-0.0239166 
-0.0240217 
-0.0239716 
-0.0237284 
-0.0232474 
-0.0224804 
-0.0213809 
-0.0199086 
-0.0180344 
-0.0157444 
-0.0130415 
-0.00994467 
-0.00648727 
-0.00271441 
0.00131802 
0.00555164 
0.00992586 
0.0143759 
0.0188393 
0.0232535 
0.027556 
0.0316837 
0.0355721 
0.039157 
0.0423775 
0.045183 
0.0475402 
0.049432 
0.0508363 
0.0516737 
0.0517349 
0.0506319 
0.0478514 
0.0429287 
0.035668 
0.026225 
0.0150474 
0.00290171 
-0.0082775 
-0.0175077 
-0.0251142 
-0.031361 
-0.0365722 
-0.0365722 
-0.00426197 
-0.00426197 
-0.0073459 
-0.00922481 
-0.010538 
-0.0115834 
-0.0124923 
-0.0133456 
-0.0141814 
-0.0150211 
-0.0158696 
-0.0167238 
-0.0175733 
-0.0184044 
-0.0192015 
-0.0199495 
-0.0206344 
-0.0212448 
-0.0217718 
-0.0222092 
-0.0225516 
-0.0227934 
-0.0229257 
-0.0229344 
-0.022798 
-0.0224871 
-0.0219649 
-0.0211896 
-0.0201181 
-0.0187103 
-0.0169344 
-0.0147707 
-0.012215 
-0.00927923 
-0.00599021 
-0.0023875 
0.00147843 
0.00555326 
0.00977761 
0.0140869 
0.0184177 
0.0227062 
0.026889 
0.0309024 
0.0346839 
0.0381739 
0.0413201 
0.0440823 
0.0464356 
0.0483626 
0.0498268 
0.0507204 
0.0508023 
0.0496687 
0.0468194 
0.0418261 
0.0345258 
0.0250664 
0.0138147 
0.00155612 
-0.00947919 
-0.0183979 
-0.0257558 
-0.0318145 
-0.0369528 
-0.0369528 
-0.00310154 
-0.00310154 
-0.00627348 
-0.00823599 
-0.00962226 
-0.0107304 
-0.0116947 
-0.0125971 
-0.0134766 
-0.0143542 
-0.0152344 
-0.0161137 
-0.0169815 
-0.017824 
-0.0186251 
-0.0193687 
-0.0200399 
-0.0206253 
-0.0211146 
-0.0214999 
-0.0217758 
-0.021938 
-0.0219814 
-0.0218978 
-0.0216735 
-0.0212876 
-0.0207121 
-0.019913 
-0.0188529 
-0.0174946 
-0.0158057 
-0.013763 
-0.0113557 
-0.00858825 
-0.00548002 
-0.00206386 
0.00161603 
0.00550978 
0.00955954 
0.0137015 
0.0178723 
0.0220083 
0.0260458 
0.0299229 
0.0335799 
0.0369629 
0.0400268 
0.0427388 
0.0450774 
0.0470203 
0.0485156 
0.0494333 
0.0495147 
0.0483549 
0.0454742 
0.0404717 
0.0332026 
0.0238285 
0.0126215 
0.00059202 
-0.0100185 
-0.0186926 
-0.0258307 
-0.0317323 
-0.0367936 
-0.0367936 
-0.00194992 
-0.00194992 
-0.00521894 
-0.00726923 
-0.00872837 
-0.00989479 
-0.010907 
-0.0118491 
-0.0127619 
-0.0136669 
-0.0145692 
-0.0154653 
-0.0163453 
-0.0171954 
-0.0179999 
-0.0187425 
-0.0194072 
-0.0199794 
-0.0204464 
-0.0207981 
-0.0210273 
-0.0211291 
-0.0211002 
-0.0209364 
-0.0206303 
-0.0201693 
-0.0195342 
-0.0186994 
-0.0176349 
-0.0163089 
-0.0146912 
-0.0127572 
-0.0104921 
-0.00789313 
-0.00497179 
-0.00175297 
0.00172673 
0.00542231 
0.00927776 
0.0132312 
0.0172202 
0.0211821 
0.0250549 
0.0287787 
0.0322978 
0.0355633 
0.0385356 
0.0411859 
0.0434924 
0.0454256 
0.0469204 
0.0478324 
0.0478971 
0.0467199 
0.043842 
0.0388887 
0.0317269 
0.0224871 
0.0115373 
0.00012509 
-0.00998097 
-0.0184043 
-0.0253427 
-0.0311081 
-0.0360991 
-0.0360991 
-0.000820339 
-0.000820339 
-0.00419291 
-0.00633423 
-0.0078663 
-0.00908778 
-0.0101418 
-0.0111152 
-0.0120517 
-0.012974 
-0.0138885 
-0.0147925 
-0.0156769 
-0.016529 
-0.0173339 
-0.0180756 
-0.0187381 
-0.0193057 
-0.0197638 
-0.0200998 
-0.0203036 
-0.020368 
-0.0202889 
-0.0200638 
-0.0196898 
-0.0191611 
-0.018467 
-0.0175906 
-0.01651 
-0.0151999 
-0.0136347 
-0.0117915 
-0.00965378 
-0.00721411 
-0.00447688 
-0.00145909 
0.00181122 
0.00529595 
0.00894232 
0.0126912 
0.0164822 
0.0202544 
0.023948 
0.0275062 
0.0308769 
0.0340151 
0.036885 
0.0394591 
0.0417129 
0.0436097 
0.0450747 
0.0459571 
0.0459971 
0.0448174 
0.0419849 
0.0371259 
0.0300851 
0.0211134 
0.0107117 
4.66795e-05 
-0.00950258 
-0.0176064 
-0.0243345 
-0.0299702 
-0.0348964 
-0.0348964 
0.000281381 
0.000281381 
-0.00319856 
-0.00543256 
-0.00703747 
-0.00831187 
-0.00940367 
-0.0104025 
-0.0113556 
-0.0122874 
-0.013206 
-0.0141102 
-0.0149922 
-0.0158406 
-0.0166416 
-0.0173806 
-0.0180419 
-0.0186097 
-0.0190683 
-0.019403 
-0.0196006 
-0.0196508 
-0.0195464 
-0.019284 
-0.0188624 
-0.0182807 
-0.0175355 
-0.0166185 
-0.0155161 
-0.0142105 
-0.0126816 
-0.0109107 
-0.00888189 
-0.00658583 
-0.00402165 
-0.00119906 
0.00186267 
0.00513258 
0.00856251 
0.0120976 
0.0156804 
0.0192529 
0.022758 
0.0261421 
0.0293561 
0.0323583 
0.0351146 
0.0375971 
0.0397779 
0.0416144 
0.0430264 
0.043864 
0.0438804 
0.0427206 
0.0399429 
0.0351849 
0.0283976 
0.0198615 
0.0101468 
0.000291295 
-0.00865687 
-0.0163848 
-0.0228797 
-0.0283806 
-0.0332429 
-0.0332429 
0.00135161 
0.00135161 
-0.00223066 
-0.00455686 
-0.00623372 
-0.0075597 
-0.00868746 
-0.00970908 
-0.0106752 
-0.0116126 
-0.0125313 
-0.0134317 
-0.0143075 
-0.0151488 
-0.0159433 
-0.0166775 
-0.0173369 
-0.0179063 
-0.0183701 
-0.0187126 
-0.0189183 
-0.0189737 
-0.0188678 
-0.0185939 
-0.0181494 
-0.0175352 
-0.016753 
-0.0158023 
-0.014678 
-0.01337 
-0.0118646 
-0.0101475 
-0.00820602 
-0.00603147 
-0.00362109 
-0.000980096 
0.00187952 
0.00493644 
0.00814874 
0.0114668 
0.0148371 
0.0182051 
0.0215169 
0.0247217 
0.0277734 
0.0306323 
0.0332648 
0.035642 
0.0377326 
0.0394903 
0.0408337 
0.0416208 
0.0416199 
0.040475 
0.0377519 
0.0331843 
0.0267542 
0.0187771 
0.0098284 
0.000788568 
-0.00752895 
-0.0148342 
-0.021067 
-0.0264196 
-0.0312134 
-0.0312134 
0.00240124 
0.00240124 
-0.00127849 
-0.0036927 
-0.00543866 
-0.00681513 
-0.00797897 
-0.00902402 
-0.0100042 
-0.010948 
-0.0118679 
-0.0127657 
-0.0136368 
-0.0144722 
-0.015261 
-0.0159908 
-0.0166485 
-0.0172198 
-0.0176902 
-0.0180441 
-0.0182656 
-0.018339 
-0.0182502 
-0.0179882 
-0.0175465 
-0.0169242 
-0.0161245 
-0.0151528 
-0.0140121 
-0.012701 
-0.0112131 
-0.00953893 
-0.007669 
-0.00559631 
-0.00331782 
-0.000836236 
0.00184122 
0.00469923 
0.00770311 
0.0108096 
0.0139704 
0.0171351 
0.0202536 
0.023278 
0.0261647 
0.0288753 
0.0313765 
0.0336379 
0.035626 
0.0372928 
0.0385598 
0.0392949 
0.0392721 
0.0381263 
0.0355078 
0.0311963 
0.0252123 
0.0178755 
0.00972165 
0.0014863 
-0.00619024 
-0.0130425 
-0.0189874 
-0.0241753 
-0.0288923 
-0.0288923 
0.00344494 
0.00344494 
-0.000326835 
-0.00281901 
-0.00463016 
-0.00605602 
-0.00725783 
-0.00833005 
-0.00932916 
-0.0102853 
-0.0112129 
-0.012115 
-0.0129881 
-0.0138244 
-0.0146136 
-0.0153441 
-0.0160035 
-0.0165789 
-0.0170567 
-0.0174228 
-0.017662 
-0.0177587 
-0.0176973 
-0.0174637 
-0.0170468 
-0.016441 
-0.015647 
-0.0146712 
-0.0135227 
-0.0122089 
-0.0107323 
-0.00908941 
-0.00727455 
-0.00528296 
-0.00311337 
-0.000769247 
0.00174377 
0.00441877 
0.00722827 
0.0101347 
0.0130951 
0.0160634 
0.0189934 
0.0218404 
0.0245629 
0.0271236 
0.0294895 
0.0316291 
0.0335076 
0.0350775 
0.0362656 
0.0369476 
0.0368778 
0.0357572 
0.0332825 
0.0292849 
0.0238074 
0.0171503 
0.00978935 
0.00233266 
-0.00470552 
-0.0110886 
-0.016726 
-0.0217337 
-0.0263642 
-0.0263642 
0.00450559 
0.00450559 
0.000645916 
-0.00191425 
-0.00378461 
-0.00525926 
-0.00650219 
-0.00760781 
-0.0086341 
-0.00961233 
-0.0105584 
-0.0114763 
-0.0123634 
-0.0132122 
-0.0140129 
-0.014754 
-0.0154235 
-0.016009 
-0.016498 
-0.0168777 
-0.0171345 
-0.0172546 
-0.017223 
-0.0170249 
-0.0166467 
-0.016078 
-0.0153138 
-0.0143567 
-0.0132166 
-0.0119072 
-0.0104411 
-0.00882494 
-0.0070582 
-0.00513713 
-0.00305931 
-0.0008272 
0.00155329 
0.00407419 
0.0067141 
0.00944128 
0.0122182 
0.0150038 
0.0177559 
0.0204332 
0.0229965 
0.02541 
0.0276408 
0.0296572 
0.0314241 
0.0328964 
0.0340048 
0.0346128 
0.0345085 
0.0334343 
0.0311402 
0.0274965 
0.022556 
0.016586 
0.00999518 
0.00328258 
-0.00313251 
-0.00904231 
-0.0143604 
-0.0191748 
-0.023709 
-0.023709 
0.00560577 
0.00560577 
0.00166462 
-0.000957959 
-0.00288077 
-0.00440469 
-0.00569305 
-0.00684006 
-0.0079039 
-0.00891651 
-0.00989462 
-0.0108428 
-0.0117589 
-0.0126354 
-0.0134624 
-0.0142282 
-0.0149204 
-0.0155269 
-0.0160352 
-0.0164336 
-0.0167102 
-0.0168528 
-0.0168491 
-0.0166858 
-0.0163497 
-0.0158283 
-0.0151118 
-0.0141962 
-0.0130852 
-0.0117914 
-0.0103331 
-0.00872857 
-0.00698902 
-0.00511725 
-0.00311217 
-0.000976168 
0.00128478 
0.0036686 
0.00616063 
0.0087311 
0.0113454 
0.0139665 
0.016556 
0.0190759 
0.0214896 
0.0237626 
0.025863 
0.0277591 
0.0294169 
0.030793 
0.031813 
0.0323471 
0.032221 
0.0312166 
0.0291298 
0.0258609 
0.0214632 
0.0161643 
0.0103066 
0.00429501 
-0.00152133 
-0.00696308 
-0.0119569 
-0.0165688 
-0.0209974 
-0.0209974 
0.00676424 
0.00676424 
0.00275254 
7.16115e-05 
-0.00190187 
-0.00347712 
-0.00481649 
-0.00601394 
-0.00712691 
-0.00818747 
-0.00921261 
-0.0102071 
-0.0111688 
-0.0120899 
-0.0129599 
-0.0137666 
-0.0144971 
-0.0151385 
-0.0156784 
-0.0161053 
-0.0164079 
-0.016576 
-0.0165992 
-0.0164671 
-0.0161693 
-0.0156946 
-0.0150326 
-0.0141751 
-0.0131184 
-0.011867 
-0.0104356 
-0.00884738 
-0.00712757 
-0.00529312 
-0.00334714 
-0.00128502 
0.000892787 
0.00317793 
0.00555535 
0.00799861 
0.010477 
0.0129569 
0.0154037 
0.0177829 
0.0200605 
0.022204 
0.0241825 
0.0259653 
0.0275191 
0.028799 
0.0297248 
0.0301967 
0.0300651 
0.0291495 
0.0272855 
0.0243955 
0.0205271 
0.0158668 
0.0106955 
0.00533784 
8.81612e-05 
-0.00489991 
-0.00957105 
-0.0139743 
-0.0182893 
-0.0182893 
0.00799766 
0.00799766 
0.00392866 
0.00119389 
-0.000836325 
-0.00246624 
-0.00386309 
-0.00512059 
-0.00629476 
-0.00741735 
-0.00850511 
-0.00956259 
-0.0105871 
-0.0115704 
-0.0125011 
-0.013366 
-0.0141513 
-0.0148433 
-0.0154291 
-0.0158968 
-0.0162358 
-0.0164365 
-0.0164901 
-0.0163885 
-0.0161241 
-0.0156891 
-0.0150755 
-0.0142757 
-0.0132831 
-0.0120946 
-0.0107131 
-0.00915183 
-0.00743566 
-0.00559721 
-0.00366533 
-0.0016536 
0.000440877 
0.00262488 
0.00490446 
0.00724795 
0.00961701 
0.0119804 
0.0143068 
0.0165649 
0.0187233 
0.0207515 
0.0226197 
0.0242987 
0.0257541 
0.0269334 
0.027778 
0.0282014 
0.0280796 
0.0272659 
0.0256292 
0.0231083 
0.0197414 
0.0156764 
0.011139 
0.00638697 
0.00166409 
-0.00289356 
-0.00724688 
-0.0114382 
-0.0156324 
-0.0156324 
0.00932029 
0.00932029 
0.00520483 
0.00241973 
0.000329416 
-0.00136296 
-0.0028259 
-0.00415286 
-0.00540066 
-0.00659962 
-0.00776602 
-0.00890373 
-0.0100092 
-0.0110731 
-0.0120828 
-0.0130237 
-0.0138808 
-0.0146394 
-0.0152858 
-0.0158078 
-0.0161948 
-0.0164377 
-0.0165289 
-0.0164618 
-0.0162308 
-0.0158306 
-0.0152567 
-0.0145045 
-0.0135702 
-0.0124506 
-0.011145 
-0.00965629 
-0.00799524 
-0.00618399 
-0.00425655 
-0.00224812 
-0.000172911 
0.00198128 
0.00421167 
0.00648497 
0.0087719 
0.0110437 
0.0132729 
0.015431 
0.0174887 
0.0194176 
0.0211895 
0.0227741 
0.0241318 
0.0252248 
0.0260021 
0.0263914 
0.0262917 
0.0255867 
0.0241728 
0.0220003 
0.0190976 
0.0155779 
0.0116185 
0.00742202 
0.00318476 
-0.000969213 
-0.00501399 
-0.00899335 
-0.0130615 
-0.0130615 
0.0107439 
0.0107439 
0.00659053 
0.00375847 
0.00160528 
-0.000160365 
-0.00169645 
-0.00310372 
-0.0044374 
-0.00572748 
-0.00698909 
-0.00822513 
-0.00943072 
-0.0105949 
-0.0117031 
-0.0127391 
-0.0136859 
-0.0145275 
-0.0152493 
-0.0158385 
-0.0162848 
-0.0165796 
-0.0167164 
-0.01669 
-0.0164962 
-0.0161317 
-0.0155936 
-0.0148797 
-0.0139882 
-0.0129183 
-0.0116707 
-0.0102473 
-0.00865133 
-0.00688792 
-0.004968 
-0.00292054 
-0.000807815 
0.00129608 
0.00346364 
0.00570732 
0.00794558 
0.0101523 
0.0123077 
0.0143875 
0.0163644 
0.0182114 
0.0198987 
0.0213953 
0.0226719 
0.023694 
0.0244187 
0.0247867 
0.0247184 
0.0241231 
0.02292 
0.0210683 
0.0185865 
0.0155587 
0.01212 
0.00842819 
0.00463682 
0.000853933 
-0.00289523 
-0.00666234 
-0.0106008 
-0.0106008 
0.0122784 
0.0122784 
0.00809432 
0.00521624 
0.0029988 
0.0011562 
-0.000467123 
-0.00196447 
-0.0033965 
-0.00479266 
-0.00616676 
-0.0075204 
-0.0088468 
-0.0101327 
-0.0113611 
-0.012513 
-0.0135689 
-0.014511 
-0.0153233 
-0.0159925 
-0.0165086 
-0.0168638 
-0.017053 
-0.0170726 
-0.0169204 
-0.0165946 
-0.0160941 
-0.0154176 
-0.0145645 
-0.0135352 
-0.0123318 
-0.0109591 
-0.00942605 
-0.00774499 
-0.00592894 
-0.003982 
-0.00189004 
0.000366461 
0.0026999 
0.00497 
0.00717003 
0.0093235 
0.0114238 
0.013445 
0.0153583 
0.0171357 
0.018751 
0.0201783 
0.0213897 
0.022356 
0.0230414 
0.0233992 
0.0233679 
0.0228787 
0.0218692 
0.0203059 
0.018199 
0.0156084 
0.0126342 
0.00939663 
0.0060129 
0.00257184 
-0.000897958 
-0.00445853 
-0.00826442 
-0.00826442 
0.0139325 
0.0139325 
0.00972422 
0.00680107 
0.00451782 
0.00259285 
0.000875607 
-0.000725409 
-0.00226813 
-0.00378503 
-0.00528952 
-0.00678124 
-0.00825108 
-0.00968271 
-0.0110555 
-0.0123467 
-0.0135336 
-0.0145953 
-0.0155143 
-0.0162767 
-0.0168725 
-0.0172954 
-0.0175422 
-0.0176115 
-0.0175034 
-0.0172181 
-0.0167562 
-0.0161175 
-0.0153021 
-0.0143099 
-0.0131425 
-0.011803 
-0.010298 
-0.00863676 
-0.00683152 
-0.00489254 
-0.00282366 
-0.000595877 
0.00177326 
0.0041351 
0.00638704 
0.00853827 
0.0106163 
0.0126016 
0.0144702 
0.0161982 
0.0177608 
0.0191345 
0.0202955 
0.0212193 
0.0218771 
0.0222329 
0.0222411 
0.0218506 
0.0210143 
0.019705 
0.0179266 
0.0157195 
0.0131555 
0.0103232 
0.00731025 
0.00418426 
0.000969232 
-0.00238936 
-0.00605768 
-0.00605768 
0.0157135 
0.0157135 
0.0114871 
0.00852054 
0.0061705 
0.00416033 
0.00234216 
0.000627335 
-0.00103946 
-0.00269239 
-0.00434525 
-0.00599683 
-0.00763481 
-0.00923893 
-0.0107837 
-0.0122412 
-0.0135839 
-0.0147871 
-0.0158307 
-0.0166998 
-0.0173851 
-0.017882 
-0.01819 
-0.0183107 
-0.0182472 
-0.0180024 
-0.0175786 
-0.0169767 
-0.0161966 
-0.0152376 
-0.0140993 
-0.0127831 
-0.0112933 
-0.00963734 
-0.00782703 
-0.00587724 
-0.00380596 
-0.00163592 
0.000610767 
0.00297543 
0.00538405 
0.00767687 
0.00982889 
0.0118396 
0.0137031 
0.0154074 
0.0169363 
0.018272 
0.0193958 
0.0202883 
0.0209275 
0.0212869 
0.0213339 
0.0210321 
0.0203469 
0.0192569 
0.0177615 
0.0158866 
0.0136811 
0.0112077 
0.00852953 
0.00569377 
0.00271727 
-0.000450509 
-0.00398203 
-0.00398203 
0.0176266 
0.0176266 
0.0133881 
0.0103806 
0.00796459 
0.00586752 
0.00394452 
0.00210778 
0.000303123 
-0.00149969 
-0.00331934 
-0.0051533 
-0.00698627 
-0.00879281 
-0.010541 
-0.012196 
-0.0137236 
-0.0150935 
-0.0162819 
-0.0172725 
-0.0180568 
-0.0186328 
-0.0190037 
-0.0191756 
-0.0191555 
-0.01895 
-0.0185635 
-0.0179981 
-0.0172531 
-0.0163265 
-0.0152153 
-0.0139177 
-0.0124348 
-0.0107706 
-0.00893496 
-0.00694208 
-0.00481647 
-0.00258053 
-0.000256981 
0.00210336 
0.00447196 
0.00680309 
0.00903318 
0.0111141 
0.0130219 
0.0147435 
0.016269 
0.0175882 
0.01869 
0.0195619 
0.0201897 
0.0205557 
0.0206384 
0.0204133 
0.0198567 
0.0189521 
0.0176968 
0.0161059 
0.0142105 
0.0120525 
0.00967418 
0.00710542 
0.00435153 
0.00135923 
-0.00203299 
-0.00203299 
0.0196733 
0.0196733 
0.015429 
0.0123848 
0.00990598 
0.00772327 
0.00569407 
0.0037307 
0.00177931 
-0.000191859 
-0.0021954 
-0.0042343 
-0.00629063 
-0.00833257 
-0.0103198 
-0.0122083 
-0.0139545 
-0.0155206 
-0.0168774 
-0.0180062 
-0.0188992 
-0.0195581 
-0.0199914 
-0.0202115 
-0.0202312 
-0.0200618 
-0.0197107 
-0.0191812 
-0.0184718 
-0.0175778 
-0.0164929 
-0.0152107 
-0.0137282 
-0.0120446 
-0.0101665 
-0.00811145 
-0.00590703 
-0.00359002 
-0.00121235 
0.00118117 
0.00358343 
0.00595686 
0.00825272 
0.0104141 
0.0123974 
0.0141751 
0.0157332 
0.0170646 
0.0181651 
0.0190302 
0.0196542 
0.020029 
0.0201429 
0.0199821 
0.0195317 
0.0187808 
0.0177258 
0.0163743 
0.0147444 
0.0128613 
0.0107499 
0.00842526 
0.0058802 
0.0030581 
-0.000201855 
-0.000201855 
0.0218503 
0.0218503 
0.0176071 
0.0145325 
0.0119971 
0.00973367 
0.00760044 
0.00550854 
0.00340313 
0.00125306 
-0.000954821 
-0.00322118 
-0.00552998 
-0.00784285 
-0.0101086 
-0.0122712 
-0.0142753 
-0.0160722 
-0.0176251 
-0.0189114 
-0.0199238 
-0.0206684 
-0.0211611 
-0.0214231 
-0.0214758 
-0.0213371 
-0.0210187 
-0.0205251 
-0.0198534 
-0.0189953 
-0.0179395 
-0.0166735 
-0.0151881 
-0.0134734 
-0.0115311 
-0.00937349 
-0.00704209 
-0.00459061 
-0.00207456 
0.000446688 
0.00292415 
0.00533241 
0.00765021 
0.00984486 
0.0118765 
0.013708 
0.0153131 
0.0166777 
0.0177971 
0.0186713 
0.0193016 
0.0196886 
0.0198303 
0.0197221 
0.0193578 
0.0187316 
0.0178409 
0.0166886 
0.0152835 
0.0136379 
0.0117628 
0.0096599 
0.00731109 
0.00465234 
0.00152081 
0.00152081 
0.0241476 
0.0241476 
0.0199128 
0.0168163 
0.0142341 
0.0118993 
0.00966921 
0.00745207 
0.00519046 
0.00285056 
0.000419958 
-0.00209641 
-0.0046857 
-0.00730581 
-0.00989187 
-0.0123728 
-0.0146782 
-0.0167456 
-0.0185274 
-0.0199947 
-0.0211394 
-0.0219724 
-0.0225192 
-0.0228132 
-0.022888 
-0.0227715 
-0.0224813 
-0.0220236 
-0.0213933 
-0.0205771 
-0.0195562 
-0.0183106 
-0.0168218 
-0.0150655 
-0.0130316 
-0.010751 
-0.00827344 
-0.0056588 
-0.00297581 
-0.000300813 
0.00231066 
0.00482366 
0.00721399 
0.00945493 
0.0115217 
0.0133875 
0.0150275 
0.016424 
0.0175685 
0.0184607 
0.0191052 
0.0195082 
0.0196757 
0.0196112 
0.019316 
0.0187898 
0.0180322 
0.0170439 
0.0158274 
0.0143857 
0.0127186 
0.0108166 
0.00865187 
0.00615164 
0.00315079 
0.00315079 
0.0265459 
0.0265459 
0.0223274 
0.0192198 
0.0166042 
0.0142119 
0.0118974 
0.00956347 
0.00714807 
0.00461383 
0.00194686 
-0.00084426 
-0.00374084 
-0.00670283 
-0.00965061 
-0.0124946 
-0.0151467 
-0.0175275 
-0.0195758 
-0.0212529 
-0.0225472 
-0.0234734 
-0.024068 
-0.0243805 
-0.024462 
-0.0243553 
-0.0240868 
-0.023665 
-0.0230811 
-0.0223146 
-0.0213369 
-0.0201178 
-0.018624 
-0.0168071 
-0.0146703 
-0.0122471 
-0.00959023 
-0.00676806 
-0.00386197 
-0.000958997 
0.00185288 
0.00451849 
0.00701302 
0.00931472 
0.0114097 
0.0132859 
0.0149309 
0.0163334 
0.017486 
0.0183876 
0.0190428 
0.0194601 
0.0196499 
0.0196213 
0.0193817 
0.0189356 
0.0182853 
0.0174314 
0.0163726 
0.0151053 
0.013621 
0.0119008 
0.00990869 
0.00756267 
0.00469354 
0.00469354 
0.0290146 
0.0290146 
0.0248203 
0.0217141 
0.0190818 
0.0166504 
0.014269 
0.0118325 
0.00927155 
0.00654284 
0.00363008 
0.000543082 
-0.00268698 
-0.00601913 
-0.00936518 
-0.012612 
-0.0156528 
-0.0183893 
-0.0207438 
-0.0226646 
-0.0241324 
-0.0251622 
-0.0258006 
-0.0261166 
-0.0261852 
-0.0260712 
-0.0258147 
-0.0254279 
-0.024896 
-0.0241881 
-0.0232625 
-0.0220751 
-0.0205693 
-0.0186874 
-0.0164393 
-0.0138605 
-0.011007 
-0.00795539 
-0.00479731 
-0.00163398 
0.00142627 
0.00430737 
0.00697045 
0.00938642 
0.0115413 
0.0134337 
0.0150671 
0.0164464 
0.0175757 
0.0184599 
0.0191061 
0.0195241 
0.0197257 
0.0197229 
0.0195264 
0.0191441 
0.0185808 
0.0178374 
0.016911 
0.0157933 
0.0144703 
0.0129152 
0.0110854 
0.00888963 
0.00615313 
0.00615313 
0.03151 
0.03151 
0.027347 
0.0242556 
0.021625 
0.0191757 
0.0167493 
0.0142297 
0.0115375 
0.00862088 
0.00545906 
0.00206152 
-0.00152432 
-0.00524818 
-0.00901839 
-0.0126964 
-0.0161567 
-0.0192827 
-0.0219802 
-0.0241814 
-0.0258542 
-0.0270074 
-0.0276934 
-0.0280005 
-0.0280344 
-0.0278915 
-0.0276336 
-0.0272789 
-0.0268036 
-0.0261617 
-0.0252941 
-0.024138 
-0.0226122 
-0.0206616 
-0.018297 
-0.0155555 
-0.0124967 
-0.00920204 
-0.00576949 
-0.00230998 
0.00105103 
0.0042027 
0.00708487 
0.00966009 
0.0119092 
0.0138354 
0.015455 
0.0167906 
0.0178644 
0.0186955 
0.0192998 
0.0196914 
0.0198839 
0.0198901 
0.0197219 
0.0193884 
0.0188953 
0.0182436 
0.0174294 
0.0164416 
0.0152621 
0.0138579 
0.012181 
0.0101314 
0.00752694 
0.00752694 
0.0339738 
0.0339738 
0.0298475 
0.026783 
0.0241725 
0.0217275 
0.0192802 
0.0167003 
0.013896 
0.0108034 
0.00739641 
0.00368642 
-0.00026792 
-0.00439796 
-0.00860064 
-0.0127191 
-0.0166092 
-0.0201411 
-0.0232061 
-0.025721 
-0.0276359 
-0.0289449 
-0.029696 
-0.0299916 
-0.029971 
-0.0297747 
-0.0294977 
-0.0291694 
-0.0287527 
-0.0281798 
-0.0273689 
-0.026236 
-0.0246829 
-0.0226593 
-0.0201797 
-0.0172817 
-0.0140274 
-0.0104996 
-0.00679814 
-0.00304076 
0.000639442 
0.00410295 
0.0072572 
0.0100478 
0.0124409 
0.0144376 
0.0160619 
0.0173524 
0.0183519 
0.0190994 
0.0196265 
0.0199577 
0.0201116 
0.0201029 
0.0199434 
0.0196419 
0.0192033 
0.0186279 
0.0179103 
0.0170368 
0.0159867 
0.0147216 
0.0131896 
0.0112815 
0.00880709 
0.00880709 
0.0363328 
0.0363328 
0.0322458 
0.0292175 
0.0266426 
0.0242221 
0.0217772 
0.0191616 
0.0162687 
0.0130208 
0.00938478 
0.00537201 
0.00104547 
-0.00349159 
-0.00811364 
-0.0126564 
-0.0169582 
-0.0208847 
-0.0243199 
-0.0271685 
-0.0293614 
-0.0308693 
-0.0317216 
-0.0320208 
-0.0319361 
-0.0316625 
-0.0313453 
-0.0310336 
-0.0306726 
-0.0301644 
-0.0293991 
-0.0282727 
-0.0266827 
-0.0245853 
-0.0219999 
-0.0189634 
-0.0155376 
-0.011803 
-0.00785583 
-0.00381507 
0.0001866 
0.00398074 
0.00743827 
0.0104823 
0.0130594 
0.0151626 
0.0168183 
0.0180768 
0.0189995 
0.0196467 
0.0200701 
0.0203095 
0.0203937 
0.0203423 
0.0201684 
0.0198797 
0.0194798 
0.0189665 
0.0183324 
0.0175612 
0.0166292 
0.0154937 
0.0140992 
0.0123275 
0.00997939 
0.00997939 
0.0385003 
0.0385003 
0.0344515 
0.0314636 
0.028935 
0.0265543 
0.0241324 
0.0215055 
0.0185514 
0.0151765 
0.0113376 
0.00704306 
0.00236111 
-0.00256259 
-0.00757168 
-0.012494 
-0.0171572 
-0.0214332 
-0.0252094 
-0.0283873 
-0.0308817 
-0.0326345 
-0.0336417 
-0.033984 
-0.0338444 
-0.0334769 
-0.0330966 
-0.032788 
-0.0324734 
-0.0320165 
-0.0312768 
-0.0301347 
-0.0284995 
-0.0263335 
-0.023662 
-0.0205182 
-0.016961 
-0.0130641 
-0.00891604 
-0.00463069 
-0.000336842 
0.00377973 
0.00755188 
0.010872 
0.0136628 
0.015904 
0.01762 
0.0188687 
0.0197268 
0.020274 
0.0205827 
0.0207111 
0.0207019 
0.0205831 
0.020372 
0.0200767 
0.0196991 
0.0192344 
0.0186725 
0.0179933 
0.0171705 
0.0161564 
0.0148924 
0.013251 
0.0110238 
0.0110238 
0.0403789 
0.0403789 
0.0363629 
0.0334134 
0.0309345 
0.0286018 
0.026218 
0.023602 
0.0206169 
0.0171514 
0.0131496 
0.00861425 
0.00361987 
-0.00165021 
-0.00699697 
-0.0122273 
-0.0171709 
-0.0217178 
-0.0257715 
-0.0292417 
-0.0320356 
-0.034068 
-0.0352916 
-0.0357405 
-0.0355819 
-0.035119 
-0.0346552 
-0.0343325 
-0.034049 
-0.0336214 
-0.032882 
-0.031704 
-0.0300198 
-0.0277982 
-0.025068 
-0.0218576 
-0.0182196 
-0.0142175 
-0.00992839 
-0.00545454 
-0.0009165 
0.00349207 
0.00756768 
0.0111615 
0.014172 
0.0165636 
0.0183573 
0.0196156 
0.0204268 
0.0208867 
0.0210856 
0.0210997 
0.0209866 
0.0207858 
0.0205209 
0.0202029 
0.0198334 
0.0194052 
0.0189052 
0.018309 
0.0175874 
0.0166872 
0.0155468 
0.0140284 
0.0119148 
0.0119148 
0.0418639 
0.0418639 
0.0378723 
0.0349519 
0.0325192 
0.0302352 
0.0278991 
0.0253147 
0.0223332 
0.0188253 
0.0147185 
0.0100032 
0.00475213 
-0.000811006 
-0.00642054 
-0.011861 
-0.0169779 
-0.0216904 
-0.0259288 
-0.029621 
-0.0326782 
-0.0349973 
-0.0364886 
-0.0371213 
-0.0370074 
-0.0364707 
-0.0359102 
-0.0355549 
-0.0352822 
-0.0348572 
-0.0340932 
-0.0328679 
-0.0311324 
-0.0288794 
-0.0261297 
-0.0229009 
-0.019239 
-0.0151961 
-0.0108366 
-0.00624556 
-0.00153192 
0.00311646 
0.00745836 
0.0112971 
0.0145093 
0.0170432 
0.0189168 
0.0201962 
0.0209784 
0.0213708 
0.0214776 
0.0213896 
0.0211782 
0.0208944 
0.0205699 
0.0202207 
0.0198498 
0.0194488 
0.0190022 
0.0184813 
0.0178537 
0.0170598 
0.0160354 
0.014631 
0.0126223 
0.0126223 
0.0428467 
0.0428467 
0.0388732 
0.0359671 
0.0335698 
0.0313269 
0.0290396 
0.026501 
0.0235558 
0.02006 
0.015924 
0.0111185 
0.00570526 
-6.6588e-05 
-0.00585162 
-0.0113828 
-0.0165545 
-0.0213177 
-0.0256341 
-0.0294554 
-0.032707 
-0.0352816 
-0.0370613 
-0.0379475 
-0.0379618 
-0.0373993 
-0.036742 
-0.0363374 
-0.0360534 
-0.0356042 
-0.0347966 
-0.0335235 
-0.0317557 
-0.0294916 
-0.0267497 
-0.0235508 
-0.0199264 
-0.0159144 
-0.0115671 
-0.00695225 
-0.00216117 
0.00265367 
0.00722229 
0.0112679 
0.0146401 
0.0172797 
0.0192109 
0.0205059 
0.0212683 
0.0216127 
0.0216514 
0.0214846 
0.0211941 
0.0208403 
0.0204633 
0.0200844 
0.0197099 
0.0193315 
0.0189324 
0.0184803 
0.0179396 
0.0172442 
0.0163271 
0.0150263 
0.0131121 
0.0131121 
0.0432195 
0.0432195 
0.0392648 
0.0363541 
0.033978 
0.0317651 
0.0295234 
0.0270426 
0.0241675 
0.0207509 
0.0166898 
0.0119156 
0.00642282 
0.000511735 
-0.00529409 
-0.0107705 
-0.0158765 
-0.0205817 
-0.0248723 
-0.028722 
-0.0320762 
-0.0348374 
-0.0368802 
-0.0380572 
-0.0382833 
-0.0377664 
-0.0370299 
-0.0365638 
-0.0362489 
-0.0357544 
-0.0348941 
-0.0335823 
-0.0318044 
-0.0295633 
-0.0268719 
-0.023745 
-0.0202065 
-0.0162841 
-0.0120167 
-0.00745776 
-0.00269292 
0.00214936 
0.00681867 
0.0109895 
0.0144657 
0.0171713 
0.0191334 
0.0204353 
0.0211862 
0.0215042 
0.0215044 
0.021291 
0.0209511 
0.0205519 
0.02014 
0.0197426 
0.0193698 
0.0190154 
0.0186618 
0.0182738 
0.0178132 
0.0172073 
0.0163874 
0.0151774 
0.0133494 
0.0133494 
0.0428623 
0.0428623 
0.0389711 
0.0360405 
0.0336649 
0.0314681 
0.0292579 
0.026831 
0.0240302 
0.0207142 
0.0167695 
0.0121289 
0.00683559 
0.00112598 
-0.00456733 
-0.00991316 
-0.0148758 
-0.0194491 
-0.0236361 
-0.0274282 
-0.0307926 
-0.03365 
-0.0358839 
-0.0373343 
-0.0378283 
-0.0374392 
-0.0366601 
-0.0361283 
-0.035769 
-0.0352181 
-0.0343077 
-0.0329742 
-0.0312122 
-0.0290239 
-0.0264182 
-0.0234071 
-0.0200073 
-0.0162384 
-0.0121268 
-0.00771096 
-0.0030603 
0.00170611 
0.00632035 
0.0104502 
0.0139109 
0.0166178 
0.0185834 
0.0198877 
0.0206391 
0.0209557 
0.0209507 
0.0207279 
0.0203754 
0.0199637 
0.0195436 
0.0191469 
0.0187877 
0.0184623 
0.0181539 
0.0178263 
0.0174385 
0.0169132 
0.0161793 
0.0150477 
0.0132988 
0.0132988 
0.0416807 
0.0416807 
0.0379058 
0.0349584 
0.0325718 
0.0303885 
0.0282098 
0.0258457 
0.0231393 
0.0199586 
0.0161951 
0.0118033 
0.0068581 
0.00157365 
-0.00374561 
-0.00882407 
-0.0135586 
-0.0179297 
-0.0219432 
-0.0255997 
-0.0288801 
-0.0317327 
-0.0340633 
-0.0357237 
-0.0364923 
-0.0363021 
-0.0355339 
-0.0349423 
-0.0345333 
-0.0339269 
-0.03298 
-0.0316485 
-0.0299305 
-0.0278262 
-0.0253408 
-0.0224832 
-0.0192658 
-0.0157028 
-0.0118127 
-0.00762598 
-0.00320457 
0.00132692 
0.00570432 
0.00963517 
0.0129579 
0.0155873 
0.0175189 
0.0188162 
0.0195776 
0.0199144 
0.0199348 
0.019738 
0.0194101 
0.019021 
0.0186233 
0.0182513 
0.0179221 
0.0176347 
0.0173731 
0.0171021 
0.0167774 
0.0163209 
0.015655 
0.0145885 
0.0129381 
0.0129381 
0.0395848 
0.0395848 
0.0359989 
0.0330666 
0.0306752 
0.0285161 
0.0263845 
0.0241058 
0.02153 
0.0185387 
0.0150436 
0.0110239 
0.00656158 
0.00183607 
-0.00294833 
-0.00759253 
-0.0119787 
-0.016061 
-0.0198306 
-0.0232858 
-0.0264126 
-0.0291698 
-0.0314805 
-0.0332219 
-0.0342128 
-0.0342669 
-0.0335723 
-0.0329391 
-0.0324847 
-0.0318363 
-0.0308762 
-0.0295765 
-0.0279346 
-0.0259483 
-0.0236197 
-0.0209555 
-0.0179657 
-0.0146625 
-0.0110637 
-0.00720287 
-0.00314731 
0.000977429 
0.0049562 
0.0085589 
0.011638 
0.0141095 
0.0159573 
0.0172258 
0.0179965 
0.018367 
0.0184358 
0.0182944 
0.0180232 
0.0176889 
0.0173428 
0.0170197 
0.0167376 
0.0164977 
0.0162849 
0.0160659 
0.0157941 
0.0153933 
0.0147777 
0.0137691 
0.0122388 
0.0122388 
0.0364875 
0.0364875 
0.0331803 
0.0303312 
0.0279717 
0.0258682 
0.0238212 
0.0216718 
0.0192838 
0.0165553 
0.0134199 
0.00987164 
0.00597969 
0.0018802 
-0.00227877 
-0.00635813 
-0.0102614 
-0.0139378 
-0.0173652 
-0.0205318 
-0.023421 
-0.0259982 
-0.0282 
-0.0299236 
-0.031011 
-0.0312793 
-0.0307206 
-0.0300775 
-0.0295919 
-0.0289269 
-0.027986 
-0.0267548 
-0.0252282 
-0.0234017 
-0.0212753 
-0.0188543 
-0.0161485 
-0.0131723 
-0.00994864 
-0.00651724 
-0.00294641 
0.000654867 
0.00412847 
0.00730047 
0.0100421 
0.0122763 
0.0139806 
0.0151827 
0.0159446 
0.0163464 
0.0164723 
0.0164026 
0.0162093 
0.0159527 
0.0156801 
0.0154241 
0.0152023 
0.0150163 
0.0148523 
0.014679 
0.014449 
0.0140902 
0.013512 
0.0125641 
0.0111819 
0.0111819 
0.0323242 
0.0323242 
0.0294004 
0.0267447 
0.0244967 
0.0225094 
0.0206082 
0.0186524 
0.0165242 
0.0141387 
0.0114463 
0.00844642 
0.00519076 
0.00177618 
-0.00169773 
-0.005138 
-0.00846887 
-0.0116416 
-0.0146282 
-0.0174108 
-0.0199696 
-0.0222731 
-0.0242679 
-0.0258714 
-0.0269549 
-0.0273503 
-0.0269561 
-0.0263436 
-0.0258515 
-0.0252048 
-0.0243241 
-0.0232056 
-0.0218417 
-0.0202269 
-0.0183596 
-0.0162448 
-0.013893 
-0.011321 
-0.00855515 
-0.0056364 
-0.00262684 
0.000385271 
0.00328701 
0.00595331 
0.00828141 
0.0102067 
0.0117053 
0.0127924 
0.0135122 
0.0139258 
0.0141006 
0.0141031 
0.0139938 
0.013824 
0.0136345 
0.0134536 
0.0132966 
0.0131648 
0.0130451 
0.0129088 
0.0127102 
0.0123833 
0.0118405 
0.0109705 
0.00976773 
0.00976773 
0.0270166 
0.0270166 
0.0245858 
0.0222667 
0.020253 
0.0184761 
0.0168036 
0.0151192 
0.0133268 
0.0113579 
0.00917448 
0.00677477 
0.00419241 
0.00148978 
-0.0012639 
-0.00400389 
-0.00667771 
-0.00924855 
-0.0116917 
-0.0139881 
-0.0161168 
-0.0180486 
-0.0197393 
-0.0211243 
-0.0221023 
-0.0225378 
-0.0222926 
-0.021753 
-0.0212892 
-0.0207029 
-0.0199302 
-0.0189749 
-0.0178278 
-0.0164836 
-0.01494 
-0.0132015 
-0.0112785 
-0.00918815 
-0.00695569 
-0.00461743 
-0.00222374 
0.000159458 
0.00245372 
0.00457029 
0.00643356 
0.00799443 
0.00923222 
0.0101542 
0.0107898 
0.0111828 
0.0113834 
0.0114423 
0.0114067 
0.0113172 
0.011206 
0.0110956 
0.0109979 
0.0109132 
0.0108295 
0.0107215 
0.010548 
0.0102524 
0.00976001 
0.00900057 
0.00801096 
0.00801096 
0.0205907 
0.0205907 
0.0187601 
0.0169395 
