0 
-0.000868243 
0.00010003 
0.00121434 
0.00161755 
0.00178826 
0.00186603 
0.00188262 
0.00186977 
0.00184298 
0.00181362 
0.00178783 
0.00176866 
0.00175692 
0.0017519 
0.00175195 
0.00175484 
0.00175803 
0.00175881 
0.00175451 
0.0017425 
0.00172037 
0.00168594 
0.00163738 
0.00157324 
0.00149251 
0.0013947 
0.00127976 
0.00114819 
0.00100092 
0.00083934 
0.000665193 
0.00048054 
0.000287693 
8.91774e-05 
-0.000111043 
-0.000309922 
-0.000505995 
-0.000697946 
-0.000884377 
-0.00106401 
-0.00123565 
-0.00139814 
-0.00155018 
-0.00169018 
-0.00181603 
-0.00192497 
-0.00201354 
-0.00207761 
-0.00211256 
-0.00211351 
-0.00207555 
-0.00199424 
-0.00186732 
-0.00169915 
-0.00150632 
-0.00131442 
-0.00114095 
-0.000982815 
-0.00082747 
-0.000671113 
-0.000522001 
-0.000391862 
-0.000293803 
-0.000236654 
0 
0.000868243 
0.000868243 
-0.00010003 
-0.00121434 
-0.00161755 
-0.00178826 
-0.00186603 
-0.00188262 
-0.00186977 
-0.00184298 
-0.00181362 
-0.00178783 
-0.00176866 
-0.00175692 
-0.0017519 
-0.00175195 
-0.00175484 
-0.00175803 
-0.00175881 
-0.00175451 
-0.0017425 
-0.00172037 
-0.00168594 
-0.00163738 
-0.00157324 
-0.00149251 
-0.0013947 
-0.00127976 
-0.00114819 
-0.00100092 
-0.00083934 
-0.000665193 
-0.00048054 
-0.000287693 
-8.91774e-05 
0.000111043 
0.000309922 
0.000505995 
0.000697946 
0.000884377 
0.00106401 
0.00123565 
0.00139814 
0.00155018 
0.00169018 
0.00181603 
0.00192497 
0.00201354 
0.00207761 
0.00211256 
0.00211351 
0.00207555 
0.00199424 
0.00186732 
0.00169915 
0.00150632 
0.00131442 
0.00114095 
0.000982815 
0.00082747 
0.000671113 
0.000522001 
0.000391862 
0.000293803 
0.000236654 
0.000236654 
0.00163546 
0.00163546 
-0.00130033 
-0.00302812 
-0.00407349 
-0.00460226 
-0.00485872 
-0.0049365 
-0.00492263 
-0.00486571 
-0.00479987 
-0.00474432 
-0.00470892 
-0.00469666 
-0.00470605 
-0.00473266 
-0.00477027 
-0.00481161 
-0.00484889 
-0.00487416 
-0.00487962 
-0.00485785 
-0.0048021 
-0.00470646 
-0.00456611 
-0.00437746 
-0.00413829 
-0.00384777 
-0.00350654 
-0.0031166 
-0.00268122 
-0.0022048 
-0.00169268 
-0.00115086 
-0.000585583 
-4.29523e-06 
0.000585119 
0.00117666 
0.00176486 
0.00234453 
0.00291105 
0.00346012 
0.00398738 
0.00448796 
0.00495593 
0.00538375 
0.00576182 
0.00607833 
0.00631952 
0.00647026 
0.00651495 
0.00643874 
0.00622951 
0.00588296 
0.00541423 
0.00487033 
0.00431934 
0.00380773 
0.0033328 
0.00287159 
0.00242068 
0.00199993 
0.00163474 
0.0013557 
0.0011902 
0.0011902 
-0.000458749 
-0.000458749 
-0.00309079 
-0.00505412 
-0.00643332 
-0.00719826 
-0.00757484 
-0.00769049 
-0.00766816 
-0.00758479 
-0.00749336 
-0.007424 
-0.00739163 
-0.00740025 
-0.00744666 
-0.00752302 
-0.00761866 
-0.00772126 
-0.00781763 
-0.00789435 
-0.0079382 
-0.00793663 
-0.00787811 
-0.00775259 
-0.00755176 
-0.00726942 
-0.00690161 
-0.00644677 
-0.00590572 
-0.00528161 
-0.00457974 
-0.00380736 
-0.00297338 
-0.00208793 
-0.00116169 
-0.000205905 
0.000768619 
0.00175104 
0.00273152 
0.00370114 
0.00465208 
0.00557713 
0.00646908 
0.00731994 
0.00811989 
0.00885629 
0.00951285 
0.0100693 
0.0105015 
0.0107831 
0.0108866 
0.0107867 
0.0104637 
0.00991239 
0.00916001 
0.00828215 
0.00738252 
0.0065293 
0.00572068 
0.00492995 
0.00415721 
0.00343208 
0.00279178 
0.00229375 
0.00199294 
0.00199294 
-0.00208793 
-0.00208793 
-0.00487918 
-0.00712232 
-0.00866218 
-0.00952041 
-0.00992004 
-0.010022 
-0.00997164 
-0.00986429 
-0.00976395 
-0.00970604 
-0.0097066 
-0.00976775 
-0.00988268 
-0.0100389 
-0.0102205 
-0.0104097 
-0.0105879 
-0.0107361 
-0.0108358 
-0.0108695 
-0.010821 
-0.0106764 
-0.010424 
-0.0100552 
-0.00956452 
-0.00894984 
-0.0082124 
-0.00735671 
-0.00639033 
-0.00532361 
-0.00416934 
-0.00294225 
-0.00165841 
-0.000334939 
0.00101137 
0.00236603 
0.00371587 
0.0050491 
0.00635555 
0.00762619 
0.00885231 
0.0100242 
0.0111299 
0.012153 
0.0130718 
0.0138583 
0.0144782 
0.0148928 
0.015062 
0.0149484 
0.0145238 
0.0137828 
0.0127657 
0.0115757 
0.010346 
0.00915771 
0.0080077 
0.00687053 
0.00575447 
0.0046966 
0.00374557 
0.00298765 
0.00251625 
0.00251625 
-0.00424962 
-0.00424962 
-0.00704389 
-0.00930363 
-0.0108177 
-0.0116323 
-0.0119762 
-0.0120277 
-0.0119426 
-0.0118241 
-0.0117394 
-0.0117235 
-0.0117892 
-0.0119339 
-0.0121454 
-0.012406 
-0.0126943 
-0.0129875 
-0.013262 
-0.0134939 
-0.0136602 
-0.0137385 
-0.0137086 
-0.0135526 
-0.0132558 
-0.0128071 
-0.0121996 
-0.0114308 
-0.0105023 
-0.00941993 
-0.00819356 
-0.00683662 
-0.0053658 
-0.00380051 
-0.00216217 
-0.000473784 
0.00124414 
0.00297169 
0.00469028 
0.00638341 
0.00803732 
0.00964052 
0.0111829 
0.0126542 
0.0140416 
0.0153276 
0.0164873 
0.017487 
0.0182837 
0.0188271 
0.0190636 
0.0189428 
0.0184272 
0.0175112 
0.0162497 
0.014773 
0.0132363 
0.0117233 
0.0102274 
0.00872955 
0.00724431 
0.00580992 
0.00447654 
0.00336205 
0.00262929 
0.00262929 
-0.00604665 
-0.00604665 
-0.00901807 
-0.0112911 
-0.0127137 
-0.0134297 
-0.0136864 
-0.0136796 
-0.0135697 
-0.0134615 
-0.0134198 
-0.0134742 
-0.0136312 
-0.0138817 
-0.0142077 
-0.014586 
-0.0149912 
-0.0153961 
-0.0157733 
-0.0160948 
-0.0163332 
-0.0164619 
-0.0164564 
-0.0162951 
-0.0159599 
-0.0154375 
-0.0147193 
-0.0138023 
-0.0126885 
-0.0113849 
-0.0099037 
-0.00826118 
-0.00647785 
-0.00457769 
-0.00258737 
-0.00053579 
0.00154904 
0.003641 
0.00571606 
0.00775343 
0.00973612 
0.0116505 
0.0134853 
0.01523 
0.0168719 
0.0183932 
0.0197676 
0.0209574 
0.0219123 
0.0225714 
0.0228676 
0.022737 
0.0221328 
0.0210505 
0.0195622 
0.0178246 
0.0160058 
0.0141827 
0.0123445 
0.0104804 
0.00859964 
0.0067153 
0.00489372 
0.00328349 
0.00213209 
0.00213209 
-0.0079152 
-0.0079152 
-0.0109637 
-0.0131402 
-0.0143997 
-0.0149764 
-0.015131 
-0.0150691 
-0.0149487 
-0.0148706 
-0.0148923 
-0.0150347 
-0.0152963 
-0.0156609 
-0.0161056 
-0.0166033 
-0.0171255 
-0.0176421 
-0.0181225 
-0.0185352 
-0.0188487 
-0.0190322 
-0.019057 
-0.0188973 
-0.0185318 
-0.0179443 
-0.0171249 
-0.0160697 
-0.014781 
-0.0132673 
-0.0115422 
-0.00962518 
-0.00754017 
-0.00531566 
-0.00298358 
-0.000578402 
0.00186719 
0.00431948 
0.00674723 
0.00912378 
0.0114276 
0.013642 
0.0157545 
0.0177543 
0.0196296 
0.0213632 
0.0229287 
0.0242859 
0.0253789 
0.0261368 
0.0264801 
0.0263316 
0.0256363 
0.0243941 
0.0226986 
0.0207306 
0.0186601 
0.0165485 
0.0143846 
0.0121542 
0.00983064 
0.00741089 
0.00497261 
0.00265695 
0.000865034 
0.000865034 
-0.00949035 
-0.00949035 
-0.0126415 
-0.0147076 
-0.0157993 
-0.0162451 
-0.0163122 
-0.0162138 
-0.0161016 
-0.0160702 
-0.0161673 
-0.0164044 
-0.0167719 
-0.0172483 
-0.0178069 
-0.0184183 
-0.0190522 
-0.0196765 
-0.0202577 
-0.0207613 
-0.0211518 
-0.021394 
-0.0214546 
-0.0213037 
-0.0209163 
-0.0202734 
-0.0193634 
-0.0181816 
-0.0167305 
-0.0150193 
-0.0130634 
-0.0108844 
-0.00850954 
-0.00597151 
-0.00330713 
-0.000556409 
0.00223951 
0.00503858 
0.00780305 
0.0105014 
0.0131084 
0.0156052 
0.0179776 
0.0202146 
0.0223047 
0.0242315 
0.0259684 
0.0274734 
0.0286852 
0.0295243 
0.029899 
0.0297203 
0.0289278 
0.0275316 
0.0256513 
0.0234875 
0.0211993 
0.0188298 
0.0163636 
0.0137483 
0.010921 
0.00786053 
0.0046007 
0.00133115 
-0.00127442 
-0.00127442 
-0.0109176 
-0.0109176 
-0.014112 
-0.016034 
-0.0169584 
-0.0172885 
-0.0172861 
-0.0171688 
-0.0170779 
-0.017101 
-0.0172748 
-0.0176026 
-0.018068 
-0.0186456 
-0.0193069 
-0.0200214 
-0.0207577 
-0.0214822 
-0.0221593 
-0.0227512 
-0.0232187 
-0.0235222 
-0.0236238 
-0.0234891 
-0.0230891 
-0.0224022 
-0.0214146 
-0.0201209 
-0.0185235 
-0.0166322 
-0.0144635 
-0.0120409 
-0.00939458 
-0.00656114 
-0.00358218 
-0.000502855 
0.00262914 
0.00576189 
0.00884978 
0.0118556 
0.0147505 
0.0175135 
0.0201298 
0.0225883 
0.0248779 
0.0269826 
0.0288756 
0.0305123 
0.0318265 
0.0327297 
0.0331192 
0.0328961 
0.032 
0.0304591 
0.0284235 
0.0261041 
0.0236371 
0.0210471 
0.0182818 
0.015244 
0.0118194 
0.0079201 
0.00359453 
-0.00073399 
-0.0040189 
-0.0040189 
-0.0120737 
-0.0120737 
-0.0152946 
-0.0170791 
-0.017866 
-0.0181119 
-0.0180664 
-0.017949 
-0.0178895 
-0.0179691 
-0.0182145 
-0.0186226 
-0.0191726 
-0.0198372 
-0.0205869 
-0.0213911 
-0.022218 
-0.0230329 
-0.0237983 
-0.0244738 
-0.0250163 
-0.025382 
-0.0255284 
-0.0254165 
-0.0250135 
-0.0242943 
-0.0232433 
-0.0218538 
-0.0201282 
-0.0180762 
-0.015715 
-0.0130693 
-0.0101716 
-0.00706241 
-0.00378723 
-0.000396232 
0.00305234 
0.00649616 
0.00988315 
0.0131722 
0.0163324 
0.0193414 
0.0221839 
0.0248487 
0.0273245 
0.0295952 
0.0316323 
0.0333884 
0.0347908 
0.0357421 
0.0361295 
0.0358479 
0.0348448 
0.0331758 
0.0310221 
0.0285909 
0.0259873 
0.0231918 
0.0201075 
0.016557 
0.0123358 
0.00737064 
0.00189983 
-0.00332633 
-0.00712279 
-0.00712279 
-0.0130073 
-0.0130073 
-0.0162172 
-0.0178736 
-0.0185554 
-0.0187465 
-0.0186811 
-0.0185779 
-0.0185543 
-0.0186867 
-0.0189934 
-0.0194678 
-0.0200863 
-0.0208212 
-0.0216429 
-0.0225214 
-0.0234245 
-0.0243173 
-0.0251607 
-0.0259119 
-0.0265247 
-0.0269513 
-0.0271448 
-0.0270616 
-0.0266647 
-0.0259256 
-0.0248264 
-0.023359 
-0.0215253 
-0.019335 
-0.016805 
-0.0139607 
-0.0108367 
-0.00747754 
-0.00393234 
-0.000255408 
0.00348478 
0.00721409 
0.0108741 
0.014421 
0.0178229 
0.0210574 
0.0241092 
0.0269666 
0.0296178 
0.0320451 
0.0342175 
0.0360824 
0.0375603 
0.0385441 
0.0389129 
0.038561 
0.0374542 
0.0356838 
0.0334575 
0.03096 
0.0282417 
0.0252385 
0.0217566 
0.0175092 
0.0122798 
0.00615654 
-0.000326566 
-0.00621688 
-0.0104204 
-0.0104204 
-0.0136895 
-0.0136895 
-0.0168661 
-0.0184194 
-0.0190351 
-0.0192016 
-0.0191394 
-0.0190622 
-0.019077 
-0.0192562 
-0.0196124 
-0.020138 
-0.0208083 
-0.0215961 
-0.0224726 
-0.0234083 
-0.0243715 
-0.0253271 
-0.0262353 
-0.0270516 
-0.0277272 
-0.0282109 
-0.0284516 
-0.0284015 
-0.0280192 
-0.0272724 
-0.0261403 
-0.0246133 
-0.0226924 
-0.0203871 
-0.0177136 
-0.014697 
-0.0113731 
-0.00779122 
-0.0040038 
-7.06873e-05 
0.00392564 
0.00790236 
0.0117995 
0.0155731 
0.0191913 
0.0226313 
0.0258768 
0.0289151 
0.0317326 
0.0343088 
0.0366084 
0.0385726 
0.040113 
0.0411135 
0.0414483 
0.0410182 
0.0398211 
0.0379908 
0.0357399 
0.0332065 
0.0303878 
0.027119 
0.02308 
0.0179312 
0.0115804 
0.00438209 
-0.00288435 
-0.00925863 
-0.0138062 
-0.0138062 
-0.0141418 
-0.0141418 
-0.0172641 
-0.0187418 
-0.0193266 
-0.0194935 
-0.0194533 
-0.0194107 
-0.0194641 
-0.0196829 
-0.0200768 
-0.0206391 
-0.0213448 
-0.0221685 
-0.0230818 
-0.0240568 
-0.0250622 
-0.0260635 
-0.0270207 
-0.0278884 
-0.0286163 
-0.0291505 
-0.0294364 
-0.0294219 
-0.0290614 
-0.0283184 
-0.0271687 
-0.0256007 
-0.0236144 
-0.0212187 
-0.0184292 
-0.0152694 
-0.011775 
-0.00800063 
-0.00400437 
0.000143828 
0.00434948 
0.00852959 
0.0126267 
0.0165975 
0.0204089 
0.0240365 
0.0274622 
0.0306711 
0.0336467 
0.0363645 
0.0387831 
0.0408356 
0.0424238 
0.0434231 
0.0437096 
0.0432049 
0.041949 
0.0401021 
0.0378727 
0.0353318 
0.0323805 
0.0287211 
0.0239361 
0.0177483 
0.0103029 
0.00221931 
-0.00561651 
-0.0123591 
-0.0171987 
-0.0171987 
-0.0143685 
-0.0143685 
-0.01742 
-0.018853 
-0.0194393 
-0.019629 
-0.019628 
-0.0196272 
-0.0197198 
-0.0199717 
-0.020393 
-0.0209783 
-0.0217044 
-0.0225473 
-0.0234803 
-0.0244764 
-0.0255055 
-0.026534 
-0.0275226 
-0.028426 
-0.0291931 
-0.0297682 
-0.0300939 
-0.0301148 
-0.0297811 
-0.0290518 
-0.0278988 
-0.026308 
-0.024278 
-0.0218172 
-0.0189409 
-0.0156711 
-0.0120408 
-0.00810772 
-0.00394078 
0.000371967 
0.00473415 
0.00907455 
0.0133376 
0.0174785 
0.0214613 
0.0252592 
0.0288514 
0.0322198 
0.0353437 
0.0381929 
0.0407183 
0.0428438 
0.0444621 
0.0454458 
0.0456799 
0.0451068 
0.0438293 
0.042033 
0.0398658 
0.0373112 
0.0341433 
0.0299319 
0.024248 
0.0169911 
0.00858026 
-0.000182333 
-0.00842333 
-0.0154503 
-0.0205361 
-0.0205361 
-0.0143716 
-0.0143716 
-0.0173631 
-0.0187786 
-0.0193893 
-0.0196191 
-0.0196688 
-0.0197151 
-0.0198476 
-0.0201286 
-0.0205699 
-0.0211678 
-0.0219015 
-0.0227489 
-0.0236847 
-0.0246835 
-0.025717 
-0.0267531 
-0.0277539 
-0.0286753 
-0.0294664 
-0.030071 
-0.0304302 
-0.0304856 
-0.0301827 
-0.0294756 
-0.0283331 
-0.0267378 
-0.0246857 
-0.0221844 
-0.0192502 
-0.0159059 
-0.012183 
-0.00813612 
-0.0038428 
0.000588338 
0.00506496 
0.00952926 
0.0139265 
0.0182103 
0.0223418 
0.0262911 
0.0300339 
0.033548 
0.0368074 
0.0397752 
0.0423931 
0.0445753 
0.0462041 
0.0471448 
0.047317 
0.0467192 
0.0454916 
0.0437978 
0.0417094 
0.0390977 
0.0355921 
0.0306799 
0.0240228 
0.0157629 
0.00655855 
-0.00270658 
-0.0112382 
-0.0184806 
-0.0237709 
-0.0237709 
-0.0141625 
-0.0141625 
-0.0171122 
-0.0185328 
-0.0191849 
-0.0194692 
-0.0195795 
-0.0196786 
-0.0198525 
-0.0201603 
-0.0206162 
-0.0212184 
-0.0219491 
-0.0227881 
-0.0237122 
-0.0246974 
-0.0257174 
-0.0267421 
-0.0277356 
-0.0286557 
-0.0294529 
-0.0300713 
-0.0304514 
-0.0305326 
-0.0302585 
-0.0295805 
-0.0284622 
-0.0268818 
-0.0248323 
-0.0223194 
-0.0193597 
-0.0159792 
-0.0122131 
-0.00811284 
-0.0037493 
0.000765214 
0.00533249 
0.00989491 
0.0143995 
0.0188002 
0.0230567 
0.0271367 
0.0310119 
0.0346548 
0.0380314 
0.0410947 
0.0437771 
0.0459825 
0.04759 
0.0484883 
0.0486319 
0.0480689 
0.0469509 
0.0453949 
0.0433765 
0.040633 
0.0366653 
0.0309563 
0.0233374 
0.0141987 
0.00436373 
-0.00527558 
-0.0140152 
-0.0214079 
-0.0268641 
-0.0268641 
-0.0137563 
-0.0137563 
-0.0166837 
-0.0181278 
-0.0188353 
-0.019186 
-0.0193654 
-0.0195231 
-0.0197415 
-0.0200763 
-0.0205442 
-0.0211454 
-0.0218653 
-0.0226857 
-0.0235852 
-0.0245419 
-0.0255314 
-0.0265261 
-0.0274932 
-0.028393 
-0.0291787 
-0.0297964 
-0.0301868 
-0.0302889 
-0.0300435 
-0.0293984 
-0.0283134 
-0.0267626 
-0.024735 
-0.0222346 
-0.0192778 
-0.015892 
-0.0121174 
-0.00800799 
-0.00363334 
0.000910368 
0.00553085 
0.0101612 
0.0147471 
0.0192399 
0.0235979 
0.0277852 
0.0317693 
0.035516 
0.0389831 
0.0421142 
0.0448315 
0.0470341 
0.0486099 
0.0494788 
0.0496384 
0.0491708 
0.0482111 
0.0468089 
0.0448275 
0.0418656 
0.0373418 
0.0308102 
0.0223073 
0.0124307 
0.0020907 
-0.00783766 
-0.016715 
-0.0241945 
-0.0297799 
-0.0297799 
-0.0131691 
-0.0131691 
-0.0160921 
-0.017575 
-0.0183486 
-0.0187753 
-0.0190312 
-0.0192538 
-0.0195209 
-0.0198852 
-0.0203653 
-0.0209635 
-0.0216679 
-0.0224625 
-0.0233278 
-0.0242437 
-0.025188 
-0.026136 
-0.0270579 
-0.0279179 
-0.0286727 
-0.0292715 
-0.0296575 
-0.0297701 
-0.0295494 
-0.0289407 
-0.0278996 
-0.0263956 
-0.0244138 
-0.0219551 
-0.019035 
-0.0156811 
-0.011935 
-0.00785013 
-0.00349483 
0.00104285 
0.00567799 
0.010342 
0.014978 
0.0195344 
0.0239666 
0.0282344 
0.0322992 
0.0361195 
0.0396444 
0.0428086 
0.0455286 
0.0477072 
0.0492529 
0.0501233 
0.0503521 
0.0500336 
0.0492643 
0.0480125 
0.04602 
0.0427658 
0.0376437 
0.0303296 
0.0210563 
0.0105696 
-0.000188118 
-0.0103481 
-0.0192978 
-0.0268023 
-0.0324811 
-0.0324811 
-0.0124171 
-0.0124171 
-0.015352 
-0.0168856 
-0.0177337 
-0.0182437 
-0.0185825 
-0.0188761 
-0.0191972 
-0.0195957 
-0.020091 
-0.0206872 
-0.021375 
-0.0221402 
-0.0229652 
-0.0238316 
-0.0247193 
-0.0256064 
-0.0264668 
-0.0272688 
-0.0279737 
-0.0285354 
-0.0289007 
-0.0290114 
-0.028808 
-0.0282343 
-0.0272427 
-0.0257981 
-0.0238811 
-0.0214889 
-0.0186344 
-0.0153446 
-0.0116605 
-0.00763471 
-0.00333251 
0.00116577 
0.00578059 
0.0104436 
0.0150961 
0.0196836 
0.0241575 
0.0284724 
0.0325834 
0.036441 
0.0399868 
0.0431499 
0.0458475 
0.0479946 
0.0495279 
0.0504401 
0.0507874 
0.0506562 
0.0500908 
0.0489702 
0.0469189 
0.0433309 
0.0376263 
0.0296178 
0.0196951 
0.00869342 
-0.00241879 
-0.0127581 
-0.0217171 
-0.0291878 
-0.0349258 
-0.0349258 
-0.0115175 
-0.0115175 
-0.0144782 
-0.016072 
-0.0170004 
-0.0175987 
-0.0180249 
-0.0183951 
-0.0187763 
-0.019215 
-0.0197308 
-0.0203291 
-0.0210027 
-0.0217389 
-0.0225217 
-0.023334 
-0.0241578 
-0.0249738 
-0.0257594 
-0.0264877 
-0.0271251 
-0.027631 
-0.0279575 
-0.0280506 
-0.027853 
-0.0273089 
-0.0263682 
-0.0249919 
-0.0231557 
-0.020852 
-0.0180898 
-0.0148937 
-0.0113024 
-0.00736626 
-0.00314752 
0.00127972 
0.00584089 
0.0104687 
0.0151026 
0.0196854 
0.0241645 
0.028489 
0.0326074 
0.0364638 
0.0399945 
0.0431278 
0.0457879 
0.0479087 
0.0494559 
0.0504484 
0.0509505 
0.0510267 
0.0506618 
0.0496448 
0.0475011 
0.0435802 
0.0373595 
0.0287742 
0.0183144 
0.00685875 
-0.00455789 
-0.0150124 
-0.0239171 
-0.0313006 
-0.0370649 
-0.0370649 
-0.010488 
-0.010488 
-0.0134869 
-0.015148 
-0.0161603 
-0.0168492 
-0.0173656 
-0.0178164 
-0.0182634 
-0.018749 
-0.0192925 
-0.0198996 
-0.0205646 
-0.021276 
-0.0220187 
-0.022777 
-0.0235344 
-0.0242738 
-0.0249762 
-0.0256188 
-0.026174 
-0.0266073 
-0.0268771 
-0.0269351 
-0.0267285 
-0.0262032 
-0.025309 
-0.0240037 
-0.0222584 
-0.0200597 
-0.0174117 
-0.0143347 
-0.010864 
-0.00704671 
-0.00294127 
0.00138388 
0.00585866 
0.0104168 
0.0149961 
0.0195369 
0.0239825 
0.028277 
0.0323636 
0.0361818 
0.0396664 
0.0427495 
0.0453675 
0.047475 
0.049062 
0.0501636 
0.0508398 
0.0511248 
0.0509433 
0.0500022 
0.0477549 
0.0435423 
0.0369104 
0.027882 
0.0169855 
0.00510828 
-0.00656116 
-0.0170426 
-0.0258312 
-0.033082 
-0.0388427 
-0.0388427 
-0.0093476 
-0.0093476 
-0.0123959 
-0.0141296 
-0.015227 
-0.0160064 
-0.0166131 
-0.0171467 
-0.0176637 
-0.0182027 
-0.0187815 
-0.0194057 
-0.0200703 
-0.0207644 
-0.0214735 
-0.0221826 
-0.0228761 
-0.0235389 
-0.0241547 
-0.0247051 
-0.0251678 
-0.0255149 
-0.0257117 
-0.0257171 
-0.0254842 
-0.0249632 
-0.0241053 
-0.0228671 
-0.0212158 
-0.0191328 
-0.0166156 
-0.0136789 
-0.0103528 
-0.00668058 
-0.00271618 
0.00147707 
0.00583343 
0.0102877 
0.0147763 
0.0192374 
0.0236108 
0.0278368 
0.0318549 
0.035603 
0.0390179 
0.042039 
0.0446168 
0.046725 
0.0483709 
0.0495956 
0.0504472 
0.0509266 
0.0509017 
0.0500136 
0.0476737 
0.0432399 
0.0363234 
0.0269946 
0.0157609 
0.00347475 
-0.00837865 
-0.0187676 
-0.0273835 
-0.0344678 
-0.0401983 
-0.0401983 
-0.00811685 
-0.00811685 
-0.0112249 
-0.0130353 
-0.0142171 
-0.0150845 
-0.0157789 
-0.0163945 
-0.0169835 
-0.0175806 
-0.0182018 
-0.0188518 
-0.0195256 
-0.0202123 
-0.0208976 
-0.0215663 
-0.0222036 
-0.0227952 
-0.0233273 
-0.023785 
-0.0241509 
-0.0244033 
-0.024515 
-0.0244524 
-0.0241759 
-0.0236418 
-0.0228051 
-0.0216235 
-0.0200622 
-0.0180976 
-0.0157213 
-0.0129407 
-0.00977972 
-0.00627576 
-0.00247784 
0.00155605 
0.0057641 
0.0100821 
0.0144456 
0.0187911 
0.0230563 
0.027179 
0.0310975 
0.0347504 
0.0380791 
0.0410322 
0.0435738 
0.0456921 
0.0474046 
0.0487511 
0.0497635 
0.0504094 
0.0505087 
0.0496567 
0.0472496 
0.0426778 
0.035609 
0.0261322 
0.0146889 
0.00202116 
-0.0099343 
-0.0200898 
-0.0284917 
-0.0353918 
-0.0410712 
-0.0410712 
-0.00681763 
-0.00681763 
-0.00999539 
-0.0118857 
-0.0131503 
-0.0141008 
-0.0148776 
-0.0155716 
-0.0162313 
-0.0168885 
-0.0175569 
-0.0182403 
-0.0189327 
-0.0196228 
-0.020296 
-0.0209367 
-0.0215296 
-0.022061 
-0.0225183 
-0.0228892 
-0.0231607 
-0.0233166 
-0.0233368 
-0.0231953 
-0.0228605 
-0.0222962 
-0.021463 
-0.0203223 
-0.0188393 
-0.0169879 
-0.0147539 
-0.0121381 
-0.00915638 
-0.00583945 
-0.00223011 
0.00161952 
0.00565187 
0.00980397 
0.0140111 
0.0182091 
0.0223347 
0.0263251 
0.0301192 
0.0336583 
0.0368898 
0.0397715 
0.0422784 
0.0444087 
0.0461838 
0.0476373 
0.0487832 
0.0495588 
0.0497476 
0.048919 
0.0464742 
0.0418415 
0.0347299 
0.0252364 
0.0137247 
0.000836738 
-0.0110655 
-0.0209109 
-0.0290779 
-0.0357968 
-0.0414111 
-0.0414111 
-0.00547261 
-0.00547261 
-0.00872979 
-0.0107033 
-0.0120483 
-0.0130761 
-0.0139279 
-0.0146933 
-0.0154191 
-0.0161347 
-0.0168519 
-0.0175731 
-0.0182916 
-0.0189952 
-0.0196684 
-0.0202948 
-0.0208583 
-0.0213446 
-0.0217415 
-0.0220382 
-0.0222247 
-0.0222897 
-0.0222191 
-0.0219943 
-0.0215919 
-0.0209833 
-0.0201367 
-0.0190185 
-0.0175971 
-0.0158459 
-0.0137475 
-0.0112964 
-0.00850093 
-0.00538374 
-0.00198 
0.00166532 
0.00549923 
0.00946041 
0.0134849 
0.0175089 
0.0214694 
0.0253047 
0.0289556 
0.0323676 
0.0354941 
0.0383007 
0.0407705 
0.0429069 
0.0447307 
0.0462666 
0.0475104 
0.0483747 
0.0486186 
0.0478031 
0.0453471 
0.0407087 
0.0336342 
0.0242354 
0.0127647 
4.94784e-05 
-0.0115176 
-0.0211177 
-0.0290681 
-0.0356333 
-0.0411744 
-0.0411744 
-0.00410446 
-0.00410446 
-0.00745061 
-0.00951075 
-0.0109345 
-0.0120333 
-0.0129515 
-0.0137793 
-0.0145634 
-0.0153317 
-0.0160951 
-0.0168546 
-0.0176029 
-0.0183269 
-0.0190105 
-0.0196359 
-0.0201858 
-0.0206449 
-0.0209999 
-0.0212406 
-0.0213583 
-0.0213452 
-0.0211922 
-0.0208875 
-0.020415 
-0.0197542 
-0.0188808 
-0.0177681 
-0.0163891 
-0.0147197 
-0.0127415 
-0.0104452 
-0.00783272 
-0.00491879 
-0.00173048 
0.00169557 
0.00531288 
0.00906294 
0.0128837 
0.0167129 
0.0204891 
0.0241524 
0.0276468 
0.0309221 
0.0339371 
0.0366637 
0.0390896 
0.04122 
0.0430721 
0.04466 
0.0459633 
0.0468756 
0.0471445 
0.0463367 
0.0438928 
0.0393101 
0.0323267 
0.0230481 
0.0118054 
-0.000319809 
-0.0113654 
-0.0207118 
-0.0284621 
-0.034892 
-0.0403659 
-0.0403659 
-0.00273386 
-0.00273386 
-0.00617821 
-0.00832912 
-0.00983085 
-0.0109956 
-0.0119719 
-0.0128522 
-0.0136845 
-0.0144968 
-0.0152996 
-0.0160935 
-0.0168705 
-0.0176175 
-0.0183175 
-0.0189522 
-0.0195029 
-0.0199526 
-0.0202865 
-0.0204932 
-0.0205639 
-0.0204923 
-0.0202729 
-0.0198993 
-0.0193621 
-0.0186486 
-0.0177418 
-0.0166222 
-0.0152689 
-0.013662 
-0.0117848 
-0.00962671 
-0.00718536 
-0.00446872 
-0.00149574 
0.00170591 
0.0050969 
0.00862309 
0.012226 
0.0158461 
0.0194246 
0.0229046 
0.0262334 
0.0293651 
0.0322631 
0.0349031 
0.0372755 
0.0393843 
0.0412411 
0.0428495 
0.0441753 
0.0451007 
0.0453734 
0.0445747 
0.0421776 
0.0376472 
0.0307908 
0.0217873 
0.0110608 
-0.000301924 
-0.010763 
-0.01977 
-0.0273036 
-0.0336018 
-0.0390121 
-0.0390121 
-0.00137907 
-0.00137907 
-0.00492905 
-0.00717504 
-0.00875553 
-0.00998314 
-0.0110111 
-0.0119347 
-0.0128051 
-0.0136511 
-0.0144839 
-0.0153042 
-0.0161045 
-0.0168717 
-0.0175892 
-0.0182383 
-0.0187998 
-0.019255 
-0.0195874 
-0.0197832 
-0.019832 
-0.0197269 
-0.0194637 
-0.0190394 
-0.0184504 
-0.0176908 
-0.0167511 
-0.0156187 
-0.0142789 
-0.012717 
-0.0109197 
-0.00887762 
-0.006587 
-0.00405173 
-0.0012846 
0.00169487 
0.00485669 
0.00815308 
0.0115306 
0.0149335 
0.0183067 
0.0215968 
0.0247548 
0.0277384 
0.0305143 
0.0330609 
0.0353687 
0.0374391 
0.0392772 
0.0408768 
0.0421937 
0.0431065 
0.0433707 
0.0425893 
0.0402021 
0.0357794 
0.029172 
0.0205878 
0.0105304 
3.13105e-06 
-0.00979915 
-0.0183927 
-0.025675 
-0.0318311 
-0.0371758 
-0.0371758 
-5.15226e-05 
-5.15226e-05 
-0.00371284 
-0.00605783 
-0.00771922 
-0.00900903 
-0.0100851 
-0.0110461 
-0.0119463 
-0.0128165 
-0.0136695 
-0.0145068 
-0.0153219 
-0.0161029 
-0.0168339 
-0.0174969 
-0.018073 
-0.0185429 
-0.0188886 
-0.0190939 
-0.0191456 
-0.0190343 
-0.0187545 
-0.0183042 
-0.0176832 
-0.0168913 
-0.0159261 
-0.0147821 
-0.0134513 
-0.0119241 
-0.0101914 
-0.0082463 
-0.00608544 
-0.00371063 
-0.00113026 
0.00164241 
0.00458459 
0.00765595 
0.0108096 
0.0139951 
0.017162 
0.0202608 
0.0232465 
0.0260798 
0.0287301 
0.0311769 
0.0334097 
0.035426 
0.0372244 
0.0387907 
0.0400748 
0.0409578 
0.0412072 
0.0404008 
0.0380601 
0.0338107 
0.0275488 
0.0195106 
0.0102172 
0.000553937 
-0.00855575 
-0.0166807 
-0.0236735 
-0.0296678 
-0.0349384 
-0.0349384 
0.00123973 
0.00123973 
-0.00253025 
-0.00497725 
-0.00672233 
-0.00807607 
-0.0092005 
-0.0101967 
-0.0111226 
-0.0120112 
-0.0128771 
-0.0137236 
-0.0145455 
-0.0153324 
-0.0160701 
-0.0167422 
-0.0173309 
-0.0178176 
-0.0181839 
-0.0184123 
-0.0184867 
-0.0183944 
-0.0181265 
-0.0176787 
-0.017051 
-0.0162464 
-0.0152683 
-0.0141186 
-0.012796 
-0.0112965 
-0.00961526 
-0.00774839 
-0.00569464 
-0.00345645 
-0.00104101 
0.00154172 
0.00427755 
0.00713449 
0.0100723 
0.0130466 
0.0160118 
0.0189231 
0.0217387 
0.0244226 
0.0269459 
0.0292881 
0.031437 
0.0333861 
0.035128 
0.0366424 
0.0378776 
0.0387188 
0.038919 
0.0380979 
0.035836 
0.0318213 
0.0259889 
0.0185819 
0.0100941 
0.00128492 
-0.00711331 
-0.0147304 
-0.0213987 
-0.027208 
-0.0323921 
-0.0323921 
0.00250055 
0.00250055 
-0.00137486 
-0.00392386 
-0.00575449 
-0.00717522 
-0.00835128 
-0.00938512 
-0.0103378 
-0.0112442 
-0.0121213 
-0.0129737 
-0.0137983 
-0.0145861 
-0.015325 
-0.0160004 
-0.0165965 
-0.0170964 
-0.017483 
-0.0177387 
-0.0178466 
-0.0177909 
-0.0175589 
-0.0171418 
-0.0165363 
-0.0157446 
-0.014773 
-0.0136296 
-0.0123208 
-0.0108497 
-0.00921646 
-0.00741996 
-0.0054602 
-0.00333971 
-0.00106464 
0.00135652 
0.00391165 
0.0065758 
0.00931573 
0.0120935 
0.0148689 
0.0176018 
0.0202545 
0.0227934 
0.0251909 
0.0274265 
0.0294858 
0.0313582 
0.0330315 
0.0344818 
0.0356565 
0.0364344 
0.0365764 
0.035755 
0.0336084 
0.0298818 
0.0245372 
0.0178068 
0.0101343 
0.0021579 
-0.00553523 
-0.0126242 
-0.0189424 
-0.0245449 
-0.0296283 
-0.0296283 
0.00374408 
0.00374408 
-0.000234539 
-0.00287924 
-0.00479592 
-0.00628678 
-0.0075199 
-0.00859768 
-0.00958331 
-0.010513 
-0.0114058 
-0.0122678 
-0.0130974 
-0.0138872 
-0.0146266 
-0.0153031 
-0.0159028 
-0.0164111 
-0.0168129 
-0.0170925 
-0.0172338 
-0.0172208 
-0.0170381 
-0.0166727 
-0.0161159 
-0.0153648 
-0.0144235 
-0.0133019 
-0.0120128 
-0.0105676 
-0.00897354 
-0.00723417 
-0.00535172 
-0.0033302 
-0.001177 
0.00109864 
0.00349003 
0.00598005 
0.00854081 
0.0111397 
0.0137413 
0.0163095 
0.01881 
0.0212117 
0.0234882 
0.0256183 
0.0275856 
0.0293763 
0.0309743 
0.0323529 
0.033456 
0.034154 
0.0342452 
0.0334437 
0.0314457 
0.0280447 
0.0232194 
0.017178 
0.0103041 
0.00312553 
-0.00387862 
-0.0104342 
-0.0163859 
-0.0217636 
-0.0267327 
-0.0267327 
0.00499322 
0.00499322 
0.000911962 
-0.00182128 
-0.0038214 
-0.0053853 
-0.00668174 
-0.00781222 
-0.00884071 
-0.00980431 
-0.0107233 
-0.0116051 
-0.0124491 
-0.0132492 
-0.0139959 
-0.014678 
-0.015283 
-0.0157985 
-0.0162114 
-0.0165088 
-0.016677 
-0.0167019 
-0.0165688 
-0.0162631 
-0.0157718 
-0.015086 
-0.0142029 
-0.0131284 
-0.0118762 
-0.0104646 
-0.0089111 
-0.00722759 
-0.0054194 
-0.00348896 
-0.0014401 
0.000719219 
0.00297935 
0.00532524 
0.00773455 
0.0101793 
0.0126287 
0.0150507 
0.0174142 
0.0196904 
0.0218539 
0.0238832 
0.0257604 
0.0274686 
0.028989 
0.0302916 
0.0313085 
0.031932 
0.0319847 
0.031225 
0.0294012 
0.0263467 
0.0220488 
0.0166844 
0.0105753 
0.00415236 
-0.0021902 
-0.00821894 
-0.0137971 
-0.0189372 
-0.0237796 
-0.0237796 
0.00627187 
0.00627187 
0.00209156 
-0.000727329 
-0.00280543 
-0.00444513 
-0.00581138 
-0.00700462 
-0.00808812 
-0.00909923 
-0.0100589 
-0.0109753 
-0.0118487 
-0.0126734 
-0.0134407 
-0.0141398 
-0.0147592 
-0.0152876 
-0.0157135 
-0.0160263 
-0.0162149 
-0.0162686 
-0.0161755 
-0.0159231 
-0.0154982 
-0.0148883 
-0.0140837 
-0.0130812 
-0.0118868 
-0.0105168 
-0.0089952 
-0.00734602 
-0.00558659 
-0.00372546 
-0.00176719 
0.000281338 
0.00241421 
0.00462739 
0.00690271 
0.00921455 
0.0115332 
0.0138287 
0.0160724 
0.0182374 
0.0202991 
0.0222358 
0.0240282 
0.0256573 
0.0271012 
0.0283204 
0.0292558 
0.0298146 
0.0298452 
0.0291466 
0.0275136 
0.0248115 
0.0210302 
0.0163132 
0.0109233 
0.00520591 
-0.00050887 
-0.00602545 
-0.0112309 
-0.0161253 
-0.0208311 
-0.0208311 
0.00760123 
0.00760123 
0.0033316 
0.00043023 
-0.00172659 
-0.00344525 
-0.00488822 
-0.00615474 
-0.00730634 
-0.00837999 
-0.00939674 
-0.010365 
-0.0112852 
-0.0121521 
-0.0129569 
-0.0136891 
-0.0143374 
-0.0148907 
-0.0153386 
-0.0156716 
-0.0158808 
-0.0159579 
-0.0158948 
-0.0156828 
-0.015312 
-0.0147718 
-0.0140509 
-0.0131398 
-0.0120345 
-0.0107403 
-0.00927546 
-0.00766947 
-0.00595487 
-0.00415452 
-0.00227404 
-0.00031003 
0.00173673 
0.00385465 
0.00603002 
0.00823785 
0.010451 
0.0126428 
0.0147864 
0.016857 
0.0188307 
0.020686 
0.022402 
0.0239583 
0.0253252 
0.0264657 
0.0273313 
0.0278402 
0.0278653 
0.0272433 
0.0258089 
0.0234525 
0.0201634 
0.0160524 
0.0113289 
0.00626536 
0.00113601 
-0.00389087 
-0.0087296 
-0.0133746 
-0.0179359 
-0.0179359 
0.0090015 
0.0090015 
0.0046545 
0.00167256 
-0.000568982 
-0.00236979 
-0.00389769 
-0.00524837 
-0.00648172 
-0.0076335 
-0.00872431 
-0.00976229 
-0.0107478 
-0.0116752 
-0.0125357 
-0.0133183 
-0.0140119 
-0.0146053 
-0.0150884 
-0.0154522 
-0.0156889 
-0.0157921 
-0.0157559 
-0.0155748 
-0.0152433 
-0.0147548 
-0.0141018 
-0.0132755 
-0.0122672 
-0.0110709 
-0.00968832 
-0.00813392 
-0.00643866 
-0.00464555 
-0.00279335 
-0.000899695 
0.00104304 
0.00305112 
0.00512976 
0.00725346 
0.00938511 
0.0114948 
0.0135585 
0.0155523 
0.0174534 
0.0192401 
0.0208905 
0.0223784 
0.0236755 
0.0247518 
0.0255624 
0.0260373 
0.0260727 
0.0255382 
0.0243023 
0.0222755 
0.0194446 
0.0158912 
0.0117776 
0.00731537 
0.00272614 
-0.00184219 
-0.00632389 
-0.010719 
-0.0151297 
-0.0151297 
0.0104895 
0.0104895 
0.00607492 
0.00301611 
0.00068636 
-0.00120759 
-0.00282991 
-0.00427592 
-0.00560514 
-0.00685112 
-0.00803354 
-0.00915969 
-0.0102292 
-0.0112358 
-0.01217 
-0.0130204 
-0.0137754 
-0.0144238 
-0.0149556 
-0.0153623 
-0.0156369 
-0.0157738 
-0.0157688 
-0.0156183 
-0.0153196 
-0.0148696 
-0.0142654 
-0.0135029 
-0.0125777 
-0.0114851 
-0.0102211 
-0.00878574 
-0.00718781 
-0.00545136 
-0.00361822 
-0.00173566 
0.000178256 
0.0021483 
0.00419241 
0.00626791 
0.00833985 
0.0103881 
0.0123909 
0.0143259 
0.0161706 
0.0179024 
0.0194953 
0.020926 
0.0221699 
0.0231975 
0.0239689 
0.0244257 
0.024485 
0.0240446 
0.0230008 
0.0212807 
0.0188684 
0.0158204 
0.0122582 
0.00834353 
0.00425035 
0.000109771 
-0.00403091 
-0.00817909 
-0.0124358 
-0.0124358 
0.0120798 
0.0120798 
0.00760595 
0.00447235 
0.00204947 
5.19611e-05 
-0.00167475 
-0.00322941 
-0.00466896 
-0.00602619 
-0.00731868 
-0.00855244 
-0.0097257 
-0.0108309 
-0.0118574 
-0.0127928 
-0.013625 
-0.0143424 
-0.0149353 
-0.0153956 
-0.0157172 
-0.0158958 
-0.0159284 
-0.0158131 
-0.0155486 
-0.0151341 
-0.0145685 
-0.0138509 
-0.0129801 
-0.0119549 
-0.0107745 
-0.00943863 
-0.00794787 
-0.00630438 
-0.00451633 
-0.00261097 
-0.000656702 
0.00125669 
0.00321348 
0.00526109 
0.0073109 
0.00932276 
0.0112854 
0.0131799 
0.0149833 
0.0166717 
0.018223 
0.0196141 
0.0208207 
0.0218154 
0.0225634 
0.023017 
0.0231113 
0.0227675 
0.0219052 
0.0204648 
0.0184285 
0.0158326 
0.0127644 
0.00934437 
0.005705 
0.00195365 
-0.00186184 
-0.00576609 
-0.00986715 
-0.00986715 
0.0137851 
0.0137851 
0.00925895 
0.00605062 
0.00353128 
0.00142294 
-0.000423689 
-0.00209928 
-0.00366501 
-0.00515142 
-0.00657393 
-0.00793641 
-0.00923492 
-0.0104598 
-0.0115986 
-0.0126373 
-0.0135626 
-0.0143627 
-0.0150279 
-0.0155508 
-0.0159267 
-0.0161525 
-0.0162272 
-0.0161507 
-0.0159236 
-0.0155467 
-0.0150206 
-0.0143459 
-0.0135228 
-0.0125518 
-0.0114342 
-0.0101737 
-0.00877782 
-0.007259 
-0.00563307 
-0.00390879 
-0.00206823 
-5.23966e-05 
0.00214155 
0.0042982 
0.00633579 
0.0083131 
0.0102484 
0.0121164 
0.0138939 
0.0155579 
0.0170849 
0.0184523 
0.019637 
0.020614 
0.0213533 
0.0218167 
0.0219542 
0.0217064 
0.0210117 
0.0198221 
0.0181189 
0.0159225 
0.0132925 
0.0103159 
0.00708971 
0.00369845 
0.000185731 
-0.00348467 
-0.00742873 
-0.00742873 
0.0156166 
0.0156166 
0.0110444 
0.00776127 
0.00514174 
0.00291489 
0.00093841 
-0.000875675 
-0.00258401 
-0.00421816 
-0.00579207 
-0.00730636 
-0.00875404 
-0.0101223 
-0.0113956 
-0.0125577 
-0.0135936 
-0.0144905 
-0.0152389 
-0.0158325 
-0.0162679 
-0.0165444 
-0.0166632 
-0.0166265 
-0.0164372 
-0.0160982 
-0.0156122 
-0.0149808 
-0.0142055 
-0.0132872 
-0.012227 
-0.0110269 
-0.00969084 
-0.00822487 
-0.00663791 
-0.00493834 
-0.00313237 
-0.00118933 
0.000937535 
0.00315607 
0.00528982 
0.00730892 
0.00925971 
0.0111319 
0.012908 
0.0145671 
0.0160874 
0.0174472 
0.0186249 
0.0195981 
0.0203416 
0.0208253 
0.0210116 
0.0208565 
0.0203138 
0.0193457 
0.0179336 
0.0160864 
0.013842 
0.0112597 
0.00840813 
0.00534814 
0.00211135 
-0.00133201 
-0.00511773 
-0.00511773 
0.0175844 
0.0175844 
0.012972 
0.00961472 
0.00689194 
0.00454017 
0.00242218 
0.000455184 
-0.00141303 
-0.00321529 
-0.00496323 
-0.00665484 
-0.00827854 
-0.0098171 
-0.0112506 
-0.012559 
-0.0137247 
-0.0147337 
-0.0155764 
-0.0162478 
-0.0167468 
-0.0170754 
-0.0172378 
-0.0172394 
-0.0170858 
-0.0167825 
-0.0163339 
-0.0157433 
-0.0150125 
-0.0141423 
-0.0131331 
-0.0119852 
-0.0107005 
-0.00928283 
-0.00773844 
-0.00607344 
-0.00429543 
-0.00240199 
-0.00041113 
0.00168124 
0.00389951 
0.00609515 
0.00818674 
0.0101543 
0.0119904 
0.0136858 
0.0152278 
0.0166007 
0.0177877 
0.0187705 
0.0195292 
0.0200411 
0.0202788 
0.0202109 
0.0198037 
0.0190283 
0.0178675 
0.0163223 
0.0144139 
0.0121801 
0.00966585 
0.00691061 
0.00393366 
0.000698829 
-0.00292934 
-0.00292934 
0.019696 
0.019696 
0.0150495 
0.0116197 
0.00879229 
0.00631058 
0.00404274 
0.00190918 
-0.000139303 
-0.00212895 
-0.00407498 
-0.00597148 
-0.00780137 
-0.00954111 
-0.0111645 
-0.012646 
-0.0139638 
-0.015102 
-0.0160506 
-0.0168066 
-0.0173716 
-0.0177517 
-0.017955 
-0.0179911 
-0.0178693 
-0.017598 
-0.0171839 
-0.0166319 
-0.0159441 
-0.015121 
-0.0141612 
-0.0130625 
-0.0118233 
-0.0104431 
-0.0089232 
-0.00726576 
-0.00547686 
-0.00356439 
-0.00152509 
0.000602591 
0.00276264 
0.00494135 
0.00709209 
0.00915637 
0.0110915 
0.0128705 
0.0144761 
0.015895 
0.0171155 
0.0181253 
0.0189113 
0.0194584 
0.0197486 
0.019761 
0.0194726 
0.0188625 
0.0179157 
0.0166287 
0.0150108 
0.0130826 
0.0108698 
0.00839389 
0.00565924 
0.00262166 
-0.000852095 
-0.000852095 
0.0219556 
0.0219556 
0.0172815 
0.0137826 
0.0108518 
0.00823786 
0.00581355 
0.00350211 
0.00125839 
-0.000942879 
-0.00311176 
-0.00524244 
-0.00731205 
-0.00928831 
-0.0111363 
-0.0128224 
-0.0143189 
-0.015606 
-0.0166734 
-0.01752 
-0.0181519 
-0.0185802 
-0.0188189 
-0.018883 
-0.0187863 
-0.0185413 
-0.0181575 
-0.017641 
-0.0169947 
-0.0162177 
-0.0153068 
-0.0142566 
-0.0130615 
-0.0117171 
-0.0102203 
-0.00856952 
-0.00677003 
-0.00482967 
-0.0027663 
-0.000630262 
0.00156099 
0.00378258 
0.00599761 
0.00815283 
0.0101976 
0.0120882 
0.0137943 
0.0152962 
0.0165817 
0.0176428 
0.0184727 
0.0190644 
0.0194089 
0.0194953 
0.0193102 
0.01884 
0.0180735 
0.0170048 
0.0156354 
0.0139731 
0.0120283 
0.00980696 
0.00729934 
0.0044526 
0.00112474 
0.00112474 
0.0243622 
0.0243622 
0.0196678 
0.0161058 
0.0130763 
0.0103318 
0.00774849 
0.0052509 
0.00279577 
0.000361806 
-0.00205509 
-0.00445038 
-0.00679602 
-0.00904858 
-0.0111613 
-0.0130894 
-0.0147961 
-0.016256 
-0.0174571 
-0.0184007 
-0.0190984 
-0.0195688 
-0.0198339 
-0.0199159 
-0.0198352 
-0.0196088 
-0.0192497 
-0.0187661 
-0.0181608 
-0.0174316 
-0.0165722 
-0.0155731 
-0.0144234 
-0.0131127 
-0.0116303 
-0.00996855 
-0.00812253 
-0.00611256 
-0.0039652 
-0.00172265 
0.000564756 
0.00285317 
0.00511261 
0.00731403 
0.00942244 
0.0113962 
0.0131962 
0.0147914 
0.0161614 
0.0172947 
0.0181865 
0.0188348 
0.0192386 
0.0193955 
0.0193012 
0.0189494 
0.0183335 
0.017448 
0.0162894 
0.0148568 
0.0131488 
0.0111582 
0.00886315 
0.00619997 
0.00302113 
0.00302113 
0.0269074 
0.0269074 
0.022201 
0.0185848 
0.0154655 
0.0125972 
0.00985726 
0.00717013 
0.00449372 
0.00180865 
-0.000884712 
-0.00357524 
-0.00623464 
-0.00880697 
-0.0112295 
-0.013443 
-0.0153975 
-0.0170593 
-0.0184127 
-0.0194608 
-0.0202221 
-0.0207253 
-0.0210036 
-0.0210894 
-0.0210116 
-0.0207934 
-0.0204523 
-0.0199984 
-0.0194346 
-0.0187568 
-0.017955 
-0.0170143 
-0.0159174 
-0.0146463 
-0.013179 
-0.0114948 
-0.0095968 
-0.00750667 
-0.00525613 
-0.00289619 
-0.000483415 
0.00193022 
0.00430642 
0.0066078 
0.00880088 
0.0108527 
0.0127316 
0.014408 
0.0158584 
0.0170679 
0.0180293 
0.0187423 
0.0192097 
0.0194358 
0.0194233 
0.0191733 
0.0186839 
0.0179517 
0.0169714 
0.0157365 
0.014237 
0.0124553 
0.0103592 
0.00787415 
0.00484585 
0.00484585 
0.0295727 
0.0295727 
0.0248639 
0.0212056 
0.0180102 
0.0150307 
0.0121432 
0.0092693 
0.00636607 
0.00341472 
0.000419931 
-0.00259677 
-0.00560645 
-0.00854338 
-0.0113239 
-0.0138706 
-0.0161167 
-0.0180157 
-0.0195453 
-0.0207087 
-0.0215317 
-0.0220561 
-0.02233 
-0.0224006 
-0.0223083 
-0.0220849 
-0.0217531 
-0.0213256 
-0.020805 
-0.0201847 
-0.0194496 
-0.0185779 
-0.0175444 
-0.0163189 
-0.0148605 
-0.0131475 
-0.0111792 
-0.00897773 
-0.00658047 
-0.00404456 
-0.00143838 
0.00116274 
0.00369692 
0.006125 
0.00841596 
0.0105422 
0.012481 
0.0142116 
0.0157161 
0.0169812 
0.0179996 
0.0187702 
0.0192973 
0.0195878 
0.0196493 
0.0194878 
0.0191061 
0.0185034 
0.0176747 
0.0166103 
0.015295 
0.0137026 
0.011793 
0.00948098 
0.00660452 
0.00660452 
0.0323274 
0.0323274 
0.0276261 
0.0239407 
0.0206879 
0.0176161 
0.0145973 
0.0115471 
0.00841891 
0.0051929 
0.00187628 
-0.00149741 
-0.00489072 
-0.00823424 
-0.0114199 
-0.0143485 
-0.0169331 
-0.0191105 
-0.0208472 
-0.0221429 
-0.0230293 
-0.0235626 
-0.0238112 
-0.0238424 
-0.0237134 
-0.0234676 
-0.0231343 
-0.0227295 
-0.0222551 
-0.0217006 
-0.0210449 
-0.0202574 
-0.0193015 
-0.0181303 
-0.0166849 
-0.0149407 
-0.012893 
-0.0105641 
-0.00799764 
-0.00525893 
-0.00242811 
0.000404059 
0.0031567 
0.00577461 
0.00821969 
0.0104586 
0.012472 
0.0142488 
0.0157835 
0.0170735 
0.0181188 
0.0189223 
0.0194899 
0.0198304 
0.019953 
0.0198665 
0.0195765 
0.0190844 
0.0183861 
0.0174705 
0.0163188 
0.014899 
0.0131646 
0.0110204 
0.00829516 
0.00829516 
0.0351251 
0.0351251 
0.0304416 
0.0267463 
0.0234585 
0.020319 
0.0171921 
0.0139839 
0.0106406 
0.007139 
0.00348917 
-0.000265548 
-0.00407221 
-0.00785544 
-0.011486 
-0.0148392 
-0.0178072 
-0.0203066 
-0.0222883 
-0.0237424 
-0.0247018 
-0.0252363 
-0.0254379 
-0.0254018 
-0.0252088 
-0.024919 
-0.0245711 
-0.0241846 
-0.0237599 
-0.0232815 
-0.02272 
-0.022033 
-0.0211685 
-0.0200566 
-0.0186272 
-0.0168457 
-0.0147066 
-0.0122333 
-0.00947473 
-0.00650228 
-0.00340628 
-0.000288468 
0.00273727 
0.00559269 
0.00823252 
0.010616 
0.0127226 
0.0145475 
0.0160965 
0.0173819 
0.0184173 
0.0192162 
0.0197911 
0.0201538 
0.0203154 
0.0202853 
0.0200702 
0.019672 
0.0190869 
0.0183024 
0.017298 
0.0160369 
0.0144677 
0.0124856 
0.00990913 
0.00990913 
0.0379027 
0.0379027 
0.0332462 
0.0295586 
0.0262605 
0.0230815 
0.0198756 
0.0165352 
0.0129964 
0.00922929 
0.00524492 
0.00109187 
-0.0031493 
-0.00738952 
-0.0114885 
-0.0152931 
-0.0186773 
-0.0215375 
-0.0238054 
-0.0254548 
-0.0265104 
-0.0270495 
-0.027188 
-0.0270557 
-0.0267676 
-0.0264083 
-0.0260296 
-0.025656 
-0.0252849 
-0.0248937 
-0.0244413 
-0.0238689 
-0.0231055 
-0.0220557 
-0.0206387 
-0.0188151 
-0.0165798 
-0.0139595 
-0.0110071 
-0.00779758 
-0.00442715 
-0.00100598 
0.00233134 
0.00547832 
0.00836952 
0.0109487 
0.0131874 
0.0150819 
0.0166479 
0.0179129 
0.0189086 
0.019665 
0.0202073 
0.0205554 
0.0207245 
0.0207252 
0.0205641 
0.0202421 
0.0197542 
0.0190864 
0.0182158 
0.0171016 
0.0156884 
0.013862 
0.01143 
0.01143 
0.0405787 
0.0405787 
0.0359562 
0.0322925 
0.029008 
0.0258189 
0.0225665 
0.0191262 
0.0154205 
0.0114091 
0.00710057 
0.00254876 
-0.00213129 
-0.00682941 
-0.0113961 
-0.0156525 
-0.0194623 
-0.0227059 
-0.0252966 
-0.0271855 
-0.0283774 
-0.028944 
-0.0290178 
-0.0287667 
-0.0283515 
-0.0278937 
-0.0274653 
-0.0270977 
-0.0267834 
-0.0264888 
-0.0261567 
-0.0257059 
-0.0250411 
-0.0240461 
-0.0226319 
-0.0207599 
-0.0184289 
-0.0156695 
-0.0125359 
-0.00910177 
-0.00546333 
-0.0017346 
0.00193602 
0.00540853 
0.00858841 
0.0114015 
0.0138058 
0.015795 
0.0173901 
0.0186322 
0.0195712 
0.0202563 
0.0207303 
0.0210263 
0.0211675 
0.0211685 
0.0210362 
0.0207702 
0.0203632 
0.0197981 
0.0190495 
0.0180717 
0.0168057 
0.0151277 
0.0128341 
0.0128341 
0.043055 
0.043055 
0.03847 
0.034842 
0.0315918 
0.0284199 
0.0251539 
0.0216497 
0.0178134 
0.0135894 
0.00898186 
0.00405129 
-0.00105223 
-0.00618738 
-0.011189 
-0.0158626 
-0.0200719 
-0.0236924 
-0.026625 
-0.0287956 
-0.030178 
-0.0308198 
-0.0308525 
-0.030476 
-0.0299071 
-0.029321 
-0.0288217 
-0.0284513 
-0.0281948 
-0.0280023 
-0.0277941 
-0.0274595 
-0.0268773 
-0.0259182 
-0.0244939 
-0.0225719 
-0.0201575 
-0.0172839 
-0.0140026 
-0.0103813 
-0.00650992 
-0.00250334 
0.00148982 
0.00530039 
0.00879428 
0.0118742 
0.0144771 
0.0165888 
0.0182328 
0.0194614 
0.0203412 
0.0209412 
0.0213237 
0.0215382 
0.0216202 
0.0215915 
0.0214618 
0.02123 
0.0208866 
0.0204102 
0.0197719 
0.0189204 
0.0177926 
0.0162543 
0.014091 
0.014091 
0.0452184 
0.0452184 
0.0406705 
0.0370839 
0.0338825 
0.0307491 
0.0274999 
0.0239696 
0.0200465 
0.0156566 
0.0107966 
0.00553119 
3.90774e-05 
-0.0054918 
-0.0108618 
-0.0158795 
-0.0204217 
-0.024374 
-0.0276359 
-0.0301137 
-0.0317434 
-0.0325299 
-0.0325772 
-0.0320969 
-0.0313625 
-0.030622 
-0.0300294 
-0.0296455 
-0.0294443 
-0.0293523 
-0.0292593 
-0.0290208 
-0.0284905 
-0.0275436 
-0.0260971 
-0.0241316 
-0.0216581 
-0.0187095 
-0.0153298 
-0.0115759 
-0.00752547 
-0.00328949 
0.000994023 
0.00512937 
0.00893677 
0.0122908 
0.0151041 
0.0173527 
0.0190602 
0.0202877 
0.0211161 
0.0216318 
0.0219155 
0.0220341 
0.0220372 
0.0219566 
0.0218074 
0.02159 
0.0212931 
0.0208913 
0.0203516 
0.0196157 
0.0186162 
0.0172073 
0.0151643 
0.0151643 
0.0469457 
0.0469457 
0.042431 
0.038884 
0.0357382 
0.0326579 
0.0294517 
0.0259344 
0.0219773 
0.0174828 
0.0124341 
0.0068929 
0.00106114 
-0.00478938 
-0.0104265 
-0.0156785 
-0.0204488 
-0.0246478 
-0.028187 
-0.0309644 
-0.0328813 
-0.0338893 
-0.0340362 
-0.03351 
-0.0326243 
-0.0317137 
-0.0310067 
-0.0305969 
-0.0304437 
-0.0304409 
-0.0304413 
-0.0302658 
-0.029753 
-0.028791 
-0.0273249 
-0.0253338 
-0.0228362 
-0.0198603 
-0.0164401 
-0.0126195 
-0.00846199 
-0.00406783 
0.00044406 
0.00486204 
0.00896087 
0.0125768 
0.0155947 
0.0179789 
0.0197536 
0.0209881 
0.0217757 
0.0222172 
0.0224088 
0.0224325 
0.0223517 
0.0222091 
0.0220274 
0.0218099 
0.0215458 
0.0212058 
0.0207529 
0.0201213 
0.0192389 
0.0179472 
0.0160129 
0.0160129 
0.0481077 
0.0481077 
0.0436237 
0.0401074 
0.0370154 
0.0339929 
0.0308467 
0.0273767 
0.0234408 
0.0189193 
0.013774 
0.00805336 
0.00197644 
-0.00410456 
-0.00988255 
-0.0152398 
-0.0201128 
-0.0244471 
-0.0281758 
-0.0312037 
-0.0334112 
-0.0346999 
-0.0350435 
-0.0345644 
-0.0335764 
-0.0324991 
-0.0316616 
-0.0312124 
-0.0310948 
-0.03116 
-0.0312199 
-0.0310674 
-0.030542 
-0.0295528 
-0.0280652 
-0.0260777 
-0.0236004 
-0.0206519 
-0.0172573 
-0.0134473 
-0.00926733 
-0.00480212 
-0.000148704 
0.00449657 
0.00885051 
0.0126868 
0.0158714 
0.0183618 
0.0201884 
0.0214287 
0.0221855 
0.0225696 
0.0226875 
0.0226325 
0.022479 
0.0222793 
0.0220639 
0.021841 
0.021601 
0.0213127 
0.0209357 
0.0203965 
0.019619 
0.0184304 
0.016592 
0.016592 
0.0485742 
0.0485742 
0.0441265 
0.040626 
0.0375807 
0.0346149 
0.0315408 
0.0281514 
0.0242998 
0.0198502 
0.01473 
0.00892782 
0.00267302 
-0.00347383 
-0.00922905 
-0.0145537 
-0.0194024 
-0.0237531 
-0.0275617 
-0.0307523 
-0.0332046 
-0.0347894 
-0.0354089 
-0.0350876 
-0.0340831 
-0.03287 
-0.0318955 
-0.0313943 
-0.0312956 
-0.0313996 
-0.0314787 
-0.0313112 
-0.0307535 
-0.0297414 
-0.0282575 
-0.0263004 
-0.0238763 
-0.0209957 
-0.0176755 
-0.0139399 
-0.00982604 
-0.005392 
-0.000722894 
0.00402397 
0.0085545 
0.0125608 
0.0158689 
0.0184236 
0.0202707 
0.021503 
0.0222328 
0.0225763 
0.0226443 
0.0225356 
0.0223313 
0.022091 
0.021852 
0.0216273 
0.0214099 
0.0211673 
0.0208568 
0.0203979 
0.0197114 
0.0186097 
0.0168562 
0.0168562 
0.0482037 
0.0482037 
0.0438435 
0.0403462 
0.0373303 
0.034413 
0.0314045 
0.0281013 
0.0243514 
0.0200208 
0.0150223 
0.00939204 
0.00334589 
-0.00270267 
-0.00836139 
-0.0135615 
-0.0182976 
-0.02257 
-0.0263569 
-0.0296082 
-0.0322205 
-0.0340572 
-0.0349787 
-0.0349093 
-0.0339978 
-0.0327117 
-0.031609 
-0.0310457 
-0.0309477 
-0.031058 
-0.0311178 
-0.0309077 
-0.0303116 
-0.0292895 
-0.0278321 
-0.0259369 
-0.0236038 
-0.0208375 
-0.0176482 
-0.0140509 
-0.0100705 
-0.00574841 
-0.00115509 
0.0035619 
0.00808522 
0.0120964 
0.0154235 
0.017994 
0.019845 
0.0210722 
0.0217925 
0.0221234 
0.0221759 
0.0220494 
0.0218276 
0.0215739 
0.0213305 
0.0211147 
0.0209224 
0.020722 
0.0204689 
0.0200783 
0.0194676 
0.0184369 
0.0167622 
0.0167622 
0.0468861 
0.0468861 
0.0426724 
0.0391856 
0.0361914 
0.0333262 
0.0303912 
0.0271941 
0.0235823 
0.019431 
0.014671 
0.00937149 
0.00374149 
-0.00191171 
-0.00729654 
-0.0122746 
-0.0168181 
-0.0209293 
-0.0246006 
-0.0278003 
-0.0304587 
-0.0324614 
-0.0336532 
-0.033891 
-0.0331786 
-0.0319094 
-0.0307076 
-0.0300781 
-0.0299639 
-0.0300507 
-0.0300619 
-0.0297962 
-0.0291681 
-0.0281542 
-0.0267468 
-0.0249385 
-0.0227249 
-0.0201069 
-0.0170906 
-0.0136858 
-0.00990853 
-0.0057887 
-0.0013912 
0.00312366 
0.00744323 
0.01129 
0.0145118 
0.0170285 
0.0188569 
0.0200788 
0.0208047 
0.0211485 
0.0212177 
0.0211089 
0.0209043 
0.020668 
0.020444 
0.0202525 
0.0200911 
0.0199308 
0.0197248 
0.0193883 
0.0188324 
0.0178572 
0.0162793 
0.0162793 
0.0445186 
0.0445186 
0.0405305 
0.0370928 
0.0341319 
0.031337 
0.0285017 
0.0254489 
0.0220347 
0.0181549 
0.013769 
0.00895342 
0.00388982 
-0.00120914 
-0.00614032 
-0.0107624 
-0.0150164 
-0.0188879 
-0.0223687 
-0.0254363 
-0.0280369 
-0.0300786 
-0.0314266 
-0.0319242 
-0.031495 
-0.0303528 
-0.0291069 
-0.0284172 
-0.028275 
-0.0283169 
-0.028264 
-0.0279444 
-0.0272997 
-0.0263159 
-0.0249822 
-0.023287 
-0.0212226 
-0.0187874 
-0.0159849 
-0.0128233 
-0.00931917 
-0.00550826 
-0.00146732 
0.0026487 
0.00659228 
0.0101395 
0.0131467 
0.0155333 
0.0172991 
0.018505 
0.0192449 
0.0196218 
0.0197351 
0.0196751 
0.0195195 
0.0193296 
0.0191482 
0.0189963 
0.0188723 
0.0187497 
0.0185805 
0.0182835 
0.0177628 
0.0168345 
0.0153729 
0.0153729 
0.041007 
0.041007 
0.0373413 
0.0340309 
0.0311493 
0.0284664 
0.0257819 
0.022936 
0.0198011 
0.0162947 
0.0123957 
0.00816949 
0.00375284 
-0.000697444 
-0.00503725 
-0.0091547 
-0.0129892 
-0.016513 
-0.0197085 
-0.0225524 
-0.0250016 
-0.0269828 
-0.0283836 
-0.0290565 
-0.0288802 
-0.0279477 
-0.0267386 
-0.0260102 
-0.0258358 
-0.0258239 
-0.0257063 
-0.0253473 
-0.0247091 
-0.0237813 
-0.0225496 
-0.0209992 
-0.0191208 
-0.0169121 
-0.0143774 
-0.0115283 
-0.00838844 
-0.00500196 
-0.00144709 
0.00214807 
0.00560203 
0.00873932 
0.0114327 
0.0136085 
0.0152551 
0.0164131 
0.0171553 
0.017568 
0.0177377 
0.0177447 
0.0176584 
0.0175344 
0.0174114 
0.0173089 
0.017225 
0.0171352 
0.0169921 
0.0167201 
0.016221 
0.015342 
0.014023 
0.014023 
0.0362851 
0.0362851 
0.0330538 
0.0299935 
0.0272846 
0.0247885 
0.0223325 
0.0197771 
0.0170144 
0.0139796 
0.0106601 
0.00710369 
0.00340701 
-0.000320981 
-0.00398657 
-0.00750397 
-0.010816 
-0.0138889 
-0.0166992 
-0.0192223 
-0.0214212 
-0.0232369 
-0.0245805 
-0.0253279 
-0.025349 
-0.0246468 
-0.0235589 
-0.0228308 
-0.0226296 
-0.0225681 
-0.0223997 
-0.0220264 
-0.0214244 
-0.0205846 
-0.0194904 
-0.0181264 
-0.0164831 
-0.0145588 
-0.0123598 
-0.00990159 
-0.00721199 
-0.00433701 
-0.00134714 
0.00165769 
0.00454859 
0.00719501 
0.00949424 
0.0113842 
0.0128483 
0.0139109 
0.0146244 
0.0150558 
0.0152751 
0.0153489 
0.0153356 
0.015282 
0.0152207 
0.0151675 
0.0151198 
0.0150546 
0.0149275 
0.0146703 
0.0141913 
0.0133788 
0.0122322 
0.0122322 
0.0302804 
0.0302804 
0.0276001 
0.024947 
0.0225501 
0.0203514 
0.0182231 
0.0160522 
0.0137521 
0.0112709 
0.00859741 
0.00576114 
0.00282364 
-0.000142014 
-0.00306744 
-0.00589336 
-0.008577 
-0.0110893 
-0.0134075 
-0.015507 
-0.0173553 
-0.0189054 
-0.0200888 
-0.0208086 
-0.0209472 
-0.0204615 
-0.0195626 
-0.0188837 
-0.0186723 
-0.0185773 
-0.0183839 
-0.018029 
-0.0174983 
-0.0167837 
-0.0158688 
-0.0147394 
-0.0133872 
-0.0118118 
-0.0100204 
-0.0080291 
-0.00586468 
-0.00356756 
-0.00119429 
0.0011818 
0.0034703 
0.00557686 
0.00742566 
0.00896914 
0.0101911 
0.0111048 
0.0117456 
0.0121613 
0.0124044 
0.0125259 
0.012571 
0.0125759 
0.0125655 
0.0125513 
0.0125294 
0.0124794 
0.0123619 
0.0121197 
0.0116767 
0.010964 
0.0100216 
0.0100216 
0.0230342 
0.0230342 
0.0210187 
0.0189477 
