0 
-0.000356605 
0.000587958 
0.00185192 
0.00245638 
0.00277364 
0.00293135 
0.00299181 
0.002995 
0.00296537 
0.00291768 
0.00285992 
0.00279546 
0.0027246 
0.00264576 
0.00255634 
0.00245336 
0.00233392 
0.00219553 
0.00203632 
0.00185517 
0.00165181 
0.00142683 
0.00118165 
0.000918545 
0.000640583 
0.000351725 
5.79461e-05 
-0.000232443 
-0.00051561 
-0.000790459 
-0.00105494 
-0.0013059 
-0.00154005 
-0.00175398 
-0.001944 
-0.00210602 
-0.00223577 
-0.00232898 
-0.00238166 
-0.00239053 
-0.00235348 
-0.00227026 
-0.0021436 
-0.00198139 
-0.00179945 
-0.00162227 
-0.00147657 
-0.00137661 
-0.00131142 
-0.00124964 
-0.00116181 
-0.00103941 
-0.000893242 
-0.00073881 
-0.000585924 
-0.000438205 
-0.000296358 
-0.000161223 
-3.48881e-05 
8.08117e-05 
0.000182722 
0.000265624 
0.000324681 
0.00035641 
0 
0.000356605 
0.000356605 
-0.000587958 
-0.00185192 
-0.00245638 
-0.00277364 
-0.00293135 
-0.00299181 
-0.002995 
-0.00296537 
-0.00291768 
-0.00285992 
-0.00279546 
-0.0027246 
-0.00264576 
-0.00255634 
-0.00245336 
-0.00233392 
-0.00219553 
-0.00203632 
-0.00185517 
-0.00165181 
-0.00142683 
-0.00118165 
-0.000918545 
-0.000640583 
-0.000351725 
-5.79461e-05 
0.000232443 
0.00051561 
0.000790459 
0.00105494 
0.0013059 
0.00154005 
0.00175398 
0.001944 
0.00210602 
0.00223577 
0.00232898 
0.00238166 
0.00239053 
0.00235348 
0.00227026 
0.0021436 
0.00198139 
0.00179945 
0.00162227 
0.00147657 
0.00137661 
0.00131142 
0.00124964 
0.00116181 
0.00103941 
0.000893242 
0.00073881 
0.000585924 
0.000438205 
0.000296358 
0.000161223 
3.48881e-05 
-8.08117e-05 
-0.000182722 
-0.000265624 
-0.000324681 
-0.00035641 
-0.00035641 
0.00032142 
0.00032142 
-0.00314047 
-0.0053387 
-0.00669938 
-0.00747955 
-0.00788949 
-0.00805964 
-0.00808466 
-0.00802737 
-0.00792714 
-0.00780564 
-0.00767175 
-0.00752568 
-0.00736212 
-0.00717278 
-0.00694812 
-0.00667872 
-0.00635619 
-0.00597382 
-0.00552703 
-0.00501358 
-0.0044337 
-0.00379001 
-0.00308748 
-0.0023332 
-0.00153619 
-0.000707682 
0.000137687 
0.000986323 
0.00182859 
0.00265416 
0.00345169 
0.00420931 
0.00491445 
0.00555369 
0.00611273 
0.00657663 
0.00693062 
0.00716122 
0.0072577 
0.00721367 
0.00702914 
0.00671364 
0.00629112 
0.00580605 
0.00532376 
0.00491329 
0.00461037 
0.00438711 
0.0041666 
0.00387967 
0.00350955 
0.00308468 
0.00264243 
0.00220572 
0.00178253 
0.00137445 
0.000982491 
0.000610418 
0.000265537 
-3.97569e-05 
-0.000290446 
-0.00046938 
-0.000565862 
-0.000565862 
-0.00348132 
-0.00348132 
-0.00651716 
-0.00902474 
-0.010812 
-0.0119014 
-0.0124832 
-0.0127221 
-0.0127534 
-0.0126714 
-0.0125352 
-0.0123766 
-0.0122067 
-0.0120231 
-0.011815 
-0.0115669 
-0.0112616 
-0.0108824 
-0.0104144 
-0.00984576 
-0.00916826 
-0.0083776 
-0.00747371 
-0.00646061 
-0.00534624 
-0.00414201 
-0.00286214 
-0.00152234 
-0.000141075 
0.00126069 
0.00266252 
0.00404497 
0.00538887 
0.00667466 
0.00788142 
0.00898656 
0.00996563 
0.0107927 
0.0114415 
0.011888 
0.0121127 
0.0121041 
0.0118619 
0.0114022 
0.0107639 
0.0100165 
0.00925836 
0.00859076 
0.00806415 
0.00763706 
0.007202 
0.00666875 
0.00602276 
0.00530802 
0.00457512 
0.00385244 
0.00314894 
0.00246568 
0.00180501 
0.00117394 
0.000582914 
5.51998e-05 
-0.000382376 
-0.000698196 
-0.000870118 
-0.000870118 
-0.00672022 
-0.00672022 
-0.0100318 
-0.0128242 
-0.0148012 
-0.0159833 
-0.0165845 
-0.0168021 
-0.0167993 
-0.016688 
-0.0165361 
-0.0163761 
-0.0162148 
-0.0160424 
-0.0158389 
-0.0155794 
-0.0152379 
-0.0147896 
-0.0142129 
-0.0134909 
-0.0126118 
-0.0115699 
-0.0103652 
-0.00900382 
-0.00749744 
-0.00586292 
-0.00412135 
-0.00229647 
-0.000414706 
0.00149487 
0.00340601 
0.00529415 
0.00713534 
0.00890536 
0.0105781 
0.0121243 
0.0135108 
0.0147011 
0.0156574 
0.0163433 
0.0167287 
0.0167944 
0.0165382 
0.0159806 
0.0151737 
0.0142081 
0.0132099 
0.0123041 
0.0115487 
0.010889 
0.0101992 
0.00938578 
0.00844727 
0.00744184 
0.00642558 
0.0054256 
0.00444734 
0.00349069 
0.00255717 
0.00165671 
0.000809797 
4.32401e-05 
-0.000604814 
-0.00107823 
-0.00133994 
-0.00133994 
-0.0105012 
-0.0105012 
-0.0138476 
-0.016664 
-0.0185904 
-0.0196899 
-0.0202019 
-0.020346 
-0.0202994 
-0.0201788 
-0.0200495 
-0.0199361 
-0.0198349 
-0.0197244 
-0.0195732 
-0.0193461 
-0.0190076 
-0.0185252 
-0.0178709 
-0.0170232 
-0.0159673 
-0.0146964 
-0.0132109 
-0.0115193 
-0.00963731 
-0.00758768 
-0.00539916 
-0.0031047 
-0.000740579 
0.00165749 
0.00405516 
0.0064212 
0.00872648 
0.0109434 
0.0130432 
0.0149939 
0.016758 
0.0182923 
0.0195495 
0.0204821 
0.0210487 
0.021221 
0.0209919 
0.0203842 
0.0194598 
0.0183277 
0.0171355 
0.0160236 
0.0150486 
0.0141422 
0.0131723 
0.0120593 
0.0108232 
0.00953335 
0.0082443 
0.00697612 
0.00572927 
0.00449819 
0.0032871 
0.00210316 
0.000959871 
-8.94738e-05 
-0.000988979 
-0.00166432 
-0.00205009 
-0.00205009 
-0.0138543 
-0.0138543 
-0.0173982 
-0.02019 
-0.0219661 
-0.0228971 
-0.0232685 
-0.0233227 
-0.0232434 
-0.0231428 
-0.0230752 
-0.0230505 
-0.0230501 
-0.0230389 
-0.0229736 
-0.0228086 
-0.0225 
-0.0220079 
-0.0212989 
-0.020347 
-0.0191349 
-0.0176545 
-0.0159068 
-0.0139022 
-0.0116604 
-0.00920977 
-0.00658718 
-0.00383541 
-0.00100231 
0.00186371 
0.00471909 
0.00752595 
0.0102513 
0.0128662 
0.0153418 
0.0176465 
0.019742 
0.0215819 
0.0231125 
0.0242776 
0.0250251 
0.0253169 
0.0251397 
0.024516 
0.0235158 
0.0222631 
0.0209217 
0.019638 
0.0184581 
0.0173001 
0.0160391 
0.0146238 
0.0131003 
0.0115441 
0.0100009 
0.00847961 
0.00697068 
0.00546636 
0.00395709 
0.00245011 
0.000978939 
-0.000397486 
-0.00160387 
-0.00254277 
-0.00310583 
-0.00310583 
-0.0170672 
-0.0170672 
-0.0207225 
-0.0233756 
-0.0249104 
-0.025623 
-0.0258357 
-0.0258063 
-0.025716 
-0.0256647 
-0.0256891 
-0.025781 
-0.0259055 
-0.0260142 
-0.026053 
-0.0259678 
-0.0257071 
-0.0252245 
-0.0244812 
-0.0234471 
-0.0221023 
-0.0204371 
-0.0184527 
-0.0161607 
-0.0135838 
-0.0107557 
-0.0077209 
-0.00453212 
-0.00124916 
0.0020687 
0.00536488 
0.00859121 
0.0117089 
0.0146869 
0.0174976 
0.0201116 
0.0224929 
0.0245956 
0.0263635 
0.0277341 
0.0286472 
0.029056 
0.0289409 
0.0283238 
0.0272815 
0.0259504 
0.0245043 
0.0230842 
0.021717 
0.0203112 
0.0187638 
0.0170635 
0.0152809 
0.0134895 
0.0117196 
0.00996665 
0.00821032 
0.00642665 
0.00459606 
0.00273912 
0.000898788 
-0.000870838 
-0.00247966 
-0.00379026 
-0.00462344 
-0.00462344 
-0.019838 
-0.019838 
-0.023602 
-0.0260797 
-0.027357 
-0.0278565 
-0.0279255 
-0.0278338 
-0.0277543 
-0.0277712 
-0.0279017 
-0.028119 
-0.0283738 
-0.0286066 
-0.028755 
-0.0287575 
-0.0285558 
-0.0280976 
-0.0273385 
-0.0262442 
-0.0247916 
-0.0229696 
-0.0207783 
-0.0182298 
-0.0153481 
-0.0121711 
-0.00875002 
-0.00514714 
-0.00143402 
0.00231358 
0.00602279 
0.00963525 
0.0131078 
0.0164088 
0.0195126 
0.022393 
0.0250172 
0.0273411 
0.029308 
0.030852 
0.0319068 
0.032419 
0.0323647 
0.0317663 
0.0307073 
0.0293347 
0.0278236 
0.0262978 
0.0247589 
0.0231154 
0.0213021 
0.0193529 
0.0173548 
0.0153695 
0.0134087 
0.0114504 
0.00945266 
0.00737223 
0.00520753 
0.0029779 
0.000713244 
-0.00154074 
-0.00368422 
-0.00552568 
-0.00677021 
-0.00677021 
-0.0222124 
-0.0222124 
-0.0260333 
-0.0283058 
-0.0293324 
-0.0296427 
-0.0295914 
-0.0294573 
-0.0294009 
-0.0294908 
-0.0297247 
-0.0300605 
-0.030437 
-0.030787 
-0.0310414 
-0.031133 
-0.0309973 
-0.0305759 
-0.0298189 
-0.0286873 
-0.0271549 
-0.0252084 
-0.0228466 
-0.0200804 
-0.0169343 
-0.0134482 
-0.00967915 
-0.00569837 
-0.00158822 
0.00255959 
0.00665185 
0.010618 
0.0144104 
0.0179979 
0.0213577 
0.0244674 
0.0272978 
0.0298068 
0.0319378 
0.0336231 
0.0347926 
0.0353894 
0.0353879 
0.0348139 
0.0337595 
0.0323781 
0.0308359 
0.0292278 
0.0275309 
0.0256694 
0.0236298 
0.0214868 
0.019331 
0.0172041 
0.0150955 
0.0129567 
0.0107236 
0.00836409 
0.00586792 
0.00323234 
0.000470382 
-0.00240738 
-0.00528288 
-0.0078697 
-0.00970178 
-0.00970178 
-0.024116 
-0.024116 
-0.027963 
-0.0300367 
-0.0308507 
-0.0310103 
-0.0308666 
-0.0307059 
-0.0306751 
-0.0308298 
-0.0311518 
-0.0315874 
-0.0320675 
-0.0325194 
-0.0328698 
-0.0330462 
-0.0329789 
-0.0326034 
-0.031864 
-0.0307169 
-0.0291323 
-0.0270946 
-0.0246009 
-0.0216601 
-0.018295 
-0.0145463 
-0.0104752 
-0.00616022 
-0.00169238 
0.00281405 
0.0072423 
0.0115134 
0.0155796 
0.0194122 
0.0229916 
0.0262979 
0.0293036 
0.0319674 
0.0342325 
0.0360298 
0.0372877 
0.0379489 
0.0379903 
0.037445 
0.0364147 
0.0350533 
0.0335056 
0.0318298 
0.029989 
0.0279433 
0.0257361 
0.0234701 
0.0212243 
0.0190146 
0.0168016 
0.014509 
0.0120747 
0.0094579 
0.00662231 
0.00353205 
0.00015145 
-0.00355758 
-0.00740434 
-0.0109362 
-0.0134873 
-0.0134873 
-0.0255664 
-0.0255664 
-0.0294046 
-0.0313015 
-0.0319503 
-0.0319978 
-0.0317861 
-0.0316068 
-0.0315946 
-0.0317966 
-0.0321827 
-0.0326924 
-0.0332517 
-0.0337849 
-0.0342155 
-0.0344672 
-0.0344658 
-0.0341411 
-0.0334319 
-0.0322891 
-0.0306788 
-0.0285829 
-0.0259969 
-0.0229273 
-0.0193943 
-0.0154367 
-0.0111197 
-0.00652853 
-0.00176174 
0.00304309 
0.0077461 
0.0122661 
0.0165586 
0.020598 
0.0243657 
0.0278421 
0.0309984 
0.0337924 
0.0361659 
0.0380491 
0.0393713 
0.0400782 
0.0401544 
0.0396445 
0.038658 
0.03734 
0.0358015 
0.0340656 
0.0321021 
0.0299247 
0.0276273 
0.0253198 
0.0230575 
0.0208268 
0.0185555 
0.0161599 
0.0135709 
0.0107213 
0.00752403 
0.00387371 
-0.000346593 
-0.00515499 
-0.0101549 
-0.0147054 
-0.0179899 
-0.0179899 
-0.0265672 
-0.0265672 
-0.0303709 
-0.0321275 
-0.0326636 
-0.0326351 
-0.0323767 
-0.0321811 
-0.0321749 
-0.0324012 
-0.0328232 
-0.0333775 
-0.0339878 
-0.0345772 
-0.0350675 
-0.0353801 
-0.0354368 
-0.0351632 
-0.0344925 
-0.0333703 
-0.0317581 
-0.0296345 
-0.0269936 
-0.023841 
-0.0201936 
-0.0160855 
-0.0115831 
-0.00677876 
-0.00178654 
0.00322791 
0.00812301 
0.0128283 
0.017301 
0.0215131 
0.0254427 
0.0290662 
0.0323514 
0.0352531 
0.0377114 
0.0396565 
0.0410213 
0.0417593 
0.0418676 
0.0414037 
0.0404802 
0.03922 
0.037694 
0.0359052 
0.0338563 
0.0316206 
0.0293225 
0.027059 
0.0248568 
0.0226658 
0.0203964 
0.0179592 
0.0152604 
0.0121725 
0.00851405 
0.00408306 
-0.00126365 
-0.00734497 
-0.0135007 
-0.0189933 
-0.0229411 
-0.0229411 
-0.0271442 
-0.0271442 
-0.0308964 
-0.0325551 
-0.0330272 
-0.0329533 
-0.0326647 
-0.0324506 
-0.0324348 
-0.0326602 
-0.0330889 
-0.0336576 
-0.0342898 
-0.0349086 
-0.0354355 
-0.0357907 
-0.0358941 
-0.0356678 
-0.0350403 
-0.0339518 
-0.0323585 
-0.0302348 
-0.0275731 
-0.0243795 
-0.020671 
-0.0164768 
-0.0118594 
-0.00692415 
-0.00180993 
0.00331637 
0.00833293 
0.013173 
0.0177875 
0.0221417 
0.026207 
0.0299537 
0.0333444 
0.03633 
0.0388487 
0.0408326 
0.0422216 
0.0429815 
0.0431254 
0.0427217 
0.0418746 
0.0406741 
0.039157 
0.0373333 
0.0352587 
0.0330544 
0.0308496 
0.0287176 
0.0266457 
0.0245588 
0.0223595 
0.0199393 
0.0171433 
0.013733 
0.00940507 
0.0039161 
-0.00274422 
-0.0100712 
-0.0172458 
-0.023549 
-0.0280804 
-0.0280804 
-0.0273272 
-0.0273272 
-0.0310122 
-0.0326174 
-0.0330695 
-0.0329787 
-0.032676 
-0.0324415 
-0.0324019 
-0.0326024 
-0.0330093 
-0.0335618 
-0.0341851 
-0.0348037 
-0.03534 
-0.035715 
-0.0358481 
-0.0356599 
-0.035076 
-0.0340319 
-0.0324786 
-0.0303852 
-0.0277407 
-0.0245519 
-0.02084 
-0.0166372 
-0.0119952 
-0.00701649 
-0.0018563 
0.00331677 
0.00839874 
0.0133236 
0.0180358 
0.0224934 
0.0266598 
0.0304977 
0.0339637 
0.0370042 
0.0395569 
0.0415584 
0.0429587 
0.0437396 
0.043929 
0.0435981 
0.04283 
0.0416804 
0.0401739 
0.038356 
0.0363372 
0.0342622 
0.0322447 
0.0303185 
0.0284404 
0.0265237 
0.0244581 
0.0220826 
0.0191289 
0.0152153 
0.00996429 
0.00322636 
-0.00473567 
-0.0131439 
-0.0211729 
-0.0281634 
-0.0332121 
-0.0332121 
-0.0271308 
-0.0271308 
-0.0307715 
-0.0323623 
-0.0328267 
-0.0327414 
-0.0324345 
-0.0321766 
-0.0321001 
-0.0322555 
-0.0326165 
-0.0331264 
-0.0337138 
-0.0343053 
-0.0348257 
-0.0351979 
-0.0353427 
-0.0351805 
-0.0346355 
-0.0336401 
-0.0321405 
-0.0301005 
-0.0275049 
-0.0243587 
-0.0206862 
-0.0165313 
-0.0119571 
-0.00705311 
-0.00194131 
0.00322582 
0.0083285 
0.0132947 
0.0180632 
0.0225848 
0.0268149 
0.0307088 
0.0342166 
0.037282 
0.0398423 
0.0418415 
0.0432449 
0.0440502 
0.044294 
0.0440376 
0.043337 
0.0422278 
0.0407528 
0.039007 
0.0371396 
0.0352892 
0.033533 
0.0318718 
0.0302463 
0.0285604 
0.0266676 
0.0243076 
0.0210614 
0.01643 
0.0100715 
0.00205417 
-0.00706169 
-0.0163687 
-0.025111 
-0.0326806 
-0.0381889 
-0.0381889 
-0.0265886 
-0.0265886 
-0.0302115 
-0.0318217 
-0.0323256 
-0.0322675 
-0.0319679 
-0.0316877 
-0.0315659 
-0.0316606 
-0.0319551 
-0.0323989 
-0.0329251 
-0.0334637 
-0.0339429 
-0.0342891 
-0.0344263 
-0.0342773 
-0.0337667 
-0.0328257 
-0.031397 
-0.0294401 
-0.0269348 
-0.0238826 
-0.0203069 
-0.0162528 
-0.0117857 
-0.00699563 
-0.00199279 
0.00309518 
0.00815496 
0.0131045 
0.0178759 
0.0224115 
0.0266581 
0.0305636 
0.0340733 
0.0371296 
0.0396756 
0.0416644 
0.0430743 
0.0439132 
0.0442151 
0.0440233 
0.0433761 
0.0423167 
0.0409283 
0.0393456 
0.0377211 
0.0361658 
0.034724 
0.0333758 
0.0320533 
0.0306404 
0.0289188 
0.0264905 
0.0227885 
0.0172737 
0.00974809 
0.00054281 
-0.00954714 
-0.0196017 
-0.0289373 
-0.0369854 
-0.0428978 
-0.0428978 
-0.0257322 
-0.0257322 
-0.0293654 
-0.0310245 
-0.0315927 
-0.0315832 
-0.0313046 
-0.0310078 
-0.0308378 
-0.0308618 
-0.0310749 
-0.0314343 
-0.0318787 
-0.0323421 
-0.032757 
-0.0330543 
-0.0331629 
-0.0330098 
-0.0325225 
-0.0316332 
-0.0302832 
-0.0284285 
-0.0260441 
-0.0231269 
-0.0196969 
-0.0157971 
-0.0114915 
-0.00686342 
-0.00201257 
0.0029466 
0.00790798 
0.0127853 
0.0175055 
0.0220032 
0.026218 
0.0300917 
0.0335664 
0.036586 
0.0390998 
0.0410709 
0.0424857 
0.0433541 
0.0437013 
0.0435589 
0.0429681 
0.0420002 
0.0407738 
0.0394364 
0.0381207 
0.0369067 
0.035815 
0.0348156 
0.0338313 
0.0327051 
0.0311142 
0.0285091 
0.0242182 
0.0177489 
0.00910811 
-0.00113606 
-0.0120482 
-0.0227402 
-0.0325599 
-0.0409888 
-0.0472488 
-0.0472488 
-0.0245934 
-0.0245934 
-0.0282619 
-0.0299954 
-0.030651 
-0.0307121 
-0.0304718 
-0.0301698 
-0.0299553 
-0.0299057 
-0.0300288 
-0.0302914 
-0.030639 
-0.0310101 
-0.0313418 
-0.0315703 
-0.0316304 
-0.0314549 
-0.0309765 
-0.0301306 
-0.0288597 
-0.0271182 
-0.0248769 
-0.0221272 
-0.0188829 
-0.0151809 
-0.0110795 
-0.00665568 
-0.00200108 
0.00278168 
0.00759302 
0.0123447 
0.0169603 
0.0213688 
0.0255043 
0.0293049 
0.0327117 
0.035671 
0.0381383 
0.0400832 
0.0414948 
0.0423803 
0.0427601 
0.0426684 
0.0421658 
0.0413519 
0.0403609 
0.0393292 
0.0383615 
0.0375128 
0.0367911 
0.0361612 
0.0355293 
0.0346753 
0.0331532 
0.0302781 
0.0253329 
0.0179326 
0.00829345 
-0.0028366 
-0.0144649 
-0.0257093 
-0.0359071 
-0.0446187 
-0.0511682 
-0.0511682 
-0.023201 
-0.023201 
-0.0269267 
-0.0287567 
-0.0295212 
-0.0296753 
-0.029494 
-0.0292038 
-0.0289557 
-0.0288367 
-0.0288683 
-0.0290286 
-0.029271 
-0.0295393 
-0.0297751 
-0.0299201 
-0.0299149 
-0.0296994 
-0.0292128 
-0.0283963 
-0.0271956 
-0.0255659 
-0.0234759 
-0.0209121 
-0.0178813 
-0.0144123 
-0.0105546 
-0.00637595 
-0.00195898 
0.0026041 
0.00721921 
0.0117971 
0.0162592 
0.0205312 
0.0245442 
0.0282344 
0.0315432 
0.0344198 
0.0368237 
0.0387281 
0.040123 
0.0410157 
0.0414305 
0.0414157 
0.0410526 
0.0404554 
0.0397528 
0.0390588 
0.0384528 
0.0379744 
0.0376263 
0.037369 
0.037081 
0.0364648 
0.0349525 
0.0317586 
0.0261718 
0.0179365 
0.00744054 
-0.00445442 
-0.016727 
-0.0284444 
-0.0389142 
-0.0478111 
-0.0545905 
-0.0545905 
-0.0215813 
-0.0215813 
-0.0253829 
-0.0273282 
-0.0282209 
-0.0284901 
-0.028391 
-0.0281349 
-0.0278712 
-0.0276946 
-0.0276407 
-0.0277003 
-0.0278361 
-0.0279982 
-0.0281327 
-0.0281861 
-0.0281051 
-0.0278362 
-0.0273262 
-0.026523 
-0.0253778 
-0.0238492 
-0.0219058 
-0.0195311 
-0.0167258 
-0.0135102 
-0.00992371 
-0.00602363 
-0.00188207 
0.00242065 
0.00679697 
0.0111576 
0.0154227 
0.0195165 
0.0233687 
0.0269152 
0.0300987 
0.0328705 
0.0351932 
0.0370434 
0.0384143 
0.0393184 
0.0397907 
0.0398944 
0.0397219 
0.0393854 
0.0389959 
0.0386445 
0.0383928 
0.0382726 
0.0382856 
0.0383846 
0.0384128 
0.0379924 
0.0364522 
0.0329449 
0.0267957 
0.017864 
0.00665008 
-0.00591676 
-0.0187737 
-0.0308786 
-0.0415142 
-0.0505029 
-0.0574532 
-0.0574532 
-0.0197584 
-0.0197584 
-0.0236518 
-0.0257275 
-0.0267651 
-0.0271701 
-0.0271777 
-0.0269819 
-0.0267269 
-0.0265122 
-0.0263862 
-0.0263536 
-0.0263882 
-0.0264473 
-0.0264824 
-0.026444 
-0.0262841 
-0.0259554 
-0.0254117 
-0.0246081 
-0.0235028 
-0.0220589 
-0.020248 
-0.0180527 
-0.0154699 
-0.0125126 
-0.00921056 
-0.00561002 
-0.00177127 
0.0022385 
0.00633998 
0.0104457 
0.0144762 
0.0183554 
0.0220137 
0.0253875 
0.0284215 
0.0310699 
0.0332991 
0.0350902 
0.0364429 
0.0373782 
0.0379414 
0.0382034 
0.0382556 
0.038197 
0.0381187 
0.0380934 
0.0381722 
0.0383837 
0.0387286 
0.0391496 
0.039452 
0.0391874 
0.0376093 
0.0338417 
0.0272556 
0.017789 
0.00599121 
-0.00717197 
-0.0205436 
-0.0329323 
-0.043631 
-0.0526279 
-0.0596923 
-0.0596923 
-0.0177551 
-0.0177551 
-0.0217537 
-0.0239716 
-0.0251671 
-0.0257258 
-0.0258636 
-0.0257567 
-0.0255395 
-0.0253131 
-0.0251358 
-0.0250262 
-0.0249708 
-0.0249363 
-0.0248798 
-0.0247565 
-0.0245223 
-0.0241353 
-0.0235552 
-0.0227439 
-0.0216663 
-0.0202915 
-0.018595 
-0.0165611 
-0.014185 
-0.0114752 
-0.00845358 
-0.00515664 
-0.00163322 
0.00206263 
0.00586248 
0.00968377 
0.0134493 
0.0170849 
0.0205227 
0.0237017 
0.0265694 
0.0290839 
0.0312168 
0.0329557 
0.0343071 
0.0352993 
0.0359826 
0.0364267 
0.0367134 
0.0369251 
0.0371358 
0.0374053 
0.0377784 
0.038282 
0.0389154 
0.0396086 
0.0401343 
0.0399916 
0.0383896 
0.0344488 
0.0275794 
0.0177534 
0.00549701 
-0.00818923 
-0.0219676 
-0.0345072 
-0.0451774 
-0.0541159 
-0.0612434 
-0.0612434 
-0.0155939 
-0.0155939 
-0.0197089 
-0.0220774 
-0.0234395 
-0.0241653 
-0.0244541 
-0.0244639 
-0.0243169 
-0.0241105 
-0.0239096 
-0.0237449 
-0.0236166 
-0.0235023 
-0.0233668 
-0.0231702 
-0.0228725 
-0.0224356 
-0.0218242 
-0.0210057 
-0.0199509 
-0.0186346 
-0.0170371 
-0.0151455 
-0.0129557 
-0.0104736 
-0.00771593 
-0.00471107 
-0.00149792 
0.00188089 
0.005368 
0.0088888 
0.0123711 
0.0157451 
0.0189467 
0.0219188 
0.0246134 
0.0269939 
0.0290375 
0.0307378 
0.0321067 
0.0331757 
0.0339935 
0.0346227 
0.035132 
0.0355888 
0.0360534 
0.036577 
0.0371996 
0.0379462 
0.0388128 
0.039718 
0.0404106 
0.0403588 
0.038755 
0.0347343 
0.0277378 
0.0177347 
0.00516754 
-0.00893614 
-0.0229565 
-0.0354912 
-0.0460634 
-0.0549009 
-0.0620491 
-0.0620491 
-0.0132978 
-0.0132978 
-0.0175386 
-0.020063 
-0.0215959 
-0.0224966 
-0.0229515 
-0.0231027 
-0.0230579 
-0.022907 
-0.022716 
-0.022525 
-0.0223465 
-0.0221707 
-0.0219719 
-0.0217167 
-0.0213693 
-0.0208953 
-0.0202629 
-0.019444 
-0.0184138 
-0.0171518 
-0.0156427 
-0.0138767 
-0.0118513 
-0.00957196 
-0.00705246 
-0.00431603 
-0.00139432 
0.00167833 
0.004856 
0.0080746 
0.0112693 
0.0143768 
0.0173387 
0.0201034 
0.0226284 
0.0248825 
0.0268482 
0.0285234 
0.0299223 
0.031075 
0.0320249 
0.0328247 
0.0335303 
0.0341967 
0.0348741 
0.0356062 
0.0364286 
0.0373631 
0.0384011 
0.0394517 
0.0402506 
0.0402592 
0.0386791 
0.0346726 
0.0277053 
0.0177388 
0.00499084 
-0.00939248 
-0.023399 
-0.0357763 
-0.0462073 
-0.0549272 
-0.0620619 
-0.0620619 
-0.0108911 
-0.0108911 
-0.0152658 
-0.0179486 
-0.0196523 
-0.0207292 
-0.0213583 
-0.0216687 
-0.0217545 
-0.0216946 
-0.0215513 
-0.0213686 
-0.0211692 
-0.0209551 
-0.0207119 
-0.0204143 
-0.0200324 
-0.0195356 
-0.0188953 
-0.0180864 
-0.0170876 
-0.0158822 
-0.0144579 
-0.012808 
-0.0109316 
-0.00883433 
-0.00652835 
-0.00403309 
-0.00137476 
0.00141781 
0.00430668 
0.00723872 
0.010158 
0.0130092 
0.015741 
0.0183085 
0.0206749 
0.0228143 
0.0247133 
0.0263718 
0.0278036 
0.0290348 
0.0301017 
0.031047 
0.0319159 
0.032753 
0.0336001 
0.0344944 
0.0354662 
0.0365328 
0.0376803 
0.0388123 
0.039665 
0.0396996 
0.0381316 
0.0341675 
0.0273021 
0.0175284 
0.00487232 
-0.009402 
-0.0231112 
-0.0352635 
-0.045548 
-0.0541566 
-0.0612574 
-0.0612574 
-0.00839984 
-0.00839984 
-0.0129157 
-0.0157577 
-0.0176285 
-0.0188772 
-0.0196801 
-0.0201585 
-0.0203952 
-0.0204575 
-0.0203998 
-0.0202646 
-0.0200798 
-0.0198569 
-0.0195925 
-0.0192713 
-0.0188706 
-0.0183649 
-0.0177291 
-0.0169408 
-0.015981 
-0.0148354 
-0.0134941 
-0.0119522 
-0.0102101 
-0.00827407 
-0.00615576 
-0.00387284 
-0.00144849 
0.00109144 
0.0037166 
0.00638515 
0.00904988 
0.0116639 
0.0141833 
0.0165697 
0.018792 
0.0208286 
0.0226688 
0.0243129 
0.0257725 
0.0270689 
0.028231 
0.0292929 
0.0302906 
0.0312604 
0.0322363 
0.0332489 
0.0343229 
0.0354705 
0.0366726 
0.0378276 
0.0386679 
0.0386756 
0.0371061 
0.033218 
0.0265336 
0.0170509 
0.00483355 
-0.00890668 
-0.0221689 
-0.0340154 
-0.0441132 
-0.0526054 
-0.0596658 
-0.0596658 
-0.00585095 
-0.00585095 
-0.0105147 
-0.0135162 
-0.0155489 
-0.0169607 
-0.0179294 
-0.018574 
-0.0189707 
-0.0191767 
-0.0192371 
-0.0191885 
-0.0190582 
-0.0188628 
-0.0186073 
-0.0182858 
-0.0178845 
-0.0173845 
-0.0167653 
-0.0160077 
-0.0150951 
-0.0140149 
-0.0127589 
-0.0113235 
-0.00970986 
-0.00792415 
-0.00597711 
-0.00388419 
-0.00166534 
0.000656207 
0.00305343 
0.00549231 
0.00793374 
0.0103387 
0.0126705 
0.0148967 
0.0169916 
0.018937 
0.0207237 
0.0223518 
0.0238302 
0.0251754 
0.02641 
0.0275603 
0.028655 
0.0297227 
0.0307905 
0.0318826 
0.0330177 
0.0342025 
0.0354116 
0.0365369 
0.037317 
0.0372641 
0.0356865 
0.0319034 
0.0254738 
0.0163855 
0.00485722 
-0.00803975 
-0.0206678 
-0.0321055 
-0.0419709 
-0.0503341 
-0.0573459 
-0.0573459 
-0.00327219 
-0.00327219 
-0.00808964 
-0.0112517 
-0.013442 
-0.015007 
-0.0161287 
-0.0169284 
-0.017481 
-0.0178384 
-0.0180377 
-0.0181075 
-0.0180704 
-0.0179426 
-0.0177327 
-0.0174417 
-0.0170635 
-0.0165867 
-0.0159967 
-0.0152784 
-0.014418 
-0.0134047 
-0.0122313 
-0.010895 
-0.00939719 
-0.00774403 
-0.00594606 
-0.00401815 
-0.00197911 
0.00014925 
0.00234305 
0.00457807 
0.00682203 
0.00904243 
0.0112086 
0.0132934 
0.0152749 
0.0171378 
0.0188737 
0.0204821 
0.021969 
0.0233468 
0.0246325 
0.0258462 
0.0270099 
0.0281456 
0.0292741 
0.0304131 
0.0315757 
0.0327621 
0.0339377 
0.0349932 
0.0356776 
0.0355414 
0.0339595 
0.0303196 
0.0242266 
0.0156641 
0.00495949 
-0.00694514 
-0.0187789 
-0.0296917 
-0.0392557 
-0.0474575 
-0.0544033 
-0.0544033 
-0.000688332 
-0.000688332 
-0.00566437 
-0.00899028 
-0.0113372 
-0.0130487 
-0.0143108 
-0.0152495 
-0.0159436 
-0.0164449 
-0.0167865 
-0.0169915 
-0.0170761 
-0.0170521 
-0.016927 
-0.0167039 
-0.0163811 
-0.015953 
-0.0154111 
-0.0147452 
-0.0139457 
-0.0130045 
-0.0119164 
-0.0106796 
-0.00929613 
-0.00777153 
-0.00611511 
-0.00433951 
-0.00246049 
-0.00049679 
0.00153029 
0.00359753 
0.00567837 
0.00774547 
0.00977318 
0.0117385 
0.013623 
0.0154132 
0.0171019 
0.0186879 
0.0201749 
0.0215718 
0.022891 
0.0241474 
0.0253573 
0.0265368 
0.0277008 
0.0288616 
0.0300257 
0.031185 
0.0322989 
0.0332586 
0.033829 
0.0336052 
0.032036 
0.0285824 
0.0229004 
0.014976 
0.00517653 
-0.0056921 
-0.016644 
-0.0269333 
-0.036119 
-0.0441124 
-0.0509653 
-0.0509653 
0.00187801 
0.00187801 
-0.00325656 
-0.00675218 
-0.00926094 
-0.0111194 
-0.0125153 
-0.0135794 
-0.0143967 
-0.0150231 
-0.0154938 
-0.0158303 
-0.0160453 
-0.0161461 
-0.0161363 
-0.0160168 
-0.015786 
-0.01544 
-0.0149733 
-0.0143797 
-0.0136529 
-0.012788 
-0.0117823 
-0.0106354 
-0.00935041 
-0.00793325 
-0.00639332 
-0.00474323 
-0.00299866 
-0.00117799 
0.000698123 
0.00261231 
0.00454597 
0.00647559 
0.00837954 
0.0102378 
0.0120344 
0.0137571 
0.0153992 
0.0169589 
0.018438 
0.0198425 
0.0211807 
0.0224632 
0.0237013 
0.0249058 
0.0260869 
0.0272509 
0.0283971 
0.0295109 
0.0305469 
0.0313994 
0.0318536 
0.0315527 
0.0300212 
0.0267945 
0.0215787 
0.0143633 
0.00549961 
-0.00433535 
-0.0143699 
-0.0239689 
-0.0327062 
-0.0404393 
-0.0471662 
-0.0471662 
0.00441882 
0.00441882 
-0.000876465 
-0.00454846 
-0.00723019 
-0.00924584 
-0.0107806 
-0.0119671 
-0.0128952 
-0.0136273 
-0.0142042 
-0.0146512 
-0.0149823 
-0.0152042 
-0.0153181 
-0.0153221 
-0.0152118 
-0.0149815 
-0.0146249 
-0.0141358 
-0.0135091 
-0.0127416 
-0.0118328 
-0.010785 
-0.00960366 
-0.00829673 
-0.0068742 
-0.00534767 
-0.00373004 
-0.00203551 
-0.000280345 
0.00151825 
0.00334037 
0.00516528 
0.00697409 
0.00874843 
0.0104742 
0.0121402 
0.0137412 
0.0152755 
0.0167432 
0.0181482 
0.0194957 
0.0207925 
0.0220461 
0.023263 
0.0244482 
0.0256027 
0.0267197 
0.0277791 
0.0287324 
0.0294795 
0.0298283 
0.029471 
0.0280059 
0.0250395 
0.0203232 
0.0138472 
0.00591661 
-0.00291231 
-0.0120294 
-0.0209036 
-0.0291403 
-0.0365649 
-0.043132 
-0.043132 
0.0069415 
0.0069415 
0.00147509 
-0.00237881 
-0.00524788 
-0.00744017 
-0.00913224 
-0.0104538 
-0.0114963 
-0.0123266 
-0.0129918 
-0.0135238 
-0.0139423 
-0.0142583 
-0.0144756 
-0.0145928 
-0.0146046 
-0.0145034 
-0.0142797 
-0.0139242 
-0.0134284 
-0.0127862 
-0.011995 
-0.0110561 
-0.00997523 
-0.00876219 
-0.00742973 
-0.00599261 
-0.00446672 
-0.00286885 
-0.00121691 
0.000471108 
0.00218231 
0.00390348 
0.00561861 
0.00731022 
0.00896673 
0.0105764 
0.0121339 
0.0136387 
0.0150893 
0.0164876 
0.0178362 
0.0191384 
0.0203987 
0.021619 
0.0228004 
0.0239387 
0.0250221 
0.0260264 
0.0269022 
0.027556 
0.0278199 
0.0274333 
0.0260629 
0.0233805 
0.0191764 
0.0134371 
0.00640969 
-0.00145693 
-0.00967802 
-0.0178168 
-0.0255186 
-0.0325954 
-0.0389716 
-0.0389716 
0.00946489 
0.00946489 
0.00381852 
-0.00023088 
-0.00330097 
-0.00569473 
-0.0075727 
-0.00905744 
-0.0102372 
-0.0111792 
-0.0119344 
-0.0125399 
-0.0130225 
-0.0134 
-0.0136829 
-0.0138756 
-0.0139773 
-0.0139823 
-0.0138817 
-0.0136643 
-0.013318 
-0.0128318 
-0.0121973 
-0.0114102 
-0.0104719 
-0.00938976 
-0.00817699 
-0.00685107 
-0.00543104 
-0.00393468 
-0.00237682 
-0.0007697 
0.000874324 
0.00253489 
0.00419597 
0.00583843 
0.00744882 
0.00901531 
0.0105382 
0.0120209 
0.0134571 
0.014849 
0.0161962 
0.0175003 
0.0187627 
0.0199823 
0.0211566 
0.0222774 
0.0233293 
0.0242852 
0.0250963 
0.0256769 
0.0258825 
0.0254966 
0.0242463 
0.0218618 
0.0181656 
0.0131383 
0.00696725 
8.35781e-06 
-0.00735327 
-0.0147643 
-0.0219133 
-0.0286136 
-0.0347729 
-0.0347729 
0.0120152 
0.0120152 
0.00618568 
0.00192456 
-0.00136533 
-0.00398351 
-0.00608042 
-0.00776478 
-0.00911838 
-0.010205 
-0.0110752 
-0.0117688 
-0.0123164 
-0.0127417 
-0.0130622 
-0.0132899 
-0.013432 
-0.0134905 
-0.0134624 
-0.0133404 
-0.0131137 
-0.0127697 
-0.0122952 
-0.0116783 
-0.0109105 
-0.00998793 
-0.00891332 
-0.00769717 
-0.00635802 
-0.00492092 
-0.00341387 
-0.00186292 
-0.000288772 
0.0012906 
0.00287587 
0.00444628 
0.00599851 
0.00751624 
0.00899514 
0.0104454 
0.0118611 
0.0132408 
0.0145826 
0.0158845 
0.0171456 
0.0183628 
0.01953 
0.0206363 
0.0216634 
0.0225828 
0.0233472 
0.0238795 
0.0240568 
0.0237016 
0.0225934 
0.0205123 
0.017308 
0.0129535 
0.00758213 
0.00146932 
-0.00507919 
-0.0117829 
-0.0183746 
-0.0246799 
-0.0306016 
-0.0306016 
0.0146227 
0.0146227 
0.00861215 
0.00412691 
0.000593751 
-0.00227247 
-0.00461911 
-0.00653969 
-0.00810685 
-0.00937815 
-0.0104017 
-0.0112171 
-0.0118568 
-0.0123467 
-0.0127083 
-0.0129589 
-0.0131123 
-0.0131788 
-0.0131646 
-0.0130712 
-0.012896 
-0.0126323 
-0.0122705 
-0.0117993 
-0.0112071 
-0.010483 
-0.00961831 
-0.00860821 
-0.00745426 
-0.00616712 
-0.00476842 
-0.00328898 
-0.00176006 
-0.000201229 
0.00138385 
0.00295994 
0.0044983 
0.00597439 
0.00741844 
0.00886116 
0.0102692 
0.0116456 
0.0129847 
0.0142857 
0.0155471 
0.0167642 
0.0179285 
0.0190272 
0.0200408 
0.0209397 
0.0216792 
0.0221906 
0.0223706 
0.0220749 
0.0211267 
0.0193486 
0.0166126 
0.012885 
0.00825303 
0.00292133 
-0.00286775 
-0.00889296 
-0.0149333 
-0.0208338 
-0.0265033 
-0.0265033 
0.0173172 
0.0173172 
0.0111294 
0.00641315 
0.00261503 
-0.000528564 
-0.00315164 
-0.00534242 
-0.00715901 
-0.00865209 
-0.00986544 
-0.0108379 
-0.011603 
-0.0121889 
-0.0126188 
-0.0129125 
-0.0130866 
-0.0131557 
-0.0131318 
-0.0130242 
-0.012839 
-0.0125786 
-0.0122424 
-0.0118266 
-0.0113253 
-0.0107307 
-0.0100328 
-0.0092197 
-0.00827632 
-0.00718604 
-0.00593504 
-0.00452327 
-0.00298084 
-0.00138291 
0.000174808 
0.00163966 
0.00310533 
0.00454114 
0.00593388 
0.00733141 
0.00871871 
0.010082 
0.0114148 
0.0127139 
0.0139761 
0.0151954 
0.0163623 
0.0174626 
0.0184757 
0.0193723 
0.0201103 
0.0206289 
0.0208416 
0.0206316 
0.0198582 
0.0183785 
0.0160837 
0.0129342 
0.00898096 
0.00436717 
-0.000718641 
-0.00610094 
-0.0116038 
-0.0170976 
-0.0225054 
-0.0225054 
0.0201265 
0.0201265 
0.0137659 
0.00881194 
0.00473037 
0.00128195 
-0.00165016 
-0.00414278 
-0.00624259 
-0.0079903 
-0.00942382 
-0.0105804 
-0.0114954 
-0.0122 
-0.0127212 
-0.0130815 
-0.0133 
-0.0133932 
-0.0133755 
-0.0132596 
-0.0130559 
-0.0127727 
-0.0124161 
-0.0119901 
-0.0114974 
-0.0109389 
-0.0103148 
-0.00962333 
-0.00885934 
-0.00801194 
-0.00706189 
-0.00598096 
-0.00473565 
-0.00329859 
-0.00167609 
3.34994e-05 
0.00163464 
0.00298439 
0.00429383 
0.00574654 
0.00715994 
0.008528 
0.0098612 
0.0111604 
0.0124265 
0.0136536 
0.0148317 
0.0159458 
0.0169746 
0.0178893 
0.0186505 
0.0192044 
0.0194785 
0.0193782 
0.0187916 
0.0176038 
0.015722 
0.0131028 
0.0097691 
0.00581408 
0.00137721 
-0.00340209 
-0.00838728 
-0.0134791 
-0.0186203 
-0.0186203 
0.0230757 
0.0230757 
0.0165469 
0.0113482 
0.00696556 
0.00318236 
-9.33826e-05 
-0.00292134 
-0.00533985 
-0.00737586 
-0.00905917 
-0.0104235 
-0.0115055 
-0.0123409 
-0.012962 
-0.0133968 
-0.0136686 
-0.0137976 
-0.0138008 
-0.0136934 
-0.0134881 
-0.0131958 
-0.0128253 
-0.0123837 
-0.0118771 
-0.0113104 
-0.0106882 
-0.0100142 
-0.00929022 
-0.00851369 
-0.00767419 
-0.00675113 
-0.00571506 
-0.0045258 
-0.00313845 
-0.00151156 
0.000165018 
0.0015721 
0.00288305 
0.0042515 
0.00563865 
0.00700007 
0.00833402 
0.00963686 
0.0109106 
0.0121505 
0.0133477 
0.0144871 
0.0155473 
0.0164999 
0.0173081 
0.0179238 
0.0182854 
0.0183161 
0.0179262 
0.0170229 
0.0155273 
0.0133938 
0.0106242 
0.00727306 
0.00343439 
-0.000782788 
-0.00527522 
-0.00997497 
-0.0148483 
-0.0148483 
0.0261874 
0.0261874 
0.019495 
0.0140448 
0.00934302 
0.00519721 
0.00154204 
-0.00166249 
-0.00443861 
-0.00680113 
-0.00876787 
-0.0103661 
-0.0116328 
-0.0126082 
-0.013332 
-0.0138396 
-0.0141611 
-0.0143218 
-0.0143433 
-0.014244 
-0.01404 
-0.0137448 
-0.0133698 
-0.0129241 
-0.012415 
-0.0118486 
-0.0112301 
-0.0105646 
-0.00985611 
-0.00910689 
-0.00831364 
-0.00746398 
-0.00653945 
-0.00552648 
-0.00443233 
-0.00329133 
-0.00216159 
-0.00100488 
0.000459144 
0.00231146 
0.00398465 
0.00542709 
0.0067936 
0.00811181 
0.00940362 
0.0106686 
0.0118994 
0.013081 
0.0141922 
0.0152052 
0.0160851 
0.0167885 
0.0172625 
0.0174435 
0.0172588 
0.0166332 
0.0154991 
0.0138108 
0.0115551 
0.00875662 
0.00547271 
0.00177664 
-0.00225164 
-0.00657302 
-0.0111799 
-0.0111799 
0.029481 
0.029481 
0.02263 
0.0169225 
0.0118847 
0.00734819 
0.0032745 
-0.00035019 
-0.003527 
-0.00625991 
-0.00854954 
-0.0104131 
-0.0118855 
-0.0130117 
-0.0138401 
-0.0144161 
-0.0147791 
-0.0149618 
-0.0149916 
-0.0148913 
-0.0146807 
-0.0143766 
-0.0139931 
-0.0135419 
-0.0130322 
-0.0124713 
-0.0118651 
-0.0112178 
-0.010533 
-0.00981259 
-0.00905633 
-0.00825872 
-0.00740886 
-0.00649284 
-0.00550158 
-0.00443024 
-0.00331633 
-0.00225749 
-0.00101279 
0.000514591 
0.00210098 
0.00363923 
0.00510647 
0.00650946 
0.00786821 
0.00919258 
0.0104829 
0.0117295 
0.012914 
0.0140105 
0.0149863 
0.015802 
0.016411 
0.0167594 
0.0167876 
0.0164334 
0.015639 
0.0143599 
0.0125727 
0.0102801 
0.00750983 
0.00430207 
0.000706747 
-0.00325451 
-0.00759743 
-0.00759743 
0.0329716 
0.0329716 
0.0259682 
0.0199997 
0.0146114 
0.00965747 
0.00512765 
0.00103649 
-0.00259257 
-0.00574474 
-0.0084032 
-0.0105697 
-0.0122738 
-0.0135641 
-0.0144992 
-0.0151374 
-0.0155307 
-0.0157218 
-0.0157457 
-0.0156309 
-0.0154015 
-0.0150778 
-0.0146766 
-0.0142121 
-0.0136955 
-0.0131356 
-0.0125392 
-0.0119113 
-0.0112552 
-0.0105726 
-0.00986289 
-0.0091224 
-0.00834412 
-0.00752062 
-0.00664902 
-0.00573145 
-0.00477033 
-0.00376521 
-0.00261084 
-0.00135824 
-8.09504e-05 
0.00134926 
0.00287223 
0.0044261 
0.00596194 
0.00746063 
0.00891245 
0.0103082 
0.0116338 
0.0128687 
0.0139853 
0.01495 
0.0157232 
0.0162597 
0.0165105 
0.0164241 
0.0159511 
0.0150496 
0.0136902 
0.0118603 
0.00956415 
0.00681575 
0.00363147 
9.42692e-06 
-0.00407431 
-0.00407431 
0.036668 
0.036668 
0.0295203 
0.0232905 
0.0175409 
0.0121458 
0.00712279 
0.00251596 
-0.00161971 
-0.0052455 
-0.00832552 
-0.0108394 
-0.0128069 
-0.0142785 
-0.0153235 
-0.0160167 
-0.0164262 
-0.0166087 
-0.016609 
-0.0164629 
-0.0161994 
-0.0158425 
-0.0154121 
-0.0149246 
-0.014393 
-0.0138274 
-0.0132356 
-0.0126227 
-0.0119922 
-0.0113452 
-0.0106813 
-0.00999725 
-0.00928705 
-0.00854313 
-0.00775784 
-0.00692725 
-0.00603755 
-0.005114 
-0.00407824 
-0.00291337 
-0.00165699 
-0.000316015 
0.00109175 
0.00256386 
0.00409429 
0.00566251 
0.00723972 
0.00879596 
0.010301 
0.0117241 
0.0130335 
0.0141952 
0.0151727 
0.0159271 
0.0164175 
0.0166017 
0.0164381 
0.0158886 
0.0149218 
0.013515 
0.0116557 
0.00933599 
0.0065486 
0.0032603 
-0.00057369 
-0.00057369 
0.0405704 
0.0405704 
0.0332888 
0.0268022 
0.0206864 
0.0148313 
0.00928112 
0.00411068 
-0.000589673 
-0.00474906 
-0.00830944 
-0.0112227 
-0.0134918 
-0.0151662 
-0.0163264 
-0.0170663 
-0.0174753 
-0.0176282 
-0.0175834 
-0.0173856 
-0.0170697 
-0.0166638 
-0.0161908 
-0.0156691 
-0.0151134 
-0.014535 
-0.0139423 
-0.013341 
-0.0127346 
-0.0121243 
-0.0115092 
-0.0108865 
-0.0102505 
-0.00959481 
-0.00891062 
-0.00819429 
-0.00742404 
-0.00660519 
-0.00568233 
-0.00465786 
-0.00354304 
-0.00230705 
-0.000964091 
0.000482863 
0.00203552 
0.00367669 
0.00537917 
0.00710802 
0.00882278 
0.0104806 
0.0120389 
0.0134561 
0.0146926 
0.0157103 
0.0164725 
0.0169439 
0.01709 
0.0168779 
0.0162772 
0.0152607 
0.0138049 
0.011886 
0.00947781 
0.00652616 
0.00295275 
0.00295275 
0.0446672 
0.0446672 
0.0372652 
0.0305325 
0.0240534 
0.0177271 
0.0116213 
0.00584146 
0.000517409 
-0.00423972 
-0.00834346 
-0.0117145 
-0.0143303 
-0.016235 
-0.0175183 
-0.0182967 
-0.0186859 
-0.0187849 
-0.0186696 
-0.0183962 
-0.0180067 
-0.0175337 
-0.0170028 
-0.0164345 
-0.0158446 
-0.0152454 
-0.0146457 
-0.0140514 
-0.0134656 
-0.0128895 
-0.0123217 
-0.0117592 
-0.0111957 
-0.0106239 
-0.0100322 
-0.00941531 
-0.00874612 
-0.00802725 
-0.00721242 
-0.00628792 
-0.00524799 
-0.00407992 
-0.00278189 
-0.00135052 
0.000210375 
0.00188373 
0.00365401 
0.00549407 
0.0073672 
0.00922845 
0.0110278 
0.012714 
0.0142375 
0.0155529 
0.0166201 
0.0174039 
0.0178727 
0.0179973 
0.0177498 
0.0171019 
0.0160246 
0.0144839 
0.0124399 
0.00982033 
0.00651959 
0.00651959 
0.0489308 
0.0489308 
0.0414254 
0.0344646 
0.0276349 
0.0208366 
0.0141555 
0.00772687 
0.00172315 
-0.00369656 
-0.00840967 
-0.0123022 
-0.0153163 
-0.0174849 
-0.0189039 
-0.0197139 
-0.0200624 
-0.0200796 
-0.0198646 
-0.0194884 
-0.0190015 
-0.0184413 
-0.0178361 
-0.0172078 
-0.0165734 
-0.0159456 
-0.0153333 
-0.0147424 
-0.014176 
-0.0136347 
-0.0131172 
-0.0126203 
-0.012137 
-0.0116597 
-0.0111749 
-0.0106752 
-0.0101326 
-0.0095386 
-0.00885088 
-0.00805325 
-0.00712704 
-0.00604782 
-0.00480317 
-0.00338407 
-0.00179156 
-3.98033e-05 
0.00185122 
0.00384909 
0.00591179 
0.00799146 
0.010037 
0.0119949 
0.0138117 
0.0154368 
0.0168253 
0.0179384 
0.0187432 
0.0192107 
0.0193138 
0.019024 
0.01831 
0.0171313 
0.0154387 
0.0131443 
0.0101162 
0.0101162 
0.0533143 
0.0533143 
0.0457258 
0.0385629 
0.0314065 
0.0241483 
0.0168851 
0.00977914 
0.00304759 
-0.00309558 
-0.00848347 
-0.012963 
-0.0164319 
-0.0189045 
-0.0204776 
-0.0213155 
-0.0216027 
-0.021508 
-0.0211609 
-0.0206517 
-0.0200414 
-0.0193723 
-0.0186752 
-0.0179733 
-0.0172836 
-0.0166191 
-0.0159884 
-0.0153971 
-0.0148477 
-0.0143406 
-0.0138742 
-0.0134452 
-0.0130454 
-0.012666 
-0.012292 
-0.0119125 
-0.0115 
-0.0110374 
-0.0104815 
-0.00980866 
-0.00898774 
-0.00798899 
-0.00678768 
-0.00536625 
-0.00371998 
-0.00186143 
0.000180773 
0.00235944 
0.00462573 
0.00692737 
0.00921139 
0.0114241 
0.0135123 
0.0154257 
0.0171183 
0.0185494 
0.0196835 
0.0204895 
0.0209382 
0.0209992 
0.020638 
0.0198093 
0.0184565 
0.0164773 
0.0137151 
0.0137151 
0.0577475 
0.0577475 
0.050099 
0.0427674 
0.0353209 
0.0276306 
0.019796 
0.0119996 
0.00450407 
-0.00241441 
-0.00853494 
-0.0136632 
-0.017644 
-0.0204658 
-0.0222184 
-0.0230867 
-0.0232947 
-0.0230578 
-0.0225445 
-0.0218702 
-0.0211087 
-0.0203082 
-0.0195016 
-0.0187122 
-0.0179572 
-0.0172486 
-0.0165946 
-0.0160001 
-0.0154671 
-0.0149957 
-0.0145842 
-0.0142291 
-0.0139214 
-0.013651 
-0.0134018 
-0.0131596 
-0.0128974 
-0.0125904 
-0.0121918 
-0.0116707 
-0.0109832 
-0.0100864 
-0.00894132 
-0.00751888 
-0.00580766 
-0.00381873 
-0.0015869 
0.000831163 
0.00336858 
0.00595675 
0.00853141 
0.0110308 
0.0133992 
0.0155891 
0.0175601 
0.0192778 
0.020711 
0.0218298 
0.0226037 
0.022999 
0.0229764 
0.0224844 
0.0214582 
0.0197817 
0.0172739 
0.0172739 
0.062134 
0.062134 
0.0544501 
0.04699 
0.0393019 
0.0312255 
0.0228513 
0.0143732 
0.00609699 
-0.0016329 
-0.00852967 
-0.0143559 
-0.0189004 
-0.0221188 
-0.0240841 
-0.024994 
-0.0251118 
-0.0247058 
-0.0239927 
-0.0231206 
-0.02218 
-0.0212258 
-0.0202923 
-0.0194026 
-0.0185727 
-0.0178135 
-0.0171318 
-0.0165318 
-0.0160146 
-0.01558 
-0.0152264 
-0.0149499 
-0.0147406 
-0.0145873 
-0.014473 
-0.0143807 
-0.0142833 
-0.0141499 
-0.0139293 
-0.0135793 
-0.0130417 
-0.0122574 
-0.0111701 
-0.00973706 
-0.00793903 
-0.00578592 
-0.00331837 
-0.000605231 
0.00225732 
0.00517761 
0.00807979 
0.0108908 
0.0135477 
0.0160029 
0.0182229 
0.0201838 
0.0218663 
0.0232493 
0.0243063 
0.025002 
0.0252917 
0.025115 
0.024397 
0.0230061 
0.0207377 
0.0207377 
0.0663502 
0.0663502 
0.0586554 
0.0511104 
0.0432401 
0.0348413 
0.0259841 
0.0168595 
0.00781134 
-0.000743245 
-0.0084341 
-0.0149834 
-0.0201287 
-0.0237874 
-0.0260051 
-0.0269796 
-0.0270077 
-0.0264135 
-0.0254715 
-0.0243711 
-0.0232251 
-0.0220962 
-0.0210203 
-0.0200192 
-0.0191067 
-0.0182917 
-0.0175795 
-0.0169729 
-0.016472 
-0.0160766 
-0.0157852 
-0.0155937 
-0.015491 
-0.0154658 
-0.0155007 
-0.0155769 
-0.0156664 
-0.0157339 
-0.0157218 
-0.0155737 
-0.0152137 
-0.0145612 
-0.0135397 
-0.0120925 
-0.0101934 
-0.00785314 
-0.0051188 
-0.00207173 
0.00117243 
0.00449323 
0.00778821 
0.0109664 
0.0139487 
0.0166813 
0.0191357 
0.0213021 
0.0231798 
0.0247657 
0.0260459 
0.0269897 
0.0275493 
0.0276546 
0.0272178 
0.0260894 
0.0240414 
0.0240414 
0.0702471 
0.0702471 
0.0625631 
0.0549768 
0.0469898 
0.0383482 
0.0290917 
0.019391 
0.00961675 
0.000254054 
-0.00821775 
-0.0154776 
-0.0212354 
-0.0253675 
-0.0278809 
-0.0289562 
-0.0289113 
-0.028124 
-0.0269333 
-0.0255801 
-0.0242061 
-0.022885 
-0.0216542 
-0.0205331 
-0.0195327 
-0.0186588 
-0.0179147 
-0.0173012 
-0.0168178 
-0.016464 
-0.0162387 
-0.016137 
-0.0161478 
-0.0162598 
-0.0164565 
-0.0167181 
-0.017015 
-0.0173079 
-0.017531 
-0.017609 
-0.0174429 
-0.0169275 
-0.015966 
-0.01449 
-0.0124708 
-0.00992151 
-0.00689463 
-0.00348222 
0.000189681 
0.00396068 
0.00769144 
0.0112724 
0.0146025 
0.0176178 
0.0202921 
0.0226289 
0.0246488 
0.0263726 
0.0278072 
0.0289343 
0.0297077 
0.0300492 
0.0298569 
0.0289613 
0.0271105 
0.0271105 
0.0736552 
0.0736552 
0.065999 
0.0584097 
0.0503716 
0.0415765 
0.0320293 
0.021861 
0.0114493 
0.00133544 
-0.00785437 
-0.0157643 
-0.0221121 
-0.0267315 
-0.0295823 
-0.0308066 
-0.0307248 
-0.0297588 
-0.0283149 
-0.0266947 
-0.0250774 
-0.023552 
-0.0221583 
-0.0209128 
-0.0198223 
-0.0188892 
-0.0181135 
-0.0174947 
-0.0170308 
-0.0167215 
-0.0165659 
-0.0165587 
-0.0166893 
-0.0169479 
-0.0173192 
-0.0177834 
-0.0183084 
-0.01885 
-0.0193307 
-0.0196499 
-0.0196813 
-0.0192943 
-0.0183769 
-0.0168571 
-0.0147093 
-0.0119514 
-0.00863837 
-0.00486627 
-0.000763217 
0.00348241 
0.00769122 
0.0117185 
0.0154279 
0.0187388 
0.021625 
0.024104 
0.0262199 
0.0280218 
0.0295432 
0.0307853 
0.0317098 
0.0322334 
0.0322412 
0.0315419 
0.029861 
0.029861 
0.0763912 
0.0763912 
0.0687762 
0.061212 
0.0531808 
0.044321 
0.0346077 
0.024122 
0.0132242 
0.00247557 
-0.00732777 
-0.0157725 
-0.0226445 
-0.0277378 
-0.0309573 
-0.0323862 
-0.0323232 
-0.0312167 
-0.0295362 
-0.0276504 
-0.0257853 
-0.0240516 
-0.0224933 
-0.021124 
-0.0199456 
-0.0189559 
-0.0181515 
-0.0175299 
-0.0170882 
-0.016826 
-0.0167427 
-0.0168327 
-0.0170871 
-0.0174986 
-0.0180541 
-0.0187339 
-0.0195021 
-0.020304 
-0.0210474 
-0.0215998 
-0.021805 
-0.0215155 
-0.0206134 
-0.0190343 
-0.0167623 
-0.0138182 
-0.0102533 
-0.00615471 
-0.00164205 
0.00308022 
0.00778249 
0.0122642 
0.0163523 
0.0199482 
0.0230255 
0.0256157 
0.0277865 
0.0296158 
0.0311658 
0.0324609 
0.0334756 
0.0341253 
0.0342847 
0.033741 
0.0321995 
0.0321995 
0.0782737 
0.0782737 
0.0707102 
0.0631868 
0.055208 
0.0463608 
0.0366039 
0.0259703 
0.0148122 
0.00364262 
-0.00658842 
-0.0154182 
-0.022716 
-0.0282437 
-0.0318476 
-0.0335368 
-0.0335625 
-0.0323771 
-0.030501 
-0.0283712 
-0.0262686 
-0.0243332 
-0.0226171 
-0.0211314 
-0.0198722 
-0.0188324 
-0.0180048 
-0.0173846 
-0.0169682 
-0.0167553 
-0.0167454 
-0.016933 
-0.0173124 
-0.0178794 
-0.0186238 
-0.0195255 
-0.0205424 
-0.021601 
-0.0225844 
-0.0233334 
-0.0236614 
-0.0234195 
-0.0225017 
-0.0208614 
-0.0184947 
-0.0154211 
-0.0116802 
-0.00733915 
-0.0024995 
0.00264557 
0.00783279 
0.012778 
0.0172468 
0.0211111 
0.0243494 
0.0270145 
0.0292016 
0.0310169 
0.0325505 
0.0338492 
0.0349026 
0.0356271 
0.0358906 
0.0354598 
0.0340251 
0.0340251 
0.0791161 
0.0791161 
0.0716377 
0.0641599 
0.0562662 
0.0474987 
0.0378083 
0.0271799 
0.0160045 
0.00479685 
-0.00563263 
-0.0147025 
-0.0222946 
-0.0281799 
-0.0321496 
-0.0341335 
-0.0343146 
-0.0331216 
-0.0311072 
-0.028773 
-0.0264599 
-0.0243425 
-0.0224849 
-0.0208979 
-0.0195719 
-0.018493 
-0.0176503 
-0.0170373 
-0.0166498 
-0.0164875 
-0.0165496 
-0.0168319 
-0.0173325 
-0.0180512 
-0.0189807 
-0.0200986 
-0.0213515 
-0.0226403 
-0.0238132 
-0.0246841 
-0.0250696 
-0.0248296 
-0.0238756 
-0.0221905 
-0.0197771 
-0.0166466 
-0.0128212 
-0.00833936 
-0.00327393 
0.00223484 
0.00786173 
0.0132103 
0.0179964 
0.0220665 
0.0254118 
0.0281084 
0.0302785 
0.0320525 
0.0335425 
0.0348137 
0.0358687 
0.0366259 
0.0369505 
0.0365911 
0.0352334 
0.0352334 
0.0787532 
0.0787532 
0.0714238 
0.0639952 
0.056199 
0.0475658 
0.0380318 
0.0275914 
0.0166631 
0.00580473 
-0.00441658 
-0.013537 
-0.0212931 
-0.0274389 
-0.0317258 
-0.0340138 
-0.0344103 
-0.033298 
-0.0312332 
-0.0287633 
-0.0262882 
-0.0240253 
-0.0220564 
-0.0203923 
-0.0190178 
-0.0179147 
-0.0170683 
-0.0164694 
-0.0161144 
-0.0160025 
-0.0161325 
-0.0165022 
-0.0171143 
-0.0179726 
-0.0190715 
-0.020383 
-0.0218355 
-0.0232983 
-0.0245862 
-0.0254964 
-0.0258579 
-0.0255682 
-0.0245837 
-0.0228943 
-0.0204989 
-0.0173974 
-0.0135959 
-0.00911222 
-0.00399717 
0.00168222 
0.00767481 
0.0134333 
0.0184999 
0.0226913 
0.0260533 
0.0287191 
0.0308366 
0.0325513 
0.0339858 
0.0352152 
0.0362496 
0.0370086 
0.0373577 
0.037031 
0.035722 
0.035722 
0.0770609 
0.0770609 
0.0699567 
0.0626129 
0.0549499 
0.0465372 
0.0372941 
0.0272598 
0.0168255 
0.00649588 
-0.00331655 
-0.0122216 
-0.0199268 
-0.0261582 
-0.0306381 
-0.0331726 
-0.0337921 
-0.0328143 
-0.0307735 
-0.0282438 
-0.0256733 
-0.0233194 
-0.021283 
-0.0195782 
-0.0181857 
-0.0170802 
-0.0162431 
-0.0156663 
-0.0153471 
-0.0152835 
-0.0154738 
-0.0159184 
-0.0166248 
-0.0176 
-0.0188378 
-0.0202999 
-0.0218904 
-0.0234455 
-0.0247567 
-0.025627 
-0.0259211 
-0.0255767 
-0.0245741 
-0.0229091 
-0.0205715 
-0.0175484 
-0.0138313 
-0.00942077 
-0.00433852 
0.00138004 
0.00746058 
0.013294 
0.0184252 
0.0226463 
0.0259855 
0.0286068 
0.0306757 
0.0323427 
0.033732 
0.0349205 
0.0359212 
0.0366571 
0.0369958 
0.0366694 
0.035409 
0.035409 
0.073927 
0.073927 
0.0671452 
0.0599631 
0.052501 
0.0444205 
0.0356318 
0.02621 
0.0164826 
0.00686096 
-0.00234114 
-0.0108216 
-0.0182776 
-0.0244176 
-0.0289414 
-0.031618 
-0.0324177 
-0.0315939 
-0.0296415 
-0.0271351 
-0.0245509 
-0.0221766 
-0.0201302 
-0.01843 
-0.0170541 
-0.0159737 
-0.0151644 
-0.0146188 
-0.0143377 
-0.0143181 
-0.0145573 
-0.0150588 
-0.0158341 
-0.0168921 
-0.0182231 
-0.0197738 
-0.0214215 
-0.0229756 
-0.0242224 
-0.0249918 
-0.0251929 
-0.0247986 
-0.0238035 
-0.0221967 
-0.0199563 
-0.0170579 
-0.0134824 
-0.00922038 
-0.00428472 
0.00125142 
0.00706227 
0.0126449 
0.0176216 
0.0217665 
0.0250612 
0.0276451 
0.0296822 
0.0313205 
0.0326793 
0.0338316 
0.0347889 
0.0354803 
0.035776 
0.0354256 
0.0342257 
0.0342257 
0.0692586 
0.0692586 
0.0629187 
0.0560244 
0.0488765 
0.0412632 
0.0331006 
0.0244669 
0.0156113 
0.00684294 
-0.00159489 
-0.00945697 
-0.016461 
-0.0223132 
-0.0267056 
-0.0293881 
-0.0302897 
-0.0296083 
-0.0277893 
-0.0253849 
-0.022875 
-0.0205617 
-0.0185735 
-0.0169316 
-0.0156134 
-0.0145878 
-0.0138285 
-0.0133238 
-0.0130827 
-0.0131003 
-0.0133731 
-0.0139078 
-0.0147185 
-0.0158144 
-0.0171793 
-0.0187426 
-0.0203582 
-0.0218223 
-0.022936 
-0.0235693 
-0.0236734 
-0.0232432 
-0.0222752 
-0.0207496 
-0.018635 
-0.0159008 
-0.012527 
-0.0085154 
-0.00390868 
0.00116972 
0.00644369 
0.0115512 
0.0161757 
0.0201044 
0.0232871 
0.0258131 
0.027818 
0.0294336 
0.0307661 
0.0318795 
0.032781 
0.0334071 
0.0336341 
0.033249 
0.0321284 
0.0321284 
0.0629794 
0.0629794 
0.0572199 
0.0507893 
0.0441196 
0.0371304 
0.0297593 
0.0220655 
0.0142219 
0.00644625 
-0.00107775 
-0.00815179 
-0.0145179 
-0.0198919 
-0.0239735 
-0.0265133 
-0.0274211 
-0.0268516 
-0.0251978 
-0.0229695 
-0.0206251 
-0.0184607 
-0.0166052 
-0.0150806 
-0.0138645 
-0.0129257 
-0.0122375 
-0.0117859 
-0.0115857 
-0.0116313 
-0.0119193 
-0.0124584 
-0.0132644 
-0.0143444 
-0.0156744 
-0.0171685 
-0.0186665 
-0.0199681 
-0.0209047 
-0.0213889 
-0.0214045 
-0.0209579 
-0.020043 
-0.0186342 
-0.0166973 
-0.0142039 
-0.0111426 
-0.00753115 
-0.00343022 
0.00103307 
0.00564169 
0.0101295 
0.0142486 
0.0178226 
0.0207892 
0.0231917 
0.0251251 
0.026692 
0.0279779 
0.0290327 
0.029858 
0.0303977 
0.0305406 
0.0301257 
0.0291096 
0.0291096 
0.0550379 
0.0550379 
0.0500116 
0.0442612 
0.0382808 
0.032097 
0.0256787 
0.0190613 
0.0123523 
0.00569244 
-0.000784734 
-0.00691183 
-0.0124601 
-0.0171695 
-0.0207646 
-0.0230159 
-0.0238332 
-0.0233415 
-0.0218797 
-0.0198985 
-0.0178101 
-0.0158838 
-0.0142374 
-0.0128904 
-0.0118213 
-0.011001 
-0.0104049 
-0.0100182 
-0.00985863 
-0.0099213 
-0.0102034 
-0.0107146 
-0.0114706 
-0.0124756 
-0.0136985 
-0.0150444 
-0.0163523 
-0.0174412 
-0.0181802 
-0.0185199 
-0.0184649 
-0.018027 
-0.0171981 
-0.0159518 
-0.0142567 
-0.0120902 
-0.00944914 
-0.00635971 
-0.002886 
0.000860201 
0.00471648 
0.00849126 
0.0119974 
0.0150983 
0.0177329 
0.0199141 
0.0216984 
0.0231558 
0.0243464 
0.025304 
0.0260244 
0.0264591 
0.0265173 
0.0260943 
0.0252113 
0.0252113 
0.0454023 
0.0454023 
0.0412648 
0.036432 
0.0313843 
0.0262116 
0.0209127 
0.0155066 
0.0100527 
0.00463467 
-0.000653837 
-0.00567469 
-0.0102344 
-0.0141081 
-0.0170602 
-0.0188983 
-0.0195481 
-0.0191138 
-0.0178773 
-0.016215 
-0.0144707 
-0.0128681 
-0.0115034 
-0.0103908 
-0.00951098 
-0.00883886 
-0.00835375 
-0.00804244 
-0.00792223 
-0.00799003 
-0.00824385 
-0.00869321 
-0.00935224 
-0.010222 
-0.0112679 
-0.0123959 
-0.0134588 
-0.014307 
-0.0148475 
-0.0150595 
-0.0149597 
-0.0145615 
-0.0138578 
-0.0128258 
-0.0114402 
-0.00968418 
-0.00755849 
-0.00508771 
-0.00232585 
0.000640876 
0.00369615 
0.00670097 
0.00951991 
0.0120525 
0.0142462 
0.0160974 
0.0176343 
0.0188984 
0.0199263 
0.0207368 
0.0213213 
0.021641 
0.0216306 
0.0212348 
0.0205137 
0.0205137 
0.0341468 
0.0341468 
0.0310465 
0.027366 
