0 
-0.000894811 
6.77858e-05 
0.00116516 
0.00155876 
0.00172639 
0.0018011 
0.00181624 
0.00180269 
0.00177563 
0.0017463 
0.00172074 
0.00170205 
0.00169108 
0.00168725 
0.00168903 
0.00169433 
0.00170071 
0.00170561 
0.00170642 
0.0017006 
0.00168574 
0.00165964 
0.00162041 
0.00156647 
0.00149668 
0.00141034 
0.00130722 
0.00118758 
0.00105212 
0.000902004 
0.000738778 
0.000564301 
0.000380701 
0.00019022 
-4.04304e-06 
-0.00019838 
-0.000390781 
-0.000579972 
-0.000764507 
-0.000943 
-0.0011143 
-0.00127737 
-0.00143111 
-0.00157427 
-0.00170521 
-0.00182177 
-0.00192114 
-0.0019998 
-0.0020536 
-0.00207792 
-0.00206789 
-0.00201864 
-0.00192598 
-0.00178874 
-0.00161417 
-0.00142219 
-0.00123718 
-0.00106999 
-0.000913864 
-0.000760582 
-0.00061365 
-0.000484085 
-0.000385489 
-0.000327556 
0 
0.000894811 
0.000894811 
-6.77858e-05 
-0.00116516 
-0.00155876 
-0.00172639 
-0.0018011 
-0.00181624 
-0.00180269 
-0.00177563 
-0.0017463 
-0.00172074 
-0.00170205 
-0.00169108 
-0.00168725 
-0.00168903 
-0.00169433 
-0.00170071 
-0.00170561 
-0.00170642 
-0.0017006 
-0.00168574 
-0.00165964 
-0.00162041 
-0.00156647 
-0.00149668 
-0.00141034 
-0.00130722 
-0.00118758 
-0.00105212 
-0.000902004 
-0.000738778 
-0.000564301 
-0.000380701 
-0.00019022 
4.04304e-06 
0.00019838 
0.000390781 
0.000579972 
0.000764507 
0.000943 
0.0011143 
0.00127737 
0.00143111 
0.00157427 
0.00170521 
0.00182177 
0.00192114 
0.0019998 
0.0020536 
0.00207792 
0.00206789 
0.00201864 
0.00192598 
0.00178874 
0.00161417 
0.00142219 
0.00123718 
0.00106999 
0.000913864 
0.000760582 
0.00061365 
0.000484085 
0.000385489 
0.000327556 
0.000327556 
0.001706 
0.001706 
-0.00118468 
-0.00288599 
-0.00391605 
-0.00443495 
-0.00468515 
-0.00475879 
-0.00474243 
-0.00468384 
-0.00461688 
-0.0045606 
-0.00452494 
-0.00451311 
-0.00452393 
-0.00455337 
-0.00459559 
-0.00464375 
-0.00469042 
-0.00472796 
-0.00474878 
-0.00474558 
-0.00471159 
-0.00464076 
-0.00452798 
-0.00436926 
-0.00416189 
-0.00390448 
-0.00359704 
-0.00324094 
-0.00283882 
-0.0023945 
-0.00191278 
-0.00139922 
-0.000859804 
-0.000301014 
0.000269533 
0.000844947 
0.00141969 
0.00198861 
0.00254698 
0.0030905 
0.00361519 
0.0041169 
0.00459087 
0.00503111 
0.00542995 
0.00577761 
0.00606217 
0.0062698 
0.00638546 
0.00639376 
0.00628027 
0.00603391 
0.00565388 
0.00516327 
0.00461733 
0.00408096 
0.00358521 
0.0031205 
0.00267471 
0.00225901 
0.00189745 
0.00162088 
0.00145588 
0.00145588 
-0.000252748 
-0.000252748 
-0.00287807 
-0.00481544 
-0.00617773 
-0.00692843 
-0.00729625 
-0.00740602 
-0.00738005 
-0.00729398 
-0.00720035 
-0.00712908 
-0.0070953 
-0.00710341 
-0.00715079 
-0.0072303 
-0.00733197 
-0.0074442 
-0.00755446 
-0.00764987 
-0.0077176 
-0.00774529 
-0.00772143 
-0.00763571 
-0.00747938 
-0.00724558 
-0.00692954 
-0.00652876 
-0.00604304 
-0.00547445 
-0.00482726 
-0.00410768 
-0.00332368 
-0.00248463 
-0.00160084 
-0.000682884 
0.000258585 
0.00121271 
0.00216936 
0.00311958 
0.00405531 
0.00496928 
0.00585478 
0.00670493 
0.00751187 
0.00826569 
0.00895346 
0.00955852 
0.0100602 
0.0104344 
0.0106547 
0.0106942 
0.0105283 
0.0101395 
0.00952891 
0.00873636 
0.00784954 
0.00696648 
0.00613334 
0.00534053 
0.00457678 
0.00386161 
0.0032308 
0.00273921 
0.0024407 
0.0024407 
-0.00180327 
-0.00180327 
-0.00456762 
-0.00678629 
-0.00830759 
-0.00915288 
-0.00954479 
-0.00964175 
-0.00958807 
-0.00947756 
-0.00937387 
-0.0093124 
-0.00930965 
-0.00936848 
-0.00948302 
-0.0096418 
-0.00983 
-0.0100309 
-0.0102267 
-0.0103993 
-0.0105308 
-0.010604 
-0.0106026 
-0.0105124 
-0.0103212 
-0.0100192 
-0.00960001 
-0.00906007 
-0.0083992 
-0.0076204 
-0.00672972 
-0.00573603 
-0.0046507 
-0.00348725 
-0.00226073 
-0.000987336 
0.000316271 
0.00163469 
0.00295444 
0.00426335 
0.00555067 
0.00680713 
0.00802434 
0.00919398 
0.0103065 
0.0113495 
0.0123062 
0.013154 
0.0138643 
0.0144022 
0.0147291 
0.0148053 
0.0145949 
0.0140734 
0.0132446 
0.0121664 
0.010957 
0.00973981 
0.00856874 
0.00743424 
0.00633131 
0.00528859 
0.00435189 
0.00360588 
0.00313992 
0.00313992 
-0.00386588 
-0.00386588 
-0.00663579 
-0.0088714 
-0.0103703 
-0.0111749 
-0.0115138 
-0.0115621 
-0.0114743 
-0.011352 
-0.0112624 
-0.0112406 
-0.0113004 
-0.0114402 
-0.0116493 
-0.0119111 
-0.0122059 
-0.0125121 
-0.0128072 
-0.0130687 
-0.013274 
-0.0134013 
-0.0134304 
-0.0133429 
-0.0131232 
-0.0127593 
-0.0122425 
-0.0115686 
-0.0107375 
-0.00975291 
-0.00862284 
-0.00735876 
-0.00597547 
-0.00449064 
-0.00292416 
-0.00129781 
0.0003671 
0.00205098 
0.00373498 
0.00540186 
0.00703664 
0.00862691 
0.0101623 
0.0116334 
0.0130301 
0.0143393 
0.0155424 
0.0166134 
0.0175169 
0.018209 
0.0186386 
0.0187527 
0.0185026 
0.0178563 
0.0168214 
0.0154756 
0.0139652 
0.0124297 
0.0109222 
0.00943429 
0.00796788 
0.00655576 
0.00524868 
0.00415691 
0.00343662 
0.00343662 
-0.00557999 
-0.00557999 
-0.00852261 
-0.0107732 
-0.0121831 
-0.0128931 
-0.0131482 
-0.0131405 
-0.0130285 
-0.0129158 
-0.0128672 
-0.0129131 
-0.0130612 
-0.0133039 
-0.0136249 
-0.0140028 
-0.0144138 
-0.0148324 
-0.0152327 
-0.015588 
-0.0158719 
-0.0160584 
-0.0161231 
-0.0160437 
-0.0158013 
-0.0153808 
-0.014772 
-0.0139695 
-0.0129732 
-0.0117878 
-0.010423 
-0.00889269 
-0.00721512 
-0.00541202 
-0.00350799 
-0.00153016 
0.00049378 
0.00253748 
0.00457644 
0.00658857 
0.00855516 
0.010461 
0.0122939 
0.0140435 
0.0156996 
0.0172489 
0.0186725 
0.0199422 
0.0210177 
0.0218469 
0.0223671 
0.0225113 
0.0222178 
0.0214473 
0.0202135 
0.0186166 
0.0168278 
0.0149923 
0.0131552 
0.0113089 
0.00945673 
0.00761226 
0.00582708 
0.00424927 
0.00312115 
0.00312115 
-0.00737189 
-0.00737189 
-0.0103896 
-0.0125452 
-0.0137962 
-0.0143714 
-0.014528 
-0.0144676 
-0.0143458 
-0.0142624 
-0.0142751 
-0.0144063 
-0.0146559 
-0.0150099 
-0.0154469 
-0.0159423 
-0.0164691 
-0.0169996 
-0.0175048 
-0.0179549 
-0.0183196 
-0.0185689 
-0.0186741 
-0.0186089 
-0.0183506 
-0.0178814 
-0.0171889 
-0.0162667 
-0.0151146 
-0.0137381 
-0.0121485 
-0.0103621 
-0.00840021 
-0.00628857 
-0.00405646 
-0.00173642 
0.000639188 
0.00303833 
0.0054292 
0.00778323 
0.0100765 
0.0122898 
0.0144089 
0.0164222 
0.0183196 
0.0200887 
0.0217108 
0.0231568 
0.0243833 
0.0253306 
0.0259254 
0.0260872 
0.0257415 
0.0248435 
0.0234173 
0.0215895 
0.0195508 
0.0174397 
0.0152891 
0.013089 
0.0108151 
0.00845072 
0.00605993 
0.00379356 
0.00204054 
0.00204054 
-0.00888033 
-0.00888033 
-0.0119992 
-0.0140468 
-0.0151337 
-0.0155824 
-0.0156551 
-0.0155606 
-0.0154477 
-0.0154104 
-0.0154969 
-0.0157203 
-0.0160733 
-0.0165363 
-0.0170848 
-0.0176919 
-0.0183291 
-0.018967 
-0.0195742 
-0.0201179 
-0.0205644 
-0.0208794 
-0.0210298 
-0.0209848 
-0.0207181 
-0.0202085 
-0.0194417 
-0.01841 
-0.017113 
-0.0155569 
-0.0137542 
-0.0117232 
-0.00948805 
-0.00707815 
-0.00452716 
-0.00187261 
0.000846653 
0.00359031 
0.0063193 
0.00899958 
0.011603 
0.0141074 
0.0164961 
0.0187567 
0.0208787 
0.02285 
0.0246525 
0.0262563 
0.0276149 
0.0286623 
0.0293145 
0.0294781 
0.0290673 
0.0280358 
0.0264252 
0.0243914 
0.022136 
0.0197798 
0.0173413 
0.0147805 
0.0120208 
0.00902831 
0.00584115 
0.0026446 
8.62073e-05 
8.62073e-05 
-0.0102527 
-0.0102527 
-0.0134131 
-0.0153183 
-0.0162415 
-0.0165782 
-0.0165851 
-0.0164742 
-0.0163838 
-0.0164009 
-0.0165631 
-0.0168755 
-0.0173243 
-0.0178864 
-0.0185355 
-0.0192438 
-0.019982 
-0.0207195 
-0.021423 
-0.0220572 
-0.0225846 
-0.0229668 
-0.0231661 
-0.0231475 
-0.0228802 
-0.0223401 
-0.0215103 
-0.020382 
-0.0189544 
-0.0172341 
-0.0152346 
-0.0129758 
-0.0104843 
-0.00779286 
-0.00493951 
-0.00196661 
0.00108187 
0.00415762 
0.00721284 
0.0102068 
0.0131067 
0.0158876 
0.0185311 
0.0210241 
0.0233563 
0.0255158 
0.0274846 
0.0292316 
0.0307071 
0.0318382 
0.0325308 
0.0326791 
0.0321889 
0.0310192 
0.029238 
0.0270311 
0.024598 
0.022034 
0.0193199 
0.016354 
0.0130173 
0.00921823 
0.00500302 
0.000764676 
-0.00250588 
-0.00250588 
-0.0113635 
-0.0113635 
-0.0145492 
-0.0163186 
-0.0171073 
-0.0173636 
-0.0173308 
-0.0172227 
-0.0171656 
-0.0172398 
-0.0174734 
-0.0178655 
-0.0183977 
-0.0190453 
-0.0197812 
-0.0205776 
-0.0214052 
-0.0222323 
-0.0230244 
-0.0237434 
-0.0243487 
-0.0247978 
-0.0250487 
-0.0250616 
-0.0248017 
-0.0242411 
-0.0233605 
-0.0221497 
-0.0206074 
-0.0187403 
-0.0165624 
-0.0140946 
-0.0113654 
-0.00841067 
-0.0052725 
-0.00199716 
0.00136427 
0.00475265 
0.00811211 
0.011397 
0.0145714 
0.0176084 
0.0204887 
0.0231988 
0.0257277 
0.0280637 
0.0301878 
0.0320672 
0.0336474 
0.034848 
0.0355644 
0.0356797 
0.0350965 
0.0337887 
0.0318598 
0.0295199 
0.0269524 
0.0242014 
0.0211846 
0.0177306 
0.0136351 
0.00881101 
0.00347058 
-0.0016824 
-0.00546316 
-0.00546316 
-0.0122631 
-0.0122631 
-0.0154363 
-0.0170784 
-0.0177643 
-0.0179691 
-0.0179201 
-0.0178294 
-0.0178107 
-0.0179394 
-0.0182352 
-0.0186939 
-0.0192945 
-0.0200117 
-0.0208189 
-0.0216885 
-0.0225913 
-0.0234955 
-0.0243653 
-0.0251608 
-0.0258384 
-0.026352 
-0.0266553 
-0.0267039 
-0.0264586 
-0.0258879 
-0.0249697 
-0.023692 
-0.0220529 
-0.0200589 
-0.0177241 
-0.0150698 
-0.0121258 
-0.00893116 
-0.00553224 
-0.00197841 
0.00167291 
0.00535067 
0.00899046 
0.0125422 
0.0159679 
0.0192402 
0.0223395 
0.0252518 
0.027966 
0.0304692 
0.0327406 
0.0347438 
0.0364186 
0.0376753 
0.0383989 
0.0384642 
0.0377781 
0.0363404 
0.0342982 
0.0318732 
0.0291981 
0.0262521 
0.0228617 
0.0187496 
0.0136884 
0.0077351 
0.00138191 
-0.00445145 
-0.00862647 
-0.00862647 
-0.0129205 
-0.0129205 
-0.0160588 
-0.0175984 
-0.01822 
-0.0184032 
-0.018361 
-0.0183001 
-0.0183231 
-0.0185013 
-0.0188487 
-0.0193602 
-0.0200134 
-0.0207841 
-0.021646 
-0.0225725 
-0.0235349 
-0.0245014 
-0.0254357 
-0.0262965 
-0.027038 
-0.0276111 
-0.0279654 
-0.0280524 
-0.0278283 
-0.0272574 
-0.0263146 
-0.0249861 
-0.0232688 
-0.0211691 
-0.0187004 
-0.0158838 
-0.0127495 
-0.00933986 
-0.00570586 
-0.00189942 
0.00201229 
0.00594524 
0.00983071 
0.0136176 
0.0172677 
0.0207534 
0.0240544 
0.027156 
0.0300457 
0.0327085 
0.0351206 
0.0372403 
0.0389998 
0.0402991 
0.0410133 
0.0410124 
0.0402192 
0.0386758 
0.0365663 
0.034091 
0.0313209 
0.028128 
0.024216 
0.0192464 
0.0130956 
0.00607351 
-0.00107748 
-0.00739344 
-0.011893 
-0.011893 
-0.0133576 
-0.0133576 
-0.0164396 
-0.0179035 
-0.0184956 
-0.0186819 
-0.0186653 
-0.0186429 
-0.0187085 
-0.0189302 
-0.0193188 
-0.0198695 
-0.0205604 
-0.0213684 
-0.0222682 
-0.0232345 
-0.0242392 
-0.0252512 
-0.0262342 
-0.0271465 
-0.0279408 
-0.0285656 
-0.0289673 
-0.0290932 
-0.0288952 
-0.0283333 
-0.027379 
-0.026016 
-0.02424 
-0.0220567 
-0.0194789 
-0.0165268 
-0.0132294 
-0.00963216 
-0.00579204 
-0.00176667 
0.00236431 
0.00650928 
0.0106018 
0.0145918 
0.0184411 
0.0221204 
0.025608 
0.0288876 
0.0319443 
0.0347602 
0.0373068 
0.0395353 
0.0413684 
0.0426937 
0.0433802 
0.0433032 
0.0424152 
0.040796 
0.0386671 
0.036177 
0.0332836 
0.0297271 
0.0251093 
0.0191358 
0.0119031 
0.00398815 
-0.00373843 
-0.0104089 
-0.0151832 
-0.0151832 
-0.0135771 
-0.0135771 
-0.0165861 
-0.018005 
-0.0185995 
-0.0188109 
-0.0188369 
-0.0188606 
-0.0189702 
-0.0192299 
-0.0196502 
-0.020228 
-0.0209425 
-0.0217726 
-0.0226942 
-0.0236831 
-0.0247123 
-0.0257518 
-0.0267661 
-0.0277138 
-0.028547 
-0.0292128 
-0.0296551 
-0.0298179 
-0.0296488 
-0.0291036 
-0.02815 
-0.0267688 
-0.0249538 
-0.0227096 
-0.0200489 
-0.0169911 
-0.0135627 
-0.00980935 
-0.00579464 
-0.00159098 
0.00270883 
0.00701959 
0.011282 
0.0154458 
0.0194706 
0.023325 
0.0269848 
0.0304311 
0.0336461 
0.0366069 
0.0392789 
0.0416046 
0.0434959 
0.0448319 
0.0454783 
0.0453142 
0.0443445 
0.0427145 
0.0406199 
0.0381126 
0.0350168 
0.03094 
0.0254582 
0.0184345 
0.010235 
0.00163316 
-0.00649713 
-0.013433 
-0.0184381 
-0.0184381 
-0.0135806 
-0.0135806 
-0.0165276 
-0.0179283 
-0.0185477 
-0.0188008 
-0.0188805 
-0.0189557 
-0.0191105 
-0.0194049 
-0.0198508 
-0.0204464 
-0.0211732 
-0.0220117 
-0.0229392 
-0.0239333 
-0.0249686 
-0.0260168 
-0.0270437 
-0.028009 
-0.0288656 
-0.0295601 
-0.0300352 
-0.030231 
-0.0300917 
-0.0295694 
-0.0286278 
-0.0272441 
-0.0254091 
-0.0231261 
-0.0204077 
-0.0172743 
-0.013752 
-0.00988366 
-0.00573483 
-0.00139748 
0.00302495 
0.00746269 
0.0118621 
0.0161715 
0.0203484 
0.0243584 
0.0281745 
0.0317745 
0.035136 
0.0382313 
0.0410178 
0.0434281 
0.0453621 
0.0466779 
0.0472563 
0.0470204 
0.0460335 
0.0444561 
0.0424202 
0.0398556 
0.0364401 
0.0316911 
0.0252578 
0.0172353 
0.00823597 
-0.000871325 
-0.00928124 
-0.016414 
-0.0216104 
-0.0216104 
-0.0133788 
-0.0133788 
-0.016282 
-0.0176866 
-0.0183473 
-0.0186562 
-0.0187993 
-0.0189315 
-0.0191332 
-0.0194607 
-0.0199276 
-0.0205337 
-0.0212633 
-0.0220985 
-0.0230186 
-0.0240026 
-0.0250271 
-0.0260654 
-0.0270856 
-0.0280493 
-0.0289107 
-0.0296171 
-0.0301104 
-0.0303308 
-0.0302196 
-0.0297252 
-0.028807 
-0.0274377 
-0.0256049 
-0.0233094 
-0.0205635 
-0.0173889 
-0.0138151 
-0.0098835 
-0.00565469 
-0.0012243 
0.00329555 
0.00783518 
0.0123446 
0.0167735 
0.0210785 
0.0252233 
0.029178 
0.0329165 
0.0364109 
0.0396234 
0.0425015 
0.0449665 
0.0469058 
0.0481848 
0.0487066 
0.0484447 
0.0475042 
0.0460262 
0.0440452 
0.0413508 
0.0374895 
0.0319619 
0.0245738 
0.0156678 
0.00603508 
-0.00343932 
-0.0120429 
-0.0193113 
-0.0246621 
-0.0246621 
-0.0129867 
-0.0129867 
-0.0158653 
-0.0172921 
-0.0180073 
-0.0183832 
-0.0185975 
-0.0187924 
-0.019044 
-0.0194051 
-0.0198912 
-0.0205034 
-0.0212289 
-0.0220516 
-0.0229526 
-0.0239125 
-0.0249099 
-0.0259206 
-0.0269155 
-0.0278588 
-0.0287073 
-0.0294102 
-0.0299104 
-0.0301472 
-0.0300601 
-0.0295945 
-0.0287057 
-0.0273623 
-0.0255479 
-0.0232606 
-0.0205119 
-0.0173239 
-0.0137307 
-0.00977854 
-0.0055289 
-0.00106509 
0.00351203 
0.00812526 
0.0127198 
0.0172443 
0.0216546 
0.0259124 
0.0299847 
0.0338399 
0.0374434 
0.0407485 
0.0436915 
0.0461822 
0.0481047 
0.049342 
0.0498339 
0.0496032 
0.0487682 
0.0474149 
0.0454583 
0.0425465 
0.0381382 
0.0317932 
0.0235166 
0.0138658 
0.00373358 
-0.00601516 
-0.0147435 
-0.0220883 
-0.0275589 
-0.0275589 
-0.0124198 
-0.0124198 
-0.0152919 
-0.0167556 
-0.0175357 
-0.0179874 
-0.0182796 
-0.0185426 
-0.0188481 
-0.0192453 
-0.019751 
-0.0203679 
-0.0210855 
-0.0218894 
-0.0227624 
-0.0236868 
-0.0246434 
-0.0256103 
-0.0265616 
-0.0274651 
-0.0282812 
-0.0289623 
-0.0294538 
-0.0296958 
-0.0296277 
-0.0291923 
-0.028341 
-0.027038 
-0.0252629 
-0.0230104 
-0.0202903 
-0.0171246 
-0.0135483 
-0.00960877 
-0.00536762 
-0.000904019 
0.0036911 
0.00834313 
0.0129924 
0.0175856 
0.0220761 
0.0264226 
0.0305878 
0.0345339 
0.0382178 
0.0415836 
0.0445575 
0.047044 
0.0489354 
0.0501443 
0.0506509 
0.0505108 
0.0498249 
0.0485983 
0.0466183 
0.0434106 
0.0384027 
0.0312682 
0.022211 
0.0119458 
0.00140536 
-0.00855609 
-0.0173455 
-0.0247083 
-0.0302652 
-0.0302652 
-0.0116947 
-0.0116947 
-0.0145764 
-0.0160886 
-0.0169413 
-0.0174753 
-0.0178507 
-0.0181871 
-0.0185511 
-0.0189886 
-0.0195169 
-0.0201397 
-0.0208486 
-0.0216307 
-0.0224704 
-0.0233513 
-0.0242562 
-0.0251659 
-0.0260578 
-0.0269037 
-0.0276686 
-0.0283094 
-0.0287752 
-0.0290089 
-0.0289505 
-0.0285418 
-0.0277313 
-0.0264789 
-0.0247594 
-0.0225638 
-0.0198991 
-0.0167863 
-0.0132601 
-0.00936785 
-0.00516935 
-0.000738321 
0.00384135 
0.00849759 
0.0131689 
0.0177999 
0.0223407 
0.026746 
0.0309729 
0.0349767 
0.0387058 
0.0420964 
0.0450689 
0.0475308 
0.049393 
0.050603 
0.0511743 
0.051174 
0.05066 
0.0495434 
0.0474898 
0.0439374 
0.0383339 
0.030489 
0.0207714 
0.00999452 
-0.000890769 
-0.0110157 
-0.0198048 
-0.0271299 
-0.0327407 
-0.0327407 
-0.0108282 
-0.0108282 
-0.0137336 
-0.0153036 
-0.0162341 
-0.0168545 
-0.0173167 
-0.0177308 
-0.0181582 
-0.0186412 
-0.0191968 
-0.0198295 
-0.0205321 
-0.0212931 
-0.0220978 
-0.0229312 
-0.0237776 
-0.0246202 
-0.0254399 
-0.0262128 
-0.0269091 
-0.027491 
-0.0279129 
-0.0281221 
-0.0280612 
-0.0276724 
-0.0269024 
-0.0257074 
-0.0240576 
-0.0219392 
-0.0193551 
-0.0163238 
-0.0128783 
-0.00906401 
-0.00493819 
-0.000570179 
0.00396241 
0.00859023 
0.0132504 
0.0178858 
0.0224431 
0.0268725 
0.031125 
0.0351489 
0.0388859 
0.0422667 
0.0452126 
0.0476418 
0.04949 
0.0507367 
0.0514166 
0.0515869 
0.0512475 
0.050214 
0.0480496 
0.0441449 
0.038002 
0.0295574 
0.0192914 
0.00806962 
-0.00310878 
-0.0133392 
-0.0220683 
-0.0293041 
-0.0349382 
-0.0349382 
-0.00983828 
-0.00983828 
-0.01278 
-0.0144147 
-0.0154261 
-0.0161344 
-0.016685 
-0.0171796 
-0.0176746 
-0.0182085 
-0.0187974 
-0.0194458 
-0.0201474 
-0.0208911 
-0.0216632 
-0.0224492 
-0.0232348 
-0.0240052 
-0.0247444 
-0.0254329 
-0.0260461 
-0.0265524 
-0.0269127 
-0.0270798 
-0.0270009 
-0.0266207 
-0.0258856 
-0.0247493 
-0.0231775 
-0.0211512 
-0.0186682 
-0.015743 
-0.0124052 
-0.00869759 
-0.00467404 
-0.000399367 
0.00405458 
0.00862103 
0.013236 
0.0178405 
0.0223777 
0.0267932 
0.0310325 
0.0350381 
0.0387471 
0.0420896 
0.044993 
0.0473921 
0.0492478 
0.0505639 
0.0513815 
0.0517331 
0.0515551 
0.0505769 
0.0482868 
0.0440637 
0.0374783 
0.0285618 
0.017847 
0.00621641 
-0.00520567 
-0.0154621 
-0.0240723 
-0.0311747 
-0.0368034 
-0.0368034 
-0.00874425 
-0.00874425 
-0.0117336 
-0.0134383 
-0.0145316 
-0.015327 
-0.015965 
-0.0165408 
-0.0171061 
-0.0176955 
-0.0183238 
-0.0189948 
-0.0197024 
-0.0204357 
-0.0211809 
-0.021924 
-0.0226513 
-0.0233496 
-0.0240053 
-0.0246029 
-0.025123 
-0.0255405 
-0.0258231 
-0.0259308 
-0.0258168 
-0.0254302 
-0.0247195 
-0.0236374 
-0.0221461 
-0.0202214 
-0.0178552 
-0.0150564 
-0.01185 
-0.00827451 
-0.00438025 
-0.000227855 
0.00411659 
0.00858899 
0.0131241 
0.0176613 
0.0221406 
0.0265036 
0.0306914 
0.0346427 
0.0382931 
0.0415766 
0.0444307 
0.0468083 
0.0486916 
0.0500985 
0.0510647 
0.0515897 
0.0515496 
0.0506041 
0.0481972 
0.0437225 
0.0368172 
0.0275665 
0.0164948 
0.00446931 
-0.0071341 
-0.0173074 
-0.025744 
-0.0326786 
-0.0382765 
-0.0382765 
-0.00756664 
-0.00756664 
-0.0106142 
-0.0123932 
-0.0135677 
-0.0144472 
-0.0151692 
-0.0158241 
-0.0164599 
-0.0171076 
-0.0177803 
-0.0184806 
-0.019202 
-0.0199333 
-0.0206603 
-0.0213687 
-0.0220448 
-0.0226763 
-0.0232513 
-0.0237575 
-0.0241805 
-0.024501 
-0.0246939 
-0.0247271 
-0.0245611 
-0.0241512 
-0.02345 
-0.0224115 
-0.0209963 
-0.0191757 
-0.0169357 
-0.0142787 
-0.0112232 
-0.00780272 
-0.00406265 
-5.93091e-05 
0.00414656 
0.00849324 
0.0129148 
0.0173491 
0.0217338 
0.0260076 
0.0301088 
0.033975 
0.0375434 
0.0407545 
0.0435578 
0.0459225 
0.0478457 
0.0493499 
0.0504575 
0.0511332 
0.0512015 
0.0502737 
0.0477761 
0.0431333 
0.0360401 
0.0266033 
0.0152892 
0.00287595 
-0.00883166 
-0.0187842 
-0.0270035 
-0.03375 
-0.0392959 
-0.0392959 
-0.00632726 
-0.00632726 
-0.00944333 
-0.0113001 
-0.0125542 
-0.013513 
-0.0143132 
-0.0150424 
-0.0157458 
-0.0164518 
-0.0171714 
-0.017906 
-0.0186483 
-0.0193862 
-0.0201051 
-0.0207896 
-0.0214255 
-0.0220004 
-0.0225034 
-0.0229245 
-0.0232528 
-0.0234747 
-0.0235719 
-0.0235199 
-0.0232876 
-0.0228376 
-0.0221287 
-0.0211187 
-0.0197686 
-0.0180473 
-0.0159355 
-0.0134288 
-0.0105386 
-0.00729146 
-0.00372723 
0.000102872 
0.00414331 
0.00833481 
0.0126113 
0.0169097 
0.0211664 
0.0253186 
0.0293038 
0.0330604 
0.0365299 
0.0396601 
0.0424125 
0.0447682 
0.0467325 
0.0483257 
0.0495526 
0.0503459 
0.0504911 
0.0495714 
0.0470161 
0.0422869 
0.0351248 
0.0256377 
0.0142166 
0.00153899 
-0.0101507 
-0.0197894 
-0.0277692 
-0.0343273 
-0.039807 
-0.039807 
-0.00504836 
-0.00504836 
-0.00824297 
-0.0101811 
-0.0115129 
-0.0125452 
-0.013416 
-0.0142121 
-0.0149772 
-0.0157379 
-0.0165036 
-0.0172744 
-0.0180422 
-0.0187942 
-0.0195145 
-0.0201869 
-0.020796 
-0.0213285 
-0.0217734 
-0.0221216 
-0.0223649 
-0.0224939 
-0.0224964 
-0.0223553 
-0.0220475 
-0.0215439 
-0.0208108 
-0.0198117 
-0.0185107 
-0.0168767 
-0.0148871 
-0.0125317 
-0.00981438 
-0.00675396 
-0.00338295 
0.000253727 
0.00410595 
0.00811681 
0.0122207 
0.0163548 
0.0204553 
0.0244592 
0.0283051 
0.0319339 
0.0352921 
0.0383355 
0.0410343 
0.043378 
0.0453741 
0.0470359 
0.0483501 
0.049223 
0.049414 
0.0484959 
0.0459138 
0.0411621 
0.0340106 
0.0245852 
0.0131772 
0.000559861 
-0.0108546 
-0.0202184 
-0.0279672 
-0.0343596 
-0.0397656 
-0.0397656 
-0.00375182 
-0.00375182 
-0.00703473 
-0.00905805 
-0.0104662 
-0.0115662 
-0.0124993 
-0.0133529 
-0.0141711 
-0.0149795 
-0.0157866 
-0.0165917 
-0.0173861 
-0.0181561 
-0.0188853 
-0.0195563 
-0.0201523 
-0.0206586 
-0.021063 
-0.0213561 
-0.0215306 
-0.02158 
-0.0214966 
-0.0212699 
-0.0208845 
-0.0203196 
-0.0195495 
-0.0185446 
-0.0172745 
-0.0157104 
-0.0138293 
-0.0116169 
-0.00907085 
-0.00620219 
-0.00303534 
0.000392469 
0.00403755 
0.00784637 
0.011755 
0.0157017 
0.0196234 
0.0234585 
0.0271476 
0.0306352 
0.0338732 
0.0368235 
0.0394631 
0.041785 
0.0437953 
0.0454979 
0.0468629 
0.0477771 
0.0479866 
0.0470676 
0.0444851 
0.0397658 
0.0327019 
0.0233953 
0.0121306 
2.24024e-05 
-0.0108872 
-0.0200235 
-0.0275719 
-0.0338249 
-0.0391598 
-0.0391598 
-0.00245706 
-0.00245706 
-0.00583753 
-0.00795032 
-0.00943437 
-0.0105975 
-0.0115849 
-0.0124863 
-0.0133474 
-0.014194 
-0.0150345 
-0.0158681 
-0.0166857 
-0.0174737 
-0.0182153 
-0.0188924 
-0.0194871 
-0.0199829 
-0.0203659 
-0.020625 
-0.0207521 
-0.0207416 
-0.0205889 
-0.0202882 
-0.019831 
-0.0192044 
-0.0183907 
-0.017368 
-0.0161123 
-0.0145996 
-0.0128087 
-0.0107242 
-0.00833962 
-0.00565907 
-0.00269876 
0.000512922 
0.00393944 
0.00753158 
0.0112286 
0.0149708 
0.0186974 
0.022349 
0.0258691 
0.029206 
0.0323162 
0.0351667 
0.0377379 
0.0400239 
0.0420263 
0.0437393 
0.0451195 
0.0460416 
0.0462497 
0.0453334 
0.0427856 
0.0381439 
0.0311763 
0.0220805 
0.0112764 
-0.000107988 
-0.010461 
-0.0192831 
-0.0266213 
-0.0327419 
-0.0380117 
-0.0380117 
-0.00118078 
-0.00118078 
-0.00466602 
-0.00687238 
-0.00843309 
-0.00965628 
-0.0106918 
-0.0116324 
-0.0125265 
-0.0134009 
-0.0142651 
-0.0151185 
-0.0159527 
-0.0167544 
-0.0175073 
-0.0181935 
-0.0187944 
-0.0192923 
-0.0196713 
-0.0199179 
-0.0200217 
-0.019976 
-0.0197767 
-0.0194209 
-0.0189055 
-0.0182244 
-0.0173678 
-0.0163215 
-0.0150683 
-0.01359 
-0.011869 
-0.00989163 
-0.00764984 
-0.00514363 
-0.00238265 
0.000613232 
0.00381589 
0.00718273 
0.0106578 
0.0141846 
0.0177056 
0.0211642 
0.0245072 
0.0276869 
0.0306631 
0.0334064 
0.0358987 
0.0381325 
0.0401042 
0.0417988 
0.0431635 
0.0440681 
0.0442649 
0.0433644 
0.0408553 
0.0362875 
0.0295377 
0.0208234 
0.0106558 
8.58288e-05 
-0.00963906 
-0.0180788 
-0.0251813 
-0.0311657 
-0.0363711 
-0.0363711 
6.75601e-05 
6.75601e-05 
-0.00352773 
-0.00583097 
-0.00746993 
-0.00875225 
-0.00983252 
-0.0108063 
-0.0117256 
-0.012619 
-0.0134976 
-0.0143617 
-0.0152041 
-0.0160128 
-0.0167724 
-0.017466 
-0.0180755 
-0.0185827 
-0.0189703 
-0.0192226 
-0.0193263 
-0.0192716 
-0.0190526 
-0.0186667 
-0.0181134 
-0.0173924 
-0.0165008 
-0.0154324 
-0.014177 
-0.0127223 
-0.0110558 
-0.0091665 
-0.00704727 
-0.00469611 
-0.00211804 
0.000674234 
0.00365981 
0.00680306 
0.0100545 
0.0133626 
0.0166737 
0.0199353 
0.0230975 
0.026116 
0.0289537 
0.0315828 
0.0339855 
0.0361516 
0.0380718 
0.039724 
0.0410497 
0.0419215 
0.042104 
0.0412056 
0.0387292 
0.0343199 
0.0278882 
0.019689 
0.0102651 
0.000543884 
-0.00851538 
-0.0165146 
-0.0233461 
-0.0291783 
-0.0343137 
-0.0343137 
0.0012805 
0.0012805 
-0.00242126 
-0.00482336 
-0.00654225 
-0.00788454 
-0.00900913 
-0.010014 
-0.0109547 
-0.0118619 
-0.0127486 
-0.0136167 
-0.0144606 
-0.0152697 
-0.0160304 
-0.0167272 
-0.0173431 
-0.017861 
-0.0182633 
-0.0185329 
-0.0186542 
-0.0186139 
-0.0184022 
-0.0180141 
-0.0174486 
-0.016708 
-0.0157952 
-0.0147112 
-0.0134534 
-0.012016 
-0.0103912 
-0.00857159 
-0.00655246 
-0.00433272 
-0.00191614 
0.000688818 
0.00346841 
0.00639588 
0.0094288 
0.0125212 
0.0156244 
0.0186899 
0.0216716 
0.0245281 
0.0272246 
0.0297343 
0.0320384 
0.0341235 
0.0359756 
0.0375672 
0.0388385 
0.0396678 
0.0398222 
0.0389066 
0.0365062 
0.0323187 
0.0262975 
0.0187115 
0.0100827 
0.00120426 
-0.0071674 
-0.0146845 
-0.0212115 
-0.0268712 
-0.0319266 
-0.0319266 
0.00246593 
0.00246593 
-0.00133865 
-0.00383824 
-0.00563735 
-0.00704126 
-0.0082124 
-0.00925024 
-0.0102133 
-0.0111342 
-0.0120282 
-0.0128987 
-0.0137418 
-0.0145485 
-0.0153068 
-0.016003 
-0.016622 
-0.017148 
-0.0175648 
-0.0178556 
-0.0180036 
-0.0179933 
-0.0178111 
-0.0174475 
-0.0168979 
-0.0161632 
-0.0152489 
-0.0141619 
-0.0129078 
-0.0114882 
-0.00990097 
-0.00814251 
-0.00620983 
-0.00410254 
-0.00182369 
0.000620131 
0.00321808 
0.00594937 
0.0087792 
0.0116679 
0.0145723 
0.0174488 
0.0202549 
0.0229523 
0.025508 
0.0278956 
0.0300951 
0.03209 
0.0338622 
0.0353814 
0.0365886 
0.0373666 
0.0374653 
0.0365521 
0.0342638 
0.0303572 
0.0248145 
0.0178969 
0.0100781 
0.00202439 
-0.00566148 
-0.0126735 
-0.01887 
-0.0243368 
-0.0292997 
-0.0292997 
0.00363745 
0.00363745 
-0.000266581 
-0.00285606 
-0.00473432 
-0.00620144 
-0.00742319 
-0.00849922 
-0.00949032 
-0.0104305 
-0.011337 
-0.0122147 
-0.0130611 
-0.0138685 
-0.0146264 
-0.0153225 
-0.0159434 
-0.0164752 
-0.0169034 
-0.017213 
-0.0173883 
-0.0174133 
-0.0172727 
-0.0169528 
-0.0164439 
-0.015742 
-0.01485 
-0.0137765 
-0.0125332 
-0.0111302 
-0.00957335 
-0.00786383 
-0.00600129 
-0.00398708 
-0.00182582 
0.000475419 
0.00290876 
0.00546212 
0.00810656 
0.0108079 
0.0135278 
0.0162271 
0.0188671 
0.0214122 
0.0238309 
0.0260972 
0.0281896 
0.0300893 
0.0317751 
0.0332155 
0.0343523 
0.0350548 
0.0351054 
0.0342132 
0.0320736 
0.0284915 
0.0234668 
0.0172375 
0.0102163 
0.00295463 
-0.00405734 
-0.0105555 
-0.0164043 
-0.0216608 
-0.0265186 
-0.0265186 
0.00481817 
0.00481817 
0.00081645 
-0.00185468 
-0.00380822 
-0.00534004 
-0.00661739 
-0.00773929 
-0.00876757 
-0.0097372 
-0.0106668 
-0.0115623 
-0.0124225 
-0.0132404 
-0.0140064 
-0.0147091 
-0.0153362 
-0.0158754 
-0.016314 
-0.0166391 
-0.0168372 
-0.0168944 
-0.0167959 
-0.016527 
-0.0160744 
-0.0154282 
-0.0145851 
-0.0135495 
-0.0123338 
-0.0109551 
-0.00942926 
-0.00776649 
-0.00597029 
-0.00404108 
-0.00198064 
0.000204955 
0.00250661 
0.00491206 
0.00739842 
0.00993634 
0.0124927 
0.0150324 
0.0175206 
0.0199244 
0.022214 
0.0243636 
0.0263507 
0.0281546 
0.0297524 
0.031111 
0.0321649 
0.0327902 
0.0328027 
0.0319541 
0.029992 
0.0267607 
0.0222685 
0.0167208 
0.0104665 
0.00395707 
-0.002405 
-0.00839282 
-0.0138853 
-0.0189185 
-0.0236599 
-0.0236599 
0.00603158 
0.00603158 
0.00193672 
-0.000812121 
-0.00283481 
-0.00443314 
-0.00577161 
-0.00694851 
-0.00802532 
-0.00903743 
-0.0100042 
-0.0109324 
-0.0118212 
-0.0126643 
-0.0134524 
-0.0141744 
-0.0148185 
-0.0153729 
-0.0158263 
-0.0161674 
-0.0163852 
-0.0164684 
-0.0164051 
-0.0161827 
-0.0157876 
-0.0152075 
-0.0144324 
-0.0134587 
-0.0122918 
-0.0109466 
-0.00944539 
-0.00781028 
-0.00605659 
-0.00419087 
-0.00221566 
-0.00013606 
0.00203986 
0.00431067 
0.00665827 
0.00905511 
0.0114698 
0.01387 
0.0162238 
0.0185007 
0.0206725 
0.0227136 
0.0246011 
0.0263129 
0.0278243 
0.029098 
0.030063 
0.0306203 
0.0306104 
0.0298259 
0.0280607 
0.0251902 
0.0212241 
0.0163319 
0.0108013 
0.00499595 
-0.000747092 
-0.00623636 
-0.0113716 
-0.0161732 
-0.0207882 
-0.0207882 
0.00729809 
0.00729809 
0.00312027 
0.00029737 
-0.00179425 
-0.00346173 
-0.0048676 
-0.00610938 
-0.00724716 
-0.00831617 
-0.00933592 
-0.0103135 
-0.0112482 
-0.0121338 
-0.012961 
-0.0137184 
-0.0143943 
-0.014977 
-0.0154554 
-0.0158194 
-0.0160595 
-0.0161666 
-0.016132 
-0.0159464 
-0.0155997 
-0.0150811 
-0.0143795 
-0.013486 
-0.0123964 
-0.0111161 
-0.00966212 
-0.00806198 
-0.00634574 
-0.00453424 
-0.00263215 
-0.000635176 
0.00145573 
0.00362988 
0.0058725 
0.00815749 
0.0104568 
0.0127409 
0.0149808 
0.0171483 
0.0192166 
0.021161 
0.0229578 
0.0245842 
0.0260124 
0.0271969 
0.0280842 
0.0285869 
0.028571 
0.0278668 
0.026308 
0.0237943 
0.0203326 
0.0160569 
0.0111991 
0.00604751 
0.000883865 
-0.00412708 
-0.00890969 
-0.0134752 
-0.0179558 
-0.0179558 
0.0086367 
0.0086367 
0.00438836 
0.0014942 
-0.000672186 
-0.0024119 
-0.0038927 
-0.00520972 
-0.00642153 
-0.00756247 
-0.00865172 
-0.00969608 
-0.0106947 
-0.011641 
-0.0125251 
-0.0133352 
-0.0140594 
-0.0146855 
-0.0152026 
-0.0156008 
-0.0158714 
-0.0160068 
-0.0160002 
-0.0158454 
-0.015536 
-0.0150651 
-0.0144248 
-0.0136069 
-0.0126034 
-0.0114095 
-0.0100275 
-0.00847153 
-0.00677053 
-0.00496366 
-0.00308588 
-0.00115324 
0.00083947 
0.00290597 
0.00505162 
0.00724794 
0.0094569 
0.0116482 
0.0137955 
0.0158725 
0.0178537 
0.019715 
0.0214327 
0.0229816 
0.024327 
0.0254355 
0.0262587 
0.0267221 
0.0267155 
0.0261026 
0.0247512 
0.0225794 
0.0195896 
0.0158833 
0.0116425 
0.00709352 
0.00246546 
-0.00209632 
-0.00653442 
-0.0108623 
-0.0152021 
-0.0152021 
0.0100634 
0.0100634 
0.00575467 
0.002793 
0.000548517 
-0.00127328 
-0.0028382 
-0.00424096 
-0.00554032 
-0.00676866 
-0.00794445 
-0.00907367 
-0.0101547 
-0.0111802 
-0.0121393 
-0.0130197 
-0.0138085 
-0.0144932 
-0.0150629 
-0.0155076 
-0.0158194 
-0.0159914 
-0.0160183 
-0.0158955 
-0.0156193 
-0.015186 
-0.0145917 
-0.0138325 
-0.0129041 
-0.0118024 
-0.0105246 
-0.00907217 
-0.00745475 
-0.00569594 
-0.00383456 
-0.00191268 
5.41189e-05 
0.00208636 
0.00419299 
0.00633319 
0.00847552 
0.0105963 
0.0126718 
0.0146775 
0.0165891 
0.0183826 
0.0200321 
0.0215089 
0.0227869 
0.0238345 
0.0246092 
0.0250486 
0.0250642 
0.024549 
0.0233985 
0.021546 
0.0189885 
0.0157997 
0.0121183 
0.0081189 
0.00398317 
-0.00015862 
-0.00426642 
-0.00835895 
-0.0125539 
-0.0125539 
0.0115917 
0.0115917 
0.00723106 
0.00420443 
0.00187767 
-3.67818e-05 
-0.00169457 
-0.00319553 
-0.00459613 
-0.00592816 
-0.00720833 
-0.00844144 
-0.0096245 
-0.0107486 
-0.0118018 
-0.0127702 
-0.0136399 
-0.0143981 
-0.0150333 
-0.0155359 
-0.0158986 
-0.0161157 
-0.0161829 
-0.0160972 
-0.0158565 
-0.015459 
-0.0149031 
-0.0141874 
-0.0133104 
-0.0122712 
-0.0110696 
-0.00970602 
-0.00818221 
-0.00650139 
-0.00467258 
-0.00272323 
-0.000718049 
0.00125811 
0.00328517 
0.0053994 
0.00751169 
0.0095874 
0.0116128 
0.0135671 
0.0154263 
0.0171646 
0.018757 
0.0201798 
0.0214068 
0.0224095 
0.023151 
0.0235804 
0.0236285 
0.0232126 
0.0222515 
0.0206906 
0.0185224 
0.0157974 
0.0126176 
0.00911559 
0.00543065 
0.00167138 
-0.0021208 
-0.0059796 
-0.0100275 
-0.0100275 
0.0132333 
0.0132333 
0.0088279 
0.0057367 
0.00332505 
0.00131216 
-0.000453637 
-0.00206424 
-0.00358074 
-0.00503337 
-0.00643698 
-0.00779451 
-0.00910086 
-0.010345 
-0.0115127 
-0.0125882 
-0.0135561 
-0.0144025 
-0.0151157 
-0.0156865 
-0.0161084 
-0.0163769 
-0.0164895 
-0.0164451 
-0.0162433 
-0.0158842 
-0.0153676 
-0.0146937 
-0.0138624 
-0.0128741 
-0.0117304 
-0.0104356 
-0.00899737 
-0.00742824 
-0.00574276 
-0.00394742 
-0.00202421 
7.48975e-05 
0.00231871 
0.00451025 
0.0066004 
0.00863674 
0.0106272 
0.012546 
0.014367 
0.0160667 
0.017621 
0.0190059 
0.0201975 
0.0211702 
0.0218927 
0.0223245 
0.0224124 
0.0220941 
0.0213071 
0.0200073 
0.0181841 
0.0158694 
0.0131354 
0.0100794 
0.00680539 
0.00339982 
-9.73106e-05 
-0.00373163 
-0.00763053 
-0.00763053 
0.0149988 
0.0149988 
0.0105548 
0.00739937 
0.00489987 
0.00278158 
0.000899019 
-0.0008373 
-0.00248476 
-0.00407519 
-0.00562245 
-0.00712663 
-0.00857982 
-0.00996777 
-0.011273 
-0.0124769 
-0.0135618 
-0.0145122 
-0.0153161 
-0.0159646 
-0.0164524 
-0.016777 
-0.016938 
-0.0169367 
-0.0167749 
-0.0164548 
-0.0159783 
-0.0153466 
-0.0145606 
-0.0136211 
-0.0125291 
-0.0112871 
-0.00989963 
-0.00837365 
-0.00671878 
-0.00494356 
-0.00305297 
-0.00101466 
0.00119731 
0.00346855 
0.00564314 
0.00770622 
0.00969966 
0.01161 
0.0134171 
0.0150986 
0.0166319 
0.017995 
0.0191661 
0.0201225 
0.0208384 
0.0212822 
0.0214145 
0.0211889 
0.0205588 
0.019489 
0.017967 
0.0160112 
0.0136694 
0.0110104 
0.00810911 
0.00502897 
0.00179986 
-0.00161524 
-0.00536248 
-0.00536248 
0.0168971 
0.0168971 
0.0124206 
0.0092019 
0.00661225 
0.00438342 
0.00237411 
0.000499111 
-0.00129512 
-0.00304206 
-0.00475404 
-0.00642918 
-0.0080554 
-0.00961414 
-0.0110833 
-0.0124399 
-0.013663 
-0.0147349 
-0.0156427 
-0.0163782 
-0.0169377 
-0.0173213 
-0.0175315 
-0.0175727 
-0.0174496 
-0.017167 
-0.0167285 
-0.0161369 
-0.0153933 
-0.0144981 
-0.0134514 
-0.0122538 
-0.0109075 
-0.00941723 
-0.00779047 
-0.00603536 
-0.00416229 
-0.00217618 
-0.000100508 
0.00208491 
0.00437637 
0.00661169 
0.00872705 
0.0107106 
0.0125564 
0.0142548 
0.0157919 
0.0171517 
0.0183169 
0.0192693 
0.0199888 
0.0204518 
0.0206298 
0.0204899 
0.0199983 
0.0191276 
0.0178652 
0.0162194 
0.0142197 
0.0119115 
0.00934595 
0.0065653 
0.00358864 
0.000375732 
-0.0032207 
-0.0032207 
0.0189351 
0.0189351 
0.0144321 
0.0111521 
0.00847167 
0.00612845 
0.00398556 
0.00196013 
8.32602e-07 
-0.00191974 
-0.00381857 
-0.00569055 
-0.00751894 
-0.00927918 
-0.0109427 
-0.0124805 
-0.0138664 
-0.0150795 
-0.0161056 
-0.0169372 
-0.0175731 
-0.0180168 
-0.018275 
-0.018356 
-0.0182686 
-0.0180204 
-0.0176178 
-0.0170646 
-0.0163623 
-0.0155106 
-0.0145076 
-0.013351 
-0.0120396 
-0.0105741 
-0.00895739 
-0.0071949 
-0.005297 
-0.00327647 
-0.00113858 
0.00107153 
0.00330575 
0.00554332 
0.00772961 
0.00980666 
0.0117372 
0.0134993 
0.0150787 
0.0164639 
0.017644 
0.0186071 
0.0193401 
0.0198276 
0.0200509 
0.0199881 
0.0196162 
0.018915 
0.0178731 
0.0164921 
0.0147877 
0.0127872 
0.0105218 
0.00801582 
0.00527445 
0.0022512 
-0.00119575 
-0.00119575 
0.0211161 
0.0211161 
0.0165931 
0.0132554 
0.0104862 
0.00802746 
0.00574625 
0.00356145 
0.00142457 
-0.000692172 
-0.00280004 
-0.00489589 
-0.00695834 
-0.00895477 
-0.0108479 
-0.0126001 
-0.0141779 
-0.0155554 
-0.0167161 
-0.0176534 
-0.0183691 
-0.0188717 
-0.0191737 
-0.0192892 
-0.0192316 
-0.0190131 
-0.0186427 
-0.0181257 
-0.0174637 
-0.0166551 
-0.0156953 
-0.0145785 
-0.0132995 
-0.0118545 
-0.0102423 
-0.00846571 
-0.00653613 
-0.00446884 
-0.00229443 
-6.60218e-05 
0.00220441 
0.00448617 
0.00673847 
0.00890609 
0.0109389 
0.0127976 
0.0144572 
0.0159028 
0.0171257 
0.0181198 
0.0188796 
0.0193981 
0.0196661 
0.0196718 
0.0194017 
0.0188425 
0.0179852 
0.0168275 
0.0153756 
0.0136428 
0.0116442 
0.00938868 
0.00686792 
0.00402831 
0.000721933 
0.000721933 
0.0234384 
0.0234384 
0.0189026 
0.0155134 
0.0126605 
0.0100892 
0.00766873 
0.00531848 
0.00299063 
0.000660379 
-0.00167974 
-0.00402718 
-0.00635764 
-0.00862885 
-0.0107918 
-0.0127973 
-0.0146015 
-0.0161711 
-0.0174858 
-0.0185391 
-0.0193371 
-0.0198952 
-0.0202336 
-0.0203744 
-0.0203383 
-0.0201424 
-0.0197995 
-0.0193167 
-0.0186956 
-0.0179322 
-0.0170186 
-0.0159442 
-0.014698 
-0.0132697 
-0.0116499 
-0.00983552 
-0.00783183 
-0.00567234 
-0.00339379 
-0.00104564 
0.00131854 
0.0036588 
0.00594839 
0.00815861 
0.010252 
0.0121871 
0.0139282 
0.0154494 
0.0167359 
0.0177811 
0.018583 
0.0191415 
0.019456 
0.0195238 
0.0193402 
0.0188989 
0.0181943 
0.0172229 
0.0159849 
0.0144831 
0.0127201 
0.0106917 
0.00837759 
0.00571439 
0.00254985 
0.00254985 
0.0258932 
0.0258932 
0.0213525 
0.0179206 
0.0149933 
0.012317 
0.00976141 
0.00724472 
0.00471898 
0.00215948 
-0.000438262 
-0.00306467 
-0.00569762 
-0.00828493 
-0.0107621 
-0.0130651 
-0.0151361 
-0.016931 
-0.0184232 
-0.0196054 
-0.0204883 
-0.0210957 
-0.0214594 
-0.0216125 
-0.0215852 
-0.0214021 
-0.0210806 
-0.02063 
-0.0200512 
-0.0193377 
-0.0184769 
-0.0174517 
-0.0162443 
-0.0148346 
-0.0132005 
-0.0113303 
-0.00924361 
-0.0069748 
-0.00456852 
-0.0020863 
0.000410844 
0.00287541 
0.00527141 
0.00756582 
0.0097278 
0.0117267 
0.0135329 
0.0151202 
0.01647 
0.0175722 
0.0184247 
0.0190302 
0.0193936 
0.0195195 
0.0194107 
0.0190678 
0.0184893 
0.0176725 
0.0166144 
0.0153109 
0.0137553 
0.0119324 
0.00981174 
0.00731969 
0.00429866 
0.00429866 
0.028462 
0.028462 
0.0239254 
0.0204624 
0.0174743 
0.0147061 
0.0120257 
0.00934753 
0.00662117 
0.003821 
0.000944989 
-0.00198957 
-0.00495782 
-0.00790277 
-0.0107405 
-0.0133884 
-0.0157714 
-0.0178306 
-0.0195297 
-0.0208581 
-0.02183 
-0.0224799 
-0.0228541 
-0.0230015 
-0.0229661 
-0.0227825 
-0.0224744 
-0.0220536 
-0.0215201 
-0.0208635 
-0.0200652 
-0.0190997 
-0.0179396 
-0.0165494 
-0.0148878 
-0.0129524 
-0.0107583 
-0.00834343 
-0.00576111 
-0.00308078 
-0.000379192 
0.00226636 
0.00480566 
0.007208 
0.00944604 
0.011498 
0.0133451 
0.01497 
0.0163584 
0.017501 
0.0183947 
0.0190426 
0.0194515 
0.0196302 
0.0195867 
0.0193268 
0.0188532 
0.0181652 
0.0172588 
0.0161256 
0.0147525 
0.0131157 
0.0111763 
0.00885055 
0.00597436 
0.00597436 
0.0311142 
0.0311142 
0.026591 
0.0231111 
0.0200802 
0.017239 
0.0144507 
0.0116229 
0.00870009 
0.00565376 
0.0024828 
-0.000786413 
-0.00412033 
-0.00746064 
-0.0107028 
-0.0137422 
-0.0164836 
-0.0188501 
-0.0207918 
-0.0222901 
-0.0233604 
-0.0240474 
-0.0244155 
-0.0245349 
-0.0244692 
-0.0242678 
-0.0239627 
-0.023569 
-0.0230849 
-0.0224949 
-0.0217718 
-0.0208795 
-0.0197771 
-0.0184051 
-0.0167188 
-0.0147093 
-0.0123943 
-0.00981412 
-0.00703041 
-0.00412321 
-0.00118211 
0.00169545 
0.00444119 
0.00701352 
0.00937722 
0.0115101 
0.0134014 
0.0150467 
0.016445 
0.0175965 
0.0185041 
0.019173 
0.0196119 
0.0198308 
0.0198404 
0.0196496 
0.0192637 
0.0186841 
0.0179066 
0.0169209 
0.0157095 
0.0142418 
0.0124727 
0.0103084 
0.00757698 
0.00757698 
0.0338046 
0.0338046 
0.0293041 
0.0258231 
0.0227705 
0.0198798 
0.0170064 
0.0140479 
0.0109405 
0.00765058 
0.00417713 
0.000550575 
-0.00317645 
-0.0069397 
-0.0106217 
-0.0140906 
-0.0172317 
-0.0199475 
-0.0221714 
-0.0238719 
-0.0250591 
-0.0257848 
-0.0261321 
-0.0261988 
-0.026076 
-0.0258347 
-0.0255193 
-0.0251491 
-0.0247192 
-0.0242065 
-0.0235723 
-0.022766 
-0.0217286 
-0.0203756 
-0.0186595 
-0.0165681 
-0.014119 
-0.0113568 
-0.00834905 
-0.00518267 
-0.0019581 
0.00120732 
0.00421305 
0.00700106 
0.00952935 
0.0117711 
0.013719 
0.0153788 
0.0167641 
0.017891 
0.0187751 
0.0194302 
0.0198694 
0.0201051 
0.0201488 
0.0200102 
0.0196958 
0.0192074 
0.018541 
0.0176845 
0.0166178 
0.0153052 
0.0136966 
0.0116887 
0.00910026 
0.00910026 
0.0364719 
0.0364719 
0.0320019 
0.0285358 
0.025484 
0.0225701 
0.0196392 
0.0165752 
0.0133033 
0.00978108 
0.00600515 
0.00200879 
-0.00212913 
-0.00633042 
-0.0104708 
-0.0143898 
-0.0179562 
-0.0210539 
-0.0235983 
-0.0255397 
-0.0268752 
-0.0276543 
-0.0279755 
-0.0279669 
-0.0277574 
-0.02745 
-0.0271076 
-0.0267559 
-0.0263846 
-0.0259595 
-0.025426 
-0.0247136 
-0.0237406 
-0.022405 
-0.020654 
-0.0184764 
-0.0158923 
-0.0129497 
-0.00971951 
-0.00629173 
-0.00277498 
0.000703898 
0.00401636 
0.00707495 
0.00982308 
0.0122203 
0.0142569 
0.0159449 
0.0173118 
0.018392 
0.019219 
0.0198221 
0.0202244 
0.0204439 
0.0204945 
0.0203862 
0.0201249 
0.0197114 
0.0191406 
0.0183986 
0.0174631 
0.016294 
0.014837 
0.0129797 
0.0105308 
0.0105308 
0.0390378 
0.0390378 
0.0346038 
0.0311662 
0.0281365 
0.0252255 
0.0222667 
0.019127 
0.0157176 
0.0119834 
0.00791663 
0.00355571 
-0.000994617 
-0.00563598 
-0.01023 
-0.0145933 
-0.0185844 
-0.0220753 
-0.024967 
-0.0271889 
-0.028716 
-0.0295827 
-0.0298903 
-0.0297946 
-0.0294708 
-0.0290681 
-0.0286789 
-0.0283385 
-0.0280283 
-0.0276977 
-0.0272703 
-0.0266496 
-0.0257314 
-0.0244022 
-0.0226098 
-0.0203465 
-0.0176362 
-0.0145286 
-0.0110937 
-0.0074193 
-0.00361658 
0.000186629 
0.00383138 
0.00719512 
0.0102017 
0.0127922 
0.0149492 
0.0166865 
0.0180424 
0.019068 
0.0198168 
0.0203369 
0.020667 
0.0208354 
0.0208615 
0.020757 
0.0205273 
0.0201712 
0.0196815 
0.0190411 
0.0182254 
0.0171897 
0.0158762 
0.0141629 
0.0118483 
0.0118483 
0.0414081 
0.0414081 
0.0370121 
0.0336123 
0.0306217 
0.0277369 
0.0247788 
0.0215955 
0.0180819 
0.0141666 
0.00983608 
0.00513336 
0.000181835 
-0.00488184 
-0.00989383 
-0.0146614 
-0.0190408 
-0.0229037 
-0.026145 
-0.0286763 
-0.0304438 
-0.0314517 
-0.0317844 
-0.0316112 
-0.0311552 
-0.0306289 
-0.0301703 
-0.0298314 
-0.0295815 
-0.029346 
-0.0290196 
-0.0284754 
-0.0275915 
-0.0262534 
-0.0244165 
-0.0220775 
-0.0192644 
-0.0160255 
-0.0124253 
-0.00854397 
-0.00448928 
-0.000386453 
0.00358825 
0.0072753 
0.0105685 
0.0133848 
0.0156933 
0.0175058 
0.0188677 
0.019845 
0.0205099 
0.0209307 
0.0211643 
0.0212531 
0.0212259 
0.0210988 
0.0208781 
0.020561 
0.0201374 
0.0195865 
0.0188803 
0.0179687 
0.0167904 
0.0152135 
0.013026 
0.013026 
0.0434753 
0.0434753 
0.039115 
0.0357559 
0.0328151 
0.0299732 
0.0270408 
0.0238462 
0.0202676 
0.0162151 
0.0116662 
0.00666479 
0.00134538 
-0.0041022 
-0.00946862 
-0.0145663 
-0.0192594 
-0.0234345 
-0.026993 
-0.0298373 
-0.0318851 
-0.0330992 
-0.033523 
-0.0333126 
-0.0327273 
-0.0320559 
-0.0315045 
-0.0311547 
-0.0309591 
-0.0308101 
-0.0305671 
-0.0300725 
-0.0291944 
-0.0278346 
-0.0259558 
-0.0235616 
-0.0206815 
-0.0173587 
-0.0136475 
-0.0096164 
-0.00536187 
-0.00100372 
0.00327499 
0.00727908 
0.0108609 
0.0139121 
0.0163856 
0.0182891 
0.0196729 
0.0206148 
0.021203 
0.0215241 
0.0216526 
0.0216469 
0.0215472 
0.0213771 
0.0211461 
0.0208509 
0.0204793 
0.0200059 
0.019399 
0.0186023 
0.0175505 
0.0161008 
0.0140314 
0.0140314 
0.0451223 
0.0451223 
0.0407925 
0.0374697 
0.0345817 
0.0317921 
0.0289055 
0.0257321 
0.022135 
0.0180024 
0.0132961 
0.00805264 
0.00241705 
-0.00334412 
-0.00897505 
-0.0142958 
-0.0191946 
-0.0235865 
-0.0273917 
-0.030516 
-0.0328576 
-0.0343353 
-0.0349337 
-0.0347597 
-0.0340784 
-0.0332559 
-0.0325909 
-0.0322153 
-0.0320622 
-0.0319812 
-0.0317924 
-0.0313146 
-0.0304167 
-0.0290264 
-0.0271235 
-0.0247051 
-0.0218022 
-0.0184496 
-0.0146902 
-0.0105786 
-0.00619554 
-0.00165111 
0.00287977 
0.00716863 
0.0110182 
0.0142929 
0.0169264 
0.0189227 
0.0203363 
0.0212552 
0.0217807 
0.0220137 
0.0220441 
0.0219443 
0.0217668 
0.021544 
0.0212907 
0.0210049 
0.0206734 
0.0202666 
0.0197492 
0.0190575 
0.0181226 
0.0167891 
0.0148273 
0.0148273 
0.0462272 
0.0462272 
0.0419238 
0.0386263 
0.035786 
0.0330489 
0.0302192 
0.0270936 
0.0235247 
0.0193809 
0.0146037 
0.00921128 
0.00335515 
-0.00263493 
-0.00841792 
-0.0138355 
-0.0188158 
-0.0233093 
-0.0272622 
-0.0305966 
-0.033205 
-0.0349738 
-0.0358248 
-0.0357846 
-0.0350758 
-0.03412 
-0.0333279 
-0.0329107 
-0.0327832 
-0.0327425 
-0.0325723 
-0.0320799 
-0.0311495 
-0.0297309 
-0.0278154 
-0.0254116 
-0.0225365 
-0.0192146 
-0.0154785 
-0.0113706 
-0.00694665 
-0.00230759 
0.00240459 
0.00693698 
0.0110154 
0.0144735 
0.0172323 
0.0192991 
0.0207357 
0.0216383 
0.0221169 
0.0222822 
0.0222342 
0.0220562 
0.0218108 
0.0215389 
0.0212616 
0.0209799 
0.0206809 
0.020332 
0.0198946 
0.0192977 
0.0184686 
0.0172386 
0.0153724 
0.0153724 
0.0466676 
0.0466676 
0.042394 
0.0391053 
0.0363031 
0.0336136 
0.0308471 
0.027795 
0.0243066 
0.0202408 
0.0155079 
0.0100747 
0.0040599 
-0.0020264 
-0.00779616 
-0.0131727 
-0.0181099 
-0.0225891 
-0.0265792 
-0.0300255 
-0.0328312 
-0.0348703 
-0.0360178 
-0.0362077 
-0.0355689 
-0.034528 
-0.0336081 
-0.0331349 
-0.0330126 
-0.0329802 
-0.0327934 
-0.0322636 
-0.0312996 
-0.0298714 
-0.0279765 
-0.0256184 
-0.0228088 
-0.0195638 
-0.0159064 
-0.0118698 
-0.00750096 
-0.00287841 
0.00188281 
0.00654947 
0.0107899 
0.0143812 
0.0172228 
0.0193259 
0.0207674 
0.0216535 
0.0221001 
0.0222216 
0.0221227 
0.0218925 
0.0216005 
0.0212946 
0.0210018 
0.020727 
0.0204585 
0.020162 
0.0197961 
0.019283 
0.0185474 
0.0174059 
0.0156253 
0.0156253 
0.0463087 
0.0463087 
0.042114 
0.0388206 
0.0360378 
0.0333855 
0.0306726 
0.0276958 
0.0242996 
0.0203473 
0.0157339 
0.0104532 
0.00464915 
-0.0013079 
-0.00698303 
-0.0122307 
-0.0170418 
-0.0214197 
-0.0253534 
-0.0288116 
-0.0317216 
-0.0339593 
-0.0353876 
-0.0358673 
-0.035403 
-0.0343551 
-0.0333247 
-0.0327853 
-0.0326481 
-0.0325936 
-0.0323631 
-0.031786 
-0.0307975 
-0.029381 
-0.027534 
-0.0252568 
-0.022555 
-0.0194387 
-0.015923 
-0.0120297 
-0.00779111 
-0.00326943 
0.00143444 
0.00607369 
0.0102996 
0.0138946 
0.0167496 
0.0188602 
0.0203015 
0.0211824 
0.021621 
0.0217312 
0.0216177 
0.0213711 
0.021064 
0.0207488 
0.0204571 
0.0201978 
0.0199612 
0.0197134 
0.0194105 
0.0189703 
0.0183143 
0.0172467 
0.0155451 
0.0155451 
0.0450458 
0.0450458 
0.0409867 
0.0376943 
0.0349216 
0.0323076 
0.0296531 
0.0267668 
0.0234925 
0.0197026 
0.0153043 
0.0103211 
0.00491436 
-0.000629145 
-0.00600241 
-0.0110156 
-0.0156222 
-0.0198227 
-0.0236168 
-0.026988 
-0.0298884 
-0.0322284 
-0.0338712 
-0.0346491 
-0.0344399 
-0.0334803 
-0.0323787 
-0.0317703 
-0.0316019 
-0.0315023 
-0.0312137 
-0.0305926 
-0.0295968 
-0.0282155 
-0.026443 
-0.0242753 
-0.0217143 
-0.0187662 
-0.0154411 
-0.0117535 
-0.00772706 
-0.00341264 
0.0010833 
0.00550589 
0.009541 
0.0130007 
0.0157791 
0.0178544 
0.0192849 
0.0201694 
0.0206212 
0.0207499 
0.0206566 
0.0204298 
0.0201416 
0.019846 
0.0195769 
0.0193462 
0.0191459 
0.018944 
0.0186939 
0.0183132 
0.0177169 
0.0167084 
0.0151048 
0.0151048 
0.0427798 
0.0427798 
0.0389335 
0.0356779 
0.0329249 
0.0303644 
0.0277901 
0.0250257 
0.0219234 
0.0183721 
0.0143074 
0.00976789 
0.00490299 
-7.76091e-05 
-0.00496835 
-0.00960157 
-0.0139008 
-0.0178448 
-0.0214283 
-0.0246395 
-0.0274424 
-0.0297658 
-0.0314972 
-0.0324811 
-0.0325654 
-0.0317934 
-0.0306839 
-0.0300152 
-0.0298068 
-0.029651 
-0.0293041 
-0.0286538 
-0.0276735 
-0.0263531 
-0.0246826 
-0.0226551 
-0.0202694 
-0.0175294 
-0.0144431 
-0.0110239 
-0.00729889 
-0.00332621 
0.000779376 
0.00480521 
0.00850639 
0.0117149 
0.0143277 
0.0163136 
0.0177102 
0.0185984 
0.0190779 
0.0192491 
0.0192058 
0.0190309 
0.0187932 
0.0185449 
0.0183198 
0.0181311 
0.017972 
0.0178127 
0.0176052 
0.0172698 
0.0167143 
0.0157567 
0.0142709 
0.0142709 
0.039419 
0.039419 
0.0358797 
0.0327354 
0.0300444 
0.0275749 
0.0251266 
0.0225394 
0.019681 
0.01646 
0.0128349 
0.00884421 
0.00460333 
0.000267887 
-0.00401679 
-0.00812494 
-0.0119842 
-0.0155614 
-0.0188396 
-0.0218023 
-0.0244189 
-0.026633 
-0.0283526 
-0.0294426 
-0.0297426 
-0.0292072 
-0.0281727 
-0.0274689 
-0.0272208 
-0.0270118 
-0.0266203 
-0.0259654 
-0.0250293 
-0.0238007 
-0.022266 
-0.0204163 
-0.0182489 
-0.015768 
-0.0129832 
-0.00991344 
-0.0065935 
-0.00308587 
0.000505176 
0.00402122 
0.007279 
0.0101347 
0.0124955 
0.0143263 
0.0156477 
0.0165199 
0.0170241 
0.0172463 
0.0172691 
0.0171665 
0.0170007 
0.0168193 
0.0166534 
0.0165158 
0.0163996 
0.0162776 
0.0161017 
0.0157975 
0.0152693 
0.0143652 
0.0130242 
0.0130242 
0.0348971 
0.0348971 
0.0317742 
0.0288595 
0.0263187 
0.0240097 
0.0217586 
0.019425 
0.016896 
0.0140979 
0.0110025 
0.00764004 
0.0040926 
0.000470293 
-0.00313352 
-0.00662765 
-0.00994786 
-0.0130564 
-0.0159302 
-0.0185489 
-0.0208839 
-0.0228887 
-0.0244903 
-0.0255797 
-0.026013 
-0.0256934 
-0.0248052 
-0.0241076 
-0.0238311 
-0.0235854 
-0.0231751 
-0.0225486 
-0.021692 
-0.0205932 
-0.0192371 
-0.0176141 
-0.0157217 
-0.0135649 
-0.0111564 
-0.00851885 
-0.00569007 
-0.00272915 
0.000277328 
0.00321476 
0.00595184 
0.00837507 
0.0104079 
0.0120166 
0.0132098 
0.0140294 
0.0145363 
0.0147994 
0.0148867 
0.0148603 
0.0147728 
0.0146646 
0.0145621 
0.0144758 
0.0143987 
0.0143057 
0.0141514 
0.0138681 
0.0133655 
0.0125322 
0.0113661 
0.0113661 
0.0291393 
0.0291393 
0.0265471 
0.024014 
0.0217565 
0.0197126 
0.0177521 
0.0157604 
0.0136463 
0.011351 
0.00885237 
0.0061688 
0.00335276 
0.000476332 
-0.00239195 
-0.00519026 
-0.00787182 
-0.0104056 
-0.0127691 
-0.0149413 
-0.0168955 
-0.0185928 
-0.0199761 
-0.0209621 
-0.0214323 
-0.021281 
-0.0205806 
-0.0199386 
-0.0196571 
-0.0194019 
-0.0190086 
-0.0184496 
-0.0177136 
-0.0167888 
-0.0156608 
-0.0143208 
-0.0127669 
-0.0110048 
-0.00904778 
-0.00691844 
-0.00465099 
-0.00229444 
8.5364e-05 
0.0024079 
0.00457991 
0.00651818 
0.00816518 
0.00949292 
0.0105036 
0.011224 
0.0116972 
0.011974 
0.0121062 
0.0121418 
0.0121218 
0.012078 
0.0120304 
0.0119866 
0.0119395 
0.0118665 
0.0117274 
0.011465 
0.0110037 
0.0102741 
0.00931539 
0.00931539 
0.0221816 
0.0221816 
0.0202315 
0.0182503 
