0 
-0.000261587 
0.000659415 
0.00194327 
0.00258944 
0.00294087 
0.00311887 
0.00318988 
0.0031957 
0.00316247 
0.00310598 
0.00303487 
0.0029529 
0.00286061 
0.00275662 
0.00263856 
0.00250374 
0.00234965 
0.00217431 
0.00197644 
0.00175563 
0.0015124 
0.0012482 
0.000965413 
0.000667386 
0.000358561 
4.59161e-05 
-0.000261443 
-0.000559646 
-0.000847631 
-0.00112298 
-0.00138193 
-0.00162066 
-0.00183533 
-0.0020218 
-0.00217576 
-0.00229294 
-0.0023694 
-0.00240184 
-0.00238806 
-0.00232758 
-0.00222244 
-0.00207872 
-0.00190875 
-0.00173292 
-0.0015774 
-0.00146404 
-0.00139571 
-0.00135009 
-0.00129241 
-0.001199 
-0.00106973 
-0.00092015 
-0.00076616 
-0.000616404 
-0.000473293 
-0.000336725 
-0.000206339 
-8.30095e-05 
3.1548e-05 
0.000136769 
0.000228443 
0.000302337 
0.000354716 
0.000382606 
0 
0.000261587 
0.000261587 
-0.000659415 
-0.00194327 
-0.00258944 
-0.00294087 
-0.00311887 
-0.00318988 
-0.0031957 
-0.00316247 
-0.00310598 
-0.00303487 
-0.0029529 
-0.00286061 
-0.00275662 
-0.00263856 
-0.00250374 
-0.00234965 
-0.00217431 
-0.00197644 
-0.00175563 
-0.0015124 
-0.0012482 
-0.000965413 
-0.000667386 
-0.000358561 
-4.59161e-05 
0.000261443 
0.000559646 
0.000847631 
0.00112298 
0.00138193 
0.00162066 
0.00183533 
0.0020218 
0.00217576 
0.00229294 
0.0023694 
0.00240184 
0.00238806 
0.00232758 
0.00222244 
0.00207872 
0.00190875 
0.00173292 
0.0015774 
0.00146404 
0.00139571 
0.00135009 
0.00129241 
0.001199 
0.00106973 
0.00092015 
0.00076616 
0.000616404 
0.000473293 
0.000336725 
0.000206339 
8.30095e-05 
-3.1548e-05 
-0.000136769 
-0.000228443 
-0.000302337 
-0.000354716 
-0.000382606 
-0.000382606 
7.87505e-05 
7.87505e-05 
-0.00343535 
-0.00573116 
-0.00717438 
-0.00801788 
-0.00846637 
-0.00865562 
-0.00868326 
-0.0086149 
-0.00849164 
-0.00833613 
-0.0081577 
-0.00795674 
-0.00772812 
-0.00746378 
-0.00715468 
-0.00679217 
-0.006369 
-0.00587994 
-0.00532216 
-0.00469545 
-0.00400228 
-0.0032477 
-0.00243928 
-0.00158692 
-0.000703399 
0.000194679 
0.00109237 
0.00197888 
0.0028424 
0.00366974 
0.00444709 
0.00516008 
0.00579387 
0.00633326 
0.00676327 
0.00707019 
0.00724287 
0.00727423 
0.00716305 
0.00691629 
0.0065527 
0.00610774 
0.005637 
0.00520929 
0.00488068 
0.00465797 
0.00448477 
0.00427619 
0.00397779 
0.00359326 
0.00316216 
0.00272282 
0.00229543 
0.0018854 
0.00149196 
0.00111404 
0.000752512 
0.000411059 
9.72752e-05 
-0.000177206 
-0.000400069 
-0.00055832 
-0.000642787 
-0.000642787 
-0.00392532 
-0.00392532 
-0.00709483 
-0.00973506 
-0.0116283 
-0.0127966 
-0.0134274 
-0.0136901 
-0.013723 
-0.0136234 
-0.0134524 
-0.0132424 
-0.013005 
-0.0127374 
-0.0124288 
-0.0120638 
-0.0116257 
-0.011099 
-0.0104706 
-0.00973101 
-0.00887476 
-0.00790096 
-0.0068132 
-0.00561945 
-0.00433166 
-0.00296507 
-0.0015369 
-6.7917e-05 
0.00141781 
0.00289695 
0.00434718 
0.00574628 
0.00707133 
0.00829821 
0.00940162 
0.0103553 
0.0111329 
0.0117099 
0.0120658 
0.0121875 
0.0120722 
0.0117312 
0.0111949 
0.0105192 
0.00978902 
0.00910659 
0.00855336 
0.00813767 
0.00777813 
0.00735805 
0.00680975 
0.00614711 
0.00542829 
0.00470453 
0.00400066 
0.00332195 
0.00266679 
0.00203325 
0.0014238 
0.000845161 
0.000307421 
-0.000167371 
-0.000555949 
-0.000834089 
-0.000983712 
-0.000983712 
-0.00750714 
-0.00750714 
-0.0109388 
-0.0138693 
-0.0159617 
-0.0172285 
-0.0178807 
-0.0181204 
-0.0181145 
-0.0179781 
-0.0177804 
-0.0175539 
-0.0173051 
-0.017023 
-0.0166872 
-0.0162725 
-0.0157534 
-0.0151067 
-0.014313 
-0.0133588 
-0.0122364 
-0.0109447 
-0.00948903 
-0.00788125 
-0.00613893 
-0.00428456 
-0.00234369 
-0.000345439 
0.00167766 
0.00369564 
0.00567996 
0.00760249 
0.00943447 
0.011145 
0.0127006 
0.0140646 
0.0151994 
0.0160681 
0.0166393 
0.0168912 
0.016817 
0.01643 
0.0157701 
0.0149106 
0.013961 
0.0130502 
0.0122769 
0.0116464 
0.0110581 
0.0103802 
0.00954913 
0.00859603 
0.00759308 
0.00659582 
0.00562711 
0.0046889 
0.00377658 
0.0028879 
0.00202539 
0.00119947 
0.000429572 
-0.000259005 
-0.000832551 
-0.00124707 
-0.00147292 
-0.00147292 
-0.0115859 
-0.0115859 
-0.0150722 
-0.0180332 
-0.0200753 
-0.0212546 
-0.0218117 
-0.021972 
-0.0219168 
-0.021765 
-0.0215821 
-0.0213915 
-0.0211876 
-0.0209468 
-0.0206365 
-0.0202206 
-0.0196641 
-0.0189363 
-0.0180123 
-0.0168746 
-0.0155139 
-0.0139291 
-0.012128 
-0.0101265 
-0.00794833 
-0.00562439 
-0.00319019 
-0.000685222 
0.0018508 
0.00437923 
0.00686445 
0.00927282 
0.0115717 
0.0137268 
0.0157005 
0.0174504 
0.0189304 
0.0200935 
0.0208969 
0.021309 
0.0213163 
0.0209314 
0.0202002 
0.0192104 
0.0180914 
0.0169916 
0.0160176 
0.0151662 
0.0143227 
0.0133565 
0.0122247 
0.01098 
0.00970324 
0.00844646 
0.00722564 
0.00603698 
0.00487315 
0.00372778 
0.00260717 
0.00151882 
0.00047964 
-0.000461644 
-0.00125533 
-0.00184168 
-0.00216997 
-0.00216997 
-0.0152595 
-0.0152595 
-0.0189405 
-0.0218695 
-0.0237493 
-0.0247465 
-0.0251519 
-0.0252144 
-0.0251215 
-0.0249861 
-0.0248606 
-0.0247521 
-0.0246382 
-0.0244807 
-0.0242339 
-0.0238509 
-0.0232882 
-0.0225079 
-0.0214801 
-0.0201839 
-0.0186083 
-0.0167527 
-0.0146264 
-0.0122496 
-0.00965226 
-0.00687397 
-0.00396121 
-0.000966199 
0.00205799 
0.0050631 
0.00800687 
0.0108519 
0.0135643 
0.0161096 
0.0184499 
0.0205409 
0.0223317 
0.0237679 
0.0247969 
0.025377 
0.0254868 
0.0251356 
0.0243732 
0.0232984 
0.0220563 
0.0208076 
0.0196568 
0.0185856 
0.0174719 
0.0162033 
0.0147701 
0.0132476 
0.0117177 
0.0102224 
0.00876708 
0.00734008 
0.00592756 
0.00452281 
0.00312119 
0.00173489 
0.000399831 
-0.000831354 
-0.00189195 
-0.00269904 
-0.00316968 
-0.00316968 
-0.0187435 
-0.0187435 
-0.022543 
-0.0253243 
-0.0269463 
-0.0277082 
-0.0279426 
-0.0279146 
-0.0278081 
-0.0277215 
-0.0276876 
-0.0276929 
-0.0276975 
-0.0276483 
-0.0274881 
-0.0271607 
-0.0266147 
-0.0258059 
-0.0246996 
-0.0232715 
-0.0215091 
-0.0194111 
-0.0169882 
-0.0142634 
-0.0112725 
-0.0080636 
-0.00469431 
-0.00123023 
0.00226346 
0.00572474 
0.00910097 
0.0123494 
0.0154347 
0.0183242 
0.0209824 
0.0233668 
0.0254259 
0.0271012 
0.0283334 
0.0290721 
0.0292887 
0.0289885 
0.0282238 
0.0271025 
0.0257814 
0.024424 
0.0231215 
0.0218364 
0.0204496 
0.0188835 
0.0171693 
0.0153996 
0.0136491 
0.0119446 
0.0102779 
0.00863011 
0.00697946 
0.00530627 
0.00360337 
0.00189244 
0.000218923 
-0.00136332 
-0.00277072 
-0.00388399 
-0.00456695 
-0.00456695 
-0.0217587 
-0.0217587 
-0.0256663 
-0.0282566 
-0.0295998 
-0.0301301 
-0.0302087 
-0.0301127 
-0.0300163 
-0.0299998 
-0.0300739 
-0.0302048 
-0.0303364 
-0.0304037 
-0.0303398 
-0.0300807 
-0.0295678 
-0.0287507 
-0.0275898 
-0.0260575 
-0.0241388 
-0.0218314 
-0.0191458 
-0.0161065 
-0.0127534 
-0.00914217 
-0.0053412 
-0.00142956 
0.0025094 
0.00639618 
0.0101678 
0.0137777 
0.0171909 
0.0203777 
0.0233064 
0.0259376 
0.0282212 
0.0300972 
0.0315018 
0.0323788 
0.0326936 
0.0324491 
0.0317005 
0.0305636 
0.0292016 
0.0277702 
0.0263361 
0.0248436 
0.0231917 
0.0213518 
0.0193958 
0.0174235 
0.0154941 
0.0136152 
0.0117665 
0.00991678 
0.00802618 
0.00606662 
0.00404554 
0.00198466 
-7.98923e-05 
-0.00209349 
-0.00395749 
-0.00550465 
-0.00651076 
-0.00651076 
-0.0243255 
-0.0243255 
-0.0282905 
-0.0306589 
-0.0317305 
-0.0320546 
-0.0320024 
-0.03186 
-0.0317875 
-0.0318469 
-0.0320276 
-0.0322787 
-0.0325313 
-0.0327112 
-0.0327444 
-0.03256 
-0.0320925 
-0.0312857 
-0.0300945 
-0.0284876 
-0.0264476 
-0.0239702 
-0.0210646 
-0.0177547 
-0.0140829 
-0.010111 
-0.00591743 
-0.0015936 
0.00275879 
0.00703789 
0.0111684 
0.0151004 
0.0188007 
0.0222433 
0.0254011 
0.0282385 
0.0307072 
0.032747 
0.0342918 
0.0352817 
0.0356793 
0.0354877 
0.0347672 
0.0336407 
0.0322702 
0.0307913 
0.0292387 
0.0275472 
0.0256527 
0.0235838 
0.0214436 
0.0193259 
0.0172675 
0.0152575 
0.0132612 
0.0112247 
0.00909893 
0.00686615 
0.00452246 
0.00207513 
-0.000451854 
-0.00301731 
-0.00550218 
-0.00766997 
-0.00915912 
-0.00915912 
-0.0263761 
-0.0263761 
-0.0303647 
-0.0325167 
-0.033356 
-0.0335144 
-0.0333605 
-0.0331878 
-0.0331414 
-0.0332684 
-0.0335402 
-0.0338933 
-0.0342502 
-0.0345304 
-0.0346543 
-0.0345449 
-0.0341308 
-0.0333493 
-0.0321501 
-0.0304976 
-0.0283716 
-0.0257658 
-0.0226867 
-0.0191563 
-0.0152168 
-0.0109349 
-0.00639653 
-0.0017033 
0.0030171 
0.00763701 
0.0120734 
0.0162775 
0.0202199 
0.0238785 
0.0272294 
0.0302388 
0.0328592 
0.0350302 
0.0366847 
0.0377618 
0.0382249 
0.0380813 
0.0373988 
0.0363049 
0.034951 
0.0334399 
0.0317746 
0.0298989 
0.027803 
0.0255698 
0.0233165 
0.0211181 
0.0189868 
0.0168934 
0.0147803 
0.0125797 
0.0102461 
0.00775109 
0.00507058 
0.00219276 
-0.000894478 
-0.00418168 
-0.00750602 
-0.0105125 
-0.0126533 
-0.0126533 
-0.0279229 
-0.0279229 
-0.0318993 
-0.0338588 
-0.0345165 
-0.03455 
-0.0343196 
-0.0341243 
-0.0340959 
-0.0342713 
-0.0346092 
-0.0350384 
-0.0354759 
-0.0358374 
-0.0360393 
-0.0359999 
-0.035642 
-0.0348971 
-0.0337091 
-0.0320379 
-0.0298603 
-0.0271679 
-0.0239648 
-0.0202695 
-0.0161218 
-0.0115922 
-0.00677311 
-0.00177521 
0.00324647 
0.00813968 
0.0128211 
0.0172468 
0.0213907 
0.0252324 
0.0287475 
0.0319016 
0.0346464 
0.0369206 
0.0386575 
0.0397983 
0.0403113 
0.0402127 
0.0395789 
0.0385368 
0.0372139 
0.0356736 
0.0338994 
0.0318684 
0.029634 
0.0273175 
0.0250303 
0.02282 
0.0206758 
0.0185475 
0.0163575 
0.0140379 
0.0115342 
0.00879591 
0.00576422 
0.00238084 
-0.00143916 
-0.00569293 
-0.0100866 
-0.014094 
-0.0169801 
-0.0169801 
-0.0289736 
-0.0289736 
-0.0329111 
-0.0347172 
-0.0352491 
-0.0351956 
-0.03491 
-0.0346931 
-0.0346678 
-0.0348663 
-0.0352403 
-0.0357151 
-0.036205 
-0.0366239 
-0.0368857 
-0.0369052 
-0.036601 
-0.035899 
-0.0347373 
-0.0330708 
-0.0308724 
-0.028132 
-0.0248527 
-0.0210499 
-0.0167582 
-0.0120483 
-0.007019 
-0.00179913 
0.00342411 
0.00850104 
0.0133608 
0.0179605 
0.022271 
0.0262675 
0.0299218 
0.0331963 
0.0360403 
0.0383921 
0.0401869 
0.0413713 
0.0419234 
0.0418712 
0.0412984 
0.0403203 
0.0390299 
0.0374545 
0.0355834 
0.0334478 
0.0311577 
0.0288484 
0.0266074 
0.0244547 
0.0223594 
0.0202477 
0.0180366 
0.0156528 
0.0130206 
0.010046 
0.00660283 
0.00254733 
-0.00226807 
-0.00772587 
-0.0133045 
-0.0183274 
-0.0219388 
-0.0219388 
-0.0295565 
-0.0295565 
-0.0334382 
-0.0351365 
-0.0355947 
-0.0354862 
-0.0351617 
-0.0349189 
-0.0348784 
-0.0350725 
-0.0354513 
-0.0359401 
-0.0364528 
-0.0369028 
-0.0372033 
-0.0372672 
-0.0370101 
-0.0363533 
-0.0352299 
-0.0335885 
-0.0313976 
-0.0286446 
-0.0253332 
-0.0214797 
-0.0171149 
-0.0123046 
-0.00715711 
-0.00182979 
0.00349133 
0.00867926 
0.0136655 
0.0183992 
0.0228436 
0.0269667 
0.0307342 
0.0341033 
0.0370208 
0.0394252 
0.0412559 
0.0424688 
0.0430552 
0.0430556 
0.0425532 
0.0416398 
0.0403699 
0.0387551 
0.0368192 
0.0346544 
0.0324042 
0.0301914 
0.0280737 
0.0260493 
0.0240613 
0.0220268 
0.0198606 
0.0174727 
0.0147411 
0.0114873 
0.00747498 
0.00248047 
-0.00358714 
-0.0103383 
-0.0170447 
-0.0229808 
-0.0272424 
-0.0272424 
-0.0297063 
-0.0297063 
-0.0335158 
-0.0351546 
-0.0355863 
-0.0354526 
-0.0351051 
-0.0348328 
-0.0347604 
-0.0349231 
-0.0352755 
-0.0357455 
-0.0362485 
-0.0366993 
-0.0370118 
-0.0370991 
-0.0368759 
-0.036261 
-0.0351832 
-0.033586 
-0.031432 
-0.0287051 
-0.025409 
-0.0215647 
-0.017209 
-0.0124025 
-0.00724125 
-0.00188415 
0.00347106 
0.00871043 
0.0137691 
0.0185891 
0.0231252 
0.0273369 
0.0311823 
0.0346133 
0.0375738 
0.0400044 
0.0418516 
0.0430838 
0.0437064 
0.0437666 
0.0433355 
0.0424733 
0.0412088 
0.039568 
0.0376282 
0.0355276 
0.033413 
0.0313801 
0.0294592 
0.0276222 
0.0258008 
0.0239105 
0.021857 
0.0195082 
0.0166516 
0.0129774 
0.00814536 
0.00195626 
-0.00545655 
-0.0134054 
-0.0210881 
-0.0278079 
-0.0326461 
-0.0326461 
-0.0294409 
-0.0294409 
-0.0332046 
-0.0348263 
-0.0352659 
-0.0351303 
-0.0347687 
-0.0344619 
-0.034342 
-0.0344506 
-0.0347505 
-0.0351737 
-0.0356392 
-0.0360641 
-0.0363645 
-0.0364555 
-0.0362524 
-0.0356733 
-0.0346443 
-0.0331048 
-0.0310123 
-0.0283458 
-0.0251072 
-0.0213201 
-0.0170307 
-0.0123075 
-0.00724643 
-0.00197337 
0.00335163 
0.00859408 
0.013678 
0.0185393 
0.0231244 
0.0273844 
0.0312702 
0.0347286 
0.0377029 
0.0401377 
0.0419893 
0.0432373 
0.0438973 
0.0440149 
0.0436395 
0.0428056 
0.0415434 
0.0399196 
0.0380614 
0.0361229 
0.034231 
0.0324485 
0.0307795 
0.0291832 
0.0275887 
0.0259089 
0.0240196 
0.0217064 
0.018619 
0.0143118 
0.0084253 
0.000923836 
-0.00774969 
-0.0167198 
-0.025225 
-0.0326112 
-0.0379632 
-0.0379632 
-0.0287992 
-0.0287992 
-0.0325463 
-0.0341878 
-0.0346649 
-0.0345505 
-0.0341864 
-0.0338451 
-0.0336673 
-0.033704 
-0.0339285 
-0.0342795 
-0.0346806 
-0.0350527 
-0.0353159 
-0.0353888 
-0.0351899 
-0.0346389 
-0.0336616 
-0.0321949 
-0.0301923 
-0.027628 
-0.0245 
-0.0208302 
-0.016665 
-0.0120737 
-0.00715034 
-0.00201188 
0.00320491 
0.00838001 
0.0134252 
0.0182687 
0.0228481 
0.0271057 
0.0309858 
0.0344321 
0.0373891 
0.0398079 
0.041655 
0.0429201 
0.0436179 
0.0437808 
0.0434396 
0.0426258 
0.0413988 
0.03987 
0.0381904 
0.0365013 
0.0348967 
0.0334128 
0.0320395 
0.0307321 
0.0294206 
0.0280029 
0.0262933 
0.0239508 
0.0204704 
0.0153277 
0.00826138 
-0.000513923 
-0.0102773 
-0.0201027 
-0.0292974 
-0.0372437 
-0.0430515 
-0.0430515 
-0.027818 
-0.027818 
-0.0315791 
-0.0332726 
-0.0338147 
-0.0337448 
-0.0333926 
-0.0330221 
-0.0327822 
-0.0327354 
-0.0328679 
-0.0331268 
-0.0334417 
-0.0337381 
-0.0339408 
-0.0339737 
-0.0337602 
-0.033224 
-0.0322932 
-0.0309045 
-0.0290089 
-0.0265764 
-0.0236 
-0.0200974 
-0.0161115 
-0.0117087 
-0.00697652 
-0.00202036 
0.00303933 
0.00808922 
0.0130373 
0.0178061 
0.0223256 
0.0265314 
0.030363 
0.0337626 
0.0366773 
0.0390645 
0.0408973 
0.0421677 
0.0428846 
0.0430695 
0.0427514 
0.0419816 
0.0408553 
0.0395092 
0.0380887 
0.0367071 
0.0354301 
0.0342773 
0.0332334 
0.0322552 
0.0312699 
0.0301397 
0.0285818 
0.0261037 
0.0220726 
0.0159738 
0.0077309 
-0.00218288 
-0.0128693 
-0.0234238 
-0.0331894 
-0.0415938 
-0.0477997 
-0.0477997 
-0.0265336 
-0.0265336 
-0.0303359 
-0.0321099 
-0.0327429 
-0.0327421 
-0.0324208 
-0.032033 
-0.0317345 
-0.0316001 
-0.0316308 
-0.0317842 
-0.0319969 
-0.0321997 
-0.0323226 
-0.0322957 
-0.0320486 
-0.0315112 
-0.0306162 
-0.0293028 
-0.0275217 
-0.02524 
-0.0224452 
-0.0191486 
-0.0153859 
-0.0112163 
-0.00671919 
-0.00199079 
0.00286126 
0.00773188 
0.012527 
0.0171656 
0.0215726 
0.025679 
0.0294213 
0.0327417 
0.0355899 
0.037927 
0.0397284 
0.0409851 
0.0417023 
0.0419019 
0.0416275 
0.0409573 
0.0400089 
0.0389191 
0.0378104 
0.0367684 
0.0358395 
0.0350362 
0.0343441 
0.0337228 
0.0330866 
0.0322384 
0.0307738 
0.0280531 
0.0233714 
0.0162989 
0.00697249 
-0.0039212 
-0.0154062 
-0.0265904 
-0.036814 
-0.045574 
-0.0521183 
-0.0521183 
-0.0249785 
-0.0249785 
-0.028846 
-0.0307254 
-0.0314738 
-0.0315676 
-0.0313007 
-0.0309144 
-0.0305687 
-0.0303509 
-0.0302778 
-0.0303196 
-0.0304214 
-0.0305197 
-0.03055 
-0.0304482 
-0.0301511 
-0.0295958 
-0.0287214 
-0.0274722 
-0.025801 
-0.0236742 
-0.0210754 
-0.0180092 
-0.0145027 
-0.0106048 
-0.00638451 
-0.00192672 
0.00267346 
0.00731734 
0.0119102 
0.0163689 
0.0206156 
0.0245789 
0.0281941 
0.0314036 
0.034159 
0.0364232 
0.038173 
0.0394002 
0.0401141 
0.040348 
0.0401645 
0.0396597 
0.0389536 
0.0381658 
0.0373928 
0.0366997 
0.0361229 
0.0356739 
0.0353426 
0.0350886 
0.0348008 
0.0342051 
0.0327693 
0.0297357 
0.0243841 
0.0164076 
0.00613387 
-0.005605 
-0.0178025 
-0.029529 
-0.0400987 
-0.0491109 
-0.0559314 
-0.0559314 
-0.0231823 
-0.0231823 
-0.0271355 
-0.0291414 
-0.0300279 
-0.0302422 
-0.0300564 
-0.0296969 
-0.0293238 
-0.0290351 
-0.0288644 
-0.0287961 
-0.0287857 
-0.0287764 
-0.0287087 
-0.0285243 
-0.0281665 
-0.0275799 
-0.0267113 
-0.0255112 
-0.0239372 
-0.021957 
-0.0195526 
-0.0167235 
-0.0134883 
-0.00988566 
-0.00597265 
-0.00182201 
0.00248525 
0.00685891 
0.0112049 
0.0154393 
0.0194831 
0.023264 
0.0267172 
0.0297859 
0.0324235 
0.0345953 
0.0362815 
0.0374797 
0.0382094 
0.0385173 
0.0384786 
0.038192 
0.037765 
0.0372948 
0.0368571 
0.0365044 
0.0362696 
0.0361665 
0.0361895 
0.0362935 
0.0363319 
0.0359467 
0.0344916 
0.0311295 
0.0251633 
0.0164084 
0.00533058 
-0.00714618 
-0.0199893 
-0.0321706 
-0.0429735 
-0.0521365 
-0.0591704 
-0.0591704 
-0.0211717 
-0.0211717 
-0.0252279 
-0.0273779 
-0.0284223 
-0.0287817 
-0.028706 
-0.0284035 
-0.0280301 
-0.0276917 
-0.0274375 
-0.0272681 
-0.0271513 
-0.0270383 
-0.0268751 
-0.0266083 
-0.026187 
-0.0255625 
-0.0246891 
-0.0235244 
-0.0220318 
-0.0201829 
-0.0179602 
-0.0153603 
-0.0123956 
-0.00909521 
-0.00550474 
-0.00168401 
0.00230076 
0.0063696 
0.0104316 
0.014404 
0.0182083 
0.0217733 
0.0250351 
0.0279391 
0.0304419 
0.0325132 
0.0341395 
0.035327 
0.0361052 
0.0365292 
0.0366757 
0.0366341 
0.036494 
0.036333 
0.0362125 
0.0361786 
0.0362635 
0.0364844 
0.036839 
0.0372722 
0.037598 
0.0373812 
0.0358872 
0.032235 
0.0257679 
0.0163928 
0.00465014 
-0.0084809 
-0.0219018 
-0.0344378 
-0.0453627 
-0.0545826 
-0.0617683 
-0.0617683 
-0.0189714 
-0.0189714 
-0.0231451 
-0.025453 
-0.0266713 
-0.0271977 
-0.0272605 
-0.0270484 
-0.0267082 
-0.0263491 
-0.0260334 
-0.0257788 
-0.0255675 
-0.0253607 
-0.0251108 
-0.024769 
-0.0242892 
-0.0236283 
-0.0227469 
-0.0216094 
-0.0201854 
-0.018451 
-0.0163913 
-0.0140022 
-0.0112925 
-0.00828414 
-0.0050132 
-0.00152787 
0.00211931 
0.00586073 
0.00961216 
0.0132945 
0.0168324 
0.0201573 
0.0232085 
0.0259351 
0.0282986 
0.0302748 
0.0318573 
0.0330599 
0.0339175 
0.0344856 
0.0348339 
0.0350379 
0.03517 
0.0352934 
0.0354606 
0.0357139 
0.0360857 
0.0365963 
0.0372436 
0.0379602 
0.0385236 
0.0384384 
0.0369126 
0.0330497 
0.0262304 
0.0164082 
0.00412951 
-0.00957399 
-0.0234728 
-0.0362363 
-0.04718 
-0.0563774 
-0.0636578 
-0.0636578 
-0.016605 
-0.016605 
-0.0209085 
-0.0233844 
-0.0247878 
-0.0254986 
-0.0257255 
-0.0256373 
-0.0253676 
-0.0250235 
-0.0246764 
-0.0243594 
-0.0240707 
-0.0237843 
-0.0234605 
-0.0230561 
-0.0225287 
-0.0218398 
-0.0209548 
-0.0198439 
-0.018482 
-0.0168501 
-0.0149364 
-0.0127378 
-0.0102614 
-0.00752445 
-0.00455557 
-0.0013933 
0.00192071 
0.00533045 
0.00876143 
0.0121413 
0.0154002 
0.0184748 
0.0213094 
0.0238587 
0.0260899 
0.0279849 
0.029543 
0.0307817 
0.031736 
0.0324559 
0.0330004 
0.0334312 
0.033807 
0.0341809 
0.034599 
0.0351009 
0.0357188 
0.0364739 
0.0373622 
0.0383039 
0.039049 
0.0390642 
0.0375298 
0.0335545 
0.0265485 
0.0164712 
0.00380011 
-0.0103892 
-0.0246157 
-0.0374529 
-0.0483323 
-0.0574506 
-0.0647767 
-0.0647767 
-0.0140967 
-0.0140967 
-0.0185399 
-0.0211902 
-0.0227851 
-0.0236911 
-0.0241021 
-0.0241681 
-0.0240072 
-0.0237187 
-0.0233773 
-0.0230279 
-0.0226848 
-0.0223363 
-0.021954 
-0.0215011 
-0.0209398 
-0.020235 
-0.0193558 
-0.0182764 
-0.016976 
-0.0154394 
-0.0136578 
-0.0116299 
-0.00936206 
-0.00686927 
-0.0041753 
-0.00131194 
0.0016865 
0.00477531 
0.00789178 
0.0109723 
0.013955 
0.0167832 
0.0194079 
0.0217898 
0.0239016 
0.0257304 
0.0272783 
0.0285627 
0.0296149 
0.030477 
0.0311971 
0.0318251 
0.0324097 
0.0329959 
0.0336248 
0.0343327 
0.0351502 
0.0360975 
0.0371662 
0.0382661 
0.0391307 
0.0392127 
0.0376949 
0.0337062 
0.0266783 
0.0165483 
0.00361976 
-0.0109131 
-0.0252334 
-0.0379784 
-0.0487358 
-0.0577436 
-0.0650761 
-0.0650761 
-0.0114712 
-0.0114712 
-0.0160629 
-0.0188907 
-0.0206784 
-0.0217836 
-0.0223905 
-0.0226342 
-0.0226169 
-0.0224259 
-0.0221327 
-0.0217885 
-0.0214205 
-0.0210324 
-0.0206086 
-0.020122 
-0.0195405 
-0.0188326 
-0.0179705 
-0.016931 
-0.0156963 
-0.014254 
-0.0125977 
-0.0107274 
-0.00864937 
-0.00637677 
-0.00392971 
-0.00133475 
0.00137875 
0.00417353 
0.00699842 
0.00979943 
0.0125236 
0.0151222 
0.0175532 
0.0197834 
0.0217906 
0.0235646 
0.0251084 
0.0264371 
0.0275768 
0.0285613 
0.0294294 
0.0302216 
0.0309784 
0.0317383 
0.0325371 
0.0334072 
0.0343761 
0.0354606 
0.036647 
0.0378382 
0.038765 
0.0388851 
0.037388 
0.0334412 
0.0265039 
0.0165417 
0.00357673 
-0.0110444 
-0.0251491 
-0.037689 
-0.0483057 
-0.0572039 
-0.0645114 
-0.0645114 
-0.00875509 
-0.00875509 
-0.0135026 
-0.0165093 
-0.0184868 
-0.0197882 
-0.0205934 
-0.0210281 
-0.021181 
-0.0211258 
-0.0209252 
-0.0206299 
-0.0202746 
-0.0198757 
-0.0194315 
-0.0189267 
-0.0183376 
-0.0176377 
-0.0168021 
-0.0158097 
-0.0146444 
-0.0132954 
-0.0117575 
-0.0100315 
-0.00812365 
-0.00604631 
-0.00381753 
-0.00146077 
0.000997373 
0.00352679 
0.00608775 
0.00863532 
0.0111252 
0.0135164 
0.0157735 
0.0178687 
0.0197835 
0.0215094 
0.0230487 
0.0244134 
0.0256241 
0.0267075 
0.0276947 
0.0286186 
0.0295126 
0.030409 
0.0313386 
0.0323288 
0.0334031 
0.0345733 
0.0358206 
0.0370414 
0.0379621 
0.0380562 
0.0365562 
0.0326787 
0.0259052 
0.0162143 
0.00359112 
-0.0106296 
-0.0243402 
-0.0366036 
-0.0470506 
-0.0558357 
-0.0631082 
-0.0631082 
-0.0059759 
-0.0059759 
-0.0108861 
-0.0140719 
-0.0162342 
-0.0177236 
-0.0187207 
-0.0193475 
-0.0196845 
-0.0197935 
-0.0197257 
-0.019525 
-0.0192268 
-0.0188546 
-0.0184184 
-0.0179154 
-0.0173325 
-0.0166507 
-0.0158498 
-0.014911 
-0.0138197 
-0.0125661 
-0.0111455 
-0.00955855 
-0.00781114 
-0.00591392 
-0.00388234 
-0.00173625 
0.00050085 
0.0028022 
0.00513552 
0.00746384 
0.00975064 
0.0119619 
0.0140681 
0.0160458 
0.0178795 
0.0195615 
0.0210931 
0.0224833 
0.0237477 
0.0249074 
0.0259869 
0.0270126 
0.028012 
0.0290115 
0.0300363 
0.0311088 
0.0322473 
0.0334592 
0.0347168 
0.0359113 
0.0367745 
0.0368067 
0.035293 
0.031512 
0.0249774 
0.0156572 
0.00369173 
-0.00976677 
-0.022909 
-0.0347927 
-0.0450229 
-0.0536843 
-0.060913 
-0.060913 
-0.00316194 
-0.00316194 
-0.00824054 
-0.0116064 
-0.0139489 
-0.0156162 
-0.0167924 
-0.0176015 
-0.0181216 
-0.0184074 
-0.0185002 
-0.0184342 
-0.0182389 
-0.0179381 
-0.0175477 
-0.0170747 
-0.0165168 
-0.0158647 
-0.0151048 
-0.0142223 
-0.0132045 
-0.0120422 
-0.0107305 
-0.00926964 
-0.00766461 
-0.00592518 
-0.00406562 
-0.00210423 
-6.25676e-05 
0.00203544 
0.00416698 
0.00630206 
0.00841042 
0.0104637 
0.0124371 
0.0143108 
0.0160711 
0.0177107 
0.0192297 
0.0206343 
0.0219363 
0.0231517 
0.0242999 
0.0254016 
0.0264786 
0.0275517 
0.028641 
0.0297637 
0.0309332 
0.0321483 
0.0333732 
0.0344974 
0.0352626 
0.0352057 
0.0336763 
0.0300231 
0.0238063 
0.0149827 
0.0038355 
-0.00863203 
-0.0210113 
-0.0323969 
-0.0423449 
-0.0508547 
-0.0580239 
-0.0580239 
-0.000338728 
-0.000338728 
-0.00559018 
-0.00913925 
-0.0116608 
-0.0134989 
-0.0148408 
-0.0158155 
-0.0165045 
-0.016962 
-0.0172238 
-0.0173164 
-0.017261 
-0.0170758 
-0.016776 
-0.0163721 
-0.0158694 
-0.0152673 
-0.0145606 
-0.0137411 
-0.0127998 
-0.0117296 
-0.0105263 
-0.00918956 
-0.00772307 
-0.00613465 
-0.00443578 
-0.0026412 
-0.000768715 
0.00116125 
0.00312662 
0.00510272 
0.00706414 
0.00898697 
0.0108501 
0.0126363 
0.0143333 
0.0159341 
0.0174379 
0.0188488 
0.0201757 
0.0214303 
0.0226278 
0.0237838 
0.0249154 
0.0260381 
0.0271672 
0.0283154 
0.0294879 
0.0306759 
0.0318372 
0.0328613 
0.0335056 
0.0333508 
0.0318195 
0.028336 
0.0225154 
0.0143148 
0.00408519 
-0.00732068 
-0.0188154 
-0.029589 
-0.0391737 
-0.0474858 
-0.0545692 
-0.0545692 
0.00247054 
0.00247054 
-0.00295329 
-0.00669151 
-0.00939738 
-0.0114064 
-0.0129067 
-0.0140318 
-0.0148696 
-0.0154789 
-0.0158973 
-0.0161485 
-0.0162485 
-0.0162088 
-0.016039 
-0.0157471 
-0.0153393 
-0.0148192 
-0.0141877 
-0.0134427 
-0.0125806 
-0.0115978 
-0.0104916 
-0.00926197 
-0.00791217 
-0.00644899 
-0.0048829 
-0.0032279 
-0.00150104 
0.000278233 
0.00209186 
0.00392348 
0.00575206 
0.00755709 
0.00932035 
0.0110262 
0.0126636 
0.0142251 
0.0157091 
0.0171181 
0.0184581 
0.0197377 
0.0209681 
0.0221607 
0.0233283 
0.0244818 
0.0256324 
0.0267861 
0.0279411 
0.0290819 
0.0301615 
0.0310714 
0.0315894 
0.0313441 
0.0298352 
0.026564 
0.0212008 
0.0137084 
0.00443792 
-0.00589451 
-0.0164472 
-0.0265249 
-0.035667 
-0.043726 
-0.0506893 
-0.0506893 
0.00525895 
0.00525895 
-0.000341065 
-0.00427509 
-0.00717702 
-0.00936797 
-0.0110316 
-0.0123025 
-0.0132741 
-0.0140123 
-0.0145611 
-0.0149485 
-0.015191 
-0.0152983 
-0.0152754 
-0.0151255 
-0.014851 
-0.0144535 
-0.0139344 
-0.0132943 
-0.0125335 
-0.0116523 
-0.0106515 
-0.00953351 
-0.00830281 
-0.00696605 
-0.00553214 
-0.00401197 
-0.0024182 
-0.000765256 
0.000931216 
0.00265306 
0.00438166 
0.00609837 
0.00778699 
0.00943218 
0.0110233 
0.0125523 
0.0140179 
0.0154224 
0.0167692 
0.0180646 
0.0193166 
0.020533 
0.0217232 
0.0228946 
0.0240529 
0.0251983 
0.0263232 
0.0274067 
0.0283986 
0.0291946 
0.0295955 
0.0292796 
0.0278226 
0.0248007 
0.0199351 
0.0131936 
0.00488776 
-0.00439454 
-0.0139936 
-0.0233264 
-0.0319626 
-0.039714 
-0.0465202 
-0.0465202 
0.00803432 
0.00803432 
0.00224667 
-0.00189054 
-0.00500376 
-0.00739793 
-0.00924461 
-0.0106745 
-0.0117819 
-0.0126378 
-0.0132937 
-0.0137856 
-0.0141369 
-0.0143618 
-0.0144672 
-0.0144553 
-0.0143254 
-0.014075 
-0.0137013 
-0.0132015 
-0.0125736 
-0.0118171 
-0.0109331 
-0.00992479 
-0.00879803 
-0.00756122 
-0.00622505 
-0.00480225 
-0.00330731 
-0.00175616 
-0.000165472 
0.00144809 
0.00307653 
0.00470431 
0.0063165 
0.00789811 
0.00944028 
0.0109331 
0.0123744 
0.0137665 
0.0151114 
0.0164128 
0.0176763 
0.0189063 
0.0201096 
0.0212889 
0.0224454 
0.0235746 
0.0246642 
0.0256891 
0.0265975 
0.0272917 
0.0275961 
0.0272376 
0.0258629 
0.0231183 
0.0187692 
0.0127842 
0.00541832 
-0.00285509 
-0.0115162 
-0.0200843 
-0.0281704 
-0.0355679 
-0.0421818 
-0.0421818 
0.0108166 
0.0108166 
0.00483256 
0.00047455 
-0.00286625 
-0.00549062 
-0.00755215 
-0.00917162 
-0.0104388 
-0.0114249 
-0.0121858 
-0.0127642 
-0.0131923 
-0.0134929 
-0.0136813 
-0.0137659 
-0.0137496 
-0.0136305 
-0.0134038 
-0.0130628 
-0.0126001 
-0.0120097 
-0.0112875 
-0.0104329 
-0.00944929 
-0.00834473 
-0.00713138 
-0.00582425 
-0.00443907 
-0.00299014 
-0.00148918 
5.26018e-05 
0.00162301 
0.00320177 
0.00477619 
0.00632802 
0.00784454 
0.00931221 
0.0107355 
0.0121207 
0.0134647 
0.0147708 
0.0160422 
0.0172813 
0.0184918 
0.0196736 
0.0208239 
0.0219348 
0.0229906 
0.023963 
0.0248007 
0.0254135 
0.0256494 
0.0252805 
0.0240171 
0.0215682 
0.0177364 
0.012488 
0.00601771 
-0.00130122 
-0.00905795 
-0.0168625 
-0.0243728 
-0.0313809 
-0.0377722 
-0.0377722 
0.0136332 
0.0136332 
0.00744959 
0.00285209 
-0.000740697 
-0.00362097 
-0.00593473 
-0.00778461 
-0.00925229 
-0.0104041 
-0.0112956 
-0.0119726 
-0.0124728 
-0.0128265 
-0.013058 
-0.0131858 
-0.0132224 
-0.0131743 
-0.0130421 
-0.0128213 
-0.0125034 
-0.0120776 
-0.0115328 
-0.0108591 
-0.0100495 
-0.00910185 
-0.00801981 
-0.00681418 
-0.00550264 
-0.00410828 
-0.00265618 
-0.00117016 
0.00033222 
0.0018429 
0.00335626 
0.00485045 
0.00632396 
0.00775826 
0.00915172 
0.0105162 
0.0118501 
0.0131523 
0.014425 
0.0156668 
0.0168795 
0.0180602 
0.0192031 
0.0202979 
0.0213261 
0.0222578 
0.0230433 
0.0236006 
0.0238002 
0.023454 
0.0223277 
0.0201842 
0.0168575 
0.0123095 
0.00667862 
0.000252559 
-0.00664475 
-0.0137026 
-0.0206268 
-0.0272216 
-0.0333659 
-0.0333659 
0.0165153 
0.0165153 
0.0101332 
0.00528294 
0.00141095 
-0.0017556 
-0.00435595 
-0.00647853 
-0.00819172 
-0.00955463 
-0.0106193 
-0.0114318 
-0.0120318 
-0.0124534 
-0.012726 
-0.0128749 
-0.0129215 
-0.0128829 
-0.012771 
-0.0125913 
-0.0123433 
-0.0120209 
-0.0116143 
-0.0111111 
-0.0104987 
-0.00976565 
-0.00890302 
-0.00790633 
-0.00677765 
-0.0055279 
-0.00417785 
-0.00275587 
-0.00128755 
0.000212487 
0.00174062 
0.00326402 
0.00475002 
0.00615699 
0.00752511 
0.00889322 
0.0102295 
0.0115365 
0.012812 
0.0140573 
0.0152719 
0.0164523 
0.0175912 
0.0186764 
0.019688 
0.0205954 
0.0213513 
0.0218824 
0.0220791 
0.0217879 
0.0208207 
0.0189862 
0.0161442 
0.0122517 
0.00739892 
0.00180013 
-0.00429001 
-0.0106279 
-0.0169681 
-0.0231358 
-0.0290152 
-0.0290152 
0.019494 
0.019494 
0.0129165 
0.00780486 
0.00362877 
0.000141662 
-0.00277847 
-0.00521274 
-0.00721286 
-0.00882905 
-0.0101081 
-0.0110955 
-0.0118329 
-0.0123572 
-0.0127007 
-0.0128914 
-0.0129542 
-0.0129115 
-0.0127824 
-0.0125824 
-0.0123218 
-0.0120054 
-0.0116326 
-0.011198 
-0.0106933 
-0.0101077 
-0.00942901 
-0.00864315 
-0.00773407 
-0.00668416 
-0.00547786 
-0.00411213 
-0.00261359 
-0.00105897 
0.000451113 
0.0018745 
0.00329518 
0.00467435 
0.00600446 
0.00733462 
0.00865419 
0.00995125 
0.0112225 
0.0124662 
0.0136807 
0.0148616 
0.0160006 
0.0170845 
0.0180924 
0.018994 
0.0197447 
0.0202796 
0.0205062 
0.0203 
0.0195106 
0.0179842 
0.0156021 
0.0123174 
0.00818138 
0.00334472 
-0.00199498 
-0.00764697 
-0.0134144 
-0.01915 
-0.0247526 
-0.0247526 
0.0225976 
0.0225976 
0.0158288 
0.0104473 
0.0059462 
0.0021055 
-0.001173 
-0.00395523 
-0.00628171 
-0.00818859 
-0.00971592 
-0.0109075 
-0.0118082 
-0.0124599 
-0.0128996 
-0.0131593 
-0.0132664 
-0.0132449 
-0.0131163 
-0.012899 
-0.0126087 
-0.0122574 
-0.0118532 
-0.0114005 
-0.0109005 
-0.0103519 
-0.00975216 
-0.00909702 
-0.00838009 
-0.0075901 
-0.00670741 
-0.00570147 
-0.00453322 
-0.00316448 
-0.00158597 
0.000127715 
0.00175954 
0.00307202 
0.00430501 
0.00569833 
0.00705543 
0.00836455 
0.00963883 
0.0108821 
0.0120982 
0.0132838 
0.0144308 
0.0155251 
0.0165456 
0.0174625 
0.0182343 
0.0188033 
0.0190916 
0.018998 
0.0184024 
0.0171809 
0.015233 
0.0125088 
0.00903026 
0.0048948 
0.000249629 
-0.00475584 
-0.00996896 
-0.015275 
-0.0205937 
-0.0205937 
0.025852 
0.025852 
0.0188962 
0.0132367 
0.00838991 
0.00416244 
0.000485646 
-0.00268598 
-0.00537945 
-0.0076154 
-0.00942354 
-0.0108439 
-0.0119242 
-0.0127129 
-0.013255 
-0.0135896 
-0.0137496 
-0.0137626 
-0.0136525 
-0.0134398 
-0.0131416 
-0.0127721 
-0.0123424 
-0.0118606 
-0.0113326 
-0.0107624 
-0.0101531 
-0.00950652 
-0.00882344 
-0.00810079 
-0.00732797 
-0.00648212 
-0.00552897 
-0.00442095 
-0.00310128 
-0.00149313 
0.000204543 
0.0015978 
0.0028683 
0.00418524 
0.00551032 
0.0068091 
0.00808034 
0.00932311 
0.0105418 
0.011735 
0.0128959 
0.014011 
0.0150594 
0.016012 
0.0168299 
0.0174617 
0.0178409 
0.0178846 
0.0174963 
0.0165757 
0.0150371 
0.0128296 
0.00995279 
0.00646284 
0.00245933 
-0.00194109 
-0.00662374 
-0.0115089 
-0.0165407 
-0.0165407 
0.0292798 
0.0292798 
0.0221418 
0.0161968 
0.0109842 
0.00633783 
0.00222005 
-0.00138779 
-0.0044928 
-0.00710132 
-0.00922718 
-0.0109034 
-0.0121793 
-0.0131108 
-0.0137535 
-0.0141564 
-0.0143608 
-0.0144005 
-0.0143037 
-0.0140942 
-0.0137921 
-0.0134138 
-0.0129724 
-0.0124777 
-0.0119371 
-0.0113556 
-0.0107376 
-0.0100869 
-0.00940735 
-0.00870145 
-0.00796685 
-0.00718922 
-0.00634268 
-0.00540414 
-0.00437562 
-0.00328627 
-0.00220955 
-0.00112544 
0.000278438 
0.00209933 
0.0037572 
0.00516924 
0.0064851 
0.00774509 
0.00897858 
0.0101917 
0.0113808 
0.0125337 
0.0136301 
0.014642 
0.0155327 
0.0162559 
0.0167542 
0.0169582 
0.0167895 
0.0161661 
0.0150146 
0.0132843 
0.0109589 
0.00806307 
0.00465631 
0.000818718 
-0.00336273 
-0.00783976 
-0.0125846 
-0.0125846 
0.0328997 
0.0328997 
0.0255853 
0.0193488 
0.0137519 
0.00865492 
0.00405251 
-4.21988e-05 
-0.00360951 
-0.00663987 
-0.0091267 
-0.0110912 
-0.0125821 
-0.0136632 
-0.0144029 
-0.0148641 
-0.0150994 
-0.0151513 
-0.0150541 
-0.0148359 
-0.01452 
-0.0141257 
-0.0136686 
-0.0131611 
-0.0126122 
-0.0120284 
-0.0114144 
-0.0107732 
-0.0101073 
-0.00941838 
-0.00870688 
-0.00796747 
-0.00718575 
-0.0063419 
-0.00542226 
-0.00441303 
-0.00335045 
-0.00236407 
-0.00118976 
0.000282414 
0.00181909 
0.00330871 
0.00472267 
0.00606784 
0.00736745 
0.00863717 
0.00988213 
0.0110965 
0.0122641 
0.0133597 
0.0143494 
0.015191 
0.0158339 
0.0162191 
0.0162811 
0.0159519 
0.015168 
0.0138799 
0.0120608 
0.00971187 
0.00686102 
0.00355061 
-0.000161453 
-0.00424758 
-0.00870674 
-0.00870674 
0.0367248 
0.0367248 
0.0292412 
0.0227103 
0.0167137 
0.0111366 
0.00600655 
0.0013716 
-0.0027161 
-0.00622324 
-0.00912127 
-0.0114128 
-0.0131427 
-0.0143823 
-0.0152153 
-0.0157222 
-0.0159713 
-0.0160169 
-0.0159012 
-0.0156579 
-0.0153142 
-0.0148922 
-0.01441 
-0.0138819 
-0.0133189 
-0.0127289 
-0.0121177 
-0.0114892 
-0.0108458 
-0.0101885 
-0.0095165 
-0.00882577 
-0.00810686 
-0.00734885 
-0.00654539 
-0.00569793 
-0.00480654 
-0.00388014 
-0.00279848 
-0.00161955 
-0.000416597 
0.000920652 
0.00236211 
0.00384605 
0.00531961 
0.00676578 
0.00817654 
0.00954549 
0.0108608 
0.0121027 
0.0132433 
0.0142465 
0.0150692 
0.0156615 
0.0159688 
0.015934 
0.0155022 
0.0146265 
0.0132736 
0.0114282 
0.00909323 
0.00628228 
0.00301525 
-0.000701425 
-0.00487821 
-0.00487821 
0.0407602 
0.0407602 
0.033117 
0.026293 
0.0198865 
0.0138033 
0.00810414 
0.00287363 
-0.00179612 
-0.00584115 
-0.00920764 
-0.011872 
-0.0138705 
-0.0152806 
-0.0162035 
-0.0167417 
-0.0169844 
-0.0170015 
-0.016846 
-0.0165581 
-0.0161696 
-0.0157056 
-0.0151866 
-0.0146287 
-0.0140442 
-0.0134423 
-0.0128294 
-0.0122099 
-0.0115858 
-0.0109578 
-0.0103248 
-0.0096834 
-0.00902593 
-0.00834325 
-0.00762475 
-0.00686742 
-0.00605096 
-0.00521257 
-0.00426433 
-0.00318947 
-0.00202566 
-0.000780426 
0.000533904 
0.00191014 
0.00335005 
0.00484173 
0.00636151 
0.00788333 
0.0093785 
0.0108161 
0.0121626 
0.0133806 
0.0144295 
0.0152652 
0.0158409 
0.0161084 
0.0160206 
0.0155342 
0.0146133 
0.013232 
0.0113751 
0.0090334 
0.00619967 
0.00284572 
-0.00105796 
-0.00105796 
0.0450005 
0.0450005 
0.0372103 
0.0301003 
0.0232804 
0.0166716 
0.0103659 
0.00448601 
-0.000830651 
-0.0054803 
-0.00937865 
-0.0124688 
-0.0147714 
-0.0163679 
-0.017378 
-0.0179317 
-0.0181446 
-0.0181075 
-0.0178871 
-0.0175323 
-0.0170796 
-0.0165575 
-0.0159886 
-0.0153902 
-0.014776 
-0.0141561 
-0.0135374 
-0.0129245 
-0.0123198 
-0.0117237 
-0.0111345 
-0.0105493 
-0.00996113 
-0.00936323 
-0.00874441 
-0.00810344 
-0.00741402 
-0.00668766 
-0.00586375 
-0.00494799 
-0.0039469 
-0.00283295 
-0.00161015 
-0.000282326 
0.00115316 
0.0026932 
0.00431887 
0.00600093 
0.00770278 
0.00938214 
0.0109938 
0.0124919 
0.0138304 
0.0149645 
0.0158503 
0.0164454 
0.0167088 
0.0166021 
0.0160901 
0.0151416 
0.01373 
0.0118293 
0.00941266 
0.00642836 
0.00280677 
0.00280677 
0.0494259 
0.0494259 
0.0415049 
0.0341232 
0.026896 
0.0197516 
0.0128088 
0.00622863 
0.000198691 
-0.00512538 
-0.00962235 
-0.0131973 
-0.0158457 
-0.017649 
-0.0187459 
-0.0192982 
-0.0194551 
-0.0193345 
-0.0190211 
-0.018574 
-0.0180357 
-0.0174378 
-0.0168045 
-0.0161545 
-0.0155019 
-0.0148571 
-0.0142275 
-0.0136175 
-0.0130291 
-0.0124626 
-0.0119158 
-0.0113857 
-0.0108652 
-0.0103476 
-0.00981947 
-0.00927857 
-0.00869425 
-0.00807499 
-0.00737121 
-0.00657129 
-0.00566645 
-0.00464361 
-0.00349517 
-0.00221392 
-0.000794262 
0.000759333 
0.00243239 
0.00420807 
0.00605556 
0.00793339 
0.00979161 
0.0115754 
0.0132288 
0.0146976 
0.0159319 
0.016887 
0.0175226 
0.0178022 
0.0176919 
0.0171587 
0.01617 
0.014689 
0.0126748 
0.0100555 
0.00673088 
0.00673088 
0.0539988 
0.0539988 
0.0459668 
0.0383359 
0.0307188 
0.023041 
0.0154412 
0.00811784 
0.00131321 
-0.00475533 
-0.00991967 
-0.0140423 
-0.0170837 
-0.0191198 
-0.0203064 
-0.020841 
-0.0209137 
-0.0206774 
-0.0202398 
-0.019673 
-0.019026 
-0.0183335 
-0.017621 
-0.0169078 
-0.0162081 
-0.0155324 
-0.0148877 
-0.0142783 
-0.013706 
-0.0131706 
-0.0126698 
-0.0122006 
-0.0117558 
-0.0113289 
-0.0109057 
-0.0104822 
-0.0100286 
-0.00954153 
-0.00897715 
-0.00832213 
-0.00755491 
-0.00665067 
-0.00559006 
-0.00435689 
-0.00294069 
-0.0013422 
0.000425589 
0.00234289 
0.00437369 
0.00647266 
0.00858775 
0.0106623 
0.0126369 
0.0144522 
0.0160525 
0.0173875 
0.0184132 
0.0190909 
0.0193855 
0.0192623 
0.018685 
0.0176099 
0.0159858 
0.013724 
0.0106947 
0.0106947 
0.0586593 
0.0586593 
0.0505394 
0.0426904 
0.0347135 
0.0265193 
0.0182581 
0.0101613 
0.00253058 
-0.00434615 
-0.010244 
-0.0149775 
-0.0184627 
-0.0207629 
-0.0220469 
-0.0225501 
-0.0225105 
-0.0221245 
-0.0215295 
-0.020814 
-0.0200342 
-0.0192279 
-0.0184213 
-0.0176334 
-0.0168782 
-0.0161654 
-0.0155014 
-0.01489 
-0.0143321 
-0.0138275 
-0.0133732 
-0.0129667 
-0.0126001 
-0.0122665 
-0.0119507 
-0.0116461 
-0.0113241 
-0.0109739 
-0.0105525 
-0.0100391 
-0.00940219 
-0.00861091 
-0.0076342 
-0.0064444 
-0.00502156 
-0.00335976 
-0.00147111 
0.000614213 
0.00284774 
0.00517783 
0.00754861 
0.00990195 
0.012178 
0.0143175 
0.0162637 
0.017964 
0.0193711 
0.0204422 
0.0211381 
0.0214196 
0.0212458 
0.0205662 
0.0193211 
0.0174058 
0.0146631 
0.0146631 
0.0633221 
0.0633221 
0.0551401 
0.0471116 
0.0388186 
0.0301434 
0.0212367 
0.0123558 
0.00386228 
-0.00387477 
-0.0105616 
-0.0159627 
-0.0199422 
-0.0225425 
-0.0239383 
-0.0244017 
-0.0242244 
-0.0236553 
-0.0228693 
-0.0219756 
-0.0210391 
-0.0201003 
-0.0191854 
-0.0183126 
-0.0174945 
-0.0167396 
-0.0160532 
-0.0154384 
-0.0148952 
-0.0144231 
-0.0140191 
-0.013681 
-0.0134005 
-0.0131701 
-0.0129744 
-0.0128037 
-0.0126319 
-0.0124408 
-0.0121862 
-0.0118417 
-0.0113652 
-0.0107138 
-0.00984137 
-0.00870562 
-0.00727481 
-0.00553584 
-0.00349952 
-0.00120213 
0.00129635 
0.00392613 
0.00661537 
0.00929481 
0.0118974 
0.0143623 
0.0166362 
0.0186723 
0.020428 
0.0218628 
0.0229357 
0.023603 
0.023817 
0.0235188 
0.0226383 
0.0210551 
0.0185854 
0.0185854 
0.0678753 
0.0678753 
0.0596574 
0.0514936 
0.0429408 
0.0338399 
0.0243291 
0.0146786 
0.00530878 
-0.00332039 
-0.010832 
-0.0169424 
-0.0214608 
-0.0243996 
-0.0259293 
-0.0263533 
-0.0260196 
-0.0252379 
-0.0242294 
-0.0231295 
-0.0220139 
-0.0209254 
-0.0198898 
-0.0189232 
-0.0180361 
-0.0172352 
-0.0165242 
-0.0159049 
-0.0153766 
-0.0149381 
-0.014587 
-0.0143211 
-0.0141316 
-0.0140106 
-0.0139424 
-0.013915 
-0.013904 
-0.0138866 
-0.0138167 
-0.0136596 
-0.0133624 
-0.0128676 
-0.012111 
-0.011032 
-0.00958423 
-0.00774609 
-0.00552718 
-0.00297034 
-0.00014952 
0.0028339 
0.00588597 
0.0089262 
0.0118756 
0.0146671 
0.0172491 
0.0195829 
0.0216375 
0.0233828 
0.0247836 
0.0257958 
0.0263652 
0.0264225 
0.0258847 
0.0246135 
0.0223992 
0.0223992 
0.0721801 
0.0721801 
0.063951 
0.0556982 
0.0469513 
0.0374993 
0.0274549 
0.0170832 
0.00685446 
-0.00267065 
-0.0110117 
-0.0178463 
-0.0229339 
-0.026248 
-0.0279421 
-0.0283392 
-0.027842 
-0.0268265 
-0.0255696 
-0.0242394 
-0.0229255 
-0.0216735 
-0.0205075 
-0.0194408 
-0.0184809 
-0.017632 
-0.0168957 
-0.0162724 
-0.0157603 
-0.015358 
-0.0150637 
-0.0148752 
-0.0147836 
-0.0147804 
-0.0148509 
-0.0149817 
-0.0151492 
-0.0153282 
-0.015471 
-0.0155323 
-0.0154462 
-0.0151358 
-0.0145142 
-0.0134995 
-0.01203 
-0.0100766 
-0.00764944 
-0.00479887 
-0.00161137 
0.00178685 
0.00527191 
0.00873877 
0.0120869 
0.0152339 
0.0181249 
0.0207294 
0.0230332 
0.0250257 
0.0266879 
0.0279836 
0.0288569 
0.0292285 
0.0290001 
0.0280133 
0.0260324 
0.0260324 
0.0760753 
0.0760753 
0.0678555 
0.0595569 
0.0506853 
0.0409716 
0.0304948 
0.0194935 
0.00846983 
-0.00191495 
-0.0110516 
-0.018589 
-0.024255 
-0.0279753 
-0.029871 
-0.0302685 
-0.0296166 
-0.0283598 
-0.0268384 
-0.0252609 
-0.023735 
-0.0223101 
-0.0210081 
-0.0198384 
-0.0188047 
-0.0179079 
-0.0171471 
-0.0165211 
-0.016027 
-0.0156633 
-0.0154288 
-0.0153217 
-0.0153325 
-0.0154534 
-0.0156709 
-0.015972 
-0.0163332 
-0.0167288 
-0.017109 
-0.0174147 
-0.017564 
-0.0174547 
-0.0169739 
-0.0160178 
-0.0145118 
-0.0124232 
-0.00976447 
-0.0065914 
-0.00300227 
0.000859861 
0.00483026 
0.00876557 
0.0125439 
0.0160623 
0.0192578 
0.0221061 
0.0246103 
0.0267843 
0.0286332 
0.0301383 
0.0312491 
0.0318793 
0.0319156 
0.0311773 
0.0294029 
0.0294029 
0.0793844 
0.0793844 
0.0711889 
0.0628798 
0.0539496 
0.0440695 
0.033286 
0.0217925 
0.0100934 
-0.0010669 
-0.0109113 
-0.0190803 
-0.0253033 
-0.0294476 
-0.0315858 
-0.0320257 
-0.0312473 
-0.0297599 
-0.0279722 
-0.0261412 
-0.0243976 
-0.0227969 
-0.0213585 
-0.0200874 
-0.0189824 
-0.0180406 
-0.0172583 
-0.0166324 
-0.016159 
-0.0158366 
-0.0156652 
-0.0156425 
-0.0157597 
-0.0160103 
-0.0163834 
-0.016867 
-0.0174385 
-0.0180703 
-0.0187105 
-0.0192835 
-0.0196836 
-0.0197794 
-0.0194314 
-0.0185183 
-0.0169606 
-0.0147278 
-0.0118369 
-0.00834598 
-0.00435945 
-2.27909e-05 
0.0044646 
0.00891162 
0.0131618 
0.0170758 
0.0205773 
0.0236472 
0.0263083 
0.0286027 
0.0305659 
0.0322037 
0.0334789 
0.0343033 
0.0345509 
0.0340179 
0.0324184 
0.0324184 
0.0819239 
0.0819239 
0.0737651 
0.0654689 
0.056535 
0.0465779 
0.0356221 
0.0238179 
0.0116561 
-0.000104135 
-0.0105284 
-0.0192195 
-0.0259487 
-0.0305192 
-0.0329392 
-0.0334757 
-0.0326194 
-0.0309338 
-0.0288966 
-0.02682 
-0.0248639 
-0.0230927 
-0.0215243 
-0.0201585 
-0.0189887 
-0.0180078 
-0.0172089 
-0.016587 
-0.0161373 
-0.0158588 
-0.0157522 
-0.0158152 
-0.0160401 
-0.0164232 
-0.0169569 
-0.0176311 
-0.018425 
-0.0193063 
-0.0202166 
-0.0210623 
-0.0217055 
-0.0219839 
-0.0217381 
-0.0208391 
-0.0192141 
-0.0168416 
-0.0137415 
-0.00996695 
-0.00561451 
-0.00081776 
0.00419263 
0.00916593 
0.0138921 
0.0181934 
0.0219802 
0.025239 
0.0280125 
0.030372 
0.0323851 
0.034086 
0.0354559 
0.0364091 
0.036811 
0.0364356 
0.034976 
0.034976 
0.0835243 
0.0835243 
0.075413 
0.0671428 
0.0582518 
0.0482987 
0.0372992 
0.0253597 
0.0129977 
0.000920889 
-0.00987587 
-0.0189457 
-0.0260966 
-0.0310706 
-0.0337984 
-0.0344873 
-0.0336151 
-0.031782 
-0.0295298 
-0.02723 
-0.0250786 
-0.0231523 
-0.0214685 
-0.0200215 
-0.0187987 
-0.0177882 
-0.0169799 
-0.0163673 
-0.0159449 
-0.0157123 
-0.0156711 
-0.0158186 
-0.01615 
-0.0166649 
-0.01736 
-0.018228 
-0.0192489 
-0.0203839 
-0.0215585 
-0.022655 
-0.0235047 
-0.0239146 
-0.0237208 
-0.0228039 
-0.0211092 
-0.0186278 
-0.015378 
-0.0114 
-0.0067698 
-0.00159693 
0.0038871 
0.00938857 
0.0146018 
0.0192825 
0.0233246 
0.0267291 
0.0295666 
0.0319408 
0.0339507 
0.0356581 
0.0370636 
0.0380866 
0.0385878 
0.038321 
0.0369649 
0.0369649 
0.0839983 
0.0839983 
0.0759896 
0.0677477 
0.0589253 
0.0490453 
0.0381123 
0.026223 
0.0139602 
0.00202719 
-0.00888634 
-0.018219 
-0.0256954 
-0.0310207 
-0.0340519 
-0.0349304 
-0.0341045 
-0.0321917 
-0.0297828 
-0.0273041 
-0.0249905 
-0.0229361 
-0.0211595 
-0.01965 
-0.0183895 
-0.0173625 
-0.0165544 
-0.0159573 
-0.0155659 
-0.0153804 
-0.0154028 
-0.0156307 
-0.0160631 
-0.0167038 
-0.0175541 
-0.0186097 
-0.0198501 
-0.0212252 
-0.0226364 
-0.0239307 
-0.0249138 
-0.0253897 
-0.0251972 
-0.0242389 
-0.0224897 
-0.0199487 
-0.0166258 
-0.0125424 
-0.00774189 
-0.00229565 
0.00360985 
0.00958877 
0.0152161 
0.0202032 
0.0244294 
0.0279179 
0.0307692 
0.0331177 
0.0350883 
0.0367645 
0.038163 
0.0392084 
0.0397603 
0.0395559 
0.0382702 
0.0382702 
0.0832193 
0.0832193 
0.0753802 
0.0671836 
0.0584552 
0.0487284 
0.0379917 
0.0263875 
0.0144942 
0.00294382 
-0.00775479 
-0.0171001 
-0.0247277 
-0.0302974 
-0.0335985 
-0.0346951 
-0.0339792 
-0.0320598 
-0.0295625 
-0.0269639 
-0.0245378 
-0.0223964 
-0.0205614 
-0.0190185 
-0.0177439 
-0.0167156 
-0.0159189 
-0.0153444 
-0.0149873 
-0.0148488 
-0.0149306 
-0.0152313 
-0.0157543 
-0.016508 
-0.0174983 
-0.0187233 
-0.0201582 
-0.0217358 
-0.0233271 
-0.0247444 
-0.0257734 
-0.0262261 
-0.0259822 
-0.0249859 
-0.0232225 
-0.0206898 
-0.0173864 
-0.0133178 
-0.0085008 
-0.00298567 
0.00313969 
0.00955898 
0.0156136 
0.0208439 
0.0251444 
0.028622 
0.0314268 
0.033715 
0.0356249 
0.0372501 
0.0386161 
0.0396493 
0.0402117 
0.0400271 
0.038781 
0.038781 
0.0810766 
0.0810766 
0.0734907 
0.0653933 
0.0568138 
0.0473524 
0.0369855 
0.0258996 
0.0146004 
0.00361892 
-0.00667074 
-0.0158115 
-0.0233988 
-0.0290528 
-0.0325108 
-0.0337734 
-0.0331761 
-0.0313024 
-0.028789 
-0.026144 
-0.0236704 
-0.0214962 
-0.0196467 
-0.0181048 
-0.0168429 
-0.015836 
-0.015064 
-0.0145198 
-0.0141999 
-0.0141065 
-0.0142404 
-0.0146022 
-0.0151996 
-0.0160454 
-0.0171496 
-0.0185105 
-0.0200944 
-0.0218114 
-0.0235001 
-0.0249467 
-0.0259384 
-0.0263192 
-0.0260095 
-0.0249824 
-0.0232323 
-0.0207486 
-0.0175161 
-0.0135238 
-0.00876675 
-0.00326254 
0.00293901 
0.00942555 
0.0155246 
0.0208063 
0.025112 
0.0285496 
0.031302 
0.0335354 
0.0353917 
0.0369654 
0.038284 
0.0392783 
0.0398136 
0.0396148 
0.0384105 
0.0384105 
0.0774729 
0.0774729 
0.070245 
0.0623454 
0.0540072 
0.0449468 
0.0351354 
0.0247654 
0.014241 
0.00398249 
-0.00570606 
-0.0144268 
-0.0217666 
-0.027323 
-0.030799 
-0.0321484 
-0.031655 
-0.0298658 
-0.0274071 
-0.0247964 
-0.0223512 
-0.0202088 
-0.0183968 
-0.0168968 
-0.0156787 
-0.0147156 
-0.013986 
-0.0134796 
-0.0131989 
-0.0131467 
-0.0133227 
-0.0137293 
-0.0143787 
-0.0152873 
-0.0164677 
-0.0179155 
-0.019584 
-0.021358 
-0.0230485 
-0.0244324 
-0.0253189 
-0.0255955 
-0.0252217 
-0.0241891 
-0.0224876 
-0.0200948 
-0.0169826 
-0.0131273 
-0.00851575 
-0.00316653 
0.00279985 
0.00896677 
0.0148064 
0.0199412 
0.0241769 
0.0275657 
0.0302751 
0.0324685 
0.0342831 
0.0358081 
0.0370683 
0.0380008 
0.0384751 
0.0382377 
0.0370873 
0.0370873 
0.0723254 
0.0723254 
0.0655817 
0.0580281 
0.0500706 
0.0415645 
0.0324866 
0.0229988 
0.0134022 
0.00401542 
-0.0049087 
-0.0130173 
-0.0199071 
-0.0251726 
-0.028506 
-0.0298366 
-0.029409 
-0.0277287 
-0.0253908 
-0.0228978 
-0.0205628 
-0.0185228 
-0.0168054 
-0.0153916 
-0.0142507 
-0.0133554 
-0.0126842 
-0.0122252 
-0.0119853 
-0.0119681 
-0.0121731 
-0.0126043 
-0.0132775 
-0.0142114 
-0.0154193 
-0.0168915 
-0.0185663 
-0.0203057 
-0.0219056 
-0.0231526 
-0.0238923 
-0.0240558 
-0.0236301 
-0.0226125 
-0.0209857 
-0.0187171 
-0.0157723 
-0.0121286 
-0.00779053 
-0.00281695 
0.00262748 
0.00821616 
0.0135667 
0.0183552 
0.0223916 
0.0256751 
0.0283226 
0.0304714 
0.0322417 
0.0337107 
0.0348973 
0.0357454 
0.0361326 
0.0358464 
0.0347702 
0.0347702 
0.0655632 
0.0655632 
0.0594489 
0.0524362 
0.0450469 
0.0372673 
0.0290901 
0.0206317 
0.0121009 
0.00372748 
-0.00427662 
-0.0115922 
-0.0178356 
-0.0226188 
-0.0256483 
-0.0268517 
-0.0264479 
-0.0248966 
-0.0227436 
-0.0204516 
-0.0183102 
-0.016445 
-0.0148805 
-0.0135978 
-0.0125677 
-0.0117642 
-0.0111673 
-0.0107646 
-0.0105656 
-0.0105758 
-0.0107941 
-0.0112263 
-0.0118901 
-0.0128051 
-0.0139834 
-0.0154086 
-0.0170055 
-0.018622 
-0.0200541 
-0.021114 
-0.021689 
-0.0217461 
-0.0212895 
-0.0203172 
-0.018807 
-0.0167238 
-0.0140366 
-0.0107338 
-0.00683814 
-0.00242599 
0.00234647 
0.00722967 
0.0119405 
0.0162243 
0.0199199 
0.0229952 
0.0255142 
0.0275743 
0.0292671 
0.0306518 
0.0317388 
0.0324785 
0.0327627 
0.0324342 
0.0314584 
0.0314584 
0.0571343 
0.0571343 
0.051807 
0.0455651 
0.038973 
0.0321132 
0.0250004 
0.0177091 
0.0103726 
0.00314847 
-0.00377883 
-0.0101184 
-0.0155226 
-0.0196428 
-0.0222225 
-0.0232067 
-0.022797 
-0.0214018 
-0.0194993 
-0.0174904 
-0.0156227 
-0.0140014 
-0.0126451 
-0.011536 
-0.0106482 
-0.00995875 
-0.00945046 
-0.00911214 
-0.00895327 
-0.00898174 
-0.00919614 
-0.00960318 
-0.0102212 
-0.0110689 
-0.0121558 
-0.0134595 
-0.0148968 
-0.0163139 
-0.0175228 
-0.0183701 
-0.0187822 
-0.018752 
-0.0182931 
-0.0174039 
-0.0160621 
-0.0142364 
-0.0119024 
-0.00905768 
-0.00573357 
-0.00200654 
0.00199245 
0.0060805 
0.0100518 
0.013714 
0.0169391 
0.0196829 
0.0219705 
0.0238596 
0.0254102 
0.0266602 
0.0276113 
0.0282202 
0.0284001 
0.0280517 
0.0272053 
0.0272053 
0.0470166 
0.0470166 
0.0426365 
0.0374119 
0.0318736 
0.0261525 
0.0202809 
0.014305 
0.00830414 
0.00238382 
-0.00329862 
-0.00848669 
-0.0128798 
-0.0161874 
-0.0182086 
-0.0189182 
-0.0185018 
-0.0173061 
-0.0157238 
-0.0140755 
-0.0125536 
-0.0112368 
-0.0101368 
-0.00923819 
-0.00852015 
-0.00796409 
-0.00755655 
-0.00728846 
-0.00716844 
-0.00720547 
-0.00739805 
-0.00775328 
-0.0082881 
-0.00901895 
-0.00995234 
-0.0110628 
-0.0122679 
-0.0134263 
-0.0143783 
-0.0150083 
-0.0152742 
-0.0151854 
-0.01476 
-0.0139986 
-0.0128832 
-0.011389 
-0.00949841 
-0.0072125 
-0.00455973 
-0.00160218 
0.0015625 
0.00480345 
0.00797093 
0.0109256 
0.0135709 
0.0158626 
0.0178026 
0.0194188 
0.0207437 
0.0217966 
0.0225725 
0.023036 
0.023126 
0.0227929 
0.0221042 
0.0221042 
0.0352706 
0.0352706 
0.0319884 
0.0280188 
