0 
-0.000806916 
0.000170147 
0.0013173 
0.00174221 
0.00192288 
0.00200814 
0.00202852 
0.00201741 
0.0019912 
0.00196156 
0.00193479 
0.00191391 
0.00189955 
0.00189078 
0.00188568 
0.00188176 
0.00187621 
0.00186613 
0.00184866 
0.00182115 
0.00178118 
0.0017267 
0.0016561 
0.00156825 
0.00146253 
0.00133887 
0.00119774 
0.00104011 
0.000867444 
0.000681585 
0.000484747 
0.000279415 
6.84996e-05 
-0.000143441 
-0.000353437 
-0.000560162 
-0.000762308 
-0.000958381 
-0.00114696 
-0.0013267 
-0.0014962 
-0.00165383 
-0.0017975 
-0.00192455 
-0.0020316 
-0.00211464 
-0.00216907 
-0.00219003 
-0.00217261 
-0.0021123 
-0.00200587 
-0.00185413 
-0.00166739 
-0.00146862 
-0.00128406 
-0.00112364 
-0.00097513 
-0.000822047 
-0.000660956 
-0.000500076 
-0.000350435 
-0.000222365 
-0.000127369 
-7.2884e-05 
0 
0.000806916 
0.000806916 
-0.000170147 
-0.0013173 
-0.00174221 
-0.00192288 
-0.00200814 
-0.00202852 
-0.00201741 
-0.0019912 
-0.00196156 
-0.00193479 
-0.00191391 
-0.00189955 
-0.00189078 
-0.00188568 
-0.00188176 
-0.00187621 
-0.00186613 
-0.00184866 
-0.00182115 
-0.00178118 
-0.0017267 
-0.0016561 
-0.00156825 
-0.00146253 
-0.00133887 
-0.00119774 
-0.00104011 
-0.000867444 
-0.000681585 
-0.000484747 
-0.000279415 
-6.84996e-05 
0.000143441 
0.000353437 
0.000560162 
0.000762308 
0.000958381 
0.00114696 
0.0013267 
0.0014962 
0.00165383 
0.0017975 
0.00192455 
0.0020316 
0.00211464 
0.00216907 
0.00219003 
0.00217261 
0.0021123 
0.00200587 
0.00185413 
0.00166739 
0.00146862 
0.00128406 
0.00112364 
0.00097513 
0.000822047 
0.000660956 
0.000500076 
0.000350435 
0.000222365 
0.000127369 
7.2884e-05 
7.2884e-05 
0.0014759 
0.0014759 
-0.00155294 
-0.003339 
-0.004419 
-0.00497101 
-0.00524228 
-0.00532985 
-0.00532176 
-0.00526841 
-0.00520441 
-0.0051493 
-0.0051127 
-0.00509712 
-0.00510032 
-0.00511707 
-0.00514029 
-0.00516188 
-0.00517336 
-0.00516623 
-0.00513237 
-0.00506433 
-0.00495558 
-0.00480075 
-0.00459581 
-0.0043382 
-0.0040269 
-0.00366242 
-0.00324678 
-0.00278339 
-0.00227688 
-0.00173286 
-0.00115772 
-0.000558176 
5.7545e-05 
0.000681079 
0.00130628 
0.00192739 
0.00253889 
0.00313573 
0.00371298 
0.00426538 
0.00478687 
0.00526998 
0.0057053 
0.00608128 
0.00638432 
0.00659926 
0.00671035 
0.00670239 
0.00656236 
0.00628252 
0.00586795 
0.00534955 
0.00478962 
0.00425624 
0.00377595 
0.00332315 
0.00286414 
0.00239584 
0.00193778 
0.0015148 
0.00114866 
0.000869847 
0.000706512 
0.000706512 
-0.000900823 
-0.000900823 
-0.0035556 
-0.00557775 
-0.00699635 
-0.00779422 
-0.00819142 
-0.00832089 
-0.00830703 
-0.00822946 
-0.008142 
-0.00807509 
-0.00804314 
-0.00804916 
-0.00808863 
-0.00815222 
-0.00822773 
-0.00830139 
-0.00835877 
-0.00838548 
-0.00836772 
-0.00829279 
-0.00814954 
-0.00792876 
-0.00762343 
-0.00722906 
-0.00674368 
-0.00616794 
-0.00550497 
-0.0047603 
-0.00394155 
-0.00305811 
-0.0021207 
-0.00114057 
-0.00012956 
0.000900625 
0.00193846 
0.0029735 
0.00399636 
0.00499856 
0.00597195 
0.00690794 
0.00779657 
0.00862544 
0.00937871 
0.0100366 
0.0105756 
0.0109691 
0.0111894 
0.0112103 
0.0110099 
0.0105767 
0.0099213 
0.00909493 
0.00819419 
0.00732002 
0.00651028 
0.00573087 
0.00494076 
0.00414037 
0.00335737 
0.00262492 
0.00197957 
0.00148131 
0.00118412 
0.00118412 
-0.00271057 
-0.00271057 
-0.00556191 
-0.00786141 
-0.00944426 
-0.010333 
-0.0107513 
-0.0108654 
-0.0108233 
-0.0107228 
-0.0106288 
-0.0105766 
-0.0105809 
-0.0106421 
-0.0107514 
-0.010894 
-0.0110517 
-0.0112046 
-0.0113322 
-0.0114143 
-0.0114314 
-0.0113658 
-0.0112019 
-0.0109267 
-0.0105307 
-0.0100074 
-0.00935442 
-0.00857258 
-0.00766649 
-0.00664401 
-0.00551608 
-0.00429626 
-0.00300023 
-0.00164505 
-0.000248912 
0.00117039 
0.00259761 
0.00401897 
0.00542224 
0.00679669 
0.00813239 
0.00941908 
0.0106447 
0.0117936 
0.0128452 
0.0137725 
0.0145424 
0.0151166 
0.0154546 
0.0155174 
0.0152735 
0.0147069 
0.0138344 
0.0127273 
0.0115131 
0.0103169 
0.00918079 
0.00806452 
0.00692799 
0.00577933 
0.00465114 
0.00358401 
0.00262517 
0.00186264 
0.00139373 
0.00139373 
-0.00508756 
-0.00508756 
-0.00793819 
-0.0102536 
-0.0118041 
-0.012643 
-0.0130002 
-0.0130604 
-0.0129827 
-0.0128726 
-0.0127979 
-0.0127923 
-0.0128668 
-0.013016 
-0.013225 
-0.0134727 
-0.013735 
-0.0139863 
-0.0142005 
-0.0143519 
-0.0144161 
-0.0143707 
-0.0141959 
-0.0138754 
-0.0133969 
-0.0127525 
-0.011939 
-0.0109578 
-0.00981486 
-0.00852038 
-0.00708859 
-0.00553729 
-0.0038872 
-0.00216127 
-0.000383974 
0.00142277 
0.00323792 
0.00504209 
0.00681838 
0.00855266 
0.0102329 
0.0118478 
0.0133846 
0.014827 
0.016152 
0.0173282 
0.0183151 
0.0190638 
0.0195209 
0.0196343 
0.0193611 
0.0186806 
0.0176159 
0.0162589 
0.0147638 
0.0132706 
0.0118173 
0.0103597 
0.00886654 
0.00735453 
0.00585493 
0.00440062 
0.00304738 
0.00192503 
0.00119313 
0.00119313 
-0.00707029 
-0.00707029 
-0.010106 
-0.0124306 
-0.0138835 
-0.0146149 
-0.0148779 
-0.0148753 
-0.0147717 
-0.014674 
-0.0146466 
-0.0147172 
-0.0148891 
-0.0151496 
-0.0154771 
-0.0158447 
-0.0162232 
-0.0165821 
-0.0168908 
-0.017119 
-0.0172376 
-0.0172197 
-0.0170414 
-0.0166831 
-0.0161297 
-0.0153716 
-0.0144051 
-0.0132318 
-0.011859 
-0.0102991 
-0.00856943 
-0.00669192 
-0.00469224 
-0.00259915 
-0.000443701 
0.00174391 
0.00393603 
0.00610769 
0.00823775 
0.0103091 
0.0123081 
0.0142228 
0.0160405 
0.0177452 
0.0193134 
0.0207112 
0.0218924 
0.0227994 
0.0233666 
0.0235285 
0.0232308 
0.0224479 
0.0212106 
0.0196323 
0.01789 
0.0161274 
0.0143714 
0.0125782 
0.0107309 
0.00884903 
0.0069356 
0.00501314 
0.00317179 
0.00154953 
0.000401322 
0.000401322 
-0.00910711 
-0.00910711 
-0.0122242 
-0.0144482 
-0.0157286 
-0.016311 
-0.0164642 
-0.016402 
-0.0162872 
-0.0162221 
-0.016263 
-0.0164276 
-0.0167103 
-0.0170909 
-0.0175418 
-0.0180317 
-0.0185277 
-0.0189956 
-0.0194011 
-0.0197096 
-0.0198876 
-0.0199038 
-0.0197301 
-0.019343 
-0.0187249 
-0.0178643 
-0.0167566 
-0.0154038 
-0.0138141 
-0.0120019 
-0.00998754 
-0.00779661 
-0.00545969 
-0.00301128 
-0.0004886 
0.00207265 
0.00463637 
0.00717001 
0.00964634 
0.012044 
0.0143469 
0.0165424 
0.0186185 
0.0205603 
0.0223451 
0.0239383 
0.0252901 
0.0263354 
0.0269981 
0.0271999 
0.0268758 
0.0259971 
0.0246052 
0.0228365 
0.0208845 
0.0188847 
0.0168483 
0.0147395 
0.0125548 
0.0102843 
0.00789837 
0.00543548 
0.00297142 
0.000636064 
-0.00116461 
-0.00116461 
-0.0108296 
-0.0108296 
-0.0140518 
-0.0161596 
-0.0172632 
-0.0177052 
-0.0177632 
-0.01766 
-0.0175524 
-0.0175361 
-0.0176565 
-0.0179212 
-0.0183156 
-0.0188133 
-0.0193828 
-0.0199898 
-0.0205987 
-0.0211729 
-0.0216745 
-0.022065 
-0.0223064 
-0.0223629 
-0.0222017 
-0.0217957 
-0.021124 
-0.0201734 
-0.0189383 
-0.0174206 
-0.0156294 
-0.0135805 
-0.0112964 
-0.00880632 
-0.00614514 
-0.00335277 
-0.000472759 
0.00244955 
0.00536895 
0.00824597 
0.0110485 
0.0137519 
0.0163381 
0.0187936 
0.0211069 
0.0232638 
0.0252428 
0.0270088 
0.0285092 
0.0296728 
0.0304137 
0.0306424 
0.0302851 
0.0293135 
0.0277845 
0.0258586 
0.0237365 
0.0215336 
0.0192477 
0.0168578 
0.0143465 
0.0116547 
0.00875282 
0.00563617 
0.00231709 
-0.000998148 
-0.00356493 
-0.00356493 
-0.0123767 
-0.0123767 
-0.0156455 
-0.0176044 
-0.0185325 
-0.01885 
-0.0188312 
-0.0187043 
-0.0186164 
-0.0186557 
-0.0188558 
-0.0192151 
-0.0197119 
-0.0203155 
-0.0209919 
-0.0217052 
-0.0224185 
-0.0230926 
-0.0236868 
-0.0241588 
-0.0244663 
-0.0245683 
-0.0244278 
-0.0240133 
-0.0233009 
-0.0222753 
-0.0209298 
-0.0192662 
-0.0172938 
-0.0150294 
-0.0124973 
-0.00972939 
-0.00676505 
-0.00364925 
-0.000431284 
0.00283563 
0.00609529 
0.00929976 
0.0124114 
0.0154023 
0.0182529 
0.0209498 
0.023482 
0.0258363 
0.0279915 
0.0299121 
0.0315426 
0.0328059 
0.0336074 
0.033848 
0.0334487 
0.0323873 
0.0307423 
0.028697 
0.026447 
0.0240788 
0.0215863 
0.0189496 
0.0161088 
0.0129782 
0.00945268 
0.00545213 
0.00102429 
-0.00335029 
-0.0065916 
-0.0065916 
-0.0136307 
-0.0136307 
-0.0169278 
-0.0187447 
-0.0195283 
-0.0197537 
-0.0196843 
-0.0195519 
-0.0194923 
-0.0195873 
-0.01986 
-0.0203017 
-0.020886 
-0.0215797 
-0.0223478 
-0.0231538 
-0.0239597 
-0.0247247 
-0.0254054 
-0.025956 
-0.0263299 
-0.0264814 
-0.0263687 
-0.0259561 
-0.0252162 
-0.0241316 
-0.0226942 
-0.0209055 
-0.0187745 
-0.0163183 
-0.0135622 
-0.0105403 
-0.00729597 
-0.00387833 
-0.000342537 
0.00324592 
0.00681931 
0.0103232 
0.0137165 
0.0169696 
0.0200623 
0.0229812 
0.0257154 
0.0282519 
0.0305691 
0.03263 
0.0343753 
0.0357216 
0.0365665 
0.036804 
0.0363544 
0.0352098 
0.0334764 
0.0313545 
0.0290192 
0.0265287 
0.0238734 
0.0210114 
0.0178332 
0.014155 
0.00978002 
0.00465144 
-0.000956266 
-0.00620749 
-0.00998582 
-0.00998582 
-0.0146364 
-0.0146364 
-0.0179254 
-0.0196113 
-0.0202842 
-0.0204477 
-0.0203511 
-0.0202265 
-0.0201983 
-0.0203431 
-0.0206758 
-0.0211837 
-0.0218372 
-0.0226028 
-0.0234448 
-0.0243271 
-0.0252111 
-0.0260548 
-0.0268127 
-0.0274361 
-0.0278742 
-0.0280771 
-0.027998 
-0.027597 
-0.0268432 
-0.0257163 
-0.0242072 
-0.0223163 
-0.0200523 
-0.0174318 
-0.0144801 
-0.0112335 
-0.00773931 
-0.00405049 
-0.000226852 
0.00365389 
0.00751093 
0.0112839 
0.01493 
0.0184192 
0.0217319 
0.0248546 
0.0277761 
0.0304826 
0.0329507 
0.0351401 
0.0369868 
0.0384009 
0.0392725 
0.0394924 
0.0389878 
0.037774 
0.0359883 
0.0338356 
0.031459 
0.0288885 
0.0261085 
0.0230249 
0.0194136 
0.0149793 
0.00953067 
0.00319731 
-0.00342245 
-0.00934203 
-0.0135694 
-0.0135694 
-0.0153696 
-0.0153696 
-0.0186279 
-0.020209 
-0.0208115 
-0.0209439 
-0.0208429 
-0.0207368 
-0.0207404 
-0.0209267 
-0.0213049 
-0.0218615 
-0.0225653 
-0.0233832 
-0.0242803 
-0.0252206 
-0.0261657 
-0.0270732 
-0.027896 
-0.028583 
-0.0290802 
-0.0293336 
-0.0292922 
-0.0289115 
-0.0281566 
-0.0270045 
-0.0254437 
-0.0234741 
-0.0211034 
-0.0183472 
-0.0152301 
-0.0117891 
-0.00807664 
-0.00414914 
-7.35372e-05 
0.00405648 
0.00815245 
0.0121541 
0.0160191 
0.0197178 
0.0232295 
0.0265399 
0.0296361 
0.0325021 
0.0351112 
0.0374185 
0.0393535 
0.0408196 
0.0417017 
0.0418922 
0.0413347 
0.0400757 
0.0382822 
0.036147 
0.0337672 
0.0311619 
0.0282776 
0.0249012 
0.0206766 
0.0152722 
0.00865014 
0.00122415 
-0.00617638 
-0.0126108 
-0.0172213 
-0.0172213 
-0.0158514 
-0.0158514 
-0.0190589 
-0.020564 
-0.0211326 
-0.0212596 
-0.0211731 
-0.021093 
-0.0211267 
-0.0213449 
-0.0217543 
-0.0223422 
-0.0230775 
-0.0239284 
-0.0248607 
-0.0258395 
-0.0268269 
-0.0277805 
-0.0286527 
-0.0293909 
-0.0299389 
-0.0302394 
-0.0302373 
-0.0298839 
-0.0291401 
-0.0279792 
-0.0263875 
-0.024363 
-0.021913 
-0.0190521 
-0.0158032 
-0.012202 
-0.0083065 
-0.00417989 
9.83959e-05 
0.00442353 
0.00870996 
0.0129008 
0.016954 
0.020838 
0.0245303 
0.0280138 
0.0312731 
0.0342885 
0.0370283 
0.0394415 
0.0414503 
0.0429516 
0.0438275 
0.0439807 
0.0433819 
0.0421164 
0.0403663 
0.0382874 
0.0359511 
0.0333459 
0.0303189 
0.0265072 
0.0214708 
0.0149704 
0.00722584 
-0.0010888 
-0.00906395 
-0.0159118 
-0.0208502 
-0.0208502 
-0.0160893 
-0.0160893 
-0.0192299 
-0.0206909 
-0.0212589 
-0.0214038 
-0.021349 
-0.0213014 
-0.0213641 
-0.0216054 
-0.0220331 
-0.0226361 
-0.0233852 
-0.0242502 
-0.0251981 
-0.0261954 
-0.0272052 
-0.0281859 
-0.0290901 
-0.0298649 
-0.0304528 
-0.030794 
-0.0308302 
-0.0305084 
-0.0297854 
-0.0286305 
-0.0270268 
-0.0249703 
-0.0224675 
-0.0195334 
-0.0161898 
-0.0124688 
-0.00843009 
-0.00415027 
0.000271846 
0.00473434 
0.00916581 
0.0135103 
0.0177231 
0.0217694 
0.0256233 
0.0292644 
0.0326731 
0.0358247 
0.0386812 
0.0411838 
0.0432475 
0.0447647 
0.0456218 
0.0457412 
0.0451294 
0.0438987 
0.0422391 
0.0402664 
0.0380149 
0.0354057 
0.032139 
0.0277217 
0.021729 
0.014125 
0.0054061 
-0.00358818 
-0.0119936 
-0.0191729 
-0.02439 
-0.02439 
-0.0160865 
-0.0160865 
-0.0191711 
-0.0206162 
-0.0212078 
-0.0213887 
-0.0213776 
-0.0213674 
-0.0214586 
-0.0217171 
-0.0221531 
-0.0227581 
-0.0235057 
-0.0243675 
-0.0253121 
-0.0263077 
-0.0273187 
-0.0283054 
-0.0292218 
-0.0300156 
-0.0306295 
-0.0310024 
-0.0310739 
-0.0307875 
-0.0300957 
-0.0289635 
-0.0273697 
-0.0253048 
-0.0227765 
-0.0198012 
-0.0164028 
-0.012613 
-0.00848593 
-0.00410264 
0.000419274 
0.0049801 
0.00951998 
0.0139843 
0.018327 
0.02251 
0.0265039 
0.0302837 
0.0338248 
0.0370957 
0.0400509 
0.0426233 
0.0447218 
0.046238 
0.0470622 
0.047153 
0.0465644 
0.0454329 
0.043915 
0.0420892 
0.0399433 
0.037281 
0.0336453 
0.0284794 
0.0214769 
0.0128571 
0.00334062 
-0.00617031 
-0.0149024 
-0.0223372 
-0.0277884 
-0.0277884 
-0.0158562 
-0.0158562 
-0.0189035 
-0.0203561 
-0.0209894 
-0.0212219 
-0.021265 
-0.0212979 
-0.0214181 
-0.0216898 
-0.0221267 
-0.0227232 
-0.0234562 
-0.0242996 
-0.0252241 
-0.0261995 
-0.0271925 
-0.0281653 
-0.0290742 
-0.0298687 
-0.0304925 
-0.0308845 
-0.0309829 
-0.0307287 
-0.0300705 
-0.0289688 
-0.0273986 
-0.0253496 
-0.0228259 
-0.0198437 
-0.0164298 
-0.0126217 
-0.00847264 
-0.00405494 
0.00052127 
0.005152 
0.00977263 
0.0143297 
0.0187756 
0.0230702 
0.0271802 
0.0310759 
0.0347259 
0.038091 
0.0411168 
0.0437279 
0.0458299 
0.0473209 
0.048118 
0.0482206 
0.0477139 
0.046732 
0.0453966 
0.04375 
0.0417011 
0.0389047 
0.034778 
0.0287846 
0.0208063 
0.0113079 
0.00114942 
-0.00876536 
-0.0177416 
-0.0253594 
-0.0310027 
-0.0310027 
-0.0154143 
-0.0154143 
-0.0184442 
-0.0199239 
-0.020614 
-0.0209114 
-0.0210183 
-0.0211006 
-0.0212527 
-0.0215368 
-0.0219705 
-0.0225512 
-0.0232597 
-0.0240721 
-0.0249614 
-0.0258997 
-0.0268559 
-0.027795 
-0.0286764 
-0.0294526 
-0.0300696 
-0.030468 
-0.030586 
-0.0303629 
-0.0297445 
-0.0286868 
-0.02716 
-0.0251498 
-0.022658 
-0.0197005 
-0.0163053 
-0.0125137 
-0.00838101 
-0.00397854 
0.000599103 
0.00525691 
0.00992236 
0.0145401 
0.0190595 
0.0234376 
0.0276365 
0.0316204 
0.0353505 
0.0387791 
0.0418434 
0.0444637 
0.0465487 
0.0480124 
0.0488059 
0.0489643 
0.0485887 
0.0477977 
0.0466799 
0.0452286 
0.0432409 
0.0402234 
0.0355243 
0.0286987 
0.0198382 
0.00960309 
-0.00107818 
-0.0113208 
-0.0204689 
-0.0281987 
-0.0339935 
-0.0339935 
-0.014778 
-0.014778 
-0.0178088 
-0.0193316 
-0.0200908 
-0.0204643 
-0.0206441 
-0.0207832 
-0.0209719 
-0.0212707 
-0.0217003 
-0.0222617 
-0.0229391 
-0.0237115 
-0.0245542 
-0.0254414 
-0.0263445 
-0.0272319 
-0.0280664 
-0.0288045 
-0.0293959 
-0.0297843 
-0.0299095 
-0.0297108 
-0.0291321 
-0.0281258 
-0.0266577 
-0.0247094 
-0.0222791 
-0.0193807 
-0.0160424 
-0.0123061 
-0.00822625 
-0.00387167 
0.00067164 
0.00531624 
0.00998952 
0.0146329 
0.0191925 
0.0236213 
0.0278759 
0.0319137 
0.0356882 
0.0391437 
0.0422123 
0.0448145 
0.0468698 
0.048316 
0.049139 
0.0493979 
0.0491943 
0.0486274 
0.0477519 
0.0464917 
0.0445158 
0.0412108 
0.035916 
0.0283175 
0.0186963 
0.00784457 
-0.00327606 
-0.0137897 
-0.0230405 
-0.0308141 
-0.0367204 
-0.0367204 
-0.0139642 
-0.0139642 
-0.0170121 
-0.0185909 
-0.019429 
-0.0198878 
-0.0201488 
-0.0203527 
-0.0205849 
-0.0209035 
-0.0213319 
-0.0218741 
-0.0225181 
-0.0232455 
-0.024034 
-0.0248599 
-0.0256973 
-0.0265177 
-0.0272879 
-0.0279693 
-0.0285162 
-0.028877 
-0.0289947 
-0.0288107 
-0.0282682 
-0.0273173 
-0.0259198 
-0.0240522 
-0.0217083 
-0.0188987 
-0.0156497 
-0.0120022 
-0.00800924 
-0.0037364 
0.000738144 
0.00533321 
0.00997709 
0.014609 
0.0191718 
0.023614 
0.0278862 
0.0319391 
0.0357191 
0.0391652 
0.042208 
0.0447745 
0.0468006 
0.0482507 
0.0491383 
0.0495342 
0.0495322 
0.0492123 
0.0485887 
0.0474988 
0.045489 
0.0418682 
0.0360132 
0.0277452 
0.0174861 
0.00610216 
-0.00539932 
-0.0161241 
-0.0254064 
-0.0331593 
-0.0391384 
-0.0391384 
-0.01299 
-0.01299 
-0.0160691 
-0.017714 
-0.0186382 
-0.0191894 
-0.0195386 
-0.0198154 
-0.0200992 
-0.0204453 
-0.0208787 
-0.0214059 
-0.0220184 
-0.0227003 
-0.0234317 
-0.0241907 
-0.0249541 
-0.0256964 
-0.0263886 
-0.0269969 
-0.0274814 
-0.027796 
-0.0278891 
-0.0277054 
-0.02719 
-0.0262921 
-0.0249704 
-0.0231967 
-0.0209595 
-0.0182646 
-0.0151343 
-0.0116066 
-0.00773164 
-0.0035716 
0.000801363 
0.00531166 
0.00988936 
0.0144715 
0.0189982 
0.0234134 
0.0276624 
0.0316899 
0.0354374 
0.0388417 
0.0418366 
0.0443601 
0.0463669 
0.0478447 
0.0488255 
0.0493823 
0.0495996 
0.0495367 
0.0491578 
0.0482086 
0.0461365 
0.0422154 
0.0358843 
0.0270768 
0.016295 
0.00443262 
-0.0074018 
-0.0182631 
-0.0275063 
-0.0351808 
-0.0411958 
-0.0411958 
-0.0118731 
-0.0118731 
-0.0149957 
-0.0167144 
-0.0177294 
-0.0183773 
-0.0188202 
-0.019177 
-0.0195211 
-0.0199041 
-0.0203513 
-0.0208713 
-0.0214584 
-0.0220989 
-0.0227751 
-0.0234669 
-0.0241532 
-0.0248115 
-0.0254165 
-0.0259394 
-0.0263464 
-0.0265978 
-0.0266483 
-0.0264482 
-0.0259461 
-0.0250927 
-0.023845 
-0.0221712 
-0.0200543 
-0.0174939 
-0.014507 
-0.0111265 
-0.0073987 
-0.00338145 
0.000858562 
0.00525059 
0.00972621 
0.0142208 
0.0186719 
0.0230199 
0.0272055 
0.0311697 
0.0348514 
0.0381887 
0.0411223 
0.043603 
0.0456032 
0.0471279 
0.0482192 
0.0489487 
0.0493904 
0.0495789 
0.0494227 
0.0485841 
0.0464437 
0.0422751 
0.0355849 
0.0263804 
0.0151809 
0.00286944 
-0.00923844 
-0.0201321 
-0.0292687 
-0.036817 
-0.0428343 
-0.0428343 
-0.0106323 
-0.0106323 
-0.0138094 
-0.0156074 
-0.0167153 
-0.0174615 
-0.0180007 
-0.0184431 
-0.0188554 
-0.0192853 
-0.0197572 
-0.0202806 
-0.020852 
-0.0214597 
-0.0220875 
-0.0227169 
-0.0233287 
-0.0239027 
-0.0244172 
-0.0248479 
-0.0251669 
-0.0253411 
-0.0253324 
-0.0250981 
-0.0245922 
-0.0237689 
-0.022586 
-0.0210098 
-0.0190182 
-0.0166049 
-0.0137799 
-0.0105696 
-0.00701479 
-0.00316804 
0.000909144 
0.00515064 
0.00948963 
0.0138601 
0.018198 
0.0224408 
0.0265267 
0.0303946 
0.033984 
0.0372368 
0.0401021 
0.0425432 
0.0445467 
0.0461291 
0.0473375 
0.0482394 
0.048897 
0.0493158 
0.049349 
0.0485946 
0.0463991 
0.0420582 
0.0351413 
0.0256931 
0.0141975 
0.00145921 
-0.0108467 
-0.0216398 
-0.0306121 
-0.0380014 
-0.0439924 
-0.0439924 
-0.00928789 
-0.00928789 
-0.0125292 
-0.0144106 
-0.0156113 
-0.0164544 
-0.0170897 
-0.0176201 
-0.0181066 
-0.0185924 
-0.0191002 
-0.0196395 
-0.0202078 
-0.0207948 
-0.0213854 
-0.0219624 
-0.0225078 
-0.0230033 
-0.0234301 
-0.0237681 
-0.0239946 
-0.024083 
-0.0240026 
-0.0237181 
-0.0231905 
-0.0223796 
-0.0212464 
-0.0197571 
-0.0178871 
-0.0156245 
-0.0129722 
-0.00994916 
-0.00658876 
-0.00293702 
0.000950579 
0.00501258 
0.00918359 
0.013397 
0.0175878 
0.0216923 
0.0256477 
0.0293931 
0.0328704 
0.0360269 
0.0388201 
0.041224 
0.0432354 
0.0448776 
0.0461992 
0.0472622 
0.0481138 
0.0487278 
0.0489105 
0.0482184 
0.0459911 
0.0415597 
0.0345456 
0.0250016 
0.0133466 
0.000265642 
-0.0121288 
-0.0226829 
-0.0314522 
-0.0386696 
-0.0446128 
-0.0446128 
-0.00786169 
-0.00786169 
-0.0111766 
-0.0131442 
-0.0144359 
-0.0153718 
-0.0160994 
-0.0167168 
-0.0172803 
-0.0178286 
-0.0183823 
-0.0189499 
-0.0195289 
-0.0201098 
-0.0206779 
-0.0212167 
-0.0217088 
-0.0221373 
-0.0224856 
-0.0227369 
-0.0228732 
-0.0228739 
-0.0227151 
-0.0223691 
-0.0218046 
-0.0209881 
-0.0198857 
-0.0184665 
-0.0167053 
-0.0145868 
-0.012108 
-0.00927989 
-0.00612797 
-0.00269039 
0.000984689 
0.00484152 
0.00881694 
0.0128446 
0.0168597 
0.0207986 
0.0245991 
0.028202 
0.0315529 
0.0346049 
0.037323 
0.0396893 
0.0417073 
0.0434042 
0.044827 
0.0460297 
0.0470415 
0.0478061 
0.0480953 
0.0474463 
0.0452109 
0.0407536 
0.0337395 
0.0242446 
0.0125791 
-0.000632799 
-0.0129015 
-0.0231649 
-0.0317133 
-0.0387675 
-0.0446483 
-0.0446483 
-0.00637689 
-0.00637689 
-0.0097746 
-0.0118308 
-0.0132106 
-0.0142333 
-0.0150465 
-0.015746 
-0.016385 
-0.0169986 
-0.017605 
-0.0182112 
-0.0188142 
-0.019404 
-0.0199662 
-0.020484 
-0.0209401 
-0.0213182 
-0.0216029 
-0.02178 
-0.0218353 
-0.0217533 
-0.0215166 
-0.0211044 
-0.0204931 
-0.0196564 
-0.0185668 
-0.0171981 
-0.0155273 
-0.0135381 
-0.0112236 
-0.00858838 
-0.00564969 
-0.00243703 
0.00101012 
0.00464279 
0.00840103 
0.0122203 
0.0160372 
0.0197893 
0.0234166 
0.0268627 
0.0300771 
0.0330184 
0.0356578 
0.0379833 
0.0400024 
0.041743 
0.0432482 
0.0445612 
0.0456918 
0.0465584 
0.0469124 
0.0462899 
0.0440629 
0.0396399 
0.0327078 
0.0233204 
0.0117453 
-0.0010831 
-0.0129454 
-0.0229905 
-0.0313434 
-0.0382596 
-0.0440742 
-0.0440742 
-0.00485733 
-0.00485733 
-0.00834678 
-0.0104944 
-0.0119595 
-0.013062 
-0.0139521 
-0.0147254 
-0.015434 
-0.016111 
-0.0167724 
-0.0174235 
-0.0180604 
-0.0186725 
-0.0192448 
-0.0197598 
-0.0201996 
-0.0205474 
-0.0207883 
-0.0209095 
-0.0208993 
-0.0207468 
-0.0204397 
-0.019964 
-0.0193029 
-0.0184374 
-0.0173467 
-0.0160102 
-0.0144089 
-0.0125281 
-0.0103596 
-0.00790366 
-0.00517126 
-0.00218386 
0.0010281 
0.00442422 
0.00795006 
0.0115445 
0.0151468 
0.0186972 
0.0221385 
0.0254177 
0.0284887 
0.0313146 
0.0338715 
0.036151 
0.0381625 
0.039932 
0.0414959 
0.0428847 
0.0440902 
0.0450125 
0.0453966 
0.0447904 
0.0426013 
0.0382226 
0.03138 
0.022196 
0.0110022 
-0.00116695 
-0.0124775 
-0.0222215 
-0.0303695 
-0.0371551 
-0.042908 
-0.042908 
-0.00332583 
-0.00332583 
-0.0069159 
-0.00915833 
-0.0107073 
-0.0118833 
-0.0128409 
-0.0136778 
-0.0144469 
-0.0151806 
-0.0158937 
-0.0165905 
-0.0172662 
-0.0179094 
-0.0185045 
-0.019033 
-0.0194759 
-0.0198154 
-0.0200356 
-0.0201237 
-0.0200695 
-0.0198647 
-0.0195017 
-0.0189721 
-0.0182657 
-0.0173701 
-0.0162713 
-0.0149543 
-0.0134052 
-0.0116124 
-0.00956862 
-0.00727251 
-0.0047304 
-0.00195719 
0.00102505 
0.0041841 
0.0074724 
0.0108342 
0.0142133 
0.0175537 
0.0208018 
0.0239087 
0.0268321 
0.0295394 
0.0320099 
0.0342373 
0.0362303 
0.0380111 
0.0396077 
0.0410372 
0.0422766 
0.0432165 
0.0436061 
0.0430155 
0.0408283 
0.0365257 
0.0298862 
0.0210512 
0.0104466 
-0.000905172 
-0.0115791 
-0.0209381 
-0.0288528 
-0.0355037 
-0.041195 
-0.041195 
-0.00180333 
-0.00180333 
-0.00550165 
-0.00784321 
-0.00947622 
-0.0107218 
-0.0117393 
-0.0126297 
-0.0134486 
-0.014229 
-0.014986 
-0.0157235 
-0.0164365 
-0.0171133 
-0.0177378 
-0.0182911 
-0.018753 
-0.0191042 
-0.0193273 
-0.019408 
-0.0193355 
-0.0191025 
-0.0187041 
-0.0181365 
-0.0173953 
-0.0164747 
-0.0153667 
-0.0140623 
-0.0125522 
-0.0108286 
-0.00888684 
-0.00672602 
-0.00435096 
-0.00177283 
0.000992395 
0.00392116 
0.00697465 
0.0101039 
0.0132583 
0.0163867 
0.0194399 
0.0223733 
0.0251482 
0.0277353 
0.030116 
0.0322844 
0.0342472 
0.0360209 
0.0376239 
0.0390618 
0.0403009 
0.0412299 
0.0416085 
0.0409857 
0.0388241 
0.0346608 
0.0283176 
0.0199649 
0.0100822 
-0.00040028 
-0.0103666 
-0.019261 
-0.0268958 
-0.0333918 
-0.0390136 
-0.0390136 
-0.000305045 
-0.000305045 
-0.0041178 
-0.00656313 
-0.0082829 
-0.00959732 
-0.0106707 
-0.0116072 
-0.0124663 
-0.013283 
-0.0140736 
-0.0148428 
-0.0155859 
-0.0162919 
-0.0169452 
-0.017527 
-0.0180168 
-0.0183942 
-0.0186401 
-0.0187378 
-0.0186745 
-0.0184415 
-0.018034 
-0.0174507 
-0.0166918 
-0.0157574 
-0.0146459 
-0.0133542 
-0.0118782 
-0.0102139 
-0.008359 
-0.00631413 
-0.00408352 
-0.00167598 
0.000896207 
0.00361464 
0.00644829 
0.00935591 
0.0122935 
0.0152158 
0.0180788 
0.0208421 
0.0234709 
0.0259382 
0.0282267 
0.0303299 
0.0322508 
0.0339995 
0.0355856 
0.0370048 
0.0382176 
0.0391144 
0.0394401 
0.0387893 
0.0366789 
0.0327126 
0.0267549 
0.0189923 
0.00990498 
0.000310743 
-0.00891626 
-0.0172926 
-0.0246036 
-0.0309184 
-0.0364572 
-0.0364572 
0.00115694 
0.00115694 
-0.00276917 
-0.00532295 
-0.00713396 
-0.00852028 
-0.00965005 
-0.0106304 
-0.0115245 
-0.0123698 
-0.0131848 
-0.0139757 
-0.0147391 
-0.0154655 
-0.0161406 
-0.0167468 
-0.0172645 
-0.0176736 
-0.0179539 
-0.018087 
-0.018057 
-0.0178522 
-0.0174654 
-0.0168942 
-0.0161404 
-0.0152083 
-0.0141025 
-0.0128261 
-0.0113805 
-0.00976594 
-0.00798294 
-0.00603416 
-0.00392524 
-0.00166529 
0.000734502 
0.00326081 
0.00589166 
0.00859277 
0.0113268 
0.0140544 
0.0167368 
0.0193377 
0.0218258 
0.024176 
0.0263717 
0.0284043 
0.0302731 
0.0319818 
0.0335318 
0.0349119 
0.0360788 
0.0369137 
0.0371751 
0.0365037 
0.0344767 
0.0307623 
0.0252583 
0.0181521 
0.00988792 
0.00117039 
-0.00730485 
-0.0151289 
-0.0220793 
-0.0281854 
-0.0336245 
-0.0336245 
0.00258423 
0.00258423 
-0.00145281 
-0.00411744 
-0.00602447 
-0.00748832 
-0.00867975 
-0.00970726 
-0.0106372 
-0.0115093 
-0.0123445 
-0.0131507 
-0.0139266 
-0.0146644 
-0.0153518 
-0.0159735 
-0.0165119 
-0.0169486 
-0.0172641 
-0.0174398 
-0.017458 
-0.0173036 
-0.0169653 
-0.0164366 
-0.0157172 
-0.0148116 
-0.0137284 
-0.0124773 
-0.0110664 
-0.00950174 
-0.00778727 
-0.00592692 
-0.00392609 
-0.00179281 
0.000462436 
0.00282679 
0.00528224 
0.0078013 
0.0103531 
0.0129044 
0.0154215 
0.0178725 
0.0202289 
0.0224675 
0.0245716 
0.0265307 
0.0283401 
0.0299975 
0.031498 
0.0328245 
0.033927 
0.0346829 
0.0348812 
0.0342055 
0.0322952 
0.0288752 
0.023868 
0.0174484 
0.0100078 
0.00213917 
-0.00559512 
-0.0128503 
-0.0194146 
-0.0252877 
-0.03061 
-0.03061 
0.00398882 
0.00398882 
-0.000159196 
-0.00293108 
-0.00493785 
-0.0064858 
-0.00774731 
-0.00883052 
-0.00980368 
-0.010708 
-0.0115666 
-0.0123889 
-0.0131755 
-0.0139207 
-0.0146143 
-0.0152433 
-0.0157931 
-0.0162476 
-0.0165901 
-0.0168036 
-0.016871 
-0.0167758 
-0.0165034 
-0.0160424 
-0.0153865 
-0.0145359 
-0.0134975 
-0.0122836 
-0.010909 
-0.00938715 
-0.00772826 
-0.00593992 
-0.00402945 
-0.00200603 
0.000119243 
0.00233442 
0.00463092 
0.00698628 
0.00937493 
0.0117685 
0.0141373 
0.0164528 
0.0186888 
0.0208237 
0.02284 
0.0247255 
0.0264716 
0.0280714 
0.0295142 
0.0307773 
0.0317999 
0.0324775 
0.0326222 
0.0319629 
0.0301971 
0.0270992 
0.0226081 
0.0168765 
0.010237 
0.00317849 
-0.00383887 
-0.0105248 
-0.016688 
-0.0223089 
-0.0274985 
-0.0274985 
0.0053928 
0.0053928 
0.00113195 
-0.00174247 
-0.00384935 
-0.00548766 
-0.00682876 
-0.00797929 
-0.00900778 
-0.0099561 
-0.0108485 
-0.011696 
-0.0125004 
-0.0132575 
-0.013959 
-0.014594 
-0.0151502 
-0.0156144 
-0.0159732 
-0.0162126 
-0.0163184 
-0.0162759 
-0.0160704 
-0.0156879 
-0.0151168 
-0.01435 
-0.0133874 
-0.0122376 
-0.0109171 
-0.0094464 
-0.00784549 
-0.00612886 
-0.00430525 
-0.00238095 
-0.00036371 
0.00173554 
0.0039042 
0.00612515 
0.00837783 
0.0106381 
0.0128798 
0.0150776 
0.0172076 
0.019249 
0.0211844 
0.0229996 
0.0246829 
0.0262233 
0.0276049 
0.0287944 
0.0297399 
0.0303471 
0.0304532 
0.0298308 
0.0282307 
0.025468 
0.021492 
0.0164284 
0.0105511 
0.00425627 
-0.00207705 
-0.0082052 
-0.0139625 
-0.0193179 
-0.0243615 
-0.0243615 
0.0068207 
0.0068207 
0.00244876 
-0.000527935 
-0.00273141 
-0.00446548 
-0.00589543 
-0.007126 
-0.00822434 
-0.00923214 
-0.0101742 
-0.0110621 
-0.0118988 
-0.0126808 
-0.0134011 
-0.0140499 
-0.0146167 
-0.0150905 
-0.0154603 
-0.0157157 
-0.015846 
-0.0158403 
-0.0156871 
-0.0153741 
-0.0148885 
-0.0142183 
-0.0133548 
-0.012296 
-0.0110496 
-0.00963445 
-0.00807718 
-0.00640551 
-0.00464048 
-0.00279456 
-0.000875996 
0.00110532 
0.00314785 
0.00524223 
0.007372 
0.00951633 
0.0116495 
0.0137468 
0.0157856 
0.0177457 
0.0196092 
0.0213604 
0.022985 
0.024468 
0.025785 
0.0269053 
0.0277829 
0.0283331 
0.0284183 
0.0278515 
0.0264301 
0.024003 
0.0205254 
0.0160948 
0.0109304 
0.00534638 
-0.000341856 
-0.00593186 
-0.0112865 
-0.016369 
-0.021256 
-0.021256 
0.00829528 
0.00829528 
0.00382081 
0.000743486 
-0.00155975 
-0.00339421 
-0.00492189 
-0.006245 
-0.00742825 
-0.00851231 
-0.00952184 
-0.0104686 
-0.0113559 
-0.0121808 
-0.0129367 
-0.0136145 
-0.0142046 
-0.0146972 
-0.0150831 
-0.0153537 
-0.0155016 
-0.0155195 
-0.0154004 
-0.0151364 
-0.0147184 
-0.0141361 
-0.013378 
-0.0124343 
-0.0113004 
-0.00998217 
-0.00849937 
-0.00688501 
-0.00517611 
-0.0033994 
-0.00156236 
0.000335661 
0.00229171 
0.00429495 
0.00633551 
0.00839228 
0.0104396 
0.0124563 
0.0144206 
0.0163135 
0.0181164 
0.0198127 
0.0213853 
0.0228128 
0.0240716 
0.0251348 
0.0259581 
0.0264679 
0.0265503 
0.0260545 
0.0248177 
0.0227164 
0.0197093 
0.0158672 
0.0113603 
0.00643246 
0.00134341 
-0.00373437 
-0.0086949 
-0.0135021 
-0.0182246 
-0.0182246 
0.00983895 
0.00983895 
0.00527287 
0.00209507 
-0.000314878 
-0.00225393 
-0.0038893 
-0.00531733 
-0.00660068 
-0.00777804 
-0.0088733 
-0.00989786 
-0.0108551 
-0.011742 
-0.0125521 
-0.0132768 
-0.0139067 
-0.0144327 
-0.0148466 
-0.0151411 
-0.0153103 
-0.0153494 
-0.0152545 
-0.0150219 
-0.0146475 
-0.0141258 
-0.0134495 
-0.0126091 
-0.0115942 
-0.0103964 
-0.00901522 
-0.00746488 
-0.00578022 
-0.0040128 
-0.00221025 
-0.000393663 
0.00145169 
0.0033446 
0.00528952 
0.00726986 
0.00925148 
0.0112056 
0.0131123 
0.0149523 
0.0167074 
0.0183592 
0.0198858 
0.0212673 
0.0224821 
0.0235024 
0.0242875 
0.0247748 
0.0248716 
0.0244583 
0.0234058 
0.0216133 
0.0190418 
0.0157384 
0.0118306 
0.00750435 
0.00296654 
-0.00163263 
-0.00621143 
-0.0107443 
-0.0152971 
-0.0152971 
0.0114705 
0.0114705 
0.00682177 
0.00354658 
0.00102558 
-0.00103146 
-0.0027848 
-0.00433069 
-0.00572968 
-0.00701777 
-0.00821739 
-0.00933897 
-0.0103852 
-0.0113529 
-0.0122354 
-0.013024 
-0.0137098 
-0.0142841 
-0.0147393 
-0.0150692 
-0.0152692 
-0.0153359 
-0.0152671 
-0.0150615 
-0.0147182 
-0.014236 
-0.0136132 
-0.0128464 
-0.0119307 
-0.0108597 
-0.00962645 
-0.0082274 
-0.00666779 
-0.00497107 
-0.00318516 
-0.00137121 
0.000441884 
0.00228591 
0.00420251 
0.00615275 
0.00808799 
0.00999633 
0.0118605 
0.0136624 
0.0153822 
0.0169986 
0.0184924 
0.0198436 
0.0210293 
0.0220225 
0.0227865 
0.0232686 
0.0233952 
0.0230726 
0.0221995 
0.0206938 
0.0185188 
0.0157019 
0.0123346 
0.00855491 
0.00452283 
0.000368325 
-0.00384732 
-0.00811044 
-0.0124909 
-0.0124909 
0.0132065 
0.0132065 
0.00848295 
0.0051114 
0.00247287 
0.000287279 
-0.00159696 
-0.00327587 
-0.00480675 
-0.00622425 
-0.00754797 
-0.00878677 
-0.00994201 
-0.0110095 
-0.011982 
-0.0128508 
-0.0136068 
-0.014242 
-0.0147498 
-0.015125 
-0.0153643 
-0.0154659 
-0.0154291 
-0.0152542 
-0.0149418 
-0.0144928 
-0.0139078 
-0.0131867 
-0.0123287 
-0.0113321 
-0.0101945 
-0.00891358 
-0.0074869 
-0.0059135 
-0.00419913 
-0.00237084 
-0.000509542 
0.00128151 
0.00309945 
0.00501183 
0.00693666 
0.00882365 
0.0106639 
0.0124418 
0.0141389 
0.0157365 
0.017214 
0.0185502 
0.0197224 
0.0207046 
0.0214642 
0.0219578 
0.0221271 
0.0219 
0.021198 
0.0199547 
0.0181356 
0.0157533 
0.0128692 
0.00958276 
0.00601289 
0.00226356 
-0.00160722 
-0.00560591 
-0.00981364 
-0.00981364 
0.0150616 
0.0150616 
0.0102699 
0.00680128 
0.0040403 
0.00171555 
-0.000316293 
-0.00214253 
-0.00382373 
-0.0053907 
-0.00686022 
-0.00823842 
-0.00952441 
-0.0107122 
-0.0117934 
-0.0127585 
-0.0135986 
-0.014306 
-0.0148752 
-0.0153026 
-0.0155866 
-0.0157272 
-0.0157258 
-0.0155846 
-0.0153058 
-0.0148921 
-0.0143454 
-0.0136671 
-0.0128582 
-0.011919 
-0.0108502 
-0.009654 
-0.00833663 
-0.00691039 
-0.00539368 
-0.00380142 
-0.00211993 
-0.00027525 
0.00180594 
0.00390093 
0.00584157 
0.00770073 
0.00952521 
0.0112931 
0.0129854 
0.0145805 
0.0160572 
0.017394 
0.0185681 
0.0195551 
0.0203261 
0.0208456 
0.0210681 
0.0209386 
0.0203971 
0.0193907 
0.0178877 
0.0158895 
0.013434 
0.0105895 
0.00744032 
0.00406584 
0.0005154 
-0.00323067 
-0.00726563 
-0.00726563 
0.0170488 
0.0170488 
0.012195 
0.00862836 
0.00573935 
0.00326601 
0.00107401 
-0.0009204 
-0.00277127 
-0.00450925 
-0.00614839 
-0.00769073 
-0.00913195 
-0.0104632 
-0.0116737 
-0.0127527 
-0.013691 
-0.0144815 
-0.0151198 
-0.0156044 
-0.0159358 
-0.0161166 
-0.0161507 
-0.0160426 
-0.015797 
-0.0154184 
-0.0149105 
-0.0142762 
-0.0135175 
-0.0126357 
-0.0116317 
-0.0105068 
-0.00926362 
-0.00790651 
-0.00644327 
-0.00488303 
-0.003236 
-0.00147996 
0.000471521 
0.00257053 
0.00461599 
0.00654829 
0.00841282 
0.0102062 
0.0119185 
0.0135317 
0.0150258 
0.0163796 
0.0175713 
0.0185781 
0.0193747 
0.0199322 
0.0202156 
0.0201835 
0.0197907 
0.0189958 
0.0177705 
0.0161088 
0.0140309 
0.0115798 
0.00881202 
0.00578273 
0.00252555 
-0.000977269 
-0.00484015 
-0.00484015 
0.01918 
0.01918 
0.0142697 
0.0106049 
0.00758315 
0.00495206 
0.00258458 
0.000404312 
-0.00163693 
-0.00356977 
-0.00540439 
-0.00713872 
-0.00876309 
-0.0102642 
-0.0116277 
-0.0128404 
-0.0138923 
-0.0147768 
-0.0154912 
-0.0160363 
-0.0164158 
-0.0166354 
-0.0167023 
-0.016624 
-0.016408 
-0.0160608 
-0.0155883 
-0.0149945 
-0.0142823 
-0.0134532 
-0.0125079 
-0.0114466 
-0.0102705 
-0.0089822 
-0.00758674 
-0.00608795 
-0.00448985 
-0.0027792 
-0.000956221 
0.000954488 
0.00300447 
0.00509804 
0.00712814 
0.00905528 
0.010867 
0.0125536 
0.0141035 
0.0155019 
0.0167319 
0.0177749 
0.0186106 
0.0192163 
0.0195657 
0.0196286 
0.019372 
0.018764 
0.0177805 
0.0164111 
0.0146631 
0.0125601 
0.0101361 
0.00742437 
0.0044436 
0.00116398 
-0.0025285 
-0.0025285 
0.0214643 
0.0214643 
0.0165035 
0.0127414 
0.00958399 
0.0067876 
0.00423283 
0.00184889 
-0.00040728 
-0.00255904 
-0.00461733 
-0.00657459 
-0.00841412 
-0.0101159 
-0.0116601 
-0.0130296 
-0.0142125 
-0.0152026 
-0.0159994 
-0.0166069 
-0.0170331 
-0.0172878 
-0.0173825 
-0.0173283 
-0.0171362 
-0.0168156 
-0.0163743 
-0.015818 
-0.0151503 
-0.0143725 
-0.0134842 
-0.0124837 
-0.0113688 
-0.0101377 
-0.00878961 
-0.00732303 
-0.00573858 
-0.00403669 
-0.00219884 
-0.000248355 
0.00175643 
0.00379931 
0.00585371 
0.00786835 
0.00979392 
0.0115945 
0.0132455 
0.0147289 
0.0160296 
0.0171335 
0.0180259 
0.0186912 
0.0191116 
0.0192667 
0.0191335 
0.0186894 
0.0179144 
0.0167967 
0.0153348 
0.0135377 
0.0114214 
0.00900077 
0.0062781 
0.00321202 
-0.000315456 
-0.000315456 
0.0239072 
0.0239072 
0.0189026 
0.0150462 
0.0117528 
0.00878606 
0.0060335 
0.0034294 
0.000937459 
-0.00146116 
-0.00377306 
-0.00598709 
-0.00807816 
-0.0100166 
-0.0117743 
-0.013328 
-0.0146624 
-0.0157711 
-0.0166563 
-0.0173265 
-0.0177953 
-0.0180784 
-0.0181926 
-0.0181542 
-0.017978 
-0.017677 
-0.0172614 
-0.0167385 
-0.0161124 
-0.0153842 
-0.0145521 
-0.013612 
-0.0125587 
-0.0113865 
-0.0100909 
-0.00866579 
-0.00710748 
-0.00541371 
-0.00358034 
-0.00164426 
0.000369943 
0.00244682 
0.00455828 
0.00665827 
0.00869783 
0.0106291 
0.0124126 
0.0140189 
0.0154275 
0.0166241 
0.0175978 
0.0183394 
0.0188389 
0.0190853 
0.0190653 
0.0187645 
0.0181684 
0.0172658 
0.0160501 
0.0145201 
0.0126778 
0.0105224 
0.00804155 
0.0051823 
0.00181386 
0.00181386 
0.0265087 
0.0265087 
0.021468 
0.017523 
0.0140971 
0.0109594 
0.00800267 
0.00516539 
0.00241619 
-0.000257614 
-0.00285356 
-0.00536066 
-0.00774398 
-0.00996057 
-0.0119707 
-0.0137416 
-0.0152524 
-0.0164953 
-0.0174751 
-0.0182067 
-0.0187112 
-0.0190124 
-0.0191346 
-0.0191002 
-0.0189295 
-0.0186393 
-0.0182428 
-0.0177491 
-0.0171629 
-0.0164846 
-0.0157103 
-0.0148328 
-0.0138426 
-0.0127287 
-0.0114807 
-0.0100853 
-0.00853032 
-0.00681233 
-0.00493745 
-0.00293237 
-0.000834168 
0.00131643 
0.00348253 
0.00563408 
0.00773949 
0.00975974 
0.0116528 
0.0133796 
0.0149089 
0.0162187 
0.0172955 
0.0181313 
0.0187217 
0.0190628 
0.0191499 
0.0189767 
0.0185349 
0.0178159 
0.0168112 
0.0155131 
0.0139135 
0.0119991 
0.00974466 
0.00708506 
0.00388112 
0.00388112 
0.0292608 
0.0292608 
0.024193 
0.0201686 
0.0166186 
0.0133145 
0.0101526 
0.00707336 
0.00404989 
0.0010757 
-0.00183861 
-0.00467595 
-0.00739534 
-0.00993679 
-0.0122445 
-0.0142723 
-0.0159901 
-0.0173866 
-0.0184691 
-0.0192597 
-0.0197899 
-0.0200949 
-0.020209 
-0.0201633 
-0.0199842 
-0.0196938 
-0.0193084 
-0.0188394 
-0.0182919 
-0.0176654 
-0.0169538 
-0.0161458 
-0.015227 
-0.014181 
-0.0129891 
-0.0116284 
-0.010078 
-0.00833785 
-0.00641361 
-0.00433467 
-0.00213978 
0.000122122 
0.00240956 
0.00468161 
0.00689876 
0.0090242 
0.0110218 
0.0128568 
0.0144976 
0.0159191 
0.0171038 
0.0180422 
0.018731 
0.0191704 
0.0193617 
0.0193054 
0.0189993 
0.0184386 
0.0176154 
0.0165188 
0.0151342 
0.0134386 
0.0113964 
0.00893083 
0.00589307 
0.00589307 
0.0321448 
0.0321448 
0.0270603 
0.0229696 
0.0193094 
0.0158505 
0.0124895 
0.00916643 
0.00585693 
0.00255941 
-0.000705387 
-0.00391022 
-0.00701058 
-0.00992716 
-0.0125828 
-0.0149138 
-0.0168762 
-0.0184518 
-0.0196485 
-0.0204962 
-0.0210398 
-0.0213299 
-0.0214151 
-0.0213379 
-0.0211332 
-0.0208287 
-0.0204452 
-0.019996 
-0.0194868 
-0.0189158 
-0.0182737 
-0.0175448 
-0.0167085 
-0.015741 
-0.0146122 
-0.0132836 
-0.0117332 
-0.0099519 
-0.00794727 
-0.00574808 
-0.00340018 
-0.000962425 
0.00149829 
0.0039245 
0.00627493 
0.00851414 
0.0106098 
0.0125337 
0.0142605 
0.0157687 
0.017042 
0.0180705 
0.0188505 
0.0193833 
0.0196731 
0.0197243 
0.0195396 
0.0191178 
0.018453 
0.0175332 
0.0163401 
0.0148438 
0.0130011 
0.0107239 
0.00785303 
0.00785303 
0.0351281 
0.0351281 
0.0300387 
0.0258985 
0.022148 
0.0185533 
0.0150076 
0.0114472 
0.00784778 
0.00421135 
0.000566416 
-0.00304245 
-0.00656492 
-0.00990652 
-0.0129622 
-0.015647 
-0.0178981 
-0.0196858 
-0.0210145 
-0.021921 
-0.0224654 
-0.0227185 
-0.0227489 
-0.0226151 
-0.0223631 
-0.022028 
-0.0216352 
-0.0212007 
-0.0207303 
-0.0202205 
-0.0196586 
-0.0190232 
-0.0182867 
-0.0174148 
-0.0163615 
-0.015078 
-0.0135294 
-0.0117027 
-0.00960377 
-0.00726471 
-0.0047378 
-0.00209319 
0.00058772 
0.00322981 
0.00577664 
0.00818474 
0.0104156 
0.0124424 
0.0142476 
0.0158196 
0.0171516 
0.0182403 
0.019086 
0.0196921 
0.0200643 
0.020209 
0.0201312 
0.0198319 
0.019307 
0.0185443 
0.0175237 
0.0162105 
0.0145555 
0.0124605 
0.00975474 
0.00975474 
0.0381617 
0.0381617 
0.0330796 
0.0289099 
0.0250943 
0.0213902 
0.0176834 
0.0139024 
0.0100193 
0.00603694 
0.00199046 
-0.00205419 
-0.00603355 
-0.00984343 
-0.0133466 
-0.0164349 
-0.0190225 
-0.021063 
-0.0225512 
-0.0235261 
-0.0240624 
-0.0242556 
-0.0242014 
-0.023981 
-0.0236557 
-0.0232702 
-0.0228552 
-0.0224295 
-0.0219991 
-0.0215581 
-0.0210893 
-0.0205648 
-0.0199472 
-0.0191896 
-0.0182252 
-0.016992 
-0.015443 
-0.0135589 
-0.011346 
-0.00883941 
-0.0060977 
-0.00320108 
-0.000243204 
0.00266861 
0.00545673 
0.0080714 
0.0104663 
0.0126123 
0.0144958 
0.0161149 
0.0174753 
0.0185866 
0.0194592 
0.0201032 
0.0205282 
0.0207424 
0.0207515 
0.0205572 
0.0201553 
0.0195334 
0.0186698 
0.017526 
0.0160482 
0.0141285 
0.0115839 
0.0115839 
0.0411774 
0.0411774 
0.0361145 
0.0319367 
0.028085 
0.0243038 
0.0204678 
0.0164928 
0.0123427 
0.00801815 
0.00356174 
-0.000937658 
-0.0053985 
-0.00970498 
-0.0136894 
-0.0172203 
-0.0201887 
-0.022527 
-0.0242132 
-0.0252795 
-0.0258097 
-0.0259248 
-0.0257551 
-0.0254142 
-0.0249857 
-0.0245267 
-0.0240747 
-0.0236517 
-0.0232631 
-0.0228999 
-0.0225395 
-0.0221453 
-0.021667 
-0.0210406 
-0.0201771 
-0.018997 
-0.0174444 
-0.0154968 
-0.0131628 
-0.0104811 
-0.00751476 
-0.00435136 
-0.00109379 
0.00213001 
0.00521551 
0.00809401 
0.0107038 
0.0130066 
0.0149886 
0.0166554 
0.0180267 
0.0191285 
0.0199876 
0.0206271 
0.0210652 
0.0213147 
0.0213828 
0.0212709 
0.0209738 
0.0204769 
0.0197564 
0.0187697 
0.0174591 
0.0157068 
0.0133173 
0.0133173 
0.0440868 
0.0440868 
0.0390533 
0.0348883 
0.0310306 
0.0272079 
0.0232811 
0.0191482 
0.014761 
0.0101146 
0.00525805 
0.000295794 
-0.00465699 
-0.0094634 
-0.0139376 
-0.0179274 
-0.0213056 
-0.0239832 
-0.0259142 
-0.0271122 
-0.027657 
-0.0276896 
-0.0273795 
-0.0268837 
-0.026319 
-0.0257607 
-0.0252553 
-0.0248281 
-0.0244833 
-0.0242074 
-0.0239708 
-0.0237248 
-0.0234012 
-0.0229139 
-0.0221505 
-0.0210162 
-0.0194506 
-0.0174332 
-0.0149774 
-0.0121236 
-0.00893635 
-0.00550478 
-0.00193704 
0.0016259 
0.00504617 
0.00822626 
0.0110877 
0.0135784 
0.0156802 
0.0174031 
0.0187788 
0.0198504 
0.0206635 
0.0212589 
0.0216686 
0.0219143 
0.0220077 
0.0219508 
0.0217366 
0.0213473 
0.0207557 
0.0199142 
0.0187604 
0.0171663 
0.0149237 
0.0149237 
0.0467824 
0.0467824 
0.041785 
0.0376503 
0.0338147 
0.0299865 
0.0260107 
0.0217641 
0.0171818 
0.0122492 
0.00701825 
0.00160437 
-0.00382656 
-0.00910521 
-0.0140416 
-0.0184707 
-0.0222588 
-0.0253002 
-0.0275225 
-0.0289077 
-0.0295132 
-0.0294835 
-0.0290236 
-0.0283446 
-0.0276109 
-0.0269262 
-0.0263494 
-0.0259105 
-0.0256111 
-0.0254312 
-0.0253313 
-0.0252455 
-0.0250809 
-0.0247255 
-0.0240467 
-0.0229421 
-0.0213534 
-0.0192687 
-0.0167063 
-0.0137058 
-0.0103284 
-0.00665908 
-0.00280736 
0.00108741 
0.004859 
0.00836981 
0.0115188 
0.0142309 
0.016479 
0.0182744 
0.0196592 
0.0206932 
0.0214413 
0.0219642 
0.0223112 
0.0225173 
0.022602 
0.0225703 
0.0224147 
0.0221136 
0.0216355 
0.020926 
0.0199175 
0.0184707 
0.0163649 
0.0163649 
0.0491396 
0.0491396 
0.0441813 
0.0400884 
0.0362977 
0.0324959 
0.0285133 
0.0242025 
0.0194795 
0.0143141 
0.00875591 
0.00293165 
-0.00293652 
-0.00863152 
-0.0139622 
-0.0187683 
-0.0229256 
-0.0263238 
-0.0288682 
-0.0305016 
-0.0312378 
-0.0311991 
-0.0306087 
-0.0297341 
-0.0288042 
-0.0279666 
-0.0272999 
-0.0268412 
-0.0265874 
-0.0265092 
-0.0265525 
-0.0266272 
-0.0266091 
-0.0263587 
-0.0257352 
-0.0246381 
-0.023021 
-0.0208828 
-0.0182448 
-0.0151404 
-0.0116225 
-0.0077665 
-0.00367641 
0.000520624 
0.0046329 
0.00847724 
0.0119226 
0.0148679 
0.0172746 
0.0191536 
0.0205553 
0.0215539 
0.0222322 
0.0226699 
0.0229345 
0.0230761 
0.0231252 
0.0230926 
0.0229722 
0.0227393 
0.0223581 
0.0217661 
0.0208899 
0.0195773 
0.0175961 
0.0175961 
0.0510211 
0.0510211 
0.0461018 
0.0420544 
0.0383239 
0.0345743 
0.0306248 
0.0263042 
0.021507 
0.0161778 
0.0103584 
0.0041834 
-0.00205115 
-0.00806806 
-0.0136814 
-0.0187583 
-0.0231995 
-0.0269054 
-0.0297701 
-0.0316989 
-0.0326467 
-0.0326846 
-0.0320213 
-0.0309668 
-0.0298269 
-0.0288143 
-0.0280403 
-0.0275531 
-0.0273432 
-0.0273668 
-0.0275495 
-0.0277691 
-0.0278669 
-0.0276799 
-0.0270765 
-0.0259718 
-0.0243318 
-0.0221665 
-0.0194953 
-0.0163427 
-0.0127507 
-0.00878104 
-0.00452443 
-9.04236e-05 
0.00431988 
0.00848127 
0.0122171 
0.0153942 
0.0179588 
0.0199218 
0.0213432 
0.0223107 
0.0229229 
0.0232758 
0.0234532 
0.0235199 
0.0235184 
0.0234672 
0.0233636 
0.0231814 
0.0228807 
0.0223908 
0.0216322 
0.0204384 
0.0185678 
0.0185678 
0.0522836 
0.0522836 
0.0474035 
0.0433975 
0.0397329 
0.0360509 
0.0321662 
0.027888 
0.0230914 
0.0176933 
0.0117145 
0.00529261 
-0.0012091 
-0.00742856 
-0.013184 
-0.0183988 
-0.0230069 
-0.0269315 
-0.0300714 
-0.0323071 
-0.0335346 
-0.0337516 
-0.0331116 
-0.0319315 
-0.0305916 
-0.0293919 
-0.0284957 
-0.0279714 
-0.0278006 
-0.0279186 
-0.0282235 
-0.0285552 
-0.0287233 
-0.0285565 
-0.0279396 
-0.0268181 
-0.0251783 
-0.0230266 
-0.020376 
-0.0172397 
-0.0136471 
-0.00964741 
-0.00531047 
-0.000725585 
0.00392603 
0.00836609 
0.0123492 
0.0157185 
0.0184095 
0.0204387 
0.0218749 
0.0228171 
0.0233752 
0.0236573 
0.0237593 
0.0237577 
0.0237059 
0.0236304 
0.0235335 
0.0233888 
0.0231543 
0.0227508 
0.022094 
0.0210018 
0.0192271 
0.0192271 
0.0527802 
0.0527802 
0.0479516 
0.0439749 
0.0403745 
0.0367677 
0.0329725 
0.0287871 
0.0240787 
0.0187332 
0.0127315 
0.00614646 
-0.000502866 
-0.00673063 
-0.0124709 
-0.0176819 
-0.0223272 
-0.0263545 
-0.0296807 
-0.0321825 
-0.0337151 
-0.0342009 
-0.0337024 
-0.0324916 
-0.0309951 
-0.0296129 
-0.0285857 
-0.0280165 
-0.0278768 
-0.0280731 
-0.0284695 
-0.0288666 
-0.0290539 
-0.0288708 
-0.0282313 
-0.0271049 
-0.0254856 
-0.0233769 
-0.0207843 
-0.0177189 
-0.0141996 
-0.0102588 
-0.00594652 
-0.00133959 
0.00342598 
0.00807462 
0.0122684 
0.0157926 
0.018564 
0.0206178 
0.0220449 
0.0229568 
0.0234705 
0.0236996 
0.0237461 
0.023694 
0.0236045 
0.0235107 
0.0234196 
0.023306 
0.0231262 
0.0227944 
0.0222225 
0.0212128 
0.0195205 
0.0195205 
0.0523576 
0.0523576 
0.0476355 
0.0436785 
0.0401281 
0.0365941 
0.0328897 
0.0288131 
0.0242253 
0.0190063 
0.0131485 
0.00679855 
0.000328141 
-0.00583464 
-0.0114733 
-0.0165828 
-0.0211611 
-0.025182 
-0.0285876 
-0.0312734 
-0.0330772 
-0.0338711 
-0.0336178 
-0.0324949 
-0.0309215 
-0.0293853 
-0.0282276 
-0.027608 
-0.0274887 
-0.0277395 
-0.0281866 
-0.0285976 
-0.0287595 
-0.0285381 
-0.0278788 
-0.0267675 
-0.0251996 
-0.0231718 
-0.0206829 
-0.017737 
-0.0143452 
-0.0105289 
-0.00632134 
-0.00178283 
0.00296807 
0.00763307 
0.0118522 
0.0154112 
0.0182079 
0.0202669 
0.0216854 
0.0225823 
0.0230781 
0.0232871 
0.0233125 
0.0232408 
0.0231372 
0.02304 
0.0229601 
0.0228748 
0.0227396 
0.0224652 
0.0219599 
0.0210142 
0.0193991 
0.0193991 
0.0508961 
0.0508961 
0.0463441 
0.0424184 
0.038914 
0.0354628 
0.0318662 
0.0279328 
0.0235222 
0.0185316 
0.0129798 
0.00703831 
0.00100117 
-0.00482728 
-0.0102266 
-0.015138 
-0.0195545 
-0.0234642 
-0.0268289 
-0.0295691 
-0.0315578 
-0.0326397 
-0.0326972 
-0.0317864 
-0.0302463 
-0.0286146 
-0.0273412 
-0.0266699 
-0.0265596 
-0.0268365 
-0.0272902 
-0.0276688 
-0.027775 
-0.0275094 
-0.0268424 
-0.025766 
-0.0242714 
-0.0223496 
-0.0199954 
-0.0172091 
-0.0139967 
-0.0103701 
-0.00635161 
-0.00199214 
0.00257645 
0.0070458 
0.0110979 
0.014548 
0.017289 
0.0193228 
0.0207311 
0.0216272 
0.0221294 
0.0223492 
0.0223873 
0.0223286 
0.0222387 
0.0221576 
0.0220984 
0.022041 
0.0219401 
0.0217075 
0.0212456 
0.0203466 
0.0188251 
0.0188251 
0.0482859 
0.0482859 
0.0439879 
0.0401384 
0.036698 
0.0333561 
0.0299054 
0.0261718 
0.0220258 
0.0173941 
0.0123124 
0.00693805 
0.00149597 
-0.0038171 
-0.00881844 
-0.0134151 
-0.017577 
-0.0212887 
-0.0245212 
-0.0272133 
-0.0292597 
-0.0305204 
-0.0308521 
-0.030218 
-0.0288399 
-0.0272049 
-0.0258538 
-0.0251365 
-0.0250253 
-0.0252998 
-0.0257201 
-0.0260328 
-0.02607 
-0.0257666 
-0.0251082 
-0.0240863 
-0.0226867 
-0.0208959 
-0.0187058 
-0.0161143 
-0.0131256 
-0.00975164 
-0.0060207 
-0.00199814 
0.00217673 
0.00625595 
0.00998994 
0.0132083 
0.0158065 
0.0177696 
0.0191549 
0.0200583 
0.0205871 
0.0208449 
0.0209259 
0.0209102 
0.0208598 
0.0208136 
0.0207843 
0.0207542 
0.0206778 
0.0204714 
0.0200321 
0.0191703 
0.017761 
0.017761 
0.0444303 
0.0444303 
0.0404882 
0.0368021 
0.0334811 
0.0303009 
0.0270619 
0.0236096 
0.0198329 
0.0156812 
0.011191 
0.00648203 
0.00172009 
-0.00294897 
-0.00739274 
-0.0115267 
-0.0153093 
-0.0187146 
-0.0217121 
-0.0242508 
-0.0262474 
-0.0275819 
-0.0281124 
-0.027748 
-0.0266005 
-0.0250738 
-0.0237053 
-0.0229596 
-0.0228411 
-0.0230895 
-0.0234463 
-0.0236757 
-0.0236458 
-0.0233194 
-0.0226893 
-0.0217434 
-0.0204639 
-0.0188349 
-0.0168477 
-0.014501 
-0.011802 
-0.00876979 
-0.00544294 
-0.00189286 
0.00175895 
0.00532932 
0.00862719 
0.0115052 
0.0138705 
0.0156982 
0.0170237 
0.01792 
0.0184763 
0.0187827 
0.0189226 
0.0189672 
0.0189718 
0.018971 
0.0189755 
0.0189688 
0.0189063 
0.0187112 
0.0182802 
0.017458 
0.0161862 
0.0161862 
0.0392637 
0.0392637 
0.035795 
0.0324061 
0.0293108 
0.0263802 
0.0234456 
0.0203745 
0.0170753 
0.0135103 
0.00970646 
0.00574773 
0.00175067 
-0.00218788 
-0.00597597 
-0.00954008 
-0.0128338 
-0.0158253 
-0.0184831 
-0.0207633 
-0.0225988 
-0.0238933 
-0.0245232 
-0.0243794 
-0.0234897 
-0.0221524 
-0.0208576 
-0.0201147 
-0.0199879 
-0.020194 
-0.0204705 
-0.020615 
-0.0205317 
-0.0202036 
-0.0196257 
-0.0187835 
-0.0176577 
-0.0162329 
-0.0145012 
-0.0124637 
-0.0101315 
-0.00752869 
-0.00469759 
-0.00170546 
0.00134953 
0.00433641 
0.00711493 
0.00956793 
0.0116191 
0.0132413 
0.0144532 
0.0153063 
0.0158686 
0.0162126 
0.0164069 
0.0165108 
0.0165699 
0.0166124 
0.0166456 
0.0166534 
0.0165944 
0.0164003 
0.0159767 
0.0152115 
0.0141061 
0.0141061 
0.0327196 
0.0327196 
0.0298463 
0.0269227 
0.0242063 
0.0216503 
0.0191329 
0.0165487 
0.0138247 
0.0109294 
0.00787715 
0.00472007 
0.0015326 
-0.00161469 
-0.00465623 
-0.00753938 
-0.0102269 
-0.0126895 
-0.0148974 
-0.0168124 
-0.018381 
-0.0195286 
-0.0201562 
-0.0201607 
-0.0195193 
-0.0184297 
-0.0172981 
-0.0166054 
-0.0164772 
-0.0166332 
-0.0168263 
-0.0168973 
-0.0167829 
-0.0164792 
-0.0159816 
-0.0152758 
-0.0143438 
-0.0131723 
-0.0117556 
-0.0100962 
-0.00820659 
-0.00611049 
-0.00384602 
-0.00146844 
0.000948673 
0.00331293 
0.00552316 
0.00749348 
0.00916651 
0.010518 
0.0115567 
0.0123158 
0.0128435 
0.0131932 
0.0134168 
0.0135594 
0.0136556 
0.0137259 
0.0137742 
0.0137853 
0.0137228 
0.0135299 
0.0131303 
0.0124557 
0.0115477 
0.0115477 
0.0248507 
0.0248507 
0.0226918 
0.0204187 
