0 
0.00229353 
0.00295182 
0.00391964 
0.00486035 
0.0055957 
0.00605881 
0.00624856 
0.00619254 
0.00592842 
0.00549503 
0.00492905 
0.0042644 
0.00353273 
0.0027639 
0.00198602 
0.0012246 
0.000500582 
-0.0001747 
-0.000798804 
-0.00137324 
-0.00190148 
-0.00238833 
-0.00283355 
-0.00322293 
-0.00352458 
-0.00369784 
-0.00371509 
-0.00358223 
-0.00333872 
-0.00303665 
-0.00271872 
-0.00241041 
-0.0021236 
-0.0018627 
-0.00162862 
-0.00142061 
-0.00123697 
-0.00107547 
-0.000933578 
-0.000808734 
-0.000698482 
-0.000600592 
-0.000513082 
-0.000434214 
-0.000362504 
-0.000296674 
-0.000235638 
-0.000178497 
-0.00012444 
-7.28998e-05 
-2.40207e-05 
2.21271e-05 
6.65619e-05 
0.000109537 
0.00015068 
0.000189534 
0.000225656 
0.00025864 
0.000288051 
0.000313455 
0.000334421 
0.000350567 
0.000361562 
0.000367179 
0 
-0.00229353 
-0.00229353 
-0.00295182 
-0.00391964 
-0.00486035 
-0.0055957 
-0.00605881 
-0.00624856 
-0.00619254 
-0.00592842 
-0.00549503 
-0.00492905 
-0.0042644 
-0.00353273 
-0.0027639 
-0.00198602 
-0.0012246 
-0.000500582 
0.0001747 
0.000798804 
0.00137324 
0.00190148 
0.00238833 
0.00283355 
0.00322293 
0.00352458 
0.00369784 
0.00371509 
0.00358223 
0.00333872 
0.00303665 
0.00271872 
0.00241041 
0.0021236 
0.0018627 
0.00162862 
0.00142061 
0.00123697 
0.00107547 
0.000933578 
0.000808734 
0.000698482 
0.000600592 
0.000513082 
0.000434214 
0.000362504 
0.000296674 
0.000235638 
0.000178497 
0.00012444 
7.28998e-05 
2.40207e-05 
-2.21271e-05 
-6.65619e-05 
-0.000109537 
-0.00015068 
-0.000189534 
-0.000225656 
-0.00025864 
-0.000288051 
-0.000313455 
-0.000334421 
-0.000350567 
-0.000361562 
-0.000367179 
-0.000367179 
-0.00461345 
-0.00461345 
-0.0073156 
-0.0107189 
-0.0137589 
-0.0160066 
-0.0173671 
-0.0179003 
-0.0177197 
-0.0169484 
-0.0157018 
-0.0140829 
-0.0121838 
-0.0100893 
-0.00788004 
-0.00563418 
-0.00342622 
-0.00132384 
0.000628736 
0.00241843 
0.00405214 
0.00554828 
0.00693207 
0.00821691 
0.00937464 
0.0103174 
0.0109168 
0.0110686 
0.0107635 
0.0101032 
0.00924435 
0.00832555 
0.0074326 
0.0066048 
0.00585487 
0.00518376 
0.00458759 
0.00406033 
0.00359492 
0.00318394 
0.00282016 
0.00249682 
0.00220784 
0.00194785 
0.00171214 
0.00149667 
0.00129799 
0.00111317 
0.000939764 
0.000775776 
0.0006197 
0.000470362 
0.000326857 
0.000189038 
5.73414e-05 
-6.7462e-05 
-0.000184568 
-0.000293093 
-0.000392081 
-0.000480307 
-0.000556515 
-0.000619424 
-0.000667887 
-0.000700898 
-0.000717769 
-0.000717769 
-0.00793972 
-0.00793972 
-0.0134164 
-0.0191929 
-0.0239494 
-0.0272742 
-0.0291551 
-0.0297444 
-0.0292409 
-0.0278407 
-0.0257187 
-0.023027 
-0.0198996 
-0.0164603 
-0.0128292 
-0.0091267 
-0.00547312 
-0.001987 
0.00126208 
0.00424185 
0.00694112 
0.00937373 
0.0115812 
0.0136044 
0.0154317 
0.0169519 
0.0179649 
0.0182805 
0.0178485 
0.0168082 
0.0154114 
0.0138974 
0.0124214 
0.011056 
0.0098238 
0.0087247 
0.00775021 
0.00688871 
0.00612763 
0.00545446 
0.00485733 
0.00432538 
0.0038489 
0.00341932 
0.00302912 
0.00267184 
0.00234189 
0.00203452 
0.00174576 
0.00147238 
0.00121191 
0.000962685 
0.000723656 
0.000494213 
0.000274087 
6.368e-05 
-0.000135142 
-0.000319699 
-0.000488173 
-0.000638452 
-0.000768363 
-0.000875675 
-0.000958389 
-0.00101476 
-0.00104359 
-0.00104359 
-0.0131871 
-0.0131871 
-0.0208241 
-0.0283077 
-0.0342254 
-0.0381954 
-0.0402784 
-0.0407056 
-0.0397465 
-0.0376537 
-0.0346442 
-0.0309016 
-0.0265857 
-0.0218462 
-0.0168322 
-0.0116985 
-0.00660488 
-0.00170856 
0.00287166 
0.00705187 
0.0107838 
0.0140655 
0.0169465 
0.0194994 
0.0217559 
0.0236265 
0.0248814 
0.02526 
0.0246588 
0.0232306 
0.0213022 
0.019204 
0.0171584 
0.0152717 
0.0135759 
0.012069 
0.0107364 
0.00955974 
0.00852044 
0.00760058 
0.00678365 
0.0060548 
0.00540082 
0.00481011 
0.00427253 
0.00377929 
0.00332279 
0.00289656 
0.00249515 
0.00211415 
0.00175018 
0.00140082 
0.00106458 
0.000740924 
0.000430316 
0.000134266 
-0.000144893 
-0.000404869 
-0.000643 
-0.000856031 
-0.00104061 
-0.0011934 
-0.00131138 
-0.00139192 
-0.00143318 
-0.00143318 
-0.0207735 
-0.0207735 
-0.0295269 
-0.0379954 
-0.044524 
-0.0487169 
-0.0507002 
-0.0507787 
-0.04928 
-0.0464932 
-0.0426547 
-0.0379569 
-0.032567 
-0.0266462 
-0.020364 
-0.0139058 
-0.00747053 
-0.00124888 
0.0046169 
0.0099891 
0.0147723 
0.0189307 
0.0224949 
0.0255422 
0.028135 
0.0302206 
0.0315757 
0.0319069 
0.0310771 
0.0292501 
0.026812 
0.0241672 
0.0215942 
0.0192275 
0.0171066 
0.0152266 
0.0135666 
0.0121019 
0.0108079 
0.00966167 
0.00864258 
0.00773208 
0.00691383 
0.00617347 
0.00549846 
0.00487787 
0.00430228 
0.00376359 
0.00325502 
0.0027711 
0.00230761 
0.00186163 
0.00143132 
0.00101594 
0.000615656 
0.000231566 
-0.000133536 
-0.000474883 
-0.00078824 
-0.00106925 
-0.00131337 
-0.0015159 
-0.00167257 
-0.00177969 
-0.00183471 
-0.00183471 
-0.0292807 
-0.0292807 
-0.038704 
-0.04765 
-0.0543133 
-0.0583503 
-0.0599805 
-0.0595805 
-0.057516 
-0.0540844 
-0.0495124 
-0.0439771 
-0.037634 
-0.0306429 
-0.0231875 
-0.0154823 
-0.00776737 
-0.000271647 
0.00680399 
0.013274 
0.0190093 
0.0239527 
0.0281195 
0.0315848 
0.0344265 
0.0366162 
0.0379438 
0.038111 
0.036977 
0.0347295 
0.031805 
0.0286624 
0.0256189 
0.0228272 
0.0203305 
0.0181202 
0.0161699 
0.014449 
0.0129276 
0.0115787 
0.0103776 
0.00930268 
0.00833484 
0.00745725 
0.00665518 
0.0059158 
0.00522796 
0.00458205 
0.00397003 
0.00338537 
0.00282307 
0.00227958 
0.00175275 
0.00124192 
0.000747869 
0.000273085 
-0.000178401 
-0.000602208 
-0.000993366 
-0.00134573 
-0.00165276 
-0.0019083 
-0.00210664 
-0.00224267 
-0.00231284 
-0.00231284 
-0.0380168 
-0.0380168 
-0.04789 
-0.0569024 
-0.0632879 
-0.0668607 
-0.067963 
-0.0670308 
-0.064438 
-0.0604592 
-0.0552846 
-0.0490551 
-0.0419001 
-0.0339685 
-0.0254555 
-0.0166098 
-0.00772426 
0.00092818 
0.0091048 
0.0165757 
0.0231782 
0.0288311 
0.0335362 
0.0373645 
0.0403979 
0.0426164 
0.0438196 
0.0437242 
0.0422202 
0.03954 
0.0361667 
0.0325935 
0.0291557 
0.0260116 
0.0232032 
0.0207179 
0.0185242 
0.016587 
0.0148724 
0.0133499 
0.011992 
0.0107744 
0.00967568 
0.00867706 
0.00776199 
0.00691598 
0.00612637 
0.00538223 
0.0046744 
0.00399548 
0.00333976 
0.00270317 
0.00208328 
0.00147924 
0.000891616 
0.000322947 
-0.000222551 
-0.000737608 
-0.00121459 
-0.00164599 
-0.00202354 
-0.00233891 
-0.00258455 
-0.00275365 
-0.00284134 
-0.00284134 
-0.0462627 
-0.0462627 
-0.0564798 
-0.0652549 
-0.0710674 
-0.0739889 
-0.0744917 
-0.0730466 
-0.0700066 
-0.0655985 
-0.0599571 
-0.0531747 
-0.0453441 
-0.0365937 
-0.0271251 
-0.0172271 
-0.00725678 
0.00245337 
0.0115964 
0.0199064 
0.0272112 
0.033431 
0.0385661 
0.0426809 
0.0458455 
0.0480269 
0.0490249 
0.0485881 
0.0466685 
0.0435644 
0.0398001 
0.0358812 
0.0321399 
0.0287277 
0.0256808 
0.0229822 
0.0205971 
0.0184871 
0.0166162 
0.0149513 
0.0134631 
0.0121254 
0.0109151 
0.00981196 
0.00879786 
0.00785692 
0.00697515 
0.00614041 
0.00534252 
0.00457316 
0.00382582 
0.00309584 
0.0023803 
0.00167862 
0.000991943 
0.000323864 
-0.000319067 
-0.000929401 
-0.0014983 
-0.00201564 
-0.00247091 
-0.0028532 
-0.00315237 
-0.00335929 
-0.0034673 
-0.0034673 
-0.0535928 
-0.0535928 
-0.064041 
-0.072344 
-0.0774054 
-0.0796045 
-0.0795178 
-0.0776229 
-0.0742322 
-0.069511 
-0.0635317 
-0.0563345 
-0.0479712 
-0.0385374 
-0.0282323 
-0.0173906 
-0.00644903 
0.00418848 
0.0141413 
0.0231165 
0.0309539 
0.0375925 
0.0430418 
0.047359 
0.0505884 
0.0526657 
0.053386 
0.0525488 
0.0501972 
0.0467081 
0.0426351 
0.038473 
0.034531 
0.0309433 
0.0277373 
0.0248924 
0.0223718 
0.0201364 
0.0181492 
0.016376 
0.0147867 
0.0133542 
0.0120543 
0.0108657 
0.0097691 
0.00874759 
0.00778602 
0.0068713 
0.00599231 
0.0051399 
0.00430678 
0.00348762 
0.00267942 
0.00188077 
0.00109264 
0.000319877 
-0.000429999 
-0.00114644 
-0.00181871 
-0.00243422 
-0.00297923 
-0.00343954 
-0.00380172 
-0.00405362 
-0.0041861 
-0.0041861 
-0.0596602 
-0.0596602 
-0.0702221 
-0.0779032 
-0.0821535 
-0.0836521 
-0.0830337 
-0.080765 
-0.0771112 
-0.0721732 
-0.0659641 
-0.0584786 
-0.0497303 
-0.0397659 
-0.0287654 
-0.0171087 
-0.00532546 
0.00607449 
0.0166267 
0.0260545 
0.0342418 
0.0411548 
0.0468097 
0.0512467 
0.0544692 
0.0563695 
0.0567452 
0.0554731 
0.0527105 
0.0489111 
0.0446371 
0.040348 
0.0363143 
0.0326464 
0.029362 
0.0264383 
0.0238391 
0.0215262 
0.0194632 
0.0176165 
0.0159559 
0.0144542 
0.0130869 
0.011832 
0.0106696 
0.0095817 
0.0085524 
0.00756768 
0.00661554 
0.00568579 
0.00477015 
0.00386263 
0.0029588 
0.00205757 
0.0011618 
0.000278028 
-0.000585208 
-0.00141732 
-0.00220478 
-0.00293156 
-0.00357995 
-0.00413145 
-0.00456822 
-0.00487402 
-0.00503631 
-0.00503631 
-0.0642528 
-0.0642528 
-0.074802 
-0.0817943 
-0.0852689 
-0.0861428 
-0.0850673 
-0.0824935 
-0.078642 
-0.0735537 
-0.0671943 
-0.0595258 
-0.0505369 
-0.0402215 
-0.0287155 
-0.0164134 
-0.00394865 
0.00798644 
0.0188755 
0.0285341 
0.0369058 
0.0439727 
0.0497421 
0.0542201 
0.0573552 
0.0589979 
0.058973 
0.0572662 
0.0541578 
0.0501595 
0.045812 
0.0415186 
0.0375012 
0.033845 
0.0305597 
0.0276226 
0.0250001 
0.0226566 
0.020558 
0.0186724 
0.0169707 
0.0154262 
0.0140146 
0.0127139 
0.0115037 
0.0103653 
0.0092822 
0.00823962 
0.00722456 
0.00622582 
0.00523389 
0.00424116 
0.00324295 
0.00223944 
0.00123323 
0.00023028 
-0.000759663 
-0.00172307 
-0.00264329 
-0.00350029 
-0.00427139 
-0.00493254 
-0.00546015 
-0.00583241 
-0.00603202 
-0.00603202 
-0.0672578 
-0.0672578 
-0.0776744 
-0.0839909 
-0.0867916 
-0.0871407 
-0.0856846 
-0.0828609 
-0.0788534 
-0.0736543 
-0.0671947 
-0.0594161 
-0.0502983 
-0.0398167 
-0.0280498 
-0.0153567 
-0.00251303 
0.00961219 
0.0205841 
0.0303216 
0.0387783 
0.045923 
0.0517364 
0.0561765 
0.0591342 
0.0604399 
0.0599846 
0.0578906 
0.0545489 
0.0504922 
0.046208 
0.0420287 
0.038127 
0.0345657 
0.0313497 
0.0284589 
0.0258641 
0.0235342 
0.0214382 
0.0195471 
0.0178336 
0.0162722 
0.0148394 
0.0135133 
0.0122733 
0.0111004 
0.00997766 
0.00888944 
0.00782164 
0.00676139 
0.00569721 
0.00462076 
0.00352828 
0.00241901 
0.00129476 
0.000162739 
-0.000966087 
-0.0020771 
-0.00314998 
-0.00415968 
-0.00507727 
-0.00587144 
-0.00651086 
-0.00696615 
-0.00721318 
-0.00721318 
-0.0686501 
-0.0686501 
-0.0788363 
-0.0845552 
-0.0868191 
-0.0867488 
-0.0849847 
-0.0819547 
-0.0778179 
-0.0725323 
-0.0660084 
-0.0581721 
-0.0489987 
-0.0384978 
-0.0267291 
-0.0139291 
-0.00114032 
0.0107754 
0.0216676 
0.031391 
0.0398553 
0.0470001 
0.0527668 
0.0570585 
0.0597254 
0.0606235 
0.059758 
0.0573843 
0.0539625 
0.0500008 
0.0459096 
0.0419482 
0.0382459 
0.0348493 
0.0317624 
0.0289698 
0.0264481 
0.0241715 
0.0221136 
0.0202483 
0.018551 
0.016998 
0.0155668 
0.0142358 
0.0129846 
0.0117944 
0.0106475 
0.00952759 
0.0084187 
0.00730586 
0.0061767 
0.00502317 
0.00383933 
0.00262259 
0.00137431 
0.000101423 
-0.00118386 
-0.00246472 
-0.00371682 
-0.00490921 
-0.00600511 
-0.00696382 
-0.00774366 
-0.00830478 
-0.0086133 
-0.0086133 
-0.0684724 
-0.0684724 
-0.0783438 
-0.0835812 
-0.0854529 
-0.0850657 
-0.0830621 
-0.0798596 
-0.0756066 
-0.0702558 
-0.0637049 
-0.0558707 
-0.0467304 
-0.0363414 
-0.0248659 
-0.0126813 
-0.00042462 
0.0112863 
0.0220463 
0.0316839 
0.0400774 
0.0471317 
0.0527424 
0.0567736 
0.0590766 
0.0595765 
0.0583804 
0.0558769 
0.0525427 
0.0488184 
0.0450272 
0.0413636 
0.0379241 
0.0347462 
0.031836 
0.0291842 
0.0267743 
0.0245859 
0.0225974 
0.0207867 
0.0191318 
0.0176112 
0.0162034 
0.0148877 
0.0136442 
0.0124542 
0.0112995 
0.0101622 
0.00902412 
0.00786916 
0.00668446 
0.00545908 
0.00418478 
0.00285728 
0.00147699 
5.04706e-05 
-0.00140941 
-0.00288515 
-0.00434806 
-0.00576014 
-0.00707485 
-0.00823918 
-0.00919742 
-0.00989519 
-0.0102845 
-0.0102845 
-0.0668059 
-0.0668059 
-0.0763458 
-0.0812558 
-0.0828827 
-0.0822887 
-0.0801175 
-0.076789 
-0.0724613 
-0.067097 
-0.0605975 
-0.0528841 
-0.0439494 
-0.0338792 
-0.0228696 
-0.0112682 
0.000389746 
0.0115971 
0.022006 
0.0313755 
0.039532 
0.0463322 
0.0516295 
0.055277 
0.0571695 
0.0573323 
0.0559996 
0.0535732 
0.0504816 
0.0471017 
0.0436822 
0.0403677 
0.0372328 
0.0343111 
0.0316129 
0.0291353 
0.0268683 
0.0247975 
0.0229058 
0.0211753 
0.0195868 
0.0181209 
0.0167577 
0.0154772 
0.0142607 
0.0130894 
0.0119442 
0.0108052 
0.00965287 
0.00846999 
0.0072409 
0.0059517 
0.00459129 
0.00315256 
0.00163374 
3.93798e-05 
-0.00161758 
-0.00331925 
-0.00503276 
-0.00671212 
-0.00829868 
-0.00972336 
-0.0109114 
-0.011788 
-0.0122849 
-0.0122849 
-0.0637379 
-0.0637379 
-0.0730555 
-0.0777811 
-0.0792897 
-0.0785914 
-0.076325 
-0.0729203 
-0.0685609 
-0.0632365 
-0.0568654 
-0.0493816 
-0.0407912 
-0.0311944 
-0.0207942 
-0.00990939 
0.00104186 
0.0116356 
0.0215367 
0.0304708 
0.0382236 
0.0446137 
0.0494783 
0.052694 
0.0542269 
0.054196 
0.0528901 
0.0506901 
0.0479641 
0.0450003 
0.0419909 
0.0390502 
0.036242 
0.0335993 
0.0311368 
0.0288575 
0.0267576 
0.024828 
0.0230564 
0.0214283 
0.0199277 
0.0185373 
0.0172386 
0.0160133 
0.0148433 
0.0137099 
0.0125926 
0.0114696 
0.0103202 
0.00912484 
0.00786444 
0.00652138 
0.00508076 
0.00353136 
0.00186796 
9.16971e-05 
-0.00178576 
-0.00374855 
-0.00576041 
-0.00776641 
-0.00969307 
-0.0114502 
-0.0129369 
-0.0140497 
-0.0146907 
-0.0146907 
-0.0594426 
-0.0594426 
-0.0686462 
-0.073327 
-0.0748489 
-0.0741629 
-0.0718919 
-0.0684782 
-0.0641427 
-0.0589168 
-0.0527469 
-0.0455845 
-0.0374449 
-0.0284293 
-0.0187293 
-0.0086264 
0.00152926 
0.0113806 
0.0206227 
0.028963 
0.0361641 
0.0420298 
0.0464093 
0.0492252 
0.0505126 
0.0504459 
0.0493154 
0.0474519 
0.0451509 
0.0426343 
0.0400487 
0.037489 
0.0350156 
0.0326624 
0.0304493 
0.0283846 
0.0264696 
0.0246997 
0.023067 
0.0215604 
0.0201669 
0.0188709 
0.0176559 
0.0165052 
0.015402 
0.0143269 
0.0132571 
0.01217 
0.0110433 
0.00985411 
0.00857956 
0.00719736 
0.00568737 
0.00403249 
0.0022217 
0.00025036 
-0.00187336 
-0.00413814 
-0.0065064 
-0.00891395 
-0.0112691 
-0.0134538 
-0.0153318 
-0.0167584 
-0.0175934 
-0.0175934 
-0.0540933 
-0.0540933 
-0.0632949 
-0.0680651 
-0.0697361 
-0.0691917 
-0.0670262 
-0.0636896 
-0.0594453 
-0.0543768 
-0.0484698 
-0.0416976 
-0.0340835 
-0.0257253 
-0.016797 
-0.00754092 
0.00175312 
0.0107804 
0.0192585 
0.0268964 
0.033457 
0.0387546 
0.0426693 
0.0451713 
0.0463407 
0.0463663 
0.045508 
0.0440342 
0.0421747 
0.0401004 
0.037931 
0.0357483 
0.0336072 
0.0315463 
0.0295892 
0.0277484 
0.02603 
0.0244337 
0.022955 
0.0215861 
0.0203162 
0.0191317 
0.0180186 
0.0169629 
0.0159473 
0.0149502 
0.0139489 
0.01292 
0.0118386 
0.0106782 
0.00941124 
0.00800966 
0.00644637 
0.00469632 
0.00273971 
0.000563432 
-0.00183187 
-0.00444372 
-0.00723739 
-0.0101396 
-0.0130361 
-0.0157726 
-0.0181639 
-0.0200086 
-0.0211059 
-0.0211059 
-0.0478589 
-0.0478589 
-0.0571621 
-0.0621491 
-0.0641071 
-0.0638469 
-0.0619191 
-0.0587693 
-0.0546995 
-0.0498522 
-0.0442624 
-0.0379313 
-0.0308906 
-0.0232311 
-0.0151066 
-0.00672396 
0.00167556 
0.00983335 
0.0174938 
0.0243839 
0.0302851 
0.0350375 
0.0385555 
0.0408435 
0.0419987 
0.0421962 
0.0416504 
0.0405714 
0.0391358 
0.0374793 
0.0357023 
0.0338785 
0.0320616 
0.0302898 
0.028589 
0.0269769 
0.0254629 
0.0240498 
0.0227366 
0.0215181 
0.0203861 
0.0193294 
0.0183373 
0.0173957 
0.0164863 
0.0155882 
0.0146787 
0.013733 
0.0127233 
0.0116192 
0.0103878 
0.00899403 
0.00740183 
0.0055754 
0.00348219 
0.00109647 
-0.00159526 
-0.00460399 
-0.00790526 
-0.0114172 
-0.0149974 
-0.0184438 
-0.0215065 
-0.0239079 
-0.0253615 
-0.0253615 
-0.0408908 
-0.0408908 
-0.0503897 
-0.0557107 
-0.0580911 
-0.0582649 
-0.0567257 
-0.0538968 
-0.0501052 
-0.045551 
-0.0403267 
-0.0344703 
-0.028025 
-0.0210742 
-0.013751 
-0.00623071 
0.00128546 
0.00857907 
0.0154261 
0.0215839 
0.0268626 
0.0311324 
0.0343355 
0.0364931 
0.0376989 
0.0380998 
0.0378642 
0.0371535 
0.0361055 
0.0348304 
0.0334149 
0.0319264 
0.0304167 
0.0289242 
0.0274772 
0.0260946 
0.0247883 
0.0235646 
0.0224257 
0.0213687 
0.0203878 
0.0194743 
0.0186189 
0.0178078 
0.017024 
0.0162473 
0.0154548 
0.01462 
0.0137126 
0.0126979 
0.0115372 
0.0101871 
0.0086003 
0.00672679 
0.00451629 
0.0019238 
-0.0010875 
-0.00454789 
-0.00845376 
-0.0127146 
-0.0171518 
-0.0215021 
-0.0254332 
-0.0285695 
-0.0305089 
-0.0305089 
-0.03332 
-0.03332 
-0.0430981 
-0.0488571 
-0.0517852 
-0.0525408 
-0.0515515 
-0.0491987 
-0.0458118 
-0.0416357 
-0.0368233 
-0.0314591 
-0.025606 
-0.0193435 
-0.0127858 
-0.00608064 
0.0006029 
0.00708224 
0.0131686 
0.0186541 
0.0233804 
0.0272439 
0.0302051 
0.0322884 
0.0335729 
0.0341739 
0.0342202 
0.033836 
0.0331305 
0.0321956 
0.0311074 
0.0299275 
0.0287053 
0.0274788 
0.0262771 
0.0251202 
0.0240228 
0.022993 
0.0220352 
0.0211482 
0.0203285 
0.01957 
0.018865 
0.0182013 
0.017563 
0.016931 
0.0162822 
0.015589 
0.0148187 
0.0139329 
0.0128864 
0.0116263 
0.0100915 
0.00821328 
0.0059168 
0.0031268 
-0.000228143 
-0.00420262 
-0.00882726 
-0.0140021 
-0.0195002 
-0.02498 
-0.0300069 
-0.034088 
-0.0366755 
-0.0366755 
-0.025256 
-0.025256 
-0.0353869 
-0.0416723 
-0.0452566 
-0.0467276 
-0.0464453 
-0.0447346 
-0.0419003 
-0.0382073 
-0.0338593 
-0.0289945 
-0.0237087 
-0.0180878 
-0.0122329 
-0.00626876 
-0.000337835 
0.00541064 
0.01082 
0.0157177 
0.0199736 
0.0235045 
0.0262801 
0.0283205 
0.0296864 
0.030465 
0.030754 
0.0306496 
0.0302404 
0.0296042 
0.0288081 
0.0279088 
0.0269529 
0.0259769 
0.0250099 
0.0240729 
0.0231821 
0.0223468 
0.021573 
0.0208613 
0.0202108 
0.0196175 
0.0190761 
0.0185758 
0.0181028 
0.0176388 
0.0171614 
0.0166426 
0.0160485 
0.0153369 
0.0144566 
0.0133438 
0.0119207 
0.0100932 
0.00775185 
0.00477671 
0.00105145 
-0.00351684 
-0.00899627 
-0.0152791 
-0.0220667 
-0.0289126 
-0.0352589 
-0.040485 
-0.0438828 
-0.0438828 
-0.016788 
-0.016788 
-0.0273388 
-0.0342228 
-0.0385495 
-0.0408446 
-0.0414057 
-0.0404964 
-0.0383746 
-0.0352935 
-0.0314831 
-0.0271306 
-0.0223774 
-0.0173332 
-0.0120989 
-0.00678299 
-0.00150402 
0.00361521 
0.00844542 
0.012848 
0.016715 
0.0199774 
0.0226086 
0.024621 
0.0260586 
0.0269856 
0.0274764 
0.027607 
0.0274503 
0.0270733 
0.0265357 
0.0258892 
0.0251773 
0.0244348 
0.0236904 
0.0229653 
0.0222762 
0.0216332 
0.021044 
0.0205106 
0.020035 
0.0196156 
0.0192494 
0.0189273 
0.0186379 
0.0183647 
0.0180866 
0.0177766 
0.0174004 
0.0169138 
0.0162591 
0.0153609 
0.0141198 
0.0124076 
0.010066 
0.00691535 
0.00277818 
-0.00249034 
-0.00899363 
-0.0166053 
-0.0249089 
-0.0333175 
-0.0411385 
-0.0476354 
-0.0519528 
-0.0519528 
-0.00799632 
-0.00799632 
-0.0190258 
-0.0265659 
-0.0316975 
-0.0348943 
-0.0363995 
-0.0364223 
-0.0351651 
-0.0328416 
-0.0296741 
-0.0258758 
-0.021633 
-0.0170964 
-0.012387 
-0.00761105 
-0.00287165 
0.00172693 
0.00607957 
0.010078 
0.0136312 
0.0166795 
0.0191969 
0.0211885 
0.0226841 
0.023731 
0.0243864 
0.0247118 
0.0247684 
0.0246146 
0.0243037 
0.023883 
0.0233927 
0.022866 
0.0223305 
0.0218069 
0.0213124 
0.0208572 
0.0204507 
0.0200966 
0.0197999 
0.0195608 
0.0193791 
0.0192477 
0.0191582 
0.0190964 
0.0190443 
0.018977 
0.0188615 
0.0186526 
0.0182874 
0.0176759 
0.016691 
0.0151585 
0.0128556 
0.00952508 
0.0049078 
-0.00120292 
-0.00893313 
-0.0180865 
-0.0280699 
-0.0381321 
-0.0474615 
-0.0552425 
-0.0605085 
-0.0605085 
0.00106059 
0.00106059 
-0.010506 
-0.0187534 
-0.024734 
-0.0288818 
-0.0313912 
-0.0324299 
-0.0321528 
-0.0307251 
-0.0283315 
-0.025175 
-0.0214631 
-0.0173883 
-0.0131123 
-0.00876418 
-0.00444863 
-0.000258499 
0.00371825 
0.00739907 
0.0107078 
0.0135904 
0.0160205 
0.0179968 
0.0195387 
0.0206814 
0.0214702 
0.021956 
0.0221914 
0.0222281 
0.0221144 
0.0218935 
0.0216029 
0.0212737 
0.0209326 
0.0205992 
0.020291 
0.0200178 
0.0197913 
0.0196159 
0.0195002 
0.0194458 
0.0194552 
0.019524 
0.0196474 
0.0198145 
0.0200116 
0.0202176 
0.0204029 
0.0205226 
0.020508 
0.0202515 
0.0195896 
0.0182894 
0.016048 
0.0125109 
0.00731821 
0.00019384 
-0.00895881 
-0.0197894 
-0.0314977 
-0.0431736 
-0.0539236 
-0.0629034 
-0.0690807 
-0.0690807 
0.0102958 
0.0102958 
-0.00182061 
-0.0108289 
-0.017698 
-0.0228294 
-0.0263713 
-0.0284592 
-0.0292176 
-0.028776 
-0.0272765 
-0.0248834 
-0.0217859 
-0.0181886 
-0.0142917 
-0.0102691 
-0.00625712 
-0.00235757 
0.00134862 
0.00479557 
0.00792427 
0.0106863 
0.0130542 
0.0150223 
0.016603 
0.0178231 
0.0187198 
0.019337 
0.0197211 
0.019919 
0.0199748 
0.0199288 
0.0198161 
0.019666 
0.019504 
0.019348 
0.0192164 
0.0191177 
0.0190662 
0.0190666 
0.019131 
0.0192618 
0.0194652 
0.0197393 
0.0200837 
0.0204919 
0.0209555 
0.0214589 
0.0219773 
0.0224672 
0.0228526 
0.0230033 
0.0227114 
0.0216746 
0.0194953 
0.0157051 
0.00983141 
0.00154459 
-0.00914121 
-0.0216655 
-0.0350269 
-0.0481759 
-0.0601742 
-0.070202 
-0.0772121 
-0.0772121 
0.0196382 
0.0196382 
0.00699553 
-0.00282454 
-0.010631 
-0.0167794 
-0.0213716 
-0.024509 
-0.0262981 
-0.0268558 
-0.0263038 
-0.024772 
-0.0224086 
-0.0193874 
-0.015906 
-0.0121692 
-0.00836419 
-0.00463818 
-0.00109249 
0.00220853 
0.00522315 
0.00791155 
0.0102462 
0.0122185 
0.0138363 
0.0151214 
0.0161062 
0.01683 
0.0173359 
0.0176676 
0.0178669 
0.0179719 
0.0180163 
0.0180278 
0.0180308 
0.0180412 
0.0180778 
0.0181469 
0.018266 
0.0184384 
0.0186804 
0.0189946 
0.0193914 
0.0198714 
0.0204394 
0.0210938 
0.0218326 
0.0226468 
0.0235172 
0.0244015 
0.025214 
0.0257974 
0.0258936 
0.0251253 
0.022992 
0.0189035 
0.0122798 
0.00277628 
-0.00943085 
-0.0235648 
-0.0384346 
-0.0528578 
-0.0658789 
-0.0767623 
-0.0845007 
-0.0845007 
0.0290618 
0.0290618 
0.0158873 
0.00523773 
-0.00356327 
-0.0107799 
-0.0164543 
-0.0206437 
-0.0234309 
-0.0249342 
-0.025285 
-0.0246139 
-0.0230479 
-0.0207195 
-0.0177806 
-0.01441 
-0.0108073 
-0.00716936 
-0.00366044 
-0.000390677 
0.00258542 
0.00525083 
0.007585 
0.00957774 
0.0112356 
0.0125779 
0.0136351 
0.0144448 
0.0150484 
0.0154888 
0.0158069 
0.0160401 
0.0162216 
0.0163771 
0.0165302 
0.0166934 
0.0168874 
0.0171138 
0.0173949 
0.0177308 
0.0181431 
0.0186334 
0.0192171 
0.019897 
0.0206836 
0.02158 
0.0225913 
0.0237149 
0.0249372 
0.0262157 
0.0274525 
0.0284612 
0.0289325 
0.0284167 
0.0263137 
0.0219203 
0.0145661 
0.00391297 
-0.00970229 
-0.0253031 
-0.0414972 
-0.0569587 
-0.0707407 
-0.0822612 
-0.0906063 
-0.0906063 
0.0385616 
0.0385616 
0.0248518 
0.0133412 
0.00349178 
-0.0048615 
-0.0116808 
-0.016958 
-0.0207319 
-0.0231134 
-0.0242582 
-0.0243335 
-0.0234924 
-0.0218651 
-0.0195675 
-0.0167212 
-0.0134731 
-0.0100022 
-0.00650603 
-0.00316697 
-0.000113874 
0.00260036 
0.0049786 
0.00701967 
0.00872874 
0.0101266 
0.0112442 
0.0121202 
0.0127981 
0.0133224 
0.0137353 
0.014075 
0.014375 
0.01466 
0.0149534 
0.0152627 
0.0156103 
0.0159897 
0.0164293 
0.0169233 
0.0174995 
0.0181577 
0.0189192 
0.0197883 
0.0207813 
0.021906 
0.0231739 
0.0245886 
0.0261406 
0.0277852 
0.0294112 
0.0308036 
0.0316082 
0.0313152 
0.0292426 
0.0245981 
0.016636 
0.00500845 
-0.0098268 
-0.0267127 
-0.0440053 
-0.0602292 
-0.0744922 
-0.0864247 
-0.0952472 
-0.0952472 
0.0481431 
0.0481431 
0.0339045 
0.0215104 
0.0105508 
0.00097207 
-0.00707947 
-0.0135228 
-0.018325 
-0.0215622 
-0.0234036 
-0.024066 
-0.0237654 
-0.0226845 
-0.0209587 
-0.0186853 
-0.0159479 
-0.0128476 
-0.00952501 
-0.00616154 
-0.0029533 
-6.18242e-05 
0.00243723 
0.00456537 
0.00634728 
0.00780586 
0.0089785 
0.00990869 
0.0106426 
0.0112292 
0.011715 
0.0121415 
0.0125438 
0.0129446 
0.0133652 
0.0138055 
0.0142936 
0.0148097 
0.0153937 
0.0160291 
0.0167538 
0.0175626 
0.0184838 
0.0195224 
0.0207 
0.022028 
0.0235234 
0.0251936 
0.0270309 
0.0289867 
0.0309355 
0.0326395 
0.0337114 
0.0336039 
0.0315843 
0.0268074 
0.0184641 
0.00613843 
-0.00969467 
-0.0276494 
-0.0457434 
-0.0624124 
-0.0768898 
-0.0890294 
-0.0982027 
-0.0982027 
0.0578092 
0.0578092 
0.0430613 
0.0297801 
0.0176645 
0.00676531 
-0.00263281 
-0.0103536 
-0.0162747 
-0.0204102 
-0.0229167 
-0.0240508 
-0.0240991 
-0.023327 
-0.0219431 
-0.0200865 
-0.0178358 
-0.0152357 
-0.012335 
-0.00922314 
-0.00604852 
-0.00300431 
-0.000277714 
0.00202701 
0.00392421 
0.00546405 
0.00669137 
0.00765832 
0.00842518 
0.00905054 
0.00958649 
0.0100784 
0.0105653 
0.0110712 
0.0116184 
0.0121973 
0.0128379 
0.013498 
0.0142305 
0.0150064 
0.0158721 
0.0168202 
0.0178849 
0.0190723 
0.0204079 
0.0219068 
0.0235889 
0.0254639 
0.0275237 
0.0297152 
0.0319022 
0.0338305 
0.0350897 
0.0351221 
0.0331803 
0.0284094 
0.0199524 
0.00725072 
-0.0092872 
-0.0279909 
-0.0464657 
-0.0632429 
-0.0777208 
-0.0899098 
-0.099319 
-0.099319 
0.0675478 
0.0675478 
0.0523224 
0.0381702 
0.0248758 
0.0125779 
0.0017076 
-0.0074151 
-0.0145729 
-0.0196938 
-0.0228976 
-0.0244666 
-0.0247492 
-0.0240924 
-0.0227912 
-0.0210664 
-0.0190577 
-0.0168292 
-0.014391 
-0.0117388 
-0.00890111 
-0.0059743 
-0.00312898 
-0.000572186 
0.00153991 
0.00320288 
0.00450639 
0.00552547 
0.00632254 
0.00697015 
0.00753605 
0.0080805 
0.00864981 
0.00926271 
0.0099311 
0.0106263 
0.0113992 
0.0121708 
0.0130268 
0.0139115 
0.0148924 
0.015951 
0.0171271 
0.0184291 
0.0198849 
0.0215124 
0.0233317 
0.0253525 
0.0275628 
0.029902 
0.0322228 
0.0342605 
0.0356025 
0.035698 
0.0338244 
0.0291648 
0.02091 
0.00830897 
-0.00856001 
-0.0274764 
-0.0458238 
-0.0624386 
-0.076799 
-0.0889494 
-0.0984944 
-0.0984944 
0.0773223 
0.0773223 
0.0616618 
0.0466747 
0.032204 
0.0184532 
0.0060037 
-0.00465431 
-0.0131738 
-0.0193797 
-0.0233386 
-0.025353 
-0.0258325 
-0.0252003 
-0.0238242 
-0.021995 
-0.0199268 
-0.0177586 
-0.0155523 
-0.0133018 
-0.0109641 
-0.00851093 
-0.00597643 
-0.00347876 
-0.00120112 
0.000681236 
0.00210708 
0.00315705 
0.00395609 
0.00460867 
0.0051894 
0.00576113 
0.00638038 
0.00708045 
0.00788016 
0.00873972 
0.00970441 
0.0106308 
0.0116371 
0.0126553 
0.0137499 
0.0149096 
0.0161757 
0.0175645 
0.0191051 
0.0208183 
0.0227235 
0.0248284 
0.0271158 
0.0295176 
0.0318792 
0.0339305 
0.0352631 
0.035339 
0.0334794 
0.028909 
0.0209142 
0.00873716 
-0.00757732 
-0.0258463 
-0.0436752 
-0.0599403 
-0.0741007 
-0.0861523 
-0.0957562 
-0.0957562 
0.0870633 
0.0870633 
0.0710189 
0.0552531 
0.0396379 
0.0244084 
0.0102903 
-0.00203359 
-0.012032 
-0.0194117 
-0.02418 
-0.026654 
-0.0273161 
-0.0266783 
-0.0251808 
-0.0231603 
-0.020866 
-0.0184862 
-0.0161574 
-0.0139558 
-0.0118842 
-0.00988446 
-0.0078838 
-0.0058507 
-0.00382866 
-0.00193314 
-0.000322234 
0.000894432 
0.00175511 
0.0023956 
0.00295299 
0.00355147 
0.0042784 
0.00514887 
0.0061176 
0.00709464 
0.00820148 
0.00920195 
0.0103119 
0.0114021 
0.0125554 
0.0137648 
0.0150711 
0.0164979 
0.0180737 
0.019821 
0.0217563 
0.0238829 
0.026177 
0.0285637 
0.0308848 
0.0328711 
0.0341285 
0.034142 
0.0322882 
0.0278587 
0.0202304 
0.0088078 
-0.00627518 
-0.0233117 
-0.0402552 
-0.0559403 
-0.0697704 
-0.0816519 
-0.0912488 
-0.0912488 
0.0966611 
0.0966611 
0.0802902 
0.0638185 
0.0471201 
0.030423 
0.0145822 
0.000483854 
-0.0110958 
-0.0197248 
-0.0253443 
-0.0282809 
-0.029101 
-0.0284281 
-0.0267959 
-0.0245913 
-0.0220758 
-0.019433 
-0.0168087 
-0.014331 
-0.0121019 
-0.010167 
-0.00849475 
-0.00700122 
-0.00561312 
-0.00430735 
-0.00310773 
-0.00205536 
-0.00118607 
-0.000485413 
0.000121118 
0.000728846 
0.0014477 
0.00235705 
0.00346233 
0.00471774 
0.00618119 
0.00740951 
0.00868243 
0.00992859 
0.0111669 
0.0124291 
0.013758 
0.0151932 
0.0167671 
0.0185051 
0.0204215 
0.0225156 
0.0247575 
0.0270674 
0.0292876 
0.0311575 
0.0323055 
0.0322516 
0.0304333 
0.0262293 
0.0191004 
0.00866153 
-0.00484845 
-0.0202164 
-0.0358867 
-0.0507261 
-0.0640582 
-0.0756695 
-0.085184 
-0.085184 
0.105963 
0.105963 
0.0893244 
0.0722302 
0.0545372 
0.0364267 
0.0188618 
0.0029291 
-0.0103093 
-0.0202419 
-0.0267361 
-0.0301284 
-0.0310728 
-0.030323 
-0.0285289 
-0.0261479 
-0.023464 
-0.02065 
-0.0178197 
-0.0150675 
-0.0124943 
-0.0102158 
-0.0083374 
-0.00689745 
-0.00584114 
-0.00506388 
-0.00449106 
-0.00407711 
-0.00376326 
-0.00345285 
-0.00302213 
-0.00234488 
-0.00129784 
0.000166115 
0.00173587 
0.0031697 
0.00480411 
0.00604005 
0.00736099 
0.00861827 
0.00984391 
0.0110699 
0.0123446 
0.0137181 
0.0152271 
0.0168982 
0.0187426 
0.0207536 
0.0228956 
0.0250853 
0.0271699 
0.0289046 
0.0299481 
0.0298668 
0.0281643 
0.0243154 
0.0178755 
0.00860525 
-0.00323729 
-0.016787 
-0.0309215 
-0.0446572 
-0.0572895 
-0.0684949 
-0.0778344 
-0.0778344 
0.114775 
0.114775 
0.0979244 
0.0802952 
0.0617211 
0.0423019 
0.0230819 
0.00531508 
-0.00961541 
-0.0208667 
-0.0282324 
-0.0320638 
-0.0330995 
-0.0322329 
-0.0302448 
-0.0276763 
-0.0248462 
-0.0219303 
-0.0190279 
-0.0162013 
-0.0135018 
-0.0109875 
-0.00874808 
-0.0069119 
-0.00561357 
-0.00488884 
-0.00463304 
-0.0046714 
-0.0048725 
-0.0051386 
-0.00534944 
-0.00539686 
-0.00512482 
-0.00428866 
-0.00282276 
-0.000639493 
0.00198189 
0.00378429 
0.00534742 
0.00691013 
0.00827058 
0.00951286 
0.0107331 
0.0120191 
0.0134273 
0.0149917 
0.0167244 
0.018616 
0.0206274 
0.022676 
0.0246178 
0.0262301 
0.027208 
0.0271708 
0.0256905 
0.0223321 
0.0167398 
0.00875563 
-0.00140197 
-0.0131188 
-0.0255936 
-0.0380307 
-0.0497688 
-0.0604184 
-0.0694796 
-0.0694796 
0.122871 
0.122871 
0.105857 
0.0877769 
0.0684521 
0.0478723 
0.027145 
0.00763269 
-0.00895194 
-0.0214843 
-0.0296825 
-0.0339236 
-0.0350235 
-0.0340154 
-0.0318156 
-0.0290534 
-0.026085 
-0.0230923 
-0.0201687 
-0.0173663 
-0.0147238 
-0.0122752 
-0.0100564 
-0.00810398 
-0.00648213 
-0.00529796 
-0.00468669 
-0.00464864 
-0.00501583 
-0.00553489 
-0.00600944 
-0.00638462 
-0.00653552 
-0.00616143 
-0.00529003 
-0.00333838 
-6.23118e-08 
0.00218226 
0.00404347 
0.00561283 
0.00691493 
0.00804679 
0.00911787 
0.0102328 
0.0114645 
0.0128576 
0.0144275 
0.0161634 
0.0180234 
0.0199263 
0.0217392 
0.0232643 
0.0242361 
0.0243285 
0.0231797 
0.0204315 
0.015798 
0.00915551 
0.000658879 
-0.00925586 
-0.0200311 
-0.0310503 
-0.0417398 
-0.0516936 
-0.0603731 
-0.0603731 
0.130004 
0.130004 
0.112867 
0.0944115 
0.0744749 
0.0529098 
0.030895 
0.00984054 
-0.00825579 
-0.0219624 
-0.0309119 
-0.0355186 
-0.0366649 
-0.0355135 
-0.03311 
-0.0301683 
-0.0270805 
-0.0240329 
-0.0211107 
-0.0183544 
-0.0157912 
-0.0134463 
-0.0113518 
-0.00954056 
-0.00804222 
-0.00686083 
-0.00598421 
-0.00541682 
-0.00524249 
-0.00552518 
-0.00592003 
-0.00645856 
-0.00700342 
-0.00702744 
-0.00651674 
-0.00556562 
-0.00436214 
-0.00285804 
-0.000360267 
0.00247452 
0.00457791 
0.00601632 
0.00714234 
0.00818193 
0.00927226 
0.0104913 
0.0118768 
0.0134322 
0.0151266 
0.016889 
0.0186018 
0.0200927 
0.0211341 
0.0214501 
0.0207374 
0.0186988 
0.0150967 
0.00981548 
0.00294565 
-0.00522144 
-0.0143026 
-0.0238446 
-0.0333787 
-0.0425194 
-0.0507216 
-0.0507216 
0.135924 
0.135924 
0.118701 
0.0999329 
0.0795259 
0.0571636 
0.0341345 
0.0118753 
-0.00743327 
-0.0221383 
-0.0317321 
-0.03665 
-0.0378376 
-0.0365677 
-0.0339989 
-0.0309186 
-0.0277499 
-0.0246812 
-0.0217889 
-0.019102 
-0.0166352 
-0.0144013 
-0.0124161 
-0.0106986 
-0.00926743 
-0.00814462 
-0.0073269 
-0.0068061 
-0.00645097 
-0.00635018 
-0.00629003 
-0.00644426 
-0.00688348 
-0.00709494 
-0.00690505 
-0.00629752 
-0.00522092 
-0.00412114 
-0.00192051 
0.000529496 
0.00241895 
0.00383317 
0.00493181 
0.00589658 
0.00686197 
0.00792172 
0.00913382 
0.010519 
0.0120609 
0.0137045 
0.0153531 
0.016863 
0.0180441 
0.0186658 
0.0184737 
0.0172166 
0.0146867 
0.0107638 
0.0054716 
-0.00101804 
-0.00844109 
-0.0164899 
-0.0248011 
-0.0330355 
-0.0406767 
-0.0406767 
0.140404 
0.140404 
0.123136 
0.104099 
0.0833626 
0.0603908 
0.0366302 
0.0135769 
-0.00650569 
-0.0219205 
-0.0319997 
-0.0371543 
-0.0383832 
-0.0370405 
-0.0343713 
-0.0312182 
-0.0280263 
-0.0249839 
-0.0221578 
-0.0195664 
-0.0172133 
-0.0151021 
-0.0132379 
-0.0116319 
-0.0102873 
-0.00921301 
-0.00838129 
-0.00779686 
-0.00739511 
-0.00723408 
-0.00712752 
-0.0071311 
-0.00727593 
-0.00737802 
-0.00728203 
-0.00694293 
-0.00634739 
-0.00549447 
-0.00433679 
-0.00303672 
-0.00166206 
-0.00030288 
0.00103377 
0.00228816 
0.00347212 
0.00464628 
0.00588034 
0.00722589 
0.00870631 
0.0103067 
0.011967 
0.0135796 
0.014992 
0.0160132 
0.0164277 
0.0160169 
0.014589 
0.0120123 
0.00825037 
0.00337458 
-0.00245151 
-0.00901811 
-0.0160664 
-0.0233234 
-0.0303337 
-0.0303337 
0.143231 
0.143231 
0.126003 
0.106734 
0.0857989 
0.0624129 
0.0382109 
0.0148862 
-0.00545966 
-0.0212722 
-0.0316563 
-0.0369485 
-0.0382032 
-0.0368356 
-0.0341444 
-0.0310018 
-0.027861 
-0.0249049 
-0.0221907 
-0.0197275 
-0.0175096 
-0.0155331 
-0.0137942 
-0.0122976 
-0.0110381 
-0.0100248 
-0.00922976 
-0.00865981 
-0.00823693 
-0.00799084 
-0.00782553 
-0.00777038 
-0.00782205 
-0.00786053 
-0.00778084 
-0.00758051 
-0.00713519 
-0.00660179 
-0.00570474 
-0.00466394 
-0.00366366 
-0.00273022 
-0.00183847 
-0.000948165 
9.55421e-07 
0.00105196 
0.00224886 
0.00361432 
0.00514687 
0.00682741 
0.00861467 
0.0104317 
0.0121643 
0.0136613 
0.0147427 
0.0152155 
0.0148958 
0.0136355 
0.0113485 
0.00802708 
0.00373748 
-0.00138779 
-0.00716785 
-0.0134097 
-0.0197395 
-0.0197395 
0.144208 
0.144208 
0.127175 
0.107705 
0.0866066 
0.0631265 
0.038936 
0.0158568 
-0.00430652 
-0.0200741 
-0.0305019 
-0.0358389 
-0.037143 
-0.0358448 
-0.0332495 
-0.0302291 
-0.0272306 
-0.0244308 
-0.0218798 
-0.0195809 
-0.0175234 
-0.0156982 
-0.0140964 
-0.0127183 
-0.011554 
-0.0106071 
-0.00985096 
-0.00928991 
-0.00887489 
-0.00862278 
-0.00846215 
-0.00839709 
-0.00840677 
-0.00844126 
-0.00843098 
-0.00835952 
-0.00817227 
-0.00789552 
-0.00747571 
-0.0069808 
-0.0064352 
-0.00587488 
-0.00529654 
-0.004696 
-0.00402668 
-0.00322499 
-0.00223037 
-0.000987031 
0.000546497 
0.00237283 
0.00444774 
0.00669127 
0.0089911 
0.0112017 
0.0131522 
0.0146576 
0.0155343 
0.0156182 
0.0147866 
0.0129738 
0.0101791 
0.00646003 
0.00192816 
-0.00328349 
-0.00891334 
-0.00891334 
0.143258 
0.143258 
0.126601 
0.107042 
0.085867 
0.0626226 
0.0388459 
0.0163134 
-0.00334697 
-0.0187099 
-0.0288552 
-0.0340265 
-0.0353007 
-0.0341 
-0.0316898 
-0.0288972 
-0.0261368 
-0.0235689 
-0.0212368 
-0.0191414 
-0.0172702 
-0.015613 
-0.0141593 
-0.0129072 
-0.0118461 
-0.0109779 
-0.0102807 
-0.00975693 
-0.00936646 
-0.00911605 
-0.00896194 
-0.00890408 
-0.00891863 
-0.00897547 
-0.0090191 
-0.00905117 
-0.00900167 
-0.00892786 
-0.00874233 
-0.00851839 
-0.00828786 
-0.008073 
-0.00786369 
-0.00763256 
-0.0073269 
-0.00688188 
-0.0062223 
-0.00526867 
-0.00394498 
-0.00219938 
-1.99522e-05 
0.00254455 
0.005397 
0.00839104 
0.0113399 
0.0140306 
0.0162429 
0.0177716 
0.0184468 
0.0181506 
0.0168256 
0.0144735 
0.0111632 
0.00697334 
0.00207737 
0.00207737 
0.140335 
0.140335 
0.124253 
0.104813 
0.0837289 
0.0610053 
0.0379824 
0.0162932 
-0.00252996 
-0.0171168 
-0.0266684 
-0.0314935 
-0.0326917 
-0.0316408 
-0.0295147 
-0.0270545 
-0.0246215 
-0.0223538 
-0.0202902 
-0.0184327 
-0.0167717 
-0.0152986 
-0.0140046 
-0.0128874 
-0.0119383 
-0.0111578 
-0.0105293 
-0.0100541 
-0.00970516 
-0.00948592 
-0.00936461 
-0.00933863 
-0.00938641 
-0.00949321 
-0.00962215 
-0.00977134 
-0.00990357 
-0.0100425 
-0.0101526 
-0.0102661 
-0.0103851 
-0.0105223 
-0.0106666 
-0.0107924 
-0.010846 
-0.0107519 
-0.0104184 
-0.00974392 
-0.00862551 
-0.00697604 
-0.00473643 
-0.00189657 
0.00148125 
0.00525955 
0.00924332 
0.0131925 
0.0168365 
0.0199046 
0.0221591 
0.0234185 
0.0235681 
0.0225601 
0.0204138 
0.0171696 
0.0129768 
0.0129768 
0.135419 
0.135419 
0.120127 
0.101104 
0.0803679 
0.058404 
0.0364054 
0.0158486 
-0.0018033 
-0.0152763 
-0.0239708 
-0.0283145 
-0.0294234 
-0.0285861 
-0.026836 
-0.0247957 
-0.0227606 
-0.0208461 
-0.0190889 
-0.0174958 
-0.0160631 
-0.0147864 
-0.0136607 
-0.0126856 
-0.0118554 
-0.0111713 
-0.0106217 
-0.0102076 
-0.00991022 
-0.00973089 
-0.00964885 
-0.00966209 
-0.0097531 
-0.00991383 
-0.0101168 
-0.0103668 
-0.010632 
-0.0109411 
-0.0112599 
-0.0116208 
-0.0120241 
-0.0124777 
-0.0129666 
-0.0134589 
-0.013896 
-0.0141945 
-0.0142469 
-0.0139252 
-0.0130889 
-0.0116021 
-0.00935409 
-0.00628406 
-0.0024056 
0.0021502 
0.007161 
0.0123597 
0.0174311 
0.0220391 
0.0258718 
0.0286762 
0.0302737 
0.0305653 
0.0295255 
0.0271603 
0.023593 
0.023593 
0.12855 
0.12855 
0.11426 
0.0959976 
0.0759447 
0.0549839 
0.0342598 
0.0151273 
-0.00103494 
-0.0131152 
-0.0207773 
-0.0245884 
-0.0256482 
-0.0251033 
-0.0238064 
-0.0222462 
-0.0206527 
-0.0191221 
-0.0176927 
-0.0163788 
-0.0151842 
-0.0141105 
-0.0131579 
-0.0123287 
-0.0116215 
-0.0110386 
-0.0105735 
-0.0102281 
-0.0099909 
-0.00986341 
-0.00983175 
-0.00989484 
-0.0100406 
-0.0102658 
-0.0105537 
-0.0109102 
-0.0113179 
-0.0117975 
-0.0123303 
-0.0129366 
-0.0136127 
-0.0143626 
-0.0151718 
-0.0160094 
-0.0168167 
-0.0175053 
-0.0179544 
-0.0180115 
-0.0174978 
-0.0162257 
-0.0140235 
-0.0107709 
-0.0064314 
-0.00109439 
0.0049979 
0.0115092 
0.0180495 
0.0242002 
0.0295758 
0.0338629 
0.0368308 
0.0383366 
0.0383162 
0.0367462 
0.0337345 
0.0337345 
0.119866 
0.119866 
0.106758 
0.089602 
0.0706087 
0.0509399 
0.031761 
0.0143412 
-6.11297e-05 
-0.0105698 
-0.017148 
-0.020474 
-0.0215728 
-0.0213975 
-0.0206016 
-0.0195456 
-0.0184052 
-0.0172647 
-0.0161666 
-0.0151336 
-0.0141776 
-0.0133069 
-0.012527 
-0.0118441 
-0.0112606 
-0.010781 
-0.0104033 
-0.0101307 
-0.00995689 
-0.0098841 
-0.00990418 
-0.0100176 
-0.0102173 
-0.0105032 
-0.0108654 
-0.0113138 
-0.0118374 
-0.0124574 
-0.0131601 
-0.0139651 
-0.0148699 
-0.0158793 
-0.0169804 
-0.0181446 
-0.0193147 
-0.0203999 
-0.0212688 
-0.0217448 
-0.0216091 
-0.0206171 
-0.0185294 
-0.0151548 
-0.0104005 
-0.00430008 
0.00288629 
0.0107362 
0.0187579 
0.0264237 
0.0332663 
0.0389225 
0.0431293 
0.0457182 
0.0465984 
0.045724 
0.0431954 
0.0431954 
0.109618 
0.109618 
0.0978372 
0.0820999 
0.0645479 
0.046502 
0.0291605 
0.0137138 
0.0012479 
-0.00765619 
-0.0132319 
-0.0162005 
-0.0174433 
-0.017687 
-0.0173962 
-0.0168286 
-0.0161218 
-0.0153544 
-0.0145742 
-0.0138114 
-0.0130856 
-0.012411 
-0.0117985 
-0.0112578 
-0.0107952 
-0.0104176 
-0.010127 
-0.00992795 
-0.00981886 
-0.00980286 
-0.0098763 
-0.0100413 
-0.0102955 
-0.0106416 
-0.0110758 
-0.0116106 
-0.0122415 
-0.0129864 
-0.0138391 
-0.0148159 
-0.0159175 
-0.0171507 
-0.0185072 
-0.0199637 
-0.0214683 
-0.0229318 
-0.0242159 
-0.0251237 
-0.0253982 
-0.0247383 
-0.0228338 
-0.0194187 
-0.0143299 
-0.00753963 
0.000726093 
0.00997761 
0.0195286 
0.0286857 
0.0368928 
0.0437614 
0.04903 
0.0525323 
0.0541673 
0.053875 
0.051755 
0.051755 
0.0982092 
0.0982092 
0.0878532 
0.0737922 
0.0580283 
0.0419333 
0.0267003 
0.0134107 
0.00291406 
-0.00451231 
-0.00927106 
-0.0120432 
-0.0135073 
-0.0141677 
-0.0143396 
-0.0142095 
-0.0138919 
-0.0134624 
-0.0129728 
-0.0124593 
-0.0119472 
-0.0114558 
-0.0110004 
-0.010594 
-0.0102463 
-0.00996638 
-0.00975931 
-0.00963143 
-0.00958435 
-0.00962232 
-0.00974545 
-0.00995745 
-0.0102598 
-0.0106576 
-0.0111518 
-0.0117569 
-0.0124718 
-0.0133136 
-0.0142817 
-0.0153926 
-0.0166514 
-0.0180685 
-0.0196408 
-0.0213514 
-0.0231553 
-0.024968 
-0.0266472 
-0.0279796 
-0.0286753 
-0.0283806 
-0.026717 
-0.0233476 
-0.018035 
-0.0106922 
-0.00143345 
0.00923893 
0.0203301 
0.0309102 
0.0403325 
0.0482153 
0.0543373 
0.0585624 
0.0607945 
0.0609659 
0.059182 
0.059182 
0.0861462 
0.0861462 
0.0772781 
0.0650875 
0.0513854 
0.0375037 
0.024562 
0.0134729 
0.00480792 
-0.00138725 
-0.00556233 
-0.0082666 
-0.00996482 
-0.0109846 
-0.0115404 
-0.0117742 
-0.0117852 
-0.011646 
-0.0114103 
-0.0111174 
-0.0107965 
-0.0104705 
-0.010158 
-0.00987472 
-0.00963287 
-0.00944349 
-0.00931418 
-0.00925268 
-0.00926321 
-0.00935111 
-0.00951955 
-0.00977363 
-0.0101179 
-0.01056 
-0.0111043 
-0.0117662 
-0.012547 
-0.0134622 
-0.0145168 
-0.0157272 
-0.0171034 
-0.018659 
-0.0203977 
-0.0223106 
-0.0243623 
-0.0264726 
-0.0284978 
-0.0302134 
-0.0313039 
-0.0313709 
-0.0299762 
-0.0267241 
-0.0213157 
-0.0136308 
-0.00356294 
0.00848654 
0.0210814 
0.0329431 
0.0433639 
0.0520288 
0.0587891 
0.0635527 
0.0662331 
0.0667585 
0.0652463 
0.0652463 
0.0739954 
0.0739954 
0.0666475 
0.0564458 
0.044972 
0.0334377 
0.0228094 
0.0137788 
0.00666912 
0.00140634 
-0.0023715 
-0.00505565 
-0.00693478 
-0.00822014 
-0.00906357 
-0.00957797 
-0.00985006 
-0.00994768 
-0.00992349 
-0.00981777 
-0.00966152 
-0.00947975 
-0.00929305 
-0.00911893 
-0.00897155 
-0.0088633 
-0.00880366 
-0.00880137 
-0.00886267 
-0.00899374 
-0.00920007 
-0.00948809 
-0.00986498 
-0.0103407 
-0.0109216 
-0.0116205 
-0.0124431 
-0.0134044 
-0.0145133 
-0.015787 
-0.0172398 
-0.0188886 
-0.0207432 
-0.0228014 
-0.0250342 
-0.0273691 
-0.0296672 
-0.031701 
-0.0331356 
-0.0335246 
-0.0323865 
-0.0292785 
-0.0238677 
-0.0160145 
-0.00546969 
0.00773354 
0.0216403 
0.0344802 
0.0456225 
0.0548471 
0.062068 
0.0672243 
0.0702355 
0.0710277 
0.0697394 
0.0697394 
0.0623244 
0.0623244 
0.0564907 
0.0483015 
0.0390761 
0.0298369 
0.021342 
0.0140701 
0.00819317 
0.00362795 
0.000150518 
-0.0024846 
-0.00445552 
-0.00590253 
-0.00693691 
-0.00764954 
-0.00811514 
-0.00839492 
-0.00853827 
-0.00858427 
-0.00856401 
-0.00850313 
-0.00842318 
-0.00834258 
-0.0082766 
-0.00823851 
-0.00823895 
-0.0082874 
-0.00839156 
-0.00855814 
-0.00879425 
-0.00910794 
-0.00950845 
-0.0100062 
-0.0106075 
-0.0113258 
-0.0121688 
-0.013151 
-0.0142837 
-0.0155847 
-0.0170711 
-0.0187627 
-0.0206739 
-0.0228089 
-0.0251466 
-0.0276217 
-0.0300986 
-0.0323437 
-0.034008 
-0.034634 
-0.0337086 
-0.0307535 
-0.0254169 
-0.0175093 
-0.00681147 
0.00696622 
0.0216829 
0.0351399 
0.046733 
0.0563405 
0.0638916 
0.0693363 
0.0725939 
0.0735925 
0.0725022 
0.0725022 
0.0516509 
0.0516509 
0.0472534 
0.0409672 
0.0338273 
0.0266335 
0.0199407 
0.0140807 
0.0091709 
0.00517644 
0.00198327 
-0.000538115 
-0.00250938 
-0.00402215 
-0.00516049 
-0.00599647 
-0.00659263 
-0.0070024 
-0.00727033 
-0.00743273 
-0.00751938 
-0.00755538 
-0.00756223 
-0.00755847 
-0.00755977 
-0.00757967 
-0.00762947 
-0.00771896 
-0.00785685 
-0.00804983 
-0.00830634 
-0.00863605 
-0.00904938 
-0.00955485 
-0.0101611 
-0.0108803 
-0.0117217 
-0.0126991 
-0.0138253 
-0.015118 
-0.0165955 
-0.0182786 
-0.0201848 
-0.0223227 
-0.0246783 
-0.0271952 
-0.029746 
-0.0321004 
-0.0339024 
-0.034675 
-0.0338784 
-0.0310044 
-0.0256781 
-0.0176872 
-0.006955 
0.00631049 
0.0207593 
0.034466 
0.0463585 
0.0562541 
0.0640575 
0.0697246 
0.0731764 
0.0743493 
0.0734561 
0.0734561 
0.0423436 
0.0423436 
0.0391963 
0.0345526 
0.029177 
0.0236622 
0.0184096 
0.0136707 
0.00955527 
0.00607792 
0.00319636 
0.000845612 
-0.00104557 
-0.00254614 
-0.00371571 
-0.00461064 
-0.00528174 
-0.00577414 
-0.00612668 
-0.00637193 
-0.00653733 
-0.00664657 
-0.00672028 
-0.00677645 
-0.0068305 
-0.0068958 
-0.00698371 
-0.00710418 
-0.0072662 
-0.0074761 
-0.0077438 
-0.00808024 
-0.00849418 
-0.00899465 
-0.00959062 
-0.0102935 
-0.0111129 
-0.012062 
-0.0131534 
-0.0144041 
-0.0158318 
-0.0174567 
-0.019297 
-0.0213632 
-0.0236467 
-0.0260998 
-0.028607 
-0.0309507 
-0.0327849 
-0.0336355 
-0.0329532 
-0.0302137 
-0.0250352 
-0.017244 
-0.00689327 
0.0056589 
0.0193294 
0.0326658 
0.0445413 
0.0545416 
0.0624841 
0.0682984 
0.0719036 
0.073256 
0.072619 
0.072619 
0.0345126 
0.0345126 
0.0323422 
0.0289905 
0.024999 
0.0207962 
0.0166777 
0.0128488 
0.00941876 
0.00643177 
0.00388604 
0.00175486 
-1.12847e-06 
-0.00142937 
-0.00257256 
-0.00347353 
-0.00417234 
-0.004706 
-0.00510736 
-0.00540471 
-0.00562258 
-0.00578262 
-0.00590397 
-0.00600353 
-0.00609594 
-0.00619397 
-0.00630861 
-0.0064498 
-0.00662589 
-0.00684311 
-0.00711263 
-0.00744523 
-0.00784851 
-0.00833127 
-0.0089026 
-0.00957282 
-0.0103515 
-0.0112505 
-0.0122817 
-0.0134601 
-0.0148018 
-0.0163246 
-0.0180448 
-0.0199727 
-0.0221025 
-0.0243946 
-0.0267491 
-0.028971 
-0.0307405 
-0.0316077 
-0.0310361 
-0.0285031 
-0.0236295 
-0.0162777 
-0.00658859 
0.00499166 
0.0176038 
0.0301398 
0.0415974 
0.0514215 
0.0593214 
0.0651668 
0.0688678 
0.0704018 
0.0700705 
0.0700705 
0.0280206 
0.0280206 
0.0265463 
0.024145 
0.0211944 
0.0179993 
0.0147799 
0.0117059 
0.00887915 
0.00635621 
0.00415588 
0.00227378 
0.000690614 
-0.000621638 
-0.00169508 
-0.00256014 
-0.0032479 
-0.00378782 
-0.00420692 
-0.00452912 
-0.00477573 
-0.00496594 
-0.00511701 
-0.00524431 
-0.00536131 
-0.00547989 
-0.00561027 
-0.00576219 
-0.00594251 
-0.00615794 
-0.00642057 
-0.00673919 
-0.00712105 
-0.00757456 
-0.00810822 
-0.00873129 
-0.00945267 
-0.0102826 
-0.0112316 
-0.0123121 
-0.0135377 
-0.0149223 
-0.0164788 
-0.0182148 
-0.0201249 
-0.0221764 
-0.0242861 
-0.0262892 
-0.0279091 
-0.0287443 
-0.0282994 
-0.0260736 
-0.0216919 
-0.0150246 
-0.00623829 
0.00421649 
0.015612 
0.0270775 
0.0377718 
0.0471163 
0.0547501 
0.0604819 
0.0642095 
0.0659278 
0.0659472 
0.0659472 
0.0226117 
0.0226117 
0.0216081 
0.0198858 
0.0177076 
0.0152873 
0.0127875 
0.0103456 
0.00805013 
0.00595904 
0.00409977 
0.00248035 
0.00109432 
-7.35837e-05 
-0.00104527 
-0.00184227 
-0.00248804 
-0.00300543 
-0.00341604 
-0.0037396 
-0.00399408 
-0.00419602 
-0.00436055 
-0.00450122 
-0.00463006 
-0.00475772 
-0.00489359 
-0.00504649 
-0.00522189 
-0.00542712 
-0.00567409 
-0.0059694 
-0.00632011 
-0.00673382 
-0.00721827 
-0.0077815 
-0.00843135 
-0.00917634 
-0.0100252 
-0.0109877 
-0.012074 
-0.013294 
-0.0146563 
-0.0161642 
-0.0178109 
-0.019568 
-0.0213682 
-0.0230798 
-0.0244791 
-0.0252328 
-0.0249137 
-0.0230673 
-0.0193284 
-0.0135463 
-0.00585692 
0.00333112 
0.013391 
0.0236045 
0.0332762 
0.0418696 
0.0490078 
0.0544672 
0.0581389 
0.0600298 
0.0604227 
0.0604227 
0.0180274 
0.0180274 
0.0173389 
0.0161019 
0.0145003 
0.012681 
0.0107622 
0.00885202 
0.00702306 
0.00532833 
0.00379691 
0.00244269 
0.00126667 
0.000261715 
-0.000585498 
-0.0012906 
-0.00187035 
-0.00234211 
-0.00272269 
-0.00302786 
-0.00327238 
-0.00347006 
-0.00363374 
-0.00377496 
-0.00390421 
-0.00403058 
-0.00416269 
-0.00430755 
-0.00446991 
-0.00465755 
-0.00488069 
-0.0051445 
-0.00545549 
-0.00582031 
-0.0062457 
-0.00673847 
-0.00730513 
-0.00795249 
-0.00868735 
-0.00951679 
-0.0104477 
-0.0114864 
-0.0126366 
-0.0138978 
-0.0152602 
-0.016698 
-0.0181566 
-0.0195349 
-0.0206631 
-0.0212854 
-0.021063 
-0.0196147 
-0.0166045 
-0.011853 
-0.00542336 
0.00236606 
0.0109861 
0.0198185 
0.0282828 
0.0359105 
0.0423508 
0.0473828 
0.0509028 
0.052925 
0.0536705 
0.0536705 
0.0140536 
0.0140536 
0.0135802 
0.0126973 
0.0115337 
0.0101878 
0.00874393 
0.00728416 
0.00586529 
0.00453213 
0.00331133 
0.00221826 
0.00125762 
0.000427259 
-0.000280458 
-0.00087625 
-0.00137176 
-0.00177983 
-0.00211309 
-0.00238374 
-0.00260346 
-0.00278337 
-0.002934 
-0.00306476 
-0.00318448 
-0.00330051 
-0.00342062 
-0.00354963 
-0.00369192 
-0.00385534 
-0.00404743 
-0.00427272 
-0.00453669 
-0.00484501 
-0.00520322 
-0.00561689 
-0.0060912 
-0.0066313 
-0.00724207 
-0.00792831 
-0.00869424 
-0.00954283 
-0.0104745 
-0.0114852 
-0.0125631 
-0.0136837 
-0.0148022 
-0.0158417 
-0.0166791 
-0.0171319 
-0.0169548 
-0.0158601 
-0.0135708 
-0.00990204 
-0.00484022 
0.0014212 
0.00848816 
0.0158287 
0.0229481 
0.0294478 
0.0350243 
0.0394841 
0.0427388 
0.0448035 
0.0458175 
0.0458175 
0.0105241 
0.0105241 
0.0102032 
0.00958746 
0.00876533 
0.00780093 
0.00675248 
0.00567959 
0.00462422 
0.00362165 
0.0026938 
0.00185478 
0.00111039 
0.000461061 
-9.72203e-05 
-0.000571389 
-0.000969273 
-0.00129994 
-0.00157248 
-0.00179586 
-0.00197888 
-0.00213007 
-0.0022576 
-0.00236879 
-0.00247067 
-0.00256885 
-0.00266987 
-0.00277671 
-0.00289327 
-0.00302666 
-0.00318184 
-0.00336285 
-0.00357391 
-0.00381959 
-0.00410427 
-0.00443219 
-0.00480725 
-0.00523309 
-0.00571298 
-0.00624984 
-0.00684586 
-0.00750186 
-0.00821613 
-0.00898286 
-0.00978978 
-0.0106147 
-0.0114208 
-0.01215 
-0.012715 
-0.0129919 
-0.0128172 
-0.0119972 
-0.0103354 
-0.00767942 
-0.00397686 
0.000689699 
0.00608884 
0.0118178 
0.0174656 
0.0226991 
0.0272661 
0.0310073 
0.0338519 
0.0358072 
0.036931 
0.036931 
0.00730885 
0.00730885 
0.00710195 
0.00669674 
