0 
6.55328e-05 
0.000897335 
0.00220925 
0.00299582 
0.0034719 
0.00372889 
0.00383907 
0.00385048 
0.00379523 
0.00369365 
0.00355773 
0.00339376 
0.00320439 
0.00299015 
0.00275068 
0.00248548 
0.00219454 
0.00187868 
0.00153982 
0.00118114 
0.000807319 
0.000424861 
4.41621e-05 
-0.000322856 
-0.000672034 
-0.00100196 
-0.00130859 
-0.0015864 
-0.00183031 
-0.00203555 
-0.00219772 
-0.00231314 
-0.00237932 
-0.00239537 
-0.00236253 
-0.00228491 
-0.00217055 
-0.0020327 
-0.00189052 
-0.00176704 
-0.00168215 
-0.0016411 
-0.00162651 
-0.00160394 
-0.00154158 
-0.00142895 
-0.00127867 
-0.00111285 
-0.00094931 
-0.00079671 
-0.000656773 
-0.00052803 
-0.000408356 
-0.000295964 
-0.000189591 
-8.8771e-05 
6.32275e-06 
9.58272e-05 
0.000179099 
0.00025363 
0.000317043 
0.000367358 
0.000402433 
0.000420743 
0 
-6.55328e-05 
-6.55328e-05 
-0.000897335 
-0.00220925 
-0.00299582 
-0.0034719 
-0.00372889 
-0.00383907 
-0.00385048 
-0.00379523 
-0.00369365 
-0.00355773 
-0.00339376 
-0.00320439 
-0.00299015 
-0.00275068 
-0.00248548 
-0.00219454 
-0.00187868 
-0.00153982 
-0.00118114 
-0.000807319 
-0.000424861 
-4.41621e-05 
0.000322856 
0.000672034 
0.00100196 
0.00130859 
0.0015864 
0.00183031 
0.00203555 
0.00219772 
0.00231314 
0.00237932 
0.00239537 
0.00236253 
0.00228491 
0.00217055 
0.0020327 
0.00189052 
0.00176704 
0.00168215 
0.0016411 
0.00162651 
0.00160394 
0.00154158 
0.00142895 
0.00127867 
0.00111285 
0.00094931 
0.00079671 
0.000656773 
0.00052803 
0.000408356 
0.000295964 
0.000189591 
8.8771e-05 
-6.32275e-06 
-9.58272e-05 
-0.000179099 
-0.00025363 
-0.000317043 
-0.000367358 
-0.000402433 
-0.000420743 
-0.000420743 
-0.000664982 
-0.000664982 
-0.00428111 
-0.00695263 
-0.00873907 
-0.00984006 
-0.0104438 
-0.0107005 
-0.0107203 
-0.0105806 
-0.0103308 
-0.00999987 
-0.00960167 
-0.00914032 
-0.00861426 
-0.00801942 
-0.00735152 
-0.0066076 
-0.0057872 
-0.00489295 
-0.00393104 
-0.0029115 
-0.00184853 
-0.000761825 
0.000324085 
0.00138886 
0.0024173 
0.00339217 
0.00429417 
0.00510401 
0.00580377 
0.00637759 
0.00681224 
0.00709839 
0.00723214 
0.00721658 
0.00706355 
0.00679613 
0.00645139 
0.00608163 
0.00574885 
0.00550612 
0.00536764 
0.00528818 
0.00517956 
0.00496361 
0.00461916 
0.0041825 
0.00371069 
0.00324761 
0.00281398 
0.00241382 
0.00204352 
0.00169749 
0.00137053 
0.00105896 
0.000760885 
0.000476563 
0.000208091 
-4.01452e-05 
-0.000261927 
-0.000450983 
-0.000601491 
-0.000706626 
-0.000761541 
-0.000761541 
-0.00508716 
-0.00508716 
-0.0088545 
-0.0120499 
-0.0143893 
-0.0158809 
-0.0167051 
-0.0170443 
-0.0170502 
-0.0168327 
-0.0164629 
-0.01598 
-0.0154006 
-0.0147264 
-0.0139508 
-0.0130637 
-0.0120555 
-0.0109192 
-0.00965237 
-0.00825782 
-0.00674439 
-0.00512686 
-0.00342563 
-0.00166575 
0.000120986 
0.00189808 
0.0036313 
0.00528771 
0.00683434 
0.00823844 
0.00946867 
0.0104968 
0.0112988 
0.0118573 
0.0121634 
0.0122205 
0.0120464 
0.0116766 
0.0111683 
0.0106007 
0.0100671 
0.00964684 
0.00936112 
0.00914379 
0.00886919 
0.00843267 
0.00781548 
0.00707796 
0.00630304 
0.00555024 
0.00484556 
0.00419244 
0.00358454 
0.00301329 
0.00247106 
0.00195248 
0.00145471 
0.000977994 
0.000525465 
0.000103315 
-0.000277951 
-0.000604354 
-0.000865075 
-0.00104778 
-0.00114356 
-0.00114356 
-0.00986469 
-0.00986469 
-0.0138178 
-0.0173416 
-0.0199338 
-0.0215605 
-0.0224193 
-0.0227259 
-0.0226626 
-0.0223586 
-0.0218928 
-0.0213039 
-0.0206023 
-0.0197803 
-0.0188216 
-0.0177073 
-0.0164206 
-0.0149497 
-0.01329 
-0.0114449 
-0.00942669 
-0.00725626 
-0.00496222 
-0.00257875 
-0.000147252 
0.00228402 
0.00466881 
0.00696229 
0.00912045 
0.0110998 
0.0128571 
0.0143516 
0.0155472 
0.0164156 
0.0169402 
0.017121 
0.0169784 
0.016557 
0.01593 
0.0151991 
0.0144826 
0.0138796 
0.0134136 
0.0130006 
0.0124919 
0.0117771 
0.0108547 
0.0098102 
0.00874369 
0.00772023 
0.00676441 
0.00587604 
0.005045 
0.00425937 
0.00350873 
0.00278594 
0.00208728 
0.0014147 
0.000773021 
0.000172358 
-0.000372034 
-0.000843195 
-0.00122336 
-0.00149154 
-0.00163285 
-0.00163285 
-0.0149847 
-0.0149847 
-0.0190726 
-0.022665 
-0.0252216 
-0.0267517 
-0.0274933 
-0.02769 
-0.0275397 
-0.027174 
-0.026665 
-0.0260382 
-0.0252887 
-0.0243939 
-0.0233239 
-0.0220491 
-0.0205448 
-0.0187944 
-0.0167912 
-0.0145399 
-0.0120568 
-0.00936988 
-0.00651795 
-0.00354755 
-0.000512242 
0.00253032 
0.0055222 
0.00840842 
0.0111365 
0.0136553 
0.0159141 
0.0178632 
0.0194561 
0.020654 
0.0214311 
0.0217809 
0.0217223 
0.021305 
0.0206137 
0.0197675 
0.0189037 
0.0181324 
0.017473 
0.0168252 
0.0160325 
0.0149999 
0.0137564 
0.0124115 
0.0110731 
0.00980258 
0.00861811 
0.00751378 
0.0064752 
0.00548735 
0.0045374 
0.00361666 
0.00272053 
0.00184923 
0.00100992 
0.000214379 
-0.000518803 
-0.00115859 
-0.00167839 
-0.00204878 
-0.00224675 
-0.00224675 
-0.0198202 
-0.0198202 
-0.0240929 
-0.0276352 
-0.0299928 
-0.0312935 
-0.031838 
-0.0318969 
-0.0316729 
-0.0312871 
-0.0307919 
-0.0301908 
-0.0294574 
-0.0285505 
-0.0274256 
-0.0260422 
-0.0243678 
-0.0223814 
-0.0200745 
-0.0174528 
-0.0145366 
-0.0113615 
-0.00797761 
-0.00444614 
-0.000837096 
0.00277668 
0.00632578 
0.00974719 
0.0129837 
0.0159815 
0.0186873 
0.0210471 
0.0230082 
0.0245233 
0.0255572 
0.0260955 
0.0261525 
0.0257791 
0.0250677 
0.0241502 
0.0231758 
0.0222564 
0.0213986 
0.0204884 
0.0193779 
0.0180078 
0.0164459 
0.0148211 
0.013239 
0.0117505 
0.0103637 
0.00906581 
0.00783771 
0.00666052 
0.0055186 
0.00440064 
0.00329987 
0.00222047 
0.00116624 
0.000156034 
-0.000780947 
-0.00161072 
-0.0022948 
-0.00278993 
-0.00306022 
-0.00306022 
-0.0243155 
-0.0243155 
-0.0287322 
-0.0320968 
-0.0341364 
-0.0351357 
-0.0354553 
-0.0353849 
-0.0351203 
-0.0347605 
-0.03433 
-0.0338048 
-0.033135 
-0.032261 
-0.0311245 
-0.0296748 
-0.0278727 
-0.0256929 
-0.0231248 
-0.0201738 
-0.0168631 
-0.0132349 
-0.00935104 
-0.00528862 
-0.0011361 
0.00301809 
0.00708821 
0.0110009 
0.0146945 
0.0181149 
0.02121 
0.0239269 
0.0262112 
0.0280107 
0.0292834 
0.0300075 
0.0301919 
0.0298868 
0.0291893 
0.0282396 
0.0271906 
0.0261442 
0.0250863 
0.0238958 
0.0224529 
0.0207506 
0.0188968 
0.0170299 
0.0152438 
0.0135737 
0.0120162 
0.0105514 
0.00915557 
0.00780648 
0.00648481 
0.00517825 
0.00387715 
0.00257813 
0.00129102 
4.03426e-05 
-0.00113729 
-0.00219637 
-0.00308633 
-0.00374416 
-0.00411355 
-0.00411355 
-0.0282481 
-0.0282481 
-0.032774 
-0.0358895 
-0.0375673 
-0.038259 
-0.0383691 
-0.0381985 
-0.0379278 
-0.037628 
-0.0372929 
-0.0368709 
-0.0362903 
-0.0354756 
-0.0343565 
-0.0328735 
-0.0309811 
-0.0286496 
-0.0258652 
-0.0226311 
-0.0189705 
-0.0149304 
-0.0105829 
-0.00602116 
-0.00135353 
0.00330763 
0.00785554 
0.0122067 
0.0162979 
0.0200781 
0.0235002 
0.0265148 
0.029069 
0.0311089 
0.0325881 
0.033479 
0.0337864 
0.0335595 
0.0328989 
0.0319478 
0.0308528 
0.0296932 
0.0284303 
0.0269493 
0.0251795 
0.0231748 
0.0210759 
0.0190175 
0.0170739 
0.0152623 
0.0135681 
0.0119651 
0.0104251 
0.00892111 
0.0074323 
0.00593815 
0.00442141 
0.00288411 
0.00134252 
-0.00017195 
-0.00162537 
-0.00296352 
-0.00411592 
-0.00499187 
-0.00550191 
-0.00550191 
-0.0315523 
-0.0315523 
-0.0361364 
-0.0389623 
-0.0402818 
-0.0406952 
-0.0406276 
-0.0403869 
-0.0401328 
-0.0399081 
-0.039677 
-0.0393645 
-0.0388814 
-0.0381392 
-0.0370576 
-0.0355692 
-0.0336225 
-0.0311828 
-0.0282324 
-0.0247704 
-0.020817 
-0.0164205 
-0.0116618 
-0.006649 
-0.00150945 
0.00361753 
0.00859682 
0.0133335 
0.0177649 
0.021846 
0.0255366 
0.0287931 
0.0315654 
0.0338 
0.035448 
0.036479 
0.0368956 
0.036748 
0.036139 
0.035209 
0.0340857 
0.032815 
0.0313387 
0.0295689 
0.027502 
0.0252504 
0.0229713 
0.0207824 
0.0187335 
0.0168246 
0.0150317 
0.0133231 
0.0116666 
0.0100315 
0.00838938 
0.00670798 
0.00497564 
0.0031984 
0.00138553 
-0.000435522 
-0.00222411 
-0.00391513 
-0.00541501 
-0.00659565 
-0.00731444 
-0.00731444 
-0.0341663 
-0.0341663 
-0.0387632 
-0.0412987 
-0.042302 
-0.0424851 
-0.0422756 
-0.0419867 
-0.0417557 
-0.0416017 
-0.0414645 
-0.0412514 
-0.0408603 
-0.0401932 
-0.0391613 
-0.0376897 
-0.0357204 
-0.0332138 
-0.030148 
-0.0265171 
-0.0223356 
-0.0176495 
-0.0125458 
-0.00714368 
-0.00158757 
0.00394494 
0.00928664 
0.0143385 
0.0190446 
0.0233675 
0.0272735 
0.030723 
0.033668 
0.0360552 
0.0378357 
0.0389785 
0.0394879 
0.0394169 
0.038869 
0.0379726 
0.0368234 
0.0354307 
0.0337334 
0.0316959 
0.0293887 
0.0269671 
0.024584 
0.0223299 
0.0202297 
0.0182692 
0.0164173 
0.0146382 
0.0128955 
0.0111518 
0.00936302 
0.00750246 
0.00555955 
0.00352875 
0.00141634 
-0.000752804 
-0.002943 
-0.00508181 
-0.00704773 
-0.00866117 
-0.00969483 
-0.00969483 
-0.0360845 
-0.0360845 
-0.0406524 
-0.0429249 
-0.0436739 
-0.0436775 
-0.043357 
-0.0430295 
-0.0428133 
-0.0427105 
-0.0426435 
-0.042508 
-0.0421938 
-0.0415957 
-0.040618 
-0.0391786 
-0.0372129 
-0.0346754 
-0.0315413 
-0.0278011 
-0.0234628 
-0.018566 
-0.0132014 
-0.00749466 
-0.00160579 
0.00424247 
0.0098552 
0.0151428 
0.0200596 
0.0245734 
0.0286518 
0.0322555 
0.035336 
0.0378406 
0.0397215 
0.0409512 
0.041539 
0.041542 
0.0410595 
0.0401957 
0.0390056 
0.0374718 
0.0355584 
0.0333018 
0.0308373 
0.0283367 
0.0259298 
0.0236754 
0.0215776 
0.019612 
0.0177431 
0.0159318 
0.0141359 
0.0123044 
0.0103945 
0.00837826 
0.00623406 
0.00394548 
0.00150854 
-0.00106345 
-0.00374774 
-0.00646817 
-0.00906859 
-0.0112965 
-0.0127968 
-0.0127968 
-0.0373233 
-0.0373233 
-0.0418296 
-0.0438868 
-0.0444505 
-0.0443211 
-0.0439136 
-0.0435467 
-0.0433264 
-0.0432456 
-0.0432172 
-0.0431309 
-0.0428716 
-0.0423293 
-0.0414027 
-0.0400036 
-0.03806 
-0.0355202 
-0.032357 
-0.0285604 
-0.0241349 
-0.0191117 
-0.013578 
-0.00766698 
-0.00157142 
0.00445136 
0.0102258 
0.0156762 
0.0207531 
0.0254176 
0.0296329 
0.0333568 
0.0365398 
0.03913 
0.0410836 
0.0423796 
0.0430349 
0.0431088 
0.0426862 
0.0418361 
0.0405757 
0.0388871 
0.0367897 
0.0343942 
0.0318739 
0.0293888 
0.0270342 
0.0248401 
0.0227958 
0.0208713 
0.0190286 
0.0172254 
0.0154081 
0.0135228 
0.0115254 
0.00937793 
0.00704494 
0.00449393 
0.00170558 
-0.00133281 
-0.0046338 
-0.00811774 
-0.0115699 
-0.0146282 
-0.016766 
-0.016766 
-0.0379199 
-0.0379199 
-0.0423454 
-0.0442459 
-0.0446906 
-0.044467 
-0.0439895 
-0.0435751 
-0.0433263 
-0.0432345 
-0.04321 
-0.043141 
-0.0429107 
-0.042407 
-0.0415252 
-0.0401716 
-0.0382667 
-0.0357519 
-0.0325969 
-0.0287925 
-0.0243473 
-0.0192915 
-0.0137029 
-0.00772116 
-0.00156734 
0.00451229 
0.0103677 
0.015919 
0.0211052 
0.0258781 
0.0301931 
0.034003 
0.0372564 
0.0399039 
0.0419076 
0.0432553 
0.0439703 
0.0441063 
0.0437226 
0.0428501 
0.0414894 
0.0396579 
0.0374457 
0.0350166 
0.0325469 
0.0301642 
0.0279285 
0.0258487 
0.0239058 
0.0220676 
0.0202964 
0.0185417 
0.0167444 
0.0148499 
0.0128077 
0.0105653 
0.0080681 
0.00525827 
0.00208186 
-0.00152951 
-0.00563587 
-0.0101199 
-0.0146527 
-0.0187236 
-0.0216213 
-0.0216213 
-0.0379256 
-0.0379256 
-0.042251 
-0.0440574 
-0.0444437 
-0.0441629 
-0.043632 
-0.0431607 
-0.0428589 
-0.042722 
-0.0426651 
-0.0425785 
-0.0423462 
-0.0418559 
-0.0410012 
-0.0396852 
-0.0378259 
-0.0353607 
-0.0322524 
-0.0284907 
-0.0240916 
-0.0190993 
-0.0135932 
-0.00769955 
-0.00160727 
0.0044562 
0.0103297 
0.0159247 
0.0211691 
0.0259976 
0.0303621 
0.0342132 
0.0374987 
0.0401721 
0.0422033 
0.0435873 
0.0443471 
0.0445198 
0.0441338 
0.0431983 
0.0417325 
0.039813 
0.0375889 
0.0352403 
0.0329172 
0.0307081 
0.0286459 
0.0267263 
0.0249283 
0.023223 
0.0215669 
0.0199044 
0.0181763 
0.0163255 
0.01429 
0.0119976 
0.00936376 
0.00628347 
0.00263349 
-0.00173733 
-0.00690284 
-0.0126157 
-0.0183726 
-0.0235174 
-0.0271964 
-0.0271964 
-0.0373727 
-0.0373727 
-0.0416357 
-0.0434051 
-0.0437773 
-0.0434664 
-0.0428892 
-0.0423514 
-0.0419749 
-0.0417649 
-0.0416456 
-0.041512 
-0.0412521 
-0.0407558 
-0.039918 
-0.0386417 
-0.0368423 
-0.0344536 
-0.0314346 
-0.0277722 
-0.0234841 
-0.0186215 
-0.0132698 
-0.00755254 
-0.00162947 
0.0043152 
0.0101202 
0.0156812 
0.0209136 
0.0257453 
0.0301141 
0.033967 
0.0372531 
0.03993 
0.0419729 
0.0433778 
0.0441572 
0.0443268 
0.0438958 
0.042881 
0.0413492 
0.0394368 
0.0373166 
0.0351496 
0.0330469 
0.0310637 
0.029216 
0.0274962 
0.0258867 
0.0243557 
0.0228568 
0.0213352 
0.0197332 
0.0179874 
0.0160195 
0.0137269 
0.0109696 
0.00755398 
0.0032508 
-0.00214937 
-0.00861393 
-0.0156649 
-0.0226363 
-0.0287912 
-0.0331981 
-0.0331981 
-0.0363207 
-0.0363207 
-0.0405612 
-0.0423433 
-0.0427413 
-0.0424296 
-0.0418187 
-0.0412114 
-0.0407446 
-0.040438 
-0.0402289 
-0.0400202 
-0.0397056 
-0.0391799 
-0.0383423 
-0.0370985 
-0.0353654 
-0.033076 
-0.030186 
-0.0266793 
-0.0225706 
-0.0179091 
-0.0127764 
-0.0072881 
-0.00158708 
0.004165 
0.00982194 
0.0152713 
0.0204195 
0.0251855 
0.0295001 
0.0333061 
0.0365531 
0.0392008 
0.0412244 
0.0426137 
0.0433675 
0.0434895 
0.0429958 
0.0419403 
0.0404388 
0.0386504 
0.0367369 
0.034825 
0.0329907 
0.0312686 
0.0296681 
0.0281829 
0.026796 
0.0254755 
0.024177 
0.0228495 
0.021435 
0.0198602 
0.018021 
0.015759 
0.0128339 
0.00892312 
0.00370753 
-0.00297055 
-0.0108318 
-0.019165 
-0.0272287 
-0.0342747 
-0.0393379 
-0.0393379 
-0.0348273 
-0.0348273 
-0.0390867 
-0.0409265 
-0.0413886 
-0.0411072 
-0.0404808 
-0.0398089 
-0.0392448 
-0.0388264 
-0.0385074 
-0.0382017 
-0.0378103 
-0.0372346 
-0.0363803 
-0.035159 
-0.0334913 
-0.0313121 
-0.0285761 
-0.0252636 
-0.0213845 
-0.0169811 
-0.0121275 
-0.00692717 
-0.0015067 
0.00399219 
0.00943345 
0.0147019 
0.0196993 
0.0243388 
0.028546 
0.0322593 
0.0354265 
0.0380063 
0.0399698 
0.0412997 
0.0419903 
0.042053 
0.041531 
0.0405169 
0.0391497 
0.0375824 
0.0359465 
0.034333 
0.032794 
0.0313549 
0.0300239 
0.0287976 
0.0276613 
0.0265853 
0.0255307 
0.0244509 
0.0232859 
0.021945 
0.0202769 
0.0180262 
0.0148093 
0.0101789 
0.00381557 
-0.00424988 
-0.0134428 
-0.0229111 
-0.031915 
-0.0397296 
-0.0453816 
-0.0453816 
-0.0329477 
-0.0329477 
-0.0372635 
-0.0392013 
-0.0397655 
-0.0395495 
-0.0389337 
-0.0382125 
-0.0375543 
-0.0370183 
-0.036578 
-0.0361604 
-0.0356758 
-0.0350334 
-0.0341463 
-0.0329337 
-0.0313231 
-0.0292535 
-0.026681 
-0.0235837 
-0.0199659 
-0.0158611 
-0.0113317 
-0.00646746 
-0.00137908 
0.00380984 
0.00897459 
0.0139991 
0.0187826 
0.0232352 
0.0272791 
0.0308485 
0.0338887 
0.0363557 
0.0382183 
0.0394601 
0.040084 
0.0401221 
0.0396461 
0.0387686 
0.0376244 
0.036341 
0.0350172 
0.033719 
0.0324859 
0.0313407 
0.0302933 
0.0293439 
0.0284807 
0.0276797 
0.0269092 
0.0261268 
0.0252658 
0.0242036 
0.0227094 
0.0203895 
0.0167078 
0.0111549 
0.00352622 
-0.00588084 
-0.0162582 
-0.0267044 
-0.0365038 
-0.0449694 
-0.0511456 
-0.0511456 
-0.0307314 
-0.0307314 
-0.0351364 
-0.0372088 
-0.0379126 
-0.0378005 
-0.0372295 
-0.0364849 
-0.0357477 
-0.0350993 
-0.0345358 
-0.0340007 
-0.0334152 
-0.0326963 
-0.0317652 
-0.0305494 
-0.0289843 
-0.0270154 
-0.0246026 
-0.0217237 
-0.018379 
-0.0145937 
-0.0104183 
-0.00592725 
-0.00121433 
0.00361661 
0.00845236 
0.0131775 
0.0176909 
0.0219012 
0.0257286 
0.0291051 
0.0319748 
0.0342945 
0.0360366 
0.0371938 
0.0377853 
0.0378631 
0.0375133 
0.0368463 
0.0359767 
0.0350027 
0.0339986 
0.0330155 
0.032088 
0.0312387 
0.0304811 
0.0298187 
0.0292447 
0.0287426 
0.028289 
0.0278434 
0.027324 
0.0265556 
0.0251946 
0.0226912 
0.01839 
0.0118058 
0.00292607 
-0.00769041 
-0.0191024 
-0.0303907 
-0.0408495 
-0.0498488 
-0.0564836 
-0.0564836 
-0.0282219 
-0.0282219 
-0.0327446 
-0.0349838 
-0.0358632 
-0.0358956 
-0.0354105 
-0.0346791 
-0.0338898 
-0.0331453 
-0.0324668 
-0.0318177 
-0.0311319 
-0.0303353 
-0.0293565 
-0.028131 
-0.0266021 
-0.024723 
-0.0224585 
-0.0197888 
-0.0167121 
-0.0132473 
-0.00943437 
-0.00533379 
-0.00102284 
0.00341415 
0.00787787 
0.0122567 
0.0164519 
0.0203728 
0.0239402 
0.0270873 
0.0297603 
0.0319215 
0.033552 
0.0346569 
0.0352689 
0.0354494 
0.0352828 
0.0348642 
0.0342838 
0.0336171 
0.0329224 
0.0322432 
0.0316123 
0.0310539 
0.0305845 
0.0302118 
0.029935 
0.0297468 
0.0296307 
0.0295446 
0.0293804 
0.0288889 
0.027596 
0.0248067 
0.0198024 
0.0121877 
0.00215905 
-0.00951577 
-0.0218406 
-0.0338547 
-0.0448395 
-0.0542521 
-0.0612764 
-0.0612764 
-0.025457 
-0.025457 
-0.0301214 
-0.032555 
-0.0336429 
-0.0338605 
-0.033507 
-0.0328341 
-0.032031 
-0.0312183 
-0.0304429 
-0.0296912 
-0.0289137 
-0.028046 
-0.0270239 
-0.0257896 
-0.0242938 
-0.0224967 
-0.020369 
-0.0178943 
-0.0150707 
-0.0119134 
-0.00845395 
-0.00474099 
-0.000836968 
0.00319075 
0.00725738 
0.0112596 
0.0151042 
0.0187052 
0.0219876 
0.024889 
0.0273619 
0.0293764 
0.0309231 
0.0320165 
0.0326949 
0.0330178 
0.0330582 
0.0328924 
0.0325907 
0.0322126 
0.0318071 
0.0314135 
0.0310642 
0.030785 
0.030595 
0.0305065 
0.0305259 
0.0306542 
0.0308803 
0.0311551 
0.0313338 
0.031081 
0.0297941 
0.0266651 
0.0209628 
0.0124068 
0.00137139 
-0.011228 
-0.0243705 
-0.0370032 
-0.048379 
-0.0580824 
-0.0654234 
-0.0654234 
-0.0224698 
-0.0224698 
-0.0272962 
-0.0299467 
-0.0312713 
-0.0317117 
-0.0315366 
-0.0309737 
-0.0302052 
-0.0293631 
-0.0285181 
-0.0276827 
-0.0268273 
-0.0259002 
-0.024845 
-0.0236094 
-0.02215 
-0.0204326 
-0.0184334 
-0.0161393 
-0.0135499 
-0.0106779 
-0.00754942 
-0.00420401 
-0.000692284 
0.00293135 
0.00659683 
0.0102132 
0.0136965 
0.0169689 
0.0199626 
0.0226228 
0.0249096 
0.0268007 
0.0282938 
0.0294067 
0.0301761 
0.0306531 
0.0308968 
0.030967 
0.0309195 
0.0308035 
0.0306619 
0.0305312 
0.0304437 
0.0304261 
0.0304999 
0.030682 
0.0309856 
0.0314189 
0.0319733 
0.0325879 
0.0330757 
0.0330162 
0.0316979 
0.0282383 
0.0219229 
0.0125718 
0.000677112 
-0.0127361 
-0.0266092 
-0.0397477 
-0.0513777 
-0.0612518 
-0.0688357 
-0.0688357 
-0.0192904 
-0.0192904 
-0.0242954 
-0.0271799 
-0.0287629 
-0.0294578 
-0.0295052 
-0.029106 
-0.028428 
-0.0276056 
-0.0267283 
-0.0258347 
-0.024919 
-0.0239465 
-0.0228704 
-0.0216442 
-0.0202284 
-0.0185933 
-0.0167188 
-0.014595 
-0.0122225 
-0.0096128 
-0.00678806 
-0.00378085 
-0.00063262 
0.00261146 
0.00589377 
0.00913795 
0.0122718 
0.0152279 
0.017948 
0.0203856 
0.0225083 
0.0242998 
0.0257605 
0.0269074 
0.0277715 
0.028394 
0.0288214 
0.0291009 
0.0292781 
0.0293948 
0.0294894 
0.0295963 
0.0297469 
0.0299682 
0.0302839 
0.0307149 
0.0312798 
0.0319917 
0.0328415 
0.0337542 
0.0345015 
0.0345919 
0.0332352 
0.0295084 
0.0227219 
0.0127585 
0.000153962 
-0.0139781 
-0.0284778 
-0.0419882 
-0.0537396 
-0.0636755 
-0.0714303 
-0.0714303 
-0.0159469 
-0.0159469 
-0.0211444 
-0.0242747 
-0.0261305 
-0.0271031 
-0.0274096 
-0.027225 
-0.0266965 
-0.0259519 
-0.0250902 
-0.0241721 
-0.0232179 
-0.0222142 
-0.0211282 
-0.0199205 
-0.0185555 
-0.0170059 
-0.0152537 
-0.0132909 
-0.0111187 
-0.00874763 
-0.00619706 
-0.0034947 
-0.000675338 
0.00222232 
0.00515222 
0.00805282 
0.0108641 
0.0135298 
0.0160015 
0.0182407 
0.0202213 
0.0219303 
0.0233689 
0.0245507 
0.0255001 
0.0262493 
0.0268346 
0.0272942 
0.0276659 
0.0279857 
0.0282883 
0.0286057 
0.0289679 
0.0294017 
0.0299322 
0.0305829 
0.031376 
0.0323267 
0.033423 
0.0345755 
0.0355238 
0.0357274 
0.0343515 
0.0304595 
0.0233802 
0.013012 
-0.000151953 
-0.0149075 
-0.0298864 
-0.0436042 
-0.0553605 
-0.065271 
-0.0731312 
-0.0731312 
-0.0124678 
-0.0124678 
-0.0178691 
-0.0212523 
-0.0233877 
-0.0246509 
-0.0252419 
-0.025314 
-0.0249919 
-0.0243879 
-0.0235998 
-0.0227021 
-0.0217383 
-0.0207199 
-0.0196329 
-0.0184497 
-0.0171397 
-0.0156776 
-0.0140464 
-0.0122383 
-0.0102542 
-0.0081034 
-0.00580224 
-0.00337403 
-0.000847911 
0.00174292 
0.00436032 
0.00695586 
0.00948084 
0.0118897 
0.0141428 
0.0162089 
0.0180665 
0.0197051 
0.0211247 
0.0223354 
0.0233558 
0.0242105 
0.0249283 
0.02554 
0.0260775 
0.0265721 
0.0270548 
0.0275548 
0.0281005 
0.0287178 
0.0294319 
0.0302677 
0.0312481 
0.0323876 
0.033669 
0.0349907 
0.0360716 
0.0363485 
0.0349748 
0.0310226 
0.0238335 
0.01328 
-0.000265181 
-0.0154966 
-0.0307298 
-0.0444663 
-0.0561394 
-0.0659667 
-0.073877 
-0.073877 
-0.00888192 
-0.00888192 
-0.0144969 
-0.0181365 
-0.0205521 
-0.0221082 
-0.0229957 
-0.0233524 
-0.0232831 
-0.0228807 
-0.0222313 
-0.0214111 
-0.0204789 
-0.019469 
-0.0183909 
-0.0172339 
-0.0159772 
-0.0145987 
-0.0130818 
-0.0114177 
-0.00960597 
-0.00765403 
-0.00557589 
-0.00339146 
-0.0011256 
0.00119281 
0.00353364 
0.00586018 
0.00813341 
0.0103168 
0.0123785 
0.0142929 
0.0160423 
0.0176173 
0.0190169 
0.020248 
0.0213242 
0.0222642 
0.0230909 
0.0238292 
0.0245062 
0.0251487 
0.0257843 
0.0264394 
0.0271399 
0.0279103 
0.0287752 
0.0297582 
0.0308808 
0.032154 
0.0335547 
0.0349733 
0.0361218 
0.0364376 
0.0350878 
0.0311736 
0.0240516 
0.0135789 
-0.000175999 
-0.0156911 
-0.0308532 
-0.0444376 
-0.0559809 
-0.0657027 
-0.0736177 
-0.0736177 
-0.00521961 
-0.00521961 
-0.0110566 
-0.0149545 
-0.0176468 
-0.0194904 
-0.0206723 
-0.0213238 
-0.0215363 
-0.0213846 
-0.0209375 
-0.0202611 
-0.0194167 
-0.0184536 
-0.0174032 
-0.0162767 
-0.0150693 
-0.0137675 
-0.012357 
-0.0108281 
-0.009178 
-0.00741116 
-0.00553815 
-0.00357469 
-0.00154067 
0.000540074 
0.00264217 
0.00473706 
0.00679388 
0.00878364 
0.0106807 
0.0124644 
0.0141198 
0.0156383 
0.017018 
0.0182628 
0.0193827 
0.0203914 
0.0213073 
0.0221502 
0.0229432 
0.023709 
0.0244723 
0.0252558 
0.0260834 
0.0269771 
0.0279594 
0.0290516 
0.0302724 
0.0316273 
0.0330847 
0.0345271 
0.035664 
0.0359486 
0.034584 
0.0307234 
0.0237515 
0.0135365 
-1.01245e-05 
-0.0153061 
-0.0301196 
-0.0434531 
-0.0548454 
-0.0644576 
-0.0723511 
-0.0723511 
-0.00151101 
-0.00151101 
-0.00757651 
-0.0117351 
-0.0147007 
-0.0168226 
-0.0182874 
-0.0192267 
-0.0197275 
-0.0198535 
-0.0196572 
-0.0191885 
-0.0184989 
-0.0176389 
-0.0166525 
-0.0155712 
-0.0144109 
-0.0131733 
-0.0118519 
-0.0104386 
-0.00892868 
-0.00732322 
-0.00562932 
-0.00385916 
-0.00202905 
-0.000158664 
0.00173086 
0.00362011 
0.00548556 
0.0073042 
0.00905555 
0.0107226 
0.0122927 
0.0137578 
0.0151152 
0.0163664 
0.0175183 
0.0185803 
0.0195674 
0.0204948 
0.0213825 
0.022249 
0.0231162 
0.0240032 
0.0249315 
0.0259199 
0.0269889 
0.0281571 
0.0294355 
0.0308229 
0.0322802 
0.0336846 
0.0347511 
0.0349606 
0.0335686 
0.0297917 
0.023053 
0.0132105 
0.000282669 
-0.0143443 
-0.0286328 
-0.0416013 
-0.0527854 
-0.0622732 
-0.0701303 
-0.0701303 
0.0022153 
0.0022153 
-0.00408102 
-0.00850529 
-0.011745 
-0.0141393 
-0.0158733 
-0.0170825 
-0.0178571 
-0.0182599 
-0.0183348 
-0.0181181 
-0.0176453 
-0.0169561 
-0.0160927 
-0.0150961 
-0.0139997 
-0.0128252 
-0.0115816 
-0.0102694 
-0.00888554 
-0.00742862 
-0.00590111 
-0.00430998 
-0.00266597 
-0.000982874 
0.000723403 
0.00243641 
0.00413858 
0.00581176 
0.0074397 
0.00900833 
0.0105067 
0.0119273 
0.0132664 
0.0145232 
0.0157018 
0.0168078 
0.0178532 
0.0188498 
0.0198147 
0.0207626 
0.0217131 
0.0226815 
0.023687 
0.024746 
0.0258758 
0.0270873 
0.0283867 
0.0297652 
0.0311758 
0.0324922 
0.0334401 
0.0335382 
0.0321079 
0.0284391 
0.022007 
0.0126669 
0.000619413 
-0.012995 
-0.0265333 
-0.0390052 
-0.0499111 
-0.0592466 
-0.0670484 
-0.0670484 
0.00593857 
0.00593857 
-0.000588604 
-0.00528592 
-0.00880804 
-0.0114782 
-0.0134753 
-0.0149369 
-0.0159603 
-0.0166148 
-0.0169473 
-0.0169897 
-0.0167668 
-0.0163034 
-0.015629 
-0.0147782 
-0.0137886 
-0.012695 
-0.0115241 
-0.0102919 
-0.009005 
-0.00766462 
-0.00627126 
-0.00482776 
-0.00334037 
-0.00181857 
-0.000274425 
0.00127899 
0.00283252 
0.00437297 
0.0058876 
0.00736474 
0.00879492 
0.0101708 
0.0114876 
0.0127426 
0.0139383 
0.0150758 
0.0161655 
0.0172151 
0.0182401 
0.0192511 
0.0202657 
0.0212955 
0.0223587 
0.0234675 
0.0246326 
0.0258608 
0.0271519 
0.0284896 
0.02982 
0.0310156 
0.0318177 
0.0317902 
0.0303308 
0.0268108 
0.0207687 
0.0120739 
0.0010296 
-0.0114212 
-0.024025 
-0.0358614 
-0.0463961 
-0.0555293 
-0.0632457 
-0.0632457 
0.00965871 
0.00965871 
0.00289025 
-0.0020882 
-0.00590798 
-0.00887099 
-0.011141 
-0.0128518 
-0.0141045 
-0.014978 
-0.0155295 
-0.0157988 
-0.0158122 
-0.0155885 
-0.0151447 
-0.0145018 
-0.0136865 
-0.0127311 
-0.0116696 
-0.010532 
-0.00934032 
-0.00810715 
-0.00683753 
-0.00553291 
-0.00419453 
-0.00282525 
-0.00142996 
-1.54355e-05 
0.00141113 
0.00283988 
0.00426157 
0.00566616 
0.00704507 
0.00839118 
0.0096987 
0.0109617 
0.0121798 
0.013348 
0.0144772 
0.0155719 
0.0166465 
0.0177078 
0.0187724 
0.0198496 
0.0209548 
0.0220942 
0.023275 
0.0244992 
0.0257609 
0.027037 
0.0282681 
0.0293284 
0.0299793 
0.0298339 
0.0283708 
0.0250467 
0.0194672 
0.0115229 
0.00154371 
-0.00970625 
-0.0212756 
-0.0323608 
-0.042426 
-0.0512912 
-0.0588814 
-0.0588814 
0.01339 
0.01339 
0.00636901 
0.00108832 
-0.00304858 
-0.00633277 
-0.00890473 
-0.0108845 
-0.01237 
-0.0134445 
-0.0141767 
-0.0146204 
-0.014815 
-0.0147876 
-0.0145562 
-0.0141344 
-0.0135361 
-0.012779 
-0.0118866 
-0.010887 
-0.00980837 
-0.00867487 
-0.00750303 
-0.00630153 
-0.00507346 
-0.00381962 
-0.00254131 
-0.00124202 
7.33175e-05 
0.00139862 
0.00273231 
0.00406571 
0.0053915 
0.00670258 
0.00799088 
0.00924836 
0.0104751 
0.0116604 
0.0128147 
0.013939 
0.0150483 
0.0161447 
0.0172456 
0.0183562 
0.0194867 
0.0206407 
0.0218217 
0.0230275 
0.0242468 
0.0254509 
0.0265772 
0.0275043 
0.0280165 
0.0277779 
0.0263468 
0.0232644 
0.0182003 
0.0110643 
0.00215658 
-0.00790731 
-0.018405 
-0.0286618 
-0.0381705 
-0.0466979 
-0.0541155 
-0.0541155 
0.0171589 
0.0171589 
0.00987785 
0.00426932 
-0.000217962 
-0.00385707 
-0.00677496 
-0.00906658 
-0.0108177 
-0.0121081 
-0.0130113 
-0.0135928 
-0.013908 
-0.0140016 
-0.0139071 
-0.0136479 
-0.0132394 
-0.0126924 
-0.012017 
-0.0112261 
-0.0103368 
-0.00936905 
-0.00834254 
-0.0072735 
-0.00617251 
-0.0050446 
-0.00389091 
-0.00271076 
-0.0015031 
-0.000267596 
0.000995966 
0.00227889 
0.00357341 
0.00487471 
0.0061747 
0.00746032 
0.00872532 
0.00993801 
0.0111216 
0.0122783 
0.013421 
0.0145498 
0.0156802 
0.0168142 
0.0179589 
0.0191171 
0.0202888 
0.0214685 
0.0226406 
0.0237723 
0.0248002 
0.0256099 
0.0260101 
0.0257145 
0.024356 
0.0215546 
0.0170366 
0.0107252 
0.00286563 
-0.0060574 
-0.0154896 
-0.0248789 
-0.0337655 
-0.041892 
-0.0490911 
-0.0490911 
0.0209979 
0.0209979 
0.013454 
0.00749676 
0.00261883 
-0.00141961 
-0.00473142 
-0.00739182 
-0.00946382 
-0.0110169 
-0.0121214 
-0.0128478 
-0.0132618 
-0.0134229 
-0.0133828 
-0.0131847 
-0.012862 
-0.0124377 
-0.011925 
-0.0113304 
-0.0106568 
-0.00990706 
-0.0090858 
-0.00819882 
-0.00725206 
-0.00625037 
-0.00519726 
-0.00409579 
-0.00294992 
-0.00176517 
-0.000549552 
0.000687885 
0.00195038 
0.00323683 
0.00452681 
0.0058026 
0.00706945 
0.00828933 
0.00948339 
0.0106501 
0.0118093 
0.0129548 
0.0140983 
0.0152414 
0.0163885 
0.0175411 
0.0186967 
0.0198469 
0.0209729 
0.0220396 
0.0229845 
0.0237024 
0.0240262 
0.0237157 
0.0224704 
0.0199802 
0.0160194 
0.0105182 
0.00366021 
-0.00418121 
-0.0125789 
-0.0210897 
-0.0293116 
-0.0369865 
-0.0439264 
-0.0439264 
0.0249408 
0.0249408 
0.0171351 
0.010814 
0.005509 
0.00101966 
-0.00273847 
-0.00582603 
-0.00828129 
-0.0101576 
-0.0115182 
-0.0124341 
-0.0129766 
-0.0132133 
-0.0132061 
-0.0130117 
-0.0126811 
-0.0122588 
-0.0117792 
-0.0112649 
-0.0107258 
-0.0101613 
-0.00956429 
-0.00892457 
-0.00823125 
-0.00747394 
-0.00664343 
-0.00573266 
-0.00473842 
-0.00366343 
-0.0025178 
-0.00131653 
-6.95828e-05 
0.00122635 
0.00256426 
0.00393503 
0.00531142 
0.00655732 
0.00776285 
0.00896636 
0.010154 
0.0113233 
0.0124792 
0.0136278 
0.014773 
0.0159167 
0.0170554 
0.0181788 
0.0192665 
0.0202826 
0.0211673 
0.0218254 
0.0221135 
0.0218322 
0.0207382 
0.018581 
0.0151739 
0.0104506 
0.00453599 
-0.00229061 
-0.00969927 
-0.0173416 
-0.0248764 
-0.0320637 
-0.0387108 
-0.0387108 
0.0290196 
0.0290196 
0.0209557 
0.0142579 
0.00849512 
0.00350455 
-0.000758154 
-0.00432896 
-0.00722802 
-0.00948586 
-0.0111562 
-0.0123102 
-0.0130266 
-0.0133819 
-0.0134454 
-0.0132789 
-0.0129383 
-0.0124758 
-0.01194 
-0.0113733 
-0.0108075 
-0.0102611 
-0.00973758 
-0.00922783 
-0.00871453 
-0.00817611 
-0.00758936 
-0.00693022 
-0.00617343 
-0.00529257 
-0.00426258 
-0.00306908 
-0.00172208 
-0.000303328 
0.00107118 
0.00239965 
0.00373687 
0.00497692 
0.0061814 
0.00737449 
0.00855409 
0.00971785 
0.0108661 
0.0120047 
0.0131373 
0.0142656 
0.0153854 
0.0164858 
0.0175453 
0.0185286 
0.0193795 
0.0200132 
0.0203073 
0.0200982 
0.0191896 
0.0173801 
0.0145144 
0.0105273 
0.0054933 
-0.00038693 
-0.00686001 
-0.0136578 
-0.0205005 
-0.0271776 
-0.0335065 
-0.0335065 
0.0332623 
0.0332623 
0.0249453 
0.0178602 
0.0116109 
0.00607244 
0.00124586 
-0.00286991 
-0.0062715 
-0.00896567 
-0.0109908 
-0.0124173 
-0.0133342 
-0.0138327 
-0.0139968 
-0.0138976 
-0.0135951 
-0.0131415 
-0.0125839 
-0.0119657 
-0.0113261 
-0.0106974 
-0.0101018 
-0.00954887 
-0.00903509 
-0.00854705 
-0.008066 
-0.00757198 
-0.00704599 
-0.00646908 
-0.00581848 
-0.00505952 
-0.00413908 
-0.0029925 
-0.00157694 
0.000133225 
0.00195492 
0.00325318 
0.00435698 
0.00563087 
0.00687534 
0.00806868 
0.00922086 
0.01035 
0.011468 
0.0125805 
0.0136852 
0.0147714 
0.015818 
0.0167909 
0.0176382 
0.0182849 
0.0186275 
0.0185314 
0.0178387 
0.0163873 
0.0140467 
0.0107517 
0.0065367 
0.00153589 
-0.00405863 
-0.0100446 
-0.0162023 
-0.0223588 
-0.0283513 
-0.0283513 
0.0376914 
0.0376914 
0.0291283 
0.0216478 
0.0148856 
0.00875422 
0.00330253 
-0.00142486 
-0.00539151 
-0.0085796 
-0.0110043 
-0.0127312 
-0.0138601 
-0.0145017 
-0.0147608 
-0.0147255 
-0.0144672 
-0.0140432 
-0.0135015 
-0.0128832 
-0.0122235 
-0.0115514 
-0.0108901 
-0.0102555 
-0.00965615 
-0.00909291 
-0.00855956 
-0.00804477 
-0.00753459 
-0.00701466 
-0.00647137 
-0.00588131 
-0.00519535 
-0.00434227 
-0.00324918 
-0.00169205 
0.000173069 
0.00161194 
0.00285098 
0.0040959 
0.00530485 
0.00647463 
0.00760467 
0.00870965 
0.00980269 
0.010893 
0.0119813 
0.0130586 
0.0141054 
0.0150891 
0.0159623 
0.0166582 
0.0170889 
0.0171433 
0.0166934 
0.0156076 
0.0137747 
0.0111296 
0.00767639 
0.00349409 
-0.00127991 
-0.00649367 
-0.0119834 
-0.0176181 
-0.023262 
-0.023262 
0.0423224 
0.0423224 
0.0335225 
0.0256419 
0.0183442 
0.0115772 
0.00543989 
2.95596e-05 
-0.00457198 
-0.00831732 
-0.0111918 
-0.0132495 
-0.0146003 
-0.0153773 
-0.0157123 
-0.0157164 
-0.0154769 
-0.0150601 
-0.0145184 
-0.0138946 
-0.0132239 
-0.0125344 
-0.0118475 
-0.0111768 
-0.0105294 
-0.00990679 
-0.00930745 
-0.00872872 
-0.0081677 
-0.00762075 
-0.0070859 
-0.00655486 
-0.00597355 
-0.00527246 
-0.00444013 
-0.00348057 
-0.0025039 
-0.00156063 
-0.000193634 
0.0015904 
0.00326471 
0.00465038 
0.00586379 
0.00698925 
0.00808025 
0.00916349 
0.010249 
0.0113332 
0.0124001 
0.0134208 
0.0143521 
0.0151349 
0.0156932 
0.0159343 
0.0157527 
0.0150398 
0.0136996 
0.0116668 
0.0089236 
0.00550599 
0.00149792 
-0.00298661 
-0.00783214 
-0.0129509 
-0.0182377 
-0.0182377 
0.0471612 
0.0471612 
0.0381365 
0.0298565 
0.0220066 
0.0145655 
0.00768382 
0.00151668 
-0.00379659 
-0.00816894 
-0.01155 
-0.0139736 
-0.0155581 
-0.0164619 
-0.0168502 
-0.0168641 
-0.0166122 
-0.0161732 
-0.0156056 
-0.0149542 
-0.0142545 
-0.0135345 
-0.0128157 
-0.012113 
-0.0114352 
-0.0107851 
-0.0101605 
-0.00955643 
-0.00896706 
-0.00838788 
-0.00781773 
-0.0072653 
-0.00670569 
-0.00608783 
-0.00538189 
-0.00454601 
-0.00358565 
-0.00274856 
-0.00167157 
-0.00025563 
0.00122923 
0.00263366 
0.00392365 
0.00512109 
0.00626048 
0.0073759 
0.0084887 
0.00960565 
0.0107184 
0.011804 
0.012825 
0.0137296 
0.0144516 
0.0149118 
0.0150212 
0.0146879 
0.0138273 
0.0123742 
0.010295 
0.00759352 
0.00430867 
0.00050582 
-0.00372564 
-0.00833791 
-0.0132617 
-0.0132617 
0.0522009 
0.0522009 
0.0429672 
0.0342953 
0.0258848 
0.0177381 
0.0100568 
0.00305889 
-0.00304692 
-0.00812228 
-0.0120731 
-0.014903 
-0.016736 
-0.017758 
-0.0181746 
-0.018165 
-0.0178653 
-0.0173707 
-0.0167476 
-0.0160441 
-0.0152964 
-0.0145323 
-0.0137725 
-0.0130316 
-0.0123187 
-0.0116378 
-0.0109893 
-0.010371 
-0.00977883 
-0.0092087 
-0.00865379 
-0.00811605 
-0.0075774 
-0.00701398 
-0.0063991 
-0.00573613 
-0.00500632 
-0.00425218 
-0.00331337 
-0.00228343 
-0.0012177 
-5.90504e-05 
0.00120356 
0.0025126 
0.0038193 
0.00510682 
0.00637995 
0.00764473 
0.00890006 
0.0101324 
0.0113138 
0.0124019 
0.0133409 
0.0140634 
0.0144938 
0.0145528 
0.0141646 
0.0132652 
0.0118102 
0.0097796 
0.00717897 
0.0040299 
0.000375513 
-0.00374498 
-0.00830145 
-0.00830145 
0.0574186 
0.0574186 
0.0479959 
0.0389479 
0.0299794 
0.021106 
0.0125769 
0.00467695 
-0.00230399 
-0.0081623 
-0.0127506 
-0.0160318 
-0.018131 
-0.0192634 
-0.0196822 
-0.0196136 
-0.0192289 
-0.0186439 
-0.017935 
-0.017154 
-0.0163377 
-0.0155134 
-0.0147012 
-0.0139153 
-0.0131648 
-0.0124543 
-0.0117843 
-0.0111531 
-0.0105566 
-0.00999172 
-0.00945127 
-0.00893582 
-0.00843019 
-0.0079205 
-0.00737866 
-0.00681037 
-0.00616381 
-0.00551566 
-0.00475015 
-0.00386188 
-0.00288943 
-0.00185914 
-0.000777187 
0.000362412 
0.0015579 
0.00281942 
0.00414514 
0.00552511 
0.0069411 
0.00836823 
0.00977262 
0.0111108 
0.0123299 
0.0133688 
0.0141601 
0.0146334 
0.0147198 
0.0143567 
0.0134932 
0.0120933 
0.0101372 
0.00761657 
0.00453434 
0.000886184 
-0.00330605 
-0.00330605 
0.0627711 
0.0627711 
0.0531837 
0.0437851 
0.0342747 
0.0246679 
0.0152545 
0.00638798 
-0.00154891 
-0.00827038 
-0.0135655 
-0.0173459 
-0.0197315 
-0.0209679 
-0.0213623 
-0.0211977 
-0.0206891 
-0.0199781 
-0.0191528 
-0.0182691 
-0.0173647 
-0.0164658 
-0.015591 
-0.0147533 
-0.0139612 
-0.013219 
-0.0125278 
-0.011887 
-0.0112928 
-0.010743 
-0.0102294 
-0.00975108 
-0.00929372 
-0.00885125 
-0.00839843 
-0.00794284 
-0.00744335 
-0.00692617 
-0.00632158 
-0.00564916 
-0.00490604 
-0.00407901 
-0.0031572 
-0.0021405 
-0.00102363 
0.000205534 
0.00156223 
0.00304226 
0.00462925 
0.00629209 
0.00798735 
0.00966128 
0.0112528 
0.0126961 
0.013923 
0.0148653 
0.0154572 
0.0156377 
0.0153528 
0.014557 
0.0132142 
0.011294 
0.00877483 
0.00561953 
0.00178371 
0.00178371 
0.0681917 
0.0681917 
0.0584673 
0.0487536 
0.038733 
0.0284048 
0.0180884 
0.00820357 
-0.000764165 
-0.00842463 
-0.0144917 
-0.018819 
-0.0215129 
-0.0228489 
-0.0231934 
-0.0228964 
-0.0222253 
-0.021353 
-0.0203819 
-0.0193722 
-0.0183614 
-0.0173743 
-0.0164274 
-0.0155321 
-0.0146953 
-0.0139208 
-0.0132092 
-0.0125596 
-0.0119681 
-0.0114327 
-0.0109452 
-0.0105045 
-0.0100967 
-0.00971882 
-0.00934546 
-0.00898558 
-0.0085948 
-0.00819837 
-0.00774046 
-0.00721926 
-0.00662404 
-0.00594844 
-0.00517906 
-0.00429839 
-0.00328802 
-0.0021259 
-0.000795405 
0.000709741 
0.0023816 
0.00420182 
0.00613218 
0.00811737 
0.0100891 
0.0119709 
0.0136832 
0.0151476 
0.0162905 
0.0170451 
0.0173517 
0.0171572 
0.0164146 
0.0150783 
0.0131073 
0.0104364 
0.00698423 
0.00698423 
0.0735867 
0.0735867 
0.0637558 
0.053771 
0.0432886 
0.0322739 
0.0210606 
0.0101254 
6.46204e-05 
-0.0085987 
-0.0154914 
-0.0204088 
-0.0234331 
-0.0248672 
-0.0251399 
-0.0246767 
-0.0238069 
-0.0227408 
-0.021597 
-0.0204404 
-0.0193078 
-0.0182215 
-0.0171954 
-0.0162381 
-0.0153548 
-0.0145481 
-0.0138174 
-0.0131622 
-0.0125779 
-0.0120627 
-0.0116084 
-0.0112137 
-0.0108659 
-0.0105633 
-0.0102843 
-0.0100351 
-0.00977992 
-0.00952762 
-0.00923574 
-0.00889977 
-0.00849791 
-0.00801044 
-0.00741229 
-0.00667706 
-0.00577503 
-0.00467565 
-0.00335256 
-0.00179305 
5.22996e-07 
0.00201117 
0.00419957 
0.00650941 
0.00887045 
0.0112025 
0.0134189 
0.0154312 
0.0171547 
0.0185109 
0.0194294 
0.0198468 
0.0197051 
0.018946 
0.0175125 
0.0153157 
0.0122348 
0.0122348 
0.0788357 
0.0788357 
0.0689284 
0.0587221 
0.047841 
0.0361994 
0.0241269 
0.0121394 
0.00094944 
-0.00875912 
-0.0165129 
-0.0220533 
-0.0254287 
-0.0269632 
-0.0271483 
-0.0264916 
-0.0253926 
-0.0241049 
-0.0227663 
-0.0214462 
-0.0201801 
-0.0189869 
-0.0178767 
-0.0168553 
-0.0159251 
-0.015087 
-0.0143392 
-0.0136802 
-0.0131051 
-0.0126118 
-0.0121921 
-0.0118449 
-0.0115587 
-0.0113324 
-0.0111464 
-0.011006 
-0.0108782 
-0.0107669 
-0.0106346 
-0.0104694 
-0.0102453 
-0.00993775 
-0.00951396 
-0.00893517 
-0.00815737 
-0.00713497 
-0.00582816 
-0.00421144 
-0.00228089 
-5.77199e-05 
0.00240649 
0.00504824 
0.00779322 
0.0105592 
0.0132573 
0.0157955 
0.0180824 
0.0200301 
0.021556 
0.0225827 
0.0230378 
0.0228481 
0.0219398 
0.0202013 
0.0174766 
0.0174766 
0.0837933 
0.0837933 
0.0738369 
0.0634593 
0.0522519 
0.040066 
0.0272106 
0.0142148 
0.00189918 
-0.00886644 
-0.0174889 
-0.0236683 
-0.0274118 
-0.0290541 
-0.0291454 
-0.0282783 
-0.026929 
-0.0254002 
-0.0238513 
-0.0223571 
-0.0209509 
-0.0196472 
-0.0184519 
-0.017367 
-0.0163916 
-0.0155248 
-0.0147629 
-0.0141039 
-0.013542 
-0.0130749 
-0.0126948 
-0.0124008 
-0.0121832 
-0.0120412 
-0.0119583 
-0.0119372 
-0.0119507 
-0.0119958 
-0.0120398 
-0.0120668 
-0.0120463 
-0.0119462 
-0.0117234 
-0.011326 
-0.0106933 
-0.00976145 
-0.00847278 
-0.00678794 
-0.00469565 
-0.00221884 
0.000583229 
0.00362716 
0.00681895 
0.0100636 
0.0132623 
0.0163188 
0.019142 
0.0216449 
0.0237417 
0.0253466 
0.0263729 
0.0267303 
0.0263253 
0.0250224 
0.0226325 
0.0226325 
0.0882956 
0.0882956 
0.0783117 
0.0678076 
0.0563486 
0.0437165 
0.0301941 
0.0162952 
0.00291662 
-0.008874 
-0.0183368 
-0.02515 
-0.0292725 
-0.0310353 
-0.0310389 
-0.029959 
-0.0283516 
-0.0265732 
-0.024808 
-0.0231367 
-0.0215899 
-0.0201773 
-0.0188998 
-0.0177548 
-0.0167385 
-0.0158469 
-0.015075 
-0.0144194 
-0.0138738 
-0.0134354 
-0.013097 
-0.0128586 
-0.012712 
-0.0126567 
-0.0126785 
-0.0127782 
-0.0129335 
-0.0131384 
-0.0133625 
-0.0135878 
-0.0137809 
-0.0139039 
-0.0139032 
-0.0137113 
-0.0132462 
-0.0124206 
-0.0111542 
-0.00939044 
-0.00710947 
-0.00433576 
-0.00113887 
0.00236418 
0.0060505 
0.00980855 
0.0135229 
0.0170877 
0.0204119 
0.023415 
0.0260187 
0.0281388 
0.0296815 
0.0305403 
0.0306003 
0.0297002 
0.0276182 
0.0276182 
0.0921707 
0.0921707 
0.0821739 
0.0715782 
0.0599366 
0.0469607 
0.0329139 
0.0182806 
0.00398664 
-0.00873579 
-0.018967 
-0.0263804 
-0.0308831 
-0.0327837 
-0.0327198 
-0.0314423 
-0.0295863 
-0.0275641 
-0.025588 
-0.0237456 
-0.0220653 
-0.0205512 
-0.0191988 
-0.0180011 
-0.0169504 
-0.0160402 
-0.0152637 
-0.0146162 
-0.014091 
-0.0136849 
-0.0133919 
-0.0132129 
-0.0131416 
-0.0131776 
-0.013309 
-0.0135352 
-0.0138391 
-0.0142133 
-0.0146318 
-0.0150736 
-0.015504 
-0.0158783 
-0.0161305 
-0.0161741 
-0.0159015 
-0.0151972 
-0.0139555 
-0.0121021 
-0.00960953 
-0.00650407 
-0.00286751 
0.00115908 
0.00541728 
0.00975665 
0.0140328 
0.0181197 
0.0219222 
0.0253703 
0.0284036 
0.0309539 
0.0329319 
0.0342222 
0.03469 
0.0341467 
0.0323391 
0.0323391 
0.0952491 
0.0952491 
0.0852498 
0.0745856 
0.0628206 
0.0495982 
0.0351779 
0.0200281 
0.0050863 
-0.00837625 
-0.0192724 
-0.027233 
-0.0321083 
-0.0341682 
-0.0340705 
-0.0326292 
-0.0305526 
-0.0283092 
-0.0261406 
-0.0241436 
-0.0223448 
-0.020743 
-0.0193282 
-0.0180885 
-0.0170126 
-0.0160916 
-0.0153168 
-0.0146824 
-0.0141815 
-0.0138104 
-0.0135647 
-0.0134469 
-0.0134522 
-0.0135798 
-0.0138208 
-0.0141745 
-0.014628 
-0.0151752 
-0.0157956 
-0.0164671 
-0.0171527 
-0.0178008 
-0.0183309 
-0.018633 
-0.0185688 
-0.0179911 
-0.0167686 
-0.0148118 
-0.0120881 
-0.0086252 
-0.0045163 
8.33604e-05 
0.00496542 
0.00992774 
0.014794 
0.019407 
0.0236607 
0.027495 
0.0308741 
0.0337571 
0.0360724 
0.0377057 
0.0385074 
0.0382627 
0.0366889 
0.0366889 
0.0973826 
0.0973826 
0.0873904 
0.0766711 
0.0648357 
0.0514593 
0.0368076 
0.0213485 
0.00608367 
-0.00781841 
-0.0192205 
-0.02764 
-0.032857 
-0.0350883 
-0.0349928 
-0.0334307 
-0.0311739 
-0.0287446 
-0.0264146 
-0.0242904 
-0.0223968 
-0.0207277 
-0.0192677 
-0.0180007 
-0.016912 
-0.01599 
-0.0152245 
-0.014609 
-0.0141364 
-0.0138031 
-0.013607 
-0.013552 
-0.013634 
-0.0138526 
-0.0142024 
-0.014684 
-0.0152893 
-0.016014 
-0.0168427 
-0.017756 
-0.0187144 
-0.0196552 
-0.0204811 
-0.0210529 
-0.0211981 
-0.0207387 
-0.0195225 
-0.0174522 
-0.0144948 
-0.0106783 
-0.0061004 
-0.000916453 
0.0046226 
0.0102543 
0.0157435 
0.0208843 
0.025557 
0.0297149 
0.0333535 
0.0364685 
0.0390168 
0.0408952 
0.0419468 
0.0419337 
0.0405473 
0.0405473 
0.0984241 
0.0984241 
0.0884817 
0.0777139 
0.0658481 
0.0524055 
0.0376591 
0.0221358 
0.00691719 
-0.00705429 
-0.0187693 
-0.0275359 
-0.0330332 
-0.0354274 
-0.0353692 
-0.0337453 
-0.0313715 
-0.028812 
-0.0263665 
-0.024153 
-0.0221965 
-0.0204866 
-0.0190032 
-0.0177263 
-0.0166383 
-0.0157259 
-0.0149783 
-0.0143875 
-0.013947 
-0.0136535 
-0.0135075 
-0.0135144 
-0.0136703 
-0.0139759 
-0.01443 
-0.0150356 
-0.0157899 
-0.0166917 
-0.0177304 
-0.0188885 
-0.0201242 
-0.0213643 
-0.0224851 
-0.0233142 
-0.0236468 
-0.0232788 
-0.0220483 
-0.0198609 
-0.0166885 
-0.0125562 
-0.00755175 
-0.00181286 
0.00437973 
0.0106909 
0.0168018 
0.0224448 
0.0274855 
0.0318951 
0.0357059 
0.0389559 
0.0416372 
0.0436645 
0.0448807 
0.0450283 
0.0437801 
0.0437801 
0.0982712 
0.0982712 
0.0884425 
0.0776365 
0.0657672 
0.0523608 
0.0377035 
0.022407 
0.00748136 
-0.00630196 
-0.0180404 
-0.0269561 
-0.0326264 
-0.0351506 
-0.0351474 
-0.0335084 
-0.031078 
-0.0284515 
-0.0259491 
-0.0236963 
-0.0217179 
-0.0200002 
-0.0185199 
-0.0172542 
-0.0161839 
-0.015294 
-0.0145724 
-0.0140124 
-0.0136073 
-0.0133549 
-0.013259 
-0.0133249 
-0.0135494 
-0.0139355 
-0.0144866 
-0.0152087 
-0.0161048 
-0.0171778 
-0.0184224 
-0.0198204 
-0.0213255 
-0.022848 
-0.0242386 
-0.0252844 
-0.0257537 
-0.0254325 
-0.0241641 
-0.0218704 
-0.0185323 
-0.0141686 
-0.00884259 
-0.00265118 
0.00414058 
0.0111427 
0.0178628 
0.0239556 
0.0292853 
0.0338563 
0.0377484 
0.041044 
0.0437707 
0.0458611 
0.0471627 
0.0474024 
0.0462432 
0.0462432 
0.0968585 
0.0968585 
0.0872195 
0.0764213 
0.0646043 
0.0513706 
0.0370139 
0.022172 
0.00771641 
-0.00569663 
-0.0172363 
-0.026079 
-0.0317428 
-0.0342852 
-0.0343007 
-0.0326723 
-0.0302471 
-0.0276266 
-0.025136 
-0.0229019 
-0.0209483 
-0.0192598 
-0.0178114 
-0.0165795 
-0.0155439 
-0.0146895 
-0.0140042 
-0.0134802 
-0.0131131 
-0.0129021 
-0.012854 
-0.0129735 
-0.0132584 
-0.0137152 
-0.0143512 
-0.0151765 
-0.0161997 
-0.0174291 
-0.0188638 
-0.0204847 
-0.0222345 
-0.0239992 
-0.0255976 
-0.0267935 
-0.0273398 
-0.0270137 
-0.0256887 
-0.0233133 
-0.019876 
-0.0153863 
-0.00987043 
-0.0033807 
0.00391469 
0.0115219 
0.018774 
0.0252195 
0.0307246 
0.0353554 
0.0392461 
0.042518 
0.0452242 
0.0473113 
0.0486324 
0.0489033 
0.0477914 
0.0477914 
0.0941273 
0.0941273 
0.0847709 
0.0740661 
0.0623883 
0.0494786 
0.0356203 
0.0214108 
0.00757418 
-0.00529955 
-0.0164163 
-0.0249523 
-0.0304117 
-0.0328429 
-0.0328275 
-0.031228 
-0.0288672 
-0.0263271 
-0.0239195 
-0.0217649 
-0.0198848 
-0.0182638 
-0.0168773 
-0.0157021 
-0.0147188 
-0.0139127 
-0.0132724 
-0.0127907 
-0.0124631 
-0.0122927 
-0.0122886 
-0.0124538 
-0.0127886 
-0.0133025 
-0.0140069 
-0.0149158 
-0.0160436 
-0.0174037 
-0.0189985 
-0.0208056 
-0.0227531 
-0.0246988 
-0.0264264 
-0.0276753 
-0.0281997 
-0.0278207 
-0.0264419 
-0.0240301 
-0.0205768 
-0.0160825 
-0.0105456 
-0.00401102 
0.00353607 
0.0117432 
0.0194302 
0.0260491 
0.0315684 
0.0361515 
0.039974 
0.0431752 
0.045818 
0.0478536 
0.0491418 
0.0493914 
0.048292 
0.048292 
0.0900284 
0.0900284 
0.0810647 
0.0705827 
0.0591697 
0.0467378 
0.0335483 
0.0201169 
0.00703947 
-0.00512918 
-0.0156111 
-0.0236087 
-0.028661 
-0.0308465 
-0.030748 
-0.0291941 
-0.0269564 
-0.024569 
-0.0223136 
-0.0202968 
-0.0185373 
-0.0170205 
-0.0157244 
-0.0146279 
-0.0137134 
-0.0129676 
-0.0123804 
-0.0119456 
-0.0116587 
-0.0115268 
-0.0115605 
-0.0117615 
-0.0121326 
-0.0126865 
-0.0134375 
-0.0144038 
-0.0156046 
-0.0170576 
-0.0187668 
-0.0207033 
-0.0227771 
-0.0248172 
-0.0265805 
-0.0277996 
-0.0282487 
-0.0277856 
-0.0263495 
-0.023923 
-0.0204926 
-0.0160391 
-0.0105329 
-0.00395947 
0.00363238 
0.0116625 
0.0192756 
0.0259048 
0.0314014 
0.0359295 
0.0396842 
0.0428085 
0.0453677 
0.0473193 
0.048531 
0.0487244 
0.0476519 
0.0476519 
0.0845165 
0.0845165 
0.0760722 
0.0659841 
0.0550012 
0.043203 
0.0308303 
0.0183062 
0.00612613 
-0.00516517 
-0.0147962 
-0.0220303 
-0.0264895 
-0.0283164 
-0.0281007 
-0.0266189 
-0.0245625 
-0.0223945 
-0.0203525 
-0.0185249 
-0.0169268 
-0.0155467 
-0.0143662 
-0.0133679 
-0.0125369 
-0.0118621 
-0.0113348 
-0.0109504 
-0.0107045 
-0.0106078 
-0.0106715 
-0.0108964 
-0.011288 
-0.0118611 
-0.0126326 
-0.0136238 
-0.0148575 
-0.0163542 
-0.0181173 
-0.0201093 
-0.0222215 
-0.0242587 
-0.0259633 
-0.0270769 
-0.0274076 
-0.0268548 
-0.0253845 
-0.0229837 
-0.0196296 
-0.0152887 
-0.00993165 
-0.00357655 
0.00361116 
0.0111479 
0.0183733 
0.0247863 
0.0301722 
0.0346183 
0.0382934 
0.0413278 
0.0437822 
0.0456198 
0.0467182 
0.0468327 
0.0458023 
0.0458023 
0.0775496 
0.0775496 
0.0697637 
0.0602743 
0.0499239 
0.0389268 
0.0275128 
0.0160271 
0.00489587 
-0.00532453 
-0.0138845 
-0.0201519 
-0.0238742 
-0.0252761 
-0.0249441 
-0.0235766 
-0.0217591 
-0.019867 
-0.0180871 
-0.0164884 
-0.0150841 
-0.0138664 
-0.0128221 
-0.0119381 
-0.0112027 
-0.0106074 
-0.0101455 
-0.00981356 
-0.00960801 
-0.00954172 
-0.00962636 
-0.00986184 
-0.0102561 
-0.010825 
-0.0115871 
-0.0125654 
-0.0137849 
-0.0152668 
-0.0170124 
-0.0189752 
-0.0210312 
-0.0229713 
-0.0245379 
-0.0254958 
-0.0256911 
-0.0250583 
-0.0235822 
-0.0212524 
-0.0180432 
-0.0139241 
-0.0088895 
-0.00300529 
0.00352312 
0.0103081 
0.0168884 
0.0228474 
0.0279635 
0.0322406 
0.0357839 
0.0386905 
0.041006 
0.042697 
0.0436538 
0.0436843 
0.0427219 
0.0427219 
0.0690992 
0.0690992 
0.0621173 
0.0534538 
0.0439696 
0.0339645 
0.023668 
0.013374 
0.00347406 
-0.00545856 
-0.0127388 
-0.0178857 
-0.0207974 
-0.021773 
-0.021367 
-0.0201693 
-0.0186414 
-0.0170655 
-0.0155794 
-0.0142354 
-0.0130461 
-0.0120088 
-0.0111157 
-0.0103579 
-0.00972747 
-0.00921812 
-0.00882524 
-0.00854668 
-0.00837981 
-0.00833853 
-0.00843406 
-0.0086661 
-0.00904401 
-0.00958383 
-0.0103043 
-0.0112287 
-0.0123822 
-0.0137853 
-0.0154363 
-0.017282 
-0.0191906 
-0.0209518 
-0.0223227 
-0.0230992 
-0.0231644 
-0.0224817 
-0.0210509 
-0.0188676 
-0.0159124 
-0.0121682 
-0.00765056 
-0.00244378 
0.00326468 
0.00918046 
0.0149594 
0.0202808 
0.0249492 
0.0289174 
0.0322264 
0.0349298 
0.0370507 
0.0385555 
0.0393516 
0.0393086 
0.0384439 
0.0384439 
0.0591642 
0.0591642 
0.053133 
0.0455319 
0.0371692 
0.0283787 
0.0193936 
0.0104847 
0.00203744 
-0.00537732 
-0.0112099 
-0.0151653 
-0.0172837 
-0.0179 
-0.017494 
-0.0165218 
-0.0153167 
-0.0140756 
-0.0128953 
-0.0118165 
-0.0108527 
-0.010006 
-0.00927318 
-0.00864956 
-0.00813015 
-0.00771105 
-0.0073894 
-0.00716407 
-0.00703348 
-0.00701117 
-0.00710735 
-0.00732181 
-0.00766428 
-0.00814981 
-0.0087961 
-0.00962485 
-0.0106596 
-0.0119188 
-0.0133982 
-0.0150428 
-0.0167233 
-0.018242 
-0.0193822 
-0.0199744 
-0.0199341 
-0.0192468 
-0.0179245 
-0.015972 
-0.0133802 
-0.0101441 
-0.00628887 
-0.00189573 
0.00288278 
0.0078306 
0.0126966 
0.0172391 
0.0212961 
0.024798 
0.0277407 
0.0301392 
0.0319942 
0.0332714 
0.0338995 
0.0338067 
0.0330693 
0.0330693 
0.0478087 
0.0478087 
0.0428731 
0.0365715 
0.0296008 
0.0222842 
0.0148548 
0.0075777 
0.000836212 
-0.00487047 
-0.00918788 
-0.0119982 
-0.013434 
-0.0138055 
-0.013478 
-0.0127664 
-0.0118897 
-0.0109772 
-0.0100964 
-0.00928016 
-0.00854288 
-0.00788986 
-0.0073216 
-0.00683632 
-0.00643149 
-0.00610503 
-0.00585549 
-0.0056825 
-0.00558533 
-0.00557597 
-0.00566303 
-0.00584654 
-0.00613551 
-0.00654294 
-0.00708407 
-0.00777754 
-0.0086435 
-0.00969744 
-0.010934 
-0.0123027 
-0.0136881 
-0.0149183 
-0.0158116 
-0.016234 
-0.0161273 
-0.0154919 
-0.0143492 
-0.0127129 
-0.0105848 
-0.00796786 
-0.00488662 
-0.00140424 
0.00237083 
0.00628625 
0.0101593 
0.013813 
0.01712 
0.0200085 
0.022451 
0.0244376 
0.0259542 
0.026969 
0.0274339 
0.0273225 
0.0267378 
0.0267378 
0.035148 
0.035148 
0.031451 
0.0266831 
