0 
-0.000764303 
0.000216059 
0.00138179 
0.0018216 
0.00201121 
0.002102 
0.0021253 
0.00211547 
0.00208959 
0.00205953 
0.00203171 
0.00200911 
0.00199226 
0.0019801 
0.00197054 
0.00196092 
0.00194828 
0.00192962 
0.00190205 
0.00186289 
0.0018098 
0.00174087 
0.00165467 
0.00155031 
0.00142746 
0.0012864 
0.0011279 
0.000953285 
0.000764342 
0.000563238 
0.000352495 
0.000134916 
-8.48942e-05 
-0.000303116 
-0.00051822 
-0.000728858 
-0.000933468 
-0.00113057 
-0.00131871 
-0.00149633 
-0.00166165 
-0.00181246 
-0.00194598 
-0.00205873 
-0.00214662 
-0.00220501 
-0.00222905 
-0.00221394 
-0.00215537 
-0.00205037 
-0.00189988 
-0.00171377 
-0.00151454 
-0.00132971 
-0.00117239 
-0.00103132 
-0.000886204 
-0.000728538 
-0.000564202 
-0.000403591 
-0.000256208 
-0.000131322 
-3.93455e-05 
1.29295e-05 
0 
0.000764303 
0.000764303 
-0.000216059 
-0.00138179 
-0.0018216 
-0.00201121 
-0.002102 
-0.0021253 
-0.00211547 
-0.00208959 
-0.00205953 
-0.00203171 
-0.00200911 
-0.00199226 
-0.0019801 
-0.00197054 
-0.00196092 
-0.00194828 
-0.00192962 
-0.00190205 
-0.00186289 
-0.0018098 
-0.00174087 
-0.00165467 
-0.00155031 
-0.00142746 
-0.0012864 
-0.0011279 
-0.000953285 
-0.000764342 
-0.000563238 
-0.000352495 
-0.000134916 
8.48942e-05 
0.000303116 
0.00051822 
0.000728858 
0.000933468 
0.00113057 
0.00131871 
0.00149633 
0.00166165 
0.00181246 
0.00194598 
0.00205873 
0.00214662 
0.00220501 
0.00222905 
0.00221394 
0.00215537 
0.00205037 
0.00189988 
0.00171377 
0.00151454 
0.00132971 
0.00117239 
0.00103132 
0.000886204 
0.000728538 
0.000564202 
0.000403591 
0.000256208 
0.000131322 
3.93455e-05 
-1.29295e-05 
-1.29295e-05 
0.00136699 
0.00136699 
-0.00171931 
-0.00354425 
-0.00464783 
-0.00521661 
-0.00549852 
-0.00559312 
-0.005589 
-0.00553774 
-0.00547432 
-0.00541841 
-0.00537948 
-0.00535969 
-0.00535633 
-0.00536365 
-0.00537403 
-0.00537892 
-0.00536943 
-0.00533684 
-0.00527295 
-0.00517041 
-0.00502301 
-0.00482585 
-0.00457554 
-0.00427031 
-0.00391 
-0.00349605 
-0.00303143 
-0.00252044 
-0.00196857 
-0.00138219 
-0.000768152 
-0.000134606 
0.000509187 
0.00115643 
0.00180114 
0.00243734 
0.00305943 
0.00366203 
0.00423946 
0.0047852 
0.00529131 
0.00574798 
0.00614328 
0.00646333 
0.00669281 
0.00681596 
0.00681791 
0.00668622 
0.00641392 
0.00600635 
0.00549325 
0.00493577 
0.00440515 
0.00393519 
0.00350126 
0.00305944 
0.00259441 
0.00212236 
0.00166601 
0.00124715 
0.000884889 
0.000610067 
0.00045068 
0.00045068 
-0.0011866 
-0.0011866 
-0.00386182 
-0.00592444 
-0.00737104 
-0.00819218 
-0.00860409 
-0.00874335 
-0.0087353 
-0.00866121 
-0.00857541 
-0.00850847 
-0.00847442 
-0.00847556 
-0.0085065 
-0.00855697 
-0.00861382 
-0.00866241 
-0.00868763 
-0.00867464 
-0.00860948 
-0.00847961 
-0.00827434 
-0.00798525 
-0.00760641 
-0.00713456 
-0.0065692 
-0.00591253 
-0.00516926 
-0.0043465 
-0.00345332 
-0.00250042 
-0.00149931 
-0.00046202 
0.000599116 
0.00167158 
0.00274434 
0.00380721 
0.00485073 
0.00586602 
0.00684378 
0.00777335 
0.00864158 
0.00943196 
0.0101241 
0.0106939 
0.0111145 
0.0113583 
0.0113993 
0.0112169 
0.0108006 
0.0101614 
0.00934847 
0.0084565 
0.00759119 
0.0068006 
0.0060506 
0.00528514 
0.00448901 
0.00368595 
0.00290606 
0.00217874 
0.00154036 
0.00105032 
0.00076064 
0.00076064 
-0.00312156 
-0.00312156 
-0.00601359 
-0.00835259 
-0.00996575 
-0.0108765 
-0.0113085 
-0.0114315 
-0.0113951 
-0.0112988 
-0.0112078 
-0.0111571 
-0.0111607 
-0.0112178 
-0.011318 
-0.0114451 
-0.0115796 
-0.0117004 
-0.0117858 
-0.011815 
-0.0117682 
-0.0116279 
-0.0113793 
-0.0110105 
-0.0105133 
-0.00988324 
-0.00911979 
-0.00822612 
-0.00720906 
-0.00607876 
-0.00484835 
-0.00353345 
-0.00215134 
-0.000720454 
0.000740179 
0.00221355 
0.00368508 
0.00514162 
0.00657137 
0.00796346 
0.00930678 
0.0105884 
0.011792 
0.0128958 
0.0138722 
0.0146874 
0.0153027 
0.0156774 
0.0157734 
0.0155602 
0.0150234 
0.0141798 
0.0130976 
0.0119016 
0.0107236 
0.00961797 
0.0085425 
0.00743839 
0.00629754 
0.00514962 
0.00402721 
0.0029692 
0.00201946 
0.00126757 
0.00080958 
0.00080958 
-0.00563995 
-0.00563995 
-0.00853015 
-0.0108847 
-0.0124619 
-0.0133188 
-0.0136864 
-0.0137535 
-0.0136811 
-0.0135764 
-0.0135069 
-0.0135057 
-0.0135821 
-0.0137292 
-0.0139298 
-0.0141611 
-0.0143971 
-0.0146103 
-0.0147734 
-0.0148598 
-0.0148448 
-0.0147061 
-0.0144248 
-0.0139861 
-0.0133797 
-0.0125999 
-0.0116462 
-0.0105229 
-0.0092389 
-0.00780736 
-0.00624552 
-0.00457401 
-0.00281599 
-0.000996736 
0.000859798 
0.00273129 
0.00459717 
0.00643914 
0.00824166 
0.00999155 
0.0116765 
0.0132829 
0.0147934 
0.0161844 
0.0174237 
0.0184698 
0.0192738 
0.0197822 
0.0199436 
0.0197169 
0.0190828 
0.0180636 
0.0167465 
0.0152828 
0.0138213 
0.0124136 
0.0110103 
0.00955938 
0.00806437 
0.0065575 
0.00506542 
0.00361756 
0.00227677 
0.0011731 
0.000460576 
0.000460576 
-0.00774859 
-0.00774859 
-0.0108279 
-0.0131887 
-0.0146637 
-0.0154073 
-0.0156761 
-0.0156778 
-0.0155791 
-0.0154883 
-0.0154691 
-0.0155475 
-0.0157249 
-0.0159861 
-0.0163069 
-0.0166581 
-0.017008 
-0.0173242 
-0.0175742 
-0.0177265 
-0.0177516 
-0.0176229 
-0.0173175 
-0.0168174 
-0.0161101 
-0.0151891 
-0.0140536 
-0.0127088 
-0.0111654 
-0.00943977 
-0.00755285 
-0.00553026 
-0.00340097 
-0.00119703 
0.00104927 
0.00330799 
0.00555243 
0.00775957 
0.00991065 
0.0119906 
0.0139865 
0.0158851 
0.0176692 
0.0193149 
0.0207876 
0.0220407 
0.0230163 
0.0236494 
0.0238755 
0.0236421 
0.022925 
0.0217528 
0.0202324 
0.0185377 
0.0168242 
0.0151322 
0.0134087 
0.0116162 
0.00977097 
0.00789408 
0.00597991 
0.0040668 
0.00224548 
0.000653267 
-0.000467089 
-0.000467089 
-0.00989734 
-0.00989734 
-0.0130608 
-0.0153179 
-0.0166142 
-0.0172024 
-0.0173565 
-0.017296 
-0.017186 
-0.0171298 
-0.0171821 
-0.0173585 
-0.0176506 
-0.0180351 
-0.0184815 
-0.0189558 
-0.019422 
-0.0198437 
-0.0201842 
-0.0204074 
-0.0204793 
-0.0203686 
-0.0200485 
-0.0194977 
-0.0187015 
-0.0176519 
-0.0163481 
-0.014796 
-0.0130079 
-0.0110025 
-0.00880465 
-0.00644459 
-0.00395709 
-0.00138084 
0.00124594 
0.0038853 
0.00650195 
0.00906606 
0.0115541 
0.0139484 
0.016235 
0.0184014 
0.0204319 
0.0223035 
0.0239815 
0.0254159 
0.026542 
0.0272845 
0.0275669 
0.0273263 
0.0265348 
0.0252296 
0.0235384 
0.0216526 
0.0197225 
0.0177705 
0.0157463 
0.0136354 
0.0114513 
0.00917243 
0.00678195 
0.00433408 
0.00189455 
-0.000403974 
-0.00214277 
-0.00214277 
-0.0117184 
-0.0117184 
-0.0149883 
-0.0171247 
-0.0182377 
-0.018679 
-0.0187331 
-0.0186289 
-0.0185261 
-0.0185204 
-0.0186553 
-0.0189354 
-0.0193427 
-0.0198476 
-0.020415 
-0.0210075 
-0.0215864 
-0.0221119 
-0.0225434 
-0.0228407 
-0.0229649 
-0.0228801 
-0.0225552 
-0.0219654 
-0.0210933 
-0.0199298 
-0.0184736 
-0.0167308 
-0.014715 
-0.0124469 
-0.00995422 
-0.00727162 
-0.00443917 
-0.00150189 
0.00149286 
0.00449667 
0.00746613 
0.0103658 
0.0131686 
0.0158546 
0.0184091 
0.0208201 
0.0230731 
0.0251463 
0.0270048 
0.0285967 
0.0298516 
0.0306853 
0.0310109 
0.030757 
0.0298949 
0.028475 
0.0266466 
0.0246109 
0.0225001 
0.0203177 
0.0180277 
0.0156325 
0.0131067 
0.0103991 
0.00749434 
0.00439175 
0.00109827 
-0.00216749 
-0.00465293 
-0.00465293 
-0.0133447 
-0.0133447 
-0.0166631 
-0.0186469 
-0.0195785 
-0.0198895 
-0.0198623 
-0.0197317 
-0.0196481 
-0.0196991 
-0.0199161 
-0.0202935 
-0.0208062 
-0.0214197 
-0.0220964 
-0.0227968 
-0.0234803 
-0.0241042 
-0.0246247 
-0.0249973 
-0.0251782 
-0.0251267 
-0.0248072 
-0.0241912 
-0.0232588 
-0.021999 
-0.0204101 
-0.0184984 
-0.0162778 
-0.0137705 
-0.0110066 
-0.00802454 
-0.00486973 
-0.00159298 
0.00175095 
0.00510214 
0.00840713 
0.011624 
0.0147217 
0.0176789 
0.0204809 
0.0231164 
0.025572 
0.0278269 
0.0298461 
0.0315752 
0.0329389 
0.0338452 
0.0341987 
0.0339227 
0.0329933 
0.0314789 
0.0295506 
0.0274078 
0.0251539 
0.0227802 
0.0202739 
0.017621 
0.0147588 
0.0116087 
0.00807447 
0.00407837 
-0.000334734 
-0.00464691 
-0.00782033 
-0.00782033 
-0.0146629 
-0.0146629 
-0.0180104 
-0.0198485 
-0.0206305 
-0.020844 
-0.0207616 
-0.0206225 
-0.0205658 
-0.0206726 
-0.0209631 
-0.0214246 
-0.0220267 
-0.0227324 
-0.0235027 
-0.0242974 
-0.0250741 
-0.0257882 
-0.0263928 
-0.0268393 
-0.0270793 
-0.0270673 
-0.0267629 
-0.0261337 
-0.0251567 
-0.0238196 
-0.0221197 
-0.020063 
-0.0176633 
-0.014943 
-0.011934 
-0.00867829 
-0.0052257 
-0.00163183 
0.00203742 
0.0057081 
0.00931846 
0.0128224 
0.0161872 
0.0193908 
0.0224187 
0.0252598 
0.0279012 
0.0303219 
0.0324857 
0.0343352 
0.0357898 
0.0367507 
0.0371165 
0.0368099 
0.0358188 
0.0342355 
0.0322487 
0.0300417 
0.0276837 
0.0251695 
0.0224937 
0.0196123 
0.0164071 
0.0126987 
0.00830001 
0.00315562 
-0.00244641 
-0.00764509 
-0.0113841 
-0.0113841 
-0.0157148 
-0.0157148 
-0.0190555 
-0.0207602 
-0.0214275 
-0.0215746 
-0.0214604 
-0.0213253 
-0.0212974 
-0.0214527 
-0.0218027 
-0.0223307 
-0.0230028 
-0.0237814 
-0.024627 
-0.0254992 
-0.0263547 
-0.0271475 
-0.027828 
-0.0283441 
-0.0286432 
-0.0286749 
-0.028394 
-0.0277641 
-0.0267592 
-0.0253648 
-0.0235773 
-0.0214021 
-0.0188522 
-0.0159496 
-0.0127273 
-0.00923048 
-0.00551361 
-0.00163562 
0.00232693 
0.00628421 
0.0101667 
0.0139258 
0.0175287 
0.020954 
0.0241874 
0.0272176 
0.0300309 
0.0326047 
0.0349001 
0.0368554 
0.0383843 
0.0393826 
0.0397457 
0.039403 
0.038362 
0.0367431 
0.0347423 
0.032512 
0.0300954 
0.0274932 
0.0246968 
0.02159 
0.0179403 
0.0134559 
0.00795888 
0.00158627 
-0.00504147 
-0.0109311 
-0.0151464 
-0.0151464 
-0.0164797 
-0.0164797 
-0.0197908 
-0.0213891 
-0.0219829 
-0.0220945 
-0.0219712 
-0.0218501 
-0.0218501 
-0.0220438 
-0.0224373 
-0.0230126 
-0.0237343 
-0.0245653 
-0.0254662 
-0.026397 
-0.0273143 
-0.0281711 
-0.028916 
-0.0294941 
-0.029849 
-0.0299261 
-0.0296755 
-0.0290566 
-0.0280398 
-0.0266081 
-0.0247566 
-0.0224898 
-0.0198199 
-0.0167674 
-0.0133646 
-0.00966062 
-0.00571465 
-0.00159028 
0.00262013 
0.00681453 
0.0109235 
0.0148998 
0.0187109 
0.0223345 
0.0257554 
0.0289605 
0.0319339 
0.0346496 
0.0370644 
0.0391112 
0.040698 
0.0417166 
0.0420647 
0.0416861 
0.0406168 
0.0390027 
0.0370331 
0.0348213 
0.0323918 
0.0297636 
0.0268656 
0.0234559 
0.0191712 
0.0136889 
0.00699077 
-0.000494535 
-0.00791219 
-0.0143495 
-0.0189729 
-0.0189729 
-0.0169782 
-0.0169782 
-0.0202403 
-0.0217619 
-0.0223197 
-0.0224222 
-0.0223084 
-0.022208 
-0.0222329 
-0.0224539 
-0.0228747 
-0.0234783 
-0.0242294 
-0.0250919 
-0.0260272 
-0.0269962 
-0.0279558 
-0.0288591 
-0.0296536 
-0.0302826 
-0.0306869 
-0.0308082 
-0.0305926 
-0.0299949 
-0.0289814 
-0.0275322 
-0.0256404 
-0.0233099 
-0.0205519 
-0.0173852 
-0.0138396 
-0.00996649 
-0.00583233 
-0.00151207 
0.00288737 
0.00726443 
0.0115558 
0.0157147 
0.0197071 
0.0235084 
0.0271004 
0.030467 
0.0335884 
0.0364342 
0.0389549 
0.0410774 
0.0427043 
0.0437269 
0.0440509 
0.0436454 
0.04258 
0.0410185 
0.039122 
0.0369665 
0.0345888 
0.031973 
0.0289289 
0.0250651 
0.0199402 
0.013334 
0.00549208 
-0.00289271 
-0.0109055 
-0.0177913 
-0.0227654 
-0.0227654 
-0.0172203 
-0.0172203 
-0.0204172 
-0.021895 
-0.0224509 
-0.0225679 
-0.022481 
-0.022407 
-0.0224545 
-0.0226924 
-0.023126 
-0.02374 
-0.0245011 
-0.0253747 
-0.0263236 
-0.0273098 
-0.0282915 
-0.0292221 
-0.0300494 
-0.0307157 
-0.0311603 
-0.0313221 
-0.0311435 
-0.0305748 
-0.029578 
-0.0281294 
-0.0262193 
-0.0238507 
-0.0210354 
-0.0177917 
-0.0141462 
-0.0101483 
-0.00587305 
-0.00141652 
0.00310848 
0.0076172 
0.0120513 
0.016361 
0.0205089 
0.0244665 
0.0282117 
0.0317241 
0.0349786 
0.0379384 
0.0405472 
0.0427253 
0.0443724 
0.0453841 
0.0456846 
0.0452755 
0.0442585 
0.0427908 
0.041006 
0.0389634 
0.0366886 
0.0340775 
0.0307829 
0.0262898 
0.0201817 
0.0124509 
0.00361946 
-0.00545965 
-0.0139294 
-0.0211777 
-0.026452 
-0.026452 
-0.0172097 
-0.0172097 
-0.0203532 
-0.021816 
-0.0223948 
-0.0225451 
-0.0224972 
-0.0224542 
-0.0225227 
-0.0227701 
-0.0232048 
-0.0238146 
-0.0245687 
-0.0254347 
-0.0263768 
-0.0273588 
-0.0283403 
-0.0292765 
-0.0301163 
-0.030803 
-0.0312753 
-0.0314706 
-0.0313286 
-0.0307958 
-0.0298299 
-0.0284024 
-0.0265002 
-0.0241244 
-0.0212847 
-0.0180024 
-0.0143076 
-0.0102452 
-0.00588613 
-0.00133954 
0.00327257 
0.00787587 
0.0124169 
0.016845 
0.0211198 
0.025209 
0.0290857 
0.0327239 
0.0360918 
0.0391452 
0.0418202 
0.0440319 
0.0456808 
0.0466737 
0.0469542 
0.0465709 
0.0456478 
0.0443235 
0.0426954 
0.0408183 
0.0386697 
0.0360078 
0.0323288 
0.0270646 
0.0199269 
0.0111675 
0.00152436 
-0.00809174 
-0.0169164 
-0.0244474 
-0.0299759 
-0.0299759 
-0.0169613 
-0.0169613 
-0.0200704 
-0.0215424 
-0.022163 
-0.0223629 
-0.0223647 
-0.0223581 
-0.0224475 
-0.0226993 
-0.0231264 
-0.0237198 
-0.0244524 
-0.0252941 
-0.0262113 
-0.0271696 
-0.0281309 
-0.0290526 
-0.0298857 
-0.0305752 
-0.0310608 
-0.0312793 
-0.0311688 
-0.0306727 
-0.0297442 
-0.0283506 
-0.0264744 
-0.0241136 
-0.0212799 
-0.0179964 
-0.014298 
-0.0102328 
-0.00586689 
-0.00129403 
0.00336874 
0.00803686 
0.0126558 
0.0171738 
0.0215483 
0.0257429 
0.0297256 
0.0334637 
0.0369178 
0.0400351 
0.042745 
0.04496 
0.0465883 
0.0475579 
0.0478518 
0.0475465 
0.0467654 
0.0456209 
0.0441951 
0.0425236 
0.0404891 
0.0376903 
0.0335057 
0.0273979 
0.0192727 
0.00962576 
-0.000673498 
-0.0107182 
-0.0198152 
-0.0275519 
-0.0332909 
-0.0332909 
-0.016492 
-0.016492 
-0.0195869 
-0.0210883 
-0.0217668 
-0.0220303 
-0.0220922 
-0.0221285 
-0.0222412 
-0.0224959 
-0.0229101 
-0.0234785 
-0.0241782 
-0.0249816 
-0.0258576 
-0.0267739 
-0.0276953 
-0.0285818 
-0.0293879 
-0.0300616 
-0.0305448 
-0.0307757 
-0.0306918 
-0.0302345 
-0.0293535 
-0.0280113 
-0.0261861 
-0.0238721 
-0.0210792 
-0.0178308 
-0.0141645 
-0.0101308 
-0.00579684 
-0.00124738 
0.00341619 
0.0081089 
0.0127697 
0.0173446 
0.0217873 
0.0260568 
0.0301148 
0.0339212 
0.0374284 
0.0405764 
0.0432908 
0.0454883 
0.047092 
0.048058 
0.048403 
0.0482174 
0.0476127 
0.0466841 
0.0455025 
0.044054 
0.0420929 
0.0390696 
0.0343039 
0.0273561 
0.0183428 
0.00794955 
-0.00288686 
-0.0132861 
-0.0225809 
-0.0304485 
-0.0363549 
-0.0363549 
-0.0158197 
-0.0158197 
-0.018919 
-0.0204666 
-0.0212161 
-0.0215556 
-0.0216875 
-0.0217748 
-0.0219158 
-0.0221753 
-0.0225749 
-0.0231137 
-0.0237729 
-0.0245279 
-0.02535 
-0.0262095 
-0.0270737 
-0.0279064 
-0.0286659 
-0.029304 
-0.0297668 
-0.029995 
-0.0299276 
-0.0295052 
-0.0286751 
-0.0273957 
-0.0256404 
-0.0233992 
-0.0206793 
-0.0175033 
-0.0139087 
-0.00994608 
-0.00568 
-0.00118871 
0.00343564 
0.00811239 
0.0127769 
0.017372 
0.021847 
0.0261553 
0.0302518 
0.0340888 
0.0376117 
0.0407559 
0.043448 
0.0456147 
0.0472003 
0.0481891 
0.0486218 
0.0485893 
0.0481903 
0.0475116 
0.046603 
0.0453703 
0.0434304 
0.0401204 
0.0347589 
0.0270391 
0.0172629 
0.00624081 
-0.00505428 
-0.0157496 
-0.025168 
-0.0330943 
-0.0391258 
-0.0391258 
-0.0149618 
-0.0149618 
-0.0180821 
-0.0196894 
-0.0205208 
-0.0209467 
-0.0211582 
-0.0213056 
-0.0214825 
-0.0217521 
-0.0221397 
-0.0226484 
-0.0232638 
-0.0239644 
-0.0247242 
-0.0255158 
-0.0263094 
-0.0270725 
-0.0277675 
-0.0283514 
-0.0287749 
-0.0289836 
-0.0289194 
-0.0285243 
-0.0277445 
-0.0265354 
-0.0248657 
-0.0227205 
-0.0201024 
-0.017031 
-0.0135417 
-0.00968385 
-0.00551913 
-0.00112044 
0.00342852 
0.00805083 
0.0126799 
0.0172557 
0.0217232 
0.0260299 
0.0301243 
0.0339522 
0.0374542 
0.0405648 
0.0432167 
0.0453514 
0.046935 
0.0479747 
0.0485236 
0.048668 
0.0484988 
0.0480957 
0.0474693 
0.046427 
0.0444631 
0.0408448 
0.0349322 
0.0265509 
0.0161357 
0.0045647 
-0.00713132 
-0.0180585 
-0.0275247 
-0.0354419 
-0.0415568 
-0.0415568 
-0.0139359 
-0.0139359 
-0.0170914 
-0.0187692 
-0.0196906 
-0.0202113 
-0.0205112 
-0.0207284 
-0.0209507 
-0.0212388 
-0.0216207 
-0.0221033 
-0.0226764 
-0.0233214 
-0.0240153 
-0.0247329 
-0.0254473 
-0.0261291 
-0.0267454 
-0.0272585 
-0.0276249 
-0.0277959 
-0.0277183 
-0.0273374 
-0.0266006 
-0.0254617 
-0.0238857 
-0.0218526 
-0.0193592 
-0.0164203 
-0.0130672 
-0.00934587 
-0.00531427 
-0.00104072 
0.0033978 
0.00792825 
0.0124826 
0.0169986 
0.0214168 
0.02568 
0.0297314 
0.0335123 
0.0369615 
0.0400165 
0.0426197 
0.0447285 
0.0463279 
0.0474402 
0.0481233 
0.0484597 
0.0485372 
0.0484205 
0.0480649 
0.0471798 
0.0451656 
0.0412615 
0.0348899 
0.0259833 
0.0150478 
0.00298075 
-0.0090702 
-0.0201493 
-0.0295887 
-0.037436 
-0.0435949 
-0.0435949 
-0.0127598 
-0.0127598 
-0.0159629 
-0.0177192 
-0.0187362 
-0.0193576 
-0.0197531 
-0.0200493 
-0.0203274 
-0.020645 
-0.0210312 
-0.0214958 
-0.0220324 
-0.0226259 
-0.0232555 
-0.0238984 
-0.0245301 
-0.0251245 
-0.0256529 
-0.0260827 
-0.0263767 
-0.0264927 
-0.0263841 
-0.0260011 
-0.0252945 
-0.0242186 
-0.0227365 
-0.0208234 
-0.0184705 
-0.0156861 
-0.0124954 
-0.0089391 
-0.0050706 
-0.000953364 
0.00334181 
0.00774482 
0.0121866 
0.0166032 
0.0209319 
0.0251118 
0.0290826 
0.0327838 
0.0361554 
0.0391409 
0.0416932 
0.0437841 
0.0454126 
0.0466097 
0.047436 
0.0479724 
0.0483015 
0.048463 
0.0483502 
0.0475893 
0.0455214 
0.041389 
0.0346799 
0.0253947 
0.0140492 
0.00151746 
-0.0108239 
-0.021944 
-0.0312856 
-0.0390139 
-0.0451809 
-0.0451809 
-0.0114523 
-0.0114523 
-0.0147136 
-0.0165544 
-0.01767 
-0.018395 
-0.0188906 
-0.0192736 
-0.0196179 
-0.019977 
-0.0203799 
-0.0208383 
-0.021349 
-0.0218995 
-0.0224717 
-0.0230447 
-0.0235963 
-0.0241031 
-0.0245402 
-0.0248798 
-0.0250909 
-0.025138 
-0.0249815 
-0.0245786 
-0.0238851 
-0.0228584 
-0.0214615 
-0.0196671 
-0.0174611 
-0.0148447 
-0.0118362 
-0.00846905 
-0.00479057 
-0.000858769 
0.00326167 
0.00750356 
0.0117973 
0.0160777 
0.0202799 
0.024341 
0.0281994 
0.0317951 
0.0350714 
0.0379786 
0.0404801 
0.0425587 
0.0442229 
0.0455094 
0.0464805 
0.0472154 
0.047786 
0.0481989 
0.0482894 
0.047624 
0.0455162 
0.0412334 
0.0343221 
0.024816 
0.0131919 
0.000234445 
-0.0123183 
-0.0233458 
-0.0325316 
-0.0401082 
-0.0462535 
-0.0462535 
-0.0100333 
-0.0100333 
-0.0133628 
-0.015292 
-0.0165066 
-0.0173349 
-0.017932 
-0.0184067 
-0.0188259 
-0.0192385 
-0.0196718 
-0.0201383 
-0.020637 
-0.0211575 
-0.0216839 
-0.0221972 
-0.0226769 
-0.023102 
-0.0234508 
-0.0236999 
-0.0238237 
-0.0237933 
-0.0235763 
-0.0231374 
-0.0224388 
-0.0214432 
-0.0201162 
-0.01843 
-0.016367 
-0.0139227 
-0.0111075 
-0.00794703 
-0.00448061 
-0.000759412 
0.00315879 
0.0072098 
0.011324 
0.015436 
0.0194801 
0.0233931 
0.0271138 
0.0305843 
0.0337526 
0.036576 
0.039026 
0.041094 
0.042795 
0.0441693 
0.0452798 
0.0462005 
0.0469865 
0.0476088 
0.0478567 
0.0472622 
0.0451375 
0.0407847 
0.0337956 
0.0242161 
0.0124452 
-0.000824457 
-0.0134532 
-0.0242526 
-0.033244 
-0.0406567 
-0.0467578 
-0.0467578 
-0.00852483 
-0.00852483 
-0.0119314 
-0.0139519 
-0.0152637 
-0.0161918 
-0.0168882 
-0.0174556 
-0.0179553 
-0.018431 
-0.0189079 
-0.0193979 
-0.0199006 
-0.0204075 
-0.020904 
-0.0213723 
-0.0217937 
-0.0221489 
-0.0224187 
-0.0225835 
-0.0226224 
-0.0225126 
-0.0222285 
-0.021742 
-0.0210227 
-0.0200398 
-0.0187633 
-0.0171676 
-0.0152341 
-0.0129544 
-0.0103325 
-0.0073857 
-0.00414507 
-0.00065353 
0.00303928 
0.00687392 
0.0107819 
0.0146985 
0.0185588 
0.0223004 
0.0258641 
0.0291951 
0.0322463 
0.034981 
0.0373777 
0.0394337 
0.0411685 
0.0426241 
0.0438608 
0.0449432 
0.0459051 
0.0466854 
0.0470426 
0.0464969 
0.0443737 
0.040012 
0.0330495 
0.0235521 
0.011786 
-0.00157474 
-0.0140307 
-0.0245597 
-0.0333449 
-0.0406054 
-0.0466467 
-0.0466467 
-0.00695011 
-0.00695011 
-0.0104425 
-0.0125564 
-0.0139624 
-0.0149844 
-0.0157741 
-0.0164309 
-0.0170121 
-0.017557 
-0.0180879 
-0.0186152 
-0.0191386 
-0.0196497 
-0.0201348 
-0.0205769 
-0.0209579 
-0.02126 
-0.0214657 
-0.0215586 
-0.0215218 
-0.0213376 
-0.0209868 
-0.0204481 
-0.0196981 
-0.0187129 
-0.0174683 
-0.0159428 
-0.0141195 
-0.0119884 
-0.00954914 
-0.00681233 
-0.00380044 
-0.000547568 
0.00290578 
0.00650618 
0.0101881 
0.0138891 
0.0175462 
0.0210993 
0.024492 
0.0276733 
0.0306008 
0.0332431 
0.0355838 
0.0376245 
0.039387 
0.0409122 
0.0422545 
0.0434648 
0.044555 
0.0454391 
0.0458606 
0.045343 
0.0432416 
0.038933 
0.0320415 
0.0226673 
0.0110435 
-0.00186546 
-0.0139069 
-0.0242072 
-0.0328004 
-0.0399283 
-0.0459079 
-0.0459079 
-0.00533349 
-0.00533349 
-0.0089204 
-0.0111298 
-0.0126267 
-0.0137353 
-0.0146096 
-0.0153484 
-0.016007 
-0.016622 
-0.0172126 
-0.0177876 
-0.0183456 
-0.018878 
-0.0193709 
-0.0198074 
-0.0201694 
-0.0204393 
-0.020601 
-0.0206398 
-0.0205422 
-0.0202952 
-0.0198848 
-0.0192961 
-0.0185123 
-0.0175157 
-0.0162886 
-0.0148143 
-0.0130791 
-0.0110742 
-0.00879741 
-0.00625501 
-0.00346284 
-0.000446831 
0.00276147 
0.00611751 
0.00956085 
0.0130328 
0.0164738 
0.0198272 
0.0230399 
0.0260652 
0.0288648 
0.0314118 
0.0336936 
0.0357142 
0.0374951 
0.0390736 
0.0404947 
0.041794 
0.0429636 
0.043902 
0.0443512 
0.0438547 
0.0417769 
0.0375026 
0.0307417 
0.0216125 
0.0104228 
-0.00180003 
-0.0132771 
-0.0232573 
-0.0316429 
-0.0386424 
-0.0445633 
-0.0445633 
-0.00369875 
-0.00369875 
-0.00738871 
-0.00969662 
-0.0112821 
-0.0124704 
-0.0134195 
-0.01423 
-0.0149577 
-0.0156377 
-0.0162878 
-0.0169149 
-0.0175166 
-0.0180835 
-0.0186011 
-0.0190518 
-0.019417 
-0.0196783 
-0.0198197 
-0.0198271 
-0.0196893 
-0.0193966 
-0.0189399 
-0.0183097 
-0.0174956 
-0.0164861 
-0.015269 
-0.013833 
-0.0121683 
-0.0102686 
-0.00813213 
-0.00576285 
-0.00317188 
-0.000378463 
0.00259341 
0.0057074 
0.00891037 
0.0121491 
0.0153692 
0.0185183 
0.0215475 
0.0244144 
0.0270845 
0.0295347 
0.0317546 
0.0337487 
0.0355361 
0.0371478 
0.0386179 
0.0399667 
0.0411717 
0.0421248 
0.0425775 
0.0420706 
0.0399936 
0.0358156 
0.0292854 
0.0205334 
0.00996496 
-0.00141835 
-0.0122342 
-0.0218049 
-0.029947 
-0.0368089 
-0.0426685 
-0.0426685 
-0.00206823 
-0.00206823 
-0.00586879 
-0.00827923 
-0.00995313 
-0.0112162 
-0.0122315 
-0.0131029 
-0.0138887 
-0.0146245 
-0.0153278 
-0.0160046 
-0.016652 
-0.0172599 
-0.0178133 
-0.0182938 
-0.0186817 
-0.0189576 
-0.019104 
-0.0191063 
-0.0189534 
-0.0186375 
-0.018153 
-0.0174953 
-0.0166598 
-0.0156407 
-0.0144315 
-0.0130255 
-0.0114171 
-0.00960281 
-0.00758272 
-0.00536104 
-0.00294706 
-0.00035598 
0.00239354 
0.00527515 
0.00824399 
0.0112535 
0.014255 
0.0172015 
0.020049 
0.022759 
0.0253008 
0.0276537 
0.0298084 
0.0317684 
0.0335485 
0.0351719 
0.0366613 
0.0380241 
0.0392287 
0.040167 
0.0405858 
0.0400432 
0.0379939 
0.0339649 
0.0277544 
0.0195102 
0.00968785 
-0.000807614 
-0.010892 
-0.0199737 
-0.0278215 
-0.0345216 
-0.0403091 
-0.0403091 
-0.000459132 
-0.000459132 
-0.0043766 
-0.00689436 
-0.00865927 
-0.00999606 
-0.0110726 
-0.0119965 
-0.01283 
-0.0136105 
-0.0143567 
-0.0150751 
-0.0157629 
-0.0164102 
-0.0170021 
-0.0175201 
-0.0179437 
-0.0182523 
-0.0184267 
-0.0184503 
-0.0183105 
-0.0179989 
-0.0175112 
-0.016846 
-0.0160035 
-0.014984 
-0.0137867 
-0.0124101 
-0.0108524 
-0.00911328 
-0.00719435 
-0.00510028 
-0.00283932 
-0.000424148 
0.00212975 
0.00480108 
0.0075536 
0.010348 
0.0131424 
0.0158956 
0.0185688 
0.0211278 
0.0235449 
0.0258014 
0.0278881 
0.0298059 
0.0315645 
0.0331788 
0.0346613 
0.0360095 
0.0371862 
0.038079 
0.0384345 
0.0378581 
0.0358615 
0.0320386 
0.0262301 
0.0185927 
0.00958202 
-1.12946e-05 
-0.00933306 
-0.0178712 
-0.0253771 
-0.0318852 
-0.0375845 
-0.0375845 
0.00111469 
0.00111469 
-0.00291931 
-0.00554981 
-0.00741088 
-0.00882474 
-0.00996302 
-0.0109364 
-0.0118111 
-0.0126274 
-0.0134061 
-0.0141553 
-0.0148734 
-0.0155516 
-0.0161762 
-0.0167296 
-0.0171918 
-0.017542 
-0.0177596 
-0.017826 
-0.0177258 
-0.0174479 
-0.0169861 
-0.0163391 
-0.0155097 
-0.0145027 
-0.0133233 
-0.0119755 
-0.0104624 
-0.00878653 
-0.00695196 
-0.00496491 
-0.00283454 
-0.000573313 
0.00180435 
0.00428475 
0.00683965 
0.00943603 
0.0120387 
0.0146122 
0.0171226 
0.0195394 
0.021838 
0.0240005 
0.0260169 
0.0278853 
0.0296098 
0.0311976 
0.0326525 
0.0339645 
0.0350913 
0.0359104 
0.0361966 
0.0355953 
0.033683 
0.0301167 
0.0247702 
0.0177989 
0.00962206 
0.000918721 
-0.00762966 
-0.0155919 
-0.022718 
-0.0290044 
-0.0345966 
-0.0345966 
0.00265236 
0.00265236 
-0.00149622 
-0.00424301 
-0.00620653 
-0.0077044 
-0.0089105 
-0.00993694 
-0.0108533 
-0.0117024 
-0.0125077 
-0.0132794 
-0.0140176 
-0.0147159 
-0.0153623 
-0.0159413 
-0.016435 
-0.0168238 
-0.0170876 
-0.0172071 
-0.0171644 
-0.0169451 
-0.0165389 
-0.0159411 
-0.0151529 
-0.0141806 
-0.0130338 
-0.011723 
-0.0102574 
-0.00864449 
-0.00689036 
-0.00500162 
-0.00298658 
-0.000856184 
0.00137619 
0.00369595 
0.00608111 
0.00850479 
0.0109381 
0.0133511 
0.0157146 
0.0180018 
0.0201903 
0.0222631 
0.0242091 
0.0260231 
0.0277042 
0.0292528 
0.0306657 
0.0319267 
0.0329816 
0.0337208 
0.0339405 
0.0333316 
0.0315341 
0.0282619 
0.0234139 
0.0171332 
0.00978519 
0.00194255 
-0.00584413 
-0.013216 
-0.0199364 
-0.0259753 
-0.0314415 
-0.0314415 
0.00416512 
0.00416512 
-9.94755e-05 
-0.00296054 
-0.00503214 
-0.00662269 
-0.00790683 
-0.00899621 
-0.00996223 
-0.0108493 
-0.0116833 
-0.0124761 
-0.0132302 
-0.0139412 
-0.0145996 
-0.0151927 
-0.0157054 
-0.0161209 
-0.0164218 
-0.0165899 
-0.0166076 
-0.0164584 
-0.0161282 
-0.0156071 
-0.0148904 
-0.0139805 
-0.012886 
-0.0116208 
-0.0102005 
-0.0086396 
-0.00694981 
-0.00514097 
-0.00322311 
-0.00120819 
0.000889978 
0.00306161 
0.00529306 
0.00756158 
0.00984363 
0.0121139 
0.0143465 
0.0165175 
0.018606 
0.0205951 
0.0224726 
0.0242304 
0.0258629 
0.0273652 
0.0287277 
0.0299242 
0.0309026 
0.0315639 
0.0317284 
0.0311326 
0.0294758 
0.0265213 
0.0221858 
0.0165926 
0.0100487 
0.00302514 
-0.00402754 
-0.0108097 
-0.0171097 
-0.0228809 
-0.0282042 
-0.0282042 
0.00567432 
0.00567432 
0.00129044 
-0.00168189 
-0.00386384 
-0.00555562 
-0.00692964 
-0.00809567 
-0.00912506 
-0.0100628 
-0.010936 
-0.0117581 
-0.0125332 
-0.0132585 
-0.013927 
-0.0145283 
-0.0150503 
-0.0154797 
-0.0158026 
-0.0160043 
-0.0160699 
-0.0159844 
-0.015733 
-0.0153023 
-0.0146817 
-0.0138659 
-0.0128568 
-0.0116647 
-0.0103077 
-0.00880763 
-0.00718506 
-0.00545566 
-0.00362982 
-0.00171584 
0.000275662 
0.0023326 
0.00444052 
0.00658227 
0.00873921 
0.01089 
0.0130113 
0.0150823 
0.017083 
0.0189971 
0.020811 
0.0225143 
0.0240976 
0.0255512 
0.0268574 
0.0279868 
0.0288936 
0.0294873 
0.0296131 
0.0290511 
0.027554 
0.0249273 
0.0211 
0.0161709 
0.0103901 
0.00413707 
-0.00221734 
-0.00842358 
-0.0142989 
-0.0197888 
-0.0249547 
-0.0249547 
0.00720476 
0.00720476 
0.00270234 
-0.000382827 
-0.00267326 
-0.00447371 
-0.00594907 
-0.00720661 
-0.00831587 
-0.00932138 
-0.0102506 
-0.0111177 
-0.0119278 
-0.0126792 
-0.0133663 
-0.0139805 
-0.014512 
-0.0149503 
-0.0152847 
-0.0155045 
-0.015599 
-0.0155572 
-0.0153675 
-0.0150177 
-0.0144951 
-0.0137884 
-0.01289 
-0.0117989 
-0.0105241 
-0.00908589 
-0.00751217 
-0.00583228 
-0.00406929 
-0.00223781 
-0.000348217 
0.00158926 
0.0035746 
0.0055954 
0.00763728 
0.00968278 
0.0117089 
0.0136943 
0.0156198 
0.0174687 
0.0192263 
0.02088 
0.0224171 
0.023822 
0.025072 
0.0261426 
0.0269887 
0.0275299 
0.0276357 
0.0271264 
0.0258014 
0.0235011 
0.020163 
0.015861 
0.010792 
0.00525519 
-0.000442551 
-0.0060946 
-0.0115494 
-0.0167504 
-0.0217481 
-0.0217481 
0.00878011 
0.00878011 
0.00416689 
0.000969151 
-0.00143475 
-0.00334956 
-0.00493686 
-0.00630014 
-0.00750606 
-0.00859767 
-0.00960212 
-0.0105336 
-0.0113977 
-0.0121934 
-0.0129157 
-0.013557 
-0.0141089 
-0.0145626 
-0.0149095 
-0.0151421 
-0.0152531 
-0.015236 
-0.015084 
-0.0147897 
-0.0143444 
-0.0137377 
-0.0129586 
-0.0119971 
-0.0108488 
-0.00951964 
-0.00803004 
-0.00641445 
-0.00471194 
-0.00295133 
-0.00114135 
0.00071712 
0.00261741 
0.00455048 
0.00650996 
0.00847827 
0.0104299 
0.0123477 
0.0142122 
0.0160079 
0.0177187 
0.0193305 
0.0208261 
0.0221855 
0.0233907 
0.0244147 
0.0252148 
0.0257212 
0.0258264 
0.0253858 
0.0242386 
0.0222543 
0.0193767 
0.0156559 
0.0112421 
0.00636538 
0.0012772 
-0.00384834 
-0.00889257 
-0.0138026 
-0.0186242 
-0.0186242 
0.010424 
0.010424 
0.00571013 
0.00239908 
-0.000126052 
-0.00216097 
-0.00387151 
-0.00535415 
-0.00667318 
-0.00786908 
-0.00896803 
-0.00998374 
-0.0109218 
-0.0117814 
-0.012558 
-0.0132446 
-0.0138333 
-0.0143165 
-0.014687 
-0.0149389 
-0.0150672 
-0.0150681 
-0.0149387 
-0.0146762 
-0.0142773 
-0.0137372 
-0.0130488 
-0.0122023 
-0.0111862 
-0.00999061 
-0.0086132 
-0.00706754 
-0.00539014 
-0.00363801 
-0.00186534 
-9.5055e-05 
0.00169446 
0.00351998 
0.00538535 
0.00728121 
0.00917558 
0.0110409 
0.0128592 
0.014614 
0.0162889 
0.0178664 
0.0193273 
0.0206551 
0.0218284 
0.0228204 
0.0235914 
0.0240821 
0.0242051 
0.0238458 
0.0228769 
0.021192 
0.0187397 
0.01555 
0.0117325 
0.00746013 
0.00293194 
-0.00170145 
-0.00634862 
-0.0109695 
-0.0156099 
-0.0156099 
0.0121565 
0.0121565 
0.00735044 
0.00392845 
0.00127652 
-0.000893171 
-0.0027379 
-0.00435428 
-0.00580306 
-0.00712171 
-0.0083345 
-0.00945412 
-0.0104856 
-0.0114281 
-0.0122771 
-0.013026 
-0.0136677 
-0.0141953 
-0.0146028 
-0.0148854 
-0.0150399 
-0.0150642 
-0.0149572 
-0.0147189 
-0.0143495 
-0.0138491 
-0.0132167 
-0.0124495 
-0.0115423 
-0.0104876 
-0.00927666 
-0.00790275 
-0.00636793 
-0.00469371 
-0.00293085 
-0.00115068 
0.00060676 
0.00237514 
0.00421322 
0.00609107 
0.00794715 
0.00977479 
0.0115595 
0.0132856 
0.0149342 
0.0164883 
0.0179301 
0.0192401 
0.0203964 
0.0213723 
0.0221321 
0.0226256 
0.022783 
0.0225145 
0.0217202 
0.020314 
0.018249 
0.0155385 
0.0122586 
0.0085352 
0.00452081 
0.000344124 
-0.00392584 
-0.00826302 
-0.01272 
-0.01272 
0.0139954 
0.0139954 
0.00910458 
0.00557187 
0.00278586 
0.000470252 
-0.00152378 
-0.00329034 
-0.00488641 
-0.00634756 
-0.00769474 
-0.00893889 
-0.0100838 
-0.0111278 
-0.0120662 
-0.0128929 
-0.0136012 
-0.0141852 
-0.0146404 
-0.0149633 
-0.0151525 
-0.0152073 
-0.0151286 
-0.0149177 
-0.0145766 
-0.0141071 
-0.0135109 
-0.0127887 
-0.0119397 
-0.010962 
-0.00985214 
-0.00860577 
-0.00721829 
-0.00568592 
-0.00401214 
-0.00222312 
-0.000410554 
0.00131033 
0.00304735 
0.00487844 
0.00672821 
0.0085416 
0.0103097 
0.0120197 
0.0136568 
0.0152034 
0.0166404 
0.0179475 
0.0191022 
0.0200786 
0.0208448 
0.0213586 
0.0215647 
0.0213935 
0.0207674 
0.0196173 
0.0179006 
0.0156184 
0.0128191 
0.00959114 
0.00604631 
0.00228628 
-0.00162585 
-0.00568583 
-0.00995967 
-0.00995967 
0.0159565 
0.0159565 
0.0109874 
0.0073427 
0.00441649 
0.00194224 
-0.000218854 
-0.00215145 
-0.00391497 
-0.00554008 
-0.00704447 
-0.00843589 
-0.00971588 
-0.0108814 
-0.0119269 
-0.0128462 
-0.0136334 
-0.0142838 
-0.0147941 
-0.0151631 
-0.0153912 
-0.0154801 
-0.0154326 
-0.0152519 
-0.0149418 
-0.0145056 
-0.0139461 
-0.0132655 
-0.0124649 
-0.0115446 
-0.0105046 
-0.00934615 
-0.00807409 
-0.00670002 
-0.00524359 
-0.00372404 
-0.00213281 
-0.00039096 
0.00161374 
0.00367558 
0.00556447 
0.00735383 
0.00911266 
0.0108203 
0.0124615 
0.0140159 
0.0154636 
0.0167832 
0.017952 
0.0189453 
0.0197343 
0.020284 
0.0205505 
0.0204804 
0.0200142 
0.0190969 
0.0176906 
0.0157876 
0.0134152 
0.0106315 
0.00751434 
0.00413989 
0.000560383 
-0.00323538 
-0.00732674 
-0.00732674 
0.0180541 
0.0180541 
0.0130124 
0.00925424 
0.00618104 
0.00353726 
0.00119466 
-0.000926964 
-0.00287921 
-0.00469182 
-0.00637876 
-0.00794316 
-0.00938294 
-0.0106923 
-0.0118644 
-0.0128922 
-0.0137705 
-0.0144959 
-0.0150672 
-0.0154855 
-0.0157538 
-0.0158767 
-0.0158594 
-0.0157079 
-0.0154279 
-0.0150246 
-0.0145025 
-0.013865 
-0.0131146 
-0.0122526 
-0.0112797 
-0.0101966 
-0.00900488 
-0.00770793 
-0.00631266 
-0.00482892 
-0.00327013 
-0.00162243 
0.000223474 
0.00224414 
0.00423228 
0.00611239 
0.00792449 
0.00966917 
0.0113412 
0.0129249 
0.0144018 
0.0157509 
0.0169502 
0.017976 
0.018803 
0.0194018 
0.0197379 
0.0197705 
0.0194548 
0.0187473 
0.0176153 
0.0160458 
0.0140499 
0.0116625 
0.00893339 
0.00591446 
0.00263986 
-0.000902032 
-0.00481267 
-0.00481267 
0.0203008 
0.0203008 
0.0151922 
0.0113198 
0.00809379 
0.00526957 
0.00272778 
0.000397155 
-0.001767 
-0.00379324 
-0.00569061 
-0.00745722 
-0.00908517 
-0.0105645 
-0.0118852 
-0.0130391 
-0.0140214 
-0.01483 
-0.0154667 
-0.0159356 
-0.016243 
-0.0163969 
-0.0164061 
-0.0162792 
-0.0160248 
-0.0156501 
-0.0151615 
-0.0145636 
-0.0138597 
-0.0130515 
-0.0121398 
-0.0111246 
-0.0100068 
-0.0087883 
-0.0074737 
-0.00606644 
-0.00456922 
-0.00296542 
-0.00124082 
0.000566803 
0.00250677 
0.00452581 
0.00650893 
0.00840499 
0.0101973 
0.0118751 
0.0134269 
0.0148385 
0.0160928 
0.0171707 
0.0180512 
0.0187111 
0.0191237 
0.0192588 
0.0190831 
0.0185634 
0.0176721 
0.0163936 
0.0147279 
0.0126917 
0.010313 
0.00762128 
0.00463458 
0.00132608 
-0.00240633 
-0.00240633 
0.0227069 
0.0227069 
0.0175372 
0.0135511 
0.0101682 
0.00715425 
0.00439909 
0.0018388 
-0.000564566 
-0.0028315 
-0.00497019 
-0.00697194 
-0.00882095 
-0.0105006 
-0.011996 
-0.0132966 
-0.0143969 
-0.0152973 
-0.0160025 
-0.0165211 
-0.0168641 
-0.0170437 
-0.0170728 
-0.016964 
-0.0167288 
-0.0163772 
-0.0159175 
-0.0153557 
-0.0146959 
-0.0139399 
-0.0130877 
-0.0121377 
-0.0110876 
-0.00993503 
-0.00867846 
-0.00731532 
-0.00584405 
-0.00426314 
-0.00254535 
-0.000705458 
0.00120261 
0.00315549 
0.00513859 
0.00710793 
0.00901398 
0.010817 
0.0124881 
0.0140058 
0.0153523 
0.0165116 
0.0174676 
0.0182035 
0.0187006 
0.0189381 
0.0188927 
0.0185403 
0.0178589 
0.0168325 
0.0154543 
0.0137276 
0.0116631 
0.00927158 
0.00655406 
0.00346985 
-9.054e-05 
-9.054e-05 
0.0252783 
0.0252783 
0.0200544 
0.0159572 
0.0124162 
0.00920578 
0.0062242 
0.00341439 
0.000747188 
-0.00179116 
-0.00420428 
-0.00647775 
-0.00858569 
-0.0105015 
-0.0122029 
-0.0136743 
-0.0149094 
-0.0159102 
-0.0166861 
-0.0172515 
-0.0176233 
-0.0178201 
-0.0178598 
-0.0177596 
-0.0175349 
-0.0171988 
-0.0167618 
-0.0162315 
-0.0156126 
-0.0149068 
-0.0141132 
-0.0132282 
-0.0122469 
-0.0111634 
-0.00997269 
-0.00866775 
-0.0072412 
-0.00568769 
-0.00399192 
-0.00218202 
-0.000282255 
0.0016944 
0.00372674 
0.00577515 
0.00779238 
0.00973081 
0.0115474 
0.0132077 
0.0146858 
0.0159626 
0.0170237 
0.0178572 
0.0184516 
0.0187948 
0.018873 
0.0186707 
0.0181722 
0.0173635 
0.0162342 
0.0147786 
0.0129943 
0.0108769 
0.00841156 
0.00554514 
0.00215324 
0.00215324 
0.0280154 
0.0280154 
0.0227452 
0.0185426 
0.0148464 
0.0114372 
0.00822029 
0.00514473 
0.00218862 
-0.000653467 
-0.00337558 
-0.00596063 
-0.00837044 
-0.0105644 
-0.0125091 
-0.0141811 
-0.0155711 
-0.0166827 
-0.0175306 
-0.0181372 
-0.0185281 
-0.0187297 
-0.0187671 
-0.0186632 
-0.0184379 
-0.0181081 
-0.0176867 
-0.0171831 
-0.0166027 
-0.0159467 
-0.0152127 
-0.0143943 
-0.0134829 
-0.0124679 
-0.0113388 
-0.0100821 
-0.00868289 
-0.00713039 
-0.00541896 
-0.00356568 
-0.00159854 
0.000448274 
0.0025373 
0.00463865 
0.0067211 
0.00874835 
0.0106786 
0.0124701 
0.0140862 
0.0154987 
0.0166875 
0.0176398 
0.0183473 
0.0188041 
0.0190042 
0.0189403 
0.0186035 
0.0179836 
0.0170697 
0.015851 
0.0143158 
0.0124477 
0.010219 
0.0075633 
0.00434617 
0.00434617 
0.0309101 
0.0309101 
0.0256031 
0.0213044 
0.017461 
0.0138564 
0.0104008 
0.00704737 
0.00378072 
0.000604374 
-0.00246376 
-0.00540187 
-0.00816079 
-0.0106808 
-0.012913 
-0.014822 
-0.0163922 
-0.0176277 
-0.0185493 
-0.0191895 
-0.0195858 
-0.0197757 
-0.0197937 
-0.01967 
-0.0194301 
-0.0190952 
-0.0186812 
-0.0181993 
-0.0176554 
-0.0170505 
-0.01638 
-0.0156347 
-0.0148017 
-0.0138655 
-0.0128095 
-0.0116118 
-0.0102464 
-0.00870375 
-0.00697513 
-0.00507806 
-0.0030391 
-0.000897275 
0.001305 
0.00352985 
0.00573509 
0.00788121 
0.0099302 
0.0118445 
0.0135888 
0.0151323 
0.0164513 
0.0175299 
0.0183593 
0.0189359 
0.0192585 
0.0193262 
0.0191362 
0.0186828 
0.0179571 
0.0169462 
0.015633 
0.013992 
0.0119855 
0.00953489 
0.00649439 
0.00649439 
0.0339428 
0.0339428 
0.0286102 
0.0242293 
0.0202528 
0.0164636 
0.0127735 
0.00913711 
0.00554419 
0.00200595 
-0.00144595 
-0.00477872 
-0.00793607 
-0.0108347 
-0.0134048 
-0.0155943 
-0.0173771 
-0.0187546 
-0.0197536 
-0.0204186 
-0.0208031 
-0.02096 
-0.0209367 
-0.020773 
-0.0205014 
-0.0201478 
-0.0197316 
-0.0192659 
-0.0187572 
-0.0182057 
-0.0176045 
-0.0169406 
-0.0161962 
-0.01535 
-0.0143757 
-0.0132396 
-0.0119093 
-0.0103645 
-0.00859662 
-0.00661789 
-0.00445814 
-0.00216306 
0.000209499 
0.00259713 
0.00495059 
0.00722985 
0.00939834 
0.0114226 
0.0132726 
0.014922 
0.0163491 
0.0175379 
0.0184793 
0.0191697 
0.0196096 
0.0198014 
0.0197464 
0.0194429 
0.0188844 
0.0180582 
0.0169445 
0.0155116 
0.0137143 
0.0114627 
0.00859906 
0.00859906 
0.0370795 
0.0370795 
0.0317341 
0.027289 
0.0232001 
0.0192454 
0.015334 
0.0114182 
0.00749065 
0.00356987 
-0.000299227 
-0.00406703 
-0.00766995 
-0.0110009 
-0.0139627 
-0.0164825 
-0.0185177 
-0.020063 
-0.0211479 
-0.0218304 
-0.0221835 
-0.0222817 
-0.0221902 
-0.0219619 
-0.0216377 
-0.0212493 
-0.0208199 
-0.0203647 
-0.0198908 
-0.019397 
-0.018874 
-0.0183047 
-0.0176654 
-0.0169273 
-0.0160538 
-0.0149953 
-0.0137102 
-0.0121676 
-0.0103541 
-0.00828024 
-0.00597907 
-0.00350386 
-0.000924029 
0.00168179 
0.00424729 
0.00672118 
0.0090578 
0.01122 
0.0131811 
0.0149224 
0.0164314 
0.0177003 
0.0187251 
0.0195055 
0.0200438 
0.0203441 
0.0204096 
0.0202406 
0.0198324 
0.0191727 
0.0182404 
0.0169997 
0.0153998 
0.0133405 
0.0106509 
0.0106509 
0.0402686 
0.0402686 
0.0349239 
0.0304363 
0.026262 
0.0221693 
0.0180601 
0.01388 
0.00962114 
0.00530706 
0.000993203 
-0.00324602 
-0.00733355 
-0.0111451 
-0.0145501 
-0.0174518 
-0.0197859 
-0.0215338 
-0.0227226 
-0.023421 
-0.0237244 
-0.023735 
-0.0235437 
-0.0232213 
-0.0228201 
-0.0223783 
-0.0219232 
-0.0214724 
-0.0210332 
-0.0206029 
-0.0201692 
-0.01971 
-0.0191951 
-0.0185856 
-0.0178307 
-0.0168649 
-0.0156299 
-0.014085 
-0.0122112 
-0.0100188 
-0.00754396 
-0.00484747 
-0.00200962 
0.000871623 
0.00369993 
0.00640888 
0.0089472 
0.0112708 
0.0133523 
0.0151782 
0.0167461 
0.0180605 
0.0191292 
0.0199608 
0.0205633 
0.0209438 
0.0211067 
0.0210529 
0.0207779 
0.0202685 
0.0195024 
0.0184402 
0.0170269 
0.0151521 
0.0126318 
0.0126318 
0.0434382 
0.0434382 
0.0381077 
0.0336015 
0.0293736 
0.0251776 
0.0209042 
0.0164867 
0.0119123 
0.00720554 
0.00243203 
-0.00230213 
-0.00690073 
-0.0112269 
-0.0151144 
-0.0184433 
-0.0211241 
-0.0231187 
-0.0244423 
-0.0251672 
-0.0254096 
-0.0253052 
-0.0249794 
-0.0245296 
-0.0240233 
-0.023507 
-0.0230126 
-0.0225598 
-0.022156 
-0.0217965 
-0.0214655 
-0.0211352 
-0.0207668 
-0.0203088 
-0.0196922 
-0.018831 
-0.0176506 
-0.0161005 
-0.0141595 
-0.0118392 
-0.00917978 
-0.00624754 
-0.00313283 
5.70974e-05 
0.00319971 
0.00620121 
0.00899747 
0.011529 
0.0137618 
0.0156844 
0.0173036 
0.0186386 
0.0197139 
0.0205532 
0.0211763 
0.0215975 
0.0218248 
0.0218597 
0.0216965 
0.02132 
0.0207054 
0.019809 
0.0185714 
0.0168723 
0.0145138 
0.0145138 
0.0464949 
0.0464949 
0.0411906 
0.0366897 
0.0324422 
0.0281827 
0.0237869 
0.0191706 
0.0143104 
0.00922816 
0.00400005 
-0.00123493 
-0.0063543 
-0.0112049 
-0.0155906 
-0.0193735 
-0.0224406 
-0.0247298 
-0.0262336 
-0.0270146 
-0.0272009 
-0.0269625 
-0.0264694 
-0.0258567 
-0.0252148 
-0.0246009 
-0.024052 
-0.0235906 
-0.0232232 
-0.0229425 
-0.0227285 
-0.0225462 
-0.0223448 
-0.0220559 
-0.0215874 
-0.0208312 
-0.0196983 
-0.0181332 
-0.0161172 
-0.0136652 
-0.0108197 
-0.0076495 
-0.0042492 
-0.000729979 
0.00275973 
0.00609336 
0.0091859 
0.0119596 
0.01437 
0.016404 
0.0180752 
0.0194165 
0.0204701 
0.0212788 
0.021879 
0.0222976 
0.02255 
0.0226405 
0.0225628 
0.0222984 
0.0218189 
0.0210746 
0.020001 
0.018467 
0.0162609 
0.0162609 
0.0493248 
0.0493248 
0.0440556 
0.0395811 
0.0353467 
0.0310652 
0.0265945 
0.0218281 
0.0167265 
0.0113047 
0.00564768 
-7.57342e-05 
-0.00569941 
-0.0110482 
-0.0159105 
-0.020141 
-0.0236117 
-0.0262363 
-0.0279757 
-0.028865 
-0.0290259 
-0.0286541 
-0.0279703 
-0.0271614 
-0.0263526 
-0.0256169 
-0.0249981 
-0.0245212 
-0.0241913 
-0.0239974 
-0.023914 
-0.0238963 
-0.0238762 
-0.0237616 
-0.0234357 
-0.0227704 
-0.0216687 
-0.0200789 
-0.0179897 
-0.0154199 
-0.0124111 
-0.00903068 
-0.00537027 
-0.00154159 
0.00229765 
0.00598926 
0.00941266 
0.0124655 
0.0150847 
0.0172517 
0.0189846 
0.0203293 
0.0213461 
0.0220978 
0.0226408 
0.0230183 
0.0232575 
0.0233687 
0.0233469 
0.0231709 
0.0228075 
0.0221996 
0.0212765 
0.0198948 
0.0178295 
0.0178295 
0.0517957 
0.0517957 
0.0465667 
0.0421337 
0.0379408 
0.0336761 
0.0291806 
0.0243214 
0.019039 
0.0133359 
0.00730206 
0.00112832 
-0.00495813 
-0.010739 
-0.0160125 
-0.0206404 
-0.0244956 
-0.0274744 
-0.0295023 
-0.0305703 
-0.0307677 
-0.0302944 
-0.0294174 
-0.0283887 
-0.0273845 
-0.0265037 
-0.0257994 
-0.0253 
-0.0250083 
-0.0249075 
-0.0249648 
-0.0251208 
-0.0252832 
-0.0253291 
-0.0251199 
-0.0245147 
-0.023422 
-0.0218021 
-0.019654 
-0.0169967 
-0.0138666 
-0.0103245 
-0.00645145 
-0.00235403 
0.00181467 
0.00586318 
0.00962342 
0.0129659 
0.0158052 
0.0181154 
0.0199173 
0.0212681 
0.0222441 
0.0229274 
0.0233938 
0.0237045 
0.023901 
0.024003 
0.0240095 
0.0238976 
0.0236298 
0.0231407 
0.0223524 
0.021108 
0.0191697 
0.0191697 
0.0537617 
0.0537617 
0.0485751 
0.0441908 
0.0400603 
0.0358456 
0.031375 
0.0264877 
0.0211001 
0.0151919 
0.00885037 
0.00228509 
-0.00417815 
-0.0102828 
-0.0158546 
-0.0207829 
-0.0249581 
-0.0282721 
-0.0306204 
-0.0319407 
-0.0322631 
-0.0317583 
-0.0307189 
-0.0294664 
-0.028247 
-0.0272008 
-0.0263966 
-0.0258681 
-0.0256141 
-0.0256095 
-0.0258107 
-0.0261371 
-0.0264649 
-0.0266376 
-0.026499 
-0.0259215 
-0.0248195 
-0.0231757 
-0.0209959 
-0.0182959 
-0.0151041 
-0.0114699 
-0.00745847 
-0.00316555 
0.0012755 
0.00564992 
0.00973739 
0.0133697 
0.0164293 
0.0188812 
0.0207508 
0.0221073 
0.0230428 
0.0236562 
0.0240407 
0.0242739 
0.0244119 
0.0244851 
0.0244986 
0.0244297 
0.0242379 
0.023849 
0.0231783 
0.0220534 
0.0202266 
0.0202266 
0.0550711 
0.0550711 
0.0499289 
0.0455918 
0.0415345 
0.0373927 
0.0329887 
0.0281385 
0.0227356 
0.0167279 
0.0101853 
0.00334082 
-0.00339006 
-0.00967719 
-0.0154053 
-0.0205048 
-0.0248976 
-0.0284842 
-0.0311454 
-0.0327701 
-0.0333134 
-0.032881 
-0.031752 
-0.0303026 
-0.0288643 
-0.0276396 
-0.0267238 
-0.0261603 
-0.0259418 
-0.0260311 
-0.0263688 
-0.0268457 
-0.0273013 
-0.0275514 
-0.0274351 
-0.0268457 
-0.0257348 
-0.024092 
-0.0219239 
-0.0192369 
-0.0160502 
-0.0124015 
-0.00833782 
-0.00393702 
0.000700632 
0.00535258 
0.00972697 
0.0136042 
0.0168452 
0.0194108 
0.0213331 
0.0226923 
0.0235929 
0.0241465 
0.0244591 
0.0246214 
0.0247017 
0.0247404 
0.0247498 
0.0247092 
0.0245765 
0.0242696 
0.023698 
0.0226732 
0.0209418 
0.0209418 
0.0555664 
0.0555664 
0.0504859 
0.0461862 
0.0422032 
0.0381477 
0.0338433 
0.0290921 
0.0237755 
0.0178082 
0.0112135 
0.00417639 
-0.00265754 
-0.0089335 
-0.0146635 
-0.0197927 
-0.0242766 
-0.0280334 
-0.0309482 
-0.0328808 
-0.0337168 
-0.0334723 
-0.0323645 
-0.0307849 
-0.0291491 
-0.0277446 
-0.0267105 
-0.0261072 
-0.02592 
-0.0260941 
-0.0265483 
-0.0271383 
-0.0276682 
-0.02794 
-0.0278085 
-0.027199 
-0.0260847 
-0.0244634 
-0.0223374 
-0.0197114 
-0.016596 
-0.0130121 
-0.00899348 
-0.0045979 
9.44745e-05 
0.00491226 
0.00953037 
0.0136256 
0.0170082 
0.0196355 
0.0215688 
0.0229085 
0.0237707 
0.0242742 
0.0245312 
0.0246394 
0.0246751 
0.0246864 
0.0246917 
0.0246725 
0.0245864 
0.0243448 
0.0238534 
0.0229076 
0.0212565 
0.0212565 
0.0550891 
0.0550891 
0.0501276 
0.0458575 
0.0419369 
0.0379698 
0.0337717 
0.0291446 
0.0239592 
0.0181269 
0.0117121 
0.00495209 
-0.00173216 
-0.00794324 
-0.0135799 
-0.0186351 
-0.023097 
-0.026912 
-0.0299859 
-0.0321786 
-0.0333242 
-0.0333566 
-0.0323929 
-0.0307847 
-0.0290044 
-0.0274362 
-0.0262845 
-0.0256391 
-0.0254771 
-0.0257196 
-0.0262581 
-0.0269109 
-0.027456 
-0.0277012 
-0.0275325 
-0.0269065 
-0.0258126 
-0.0242466 
-0.0222038 
-0.0196813 
-0.0166831 
-0.0132213 
-0.00931755 
-0.00501002 
-0.000362151 
0.00446569 
0.00911803 
0.0132534 
0.0166784 
0.0193268 
0.0212586 
0.0225839 
0.0234267 
0.0239083 
0.0241421 
0.0242276 
0.0242445 
0.0242457 
0.0242539 
0.0242542 
0.0242042 
0.0240123 
0.0235808 
0.0226938 
0.0211182 
0.0211182 
0.0535145 
0.0535145 
0.0487385 
0.0445131 
0.040654 
0.0367904 
0.0327234 
0.0282669 
0.023291 
0.0177306 
0.0116774 
0.00536369 
-0.000891579 
-0.00680267 
-0.0122146 
-0.0170907 
-0.0214213 
-0.0251733 
-0.0282754 
-0.0306087 
-0.0320183 
-0.0323695 
-0.0316649 
-0.030159 
-0.0283228 
-0.0266323 
-0.0253757 
-0.0246899 
-0.0245461 
-0.0248347 
-0.0254168 
-0.0260776 
-0.0265853 
-0.0267721 
-0.0265608 
-0.025931 
-0.0248764 
-0.0233876 
-0.0214539 
-0.0190684 
-0.0162306 
-0.0129457 
-0.00922582 
-0.00509638 
-0.000617524 
0.00402798 
0.00849018 
0.0124759 
0.0158127 
0.018419 
0.0203303 
0.0216459 
0.022487 
0.0229733 
0.0232156 
0.023311 
0.0233383 
0.0233512 
0.0233741 
0.0233948 
0.0233706 
0.0232121 
0.022816 
0.0219695 
0.0204847 
0.0204847 
0.0507298 
0.0507298 
0.0462266 
0.0420955 
0.0383211 
0.0345942 
0.0307073 
0.0264931 
0.0218364 
0.016702 
0.0111834 
0.00548178 
-0.000179719 
-0.00560894 
-0.0106493 
-0.015233 
-0.0193347 
-0.0229258 
-0.0259504 
-0.0283111 
-0.0298682 
-0.0304743 
-0.0300587 
-0.0287629 
-0.0269931 
-0.0252515 
-0.0239209 
-0.0232026 
-0.0230706 
-0.02338 
-0.023962 
-0.0245806 
-0.0250132 
-0.0251278 
-0.02488 
-0.0242622 
-0.0232656 
-0.0218747 
-0.0200742 
-0.0178543 
-0.015212 
-0.012151 
-0.00868497 
-0.00484875 
-0.000723021 
0.00351625 
0.00759844 
0.0112853 
0.014415 
0.0169024 
0.0187591 
0.0200609 
0.0209137 
0.0214279 
0.0217068 
0.0218413 
0.0219055 
0.0219502 
0.0219985 
0.0220401 
0.0220322 
0.021891 
0.0215087 
0.0206926 
0.019317 
0.019317 
0.0466381 
0.0466381 
0.0425128 
0.0385699 
0.0349432 
0.031414 
0.0277843 
0.0239077 
0.0196894 
0.0151105 
0.0102475 
0.00524955 
0.000282002 
-0.00451532 
-0.00902052 
-0.0131657 
-0.0169136 
-0.0202297 
-0.023064 
-0.0253363 
-0.0269299 
-0.0277043 
-0.0275509 
-0.0265163 
-0.0249112 
-0.023223 
-0.0218691 
-0.021136 
-0.0210108 
-0.0213161 
-0.0218577 
-0.0223958 
-0.0227329 
-0.0227763 
-0.0225056 
-0.0219173 
-0.0209984 
-0.0197294 
-0.018093 
-0.0160791 
-0.013686 
-0.010922 
-0.00780962 
-0.00439479 
-0.000762477 
0.00294363 
0.00652445 
0.00979181 
0.0126054 
0.0148867 
0.0166307 
0.0178887 
0.0187441 
0.01929 
0.0196169 
0.0198052 
0.0199203 
0.020007 
0.0200848 
0.0201434 
0.0201414 
0.0200021 
0.0196193 
0.0188359 
0.0175942 
0.0175942 
0.041175 
0.041175 
0.0375487 
0.0339356 
0.0305724 
0.0273384 
0.0240693 
0.0206409 
0.0169765 
0.013062 
0.0089509 
0.00474652 
0.000565506 
-0.00350364 
-0.00736749 
-0.0109608 
-0.0142403 
-0.0171691 
-0.0197014 
-0.0217713 
-0.0232842 
-0.0241195 
-0.0241617 
-0.0233942 
-0.0220258 
-0.0204833 
-0.0191909 
-0.0184698 
-0.0183499 
-0.0186293 
-0.0190983 
-0.0195327 
-0.0197704 
-0.0197544 
-0.0194795 
-0.0189422 
-0.0181268 
-0.0170126 
-0.0155831 
-0.0138299 
-0.0117542 
-0.00936891 
-0.00670216 
-0.00380296 
-0.000748537 
0.00234999 
0.00535066 
0.00811205 
0.0105223 
0.0125155 
0.0140782 
0.0152417 
0.016066 
0.0166234 
0.0169871 
0.0172231 
0.017385 
0.0175089 
0.0176093 
0.0176754 
0.0176683 
0.0175205 
0.0171363 
0.0164034 
0.0153242 
0.0153242 
0.034278 
0.034278 
0.0312765 
0.0281689 
0.0252322 
0.0224281 
0.0196408 
0.0167727 
0.0137624 
0.0105944 
0.00729985 
0.00394277 
0.000599462 
-0.0026623 
-0.00577792 
-0.00869818 
-0.0113866 
-0.0138091 
-0.0159255 
-0.0176813 
-0.0190024 
-0.0197925 
-0.0199477 
-0.0194197 
-0.0183304 
-0.0170189 
-0.0158733 
-0.0152099 
-0.0150994 
-0.0153352 
-0.0157102 
-0.0160323 
-0.0161799 
-0.0161239 
-0.0158674 
-0.0154065 
-0.0147254 
-0.0138055 
-0.0126328 
-0.0112012 
-0.00951402 
-0.00758537 
-0.00544239 
-0.00312822 
-0.000704759 
0.00174653 
0.00412474 
0.00632743 
0.00827251 
0.00990939 
0.0112231 
0.0122309 
0.0129728 
0.0135003 
0.0138674 
0.0141237 
0.0143094 
0.014451 
0.0145575 
0.0146177 
0.0145976 
0.0144415 
0.014073 
0.0134244 
0.0125382 
0.0125382 
0.026007 
0.026007 
0.0237528 
0.0213428 
