0 
-0.000189985 
0.000712222 
0.00200891 
0.00268764 
0.00306636 
0.00326109 
0.00334059 
0.00334818 
0.00331131 
0.00324667 
0.00316349 
0.00306593 
0.00295483 
0.00282908 
0.00268657 
0.00252496 
0.00234215 
0.00213661 
0.00190763 
0.00165545 
0.00138126 
0.0010873 
0.000776848 
0.000454395 
0.000126542 
-0.00019649 
-0.000509324 
-0.00081062 
-0.001098 
-0.00136769 
-0.00161551 
-0.00183719 
-0.00202842 
-0.00218486 
-0.0023023 
-0.00237699 
-0.00240608 
-0.00238802 
-0.00232317 
-0.00221469 
-0.00207006 
-0.00190306 
-0.00173496 
-0.00159136 
-0.00149184 
-0.00143623 
-0.0014 
-0.00134783 
-0.00125666 
-0.00112742 
-0.000976837 
-0.000822018 
-0.00067238 
-0.000530588 
-0.000396212 
-0.000268336 
-0.000146655 
-3.204e-05 
7.43253e-05 
0.000171881 
0.000256125 
0.000323804 
0.000371533 
0.000396817 
0 
0.000189985 
0.000189985 
-0.000712222 
-0.00200891 
-0.00268764 
-0.00306636 
-0.00326109 
-0.00334059 
-0.00334818 
-0.00331131 
-0.00324667 
-0.00316349 
-0.00306593 
-0.00295483 
-0.00282908 
-0.00268657 
-0.00252496 
-0.00234215 
-0.00213661 
-0.00190763 
-0.00165545 
-0.00138126 
-0.0010873 
-0.000776848 
-0.000454395 
-0.000126542 
0.00019649 
0.000509324 
0.00081062 
0.001098 
0.00136769 
0.00161551 
0.00183719 
0.00202842 
0.00218486 
0.0023023 
0.00237699 
0.00240608 
0.00238802 
0.00232317 
0.00221469 
0.00207006 
0.00190306 
0.00173496 
0.00159136 
0.00149184 
0.00143623 
0.0014 
0.00134783 
0.00125666 
0.00112742 
0.000976837 
0.000822018 
0.00067238 
0.000530588 
0.000396212 
0.000268336 
0.000146655 
3.204e-05 
-7.43253e-05 
-0.000171881 
-0.000256125 
-0.000323804 
-0.000371533 
-0.000396817 
-0.000396817 
-0.000106734 
-0.000106734 
-0.00364871 
-0.00602391 
-0.0075372 
-0.00843337 
-0.0089138 
-0.00911797 
-0.00914614 
-0.00906623 
-0.0089209 
-0.00873375 
-0.00851475 
-0.00826467 
-0.00797876 
-0.0076494 
-0.00726821 
-0.00682744 
-0.00632094 
-0.00574483 
-0.00509789 
-0.00438169 
-0.00360066 
-0.00276201 
-0.00187569 
-0.000954714 
-1.67911e-05 
0.00092077 
0.00184623 
0.00274667 
0.0036075 
0.00441382 
0.00515022 
0.00580093 
0.00635037 
0.00678377 
0.00708811 
0.00725354 
0.00727488 
0.00715341 
0.00689924 
0.00653474 
0.00609895 
0.00564946 
0.00525368 
0.00496203 
0.00477363 
0.00462627 
0.00443321 
0.00414141 
0.00375744 
0.00332422 
0.00288324 
0.00245682 
0.00205095 
0.00166425 
0.00129396 
0.000938887 
0.000600178 
0.000281645 
-8.99587e-06 
-0.000261177 
-0.000464757 
-0.000608685 
-0.000685038 
-0.000685038 
-0.00423746 
-0.00423746 
-0.00752362 
-0.0102751 
-0.0122578 
-0.0134918 
-0.0141628 
-0.0144435 
-0.0144748 
-0.0143566 
-0.0141517 
-0.0138933 
-0.0135936 
-0.0132502 
-0.0128525 
-0.0123855 
-0.0118337 
-0.0111826 
-0.010421 
-0.00954155 
-0.00854138 
-0.00742248 
-0.0061916 
-0.00486001 
-0.00344296 
-0.00195836 
-0.000428002 
0.00112199 
0.00266593 
0.00417915 
0.00563639 
0.00701247 
0.00828153 
0.00941671 
0.0103909 
0.011178 
0.0117544 
0.0121021 
0.0122108 
0.0120818 
0.0117313 
0.0111951 
0.010534 
0.00983548 
0.00919958 
0.00869967 
0.00833315 
0.00801031 
0.00761193 
0.00707254 
0.00641057 
0.00568947 
0.00496524 
0.00426565 
0.00359682 
0.00295565 
0.00233829 
0.00174275 
0.00117194 
0.000632217 
0.000133836 
-0.000302529 
-0.000656989 
-0.000909214 
-0.00104389 
-0.00104389 
-0.00809094 
-0.00809094 
-0.0116232 
-0.0146704 
-0.016861 
-0.0181993 
-0.0188937 
-0.0191498 
-0.0191376 
-0.0189746 
-0.0187317 
-0.0184419 
-0.0181115 
-0.0177297 
-0.0172758 
-0.0167253 
-0.0160535 
-0.015239 
-0.0142651 
-0.0131209 
-0.0118026 
-0.0103131 
-0.00866237 
-0.00686702 
-0.00494938 
-0.00293584 
-0.000856023 
0.00125462 
0.00336156 
0.00543348 
0.00743862 
0.00934463 
0.0111179 
0.0127226 
0.0141209 
0.0152749 
0.016149 
0.0167145 
0.0169538 
0.0168653 
0.0164687 
0.0158106 
0.0149703 
0.0140603 
0.0132061 
0.0124964 
0.0119233 
0.0113766 
0.010722 
0.00989955 
0.00894636 
0.00794157 
0.00694667 
0.00598794 
0.00506795 
0.00418052 
0.00331935 
0.0024827 
0.00167405 
0.000903788 
0.000190784 
-0.000441202 
-0.000962997 
-0.00133741 
-0.00153948 
-0.00153948 
-0.0124007 
-0.0124007 
-0.0160053 
-0.0190895 
-0.0212312 
-0.0224787 
-0.0230733 
-0.0232447 
-0.0231772 
-0.0229921 
-0.0227553 
-0.0224898 
-0.0221891 
-0.0218287 
-0.0213754 
-0.0207935 
-0.0200492 
-0.0191137 
-0.0179652 
-0.0165902 
-0.0149841 
-0.0131511 
-0.011105 
-0.0088682 
-0.00647123 
-0.00395061 
-0.00134715 
0.00129581 
0.00393465 
0.00652976 
0.00904333 
0.0114382 
0.0136766 
0.0157178 
0.0175177 
0.0190294 
0.0202072 
0.0210112 
0.0214145 
0.0214102 
0.0210181 
0.0202922 
0.0193267 
0.0182538 
0.0172175 
0.0163126 
0.015521 
0.0147186 
0.0137736 
0.012648 
0.0114024 
0.0101256 
0.00887624 
0.00767386 
0.00651513 
0.0053899 
0.00429007 
0.00321045 
0.00215839 
0.00114185 
0.000179702 
-0.00068307 
-0.00140326 
-0.00192965 
-0.00222051 
-0.00222051 
-0.0163287 
-0.0163287 
-0.0201254 
-0.0231723 
-0.0251425 
-0.0261974 
-0.026631 
-0.0266974 
-0.0265869 
-0.0264134 
-0.0262283 
-0.0260368 
-0.0258146 
-0.0255215 
-0.0251106 
-0.0245352 
-0.0237528 
-0.0227281 
-0.0214347 
-0.0198565 
-0.0179882 
-0.0158356 
-0.0134155 
-0.0107566 
-0.00789782 
-0.00488692 
-0.00177808 
0.00137146 
0.00450708 
0.00758137 
0.0105521 
0.0133802 
0.0160275 
0.0184525 
0.0206086 
0.0224443 
0.0239057 
0.0249437 
0.0255214 
0.0256247 
0.0252712 
0.0245192 
0.0234745 
0.0222844 
0.0211036 
0.020023 
0.019009 
0.0179312 
0.0166785 
0.0152478 
0.0137236 
0.0121967 
0.010716 
0.00929031 
0.00790851 
0.00655493 
0.00521639 
0.00388866 
0.00257018 
0.00127549 
4.09518e-05 
-0.00108524 
-0.00204451 
-0.00276381 
-0.00317544 
-0.00317544 
-0.0200292 
-0.0200292 
-0.0239501 
-0.0268423 
-0.0285416 
-0.0293474 
-0.0295997 
-0.029569 
-0.0294414 
-0.0293147 
-0.0292187 
-0.0291367 
-0.0290251 
-0.0288282 
-0.0284869 
-0.0279447 
-0.0271513 
-0.0260653 
-0.0246562 
-0.0229052 
-0.020806 
-0.0183646 
-0.0156007 
-0.0125476 
-0.00925294 
-0.00577568 
-0.0021843 
0.00145068 
0.00506057 
0.00858597 
0.0119782 
0.0151966 
0.0182041 
0.0209618 
0.0234248 
0.0255406 
0.0272516 
0.0285015 
0.0292456 
0.0294624 
0.0291663 
0.0284185 
0.0273338 
0.0260698 
0.0247823 
0.0235469 
0.0223116 
0.0209519 
0.0193941 
0.0176782 
0.0159067 
0.0141639 
0.0124831 
0.0108604 
0.00927563 
0.00770855 
0.00613971 
0.00455364 
0.00294989 
0.00135056 
-0.000199444 
-0.00164535 
-0.00291269 
-0.00389583 
-0.00448423 
-0.00448423 
-0.0232401 
-0.0232401 
-0.0272689 
-0.0299575 
-0.0313605 
-0.0319194 
-0.0320055 
-0.0319015 
-0.0317826 
-0.0317262 
-0.0317382 
-0.0317799 
-0.0317906 
-0.0317015 
-0.0314433 
-0.0309511 
-0.0301674 
-0.0290449 
-0.0275486 
-0.0256568 
-0.0233615 
-0.0206678 
-0.0175961 
-0.0141832 
-0.0104836 
-0.00656738 
-0.00251697 
0.00157881 
0.00563184 
0.00956997 
0.0133395 
0.0169 
0.0202174 
0.023257 
0.0259772 
0.0283271 
0.0302475 
0.031678 
0.0325679 
0.0328902 
0.0326572 
0.031933 
0.0308395 
0.0295389 
0.0281762 
0.0268017 
0.0253474 
0.0237108 
0.0218707 
0.0199089 
0.0179357 
0.0160198 
0.0141758 
0.0123862 
0.0106234 
0.00885687 
0.00705134 
0.00518848 
0.00328 
0.00134996 
-0.000564199 
-0.00240295 
-0.0040731 
-0.0054263 
-0.00628106 
-0.00628106 
-0.0259619 
-0.0259619 
-0.0300484 
-0.0325011 
-0.0336151 
-0.0339534 
-0.0338999 
-0.0337458 
-0.0336507 
-0.0336717 
-0.0337917 
-0.0339536 
-0.034083 
-0.034101 
-0.0339304 
-0.0334989 
-0.0327419 
-0.0316064 
-0.0300525 
-0.0280554 
-0.0256045 
-0.0227032 
-0.0193704 
-0.0156441 
-0.0115845 
-0.00727139 
-0.00280015 
0.00172221 
0.00618347 
0.0104956 
0.0146003 
0.0184585 
0.0220407 
0.0253172 
0.0282508 
0.0307926 
0.0328835 
0.0344608 
0.0354705 
0.035883 
0.0357108 
0.0350226 
0.0339459 
0.0326388 
0.0312233 
0.029718 
0.0280496 
0.0261574 
0.0240797 
0.0219303 
0.0198134 
0.0177753 
0.0158114 
0.0138924 
0.0119803 
0.0100241 
0.0079856 
0.00585545 
0.00363364 
0.00133376 
-0.00101435 
-0.00335395 
-0.00556892 
-0.00745315 
-0.00871243 
-0.00871243 
-0.0281307 
-0.0281307 
-0.0322384 
-0.03446 
-0.035325 
-0.035485 
-0.035322 
-0.0351345 
-0.0350657 
-0.0351559 
-0.035369 
-0.035634 
-0.035867 
-0.0359823 
-0.0358963 
-0.0355302 
-0.0348127 
-0.0336843 
-0.0321005 
-0.030033 
-0.0274685 
-0.0244076 
-0.0208664 
-0.0168813 
-0.012516 
-0.00785834 
-0.00301292 
0.00188928 
0.00670519 
0.0113347 
0.0157199 
0.0198266 
0.0236298 
0.0271037 
0.0302133 
0.0329111 
0.0351378 
0.03683 
0.0379329 
0.038418 
0.0383018 
0.0376595 
0.0366206 
0.0353283 
0.03387 
0.0322351 
0.0303652 
0.0282586 
0.0260089 
0.0237439 
0.0215483 
0.0194434 
0.0174078 
0.0154005 
0.0133623 
0.0112358 
0.00898636 
0.00659228 
0.00403814 
0.00132506 
-0.00154302 
-0.00452997 
-0.00748482 
-0.0101092 
-0.011945 
-0.011945 
-0.0297547 
-0.0297547 
-0.0338471 
-0.0358625 
-0.0365319 
-0.0365563 
-0.0363098 
-0.0360966 
-0.0360454 
-0.036185 
-0.0364656 
-0.0368079 
-0.037122 
-0.0373178 
-0.0373069 
-0.0370048 
-0.0363342 
-0.0352295 
-0.0336406 
-0.0315355 
-0.0288986 
-0.0257278 
-0.0220355 
-0.0178546 
-0.0132501 
-0.00831658 
-0.00316575 
0.00204552 
0.00714287 
0.0120223 
0.0166318 
0.0209419 
0.0249297 
0.0285694 
0.0318255 
0.0346498 
0.0369827 
0.0387614 
0.0399335 
0.0404757 
0.0404123 
0.0398257 
0.0388402 
0.0375717 
0.0360677 
0.0343038 
0.0322613 
0.0300044 
0.0276652 
0.025364 
0.023158 
0.0210449 
0.0189897 
0.016934 
0.0148061 
0.0125496 
0.0101195 
0.00747511 
0.00457434 
0.00138645 
-0.00214416 
-0.00599501 
-0.00992572 
-0.0134936 
-0.0160473 
-0.0160473 
-0.0308447 
-0.0308447 
-0.034894 
-0.0367443 
-0.0372765 
-0.0372048 
-0.0368965 
-0.0366577 
-0.0366077 
-0.03677 
-0.037087 
-0.0374758 
-0.0378434 
-0.0380972 
-0.0381457 
-0.0379002 
-0.0372783 
-0.0362085 
-0.034635 
-0.0325211 
-0.0298485 
-0.0266143 
-0.0228285 
-0.0185185 
-0.0137465 
-0.00861227 
-0.00324204 
0.00217246 
0.00745073 
0.0125049 
0.0172855 
0.0217602 
0.0259016 
0.0296798 
0.0330561 
0.0359801 
0.0383922 
0.040232 
0.041453 
0.0420412 
0.0420317 
0.0415102 
0.040585 
0.0393346 
0.0377741 
0.0358922 
0.0337301 
0.0314084 
0.0290707 
0.0268133 
0.0246637 
0.0226024 
0.0205807 
0.0185235 
0.0163573 
0.0140192 
0.0114444 
0.00855881 
0.00527073 
0.00148104 
-0.00293942 
-0.00790592 
-0.0129953 
-0.0175996 
-0.0209083 
-0.0209083 
-0.0314307 
-0.0314307 
-0.0354198 
-0.0371536 
-0.0376036 
-0.0374689 
-0.0371149 
-0.0368448 
-0.036776 
-0.0369317 
-0.0372527 
-0.0376558 
-0.0380473 
-0.038334 
-0.0384228 
-0.0382228 
-0.0376475 
-0.0366205 
-0.03508 
-0.0329835 
-0.0303093 
-0.0270544 
-0.0232303 
-0.018863 
-0.0140087 
-0.00876961 
-0.00329761 
0.0022045 
0.00758115 
0.0127519 
0.0176595 
0.0222631 
0.0265273 
0.0304156 
0.0338845 
0.0368812 
0.0393468 
0.0412256 
0.0424805 
0.0431101 
0.0431585 
0.0427065 
0.0418344 
0.0405833 
0.0389599 
0.036995 
0.0347926 
0.0325037 
0.0302577 
0.028118 
0.0260899 
0.0241415 
0.0222063 
0.0202053 
0.0180631 
0.0157005 
0.0130162 
0.00987079 
0.00608038 
0.00145503 
-0.00413282 
-0.0103843 
-0.0166592 
-0.0222489 
-0.0262596 
-0.0262596 
-0.0315513 
-0.0315513 
-0.0354635 
-0.0371318 
-0.0375494 
-0.0373829 
-0.0369991 
-0.036693 
-0.0365866 
-0.0367065 
-0.0369985 
-0.0373816 
-0.0377638 
-0.0380529 
-0.0381565 
-0.0379833 
-0.0374453 
-0.0364627 
-0.0349688 
-0.0329156 
-0.0302762 
-0.0270461 
-0.0232407 
-0.018894 
-0.0140625 
-0.00883796 
-0.00336161 
0.00216386 
0.0075794 
0.0128081 
0.0177898 
0.0224756 
0.0268208 
0.0307811 
0.0343073 
0.0373445 
0.0398361 
0.041734 
0.0430129 
0.0436833 
0.0437917 
0.0434018 
0.0425613 
0.0412911 
0.0396214 
0.0376404 
0.0354954 
0.0333359 
0.031261 
0.0293069 
0.0274625 
0.0256805 
0.0238892 
0.0220104 
0.0199596 
0.0176232 
0.0148278 
0.0113203 
0.00680329 
0.00106058 
-0.0058678 
-0.0133876 
-0.0207331 
-0.0271863 
-0.0318229 
-0.0318229 
-0.0312272 
-0.0312272 
-0.0350915 
-0.0367397 
-0.0371613 
-0.0369869 
-0.0365815 
-0.0362328 
-0.0360715 
-0.0361315 
-0.036367 
-0.0367015 
-0.0370464 
-0.0373119 
-0.0374079 
-0.0372447 
-0.0367345 
-0.035796 
-0.0343591 
-0.0323709 
-0.0297997 
-0.0266379 
-0.0229018 
-0.0186322 
-0.0138949 
-0.0087835 
-0.00342006 
0.0020367 
0.00743328 
0.0126694 
0.0176774 
0.0223995 
0.0267826 
0.030775 
0.0343229 
0.0373708 
0.0398666 
0.0417715 
0.0430712 
0.0437816 
0.0439393 
0.0435864 
0.0427495 
0.04146 
0.0397943 
0.0378884 
0.0359004 
0.0339543 
0.0321184 
0.0304067 
0.0287949 
0.0272311 
0.0256451 
0.0239568 
0.0220565 
0.0197627 
0.0167807 
0.0127172 
0.00721645 
0.000169098 
-0.0080883 
-0.0167277 
-0.0249879 
-0.0321806 
-0.0373754 
-0.0373754 
-0.0305018 
-0.0305018 
-0.0343495 
-0.0360171 
-0.0364743 
-0.0363163 
-0.035901 
-0.0355088 
-0.0352808 
-0.0352615 
-0.0354161 
-0.0356752 
-0.035955 
-0.03617 
-0.036234 
-0.036061 
-0.0355663 
-0.0346693 
-0.0332991 
-0.0313994 
-0.0289344 
-0.0258919 
-0.0222855 
-0.0181552 
-0.0135669 
-0.0086114 
-0.00340434 
0.0019151 
0.00721362 
0.0123865 
0.0173562 
0.0220553 
0.0264219 
0.0303979 
0.0339262 
0.0369528 
0.0394314 
0.0413317 
0.0426454 
0.0433847 
0.0435713 
0.0432303 
0.0423936 
0.0411273 
0.0395517 
0.0378207 
0.0360751 
0.0344067 
0.0328573 
0.0314284 
0.0300917 
0.0287962 
0.0274751 
0.0260355 
0.0243153 
0.0220202 
0.0187022 
0.0138622 
0.00719719 
-0.0011765 
-0.0106147 
-0.0202034 
-0.0292348 
-0.0370552 
-0.0427477 
-0.0427477 
-0.0294161 
-0.0294161 
-0.03328 
-0.0350017 
-0.035524 
-0.0354074 
-0.0349972 
-0.0345666 
-0.0342669 
-0.0341555 
-0.0342115 
-0.0343744 
-0.0345667 
-0.0347079 
-0.0347171 
-0.0345138 
-0.0340182 
-0.0331535 
-0.0318503 
-0.0300513 
-0.0277175 
-0.024832 
-0.0214036 
-0.0174678 
-0.0130862 
-0.00834347 
-0.00334521 
0.00178678 
0.00693013 
0.0119794 
0.0168514 
0.0214709 
0.0257697 
0.0296846 
0.0331572 
0.0361354 
0.0385777 
0.0404578 
0.0417666 
0.0425085 
0.0426969 
0.0423607 
0.0415572 
0.0403884 
0.0389949 
0.0375201 
0.0360742 
0.0347217 
0.0334893 
0.0323735 
0.0313473 
0.0303648 
0.0293577 
0.0282021 
0.0266481 
0.0242546 
0.020431 
0.0146539 
0.00677783 
-0.00281157 
-0.0132613 
-0.0236587 
-0.0333341 
-0.0416765 
-0.0478076 
-0.0478076 
-0.0280101 
-0.0280101 
-0.0319194 
-0.033726 
-0.0343419 
-0.0342931 
-0.0339086 
-0.0334522 
-0.0330838 
-0.0328756 
-0.0328225 
-0.032875 
-0.0329633 
-0.0330125 
-0.0329477 
-0.0326949 
-0.0321809 
-0.0313349 
-0.0300917 
-0.0283957 
-0.0262063 
-0.0235027 
-0.0202874 
-0.0165882 
-0.0124586 
-0.00797418 
-0.0032309 
0.00166312 
0.00659622 
0.0114645 
0.0161813 
0.0206665 
0.0248474 
0.0286582 
0.0320393 
0.0349404 
0.0373219 
0.0391579 
0.0404368 
0.0411606 
0.0413483 
0.0410474 
0.0403423 
0.0393537 
0.0382168 
0.0370493 
0.0359334 
0.0349159 
0.0340172 
0.0332341 
0.0325449 
0.0319087 
0.0312462 
0.0303788 
0.0289396 
0.0263346 
0.0218781 
0.0151066 
0.00608362 
-0.00456759 
-0.0158893 
-0.0269822 
-0.0371828 
-0.0459415 
-0.0524506 
-0.0524506 
-0.0263198 
-0.0263198 
-0.0303001 
-0.0322188 
-0.0329554 
-0.0330027 
-0.0326694 
-0.0322074 
-0.0317825 
-0.0314816 
-0.0313172 
-0.0312531 
-0.0312285 
-0.0311749 
-0.0310231 
-0.0307059 
-0.0301575 
-0.0293147 
-0.0281182 
-0.0265168 
-0.024471 
-0.0219577 
-0.0189741 
-0.0155399 
-0.011698 
-0.00751291 
-0.00306763 
0.00154379 
0.00621912 
0.0108565 
0.0153673 
0.0196687 
0.0236859 
0.0273513 
0.0306054 
0.0333982 
0.0356913 
0.0374595 
0.0386929 
0.0394004 
0.0396159 
0.0394063 
0.0388705 
0.0381269 
0.0372903 
0.0364519 
0.0356742 
0.0349953 
0.0344345 
0.0339926 
0.0336548 
0.0333819 
0.0330706 
0.0324678 
0.0310773 
0.0281734 
0.0230343 
0.0153093 
0.00526474 
-0.0063028 
-0.0183963 
-0.0300893 
-0.0406985 
-0.0497663 
-0.0565899 
-0.0565899 
-0.0243774 
-0.0243774 
-0.0284508 
-0.0305049 
-0.0313874 
-0.0315598 
-0.0313074 
-0.0308674 
-0.0304072 
-0.0300268 
-0.0297574 
-0.0295784 
-0.0294401 
-0.0292806 
-0.0290368 
-0.0286475 
-0.0280542 
-0.0272014 
-0.0260373 
-0.0245165 
-0.022603 
-0.0202739 
-0.0175229 
-0.0143627 
-0.0108263 
-0.00696616 
-0.00285188 
0.00143764 
0.00581206 
0.0101735 
0.0144326 
0.0185059 
0.0223176 
0.0258 
0.028894 
0.0315511 
0.0337353 
0.0354256 
0.0366195 
0.0373375 
0.0376277 
0.0375671 
0.0372532 
0.0367888 
0.0362654 
0.0357544 
0.0353066 
0.0349572 
0.034727 
0.0346226 
0.0346357 
0.0347229 
0.0347462 
0.0343679 
0.0329699 
0.0297317 
0.0239416 
0.0153729 
0.00445155 
-0.00791368 
-0.0207041 
-0.0329067 
-0.0438071 
-0.0530769 
-0.0601499 
-0.0601499 
-0.0222117 
-0.0222117 
-0.0263969 
-0.0286059 
-0.0296569 
-0.0299822 
-0.0298432 
-0.0294586 
-0.0289925 
-0.0285552 
-0.0281956 
-0.0279112 
-0.0276653 
-0.0274046 
-0.0270718 
-0.0266109 
-0.0259699 
-0.0251003 
-0.0239578 
-0.0225038 
-0.0207072 
-0.0185475 
-0.0160174 
-0.0131248 
-0.00989443 
-0.00636788 
-0.00260122 
0.00134179 
0.0053838 
0.00943358 
0.0134035 
0.0172116 
0.0207835 
0.0240527 
0.0269626 
0.0294681 
0.0315382 
0.0331591 
0.0343375 
0.0351039 
0.0355132 
0.0356408 
0.0355725 
0.0353919 
0.0351718 
0.0349702 
0.0348325 
0.0347928 
0.0348748 
0.0350912 
0.0354378 
0.0358617 
0.0361846 
0.0359872 
0.0345526 
0.031003 
0.0246601 
0.0153989 
0.00374256 
-0.00932673 
-0.0227448 
-0.0353581 
-0.0464321 
-0.0558021 
-0.0630596 
-0.0630596 
-0.0198491 
-0.0198491 
-0.0241617 
-0.0265412 
-0.027779 
-0.0282826 
-0.0282893 
-0.0279972 
-0.027562 
-0.0270988 
-0.0266723 
-0.0262989 
-0.0259577 
-0.0256063 
-0.0251937 
-0.0246691 
-0.0239855 
-0.0231003 
-0.0219757 
-0.0205793 
-0.0188858 
-0.016878 
-0.0145494 
-0.0119058 
-0.00896605 
-0.00576323 
-0.00234217 
0.00124661 
0.00493943 
0.00865486 
0.0123105 
0.0158286 
0.0191384 
0.0221772 
0.0248928 
0.0272456 
0.029211 
0.0307828 
0.0319745 
0.0328209 
0.0333755 
0.0337045 
0.0338788 
0.0339655 
0.034024 
0.0341042 
0.034248 
0.0344896 
0.0348555 
0.0353627 
0.0360085 
0.0367272 
0.0373016 
0.0372455 
0.0357737 
0.031982 
0.0252282 
0.0154466 
0.00319128 
-0.0104966 
-0.02445 
-0.0373524 
-0.0484877 
-0.0578687 
-0.0652488 
-0.0652488 
-0.0173146 
-0.0173146 
-0.0217675 
-0.024329 
-0.0257672 
-0.0264691 
-0.0266511 
-0.0264896 
-0.0261267 
-0.0256763 
-0.0252145 
-0.0247755 
-0.0243565 
-0.0239285 
-0.0234494 
-0.0228736 
-0.0221583 
-0.0212653 
-0.020162 
-0.0188214 
-0.0172228 
-0.015353 
-0.0132074 
-0.010791 
-0.00811904 
-0.00521815 
-0.00212434 
0.00112208 
0.00446904 
0.00784659 
0.0111809 
0.0144012 
0.0174431 
0.0202498 
0.0227752 
0.024986 
0.0268637 
0.0284073 
0.0296332 
0.0305749 
0.031279 
0.0318007 
0.032197 
0.0325227 
0.0328275 
0.0331559 
0.0335471 
0.0340348 
0.0346471 
0.0354038 
0.0363001 
0.0372575 
0.038028 
0.0380808 
0.0365943 
0.0326603 
0.0256647 
0.0155564 
0.00283671 
-0.0113875 
-0.0257378 
-0.0387784 
-0.0498798 
-0.0592034 
-0.0666516 
-0.0666516 
-0.0146329 
-0.0146329 
-0.0192368 
-0.0219877 
-0.0236343 
-0.0245483 
-0.0249291 
-0.0249331 
-0.0246853 
-0.0242923 
-0.0238347 
-0.0233612 
-0.0228872 
-0.0223999 
-0.0218688 
-0.0212556 
-0.0205215 
-0.0196319 
-0.0185577 
-0.0172756 
-0.0157687 
-0.0140269 
-0.0120474 
-0.00983533 
-0.00740411 
-0.00477618 
-0.00198161 
0.000945985 
0.00396452 
0.00701685 
0.0100394 
0.0129706 
0.0157538 
0.0183396 
0.0206885 
0.0227729 
0.0245792 
0.0261085 
0.0273766 
0.0284123 
0.0292542 
0.0299466 
0.0305357 
0.0310667 
0.0315826 
0.0321229 
0.0327239 
0.0334179 
0.0342331 
0.0351888 
0.0362765 
0.0374061 
0.0383099 
0.0384361 
0.0369567 
0.0329797 
0.0259107 
0.0156756 
0.00264391 
-0.0119807 
-0.0265136 
-0.0395202 
-0.050518 
-0.0597422 
-0.0672134 
-0.0672134 
-0.0118295 
-0.0118295 
-0.0165936 
-0.0195379 
-0.0213952 
-0.0225271 
-0.0231217 
-0.0233188 
-0.023226 
-0.0229371 
-0.02253 
-0.0220613 
-0.0215619 
-0.0210366 
-0.0204694 
-0.0198319 
-0.0190914 
-0.0182165 
-0.0171806 
-0.0159631 
-0.0145494 
-0.0129316 
-0.011108 
-0.009084 
-0.00687143 
-0.0044893 
-0.00196287 
0.00067894 
0.00340071 
0.0061562 
0.00889251 
0.0115578 
0.0141039 
0.0164891 
0.0186802 
0.0206546 
0.0224015 
0.0239222 
0.0252301 
0.0263482 
0.0273076 
0.0281436 
0.0288939 
0.0295963 
0.0302877 
0.0310031 
0.0317751 
0.0326336 
0.0336048 
0.0347055 
0.0359213 
0.0371545 
0.0381309 
0.0383017 
0.0368538 
0.0329165 
0.0259204 
0.0158043 
0.00262764 
-0.0122167 
-0.0266219 
-0.0394522 
-0.0503146 
-0.059429 
-0.0668872 
-0.0668872 
-0.00893135 
-0.00893135 
-0.0138634 
-0.0170026 
-0.0190684 
-0.0204165 
-0.0212296 
-0.0216365 
-0.0217299 
-0.0215887 
-0.0212813 
-0.0208644 
-0.0203784 
-0.019843 
-0.0192586 
-0.0186098 
-0.0178728 
-0.0170209 
-0.0160301 
-0.0148812 
-0.0135607 
-0.0120616 
-0.0103828 
-0.00852927 
-0.00651207 
-0.0043481 
-0.00205962 
0.00032744 
0.00278309 
0.00527234 
0.00775186 
0.0101788 
0.0125132 
0.0147201 
0.0167719 
0.0186497 
0.0203441 
0.0218559 
0.023195 
0.0243795 
0.0254338 
0.026386 
0.027267 
0.0281082 
0.0289413 
0.0297962 
0.0307016 
0.0316838 
0.0327654 
0.0339585 
0.0352437 
0.0365161 
0.0374974 
0.0376497 
0.036193 
0.0323153 
0.0254647 
0.0156017 
0.00266874 
-0.0119088 
-0.0259598 
-0.0385376 
-0.0492449 
-0.058249 
-0.0656768 
-0.0656768 
-0.00596653 
-0.00596653 
-0.0110735 
-0.0144081 
-0.0166776 
-0.0182341 
-0.0192603 
-0.0198805 
-0.0201779 
-0.0202177 
-0.0200558 
-0.0197414 
-0.019316 
-0.0188087 
-0.0182336 
-0.0175904 
-0.0168669 
-0.0160447 
-0.0151039 
-0.0140271 
-0.0128015 
-0.0114202 
-0.0098818 
-0.00819034 
-0.00635514 
-0.0043903 
-0.00231443 
-0.000149923 
0.00207717 
0.00433752 
0.00659624 
0.00881817 
0.0109703 
0.0130239 
0.0149556 
0.0167493 
0.0183966 
0.0198972 
0.0212581 
0.0224931 
0.0236211 
0.0246647 
0.0256489 
0.0265996 
0.0275433 
0.0285051 
0.0295091 
0.0305774 
0.0317279 
0.0329683 
0.0342694 
0.0355216 
0.0364511 
0.0365464 
0.0350742 
0.0312846 
0.024658 
0.0151458 
0.00281566 
-0.0110903 
-0.0246274 
-0.0368511 
-0.0473547 
-0.0562385 
-0.0636266 
-0.0636266 
-0.00296374 
-0.00296374 
-0.00825137 
-0.0117823 
-0.0142509 
-0.0160058 
-0.0172326 
-0.0180571 
-0.0185596 
-0.018797 
-0.0188136 
-0.0186476 
-0.0183338 
-0.0179021 
-0.0173743 
-0.0167622 
-0.016067 
-0.015281 
-0.0143914 
-0.0133846 
-0.0122489 
-0.0109769 
-0.0095661 
-0.00801941 
-0.00634458 
-0.00455413 
-0.00266471 
-0.000696486 
0.00132705 
0.00338415 
0.00544811 
0.00748989 
0.00948222 
0.011401 
0.0132264 
0.0149443 
0.0165468 
0.0180322 
0.0194052 
0.0206758 
0.0218587 
0.0229717 
0.0240349 
0.0250691 
0.0260959 
0.0271356 
0.0282078 
0.0293301 
0.0305157 
0.0317623 
0.0330337 
0.0342175 
0.0350501 
0.0350552 
0.033561 
0.0298869 
0.0235597 
0.0145157 
0.00299418 
-0.00994392 
-0.022759 
-0.034511 
-0.0447495 
-0.0534894 
-0.0608233 
-0.0608233 
5.08956e-05 
5.08956e-05 
-0.00542152 
-0.00915214 
-0.0118187 
-0.0137648 
-0.0151784 
-0.0161902 
-0.0168838 
-0.0173152 
-0.0175223 
-0.0175339 
-0.017375 
-0.0170689 
-0.0166367 
-0.0160953 
-0.0154558 
-0.0147217 
-0.0138905 
-0.0129553 
-0.0119084 
-0.0107435 
-0.00945747 
-0.0080515 
-0.00653096 
-0.00490523 
-0.00318719 
-0.00139275 
0.000458907 
0.00234746 
0.00425049 
0.00614383 
0.00800456 
0.00981219 
0.0115496 
0.0132038 
0.014767 
0.0162364 
0.0176152 
0.0189104 
0.0201336 
0.021298 
0.0224201 
0.023516 
0.0246028 
0.0256963 
0.0268122 
0.0279632 
0.0291537 
0.0303745 
0.0315827 
0.032665 
0.0333728 
0.0332736 
0.0317674 
0.0282496 
0.0223032 
0.0138634 
0.00326224 
-0.00859986 
-0.0205388 
-0.0316956 
-0.0415867 
-0.0501389 
-0.0573936 
-0.0573936 
0.00305415 
0.00305415 
-0.0026023 
-0.0065387 
-0.00940883 
-0.0115466 
-0.0131393 
-0.0143222 
-0.0151856 
-0.0157904 
-0.016176 
-0.016368 
-0.0163844 
-0.0162402 
-0.0159496 
-0.0155265 
-0.0149837 
-0.0143311 
-0.0135746 
-0.0127158 
-0.011753 
-0.0106835 
-0.00950518 
-0.00821834 
-0.0068267 
-0.0053378 
-0.00376289 
-0.00211652 
-0.000416183 
0.00131923 
0.0030755 
0.00483404 
0.00657522 
0.00828148 
0.00993759 
0.0115313 
0.0130551 
0.0145045 
0.0158813 
0.0171902 
0.0184398 
0.0196401 
0.0208039 
0.0219429 
0.0230709 
0.0241994 
0.0253401 
0.0264981 
0.0276716 
0.0288448 
0.0299693 
0.0309332 
0.0315076 
0.0313079 
0.0298122 
0.026494 
0.0209952 
0.0132582 
0.00363349 
-0.00712614 
-0.0181105 
-0.0285737 
-0.0380321 
-0.0463401 
-0.053481 
-0.053481 
0.0060403 
0.0060403 
0.000194376 
-0.00395433 
-0.00704033 
-0.00938129 
-0.0111585 
-0.0125075 
-0.013524 
-0.0142767 
-0.0148123 
-0.0151608 
-0.0153408 
-0.0153638 
-0.0152382 
-0.0149711 
-0.0145704 
-0.0140441 
-0.0134001 
-0.0126451 
-0.0117836 
-0.0108184 
-0.00975154 
-0.00858521 
-0.00732308 
-0.00597086 
-0.00453659 
-0.00303049 
-0.00146463 
0.000146907 
0.0017891 
0.00344459 
0.005096 
0.00672733 
0.00832457 
0.00987485 
0.01137 
0.0128036 
0.0141776 
0.0154956 
0.0167639 
0.0179897 
0.0191829 
0.0203517 
0.0215073 
0.0226573 
0.0238075 
0.0249577 
0.0261005 
0.0272143 
0.0282473 
0.0290912 
0.0295394 
0.0292577 
0.0278019 
0.0247232 
0.0197186 
0.0127389 
0.00410263 
-0.00557116 
-0.0155756 
-0.025283 
-0.034236 
-0.0422408 
-0.0492289 
-0.0492289 
0.00901795 
0.00901795 
0.00297092 
-0.00139981 
-0.00471756 
-0.00728466 
-0.00926744 
-0.0107963 
-0.0119672 
-0.0128543 
-0.0135125 
-0.0139812 
-0.0142869 
-0.014446 
-0.014468 
-0.0143578 
-0.0141182 
-0.0137513 
-0.0132598 
-0.012647 
-0.0119168 
-0.0110735 
-0.0101211 
-0.00906431 
-0.0079086 
-0.00666092 
-0.0053301 
-0.00392696 
-0.00246437 
-0.000957485 
0.000577957 
0.00213194 
0.00369292 
0.00524733 
0.00678163 
0.00828255 
0.00974336 
0.0111549 
0.0125176 
0.0138348 
0.0151112 
0.0163511 
0.0175624 
0.0187501 
0.0199227 
0.021083 
0.022232 
0.0233654 
0.0244711 
0.025523 
0.0264675 
0.0272022 
0.0275445 
0.0272091 
0.0258254 
0.023018 
0.0185326 
0.0123245 
0.0046583 
-0.0039687 
-0.0130026 
-0.0219251 
-0.03032 
-0.0379694 
-0.0447666 
-0.0447666 
0.0120081 
0.0120081 
0.00575124 
0.00113828 
-0.0024299 
-0.00525148 
-0.00747427 
-0.0092157 
-0.0105663 
-0.0115997 
-0.0123758 
-0.0129418 
-0.0133343 
-0.0135805 
-0.013699 
-0.0137014 
-0.0135935 
-0.0133766 
-0.0130491 
-0.0126086 
-0.0120524 
-0.0113792 
-0.0105892 
-0.00968477 
-0.00867103 
-0.00755585 
-0.00634972 
-0.00506488 
-0.00371382 
-0.00230797 
-0.000856751 
0.000631085 
0.00214013 
0.00365477 
0.00516345 
0.00664901 
0.00809958 
0.00949907 
0.0108556 
0.0121762 
0.0134607 
0.0147126 
0.0159378 
0.0171391 
0.0183218 
0.0194855 
0.0206281 
0.0217419 
0.0228111 
0.0238065 
0.0246746 
0.0253206 
0.0255854 
0.0252301 
0.0239502 
0.0214365 
0.0174761 
0.0120249 
0.00528675 
-0.00234662 
-0.01044 
-0.0185722 
-0.0263759 
-0.0336288 
-0.040201 
-0.040201 
0.0150395 
0.0150395 
0.00856967 
0.00369456 
-0.000153025 
-0.00325761 
-0.00576056 
-0.00775882 
-0.00933272 
-0.0105501 
-0.0114702 
-0.0121437 
-0.012614 
-0.012917 
-0.0130826 
-0.0131341 
-0.0130885 
-0.0129559 
-0.0127398 
-0.0124381 
-0.0120448 
-0.0115514 
-0.0109492 
-0.0102304 
-0.00939025 
-0.0084275 
-0.00734629 
-0.00615668 
-0.00487472 
-0.00352091 
-0.00211723 
-0.00068435 
0.000760495 
0.00221877 
0.00367821 
0.00511712 
0.00653564 
0.0079126 
0.0092494 
0.0105575 
0.0118389 
0.0130923 
0.0143228 
0.0155299 
0.0167156 
0.017878 
0.019012 
0.0201073 
0.0211457 
0.022096 
0.0229061 
0.0234898 
0.0237106 
0.0233709 
0.0222237 
0.0200174 
0.0165736 
0.0118464 
0.00598139 
-0.000720246 
-0.00791665 
-0.0152713 
-0.022468 
-0.0292954 
-0.0356151 
-0.0356151 
0.018144 
0.018144 
0.0114618 
0.00631071 
0.00215372 
-0.0012696 
-0.00408984 
-0.00639138 
-0.00823763 
-0.00968814 
-0.0107978 
-0.0116177 
-0.0121938 
-0.0125668 
-0.0127726 
-0.0128428 
-0.0128054 
-0.012683 
-0.0124921 
-0.0122417 
-0.0119335 
-0.0115623 
-0.0111182 
-0.0105888 
-0.00996096 
-0.00922291 
-0.0083655 
-0.00738403 
-0.00628026 
-0.00506454 
-0.00375646 
-0.00238212 
-0.000963201 
0.000490959 
0.00197437 
0.00345963 
0.00491221 
0.00627344 
0.00759263 
0.00891201 
0.0102028 
0.0114665 
0.0127033 
0.0139153 
0.015103 
0.0162641 
0.0173921 
0.0184751 
0.0194931 
0.0204147 
0.0211899 
0.0217416 
0.0219539 
0.0216647 
0.0206757 
0.0187838 
0.0158389 
0.0117923 
0.00673881 
0.000903059 
-0.00544744 
-0.0120492 
-0.018637 
-0.0250211 
-0.0310674 
-0.0310674 
0.0213531 
0.0213531 
0.0144614 
0.00902433 
0.00453136 
0.000751734 
-0.00242485 
-0.00507242 
-0.0072368 
-0.00896644 
-0.0103103 
-0.011319 
-0.0120413 
-0.0125216 
-0.0127994 
-0.0129096 
-0.012884 
-0.0127512 
-0.0125365 
-0.0122608 
-0.0119383 
-0.0115761 
-0.0111738 
-0.0107252 
-0.0102196 
-0.00964384 
-0.00898343 
-0.00822252 
-0.00734368 
-0.00632817 
-0.00515896 
-0.00383054 
-0.00236647 
-0.000844892 
0.000630248 
0.00202615 
0.00341856 
0.00475969 
0.00605065 
0.00733818 
0.00861484 
0.00987051 
0.0111033 
0.0123129 
0.0134986 
0.0146577 
0.0157826 
0.0168607 
0.0178711 
0.0187824 
0.019548 
0.020099 
0.0203377 
0.020132 
0.0193231 
0.0177476 
0.0152791 
0.011866 
0.0075621 
0.00252618 
-0.00303476 
-0.00891618 
-0.0149039 
-0.0208369 
-0.0265955 
-0.0265955 
0.0246957 
0.0246957 
0.0175984 
0.011866 
0.00701414 
0.00284068 
-0.000735393 
-0.0037695 
-0.00629576 
-0.00834566 
-0.00996022 
-0.0111887 
-0.012084 
-0.0126973 
-0.0130743 
-0.0132548 
-0.0132731 
-0.0131593 
-0.0129405 
-0.0126404 
-0.0122791 
-0.0118724 
-0.0114303 
-0.0109577 
-0.0104546 
-0.00991742 
-0.0093407 
-0.00871769 
-0.00804015 
-0.00729608 
-0.00646562 
-0.00551698 
-0.00440749 
-0.00309168 
-0.00154991 
0.000165605 
0.00183157 
0.00312729 
0.00431419 
0.00566929 
0.00699112 
0.00826368 
0.00950065 
0.0107086 
0.0118933 
0.0130536 
0.0141826 
0.015267 
0.016286 
0.0172088 
0.0179919 
0.0185744 
0.0188736 
0.0187819 
0.018172 
0.0169127 
0.0148967 
0.0120705 
0.00845655 
0.00415782 
-0.000670715 
-0.00586996 
-0.0112744 
-0.0167567 
-0.0222185 
-0.0222185 
0.0281977 
0.0281977 
0.0208993 
0.0148626 
0.00962923 
0.0050263 
0.00100635 
-0.0024619 
-0.0053951 
-0.0078076 
-0.00972793 
-0.0112014 
-0.0122853 
-0.0130393 
-0.0135196 
-0.0137747 
-0.0138452 
-0.0137652 
-0.0135639 
-0.0132662 
-0.012893 
-0.0124615 
-0.0119847 
-0.0114719 
-0.010929 
-0.0103591 
-0.00976346 
-0.00914208 
-0.00849366 
-0.00781419 
-0.00709302 
-0.0063062 
-0.00541584 
-0.00436924 
-0.0031025 
-0.00150739 
0.000216547 
0.00160869 
0.00285932 
0.00414715 
0.00543393 
0.00669317 
0.00792332 
0.00912652 
0.0103088 
0.0114713 
0.0126087 
0.0137089 
0.0147513 
0.0157063 
0.0165331 
0.0171774 
0.0175686 
0.0176184 
0.017224 
0.0162792 
0.0146926 
0.0124097 
0.00942981 
0.00581176 
0.00166155 
-0.0028976 
-0.00774156 
-0.0127803 
-0.0179407 
-0.0179407 
0.0318814 
0.0318814 
0.024387 
0.0180383 
0.012402 
0.00733436 
0.00282288 
-0.00113128 
-0.00452082 
-0.00734372 
-0.0096095 
-0.0113558 
-0.0126429 
-0.0135407 
-0.0141187 
-0.0144377 
-0.0145482 
-0.0144911 
-0.0142999 
-0.0140026 
-0.0136225 
-0.0131785 
-0.0126852 
-0.0121532 
-0.0115894 
-0.0109984 
-0.0103832 
-0.00974645 
-0.00909112 
-0.00841952 
-0.00773022 
-0.0070083 
-0.00622177 
-0.00533914 
-0.00435876 
-0.00330425 
-0.00226012 
-0.00122098 
0.00015459 
0.00195603 
0.00360805 
0.00500543 
0.00628986 
0.00751154 
0.00870554 
0.00988289 
0.0110431 
0.0121759 
0.0132622 
0.0142736 
0.0151722 
0.0159091 
0.016423 
0.0166402 
0.0164766 
0.0158451 
0.0146672 
0.0128888 
0.0104923 
0.00750335 
0.00398457 
2.26321e-05 
-0.00428948 
-0.00889643 
-0.013754 
-0.013754 
0.035764 
0.035764 
0.0280801 
0.021414 
0.0153554 
0.00978903 
0.00473872 
0.000242556 
-0.0036602 
-0.00694715 
-0.00960469 
-0.0116569 
-0.0131653 
-0.0142103 
-0.0148782 
-0.0152466 
-0.0153796 
-0.0153273 
-0.0151295 
-0.0148183 
-0.0144197 
-0.0139551 
-0.0134413 
-0.0128911 
-0.0123134 
-0.0117139 
-0.011096 
-0.0104614 
-0.00981126 
-0.00914673 
-0.00846874 
-0.0077731 
-0.00704267 
-0.00625234 
-0.00538498 
-0.00441948 
-0.00338866 
-0.00244766 
-0.00131364 
0.000128898 
0.00163884 
0.00309911 
0.00447757 
0.00578316 
0.0070411 
0.00827131 
0.0094828 
0.0106726 
0.0118265 
0.0129197 
0.0139176 
0.0147759 
0.0154405 
0.0158485 
0.0159296 
0.0156106 
0.0148236 
0.0135155 
0.0116574 
0.00924979 
0.00632183 
0.00291912 
-0.000893565 
-0.00508468 
-0.00963941 
-0.00963941 
0.0398559 
0.0398559 
0.0319912 
0.0250059 
0.0185097 
0.0124132 
0.00677739 
0.00168045 
-0.00279877 
-0.00660956 
-0.00971232 
-0.0121101 
-0.0138619 
-0.0150594 
-0.0158087 
-0.0162091 
-0.0163428 
-0.016273 
-0.0160477 
-0.0157041 
-0.0152718 
-0.0147743 
-0.0142305 
-0.0136546 
-0.0130573 
-0.0124459 
-0.0118251 
-0.0111976 
-0.0105648 
-0.00992693 
-0.00928282 
-0.0086287 
-0.00795314 
-0.00724243 
-0.00648676 
-0.00568751 
-0.00484153 
-0.00396607 
-0.00292923 
-0.00179691 
-0.000639035 
0.000639963 
0.00202852 
0.00346399 
0.00489317 
0.00629984 
0.00767807 
0.00902397 
0.0103278 
0.0115708 
0.0127249 
0.0137525 
0.0146076 
0.0152365 
0.0155802 
0.015577 
0.0151675 
0.0143009 
0.0129413 
0.0110715 
0.00869439 
0.00582381 
0.00248346 
-0.00131296 
-0.00556663 
-0.00556663 
0.0441584 
0.0441584 
0.036124 
0.0288228 
0.0218799 
0.0152267 
0.00896087 
0.00320344 
-0.00191942 
-0.00632022 
-0.00992868 
-0.0127185 
-0.0147412 
-0.0160989 
-0.0169208 
-0.0173336 
-0.0174433 
-0.0173304 
-0.0170536 
-0.0166564 
-0.0161722 
-0.015627 
-0.0150413 
-0.014431 
-0.0138077 
-0.0131798 
-0.0125525 
-0.011929 
-0.0113105 
-0.0106969 
-0.0100862 
-0.00947552 
-0.00885556 
-0.00821607 
-0.00754347 
-0.00683601 
-0.00606718 
-0.00528373 
-0.00439083 
-0.00337312 
-0.00226779 
-0.00108521 
0.000165429 
0.0014764 
0.00285241 
0.00428644 
0.00576056 
0.00725158 
0.008733 
0.0101745 
0.0115416 
0.0127951 
0.0138913 
0.0147821 
0.015416 
0.0157401 
0.0157027 
0.0152563 
0.0143617 
0.0129903 
0.0111256 
0.0087577 
0.00588031 
0.00246963 
-0.0014916 
-0.0014916 
0.0486601 
0.0486601 
0.0404708 
0.0328635 
0.0254728 
0.0182438 
0.0113087 
0.0048329 
-0.00100319 
-0.00606534 
-0.0102458 
-0.0134806 
-0.0158072 
-0.0173361 
-0.0182222 
-0.0186257 
-0.0186835 
-0.0184984 
-0.0181431 
-0.0176686 
-0.0171127 
-0.0165037 
-0.0158635 
-0.0152088 
-0.0145522 
-0.0139025 
-0.0132656 
-0.0126449 
-0.0120419 
-0.0114563 
-0.0108856 
-0.0103269 
-0.00977187 
-0.00921377 
-0.00863887 
-0.0080481 
-0.0074114 
-0.00674484 
-0.00598436 
-0.00513908 
-0.00421198 
-0.00317939 
-0.00203858 
-0.000793123 
0.000558292 
0.00202224 
0.00358562 
0.00522515 
0.00690797 
0.00859328 
0.0102351 
0.0117846 
0.013192 
0.014407 
0.0153803 
0.0160636 
0.0164109 
0.016379 
0.0159287 
0.0150256 
0.013641 
0.0117473 
0.00931798 
0.0063037 
0.00264105 
0.00264105 
0.0533335 
0.0533335 
0.0450078 
0.0371124 
0.0292836 
0.021471 
0.0138357 
0.00658798 
-3.24777e-05 
-0.00582941 
-0.0106504 
-0.0143885 
-0.017057 
-0.0187721 
-0.0197155 
-0.0200869 
-0.0200621 
-0.0197728 
-0.0193092 
-0.0187318 
-0.0180829 
-0.0173929 
-0.0166847 
-0.0159754 
-0.0152778 
-0.0146007 
-0.0139501 
-0.0133294 
-0.0127394 
-0.0121799 
-0.0116477 
-0.0111401 
-0.0106487 
-0.0101676 
-0.00968126 
-0.00919008 
-0.00866035 
-0.0081049 
-0.00747218 
-0.00675263 
-0.00593594 
-0.00500986 
-0.00396399 
-0.00278825 
-0.00147222 
-1.18533e-05 
0.00158326 
0.0033014 
0.00511798 
0.00699521 
0.00888437 
0.0107292 
0.0124697 
0.0140457 
0.0154001 
0.0164805 
0.0172393 
0.017634 
0.0176254 
0.0171765 
0.0162518 
0.0148122 
0.0128163 
0.0101931 
0.00684666 
0.00684666 
0.0581308 
0.0581308 
0.0496911 
0.0415344 
0.0332898 
0.0248997 
0.0165463 
0.00848228 
0.00101304 
-0.00559098 
-0.0111216 
-0.0154237 
-0.018477 
-0.0203977 
-0.0213939 
-0.0217109 
-0.0215711 
-0.0211433 
-0.0205398 
-0.0198326 
-0.0190686 
-0.0182802 
-0.0174907 
-0.0167168 
-0.0159709 
-0.0152617 
-0.0145945 
-0.0139726 
-0.0133963 
-0.0128652 
-0.0123757 
-0.0119254 
-0.011506 
-0.0111122 
-0.0107287 
-0.0103541 
-0.00995699 
-0.00953764 
-0.00905175 
-0.00848833 
-0.0078246 
-0.00703654 
-0.00610144 
-0.00499923 
-0.0037132 
-0.00223387 
-0.000565707 
0.00127688 
0.0032673 
0.00536373 
0.00751455 
0.00966175 
0.0117423 
0.0136911 
0.0154445 
0.0169434 
0.0181349 
0.0189721 
0.0194127 
0.0194165 
0.0189429 
0.0179454 
0.0163713 
0.0141313 
0.0110974 
0.0110974 
0.0629806 
0.0629806 
0.0544522 
0.0460696 
0.0374455 
0.028501 
0.0194288 
0.0105193 
0.00214944 
-0.00532529 
-0.0116297 
-0.016555 
-0.0200382 
-0.0221887 
-0.0232381 
-0.0234805 
-0.0231939 
-0.0225924 
-0.0218167 
-0.0209522 
-0.0200514 
-0.0191476 
-0.0182639 
-0.017416 
-0.0166153 
-0.0158693 
-0.0151826 
-0.0145576 
-0.0139941 
-0.0134912 
-0.0130452 
-0.0126536 
-0.0123084 
-0.012004 
-0.0117248 
-0.0114671 
-0.0112016 
-0.0109213 
-0.0105842 
-0.0101719 
-0.00965322 
-0.00899809 
-0.00817314 
-0.00714558 
-0.00588672 
-0.00437842 
-0.00261935 
-0.000626589 
0.00156044 
0.00389069 
0.00630696 
0.00874865 
0.011152 
0.0134515 
0.0155822 
0.0174829 
0.0190964 
0.0203705 
0.0212571 
0.0217096 
0.0216808 
0.021116 
0.0199525 
0.0180838 
0.0153525 
0.0153525 
0.0677849 
0.0677849 
0.0591949 
0.050629 
0.0416756 
0.03222 
0.0224523 
0.0126912 
0.00338661 
-0.00500784 
-0.0121363 
-0.0177354 
-0.0216925 
-0.024101 
-0.0252102 
-0.0253636 
-0.0249018 
-0.0240933 
-0.0231139 
-0.022066 
-0.0210077 
-0.0199731 
-0.018984 
-0.0180543 
-0.0171934 
-0.0164074 
-0.0156995 
-0.0150713 
-0.0145217 
-0.0140493 
-0.0136505 
-0.0133232 
-0.0130596 
-0.0128539 
-0.0126908 
-0.0125639 
-0.0124471 
-0.0123266 
-0.0121606 
-0.0119258 
-0.0115823 
-0.0110892 
-0.0103984 
-0.00946175 
-0.00823603 
-0.00669187 
-0.0048219 
-0.00264497 
-0.00020731 
0.00242361 
0.00517245 
0.00796532 
0.0107282 
0.0133903 
0.0158878 
0.0181637 
0.0201659 
0.0218446 
0.0231498 
0.0240295 
0.0244282 
0.0242808 
0.0235123 
0.0219989 
0.0195548 
0.0195548 
0.0724185 
0.0724185 
0.0637939 
0.0550914 
0.0458711 
0.0359687 
0.0255577 
0.0149687 
0.00472164 
-0.00461713 
-0.0125953 
-0.0189012 
-0.0233691 
-0.0260666 
-0.0272504 
-0.0273095 
-0.0266514 
-0.0256078 
-0.024397 
-0.0231423 
-0.0219087 
-0.0207306 
-0.0196272 
-0.0186098 
-0.0176853 
-0.0168574 
-0.0161276 
-0.0154962 
-0.0149611 
-0.0145206 
-0.0141712 
-0.0139116 
-0.0137338 
-0.0136317 
-0.0135905 
-0.0136015 
-0.0136414 
-0.0136925 
-0.0137125 
-0.0136718 
-0.0135219 
-0.0132096 
-0.0126697 
-0.0118346 
-0.0106423 
-0.00904982 
-0.00704298 
-0.00464183 
-0.00190163 
0.00108783 
0.00422119 
0.00740571 
0.010556 
0.013591 
0.0164437 
0.0190625 
0.0214052 
0.023433 
0.0251031 
0.0263637 
0.0271525 
0.0273926 
0.026994 
0.0258133 
0.0236368 
0.0236368 
0.0767317 
0.0767317 
0.0680963 
0.0593039 
0.0498862 
0.0396208 
0.0286518 
0.0173001 
0.00614253 
-0.00413228 
-0.0129523 
-0.01997 
-0.0249732 
-0.0279906 
-0.0292731 
-0.0292455 
-0.0283824 
-0.0270848 
-0.0256218 
-0.0241426 
-0.0227206 
-0.02139 
-0.0201671 
-0.0190593 
-0.01807 
-0.0172003 
-0.0164496 
-0.0158165 
-0.015298 
-0.014892 
-0.0145958 
-0.0144087 
-0.0143227 
-0.0143314 
-0.0144212 
-0.0145824 
-0.0147937 
-0.0150356 
-0.0152667 
-0.015449 
-0.015525 
-0.0154246 
-0.0150612 
-0.014343 
-0.0131873 
-0.0115372 
-0.00937306 
-0.00671735 
-0.00363636 
-0.000233981 
0.00335274 
0.00699801 
0.0105969 
0.0140456 
0.0172663 
0.02021 
0.0228485 
0.0251625 
0.0271269 
0.0287005 
0.029821 
0.0304009 
0.0303339 
0.0294543 
0.027521 
0.027521 
0.0805559 
0.0805559 
0.0719283 
0.0630868 
0.0535419 
0.0430087 
0.0315982 
0.0195982 
0.00761553 
-0.00353922 
-0.0131472 
-0.0208458 
-0.0263896 
-0.0297546 
-0.0311686 
-0.0310773 
-0.0300165 
-0.0284602 
-0.0267348 
-0.0250214 
-0.0234043 
-0.021918 
-0.0205747 
-0.0193774 
-0.0183253 
-0.0174162 
-0.0166468 
-0.0160144 
-0.0155148 
-0.0151456 
-0.0149055 
-0.014794 
-0.0148031 
-0.0149268 
-0.0151535 
-0.015474 
-0.015868 
-0.0163169 
-0.0167803 
-0.0172104 
-0.0175381 
-0.0176722 
-0.0174993 
-0.0169009 
-0.0157734 
-0.0140492 
-0.0117061 
-0.00877015 
-0.00531579 
-0.00145711 
0.00263226 
0.00678754 
0.010874 
0.0147595 
0.0183512 
0.0215996 
0.0244894 
0.0270242 
0.0292052 
0.0310115 
0.0323893 
0.0332458 
0.0334591 
0.0328398 
0.0311197 
0.0311197 
0.0837126 
0.0837126 
0.0751062 
0.0662466 
0.0566381 
0.0459338 
0.0342181 
0.0217355 
0.00908972 
-0.00282573 
-0.0131216 
-0.0214263 
-0.0274901 
-0.0312213 
-0.0328056 
-0.0326897 
-0.0314586 
-0.0296569 
-0.0276735 
-0.0257273 
-0.0239171 
-0.0222786 
-0.0208197 
-0.0195383 
-0.0184288 
-0.0174852 
-0.0167017 
-0.0160735 
-0.0155959 
-0.0152665 
-0.0150852 
-0.0150518 
-0.0151587 
-0.0154011 
-0.0157704 
-0.0162587 
-0.0168485 
-0.0175203 
-0.0182359 
-0.0189375 
-0.0195374 
-0.0199186 
-0.0199365 
-0.0194474 
-0.018332 
-0.0165198 
-0.0139914 
-0.0107767 
-0.00695217 
-0.00263791 
0.00197423 
0.00668241 
0.0113008 
0.0156551 
0.019627 
0.0231633 
0.0262631 
0.0289572 
0.0312787 
0.0332352 
0.0347897 
0.0358506 
0.0362838 
0.0358763 
0.0343345 
0.0343345 
0.0860257 
0.0860257 
0.077451 
0.0685918 
0.0589709 
0.0481835 
0.0363004 
0.0235322 
0.0104808 
-0.00196453 
-0.0127907 
-0.0216013 
-0.0281433 
-0.0322493 
-0.0340443 
-0.0339558 
-0.032601 
-0.0305877 
-0.0283678 
-0.0262033 
-0.0242124 
-0.0224336 
-0.0208708 
-0.0195161 
-0.0183585 
-0.0173883 
-0.0165967 
-0.0159776 
-0.0155253 
-0.0152379 
-0.015117 
-0.0151621 
-0.0153665 
-0.0157282 
-0.0162422 
-0.016903 
-0.0176968 
-0.018603 
-0.019581 
-0.0205635 
-0.0214375 
-0.0220533 
-0.0222375 
-0.0218266 
-0.0206979 
-0.0187885 
-0.0160861 
-0.0126213 
-0.00846182 
-0.00372092 
0.00141367 
0.00668952 
0.0118457 
0.0166642 
0.020997 
0.0247876 
0.0280503 
0.0308447 
0.0332377 
0.0352687 
0.0369235 
0.0381162 
0.0387057 
0.0384569 
0.0370552 
0.0370552 
0.0873292 
0.0873292 
0.0788089 
0.0699617 
0.0603756 
0.0495882 
0.0376654 
0.0247873 
0.0116209 
-0.00100378 
-0.0121628 
-0.0213524 
-0.0282936 
-0.032754 
-0.0347837 
-0.0347707 
-0.0333437 
-0.0311636 
-0.0287445 
-0.0263915 
-0.0242444 
-0.0223463 
-0.0206978 
-0.0192855 
-0.0180937 
-0.0171079 
-0.0163164 
-0.0157121 
-0.0152888 
-0.0150456 
-0.0149852 
-0.0151069 
-0.0154063 
-0.0158848 
-0.0165416 
-0.017375 
-0.0183749 
-0.0195196 
-0.02076 
-0.0220107 
-0.0231349 
-0.0239429 
-0.0242406 
-0.0238616 
-0.0226954 
-0.0206966 
-0.0178621 
-0.0142171 
-0.00981097 
-0.00473752 
0.00084717 
0.00666544 
0.0123721 
0.0176565 
0.0223232 
0.026321 
0.0296907 
0.0325268 
0.0349309 
0.0369735 
0.0386635 
0.039923 
0.0406082 
0.0404645 
0.0391631 
0.0391631 
0.0874591 
0.0874591 
0.0790546 
0.0702214 
0.060689 
0.0499755 
0.0381333 
0.0253789 
0.0124287 
3.20857e-05 
-0.0111681 
-0.0205859 
-0.0278283 
-0.0325982 
-0.0348713 
-0.0349864 
-0.0335622 
-0.0312882 
-0.0287274 
-0.0262317 
-0.0239661 
-0.021981 
-0.0202743 
-0.0188271 
-0.0176179 
-0.0166291 
-0.0158479 
-0.0152647 
-0.0148739 
-0.0146758 
-0.0146741 
-0.0148678 
-0.0152558 
-0.0158434 
-0.016635 
-0.0176331 
-0.0188311 
-0.0202037 
-0.021689 
-0.0231727 
-0.0244835 
-0.0254141 
-0.0257638 
-0.0253683 
-0.0241507 
-0.0220883 
-0.0191818 
-0.015444 
-0.0108991 
-0.00560667 
0.000343876 
0.00665387 
0.0128412 
0.0185114 
0.0234309 
0.0275608 
0.0309733 
0.0337987 
0.0361693 
0.03818 
0.039858 
0.0411326 
0.0418608 
0.0417722 
0.0405361 
0.0405361 
0.086311 
0.086311 
0.0780927 
0.0693043 
0.059866 
0.0493284 
0.0377324 
0.025351 
0.012848 
0.000854612 
-0.0101291 
-0.0195303 
-0.0268905 
-0.0318514 
-0.0343174 
-0.0345651 
-0.0331841 
-0.0308759 
-0.0282397 
-0.0256628 
-0.0233314 
-0.0213026 
-0.0195728 
-0.0181189 
-0.0169158 
-0.0159421 
-0.0151814 
-0.0146264 
-0.0142711 
-0.0141181 
-0.0141708 
-0.0144287 
-0.0148946 
-0.0155782 
-0.0164888 
-0.0176336 
-0.0190076 
-0.0205788 
-0.0222653 
-0.0239202 
-0.0253384 
-0.026297 
-0.0266101 
-0.0261637 
-0.0249082 
-0.0228315 
-0.0199311 
-0.0162061 
-0.0116631 
-0.00633142 
-0.000263894 
0.00639297 
0.013096 
0.0191199 
0.0241804 
0.0283225 
0.0316958 
0.0344612 
0.0367679 
0.0387216 
0.0403586 
0.041611 
0.0423391 
0.0422604 
0.0410567 
0.0410567 
0.0837854 
0.0837854 
0.0758429 
0.0671691 
0.0578957 
0.047664 
0.0365069 
0.024721 
0.0128649 
0.00145718 
-0.00910503 
-0.0182781 
-0.0255641 
-0.0305597 
-0.0331167 
-0.0334601 
-0.0321442 
-0.0298618 
-0.027225 
-0.0246402 
-0.0223072 
-0.0202875 
-0.0185769 
-0.0171495 
-0.0159775 
-0.0150377 
-0.0143121 
-0.0137918 
-0.0134746 
-0.0133647 
-0.013465 
-0.0137757 
-0.014304 
-0.0150635 
-0.0160686 
-0.0173297 
-0.0188411 
-0.0205594 
-0.0223774 
-0.0241155 
-0.0255469 
-0.026456 
-0.0266917 
-0.0261793 
-0.0248966 
-0.0228364 
-0.0199863 
-0.0163293 
-0.011853 
-0.00655463 
-0.000443605 
0.00628973 
0.013003 
0.0190638 
0.0241526 
0.0282662 
0.0315869 
0.0342935 
0.0365409 
0.0384356 
0.0400154 
0.0412173 
0.0419059 
0.0418023 
0.0406356 
0.0406356 
0.0797964 
0.0797964 
0.0722411 
0.0637979 
0.0548007 
0.0450236 
0.0344952 
0.023487 
0.0124379 
0.00176303 
-0.00819463 
-0.0169293 
-0.0239323 
-0.0287803 
-0.0312971 
-0.0316715 
-0.0304219 
-0.0282152 
-0.0256525 
-0.0231388 
-0.0208751 
-0.0189233 
-0.0172785 
-0.0159137 
-0.0148003 
-0.0139144 
-0.0132377 
-0.01276 
-0.0124828 
-0.0124122 
-0.0125507 
-0.0128994 
-0.0134695 
-0.0142782 
-0.0153435 
-0.0166781 
-0.0182718 
-0.0200661 
-0.0219276 
-0.0236512 
-0.025006 
-0.0258027 
-0.0259344 
-0.025364 
-0.0240829 
-0.022078 
-0.0193238 
-0.0157896 
-0.0114512 
-0.00630206 
-0.000391271 
0.00601683 
0.0123915 
0.0182274 
0.0232056 
0.0272579 
0.0305269 
0.0331851 
0.035382 
0.0372184 
0.0387286 
0.0398559 
0.0404702 
0.0403172 
0.0392003 
0.0392003 
0.0742696 
0.0742696 
0.0672333 
0.0591852 
0.0506215 
0.0414616 
0.031736 
0.021661 
0.0115629 
0.00176739 
-0.00741433 
-0.0155111 
-0.0220249 
-0.0265382 
-0.0288745 
-0.0292057 
-0.0280162 
-0.0259318 
-0.0235181 
-0.0211562 
-0.0190351 
-0.017212 
-0.0156811 
-0.014416 
-0.0133889 
-0.0125768 
-0.0119625 
-0.0115353 
-0.0112987 
-0.011262 
-0.0114268 
-0.0117953 
-0.012382 
-0.0132067 
-0.0142895 
-0.0156429 
-0.0172504 
-0.0190369 
-0.0208474 
-0.0224653 
-0.0236737 
-0.0243221 
-0.0243453 
-0.0237312 
-0.0224752 
-0.0205565 
-0.0179403 
-0.0145918 
-0.0104948 
-0.00567295 
-0.000230846 
0.00557683 
0.011365 
0.0167473 
0.0214359 
0.0253312 
0.0285087 
0.0311025 
0.0332392 
0.0350054 
0.0364278 
0.0374562 
0.0379697 
0.0377582 
0.0367124 
0.0367124 
0.0671396 
0.0671396 
0.0607716 
0.0533262 
0.0453993 
0.0370366 
0.0282783 
0.0192794 
0.0102699 
0.00150036 
-0.00674005 
-0.014008 
-0.0198334 
-0.0238334 
-0.0258584 
-0.0260809 
-0.0249509 
-0.0230372 
-0.0208461 
-0.0187147 
-0.0168069 
-0.0151711 
-0.0138003 
-0.0126703 
-0.0117559 
-0.0110364 
-0.0104966 
-0.0101267 
-0.00993071 
-0.00992102 
-0.0100983 
-0.0104659 
-0.0110405 
-0.0118426 
-0.0128932 
-0.0142028 
-0.0157473 
-0.0174382 
-0.019109 
-0.0205473 
-0.0215645 
-0.0220515 
-0.0219772 
-0.0213451 
-0.0201514 
-0.0183718 
-0.0159711 
-0.0129217 
-0.00922249 
-0.00491772 
-0.000122287 
0.00495224 
0.0100197 
0.0147875 
0.0190261 
0.0226317 
0.0256264 
0.0280938 
0.0301253 
0.0317848 
0.0330883 
0.0339909 
0.0343874 
0.0341247 
0.0331772 
0.0331772 
0.0583563 
0.0583563 
0.0528157 
0.0462103 
0.0391601 
0.0317959 
0.0241705 
0.0163884 
0.00860411 
0.00101089 
-0.00610905 
-0.0123522 
-0.017301 
-0.0206335 
-0.0222479 
-0.0223246 
-0.0212725 
-0.0195853 
-0.0176893 
-0.0158605 
-0.0142296 
-0.0128328 
-0.011663 
-0.0106995 
-0.00992127 
-0.00931104 
-0.00885631 
-0.0085488 
-0.00839259 
-0.0084019 
-0.00857659 
-0.00892118 
-0.00945245 
-0.0101907 
-0.0111556 
-0.0123545 
-0.0137576 
-0.0152699 
-0.0167266 
-0.0179341 
-0.0187397 
-0.0190715 
-0.0189233 
-0.0183075 
-0.0172221 
-0.0156446 
-0.0135452 
-0.0109048 
-0.00773221 
-0.00407759 
-4.56832e-05 
0.00419937 
0.00845134 
0.0124935 
0.0161506 
0.0193288 
0.0220182 
0.0242595 
0.0261068 
0.027599 
0.0287405 
0.0294915 
0.0297687 
0.0294779 
0.028658 
0.028658 
0.0479088 
0.0479088 
0.0433572 
0.0378424 
0.0319335 
0.0257955 
0.0194894 
0.0130854 
0.0066867 
0.000448682 
-0.00536662 
-0.0104077 
-0.0143294 
-0.0168909 
-0.0180484 
-0.0179862 
-0.0170569 
-0.0156604 
-0.0141266 
-0.0126615 
-0.0113586 
-0.0102422 
-0.00930617 
-0.00853469 
-0.00791191 
-0.00742456 
-0.00706326 
-0.00682172 
-0.00670385 
-0.00672361 
-0.00688055 
-0.00717969 
-0.0076365 
-0.00826905 
-0.00909452 
-0.010117 
-0.0113047 
-0.0125662 
-0.013752 
-0.0146995 
-0.0152931 
-0.0154911 
-0.0153026 
-0.0147457 
-0.0138216 
-0.0125138 
-0.0107999 
-0.00866756 
-0.00612678 
-0.00322003 
-2.79462e-05 
0.00333168 
0.00670951 
0.00994835 
0.0129196 
0.0155459 
0.0178029 
0.0197026 
0.0212698 
0.0225222 
0.0234553 
0.0240362 
0.024207 
0.0239228 
0.0232582 
0.0232582 
0.0358466 
0.0358466 
0.0324348 
0.0282492 
