0 
-0.000918945 
3.73089e-05 
0.00111754 
0.00150229 
0.00166788 
0.00173991 
0.00175385 
0.00173972 
0.00171242 
0.00168307 
0.00165764 
0.00163923 
0.00162878 
0.0016258 
0.00162887 
0.00163603 
0.00164497 
0.00165325 
0.00165836 
0.00165782 
0.00164926 
0.0016305 
0.00159957 
0.00155483 
0.001495 
0.00141923 
0.00132709 
0.00121863 
0.00109436 
0.000955217 
0.000802544 
0.000638022 
0.000463613 
0.00028149 
9.39342e-05 
-9.55413e-05 
-0.000284024 
-0.000469965 
-0.000652027 
-0.000828866 
-0.00099928 
-0.0011622 
-0.00131663 
-0.00146152 
-0.00159565 
-0.00171736 
-0.00182442 
-0.00191395 
-0.00198238 
-0.00202555 
-0.00203886 
-0.00201749 
-0.00195669 
-0.00185269 
-0.00170607 
-0.00152775 
-0.00134012 
-0.00116402 
-0.00100389 
-0.000852552 
-0.000708557 
-0.000580549 
-0.000482029 
-0.000423587 
0 
0.000918945 
0.000918945 
-3.73089e-05 
-0.00111754 
-0.00150229 
-0.00166788 
-0.00173991 
-0.00175385 
-0.00173972 
-0.00171242 
-0.00168307 
-0.00165764 
-0.00163923 
-0.00162878 
-0.0016258 
-0.00162887 
-0.00163603 
-0.00164497 
-0.00165325 
-0.00165836 
-0.00165782 
-0.00164926 
-0.0016305 
-0.00159957 
-0.00155483 
-0.001495 
-0.00141923 
-0.00132709 
-0.00121863 
-0.00109436 
-0.000955217 
-0.000802544 
-0.000638022 
-0.000463613 
-0.00028149 
-9.39342e-05 
9.55413e-05 
0.000284024 
0.000469965 
0.000652027 
0.000828866 
0.00099928 
0.0011622 
0.00131663 
0.00146152 
0.00159565 
0.00171736 
0.00182442 
0.00191395 
0.00198238 
0.00202555 
0.00203886 
0.00201749 
0.00195669 
0.00185269 
0.00170607 
0.00152775 
0.00134012 
0.00116402 
0.00100389 
0.000852552 
0.000708557 
0.000580549 
0.000482029 
0.000423587 
0.000423587 
0.00177096 
0.00177096 
-0.00107557 
-0.00275196 
-0.0037679 
-0.0042779 
-0.00452245 
-0.0045924 
-0.00457382 
-0.00451367 
-0.00444556 
-0.00438836 
-0.00435208 
-0.0043401 
-0.00435155 
-0.00438274 
-0.00442824 
-0.00448157 
-0.00453571 
-0.00458331 
-0.00461706 
-0.00462979 
-0.00461478 
-0.00456589 
-0.0044778 
-0.00434621 
-0.00416795 
-0.00394115 
-0.00366526 
-0.00334104 
-0.00297056 
-0.00255705 
-0.0021048 
-0.00161891 
-0.00110514 
-0.000569361 
-1.84545e-05 
0.00054019 
0.00110075 
0.00165796 
0.00220694 
0.00274337 
0.00326338 
0.00376323 
0.00423891 
0.0046857 
0.00509752 
0.00546653 
0.00578277 
0.00603419 
0.00620696 
0.00628622 
0.00625693 
0.00610526 
0.00582189 
0.00541133 
0.00490636 
0.00436842 
0.00385388 
0.00337973 
0.00293692 
0.00252774 
0.00217172 
0.0018989 
0.00173533 
0.00173533 
-5.60514e-05 
-5.60514e-05 
-0.00267744 
-0.00459086 
-0.00593776 
-0.00667543 
-0.00703535 
-0.00713985 
-0.00711065 
-0.00702209 
-0.00692627 
-0.00685288 
-0.00681719 
-0.00682396 
-0.00687112 
-0.00695214 
-0.00705777 
-0.00717706 
-0.00729815 
-0.00740872 
-0.00749639 
-0.00754908 
-0.00755534 
-0.00750474 
-0.00738821 
-0.00719834 
-0.00692965 
-0.00657881 
-0.0061447 
-0.0056284 
-0.00503318 
-0.0043643 
-0.00362881 
-0.00283524 
-0.00199333 
-0.00111329 
-0.000205819 
0.000718964 
0.00165079 
0.0025803 
0.00349908 
0.00439974 
0.0052757 
0.00612071 
0.00692812 
0.00769007 
0.00839646 
0.009034 
0.00958564 
0.0100304 
0.0103441 
0.0105006 
0.0104737 
0.01024 
0.00978564 
0.00912061 
0.00830004 
0.00742021 
0.00656596 
0.00576448 
0.0050083 
0.00430594 
0.00368822 
0.00320652 
0.00291262 
0.00291262 
-0.00153482 
-0.00153482 
-0.00427413 
-0.00647045 
-0.00797482 
-0.00880844 
-0.00919353 
-0.00928621 
-0.00922965 
-0.00911629 
-0.00900935 
-0.00894413 
-0.00893752 
-0.00899304 
-0.00910567 
-0.00926491 
-0.00945694 
-0.00966602 
-0.00987534 
-0.0100676 
-0.0102255 
-0.0103322 
-0.0103718 
-0.0103295 
-0.0101929 
-0.00995141 
-0.00959755 
-0.00912666 
-0.00853722 
-0.00783084 
-0.00701217 
-0.00608867 
-0.0050704 
-0.0039696 
-0.00280034 
-0.00157787 
-0.000318462 
0.000962115 
0.00225008 
0.00353281 
0.0047989 
0.00603863 
0.00724355 
0.00840588 
0.0095176 
0.010569 
0.0115474 
0.0124352 
0.0132092 
0.0138397 
0.0142917 
0.0145268 
0.0145061 
0.014196 
0.0135773 
0.0126674 
0.0115448 
0.0103368 
0.00914829 
0.00801135 
0.00692246 
0.00590003 
0.00498439 
0.00425542 
0.00379937 
0.00379937 
-0.00350349 
-0.00350349 
-0.00625125 
-0.00846484 
-0.00995014 
-0.010746 
-0.0110808 
-0.0111267 
-0.0110366 
-0.0109111 
-0.0108168 
-0.0107891 
-0.0108424 
-0.0109764 
-0.0111813 
-0.0114419 
-0.0117397 
-0.0120546 
-0.0123654 
-0.0126503 
-0.0128878 
-0.0130567 
-0.0131368 
-0.0131096 
-0.0129589 
-0.0126716 
-0.0122377 
-0.0116516 
-0.0109112 
-0.0100188 
-0.00898029 
-0.00780549 
-0.00650741 
-0.00510202 
-0.00360776 
-0.00204491 
-0.000435169 
0.00120229 
0.0028486 
0.00448589 
0.00609821 
0.00767214 
0.00919658 
0.0106622 
0.01206 
0.0133798 
0.0146081 
0.015725 
0.0167031 
0.0175056 
0.0180873 
0.018397 
0.0183825 
0.0179982 
0.0172203 
0.0160749 
0.0146654 
0.0131454 
0.0116297 
0.0101496 
0.00870646 
0.00732464 
0.00605215 
0.00499329 
0.00429345 
0.00429345 
-0.00514057 
-0.00514057 
-0.00805628 
-0.0102862 
-0.0116847 
-0.0123898 
-0.0126439 
-0.0126361 
-0.0125228 
-0.0124063 
-0.0123513 
-0.0123888 
-0.0125276 
-0.0127614 
-0.0130756 
-0.0134502 
-0.0138631 
-0.0142905 
-0.0147078 
-0.0150898 
-0.0154112 
-0.0156466 
-0.0157719 
-0.0157646 
-0.0156049 
-0.0152766 
-0.0147678 
-0.0140711 
-0.0131844 
-0.0121102 
-0.010856 
-0.00943362 
-0.00785901 
-0.0061518 
-0.00433474 
-0.002433 
-0.000473656 
0.00151731 
0.00351522 
0.00549706 
0.00744267 
0.0093353 
0.0111614 
0.0129102 
0.0145719 
0.0161364 
0.0175897 
0.0189112 
0.0200706 
0.0210252 
0.0217206 
0.0220931 
0.0220763 
0.0216124 
0.0206736 
0.0192983 
0.0176167 
0.0158026 
0.0139695 
0.0121432 
0.0103255 
0.00853094 
0.00680043 
0.00526997 
0.00418041 
0.00418041 
-0.0068602 
-0.0068602 
-0.00984914 
-0.0119855 
-0.013229 
-0.0138034 
-0.0139627 
-0.0139045 
-0.0137823 
-0.0136944 
-0.0136991 
-0.0138193 
-0.0140568 
-0.0143989 
-0.0148265 
-0.0153163 
-0.0158437 
-0.0163825 
-0.0169056 
-0.017385 
-0.0177916 
-0.0180964 
-0.018271 
-0.0182888 
-0.0181262 
-0.0177639 
-0.0171874 
-0.0163881 
-0.0153633 
-0.0141161 
-0.0126551 
-0.0109941 
-0.00915202 
-0.0071519 
-0.00502075 
-0.00278869 
-0.000487804 
0.00185179 
0.0041984 
0.00652243 
0.00879803 
0.0110039 
0.0131233 
0.0151435 
0.0170543 
0.0188456 
0.020504 
0.022009 
0.0233285 
0.0244152 
0.0252063 
0.0256259 
0.0255935 
0.0250396 
0.0239355 
0.0223375 
0.020404 
0.0183198 
0.0161864 
0.0140203 
0.0118035 
0.00951318 
0.00719469 
0.00500137 
0.00330864 
0.00330864 
-0.00830603 
-0.00830603 
-0.0113945 
-0.0134248 
-0.0145076 
-0.0149594 
-0.0150383 
-0.0149486 
-0.0148364 
-0.0147943 
-0.0148712 
-0.0150816 
-0.0154199 
-0.0158685 
-0.016405 
-0.0170045 
-0.0176407 
-0.0182861 
-0.0189116 
-0.0194866 
-0.0199787 
-0.0203549 
-0.0205825 
-0.0206306 
-0.0204716 
-0.0200825 
-0.0194466 
-0.0185537 
-0.0174005 
-0.0159903 
-0.0143328 
-0.0124438 
-0.0103444 
-0.00806088 
-0.00562436 
-0.00306951 
-0.000433471 
0.00224602 
0.00492982 
0.00758227 
0.0101728 
0.0126765 
0.0150739 
0.0173504 
0.0194949 
0.0214971 
0.0233441 
0.0250153 
0.026477 
0.0276778 
0.0285467 
0.0289959 
0.0289311 
0.0282734 
0.0269988 
0.0251885 
0.0230293 
0.0207047 
0.0182973 
0.0157943 
0.0131205 
0.0102223 
0.00713523 
0.00404549 
0.00156718 
0.00156718 
-0.00962643 
-0.00962643 
-0.0127546 
-0.014644 
-0.0155661 
-0.0159098 
-0.0159264 
-0.0158229 
-0.0157345 
-0.015747 
-0.0158989 
-0.0161968 
-0.016629 
-0.0171747 
-0.0178097 
-0.0185084 
-0.0192439 
-0.019988 
-0.02071 
-0.0213767 
-0.0219526 
-0.0224008 
-0.0226842 
-0.0227674 
-0.0226186 
-0.0222112 
-0.0215258 
-0.0205504 
-0.0192812 
-0.0177218 
-0.0158825 
-0.0137805 
-0.0114391 
-0.00888762 
-0.00616092 
-0.0032983 
-0.000341576 
0.00266576 
0.00567583 
0.00864568 
0.0115393 
0.0143278 
0.0169894 
0.0195084 
0.0218729 
0.0240728 
0.0260953 
0.0279193 
0.0295093 
0.0308092 
0.0317394 
0.0322001 
0.0320848 
0.0313086 
0.0298612 
0.0278576 
0.0255071 
0.0229801 
0.0203199 
0.0174388 
0.0142129 
0.0105443 
0.00647468 
0.00236251 
-0.000852478 
-0.000852478 
-0.0106942 
-0.0106942 
-0.0138465 
-0.0156012 
-0.0163916 
-0.0166583 
-0.0166388 
-0.016541 
-0.0164877 
-0.0165584 
-0.0167816 
-0.0171586 
-0.0176733 
-0.0183031 
-0.0190235 
-0.0198088 
-0.0206323 
-0.021465 
-0.0222751 
-0.0230274 
-0.0236834 
-0.0242024 
-0.0245431 
-0.0246654 
-0.0245331 
-0.024116 
-0.0233915 
-0.0223461 
-0.0209749 
-0.0192815 
-0.017277 
-0.0149791 
-0.0124129 
-0.00961026 
-0.00660975 
-0.0034546 
-0.000191308 
0.00312736 
0.00644438 
0.00971072 
0.0128863 
0.0159398 
0.0188477 
0.0215933 
0.0241643 
0.0265502 
0.0287376 
0.0307044 
0.0324121 
0.0337987 
0.0347752 
0.0352295 
0.0350448 
0.0341374 
0.0325226 
0.0303542 
0.027855 
0.0251546 
0.0222144 
0.0188745 
0.014933 
0.0102867 
0.00511845 
8.17421e-05 
-0.00366457 
-0.00366457 
-0.0115611 
-0.0115611 
-0.0146991 
-0.0163273 
-0.0170169 
-0.0172353 
-0.017203 
-0.0171259 
-0.0171136 
-0.0172406 
-0.0175272 
-0.0179713 
-0.0185542 
-0.0192533 
-0.0200441 
-0.0209016 
-0.0217993 
-0.0227082 
-0.0235956 
-0.0244247 
-0.0251544 
-0.0257407 
-0.0261382 
-0.0263024 
-0.0261924 
-0.025774 
-0.0250217 
-0.0239197 
-0.0224622 
-0.0206528 
-0.0185023 
-0.0160292 
-0.0132591 
-0.0102265 
-0.00697403 
-0.00354839 
-1.66649e-07 
0.00360881 
0.00721119 
0.0107518 
0.0141872 
0.0174848 
0.0206206 
0.0235773 
0.0263424 
0.0289044 
0.0312489 
0.0333512 
0.0351685 
0.0366308 
0.037639 
0.0380687 
0.0377969 
0.0367501 
0.0349841 
0.0326932 
0.0300799 
0.0271992 
0.0239139 
0.0199598 
0.0151013 
0.00935873 
0.00317423 
-0.00256694 
-0.00670109 
-0.00670109 
-0.0121942 
-0.0121942 
-0.0152957 
-0.0168216 
-0.0174487 
-0.0176483 
-0.0176264 
-0.0175827 
-0.0176154 
-0.0177946 
-0.018135 
-0.0186335 
-0.0192702 
-0.0200233 
-0.0208689 
-0.0217831 
-0.0227399 
-0.0237105 
-0.0246619 
-0.0255563 
-0.0263508 
-0.0269985 
-0.0274502 
-0.0276571 
-0.027574 
-0.0271624 
-0.0263933 
-0.0252488 
-0.0237217 
-0.0218151 
-0.0195397 
-0.0169134 
-0.0139623 
-0.0107226 
-0.00724153 
-0.003569 
0.000239325 
0.00410922 
0.00796496 
0.0117487 
0.0154165 
0.018935 
0.0222799 
0.0254333 
0.0283815 
0.0311117 
0.0336072 
0.0358392 
0.0377587 
0.0392864 
0.0403111 
0.0406972 
0.0403219 
0.0391401 
0.0372569 
0.0348796 
0.0321703 
0.0290644 
0.025297 
0.0205349 
0.0146235 
0.00781936 
0.00082165 
-0.00541488 
-0.00985739 
-0.00985739 
-0.0126159 
-0.0126159 
-0.0156588 
-0.0171089 
-0.0177078 
-0.017913 
-0.0179201 
-0.0179187 
-0.0179982 
-0.0182247 
-0.0186095 
-0.0191501 
-0.0198266 
-0.0206187 
-0.0215034 
-0.0224579 
-0.0234571 
-0.0244731 
-0.025473 
-0.0264188 
-0.0272663 
-0.0279666 
-0.0284674 
-0.0287161 
-0.0286628 
-0.028265 
-0.0274901 
-0.0263174 
-0.0247381 
-0.0227542 
-0.0203762 
-0.0176212 
-0.0145144 
-0.0110927 
-0.00740918 
-0.0035181 
0.000516031 
0.00460725 
0.00867785 
0.0126713 
0.0165439 
0.0202618 
0.0237992 
0.0271366 
0.0302589 
0.0331508 
0.035792 
0.0381484 
0.0401624 
0.0417422 
0.0427654 
0.0430908 
0.0426077 
0.0413003 
0.0393371 
0.0369219 
0.0340977 
0.0306582 
0.0262299 
0.0205045 
0.0135259 
0.00581762 
-0.00177317 
-0.00835666 
-0.0130565 
-0.0130565 
-0.0128272 
-0.0128272 
-0.015795 
-0.0171997 
-0.017802 
-0.0180345 
-0.0180874 
-0.0181361 
-0.0182641 
-0.0185332 
-0.0189542 
-0.0195258 
-0.0202294 
-0.0210465 
-0.0219552 
-0.0229338 
-0.0239584 
-0.0250023 
-0.0260336 
-0.0270145 
-0.0279007 
-0.0286421 
-0.0291841 
-0.0294706 
-0.0294481 
-0.0290699 
-0.0282995 
-0.0271129 
-0.025499 
-0.0234587 
-0.0210016 
-0.0181445 
-0.0149109 
-0.0113366 
-0.00747887 
-0.00340147 
0.000815108 
0.00508062 
0.00932615 
0.0134973 
0.0175496 
0.0214469 
0.0251612 
0.028671 
0.0319585 
0.0350052 
0.0377853 
0.0402578 
0.0423546 
0.0439727 
0.0449795 
0.0452238 
0.0446193 
0.0432324 
0.0412548 
0.038811 
0.0357998 
0.0318746 
0.0266216 
0.0198681 
0.0119186 
0.00350851 
-0.00448952 
-0.0113244 
-0.0162401 
-0.0162401 
-0.0128298 
-0.0128298 
-0.0157337 
-0.0171196 
-0.0177469 
-0.0180228 
-0.0181322 
-0.0182365 
-0.0184145 
-0.0187237 
-0.0191757 
-0.0197702 
-0.0204908 
-0.0213202 
-0.022238 
-0.0232244 
-0.0242571 
-0.0253107 
-0.0263551 
-0.0273536 
-0.0282627 
-0.0290321 
-0.0296052 
-0.0299238 
-0.0299311 
-0.0295766 
-0.0288195 
-0.0276322 
-0.0260005 
-0.0239233 
-0.0214099 
-0.0184774 
-0.0151495 
-0.0114596 
-0.00746421 
-0.00323977 
0.00111289 
0.00551029 
0.00989614 
0.014216 
0.0184237 
0.0224802 
0.0263552 
0.0300243 
0.0334665 
0.0366586 
0.0395695 
0.0421492 
0.0443174 
0.0459477 
0.0469008 
0.0470503 
0.0463693 
0.044969 
0.0430142 
0.0405101 
0.0371987 
0.0326331 
0.0264539 
0.0187056 
0.00994494 
0.00102145 
-0.00725183 
-0.0142672 
-0.0193615 
-0.0193615 
-0.0126336 
-0.0126336 
-0.0154916 
-0.0168805 
-0.0175491 
-0.0178818 
-0.0180571 
-0.0182223 
-0.0184523 
-0.0188005 
-0.0192797 
-0.0198908 
-0.0206197 
-0.0214509 
-0.0223658 
-0.0233457 
-0.0243701 
-0.0254158 
-0.0264543 
-0.0274511 
-0.028364 
-0.0291437 
-0.0297343 
-0.0300762 
-0.0301103 
-0.0297825 
-0.0290479 
-0.0278747 
-0.0262452 
-0.0241553 
-0.0216132 
-0.0186347 
-0.0152468 
-0.0114855 
-0.00740316 
-0.00307572 
0.00138321 
0.00588732 
0.0103867 
0.0148286 
0.0191673 
0.0233621 
0.0273802 
0.0311943 
0.0347792 
0.0381058 
0.0411301 
0.0437928 
0.045998 
0.0476113 
0.0485031 
0.048583 
0.0478806 
0.0465235 
0.0445992 
0.041967 
0.0382279 
0.0329049 
0.0257794 
0.0171407 
0.00773824 
-0.00155241 
-0.0100079 
-0.0171449 
-0.0223831 
-0.0223831 
-0.0122536 
-0.0122536 
-0.015085 
-0.0164948 
-0.0172173 
-0.0176175 
-0.0178658 
-0.0180971 
-0.018382 
-0.01877 
-0.019275 
-0.0198992 
-0.0206306 
-0.0214553 
-0.0223563 
-0.0233167 
-0.0243177 
-0.0253384 
-0.0263529 
-0.0273295 
-0.0282286 
-0.0290027 
-0.029597 
-0.0299518 
-0.0300063 
-0.0297036 
-0.0289951 
-0.0278445 
-0.0262302 
-0.0241451 
-0.0215955 
-0.0185992 
-0.0151848 
-0.0113922 
-0.00727629 
-0.00290707 
0.00161367 
0.00619769 
0.0107867 
0.0153283 
0.0197757 
0.0240878 
0.0282294 
0.0321695 
0.0358773 
0.0393154 
0.0424309 
0.0451497 
0.0473642 
0.0489424 
0.049779 
0.0498321 
0.0491703 
0.0478942 
0.0459774 
0.0431293 
0.0388539 
0.0327202 
0.024701 
0.0153075 
0.00540569 
-0.00414877 
-0.0127179 
-0.0199216 
-0.0252712 
-0.0252712 
-0.011705 
-0.011705 
-0.014528 
-0.0159731 
-0.0167592 
-0.017235 
-0.0175623 
-0.0178646 
-0.018208 
-0.0186381 
-0.0191697 
-0.0198058 
-0.0205365 
-0.0213492 
-0.0222285 
-0.0231588 
-0.0241234 
-0.0251034 
-0.0260764 
-0.0270137 
-0.0278795 
-0.0286297 
-0.0292118 
-0.0295677 
-0.0296361 
-0.0293581 
-0.0286815 
-0.0275658 
-0.025985 
-0.0239285 
-0.0214003 
-0.0184175 
-0.0150092 
-0.0112177 
-0.00709862 
-0.00272187 
0.00182105 
0.00644881 
0.0110975 
0.0157127 
0.0202453 
0.0246524 
0.0288958 
0.0329398 
0.0367464 
0.0402688 
0.0434436 
0.0461852 
0.0483833 
0.0499222 
0.0507318 
0.0508139 
0.0502461 
0.0490636 
0.047109 
0.0439618 
0.039086 
0.0321556 
0.0233431 
0.0133272 
0.00302644 
-0.00672445 
-0.0153461 
-0.0225623 
-0.0279919 
-0.0279919 
-0.0110044 
-0.0110044 
-0.0138352 
-0.015327 
-0.016184 
-0.016741 
-0.0171517 
-0.0175293 
-0.0179351 
-0.0184109 
-0.0189719 
-0.0196212 
-0.0203509 
-0.0211492 
-0.0220019 
-0.0228947 
-0.0238127 
-0.0247394 
-0.0256553 
-0.0265361 
-0.0273501 
-0.0280576 
-0.0286102 
-0.0289523 
-0.0290241 
-0.0287656 
-0.0281221 
-0.027049 
-0.0255157 
-0.0235076 
-0.0210258 
-0.0180859 
-0.0147168 
-0.0109611 
-0.00687303 
-0.00251998 
0.00201353 
0.00665071 
0.0113272 
0.0159863 
0.0205763 
0.0250513 
0.0293688 
0.0334871 
0.0373606 
0.0409332 
0.0441326 
0.0468682 
0.0490371 
0.0505508 
0.0513756 
0.0515407 
0.0511009 
0.0500019 
0.0479581 
0.044455 
0.0389705 
0.0313123 
0.021825 
0.0112959 
0.00065984 
-0.00923751 
-0.0178516 
-0.0250275 
-0.0305069 
-0.0305069 
-0.010169 
-0.010169 
-0.0130217 
-0.0145692 
-0.0155019 
-0.0161434 
-0.0166401 
-0.0170963 
-0.0175682 
-0.0180941 
-0.0186884 
-0.0193546 
-0.0200854 
-0.02087 
-0.0216948 
-0.0225465 
-0.0234114 
-0.0242754 
-0.0251221 
-0.0259313 
-0.0266763 
-0.0273228 
-0.0278277 
-0.0281397 
-0.0282018 
-0.0279548 
-0.0273427 
-0.0263173 
-0.0248437 
-0.0229023 
-0.0204904 
-0.0176208 
-0.0143208 
-0.0106312 
-0.00660467 
-0.00230539 
0.0021884 
0.0068038 
0.0114763 
0.0161479 
0.020764 
0.0252752 
0.0296339 
0.033792 
0.0376961 
0.0412826 
0.0444747 
0.0471844 
0.0493258 
0.0508407 
0.051725 
0.0520137 
0.0517145 
0.0506749 
0.0485007 
0.0446249 
0.0385766 
0.0302942 
0.0202453 
0.00927824 
-0.00164182 
-0.0116354 
-0.0201845 
-0.0272708 
-0.032771 
-0.032771 
-0.00921677 
-0.00921677 
-0.0121042 
-0.0137143 
-0.0147253 
-0.0154522 
-0.0160354 
-0.0165717 
-0.0171126 
-0.0176926 
-0.0183252 
-0.0190131 
-0.0197496 
-0.020524 
-0.021323 
-0.0221337 
-0.0229435 
-0.0237399 
-0.0245096 
-0.0252361 
-0.0258981 
-0.0264672 
-0.0269065 
-0.0271708 
-0.0272075 
-0.0269601 
-0.0263727 
-0.0253951 
-0.023988 
-0.0221269 
-0.019804 
-0.0170282 
-0.0138237 
-0.0102288 
-0.00629317 
-0.0020773 
0.00234624 
0.00690824 
0.0115444 
0.0161952 
0.0208033 
0.0253152 
0.0296783 
0.0338383 
0.0377355 
0.041302 
0.0444619 
0.0471369 
0.0492627 
0.0508091 
0.0517885 
0.0522222 
0.0520575 
0.0510503 
0.0487261 
0.0445032 
0.0379789 
0.0291942 
0.0186823 
0.0073179 
-0.00383723 
-0.0138555 
-0.0222842 
-0.0292376 
-0.0347315 
-0.0347315 
-0.00816718 
-0.00816718 
-0.011101 
-0.0127789 
-0.013869 
-0.0146801 
-0.0153481 
-0.0159639 
-0.0165748 
-0.017212 
-0.0178871 
-0.0186021 
-0.0193501 
-0.02012 
-0.0208984 
-0.0216722 
-0.0224292 
-0.0231581 
-0.0238477 
-0.0244854 
-0.0250548 
-0.0255336 
-0.0258918 
-0.0260912 
-0.0260855 
-0.0258228 
-0.0252493 
-0.0243143 
-0.0229755 
-0.0212032 
-0.018984 
-0.0163216 
-0.0132356 
-0.0097605 
-0.00594253 
-0.00183839 
0.00248514 
0.00696245 
0.0115293 
0.0161247 
0.0206886 
0.0251639 
0.0294931 
0.0336171 
0.0374725 
0.040991 
0.0441024 
0.0467427 
0.0488693 
0.050472 
0.0515665 
0.0521467 
0.0520977 
0.0511006 
0.0486324 
0.044124 
0.037241 
0.0280864 
0.0171994 
0.00545536 
-0.00587909 
-0.0158253 
-0.0240808 
-0.0308668 
-0.0363299 
-0.0363299 
-0.00704084 
-0.00704084 
-0.0100319 
-0.0117822 
-0.0129507 
-0.0138425 
-0.0145912 
-0.0152833 
-0.015963 
-0.0166582 
-0.0173788 
-0.0181256 
-0.018891 
-0.0196632 
-0.0204282 
-0.0211723 
-0.0218831 
-0.0225495 
-0.023162 
-0.0237107 
-0.0241835 
-0.0245642 
-0.0248297 
-0.0249495 
-0.0248848 
-0.02459 
-0.0240158 
-0.023113 
-0.0218377 
-0.0201565 
-0.0180501 
-0.0155157 
-0.0125672 
-0.00923406 
-0.0055582 
-0.00159207 
0.00260303 
0.00696492 
0.0114297 
0.0159348 
0.0204183 
0.0248197 
0.0290782 
0.0331315 
0.0369155 
0.0403652 
0.0434192 
0.0460292 
0.0481697 
0.0498417 
0.051053 
0.0517641 
0.0518053 
0.0508046 
0.0482186 
0.043508 
0.036397 
0.0270141 
0.0158504 
0.00372425 
-0.0077175 
-0.0174612 
-0.0254979 
-0.0320932 
-0.0375046 
-0.0375046 
-0.00585939 
-0.00585939 
-0.0089182 
-0.0107447 
-0.0119904 
-0.0129581 
-0.0137812 
-0.014544 
-0.0152882 
-0.0160394 
-0.0168058 
-0.0175871 
-0.0183745 
-0.0191555 
-0.0199152 
-0.0206389 
-0.0213131 
-0.0219268 
-0.0224705 
-0.0229362 
-0.0233153 
-0.0235965 
-0.0237636 
-0.0237936 
-0.023656 
-0.023313 
-0.0227214 
-0.021836 
-0.0206139 
-0.0190192 
-0.0170277 
-0.01463 
-0.0118332 
-0.0086602 
-0.00514766 
-0.00134326 
0.00269707 
0.00691468 
0.011246 
0.0156277 
0.0199964 
0.0242895 
0.0284441 
0.0323974 
0.0360869 
0.0394531 
0.0424452 
0.0450278 
0.0471874 
0.0489271 
0.0502404 
0.0510549 
0.0511582 
0.0501472 
0.0474794 
0.0426526 
0.0354382 
0.0259681 
0.0146552 
0.00222515 
-0.00922447 
-0.018659 
-0.0264516 
-0.032852 
-0.0381973 
-0.0381973 
-0.00464451 
-0.00464451 
-0.00778143 
-0.00968808 
-0.0110093 
-0.0120475 
-0.0129373 
-0.0137627 
-0.0145644 
-0.0153665 
-0.0161759 
-0.016991 
-0.0178025 
-0.0185969 
-0.0193585 
-0.0200714 
-0.020721 
-0.0212947 
-0.0217829 
-0.0221778 
-0.0224729 
-0.0226606 
-0.0227306 
-0.0226671 
-0.0224478 
-0.0220434 
-0.0214185 
-0.0205337 
-0.0193495 
-0.0178302 
-0.0159485 
-0.0136892 
-0.0110523 
-0.00805292 
-0.00472117 
-0.00109887 
0.00276394 
0.00681174 
0.0109815 
0.0152102 
0.0194336 
0.0235886 
0.0276119 
0.0314418 
0.0350194 
0.038292 
0.0412178 
0.0437713 
0.0459448 
0.0477376 
0.049126 
0.0500096 
0.0501475 
0.0491235 
0.0464097 
0.0415392 
0.0343116 
0.0248643 
0.013524 
0.0010613 
-0.0101809 
-0.01932 
-0.02687 
-0.0330917 
-0.0383638 
-0.0383638 
-0.00341718 
-0.00341718 
-0.00664209 
-0.00863294 
-0.0100286 
-0.0111318 
-0.0120803 
-0.0129588 
-0.0138088 
-0.0146536 
-0.0154996 
-0.0163446 
-0.0171787 
-0.0179882 
-0.0187564 
-0.0194667 
-0.0201031 
-0.0206514 
-0.0211005 
-0.0214417 
-0.0216687 
-0.0217764 
-0.0217584 
-0.0216053 
-0.0213026 
-0.0208293 
-0.0201584 
-0.0192582 
-0.0180945 
-0.0166344 
-0.01485 
-0.0127225 
-0.0102453 
-0.0074259 
-0.00428664 
-0.000862411 
0.00280336 
0.0066594 
0.0106438 
0.0146943 
0.0187473 
0.02274 
0.0266104 
0.0302993 
0.0337522 
0.0369225 
0.0397758 
0.0422926 
0.044466 
0.0462878 
0.047718 
0.0486352 
0.048783 
0.0477466 
0.0450192 
0.0401585 
0.0329917 
0.0236611 
0.012406 
0.000321916 
-0.0104451 
-0.0193576 
-0.0267011 
-0.0327775 
-0.0379746 
-0.0379746 
-0.00219538 
-0.00219538 
-0.00551752 
-0.00759687 
-0.00906683 
-0.0102306 
-0.01123 
-0.0121521 
-0.0130401 
-0.0139176 
-0.0147912 
-0.0156588 
-0.0165106 
-0.0173328 
-0.018109 
-0.0188219 
-0.0194544 
-0.019991 
-0.0204182 
-0.0207255 
-0.0209054 
-0.0209527 
-0.0208633 
-0.0206326 
-0.0202524 
-0.01971 
-0.0189869 
-0.0180593 
-0.0169 
-0.0154812 
-0.0137771 
-0.0117677 
-0.00944219 
-0.0068012 
-0.00385878 
-0.000641867 
0.00281395 
0.00646212 
0.0102428 
0.0140959 
0.0179592 
0.0217716 
0.0254733 
0.0290083 
0.0323263 
0.0353861 
0.0381583 
0.0406258 
0.0427792 
0.0446016 
0.0460394 
0.046958 
0.0470974 
0.0460551 
0.0433454 
0.0385594 
0.0314949 
0.0223179 
0.011434 
3.02173e-05 
-0.010207 
-0.0188355 
-0.0259751 
-0.0319176 
-0.0370473 
-0.0370473 
-0.000994156 
-0.000994156 
-0.0044204 
-0.00659201 
-0.00813672 
-0.00935801 
-0.0104024 
-0.0113596 
-0.0122758 
-0.0131757 
-0.0140671 
-0.0149483 
-0.0158103 
-0.0166401 
-0.0174219 
-0.0181387 
-0.018773 
-0.0193082 
-0.0197289 
-0.0200221 
-0.0201775 
-0.0201883 
-0.0200503 
-0.019761 
-0.0193173 
-0.0187133 
-0.0179386 
-0.0169778 
-0.0158112 
-0.014417 
-0.0127738 
-0.0108631 
-0.00867261 
-0.00619853 
-0.00344797 
-0.000439922 
0.00279842 
0.00622783 
0.00979214 
0.0134342 
0.0170943 
0.0207139 
0.0242358 
0.0276076 
0.0307828 
0.0337241 
0.0364046 
0.0388073 
0.0409187 
0.0427136 
0.0441288 
0.0450242 
0.0451464 
0.0441106 
0.0414593 
0.0367431 
0.0298444 
0.021001 
0.0107159 
9.80772e-05 
-0.00954506 
-0.0178231 
-0.0247413 
-0.0305522 
-0.035618 
-0.035618 
0.000178902 
0.000178902 
-0.00335608 
-0.0056225 
-0.00724281 
-0.00852017 
-0.00960583 
-0.0105924 
-0.0115294 
-0.0124434 
-0.0133437 
-0.01423 
-0.0150945 
-0.0159254 
-0.0167082 
-0.0174267 
-0.0180643 
-0.0186039 
-0.0190289 
-0.0193242 
-0.0194764 
-0.0194756 
-0.019315 
-0.0189918 
-0.0185051 
-0.0178543 
-0.0170362 
-0.0160436 
-0.0148645 
-0.013484 
-0.0118857 
-0.0100548 
-0.00797997 
-0.00565533 
-0.00308293 
-0.000274735 
0.00275003 
0.00595938 
0.00930267 
0.0127272 
0.0161771 
0.0195967 
0.0229325 
0.0261351 
0.0291614 
0.0319765 
0.0345545 
0.0368769 
0.0389257 
0.0406691 
0.0420383 
0.0428952 
0.0429991 
0.0419874 
0.0393628 
0.0347834 
0.0281741 
0.0198077 
0.010241 
0.000453742 
-0.00855384 
-0.0164221 
-0.0230881 
-0.0287558 
-0.0337551 
-0.0337551 
0.00131819 
0.00131819 
-0.00232118 
-0.00468321 
-0.00637956 
-0.00771279 
-0.00883866 
-0.0098522 
-0.0108064 
-0.0117298 
-0.012634 
-0.01352 
-0.0143817 
-0.0152087 
-0.0159881 
-0.0167052 
-0.0173444 
-0.0178896 
-0.0183241 
-0.0186316 
-0.0187965 
-0.0188053 
-0.0186477 
-0.0183177 
-0.0178133 
-0.0171363 
-0.0162889 
-0.0152714 
-0.01408 
-0.0127067 
-0.0111407 
-0.00937139 
-0.00739006 
-0.00519185 
-0.00277711 
-0.000153309 
0.00266666 
0.00566074 
0.00878494 
0.0119919 
0.0152302 
0.0184482 
0.0215957 
0.0246263 
0.0274996 
0.0301823 
0.0326484 
0.0348771 
0.0368464 
0.03852 
0.0398278 
0.0406392 
0.0407281 
0.0397044 
0.0371504 
0.0327779 
0.0265555 
0.0187782 
0.00999395 
0.00103712 
-0.00730957 
-0.0147242 
-0.0211068 
-0.0266145 
-0.0315398 
-0.0315398 
0.00243325 
0.00243325 
-0.00130628 
-0.00376115 
-0.00553226 
-0.00692162 
-0.00808884 
-0.00913055 
-0.0101029 
-0.0110362 
-0.0119444 
-0.01283 
-0.0136884 
-0.0145107 
-0.0152854 
-0.0159995 
-0.0166387 
-0.0171883 
-0.0176328 
-0.0179561 
-0.0181419 
-0.0181745 
-0.0180401 
-0.0177281 
-0.0172332 
-0.0165551 
-0.0156982 
-0.0146686 
-0.0134708 
-0.0121047 
-0.0105662 
-0.00884883 
-0.00694641 
-0.00485533 
-0.00257552 
-0.000112056 
0.00252586 
0.00532165 
0.00823925 
0.0112375 
0.0142705 
0.017291 
0.0202528 
0.0231125 
0.0258318 
0.0283784 
0.0307259 
0.0328512 
0.0347291 
0.0363211 
0.0375597 
0.0383219 
0.0383688 
0.0373477 
0.0349021 
0.0307996 
0.0250423 
0.0179213 
0.0099406 
0.00179907 
-0.00588284 
-0.0128172 
-0.0188901 
-0.024219 
-0.0290599 
-0.0290599 
0.00353823 
0.00353823 
-0.000297064 
-0.00283591 
-0.00467921 
-0.00612485 
-0.00733633 
-0.00841061 
-0.00940627 
-0.0103553 
-0.0112733 
-0.0121642 
-0.013025 
-0.0138477 
-0.014622 
-0.0153358 
-0.0159764 
-0.0165304 
-0.0169838 
-0.017322 
-0.0175298 
-0.0175914 
-0.0174911 
-0.0172151 
-0.0167528 
-0.0160995 
-0.0152566 
-0.0142319 
-0.0130357 
-0.0116767 
-0.0101592 
-0.00848211 
-0.0066424 
-0.00463845 
-0.00247183 
-0.000148031 
0.00232509 
0.00493994 
0.0076671 
0.0104708 
0.0133104 
0.0161432 
0.0189266 
0.0216204 
0.0241883 
0.0265987 
0.0288245 
0.030841 
0.0326208 
0.0341254 
0.0352901 
0.0359892 
0.0359871 
0.0349888 
0.0326902 
0.0289086 
0.0236655 
0.0172298 
0.010045 
0.0026894 
-0.00433529 
-0.0107771 
-0.0165219 
-0.0216554 
-0.0264006 
-0.0264006 
0.00465619 
0.00465619 
0.000728123 
-0.00188554 
-0.00379603 
-0.00529829 
-0.00655795 
-0.00767165 
-0.00869924 
-0.00967373 
-0.0106123 
-0.0115198 
-0.0123941 
-0.0132281 
-0.0140119 
-0.014734 
-0.0153825 
-0.015945 
-0.0164088 
-0.0167612 
-0.0169888 
-0.0170776 
-0.0170129 
-0.0167799 
-0.0163649 
-0.0157578 
-0.0149543 
-0.013958 
-0.0127799 
-0.0114354 
-0.00993892 
-0.00829881 
-0.00651664 
-0.00459074 
-0.00252078 
-0.000311134 
0.00203021 
0.0044938 
0.00705684 
0.00968877 
0.0123542 
0.0150152 
0.0176331 
0.0201708 
0.022594 
0.0248719 
0.0269772 
0.0288842 
0.0305644 
0.0319797 
0.0330659 
0.0336859 
0.0336471 
0.032694 
0.0305753 
0.0271472 
0.02244 
0.0166895 
0.0102737 
0.00366661 
-0.00272079 
-0.00866995 
-0.0140765 
-0.0190016 
-0.0236403 
-0.0236403 
0.00581021 
0.00581021 
0.00179484 
-0.000888783 
-0.00285992 
-0.00441984 
-0.00573248 
-0.00689407 
-0.00796436 
-0.00897694 
-0.00994978 
-0.0108884 
-0.0117914 
-0.0126516 
-0.0134594 
-0.0142034 
-0.0148716 
-0.015452 
-0.0159327 
-0.0163023 
-0.0165494 
-0.0166623 
-0.0166287 
-0.0164359 
-0.0160705 
-0.0155198 
-0.0147742 
-0.0138296 
-0.0126906 
-0.011371 
-0.00989104 
-0.00827102 
-0.00652415 
-0.00465505 
-0.00266431 
-0.000555855 
0.00166269 
0.00399026 
0.00640994 
0.00889288 
0.011406 
0.0139147 
0.0163838 
0.0187791 
0.0210682 
0.0232216 
0.0252119 
0.0270128 
0.0285956 
0.029922 
0.0309162 
0.031466 
0.0314046 
0.0305186 
0.0286023 
0.0255428 
0.0213707 
0.0162839 
0.0105965 
0.00469215 
-0.0010857 
-0.00655085 
-0.0116163 
-0.0163241 
-0.0208469 
-0.0208469 
0.00701986 
0.00701986 
0.0029278 
0.000178138 
-0.00185258 
-0.00347245 
-0.00484393 
-0.00606278 
-0.00718773 
-0.00825236 
-0.00927487 
-0.0102611 
-0.0112095 
-0.012113 
-0.0129617 
-0.0137438 
-0.014447 
-0.0150589 
-0.0155679 
-0.0159631 
-0.0162343 
-0.0163717 
-0.0163659 
-0.0162069 
-0.0158846 
-0.0153878 
-0.014706 
-0.0138303 
-0.0127572 
-0.0114913 
-0.0100486 
-0.00845465 
-0.00673684 
-0.00491408 
-0.00299018 
-0.000960539 
0.0011739 
0.00340375 
0.00571361 
0.008077 
0.0104646 
0.0128447 
0.0151855 
0.0174559 
0.0196254 
0.0216658 
0.0235502 
0.0252521 
0.0267422 
0.0279745 
0.0288824 
0.0293733 
0.0293058 
0.0285042 
0.0268026 
0.024111 
0.0204559 
0.0159967 
0.0109889 
0.00573849 
0.000533926 
-0.0044648 
-0.00919213 
-0.0136775 
-0.0180762 
-0.0180762 
0.00830298 
0.00830298 
0.00414707 
0.00133505 
-0.000761107 
-0.00244407 
-0.00388134 
-0.00516742 
-0.00635957 
-0.00749079 
-0.00857899 
-0.00962977 
-0.0106413 
-0.011606 
-0.0125134 
-0.0133508 
-0.0141053 
-0.0147642 
-0.0153154 
-0.0157482 
-0.0160528 
-0.0162206 
-0.016244 
-0.0161157 
-0.0158287 
-0.0153756 
-0.0147486 
-0.0139396 
-0.0129415 
-0.0117504 
-0.0103689 
-0.00881094 
-0.00710317 
-0.00528132 
-0.00337708 
-0.00140513 
0.00063823 
0.00276343 
0.00497604 
0.00724559 
0.00953359 
0.0118094 
0.0140441 
0.016209 
0.0182759 
0.0202176 
0.0220077 
0.0236199 
0.025019 
0.026162 
0.0269969 
0.0274438 
0.0273853 
0.0266799 
0.0251953 
0.022859 
0.0196904 
0.0158132 
0.0114307 
0.00678447 
0.00211118 
-0.00244766 
-0.00684349 
-0.0111039 
-0.0153717 
-0.0153717 
0.00967465 
0.00967465 
0.00546542 
0.00259474 
0.000429822 
-0.00132501 
-0.00283699 
-0.0042002 
-0.00547251 
-0.00668523 
-0.00785566 
-0.00898868 
-0.0100816 
-0.011126 
-0.0121102 
-0.0130206 
-0.0138432 
-0.0145645 
-0.0151722 
-0.0156553 
-0.0160044 
-0.0162117 
-0.0162706 
-0.0161757 
-0.015922 
-0.0155053 
-0.0149213 
-0.0141657 
-0.0132344 
-0.0121239 
-0.0108325 
-0.00936262 
-0.00772441 
-0.00594082 
-0.00404803 
-0.00208406 
-6.33639e-05 
0.00203029 
0.00419893 
0.00640509 
0.00861907 
0.0108143 
0.0129651 
0.0150451 
0.0170273 
0.0188863 
0.0205953 
0.0221238 
0.0234397 
0.0245093 
0.0252862 
0.0257036 
0.0256668 
0.0250639 
0.0237905 
0.0217875 
0.0190666 
0.0157203 
0.0119061 
0.0078123 
0.00362797 
-0.000518806 
-0.00459502 
-0.00863165 
-0.012764 
-0.012764 
0.0111476 
0.0111476 
0.0068935 
0.00396712 
0.00172998 
-0.000107443 
-0.00170188 
-0.00315389 
-0.00451933 
-0.00582904 
-0.00709894 
-0.00833277 
-0.00952652 
-0.0106702 
-0.0117504 
-0.0127521 
-0.0136599 
-0.0144593 
-0.0151372 
-0.0156828 
-0.0160869 
-0.0163426 
-0.0164444 
-0.0163884 
-0.0161713 
-0.0157905 
-0.0152439 
-0.0145296 
-0.0136459 
-0.0125921 
-0.0113683 
-0.00997587 
-0.00841727 
-0.00669668 
-0.004824 
-0.00282722 
-0.000769023 
0.00127068 
0.00336816 
0.00554781 
0.00772284 
0.00986348 
0.0119529 
0.0139689 
0.0158856 
0.0176771 
0.0193145 
0.0207722 
0.0220225 
0.0230344 
0.0237683 
0.0241697 
0.0241641 
0.023665 
0.0225908 
0.020893 
0.0185764 
0.0157074 
0.0124039 
0.00881088 
0.0050748 
0.00130459 
-0.00246583 
-0.00627921 
-0.0102731 
-0.0102731 
0.0127324 
0.0127324 
0.00844076 
0.00545936 
0.00314803 
0.00122346 
-0.000468165 
-0.00201956 
-0.00349166 
-0.00491432 
-0.00630184 
-0.0076564 
-0.00897197 
-0.0102363 
-0.0114337 
-0.0125467 
-0.013558 
-0.0144515 
-0.0152135 
-0.0158329 
-0.0163014 
-0.0166129 
-0.0167636 
-0.0167512 
-0.0165744 
-0.0162323 
-0.0157244 
-0.0150501 
-0.014209 
-0.0132016 
-0.0120297 
-0.0106977 
-0.0092141 
-0.0075911 
-0.00584234 
-0.00397272 
-0.00196551 
0.000214172 
0.00250409 
0.00473356 
0.00687809 
0.00897316 
0.0110185 
0.0129885 
0.0148544 
0.0165918 
0.0181752 
0.0195799 
0.0207804 
0.0217495 
0.0224542 
0.0228511 
0.0228832 
0.0224849 
0.0215936 
0.0201696 
0.018212 
0.0157659 
0.012917 
0.00977373 
0.0064468 
0.00302428 
-0.000458866 
-0.00405676 
-0.00790983 
-0.00790983 
0.0144389 
0.0144389 
0.010116 
0.00708022 
0.00469249 
0.0026745 
0.000878059 
-0.000787498 
-0.00237996 
-0.00393146 
-0.00545565 
-0.00695231 
-0.00841281 
-0.00982175 
-0.01116 
-0.0124067 
-0.0135416 
-0.0145468 
-0.0154073 
-0.0161118 
-0.0166529 
-0.0170262 
-0.0172298 
-0.0172637 
-0.017129 
-0.0168269 
-0.0163585 
-0.0157246 
-0.0149255 
-0.0139617 
-0.0128343 
-0.0115463 
-0.0101028 
-0.00851201 
-0.00678453 
-0.0049295 
-0.00295112 
-0.000817602 
0.00147573 
0.00379468 
0.00600849 
0.00811581 
0.0101515 
0.0120995 
0.0139372 
0.0156415 
0.0171887 
0.0185563 
0.0197216 
0.0206614 
0.0213489 
0.0217504 
0.0218236 
0.02152 
0.0207926 
0.0196094 
0.0179656 
0.0158899 
0.0134415 
0.010699 
0.00774358 
0.00464115 
0.00141901 
-0.001968 
-0.00567626 
-0.00567626 
0.0162752 
0.0162752 
0.0119271 
0.00883824 
0.00637248 
0.00425715 
0.00234742 
0.00055617 
-0.00117118 
-0.00286853 
-0.00454893 
-0.00621074 
-0.00784166 
-0.00942211 
-0.0109281 
-0.0123342 
-0.013616 
-0.0147524 
-0.0157268 
-0.0165279 
-0.0171493 
-0.0175888 
-0.0178474 
-0.0179283 
-0.0178352 
-0.0175722 
-0.0171421 
-0.016547 
-0.0157873 
-0.0148629 
-0.0137736 
-0.0125203 
-0.0111061 
-0.00953675 
-0.00782151 
-0.00597144 
-0.00400036 
-0.00192178 
0.00023895 
0.00251629 
0.00487154 
0.00713906 
0.00927434 
0.0112721 
0.0131268 
0.0148279 
0.0163605 
0.0177076 
0.0188516 
0.0197739 
0.0204535 
0.0208659 
0.0209807 
0.0207632 
0.0201793 
0.0192041 
0.0178306 
0.016075 
0.0139762 
0.0115881 
0.00896766 
0.00615994 
0.0031832 
-7.27584e-06 
-0.00357186 
-0.00357186 
0.0182471 
0.0182471 
0.0138799 
0.0107403 
0.00819661 
0.00598119 
0.00395285 
0.00202597 
0.000147677 
-0.00171089 
-0.00356775 
-0.00541893 
-0.00724828 
-0.00903063 
-0.0107355 
-0.0123309 
-0.0137864 
-0.0150764 
-0.0161821 
-0.0170916 
-0.0178003 
-0.018309 
-0.0186229 
-0.0187491 
-0.0186955 
-0.0184694 
-0.0180761 
-0.0175187 
-0.0167978 
-0.0159121 
-0.0148591 
-0.0136368 
-0.0122447 
-0.010685 
-0.00896333 
-0.00708893 
-0.00507849 
-0.00294956 
-0.000716454 
0.00157133 
0.00387563 
0.00616442 
0.00837717 
0.0104595 
0.0123805 
0.0141231 
0.0156754 
0.0170271 
0.0181674 
0.0190845 
0.0197648 
0.0201921 
0.0203465 
0.0202049 
0.0197439 
0.018945 
0.0178006 
0.0163184 
0.0145216 
0.0124445 
0.0101237 
0.00758666 
0.00483872 
0.0018304 
-0.00158946 
-0.00158946 
0.0203573 
0.0203573 
0.0159773 
0.0127909 
0.0101719 
0.00785645 
0.00570647 
0.00363726 
0.00159744 
-0.000442911 
-0.00249589 
-0.00456116 
-0.00661911 
-0.00863728 
-0.0105766 
-0.0123959 
-0.0140567 
-0.0155268 
-0.0167836 
-0.0178145 
-0.0186169 
-0.019196 
-0.0195627 
-0.01973 
-0.0197112 
-0.019518 
-0.0191586 
-0.0186376 
-0.0179551 
-0.017108 
-0.0160909 
-0.0148976 
-0.0135235 
-0.0119661 
-0.010227 
-0.0083156 
-0.00625044 
-0.00405677 
-0.00177696 
0.000537637 
0.00287887 
0.00521149 
0.00749088 
0.00966053 
0.0116725 
0.0134931 
0.0151029 
0.0164912 
0.0176521 
0.0185808 
0.0192719 
0.0197182 
0.0199096 
0.0198333 
0.0194751 
0.0188227 
0.0178695 
0.0166177 
0.0150792 
0.0132728 
0.0112185 
0.00892852 
0.00639517 
0.00356369 
0.000279871 
0.000279871 
0.0226033 
0.0226033 
0.0182176 
0.0149905 
0.0123018 
0.00989041 
0.00761947 
0.00540394 
0.00319224 
0.000956241 
-0.0013144 
-0.00361892 
-0.00593705 
-0.00822818 
-0.0104419 
-0.0125252 
-0.0144282 
-0.0161098 
-0.0175413 
-0.0187084 
-0.0196109 
-0.0202599 
-0.0206739 
-0.0208745 
-0.0208827 
-0.0207162 
-0.020387 
-0.0199013 
-0.0192586 
-0.0184531 
-0.017475 
-0.0163125 
-0.0149554 
-0.0133933 
-0.0116204 
-0.00964026 
-0.0074739 
-0.00516615 
-0.00276366 
-0.000321855 
0.00210571 
0.00448594 
0.00679504 
0.00900303 
0.0110707 
0.012958 
0.0146336 
0.0160774 
0.0172799 
0.0182383 
0.018953 
0.0194244 
0.0196518 
0.0196316 
0.0193583 
0.018826 
0.0180301 
0.0169701 
0.01565 
0.0140773 
0.0122586 
0.0101927 
0.00786063 
0.00519885 
0.00205001 
0.00205001 
0.0249757 
0.0249757 
0.020592 
0.0173329 
0.0145841 
0.0120851 
0.00969886 
0.00733828 
0.00495032 
0.00250542 
-5.22092e-06 
-0.00257345 
-0.00518287 
-0.00778588 
-0.0103173 
-0.012709 
-0.0148966 
-0.0168264 
-0.018461 
-0.0197826 
-0.0207927 
-0.0215096 
-0.0219623 
-0.0221845 
-0.0222079 
-0.0220588 
-0.0217546 
-0.0213032 
-0.0207029 
-0.0199442 
-0.0190117 
-0.0178861 
-0.0165495 
-0.0149791 
-0.0131558 
-0.0110859 
-0.00880469 
-0.00635967 
-0.00380789 
-0.00121973 
0.00134393 
0.00384131 
0.00624192 
0.00851587 
0.0106354 
0.012572 
0.0142981 
0.0157916 
0.0170389 
0.018035 
0.0187816 
0.0192837 
0.0195472 
0.0195766 
0.0193739 
0.0189394 
0.0182718 
0.01737 
0.0162334 
0.0148612 
0.0132497 
0.0113867 
0.00924314 
0.00674598 
0.00373407 
0.00373407 
0.0274556 
0.0274556 
0.0230822 
0.0198024 
0.0170071 
0.014434 
0.011944 
0.00944517 
0.00688085 
0.00421928 
0.00145211 
-0.00140722 
-0.00433748 
-0.00729058 
-0.0101837 
-0.0129303 
-0.0154482 
-0.0176678 
-0.0195395 
-0.0210388 
-0.0221674 
-0.0229506 
-0.0234311 
-0.0236587 
-0.023681 
-0.0235364 
-0.0232497 
-0.0228314 
-0.0222777 
-0.0215738 
-0.0206963 
-0.0196165 
-0.0183049 
-0.0167179 
-0.0148296 
-0.0126557 
-0.0102303 
-0.00760686 
-0.00485344 
-0.00204956 
0.00072054 
0.00338711 
0.00591299 
0.00827269 
0.0104447 
0.0124128 
0.0141615 
0.0156766 
0.0169473 
0.0179683 
0.0187407 
0.0192706 
0.0195672 
0.0196397 
0.0194962 
0.0191419 
0.0185792 
0.0178078 
0.0168249 
0.0156243 
0.0141951 
0.0125157 
0.0105488 
0.00821172 
0.00533795 
0.00533795 
0.0300127 
0.0300127 
0.0256583 
0.022371 
0.0195464 
0.016918 
0.0143415 
0.0117175 
0.00898319 
0.00610223 
0.00306578 
-0.000108528 
-0.00338763 
-0.0067235 
-0.0100187 
-0.0131636 
-0.0160567 
-0.0186093 
-0.0207568 
-0.0224634 
-0.0237274 
-0.0245794 
-0.0250767 
-0.0252903 
-0.0252901 
-0.0251326 
-0.0248535 
-0.0244666 
-0.0239647 
-0.0233255 
-0.0225145 
-0.0214909 
-0.0202085 
-0.0185978 
-0.016642 
-0.0143521 
-0.0117662 
-0.00894333 
-0.00596085 
-0.00291131 
0.000106311 
0.00300032 
0.00571556 
0.00821968 
0.0104855 
0.0125019 
0.0142658 
0.0157781 
0.0170409 
0.0180569 
0.0188313 
0.0193716 
0.0196884 
0.0197932 
0.0196967 
0.0194076 
0.0189311 
0.0182681 
0.017415 
0.0163622 
0.0150938 
0.0135812 
0.0117803 
0.00959891 
0.0068637 
0.0068637 
0.0326025 
0.0326025 
0.0282752 
0.0249951 
0.0221611 
0.0194997 
0.0168592 
0.0141294 
0.0112384 
0.00814304 
0.00483202 
0.00132434 
-0.00232905 
-0.00607171 
-0.00979964 
-0.0133761 
-0.0166806 
-0.0196051 
-0.0220676 
-0.0240174 
-0.0254428 
-0.0263747 
-0.0268828 
-0.0270629 
-0.027015 
-0.0268226 
-0.0265377 
-0.0261793 
-0.0257344 
-0.0251698 
-0.0244362 
-0.0234757 
-0.022219 
-0.0205848 
-0.0185537 
-0.0161394 
-0.0133813 
-0.0103436 
-0.00710967 
-0.00378081 
-0.000466607 
0.00270964 
0.00566588 
0.00835976 
0.0107563 
0.0128444 
0.0146288 
0.0161247 
0.0173512 
0.0183266 
0.019067 
0.0195864 
0.0198983 
0.0200153 
0.0199493 
0.0197099 
0.0193033 
0.0187308 
0.0179885 
0.0170645 
0.0159396 
0.0145796 
0.0129351 
0.0109048 
0.00830705 
0.00830705 
0.0351653 
0.0351653 
0.0308718 
0.0276129 
0.0247899 
0.0221199 
0.0194411 
0.0166298 
0.0136021 
0.010304 
0.00671977 
0.00287111 
-0.00116996 
-0.00533367 
-0.0095082 
-0.0135309 
-0.0172651 
-0.0205862 
-0.0233963 
-0.0256268 
-0.0272497 
-0.0282864 
-0.0288117 
-0.0289446 
-0.0288232 
-0.0285697 
-0.028262 
-0.027927 
-0.027543 
-0.0270607 
-0.0264107 
-0.0255131 
-0.0242764 
-0.0226124 
-0.0205033 
-0.0179645 
-0.0150385 
-0.011792 
-0.00831077 
-0.00470052 
-0.001078 
0.00241347 
0.00566182 
0.00860171 
0.0111819 
0.0133833 
0.0152136 
0.0166991 
0.0178767 
0.0187842 
0.0194553 
0.019917 
0.0201901 
0.0202911 
0.0202325 
0.0200237 
0.0196703 
0.0191727 
0.0185258 
0.0177156 
0.0167205 
0.0155014 
0.0140049 
0.0121205 
0.00965743 
0.00965743 
0.0376255 
0.0376255 
0.0333699 
0.0301436 
0.0273499 
0.0246944 
0.022004 
0.0191383 
0.015999 
0.0125184 
0.00867559 
0.00449562 
6.30464e-05 
-0.00452469 
-0.00913575 
-0.0135933 
-0.0177471 
-0.0214647 
-0.0246374 
-0.0271799 
-0.0290423 
-0.0302248 
-0.0307931 
-0.0308804 
-0.0306652 
-0.0303231 
-0.0299717 
-0.0296521 
-0.0293297 
-0.0289317 
-0.0283627 
-0.027517 
-0.0262873 
-0.0245857 
-0.0223989 
-0.0197447 
-0.0166679 
-0.013234 
-0.00952704 
-0.00565025 
-0.001723 
0.0020988 
0.00566887 
0.00889079 
0.0116941 
0.0140459 
0.0159514 
0.0174438 
0.0185748 
0.0194019 
0.0199791 
0.0203513 
0.020552 
0.0206053 
0.0205268 
0.0203261 
0.0200076 
0.0195694 
0.0190044 
0.0182957 
0.0174192 
0.0163311 
0.0149749 
0.0132306 
0.0108978 
0.0108978 
0.0398929 
0.0398929 
0.0356754 
0.0324885 
0.029738 
0.0271161 
0.0244386 
0.0215468 
0.0183264 
0.0146935 
0.0106195 
0.00613046 
0.00131755 
-0.00367635 
-0.0086881 
-0.0135374 
-0.0180662 
-0.022146 
-0.0256674 
-0.0285345 
-0.0306745 
-0.0320558 
-0.0327164 
-0.0327838 
-0.0324696 
-0.0320147 
-0.0315965 
-0.0312808 
-0.0310155 
-0.0306958 
-0.0301937 
-0.0293783 
-0.028138 
-0.0263925 
-0.0241366 
-0.0213884 
-0.0181936 
-0.0146127 
-0.0107229 
-0.00661944 
-0.00242083 
0.00171579 
0.00561406 
0.00913812 
0.0121939 
0.0147279 
0.0167385 
0.0182615 
0.0193605 
0.0201104 
0.0205854 
0.0208498 
0.0209537 
0.0209323 
0.020808 
0.0205925 
0.0202897 
0.0198953 
0.0193993 
0.0187811 
0.0180137 
0.0170482 
0.0158247 
0.0142135 
0.0120048 
0.0120048 
0.041865 
0.041865 
0.0376818 
0.0345347 
0.0318342 
0.0292584 
0.0266136 
0.0237228 
0.0204559 
0.016711 
0.0124485 
0.00769058 
0.00253637 
-0.00282341 
-0.00818031 
-0.0133478 
-0.0181727 
-0.022544 
-0.0263645 
-0.0295385 
-0.0319755 
-0.0336083 
-0.0344291 
-0.034532 
-0.0341385 
-0.033558 
-0.0330499 
-0.0327234 
-0.0325047 
-0.0322471 
-0.0317878 
-0.0309755 
-0.029707 
-0.0279174 
-0.0256086 
-0.0227986 
-0.01953 
-0.0158553 
-0.0118406 
-0.00756805 
-0.00314949 
0.00126583 
0.00547498 
0.00929675 
0.0126092 
0.015336 
0.0174669 
0.0190383 
0.0201223 
0.020808 
0.0211869 
0.0213417 
0.0213391 
0.0212279 
0.0210398 
0.0207912 
0.0204873 
0.0201223 
0.0196833 
0.0191454 
0.0184782 
0.0176269 
0.0165284 
0.0150423 
0.0129494 
0.0129494 
0.0434311 
0.0434311 
0.0392753 
0.036161 
0.0335102 
0.0309853 
0.0283879 
0.0255244 
0.0222514 
0.0184471 
0.0140547 
0.00908624 
0.00364535 
-0.0020188 
-0.00763995 
-0.0130225 
-0.0180352 
-0.022596 
-0.0266316 
-0.0300586 
-0.0327798 
-0.0346969 
-0.0357493 
-0.0359682 
-0.0355467 
-0.0348475 
-0.0342313 
-0.033877 
-0.0336883 
-0.033468 
-0.0330211 
-0.0321871 
-0.0308761 
-0.0290524 
-0.0267208 
-0.0238894 
-0.0205982 
-0.0168893 
-0.0128167 
-0.00844615 
-0.0038785 
0.000755265 
0.00523165 
0.00932203 
0.0128717 
0.0157807 
0.0180297 
0.0196554 
0.0207373 
0.0213754 
0.0216745 
0.0217321 
0.0216294 
0.0214284 
0.0211708 
0.0208799 
0.0205641 
0.0202176 
0.0198256 
0.0193588 
0.0187835 
0.0180379 
0.0170557 
0.0156848 
0.0136982 
0.0136982 
0.0444759 
0.0444759 
0.0403424 
0.0372479 
0.0346387 
0.0321607 
0.0296164 
0.0268002 
0.0235604 
0.0197576 
0.0153166 
0.0102294 
0.00459622 
-0.00128938 
-0.00707487 
-0.0125496 
-0.0176284 
-0.0222628 
-0.0264088 
-0.0300042 
-0.0329584 
-0.0351558 
-0.0364906 
-0.0369144 
-0.0365459 
-0.0357621 
-0.0350297 
-0.0346303 
-0.0344507 
-0.0342379 
-0.033773 
-0.0329005 
-0.0315521 
-0.0297071 
-0.0273733 
-0.0245653 
-0.0213074 
-0.0176303 
-0.0135763 
-0.00919805 
-0.00457213 
0.000190793 
0.00487984 
0.00920434 
0.0129499 
0.0160026 
0.0183401 
0.0200063 
0.0210874 
0.0216915 
0.0219315 
0.0219142 
0.0217314 
0.0214552 
0.0211365 
0.0208059 
0.0204763 
0.0201433 
0.0197915 
0.0193884 
0.0188966 
0.0182478 
0.0173724 
0.0161051 
0.0142136 
0.0142136 
0.0448847 
0.0448847 
0.0407752 
0.0376828 
0.0351031 
0.0326637 
0.0301738 
0.0274233 
0.0242593 
0.0205371 
0.0161576 
0.0110671 
0.00530948 
-0.000697752 
-0.00648524 
-0.011912 
-0.0169345 
-0.0215303 
-0.0256786 
-0.0293409 
-0.0324437 
-0.034872 
-0.0364963 
-0.0371948 
-0.0369761 
-0.0361708 
-0.0353299 
-0.0348709 
-0.0346788 
-0.034444 
-0.0339374 
-0.0330207 
-0.0316479 
-0.0298096 
-0.0275119 
-0.0247633 
-0.0215815 
-0.0179888 
-0.0140149 
-0.0097024 
-0.00511607 
-0.000350146 
0.00441888 
0.00888447 
0.012764 
0.015914 
0.0183031 
0.0199877 
0.0210637 
0.0216455 
0.0218498 
0.0217868 
0.0215533 
0.0212275 
0.0208676 
0.0205104 
0.0201737 
0.0198562 
0.0195427 
0.019198 
0.0187823 
0.0182204 
0.0174405 
0.0162629 
0.0144575 
0.0144575 
0.0445299 
0.0445299 
0.0404913 
0.0373864 
0.0348165 
0.0324035 
0.0299557 
0.0272698 
0.0241888 
0.0205738 
0.0163119 
0.0113628 
0.00581261 
-3.0124e-05 
-0.00571927 
-0.0110154 
-0.0159019 
-0.0203792 
-0.0244444 
-0.0280798 
-0.0312361 
-0.0338094 
-0.035674 
-0.0366669 
-0.0366834 
-0.0359417 
-0.03502 
-0.0344931 
-0.0342696 
-0.0339901 
-0.0334296 
-0.0324744 
-0.0310966 
-0.0292912 
-0.0270606 
-0.0244106 
-0.0213525 
-0.0179016 
-0.0140777 
-0.00991018 
-0.00544606 
-0.000767933 
0.00395046 
0.00838206 
0.0122444 
0.0153977 
0.017794 
0.0194817 
0.0205568 
0.021135 
0.0213328 
0.0212596 
0.0210124 
0.020672 
0.0203001 
0.0199382 
0.0196087 
0.0193135 
0.0190386 
0.0187487 
0.0184011 
0.0179162 
0.0172193 
0.016118 
0.0143918 
0.0143918 
0.0433118 
0.0433118 
0.0393988 
0.0362858 
0.0337151 
0.0313276 
0.0289243 
0.0263145 
0.023341 
0.0198739 
0.0158086 
0.0111298 
0.00595349 
0.000534191 
-0.00481924 
-0.00986636 
-0.0145369 
-0.0188236 
-0.0227305 
-0.0262517 
-0.0293557 
-0.0319738 
-0.033992 
-0.0352464 
-0.0355427 
-0.0349534 
-0.0339992 
-0.033405 
-0.033138 
-0.0328018 
-0.0321882 
-0.03121 
-0.029851 
-0.0281057 
-0.0259727 
-0.0234542 
-0.0205578 
-0.0172943 
-0.0136772 
-0.0097272 
-0.00548243 
-0.00102248 
0.00346999 
0.00768621 
0.0113818 
0.01443 
0.0167732 
0.0184408 
0.0195157 
0.0201063 
0.0203239 
0.0202735 
0.0200491 
0.01973 
0.0193786 
0.0190388 
0.0187354 
0.0184734 
0.0182401 
0.0180016 
0.0177122 
0.0172916 
0.0166587 
0.0156199 
0.013992 
0.013992 
0.0411361 
0.0411361 
0.0374236 
0.0343361 
0.0317724 
0.0294231 
0.0270825 
0.0245752 
0.0217515 
0.018496 
0.014729 
0.0104563 
0.0057929 
0.000938162 
-0.00390402 
-0.00854564 
-0.0128894 
-0.0169037 
-0.0205827 
-0.0239214 
-0.0268969 
-0.0294544 
-0.0315017 
-0.0328985 
-0.0334643 
-0.0331035 
-0.0321832 
-0.0315349 
-0.0312211 
-0.0308296 
-0.0301763 
-0.0291987 
-0.027886 
-0.0262306 
-0.0242271 
-0.0218755 
-0.0191804 
-0.0161505 
-0.0127978 
-0.00914357 
-0.00523131 
-0.00114891 
0.00293728 
0.00678462 
0.0101915 
0.0130361 
0.0152579 
0.0168692 
0.0179339 
0.0185444 
0.0188012 
0.0188007 
0.0186304 
0.0183651 
0.018065 
0.0177732 
0.0175153 
0.0172979 
0.0171096 
0.0169185 
0.016677 
0.0163071 
0.0157201 
0.0147358 
0.0132271 
0.0132271 
0.037913 
0.037913 
0.034493 
0.0315021 
0.0289846 
0.0267077 
0.0244711 
0.0221153 
0.0195053 
0.0165436 
0.0131736 
0.00940994 
0.00534444 
0.00112669 
-0.00309697 
-0.00719318 
-0.011076 
-0.0147042 
-0.0180593 
-0.0211285 
-0.0238896 
-0.0262989 
-0.0282808 
-0.0297175 
-0.0304424 
-0.0303189 
-0.0295089 
-0.0288354 
-0.0284818 
-0.0280501 
-0.0273817 
-0.0264363 
-0.0252039 
-0.0236745 
-0.0218401 
-0.0196989 
-0.0172548 
-0.0145171 
-0.0115017 
-0.00823624 
-0.00477045 
-0.00118879 
0.00237628 
0.00574715 
0.00876259 
0.0113127 
0.01334 
0.0148441 
0.0158699 
0.0164905 
0.01679 
0.0168524 
0.0167551 
0.0165657 
0.0163388 
0.0161142 
0.0159161 
0.0157511 
0.0156087 
0.0154591 
0.0152545 
0.0149215 
0.014367 
0.01344 
0.0120779 
0.0120779 
0.0335771 
0.0335771 
0.0305565 
0.0277764 
0.0253887 
0.0232488 
0.0211821 
0.0190479 
0.0167299 
0.0141483 
0.0112624 
0.00808614 
0.00468607 
0.00116822 
-0.00237082 
-0.0058394 
-0.00916643 
-0.0123086 
-0.0152409 
-0.0179453 
-0.0203989 
-0.0225636 
-0.0243784 
-0.0257492 
-0.026537 
-0.0265921 
-0.025944 
-0.0252873 
-0.0249119 
-0.0244671 
-0.0238182 
-0.0229438 
-0.0218329 
-0.0204745 
-0.0188592 
-0.0169847 
-0.0148551 
-0.0124815 
-0.00988307 
-0.00709093 
-0.00415437 
-0.00114676 
0.0018311 
0.00465357 
0.00719943 
0.00937875 
0.0111417 
0.0124808 
0.0134251 
0.0140284 
0.0143562 
0.0144771 
0.0144557 
0.0143489 
0.0142034 
0.0140535 
0.0139198 
0.0138077 
0.013707 
0.0135906 
0.0134126 
0.0131063 
0.0125825 
0.01173 
0.0105452 
0.0105452 
0.0280515 
0.0280515 
0.0255423 
0.0231203 
0.0209902 
0.0190865 
0.0172775 
0.0154476 
0.0135026 
0.011378 
0.00904302 
0.0065054 
0.00380805 
0.00101933 
-0.00179144 
-0.0045611 
-0.00723966 
-0.00979313 
-0.0121983 
-0.0144356 
-0.0164821 
-0.0183048 
-0.0198542 
-0.0210584 
-0.0218071 
-0.0219686 
-0.021494 
-0.0209019 
-0.0205344 
-0.0201125 
-0.0195258 
-0.0187671 
-0.0178252 
-0.0166894 
-0.0153505 
-0.0138063 
-0.0120611 
-0.0101265 
-0.00802176 
-0.00577606 
-0.00343171 
-0.00104618 
0.00130784 
0.0035426 
0.00557031 
0.00732417 
0.00876529 
0.00988431 
0.0106987 
0.0112454 
0.0115721 
0.0117305 
0.0117704 
0.0117362 
0.0116648 
0.0115831 
0.011507 
0.0114401 
0.0113727 
0.0112805 
0.011123 
0.0108429 
0.0103652 
0.00962006 
0.00864563 
0.00864563 
0.0213672 
0.0213672 
0.0194785 
0.0175807 
