0 
0.000104987 
0.000927183 
0.00223657 
0.00303836 
0.00352911 
0.00379585 
0.00391073 
0.00392238 
0.00386363 
0.00375541 
0.00361022 
0.00343477 
0.00323208 
0.00300307 
0.0027477 
0.00246588 
0.00215801 
0.00182537 
0.0014704 
0.00109688 
0.00071021 
0.000317997 
-6.73071e-05 
-0.000435649 
-0.000784856 
-0.00111243 
-0.00141329 
-0.00168218 
-0.00191409 
-0.00210421 
-0.00224841 
-0.00234366 
-0.00238839 
-0.00238289 
-0.00233001 
-0.00223605 
-0.00211193 
-0.00197416 
-0.00184436 
-0.00174473 
-0.00168834 
-0.00166846 
-0.00165678 
-0.00161734 
-0.00152808 
-0.00139172 
-0.00122825 
-0.00105929 
-0.000898473 
-0.000750767 
-0.000615956 
-0.000491932 
-0.000376527 
-0.000268051 
-0.000165363 
-6.80827e-05 
2.35961e-05 
0.000110103 
0.000190359 
0.000261977 
0.000322851 
0.000371057 
0.000404621 
0.000422112 
0 
-0.000104987 
-0.000104987 
-0.000927183 
-0.00223657 
-0.00303836 
-0.00352911 
-0.00379585 
-0.00391073 
-0.00392238 
-0.00386363 
-0.00375541 
-0.00361022 
-0.00343477 
-0.00323208 
-0.00300307 
-0.0027477 
-0.00246588 
-0.00215801 
-0.00182537 
-0.0014704 
-0.00109688 
-0.00071021 
-0.000317997 
6.73071e-05 
0.000435649 
0.000784856 
0.00111243 
0.00141329 
0.00168218 
0.00191409 
0.00210421 
0.00224841 
0.00234366 
0.00238839 
0.00238289 
0.00233001 
0.00223605 
0.00211193 
0.00197416 
0.00184436 
0.00174473 
0.00168834 
0.00166846 
0.00165678 
0.00161734 
0.00152808 
0.00139172 
0.00122825 
0.00105929 
0.000898473 
0.000750767 
0.000615956 
0.000491932 
0.000376527 
0.000268051 
0.000165363 
6.80827e-05 
-2.35961e-05 
-0.000110103 
-0.000190359 
-0.000261977 
-0.000322851 
-0.000371057 
-0.000404621 
-0.000422112 
-0.000422112 
-0.000738129 
-0.000738129 
-0.00436151 
-0.00707927 
-0.00891048 
-0.0100452 
-0.0106693 
-0.0109341 
-0.0109515 
-0.0108002 
-0.0105312 
-0.0101743 
-0.00974432 
-0.00924612 
-0.00867894 
-0.00803951 
-0.0073244 
-0.00653168 
-0.00566201 
-0.0047193 
-0.00371122 
-0.00264951 
-0.0015505 
-0.000436894 
0.000665373 
0.00173841 
0.00276694 
0.0037315 
0.0046116 
0.00538853 
0.00604515 
0.00656654 
0.00694132 
0.00716312 
0.00723192 
0.00715564 
0.0069523 
0.00665266 
0.00630223 
0.00595958 
0.00568441 
0.00551195 
0.00542483 
0.00534958 
0.00519531 
0.0049101 
0.00450641 
0.00403792 
0.00355931 
0.00310374 
0.00268296 
0.00229637 
0.00193877 
0.0016043 
0.00128792 
0.000986275 
0.000697732 
0.000422742 
0.000163524 
-7.55473e-05 
-0.000288648 
-0.000470044 
-0.000614149 
-0.000714684 
-0.000767107 
-0.000767107 
-0.00518263 
-0.00518263 
-0.00903171 
-0.0123016 
-0.014701 
-0.0162354 
-0.0170846 
-0.0174322 
-0.0174315 
-0.0171946 
-0.0167937 
-0.0162696 
-0.01564 
-0.0149076 
-0.0140666 
-0.0131084 
-0.0120245 
-0.0108095 
-0.00946265 
-0.00798879 
-0.00639895 
-0.00471034 
-0.00294576 
-0.00113318 
0.000691746 
0.00249059 
0.00422961 
0.00587512 
0.00739207 
0.00874736 
0.00991089 
0.0108561 
0.011562 
0.0120157 
0.0122149 
0.0121709 
0.0119112 
0.011483 
0.0109558 
0.010418 
0.00995922 
0.00963248 
0.00941249 
0.00919289 
0.00884698 
0.00831059 
0.0076126 
0.00683503 
0.00605486 
0.00531583 
0.00463166 
0.00399981 
0.00341192 
0.00285916 
0.00233417 
0.001832 
0.00135013 
0.000889099 
0.000451948 
4.50378e-05 
-0.000321281 
-0.000634297 
-0.000883759 
-0.00105829 
-0.0011496 
-0.0011496 
-0.010093 
-0.010093 
-0.0141201 
-0.0177257 
-0.0203869 
-0.0220627 
-0.0229487 
-0.0232622 
-0.0231873 
-0.0228554 
-0.0223474 
-0.0217031 
-0.0209341 
-0.020034 
-0.0189876 
-0.0177774 
-0.0163882 
-0.0148105 
-0.0130417 
-0.0110883 
-0.00896539 
-0.00669711 
-0.00431515 
-0.00185657 
0.000633009 
0.00310191 
0.0055023 
0.00778905 
0.00991649 
0.0118393 
0.0135146 
0.0149034 
0.0159731 
0.0167013 
0.0170803 
0.0171209 
0.0168566 
0.0163475 
0.0156825 
0.0149744 
0.0143364 
0.0138335 
0.0134312 
0.0129993 
0.0123945 
0.0115599 
0.0105486 
0.00946628 
0.00840153 
0.00739984 
0.00647214 
0.005612 
0.00480741 
0.00404629 
0.00331867 
0.00261802 
0.00194117 
0.00129044 
0.000670732 
9.20533e-05 
-0.000430989 
-0.000882544 
-0.00124584 
-0.00150164 
-0.00163609 
-0.00163609 
-0.0153353 
-0.0153353 
-0.0195066 
-0.0231872 
-0.0258161 
-0.0273952 
-0.0281614 
-0.0283603 
-0.028192 
-0.0277904 
-0.0272289 
-0.0265343 
-0.0257026 
-0.0247121 
-0.0235343 
-0.0221411 
-0.0205099 
-0.0186264 
-0.0164872 
-0.0141001 
-0.0114855 
-0.0086758 
-0.00571367 
-0.00264934 
0.000460374 
0.00355354 
0.00657026 
0.00945486 
0.0121534 
0.0146126 
0.016781 
0.0186097 
0.0200556 
0.0210862 
0.0216856 
0.0218607 
0.0216467 
0.0211121 
0.0203604 
0.0195234 
0.0187305 
0.0180501 
0.0174358 
0.0167422 
0.0158298 
0.0146676 
0.0133394 
0.0119672 
0.0106413 
0.00940153 
0.00825236 
0.00718241 
0.00617589 
0.00521792 
0.00429636 
0.00340321 
0.00253452 
0.00169102 
0.000879814 
0.000113029 
-0.000590941 
-0.00120357 
-0.00169968 
-0.00205217 
-0.00223993 
-0.00223993 
-0.0203098 
-0.0203098 
-0.0246654 
-0.0282949 
-0.0307215 
-0.032066 
-0.032629 
-0.0326838 
-0.0324356 
-0.0320068 
-0.0314509 
-0.0307719 
-0.0299438 
-0.0289262 
-0.0276758 
-0.0261536 
-0.0243298 
-0.022186 
-0.0197173 
-0.0169335 
-0.0138599 
-0.0105377 
-0.00702244 
-0.00338037 
0.000314944 
0.00398736 
0.00756625 
0.0109884 
0.0141958 
0.0171324 
0.0197433 
0.0219744 
0.0237751 
0.0251037 
0.0259355 
0.0262709 
0.0261433 
0.0256254 
0.0248313 
0.0239059 
0.0229863 
0.0221347 
0.0212884 
0.0202978 
0.0190476 
0.0175487 
0.0159164 
0.0142807 
0.0127239 
0.0112748 
0.00992956 
0.00867105 
0.00747942 
0.00633627 
0.00522688 
0.00414091 
0.00307262 
0.00202687 
0.00100809 
3.4941e-05 
-0.000864307 
-0.00165797 
-0.00230974 
-0.00277963 
-0.00303488 
-0.00303488 
-0.0249305 
-0.0249305 
-0.029433 
-0.0328818 
-0.0349834 
-0.0360179 
-0.0363485 
-0.0362678 
-0.0359735 
-0.0355655 
-0.0350683 
-0.0344576 
-0.0336833 
-0.0326863 
-0.0314091 
-0.0298029 
-0.0278313 
-0.0254719 
-0.022718 
-0.0195797 
-0.016086 
-0.0122868 
-0.00825088 
-0.00406232 
0.000186826 
0.00440444 
0.00850506 
0.0124166 
0.0160779 
0.0194336 
0.0224299 
0.0250124 
0.0271274 
0.0287276 
0.0297808 
0.0302808 
0.0302574 
0.0297854 
0.0289856 
0.0280097 
0.0269921 
0.0259774 
0.0248855 
0.0235773 
0.0219825 
0.0201634 
0.0182612 
0.0164024 
0.0146541 
0.0130308 
0.0115197 
0.0100979 
0.0087417 
0.00742971 
0.00614392 
0.00487312 
0.00360909 
0.00234948 
0.00110512 
-0.00010001 
-0.0012299 
-0.00224172 
-0.00308776 
-0.00370977 
-0.00405665 
-0.00405665 
-0.0289777 
-0.0289777 
-0.0335902 
-0.036783 
-0.0385123 
-0.0392291 
-0.0393424 
-0.0391561 
-0.0388519 
-0.0385007 
-0.0380951 
-0.0375823 
-0.0368899 
-0.0359423 
-0.0346701 
-0.0330157 
-0.0309364 
-0.0284057 
-0.0254136 
-0.0219683 
-0.0180999 
-0.0138644 
-0.00934356 
-0.00463963 
0.000133284 
0.00485849 
0.0094324 
0.0137758 
0.017828 
0.0215379 
0.0248563 
0.0277318 
0.0301106 
0.0319425 
0.0331901 
0.0338419 
0.0339249 
0.0335147 
0.0327362 
0.0317401 
0.0306455 
0.0294697 
0.0281204 
0.0264887 
0.0245668 
0.022468 
0.0203469 
0.0183153 
0.0164197 
0.0146601 
0.0130152 
0.011457 
0.00995817 
0.00849275 
0.00704151 
0.00558545 
0.00410977 
0.00261795 
0.0011268 
-0.000332653 
-0.00172679 
-0.00300351 
-0.00409613 
-0.00492065 
-0.00539634 
-0.00539634 
-0.0323763 
-0.0323763 
-0.0370472 
-0.0399417 
-0.0413011 
-0.0417296 
-0.0416583 
-0.0413977 
-0.0411079 
-0.0408301 
-0.0405265 
-0.0401199 
-0.0395198 
-0.0386373 
-0.037393 
-0.0357211 
-0.0335733 
-0.0309182 
-0.0277415 
-0.0240469 
-0.0198621 
-0.0152464 
-0.0102932 
-0.00512151 
0.000132296 
0.00532135 
0.010318 
0.0150363 
0.019419 
0.0234219 
0.0270027 
0.0301149 
0.0327067 
0.0347267 
0.0361349 
0.0369168 
0.0370987 
0.0367579 
0.0360194 
0.0350235 
0.0338605 
0.0325167 
0.0309021 
0.0289612 
0.0267566 
0.0244415 
0.0221667 
0.0200201 
0.0180261 
0.0161717 
0.0144288 
0.012765 
0.0111494 
0.00955271 
0.00794827 
0.00630667 
0.00461879 
0.00289176 
0.00113621 
-0.000620029 
-0.00233551 
-0.00394672 
-0.00536468 
-0.00647039 
-0.00713567 
-0.00713567 
-0.0350631 
-0.0350631 
-0.0397454 
-0.0423397 
-0.0433714 
-0.0435607 
-0.0433416 
-0.0430297 
-0.0427617 
-0.042554 
-0.0423435 
-0.0420345 
-0.0415232 
-0.0407108 
-0.039509 
-0.0378447 
-0.0356634 
-0.0329288 
-0.0296221 
-0.0257411 
-0.0213073 
-0.0163801 
-0.0110615 
-0.00548291 
0.000194515 
0.00578193 
0.0111287 
0.0161503 
0.0207977 
0.0250347 
0.0288246 
0.0321244 
0.0348836 
0.0370508 
0.0385856 
0.039474 
0.0397441 
0.0394755 
0.0387883 
0.0377995 
0.0365609 
0.0350347 
0.0331583 
0.0309482 
0.0285319 
0.0260805 
0.0237244 
0.0215229 
0.0194804 
0.017574 
0.0157704 
0.0140341 
0.0123299 
0.0106222 
0.00886961 
0.00704888 
0.00515182 
0.00317467 
0.00112601 
-0.000967711 
-0.00306866 
-0.00510377 
-0.00695669 
-0.00846029 
-0.00941056 
-0.00941056 
-0.0370301 
-0.0370301 
-0.0416813 
-0.0440027 
-0.0447699 
-0.044772 
-0.0444369 
-0.0440841 
-0.0438301 
-0.0436734 
-0.0435329 
-0.043301 
-0.042865 
-0.0421186 
-0.0409662 
-0.0393277 
-0.037142 
-0.0343676 
-0.0309823 
-0.0269794 
-0.0223727 
-0.0172171 
-0.0116207 
-0.00572128 
0.000292548 
0.00618336 
0.0117886 
0.0170366 
0.0218877 
0.0263092 
0.0302655 
0.0337134 
0.0366024 
0.0388818 
0.0405133 
0.041487 
0.041836 
0.0416404 
0.0410057 
0.0400137 
0.0386772 
0.0369565 
0.0348447 
0.0324355 
0.0298994 
0.0273999 
0.0250359 
0.0228387 
0.0207975 
0.0188829 
0.0170584 
0.0152856 
0.0135235 
0.0117236 
0.00984693 
0.00786835 
0.00576897 
0.00353533 
0.00116696 
-0.00131908 
-0.00389414 
-0.00647861 
-0.0089231 
-0.0109935 
-0.0123696 
-0.0123696 
-0.0382942 
-0.0382942 
-0.0428806 
-0.0449777 
-0.0455512 
-0.0454138 
-0.0449876 
-0.044593 
-0.044334 
-0.0441994 
-0.0440977 
-0.0439151 
-0.0435336 
-0.0428419 
-0.0417384 
-0.0401362 
-0.0379674 
-0.0351842 
-0.0317631 
-0.0276967 
-0.0229936 
-0.0176995 
-0.011922 
-0.00581255 
0.000396587 
0.00645183 
0.0122171 
0.017626 
0.0226338 
0.0272011 
0.0312881 
0.0348494 
0.0378345 
0.040195 
0.0418979 
0.0429402 
0.0433605 
0.0432329 
0.0426368 
0.0416127 
0.0401506 
0.0382421 
0.0359544 
0.0334432 
0.0308898 
0.0284291 
0.0261252 
0.0239874 
0.0219954 
0.0201162 
0.0183118 
0.0165405 
0.0147501 
0.0128903 
0.0109203 
0.00880504 
0.00651271 
0.00401539 
0.00129952 
-0.00163981 
-0.00480345 
-0.00810684 
-0.0113496 
-0.0141982 
-0.0161711 
-0.0161711 
-0.0388936 
-0.0388936 
-0.0433953 
-0.0453284 
-0.0457762 
-0.0455393 
-0.0450394 
-0.0445948 
-0.0443062 
-0.0441601 
-0.0440626 
-0.0438978 
-0.0435463 
-0.0428937 
-0.0418348 
-0.0402771 
-0.0381453 
-0.0353833 
-0.0319667 
-0.0278905 
-0.0231677 
-0.0178396 
-0.012005 
-0.0058317 
0.000425792 
0.00654026 
0.0123909 
0.0179018 
0.0230169 
0.0276878 
0.0318679 
0.0355083 
0.0385581 
0.0409732 
0.0427276 
0.0438267 
0.0443094 
0.0442335 
0.0436432 
0.0425472 
0.0409463 
0.0388928 
0.0365235 
0.0340224 
0.0315508 
0.0292055 
0.027021 
0.0249922 
0.0230944 
0.0212941 
0.0195531 
0.0178214 
0.0160425 
0.014165 
0.0121414 
0.00992255 
0.00745881 
0.00469968 
0.00160237 
-0.00188678 
-0.00581159 
-0.01006 
-0.0143346 
-0.0181618 
-0.0208745 
-0.0208745 
-0.0388812 
-0.0388812 
-0.0432785 
-0.0451121 
-0.0454967 
-0.0451984 
-0.0446414 
-0.0441373 
-0.0437938 
-0.0436018 
-0.043472 
-0.0432906 
-0.0429387 
-0.0423015 
-0.0412719 
-0.0397537 
-0.0376676 
-0.0349553 
-0.0315856 
-0.0275545 
-0.0228861 
-0.017635 
-0.0118972 
-0.00581942 
0.000381657 
0.00648666 
0.0123592 
0.0179151 
0.0230868 
0.0278106 
0.0320343 
0.0357099 
0.0387878 
0.0412288 
0.0430146 
0.0441538 
0.0446767 
0.0446151 
0.0439829 
0.0427873 
0.0410734 
0.0389606 
0.0366257 
0.0342437 
0.0319379 
0.0297695 
0.0277532 
0.0258765 
0.0241149 
0.0224383 
0.0208025 
0.0191529 
0.017433 
0.0155882 
0.0135592 
0.0112785 
0.0086695 
0.005641 
0.00209058 
-0.0021139 
-0.00704054 
-0.0124737 
-0.0179553 
-0.0228601 
-0.0263628 
-0.0263628 
-0.0382915 
-0.0382915 
-0.0426231 
-0.0444162 
-0.0447834 
-0.0444515 
-0.0438447 
-0.0432709 
-0.0428505 
-0.0425843 
-0.0423922 
-0.0421653 
-0.0417883 
-0.0411488 
-0.0401408 
-0.0386675 
-0.0366468 
-0.0340166 
-0.0307421 
-0.0268181 
-0.0222714 
-0.0171649 
-0.0115976 
-0.00570835 
0.000326201 
0.00632159 
0.0121295 
0.0176533 
0.0228118 
0.0275346 
0.0317586 
0.0354328 
0.0385107 
0.0409575 
0.0427579 
0.0439152 
0.0444422 
0.044348 
0.043641 
0.0423571 
0.0406038 
0.0385457 
0.0363588 
0.0341841 
0.0321059 
0.0301593 
0.028349 
0.0266623 
0.0250793 
0.0235666 
0.0220773 
0.0205578 
0.0189522 
0.0171991 
0.0152236 
0.0129305 
0.0101951 
0.00684805 
0.00268783 
-0.0024879 
-0.00867066 
-0.0154374 
-0.0221582 
-0.0281064 
-0.0323613 
-0.0323613 
-0.0371863 
-0.0371863 
-0.0414937 
-0.0432977 
-0.0436888 
-0.0433533 
-0.0427096 
-0.0420631 
-0.0415499 
-0.0411857 
-0.0409038 
-0.0406034 
-0.0401749 
-0.039511 
-0.0385097 
-0.037077 
-0.0351318 
-0.0326111 
-0.0294769 
-0.0257208 
-0.0213676 
-0.0164775 
-0.0111439 
-0.00549514 
0.000313838 
0.00612069 
0.011784 
0.0171985 
0.0222727 
0.0269279 
0.0310959 
0.0347222 
0.0377613 
0.0401793 
0.0419572 
0.0430873 
0.0435684 
0.0434067 
0.0426342 
0.0413365 
0.0396594 
0.0377713 
0.0358217 
0.0339135 
0.0321018 
0.030408 
0.0288349 
0.0273728 
0.0260022 
0.0246894 
0.0233898 
0.0220531 
0.0206224 
0.0190262 
0.017166 
0.0148975 
0.0120066 
0.00820294 
0.00318501 
-0.00322661 
-0.0108055 
-0.0188901 
-0.0267504 
-0.0336316 
-0.0385686 
-0.0385686 
-0.0356262 
-0.0356262 
-0.0399522 
-0.0418138 
-0.0422686 
-0.0419619 
-0.0413 
-0.0405858 
-0.0399725 
-0.0394951 
-0.0391033 
-0.0387075 
-0.038206 
-0.0374981 
-0.0364883 
-0.0350885 
-0.033221 
-0.0308245 
-0.0278594 
-0.0243137 
-0.0202066 
-0.015591 
-0.0105513 
-0.00520183 
0.000321959 
0.00587588 
0.0113251 
0.01656 
0.0214833 
0.026011 
0.0300704 
0.033603 
0.0365609 
0.0389072 
0.0406167 
0.0416756 
0.0420842 
0.0418674 
0.0410935 
0.0398824 
0.0383871 
0.0367546 
0.0350981 
0.0334888 
0.0319653 
0.030545 
0.0292316 
0.0280185 
0.0268886 
0.0258105 
0.0247448 
0.023645 
0.0224515 
0.0210768 
0.0193805 
0.0171306 
0.0139777 
0.00950082 
0.0033735 
-0.00442274 
-0.0133695 
-0.022641 
-0.0314913 
-0.0391816 
-0.0447317 
-0.0447317 
-0.0336688 
-0.0336688 
-0.0380523 
-0.0400137 
-0.0405718 
-0.0403304 
-0.0396774 
-0.0389113 
-0.0382014 
-0.0376049 
-0.0370918 
-0.0365861 
-0.0359955 
-0.0352274 
-0.034194 
-0.0328147 
-0.0310186 
-0.028748 
-0.0259644 
-0.0226527 
-0.0188258 
-0.0145265 
-0.00982693 
-0.00482583 
0.000359338 
0.00560143 
0.0107738 
0.0157645 
0.0204735 
0.024813 
0.0287073 
0.0320938 
0.0349215 
0.0371505 
0.0387549 
0.0397257 
0.040079 
0.0398663 
0.0391818 
0.0381537 
0.0369173 
0.0355875 
0.034247 
0.0329484 
0.0317225 
0.0305868 
0.0295478 
0.0286027 
0.0277372 
0.0269256 
0.0261354 
0.0253237 
0.0244244 
0.0233215 
0.0218016 
0.0195022 
0.0159196 
0.0105533 
0.00316672 
-0.00600168 
-0.0161827 
-0.0264821 
-0.0361738 
-0.0445536 
-0.0506511 
-0.0506511 
-0.0313661 
-0.0313661 
-0.0358413 
-0.0379405 
-0.0386412 
-0.0385052 
-0.0378968 
-0.0371058 
-0.036315 
-0.0356048 
-0.0349688 
-0.0343479 
-0.0336607 
-0.0328231 
-0.0317554 
-0.0303856 
-0.0286503 
-0.0264983 
-0.0238938 
-0.0208211 
-0.0172878 
-0.0133274 
-0.00899893 
-0.00438445 
0.000417499 
0.00529794 
0.0101393 
0.0148288 
0.0192658 
0.0233611 
0.0270371 
0.0302293 
0.032886 
0.0349697 
0.0364611 
0.0373647 
0.0377155 
0.0375834 
0.0370689 
0.0362872 
0.0353465 
0.0343334 
0.0333105 
0.0323205 
0.0313922 
0.0305444 
0.0297874 
0.029122 
0.0285387 
0.0280197 
0.0275401 
0.0270587 
0.0264959 
0.0256867 
0.0243112 
0.0218518 
0.0176752 
0.0112855 
0.00262543 
-0.0077974 
-0.0190603 
-0.0302451 
-0.0406387 
-0.0495891 
-0.0561681 
-0.0561681 
-0.0287634 
-0.0287634 
-0.0333597 
-0.0356305 
-0.0365116 
-0.0365238 
-0.036003 
-0.0352251 
-0.0343812 
-0.0335744 
-0.0328242 
-0.0320917 
-0.0313092 
-0.0304011 
-0.0292958 
-0.0279289 
-0.0262457 
-0.0242016 
-0.0217658 
-0.0189236 
-0.0156797 
-0.0120601 
-0.00811236 
-0.00390314 
0.000487387 
0.00496863 
0.00943453 
0.0137752 
0.0178921 
0.0216971 
0.025114 
0.0280798 
0.0305468 
0.0324848 
0.0338855 
0.0347669 
0.0351761 
0.0351866 
0.0348896 
0.0343789 
0.0337379 
0.0330332 
0.0323156 
0.0316233 
0.030985 
0.0304216 
0.0299469 
0.0295657 
0.0292752 
0.0290663 
0.0289209 
0.0287966 
0.0285891 
0.0280631 
0.0267699 
0.0240418 
0.0191691 
0.0117331 
0.00188589 
-0.00964081 
-0.0218558 
-0.0338041 
-0.0447635 
-0.054163 
-0.061154 
-0.061154 
-0.0259001 
-0.0259001 
-0.0306427 
-0.033114 
-0.0342102 
-0.0344132 
-0.0340278 
-0.0333102 
-0.0324532 
-0.0315785 
-0.0307326 
-0.0299007 
-0.0290315 
-0.0280598 
-0.0269212 
-0.0255585 
-0.0239238 
-0.0219798 
-0.0197007 
-0.0170747 
-0.0141054 
-0.0108136 
-0.00723778 
-0.00343144 
0.000541439 
0.00460669 
0.00867131 
0.0126331 
0.0163995 
0.0198872 
0.0230248 
0.0257551 
0.0280377 
0.0298512 
0.0311972 
0.0321013 
0.0326124 
0.032797 
0.0327301 
0.0324853 
0.0321274 
0.0317103 
0.0312782 
0.0308667 
0.0305051 
0.0302164 
0.0300171 
0.029917 
0.0299206 
0.0300274 
0.0302245 
0.0304631 
0.0306036 
0.0303258 
0.0290501 
0.0259878 
0.0204056 
0.0119961 
0.00109855 
-0.011393 
-0.0244584 
-0.0370597 
-0.0484476 
-0.0581713 
-0.0655011 
-0.0655011 
-0.0228105 
-0.0228105 
-0.0277203 
-0.030416 
-0.0317569 
-0.0321905 
-0.0319897 
-0.0313863 
-0.0305662 
-0.0296637 
-0.0287502 
-0.0278378 
-0.0268961 
-0.0258727 
-0.024711 
-0.0233594 
-0.021776 
-0.0199288 
-0.0177971 
-0.0153718 
-0.0126569 
-0.00966996 
-0.00644277 
-0.00301899 
0.000550007 
0.00420362 
0.00786324 
0.0114387 
0.0148468 
0.0180128 
0.0208732 
0.0233787 
0.0254968 
0.0272139 
0.0285366 
0.0294915 
0.0301222 
0.0304836 
0.030635 
0.0306339 
0.0305327 
0.0303769 
0.0302061 
0.0300545 
0.0299516 
0.0299218 
0.0299843 
0.030154 
0.0304425 
0.0308564 
0.0313857 
0.0319702 
0.0324284 
0.0323534 
0.0310518 
0.0276517 
0.0214303 
0.012185 
0.000384978 
-0.0129549 
-0.0267806 
-0.0399211 
-0.0515978 
-0.0615223 
-0.0691158 
-0.0691158 
-0.0195255 
-0.0195255 
-0.0246199 
-0.0275579 
-0.0291668 
-0.0298644 
-0.0298945 
-0.0294615 
-0.0287365 
-0.0278569 
-0.026914 
-0.025947 
-0.0249503 
-0.0238888 
-0.0227157 
-0.0213852 
-0.0198592 
-0.0181101 
-0.0161204 
-0.0138836 
-0.0114041 
-0.00869722 
-0.00578971 
-0.00271766 
0.000476701 
0.00374312 
0.00701666 
0.0102214 
0.0132859 
0.0161461 
0.0187479 
0.0210505 
0.0230282 
0.024672 
0.0259896 
0.0270043 
0.0277515 
0.0282746 
0.0286202 
0.0288341 
0.0289598 
0.0290369 
0.0291015 
0.029186 
0.0293198 
0.029528 
0.0298324 
0.0302524 
0.0308051 
0.0315026 
0.0323344 
0.0332262 
0.0339545 
0.0340378 
0.0326973 
0.0290138 
0.0222873 
0.0123857 
-0.000163496 
-0.0142552 
-0.0287411 
-0.0422893 
-0.0541177 
-0.0641285 
-0.0719116 
-0.0719116 
-0.016074 
-0.016074 
-0.0213673 
-0.0245602 
-0.0264525 
-0.0274388 
-0.0277384 
-0.0275291 
-0.0269609 
-0.0261642 
-0.0252409 
-0.0242534 
-0.0232231 
-0.0221371 
-0.0209627 
-0.0196613 
-0.0181985 
-0.0165488 
-0.0146965 
-0.0126366 
-0.0103734 
-0.00792068 
-0.00530136 
-0.00254616 
0.000309042 
0.00322214 
0.00614171 
0.00900583 
0.0117555 
0.0143375 
0.0167072 
0.0188312 
0.0206891 
0.0222739 
0.0235922 
0.0246622 
0.0255115 
0.0261738 
0.0266859 
0.0270851 
0.0274081 
0.0276895 
0.0279626 
0.0282576 
0.0286031 
0.0290245 
0.0295452 
0.030188 
0.0309739 
0.0319171 
0.0330048 
0.0341478 
0.0350883 
0.0352914 
0.0339274 
0.0300574 
0.0230001 
0.0126453 
-0.00050159 
-0.0152457 
-0.0302516 
-0.0440453 
-0.0559018 
-0.0659044 
-0.0738089 
-0.0738089 
-0.0124847 
-0.0124847 
-0.0179889 
-0.0214442 
-0.0236275 
-0.0249163 
-0.0255126 
-0.0255712 
-0.0252189 
-0.0245706 
-0.0237268 
-0.0227644 
-0.0217292 
-0.0206341 
-0.019466 
-0.0181982 
-0.0168011 
-0.0152509 
-0.0135326 
-0.011641 
-0.00957943 
-0.00735986 
-0.0050015 
-0.0025301 
2.37976e-05 
0.00262454 
0.00523087 
0.0077935 
0.0102649 
0.0126019 
0.0147684 
0.0167373 
0.0184917 
0.0200257 
0.0213436 
0.022459 
0.0233929 
0.0241712 
0.0248235 
0.0253801 
0.0258725 
0.0263309 
0.0267855 
0.0272643 
0.0277946 
0.0284012 
0.0291084 
0.0299405 
0.0309197 
0.03206 
0.0333435 
0.0346682 
0.0357531 
0.0360358 
0.0346688 
0.0307181 
0.0235153 
0.0129303 
-0.000633792 
-0.0158923 
-0.0312059 
-0.0450572 
-0.0568457 
-0.0667749 
-0.0747422 
-0.0747422 
-0.00878713 
-0.00878713 
-0.0145124 
-0.0182341 
-0.0207093 
-0.0223038 
-0.0232095 
-0.0235654 
-0.0234777 
-0.0230412 
-0.0223442 
-0.0214656 
-0.0204669 
-0.0193851 
-0.0182316 
-0.0169971 
-0.0156618 
-0.014205 
-0.0126115 
-0.0108748 
-0.00899655 
-0.0069864 
-0.00486066 
-0.00264124 
-0.000354398 
0.00196955 
0.00429939 
0.00659685 
0.00882401 
0.0109464 
0.012935 
0.0147676 
0.0164301 
0.0179169 
0.0192302 
0.0203797 
0.0213809 
0.0222539 
0.0230222 
0.0237108 
0.0243466 
0.0249558 
0.0255656 
0.0262014 
0.0268887 
0.0276509 
0.0285124 
0.0294966 
0.0306245 
0.0319069 
0.0333202 
0.0347532 
0.035916 
0.0362445 
0.0349029 
0.0309823 
0.0238217 
0.0132631 
-0.000561857 
-0.016156 
-0.0314666 
-0.0451913 
-0.0568533 
-0.0666784 
-0.0746598 
-0.0746598 
-0.00501183 
-0.00501183 
-0.0109667 
-0.0149571 
-0.0177211 
-0.0196161 
-0.0208296 
-0.0214939 
-0.0217012 
-0.0215277 
-0.0210435 
-0.0203171 
-0.0194125 
-0.0183824 
-0.017261 
-0.016062 
-0.0147822 
-0.0134096 
-0.011931 
-0.0103382 
-0.00863039 
-0.00681362 
-0.00490028 
-0.00290769 
-0.00085707 
0.00122684 
0.00331801 
0.00538709 
0.00740415 
0.00934189 
0.0111771 
0.0128916 
0.0144736 
0.0159173 
0.0172235 
0.0183983 
0.0194533 
0.0204033 
0.0212676 
0.0220662 
0.0228223 
0.0235581 
0.0242983 
0.025065 
0.0258818 
0.0267704 
0.0277531 
0.0288512 
0.0300831 
0.0314545 
0.0329333 
0.0344004 
0.035563 
0.0358692 
0.0345149 
0.0306402 
0.0236189 
0.0133012 
-0.00039413 
-0.0158634 
-0.0308564 
-0.0443448 
-0.055863 
-0.0655805 
-0.0735444 
-0.0735444 
-0.00118922 
-0.00118922 
-0.00738051 
-0.0116422 
-0.0146919 
-0.0168786 
-0.0183886 
-0.0193542 
-0.0198634 
-0.0199809 
-0.0197601 
-0.0192524 
-0.0185112 
-0.0175902 
-0.016537 
-0.0153865 
-0.0141572 
-0.0128532 
-0.0114691 
-0.00999815 
-0.00843685 
-0.0067877 
-0.00505924 
-0.00326493 
-0.00142205 
0.000448754 
0.00232757 
0.00419422 
0.00602537 
0.00779962 
0.00949837 
0.0111068 
0.0126147 
0.0140163 
0.015311 
0.0165021 
0.0175979 
0.0186089 
0.0195507 
0.0204389 
0.0212939 
0.0221339 
0.0229809 
0.0238539 
0.0247741 
0.0257604 
0.0268334 
0.0280115 
0.0293061 
0.030716 
0.0322013 
0.0336376 
0.0347363 
0.0349726 
0.0335923 
0.0297974 
0.0229974 
0.0130337 
-0.000103943 
-0.0149664 
-0.0294627 
-0.0426039 
-0.0539223 
-0.0635172 
-0.0714476 
-0.0714476 
0.00265161 
0.00265161 
-0.00377788 
-0.00831653 
-0.0116532 
-0.014126 
-0.0159189 
-0.0171679 
-0.0179643 
-0.0183717 
-0.0184352 
-0.0181918 
-0.0176786 
-0.0169371 
-0.0160128 
-0.0149503 
-0.0137872 
-0.012548 
-0.0112445 
-0.00987824 
-0.00844735 
-0.00695116 
-0.00539305 
-0.0037808 
-0.00212581 
-0.000442581 
0.00125341 
0.002946 
0.0046179 
0.00625246 
0.00783501 
0.00935335 
0.0107985 
0.0121649 
0.0134503 
0.0146555 
0.0157859 
0.0168476 
0.0178538 
0.0188161 
0.0197525 
0.0206773 
0.0216107 
0.0225677 
0.0235677 
0.0246277 
0.0257643 
0.0269891 
0.0283085 
0.0297138 
0.0311572 
0.0325103 
0.0334943 
0.0336212 
0.0322012 
0.0285085 
0.0220032 
0.0125268 
0.000250333 
-0.0136384 
-0.0274145 
-0.0400771 
-0.0511277 
-0.0605749 
-0.0684535 
-0.0684535 
0.00649077 
0.00649077 
-0.000177514 
-0.00500051 
-0.00863313 
-0.0113963 
-0.0134667 
-0.0149817 
-0.0160395 
-0.0167109 
-0.0170441 
-0.0170721 
-0.0168207 
-0.0163161 
-0.0155893 
-0.0146783 
-0.0136243 
-0.0124664 
-0.0112349 
-0.00994859 
-0.00861551 
-0.00723768 
-0.00581605 
-0.00435384 
-0.00285764 
-0.00133717 
0.000195841 
0.00173035 
0.00325716 
0.00476389 
0.00623928 
0.0076732 
0.00905785 
0.0103873 
0.0116584 
0.0128693 
0.0140236 
0.0151229 
0.0161787 
0.0171986 
0.018199 
0.0191902 
0.0201903 
0.0212113 
0.0222718 
0.0233836 
0.0245577 
0.0258014 
0.027115 
0.028482 
0.0298475 
0.0310815 
0.0319204 
0.0319198 
0.0304658 
0.0269137 
0.0207863 
0.0119408 
0.000663785 
-0.0120618 
-0.024917 
-0.0369588 
-0.0476499 
-0.0569016 
-0.0646992 
-0.0646992 
0.0103292 
0.0103292 
0.00341122 
-0.00170519 
-0.00564956 
-0.00872118 
-0.0110799 
-0.0128585 
-0.0141584 
-0.01506 
-0.0156226 
-0.0158879 
-0.0158834 
-0.0156293 
-0.0151438 
-0.0144495 
-0.0135758 
-0.0125585 
-0.011436 
-0.0102423 
-0.00900263 
-0.00773109 
-0.00643333 
-0.00511066 
-0.00376393 
-0.0023956 
-0.00101009 
0.000386921 
0.00178874 
0.00318693 
0.0045735 
0.0059399 
0.00727905 
0.00858506 
0.00985336 
0.0110788 
0.0122621 
0.0133978 
0.0144982 
0.0155675 
0.0166212 
0.0176657 
0.0187186 
0.0197895 
0.0208937 
0.0220376 
0.0232287 
0.0244696 
0.0257549 
0.0270609 
0.0283273 
0.0294251 
0.0301102 
0.0299875 
0.0285232 
0.0251594 
0.0194867 
0.0113863 
0.00118331 
-0.0103289 
-0.0221487 
-0.0334463 
-0.0436774 
-0.0526682 
-0.0603447 
-0.0603447 
0.0141822 
0.0141822 
0.00700339 
0.00157085 
-0.00270582 
-0.00611509 
-0.00879301 
-0.0108565 
-0.0124028 
-0.0135167 
-0.0142691 
-0.0147164 
-0.0149006 
-0.0148509 
-0.0145867 
-0.014123 
-0.013475 
-0.0126623 
-0.0117117 
-0.0106549 
-0.00952445 
-0.008348 
-0.00714429 
-0.00592267 
-0.00468578 
-0.00343343 
-0.00216561 
-0.000884531 
0.000405796 
0.00170346 
0.00300601 
0.00430591 
0.00559763 
0.00687469 
0.00812976 
0.00935549 
0.010553 
0.0117106 
0.0128408 
0.0139432 
0.0150348 
0.016117 
0.0172087 
0.0183145 
0.019445 
0.0206042 
0.0217959 
0.0230186 
0.0242611 
0.0254943 
0.026654 
0.0276157 
0.0281579 
0.0279362 
0.0264975 
0.0233696 
0.018209 
0.0109187 
0.00180198 
-0.00850333 
-0.0192401 
-0.0297078 
-0.0393868 
-0.0480452 
-0.0555534 
-0.0555534 
0.0180772 
0.0180772 
0.0106304 
0.00485578 
0.000210867 
-0.0035712 
-0.00661352 
-0.00900662 
-0.0108342 
-0.0121764 
-0.0131089 
-0.0137003 
-0.0140096 
-0.0140847 
-0.013962 
-0.0136669 
-0.0132164 
-0.0126224 
-0.0118965 
-0.0110537 
-0.0101141 
-0.0091012 
-0.00803837 
-0.00694436 
-0.00583077 
-0.00470206 
-0.00355767 
-0.00239467 
-0.00120986 
-9.7786e-07 
0.0012332 
0.00248508 
0.00374866 
0.00501986 
0.00629159 
0.00755112 
0.00879341 
0.00998367 
0.0111478 
0.0122864 
0.0134147 
0.014532 
0.0156549 
0.016785 
0.0179302 
0.0190936 
0.0202757 
0.0214714 
0.0226652 
0.0238238 
0.0248819 
0.025722 
0.026147 
0.0258625 
0.0244909 
0.0216408 
0.017028 
0.0105705 
0.0025202 
-0.00662094 
-0.0162747 
-0.0258663 
-0.034922 
-0.0431817 
-0.0504743 
-0.0504743 
0.0220471 
0.0220471 
0.0143297 
0.00819243 
0.00313786 
-0.00106451 
-0.00452064 
-0.00730222 
-0.0094681 
-0.0110871 
-0.0122312 
-0.0129741 
-0.0133856 
-0.0135293 
-0.0134608 
-0.0132269 
-0.0128637 
-0.0123964 
-0.0118397 
-0.0112008 
-0.010484 
-0.00969382 
-0.00883721 
-0.00792268 
-0.0069585 
-0.00595085 
-0.00490314 
-0.00381694 
-0.00269381 
-0.00153645 
-0.000349953 
0.000858609 
0.00209595 
0.00335892 
0.00462603 
0.00588105 
0.00712994 
0.00833091 
0.00950952 
0.010661 
0.0118083 
0.012944 
0.0140805 
0.0152199 
0.016367 
0.0175241 
0.0186889 
0.0198533 
0.0209986 
0.0220889 
0.0230601 
0.0238034 
0.0241467 
0.0238422 
0.0225802 
0.020041 
0.0159907 
0.0103562 
0.00332778 
-0.00470762 
-0.013306 
-0.0220057 
-0.0303906 
-0.0381973 
-0.0452313 
-0.0452313 
0.0261259 
0.0261259 
0.0181393 
0.0116238 
0.00612288 
0.00144691 
-0.00247842 
-0.00570856 
-0.00827721 
-0.0102352 
-0.0116469 
-0.0125866 
-0.0131304 
-0.0133505 
-0.0133134 
-0.0130799 
-0.012705 
-0.0122365 
-0.0117119 
-0.0111559 
-0.0105796 
-0.00998335 
-0.00936034 
-0.008701 
-0.00799521 
-0.00723327 
-0.00640623 
-0.00550672 
-0.00453044 
-0.00347829 
-0.0023584 
-0.00118317 
3.92136e-05 
0.00131212 
0.00263018 
0.00398615 
0.00535544 
0.00658877 
0.00778338 
0.00897566 
0.0101536 
0.0113146 
0.012464 
0.0136086 
0.014753 
0.0158997 
0.0170456 
0.0181808 
0.0192847 
0.0203206 
0.0212272 
0.021906 
0.0222087 
0.0219295 
0.0208172 
0.0186133 
0.015125 
0.0102835 
0.00421971 
-0.00277665 
-0.0103636 
-0.0181778 
-0.0258657 
-0.0331798 
-0.0399196 
-0.0399196 
0.0303454 
0.0303454 
0.0220934 
0.015187 
0.00920842 
0.00400695 
-0.000448639 
-0.00418601 
-0.00721996 
-0.009577 
-0.0113109 
-0.0124964 
-0.0132178 
-0.0135575 
-0.0135903 
-0.0133824 
-0.0129934 
-0.0124793 
-0.0118921 
-0.0112777 
-0.0106712 
-0.0100931 
-0.0095477 
-0.00902591 
-0.00850943 
-0.00797555 
-0.0073998 
-0.00675676 
-0.00601968 
-0.0051605 
-0.00415237 
-0.00297889 
-0.00164921 
-0.000243838 
0.00111892 
0.00244053 
0.00377485 
0.00500319 
0.00619985 
0.00738458 
0.00855514 
0.00971051 
0.0108513 
0.0119845 
0.0131143 
0.0142432 
0.0153675 
0.0164765 
0.0175486 
0.0185476 
0.019416 
0.0200658 
0.0203707 
0.0201612 
0.0192346 
0.0173831 
0.0144465 
0.0103579 
0.00519622 
-0.000829816 
-0.00745819 
-0.014409 
-0.0213916 
-0.028188 
-0.0346062 
-0.0346062 
0.034733 
0.034733 
0.0262212 
0.0189136 
0.0124281 
0.00665328 
0.00160572 
-0.0027039 
-0.00626434 
-0.00907735 
-0.0111798 
-0.0126457 
-0.0135707 
-0.0140537 
-0.0141857 
-0.0140433 
-0.0136907 
-0.0131835 
-0.0125716 
-0.0119014 
-0.0112151 
-0.0105481 
-0.009925 
-0.00935678 
-0.00883973 
-0.00835878 
-0.00789284 
-0.00741953 
-0.00691771 
-0.00636684 
-0.00574319 
-0.00501154 
-0.00411734 
-0.0029934 
-0.00159481 
0.000113978 
0.00196128 
0.00326586 
0.00436554 
0.00563356 
0.00687167 
0.00805795 
0.00920224 
0.0103243 
0.0114371 
0.0125473 
0.013653 
0.0147441 
0.0157994 
0.0167839 
0.0176446 
0.0183038 
0.0186543 
0.0185569 
0.0178485 
0.0163616 
0.0139618 
0.0105826 
0.00626117 
0.00113782 
-0.00458842 
-0.0107073 
-0.0169898 
-0.0232558 
-0.0293324 
-0.0293324 
0.03931 
0.03931 
0.0305462 
0.0228298 
0.0158109 
0.00941666 
0.00371387 
-0.00123758 
-0.0053901 
-0.00871905 
-0.0112364 
-0.0130108 
-0.0141503 
-0.0147749 
-0.0149987 
-0.0149171 
-0.0146062 
-0.0141272 
-0.0135309 
-0.0128607 
-0.0121538 
-0.0114413 
-0.0107481 
-0.0100917 
-0.00948164 
-0.00891861 
-0.00839533 
-0.00789833 
-0.00741103 
-0.00691653 
-0.00639998 
-0.00583843 
-0.00518145 
-0.00435443 
-0.00328488 
-0.00173223 
0.000159419 
0.0016108 
0.00285376 
0.00409863 
0.00530187 
0.00646319 
0.00758281 
0.00867736 
0.00976132 
0.0108451 
0.0119301 
0.013008 
0.0140591 
0.0150505 
0.0159333 
0.0166389 
0.017076 
0.0171298 
0.016668 
0.0155546 
0.0136754 
0.0109636 
0.00742497 
0.00314285 
-0.00173974 
-0.00706561 
-0.0126638 
-0.0183965 
-0.0241178 
-0.0241178 
0.04409 
0.04409 
0.0350844 
0.0269557 
0.0193815 
0.0123245 
0.00590432 
0.000236829 
-0.00458075 
-0.00849138 
-0.0114753 
-0.0135891 
-0.0149519 
-0.0157089 
-0.0160035 
-0.0159559 
-0.0156595 
-0.0151847 
-0.0145867 
-0.0139104 
-0.0131925 
-0.0124629 
-0.011744 
-0.0110502 
-0.0103885 
-0.00976004 
-0.00916274 
-0.00859312 
-0.00804728 
-0.00752004 
-0.00700818 
-0.00650554 
-0.00595493 
-0.00527961 
-0.00446697 
-0.00351892 
-0.0025475 
-0.00161167 
-0.000238046 
0.00155241 
0.00323523 
0.00462236 
0.00582876 
0.0069436 
0.00802301 
0.00909592 
0.0101737 
0.0112538 
0.0123207 
0.013345 
0.0142828 
0.0150733 
0.0156379 
0.0158807 
0.0156927 
0.0149615 
0.0135885 
0.0115067 
0.00869896 
0.00520361 
0.00110914 
-0.00346635 
-0.00840299 
-0.0136068 
-0.0189633 
-0.0189633 
0.049076 
0.049076 
0.0398421 
0.0313032 
0.0231583 
0.0154003 
0.00820276 
0.00174308 
-0.00381916 
-0.00838365 
-0.0118925 
-0.0143808 
-0.0159778 
-0.0168566 
-0.0171972 
-0.0171519 
-0.0168369 
-0.0163355 
-0.0157087 
-0.0150031 
-0.0142554 
-0.0134946 
-0.0127428 
-0.0120156 
-0.0113217 
-0.0106636 
-0.0100381 
-0.00943904 
-0.00885928 
-0.00829321 
-0.00773825 
-0.00720631 
-0.0066719 
-0.00607868 
-0.00539457 
-0.00457573 
-0.00362192 
-0.00279479 
-0.0017173 
-0.000295624 
0.00119271 
0.00259356 
0.00387409 
0.00505832 
0.00618299 
0.00728416 
0.00838485 
0.00949315 
0.0106015 
0.0116872 
0.0127122 
0.0136234 
0.0143528 
0.0148182 
0.014928 
0.0145869 
0.0137076 
0.0122234 
0.0101002 
0.00734287 
0.00399274 
0.000119487 
-0.00418492 
-0.00886846 
-0.0138529 
-0.0138529 
0.0542574 
0.0542574 
0.0448123 
0.0358731 
0.0271511 
0.0186617 
0.0106311 
0.0033036 
-0.00308644 
-0.00838283 
-0.0124807 
-0.0153837 
-0.0172283 
-0.0182182 
-0.0185774 
-0.0184991 
-0.0181285 
-0.0175657 
-0.0168796 
-0.0161195 
-0.0153225 
-0.0145168 
-0.0137234 
-0.0129569 
-0.0122262 
-0.0115347 
-0.0108822 
-0.0102656 
-0.0096798 
-0.00912006 
-0.00857779 
-0.00805644 
-0.00753707 
-0.0069942 
-0.00639801 
-0.00575218 
-0.00503589 
-0.00429368 
-0.00336364 
-0.00234255 
-0.00128409 
-0.000134183 
0.00111566 
0.00241123 
0.00370344 
0.00497607 
0.00623518 
0.00748874 
0.008737 
0.0099672 
0.0111516 
0.012247 
0.0131961 
0.0139294 
0.0143685 
0.0144313 
0.0140396 
0.0131272 
0.0116486 
0.00958397 
0.00693941 
0.00373891 
2.96116e-05 
-0.00414696 
-0.00875421 
-0.00875421 
0.0596059 
0.0596059 
0.0499713 
0.0406502 
0.0313567 
0.0221172 
0.0132061 
0.0049387 
-0.00236328 
-0.00847272 
-0.0132277 
-0.0165897 
-0.0186977 
-0.0197886 
-0.020138 
-0.0199893 
-0.0195245 
-0.0188647 
-0.0180884 
-0.0172481 
-0.016381 
-0.0155143 
-0.0146679 
-0.0138557 
-0.0130863 
-0.0123637 
-0.0116878 
-0.011056 
-0.010463 
-0.0099056 
-0.00937501 
-0.00887286 
-0.00838297 
-0.00789092 
-0.00736597 
-0.00681515 
-0.00618284 
-0.00554949 
-0.00479634 
-0.00391991 
-0.00296012 
-0.00194562 
-0.00088244 
0.000236799 
0.00141036 
0.00265024 
0.00395631 
0.00532054 
0.00672634 
0.0081497 
0.0095571 
0.0109046 
0.0121383 
0.013195 
0.0140049 
0.0144951 
0.0145938 
0.0142362 
0.0133696 
0.0119569 
0.00997839 
0.00742626 
0.00430578 
0.000616308 
-0.00361577 
-0.00361577 
0.0650721 
0.0650721 
0.0552737 
0.0455994 
0.0357545 
0.0257616 
0.0159359 
0.00666444 
-0.00163082 
-0.00863351 
-0.0141141 
-0.0179812 
-0.0203706 
-0.0215535 
-0.0218642 
-0.0216067 
-0.0210081 
-0.0202153 
-0.0193183 
-0.018373 
-0.0174167 
-0.0164749 
-0.0155658 
-0.0147016 
-0.01389 
-0.0131348 
-0.0124364 
-0.0117932 
-0.0112007 
-0.0106565 
-0.0101509 
-0.00968374 
-0.00923954 
-0.00881243 
-0.00837521 
-0.0079362 
-0.00745295 
-0.00695245 
-0.00636498 
-0.00571117 
-0.00498816 
-0.00418373 
-0.0032875 
-0.00229843 
-0.00121059 
-1.10825e-05 
0.00131725 
0.00277384 
0.00434515 
0.00600157 
0.00770062 
0.00938823 
0.011002 
0.012474 
0.0137333 
0.0147089 
0.0153317 
0.015538 
0.0152713 
0.0144845 
0.0131408 
0.0112094 
0.00867009 
0.00548793 
0.00162144 
0.00162144 
0.0705816 
0.0705816 
0.0606486 
0.0506595 
0.0402995 
0.0295705 
0.0188156 
0.0084906 
-0.000871346 
-0.00884136 
-0.0151104 
-0.0195277 
-0.0222175 
-0.0234854 
-0.0237302 
-0.0233265 
-0.0225554 
-0.021595 
-0.0205485 
-0.0194756 
-0.0184126 
-0.0173829 
-0.0164023 
-0.0154809 
-0.014625 
-0.0138374 
-0.0131178 
-0.012465 
-0.0118739 
-0.0113424 
-0.0108613 
-0.0104298 
-0.0100332 
-0.00966885 
-0.00930969 
-0.00896578 
-0.00859122 
-0.0082127 
-0.00777417 
-0.00727472 
-0.00670425 
-0.00605737 
-0.00532072 
-0.00447633 
-0.00350472 
-0.00238214 
-0.00108926 
0.000384393 
0.0020327 
0.00384036 
0.0057713 
0.00777096 
0.00977034 
0.0116911 
0.0134505 
0.0149664 
0.0161614 
0.0169646 
0.0173131 
0.0171511 
0.01643 
0.0151031 
0.0131298 
0.0104465 
0.00697379 
0.00697379 
0.0760328 
0.0760328 
0.0659964 
0.0557389 
0.044917 
0.0334931 
0.0218221 
0.010417 
-7.10221e-05 
-0.00906837 
-0.0161748 
-0.0211814 
-0.0241903 
-0.0255393 
-0.0256948 
-0.0251111 
-0.0241322 
-0.022973 
-0.0217519 
-0.0205319 
-0.0193481 
-0.0182208 
-0.0171625 
-0.0161806 
-0.0152792 
-0.0144599 
-0.0137215 
-0.0130626 
-0.012478 
-0.0119658 
-0.0115167 
-0.0111298 
-0.0107916 
-0.0105008 
-0.0102348 
-0.0100006 
-0.00976192 
-0.00952851 
-0.00925846 
-0.00894802 
-0.00857594 
-0.00812321 
-0.00756511 
-0.00687485 
-0.00602171 
-0.0049729 
-0.00369886 
-0.00218222 
-0.000421065 
0.00157035 
0.00375651 
0.00608213 
0.00847649 
0.0108577 
0.013136 
0.0152188 
0.0170165 
0.0184457 
0.0194315 
0.0199065 
0.0198097 
0.0190814 
0.0176636 
0.015468 
0.0123753 
0.0123753 
0.0812974 
0.0812974 
0.0711878 
0.0607129 
0.0494959 
0.0374441 
0.0249045 
0.0124262 
0.000781729 
-0.00927901 
-0.0172506 
-0.0228739 
-0.0262188 
-0.0276489 
-0.027699 
-0.026909 
-0.0256939 
-0.0243106 
-0.0228949 
-0.0215135 
-0.0201989 
-0.0189677 
-0.0178283 
-0.0167849 
-0.0158385 
-0.0149893 
-0.0142345 
-0.0135723 
-0.0129966 
-0.0125056 
-0.0120901 
-0.0117494 
-0.0114712 
-0.0112549 
-0.0110804 
-0.0109537 
-0.0108417 
-0.0107494 
-0.0106398 
-0.0105022 
-0.0103113 
-0.0100437 
-0.00966707 
-0.00914275 
-0.0084257 
-0.00746779 
-0.00622503 
-0.00466607 
-0.00278085 
-0.000584474 
0.0018763 
0.00453742 
0.00732333 
0.0101498 
0.012925 
0.0155523 
0.0179349 
0.0199794 
0.0215974 
0.0227067 
0.0232304 
0.0230926 
0.0222176 
0.0204933 
0.0177647 
0.0177647 
0.0862239 
0.0862239 
0.0760673 
0.0654248 
0.0538876 
0.0412966 
0.0279766 
0.0144839 
0.00169893 
-0.00942805 
-0.0182638 
-0.0245141 
-0.0282083 
-0.0297252 
-0.0296641 
-0.0286532 
-0.0271839 
-0.0255604 
-0.0239382 
-0.0223874 
-0.0209378 
-0.019601 
-0.0183808 
-0.0172775 
-0.016289 
-0.0154133 
-0.014646 
-0.0139845 
-0.0134224 
-0.0129572 
-0.0125806 
-0.0122918 
-0.0120806 
-0.0119468 
-0.0118736 
-0.0118647 
-0.011893 
-0.0119563 
-0.0120232 
-0.0120791 
-0.0120944 
-0.0120384 
-0.0118695 
-0.0115362 
-0.0109771 
-0.0101257 
-0.00891896 
-0.00730999 
-0.00527884 
-0.00284017 
-4.65065e-05 
0.00301964 
0.00626185 
0.00958225 
0.0128775 
0.0160451 
0.0189873 
0.0216109 
0.0238238 
0.0255347 
0.0266519 
0.027081 
0.0267256 
0.025449 
0.0230621 
0.0230621 
0.0906446 
0.0906446 
0.080461 
0.0696937 
0.0579107 
0.0448819 
0.0309078 
0.0165244 
0.00268064 
-0.00946607 
-0.0191269 
-0.0259924 
-0.0300433 
-0.0316589 
-0.0314941 
-0.0302629 
-0.028536 
-0.0266681 
-0.0248371 
-0.0231172 
-0.0215346 
-0.0200959 
-0.0187994 
-0.0176411 
-0.0166156 
-0.0157182 
-0.014943 
-0.0142862 
-0.0137409 
-0.0133044 
-0.0129689 
-0.0127343 
-0.0125924 
-0.0125432 
-0.0125725 
-0.0126823 
-0.0128501 
-0.0130714 
-0.0133172 
-0.0135708 
-0.0138006 
-0.0139708 
-0.0140301 
-0.0139123 
-0.0135357 
-0.0128095 
-0.011647 
-0.00998156 
-0.0077819 
-0.00506129 
-0.00188051 
0.00164867 
0.00539835 
0.00925001 
0.0130834 
0.0167845 
0.0202534 
0.0234019 
0.0261449 
0.0283926 
0.0300458 
0.0309937 
0.0311175 
0.0302539 
0.0281806 
0.0281806 
0.0943876 
0.0943876 
0.0841901 
0.07333 
0.0613689 
0.0480049 
0.033525 
0.0184387 
0.00371788 
-0.00933658 
-0.0197438 
-0.0271859 
-0.0315921 
-0.0333237 
-0.0330778 
-0.0316458 
-0.0296754 
-0.0275741 
-0.025544 
-0.0236646 
-0.021959 
-0.0204277 
-0.019064 
-0.017859 
-0.0168039 
-0.0158917 
-0.0151145 
-0.0144676 
-0.0139436 
-0.0135395 
-0.0132486 
-0.0130721 
-0.0130036 
-0.0130433 
-0.0131798 
-0.0134131 
-0.0137266 
-0.0141142 
-0.0145515 
-0.0150194 
-0.0154857 
-0.0159088 
-0.0162262 
-0.0163544 
-0.0161868 
-0.015604 
-0.0144915 
-0.0127622 
-0.0103741 
-0.00733942 
-0.00373003 
0.000324547 
0.004659 
0.00911093 
0.0135327 
0.0177859 
0.0217624 
0.0253822 
0.0285776 
0.0312749 
0.0333802 
0.0347737 
0.0353167 
0.0348178 
0.0330232 
0.0330232 
0.0972871 
0.0972871 
0.0870859 
0.0761532 
0.0640709 
0.0504684 
0.0356345 
0.0200706 
0.00476943 
-0.00896692 
-0.020007 
-0.0279697 
-0.032722 
-0.0345908 
-0.0342998 
-0.0327049 
-0.0305241 
-0.0282161 
-0.0260093 
-0.0239904 
-0.0221795 
-0.0205717 
-0.0191546 
-0.0179151 
-0.0168407 
-0.0159218 
-0.0151495 
-0.0145177 
-0.014019 
-0.01365 
-0.0134058 
-0.0132889 
-0.0132949 
-0.0134236 
-0.0136663 
-0.0140233 
-0.0144824 
-0.0150384 
-0.015673 
-0.0163663 
-0.017085 
-0.0177821 
-0.0183821 
-0.0187805 
-0.0188401 
-0.0184092 
-0.0173446 
-0.0155403 
-0.0129462 
-0.00957408 
-0.00550505 
-0.00087873 
0.00408894 
0.00918579 
0.0142287 
0.0190416 
0.0235012 
0.0275348 
0.0310984 
0.0341458 
0.0366018 
0.0383488 
0.0392337 
0.0390388 
0.0374808 
0.0374808 
0.0992047 
0.0992047 
0.0890107 
0.0780177 
0.0658682 
0.0521199 
0.0370718 
0.0212367 
0.00569609 
-0.00840542 
-0.0199175 
-0.0283059 
-0.033365 
-0.0353766 
-0.0350718 
-0.033356 
-0.0310082 
-0.0285345 
-0.0261869 
-0.024059 
-0.0221687 
-0.0205062 
-0.0190539 
-0.0177948 
-0.0167138 
-0.0157987 
-0.0150392 
-0.0144283 
-0.0139592 
-0.0136282 
-0.0134326 
-0.0133768 
-0.0134573 
-0.013674 
-0.0140217 
-0.0145019 
-0.0151073 
-0.0158349 
-0.0166713 
-0.0176 
-0.0185871 
-0.0195756 
-0.0204763 
-0.0211576 
-0.0214483 
-0.0211634 
-0.020135 
-0.0182454 
-0.0154417 
-0.0117359 
-0.00721142 
-0.00200813 
0.00362206 
0.00941227 
0.0151115 
0.0204878 
0.0253993 
0.0297841 
0.0336281 
0.0369223 
0.0396214 
0.0416204 
0.0427599 
0.0427992 
0.0414297 
0.0414297 
0.099992 
0.099992 
0.0898612 
0.0788118 
0.0666272 
0.0528218 
0.0377075 
0.0218816 
0.00646469 
-0.00763446 
-0.0193941 
-0.0280825 
-0.033388 
-0.0355429 
-0.0352714 
-0.0335027 
-0.0310556 
-0.0284738 
-0.0260341 
-0.0238382 
-0.0219027 
-0.0202136 
-0.0187492 
-0.017489 
-0.0164153 
-0.0155145 
-0.014776 
-0.0141922 
-0.0137563 
-0.013465 
-0.0133187 
-0.0133232 
-0.0134749 
-0.0137751 
-0.0142227 
-0.0148213 
-0.0155691 
-0.0164661 
-0.0175044 
-0.0186702 
-0.0199281 
-0.0212143 
-0.0224165 
-0.0233711 
-0.0238731 
-0.0237086 
-0.0226941 
-0.0207116 
-0.0177131 
-0.01371 
-0.00877543 
-0.00303255 
0.00325104 
0.00974447 
0.0161012 
0.022018 
0.0273314 
0.0319939 
0.0360279 
0.0394683 
0.0423069 
0.0444582 
0.0457636 
0.0459639 
0.044732 
0.044732 
0.0995713 
0.0995713 
0.089569 
0.0784805 
0.0662934 
0.0525454 
0.0375654 
0.0220247 
0.00693565 
-0.0069462 
-0.0186791 
-0.0274554 
-0.0328754 
-0.0351154 
-0.0348758 
-0.0330922 
-0.0306059 
-0.0279829 
-0.0255125 
-0.0233002 
-0.0213612 
-0.0196787 
-0.0182284 
-0.0169879 
-0.0159382 
-0.0150648 
-0.0143561 
-0.0138048 
-0.0134053 
-0.0131551 
-0.0130578 
-0.0131195 
-0.0133372 
-0.0137141 
-0.0142536 
-0.0149625 
-0.0158442 
-0.0169036 
-0.018138 
-0.0195346 
-0.0210556 
-0.0226237 
-0.0241047 
-0.0252958 
-0.0259602 
-0.0258689 
-0.0248382 
-0.0227647 
-0.0196123 
-0.0153906 
-0.01015 
-0.00397707 
0.00289668 
0.0100983 
0.0170989 
0.0235038 
0.0291372 
0.0339823 
0.0381103 
0.0416032 
0.0444898 
0.0467047 
0.0480944 
0.0483849 
0.0472404 
0.0472404 
0.0978835 
0.0978835 
0.0880876 
0.0770148 
0.0648877 
0.0513411 
0.0367086 
0.0216662 
0.00707714 
-0.00639828 
-0.0178775 
-0.0265161 
-0.0318701 
-0.0340868 
-0.0338498 
-0.032084 
-0.0296249 
-0.0270356 
-0.0246035 
-0.0224323 
-0.0205359 
-0.0188962 
-0.0174883 
-0.0162893 
-0.0152801 
-0.0144464 
-0.0137767 
-0.0132638 
-0.0129031 
-0.0126939 
-0.0126434 
-0.0127568 
-0.0130321 
-0.0134757 
-0.0140948 
-0.0149 
-0.0159006 
-0.0171063 
-0.01852 
-0.0201297 
-0.0218903 
-0.0237043 
-0.0254062 
-0.0267675 
-0.0275321 
-0.0274601 
-0.0263842 
-0.0242326 
-0.0209835 
-0.016642 
-0.0112263 
-0.00478589 
0.00255977 
0.0103768 
0.0179533 
0.0247522 
0.0305848 
0.0355022 
0.0396345 
0.0431059 
0.045972 
0.0481815 
0.0495879 
0.0499063 
0.0488066 
0.0488066 
0.0948749 
0.0948749 
0.0853824 
0.0744207 
0.062449 
0.0492569 
0.0351619 
0.0207818 
0.00683534 
-0.00606562 
-0.0170657 
-0.025329 
-0.0304173 
-0.0324847 
-0.032207 
-0.030483 
-0.0281138 
-0.0256327 
-0.0233085 
-0.0212367 
-0.0194292 
-0.0178685 
-0.016531 
-0.0153951 
-0.014443 
-0.013661 
-0.0130387 
-0.0125697 
-0.0122491 
-0.0120801 
-0.0120724 
-0.0122298 
-0.0125522 
-0.0130489 
-0.0137312 
-0.0146132 
-0.0157096 
-0.0170357 
-0.0185986 
-0.0203856 
-0.0223409 
-0.024343 
-0.0261924 
-0.0276311 
-0.0283948 
-0.0282737 
-0.0271412 
-0.0249456 
-0.0216733 
-0.0173232 
-0.0118912 
-0.00541466 
0.00213168 
0.0105179 
0.018566 
0.0255668 
0.0314289 
0.0363023 
0.0403676 
0.0437678 
0.0465683 
0.0487231 
0.0500923 
0.0503854 
0.0492967 
0.0492967 
0.0905032 
0.0905032 
0.0814275 
0.0707159 
0.0590329 
0.0463476 
0.0329509 
0.0193705 
0.00620633 
-0.00594708 
-0.0162475 
-0.023902 
-0.0285298 
-0.0303285 
-0.0299739 
-0.0283198 
-0.0261027 
-0.0238006 
-0.0216491 
-0.0197306 
-0.0180549 
-0.0166068 
-0.0153658 
-0.0143132 
-0.013433 
-0.0127137 
-0.0121461 
-0.0117249 
-0.0114455 
-0.0113145 
-0.0113435 
-0.011535 
-0.0118912 
-0.0124243 
-0.0131484 
-0.0140814 
-0.0152428 
-0.0166521 
-0.0183196 
-0.0202291 
-0.0223111 
-0.0244182 
-0.0263225 
-0.0277509 
-0.0284505 
-0.0282439 
-0.0270418 
-0.0248161 
-0.0215541 
-0.0172377 
-0.0118376 
-0.00533454 
0.00226262 
0.0104612 
0.0183892 
0.0253897 
0.0312358 
0.0360574 
0.0400559 
0.0433777 
0.0460919 
0.0481586 
0.049447 
0.0496803 
0.0486174 
0.0486174 
0.0847291 
0.0847291 
0.0761981 
0.0659145 
0.0546924 
0.0426678 
0.0301105 
0.0174564 
0.00521783 
-0.00600345 
-0.0153801 
-0.0222053 
-0.0262043 
-0.0276457 
-0.0272013 
-0.0256549 
-0.0236503 
-0.0215896 
-0.0196658 
-0.0179455 
-0.0164374 
-0.0151302 
-0.0140079 
-0.0130557 
-0.0122606 
-0.0116133 
-0.0111062 
-0.0107356 
-0.0104973 
-0.0104008 
-0.0104591 
-0.0106732 
-0.0110478 
-0.0115973 
-0.0123381 
-0.0132906 
-0.0144781 
-0.0159233 
-0.0176372 
-0.0195983 
-0.0217223 
-0.0238391 
-0.0257016 
-0.0270371 
-0.0276185 
-0.027309 
-0.026053 
-0.0238339 
-0.0206334 
-0.0164203 
-0.0111629 
-0.00486693 
0.0023407 
0.010024 
0.0175156 
0.0242594 
0.029975 
0.0347071 
0.0386212 
0.0418486 
0.0444533 
0.0464012 
0.0475716 
0.0477228 
0.0467019 
0.0467019 
0.0775179 
0.0775179 
0.0696695 
0.0600217 
0.0494674 
0.038271 
0.0266936 
0.0151004 
0.00395099 
-0.00612947 
-0.0143596 
-0.0201686 
-0.0234256 
-0.0244752 
-0.023964 
-0.022576 
-0.0208391 
-0.0190687 
-0.0174126 
-0.0159229 
-0.0146087 
-0.0134638 
-0.0124775 
-0.0116392 
-0.0109395 
-0.0103713 
-0.00992924 
-0.00961072 
-0.00941253 
-0.00934591 
-0.00942457 
-0.00964834 
-0.0100244 
-0.0105679 
-0.0112968 
-0.012233 
-0.0134016 
-0.0148268 
-0.0165188 
-0.0184501 
-0.0205234 
-0.0225542 
-0.02429 
-0.0254728 
-0.0259093 
-0.0254999 
-0.0242146 
-0.022045 
-0.018972 
-0.0149667 
-0.010017 
-0.00417204 
0.00239117 
0.00930391 
0.0161027 
0.02234 
0.027746 
0.0322865 
0.0360546 
0.0391441 
0.0416019 
0.0433965 
0.0444202 
0.044485 
0.0435326 
0.0435326 
0.0688513 
0.0688513 
0.0618282 
0.0530422 
0.0433909 
0.0332163 
0.0227825 
0.0124146 
0.0025549 
-0.00615592 
-0.0130427 
-0.017716 
-0.0201991 
-0.0208891 
-0.0203695 
-0.019196 
-0.0177687 
-0.0163179 
-0.0149514 
-0.0137104 
-0.0126058 
-0.0116368 
-0.0107981 
-0.0100834 
-0.00948633 
-0.0090024 
-0.00862806 
-0.00836193 
-0.0082018 
-0.0081597 
-0.00824902 
-0.00846912 
-0.00882855 
-0.00934263 
-0.0100292 
-0.0109104 
-0.0120114 
-0.013356 
-0.0149525 
-0.0167684 
-0.0186999 
-0.0205588 
-0.0221015 
-0.0230958 
-0.0233842 
-0.0228997 
-0.0216325 
-0.0195839 
-0.0167421 
-0.0130908 
-0.00863805 
-0.00345366 
0.0022923 
0.00831601 
0.0142725 
0.01982 
0.0247302 
0.028927 
0.0324363 
0.0353052 
0.0375558 
0.039155 
0.0400123 
0.0400014 
0.0391476 
0.0391476 
0.0587445 
0.0587445 
0.0526887 
0.0449971 
0.0365038 
0.0275788 
0.0184939 
0.00956268 
0.00123184 
-0.00588609 
-0.0112994 
-0.0148174 
-0.0165886 
-0.0170098 
-0.016558 
-0.0156432 
-0.0145443 
-0.0134189 
-0.0123447 
-0.0113561 
-0.0104665 
-0.00967977 
-0.00899502 
-0.00840941 
-0.00791961 
-0.00752302 
-0.00721773 
-0.0070033 
-0.00687848 
-0.00685507 
-0.00694522 
-0.00714824 
-0.00747313 
-0.00793414 
-0.00854794 
-0.00933522 
-0.0103194 
-0.0115222 
-0.0129498 
-0.014568 
-0.0162745 
-0.017891 
-0.0191957 
-0.0199888 
-0.0201468 
-0.0196285 
-0.0184405 
-0.0165947 
-0.0140904 
-0.0109239 
-0.0071142 
-0.00273143 
0.00208258 
0.00711796 
0.0121238 
0.0168434 
0.021093 
0.0247823 
0.0278931 
0.0304332 
0.0324004 
0.03376 
0.0344424 
0.0343795 
0.033654 
0.033654 
0.0472804 
0.0472804 
0.0423322 
0.0359677 
0.0289032 
0.0214952 
0.0140181 
0.00678701 
0.000237232 
-0.00514081 
-0.00907323 
-0.0115377 
-0.0127382 
-0.0130068 
-0.0126846 
-0.0120426 
-0.0112604 
-0.0104432 
-0.00964779 
-0.00890402 
-0.0082267 
-0.00762256 
-0.00709363 
-0.00663957 
-0.00625913 
-0.00595122 
-0.00571514 
-0.00555105 
-0.00545849 
-0.00544795 
-0.0055296 
-0.005703 
-0.0059765 
-0.00636236 
-0.00687484 
-0.00753157 
-0.00835256 
-0.00935617 
-0.0105468 
-0.0118932 
-0.0133039 
-0.0146234 
-0.0156632 
-0.01626 
-0.0163205 
-0.0158225 
-0.0147835 
-0.0132249 
-0.011157 
-0.0085856 
-0.00553201 
-0.00205268 
0.00175066 
0.00573205 
0.00970934 
0.0134948 
0.0169467 
0.0199791 
0.0225534 
0.0246529 
0.0262604 
0.0273429 
0.0278537 
0.0277692 
0.0271968 
0.0271968 
0.0346045 
0.0346045 
0.0309043 
0.0260986 
