0 
-0.000233321 
0.000680317 
0.0019695 
0.00262844 
0.00299047 
0.00317493 
0.00324923 
0.00325578 
0.00322121 
0.00316167 
0.00308601 
0.00299814 
0.0028987 
0.00278642 
0.00265901 
0.00251389 
0.00234873 
0.0021617 
0.00195174 
0.00171869 
0.00146331 
0.00118735 
0.000893519 
0.000585576 
0.000268536 
-4.89205e-05 
-0.000358607 
-0.000658448 
-0.000946972 
-0.00122072 
-0.00147596 
-0.00170884 
-0.00191522 
-0.00209078 
-0.00223121 
-0.00233241 
-0.00239072 
-0.00240343 
-0.00236923 
-0.00228886 
-0.00216624 
-0.0020102 
-0.0018367 
-0.00166928 
-0.00153357 
-0.00144452 
-0.00139369 
-0.00135064 
-0.00128229 
-0.00117424 
-0.00103477 
-0.000881636 
-0.000728635 
-0.000581778 
-0.00044206 
-0.000308922 
-0.000181982 
-6.21205e-05 
4.91172e-05 
0.000151294 
0.000239993 
0.000311377 
0.000361878 
0.000388711 
0 
0.000233321 
0.000233321 
-0.000680317 
-0.0019695 
-0.00262844 
-0.00299047 
-0.00317493 
-0.00324923 
-0.00325578 
-0.00322121 
-0.00316167 
-0.00308601 
-0.00299814 
-0.0028987 
-0.00278642 
-0.00265901 
-0.00251389 
-0.00234873 
-0.0021617 
-0.00195174 
-0.00171869 
-0.00146331 
-0.00118735 
-0.000893519 
-0.000585576 
-0.000268536 
4.89205e-05 
0.000358607 
0.000658448 
0.000946972 
0.00122072 
0.00147596 
0.00170884 
0.00191522 
0.00209078 
0.00223121 
0.00233241 
0.00239072 
0.00240343 
0.00236923 
0.00228886 
0.00216624 
0.0020102 
0.0018367 
0.00166928 
0.00153357 
0.00144452 
0.00139369 
0.00135064 
0.00128229 
0.00117424 
0.00103477 
0.000881636 
0.000728635 
0.000581778 
0.00044206 
0.000308922 
0.000181982 
6.21205e-05 
-4.91172e-05 
-0.000151294 
-0.000239993 
-0.000311377 
-0.000361878 
-0.000388711 
-0.000388711 
5.84538e-06 
5.84538e-06 
-0.00352062 
-0.00584707 
-0.00731716 
-0.00818091 
-0.00864171 
-0.00883679 
-0.0088648 
-0.00879223 
-0.00866077 
-0.00849341 
-0.0082997 
-0.00808018 
-0.00782982 
-0.0075407 
-0.00720402 
-0.00681144 
-0.00635615 
-0.00583339 
-0.00524095 
-0.0045793 
-0.00385164 
-0.00306384 
-0.00222435 
-0.00134409 
-0.000437554 
0.000477472 
0.00138726 
0.00228098 
0.0031458 
0.00396742 
0.00473137 
0.00542286 
0.00602653 
0.00652706 
0.00690997 
0.00716279 
0.00727636 
0.00724654 
0.00707608 
0.00677742 
0.0063768 
0.00591883 
0.00546652 
0.00508668 
0.00481728 
0.00463642 
0.00446804 
0.00423256 
0.00389898 
0.00349088 
0.00305241 
0.00261645 
0.00219698 
0.00179602 
0.00141171 
0.00104283 
0.000690351 
0.000357983 
5.33992e-05 
-0.000212157 
-0.000427228 
-0.000579691 
-0.000660859 
-0.000660859 
-0.00405107 
-0.00405107 
-0.00726494 
-0.00994786 
-0.0118754 
-0.0130689 
-0.0137153 
-0.013985 
-0.0140176 
-0.0139113 
-0.0137277 
-0.0134997 
-0.0132388 
-0.0129427 
-0.0126003 
-0.0121965 
-0.0117149 
-0.0111405 
-0.0104608 
-0.0096671 
-0.00875495 
-0.00772455 
-0.00658069 
-0.00533261 
-0.00399354 
-0.00257988 
-0.00110993 
0.000393688 
0.00190473 
0.00339971 
0.00485624 
0.00625052 
0.00755812 
0.0087539 
0.00981169 
0.0107048 
0.0114074 
0.011897 
0.0121565 
0.012178 
0.0119654 
0.0115389 
0.0109404 
0.0102392 
0.00953004 
0.00891148 
0.00843786 
0.00807614 
0.00771852 
0.00725858 
0.00666267 
0.00597079 
0.00524523 
0.00452883 
0.00383803 
0.00317393 
0.00253364 
0.0019151 
0.00132095 
0.000757784 
0.000235714 
-0.000223712 
-0.000598521 
-0.000866168 
-0.0010097 
-0.0010097 
-0.00773887 
-0.00773887 
-0.0112091 
-0.0141843 
-0.0163142 
-0.0176084 
-0.0182769 
-0.0185231 
-0.0185151 
-0.018369 
-0.0181546 
-0.0179046 
-0.0176252 
-0.0173056 
-0.0169251 
-0.0164588 
-0.0158814 
-0.0151703 
-0.0143072 
-0.0132795 
-0.012081 
-0.0107121 
-0.00917999 
-0.00749824 
-0.00568633 
-0.00376839 
-0.00177125 
0.000273985 
0.00233325 
0.00437561 
0.00637203 
0.00829313 
0.010108 
0.0117835 
0.0132844 
0.0145729 
0.0156113 
0.0163652 
0.0168077 
0.016924 
0.0167169 
0.0162122 
0.0154647 
0.0145645 
0.013633 
0.0127924 
0.0121062 
0.0115298 
0.0109344 
0.0102058 
0.0093219 
0.00834102 
0.00733627 
0.00635203 
0.00540184 
0.00448347 
0.00359129 
0.00272313 
0.00188192 
0.00107809 
0.000330843 
-0.000335087 
-0.000887739 
-0.00128598 
-0.00150212 
-0.00150212 
-0.0119081 
-0.0119081 
-0.0154397 
-0.0184477 
-0.0205278 
-0.0217331 
-0.0223046 
-0.0224695 
-0.02241 
-0.0222462 
-0.0220435 
-0.0218252 
-0.0215851 
-0.0212994 
-0.0209351 
-0.0204561 
-0.0198279 
-0.0190205 
-0.01801 
-0.0167806 
-0.0153245 
-0.0136429 
-0.0117456 
-0.00965122 
-0.00738606 
-0.00498325 
-0.00248038 
8.17401e-05 
0.00266165 
0.00522002 
0.00772069 
0.0101291 
0.0124107 
0.0145286 
0.0164423 
0.0181072 
0.0194764 
0.0205044 
0.0211536 
0.0214006 
0.0212442 
0.0207122 
0.0198695 
0.0188232 
0.0177153 
0.0166838 
0.0157927 
0.0149837 
0.0141184 
0.0130928 
0.0119093 
0.010644 
0.00937327 
0.00813609 
0.00693921 
0.00577542 
0.00463681 
0.00351735 
0.00242385 
0.00136396 
0.000355439 
-0.000554437 
-0.00131844 
-0.00188038 
-0.00219332 
-0.00219332 
-0.0156808 
-0.0156808 
-0.0194061 
-0.02238 
-0.0242941 
-0.0253133 
-0.0257295 
-0.0257938 
-0.0256948 
-0.0255457 
-0.0253984 
-0.0252592 
-0.0251051 
-0.0248967 
-0.024588 
-0.0241321 
-0.0234856 
-0.0226116 
-0.0214815 
-0.0200763 
-0.018387 
-0.0164155 
-0.0141739 
-0.0116856 
-0.00898415 
-0.00611224 
-0.00311947 
-6.01823e-05 
0.00301172 
0.00604814 
0.00900694 
0.0118507 
0.0145439 
0.0170497 
0.0193266 
0.0213268 
0.0229976 
0.0242848 
0.0251407 
0.0255328 
0.0254535 
0.0249306 
0.0240358 
0.0228899 
0.0216501 
0.0204613 
0.0193785 
0.0183281 
0.0171744 
0.0158413 
0.0143633 
0.0128311 
0.0113167 
0.00984751 
0.00842086 
0.00702275 
0.00563937 
0.0042649 
0.00289602 
0.0015459 
0.000250911 
-0.000938204 
-0.00195789 
-0.00272914 
-0.00317547 
-0.00317547 
-0.0192489 
-0.0192489 
-0.0230948 
-0.0259184 
-0.0275697 
-0.0283482 
-0.0285894 
-0.0285608 
-0.0284469 
-0.028346 
-0.0282896 
-0.0282628 
-0.0282243 
-0.0281199 
-0.0278915 
-0.0274827 
-0.0268424 
-0.0259275 
-0.0247046 
-0.0231517 
-0.0212585 
-0.0190265 
-0.0164699 
-0.0136154 
-0.0105034 
-0.00718616 
-0.00372574 
-0.00019008 
0.00335407 
0.00684536 
0.0102326 
0.0134745 
0.0165353 
0.0193805 
0.0219709 
0.0242597 
0.0261921 
0.0277089 
0.0287546 
0.0292883 
0.0292964 
0.0288052 
0.0278919 
0.0266879 
0.0253597 
0.0240479 
0.0227887 
0.0214958 
0.0200508 
0.0184203 
0.0166734 
0.0149072 
0.0131812 
0.0115082 
0.00987373 
0.0082577 
0.00663919 
0.00500011 
0.00333621 
0.00166928 
4.49553e-05 
-0.00148272 
-0.00283356 
-0.00389358 
-0.0045374 
-0.0045374 
-0.0223401 
-0.0223401 
-0.0262941 
-0.0289217 
-0.0302874 
-0.0308284 
-0.0309099 
-0.0308113 
-0.0307071 
-0.0306765 
-0.0307282 
-0.0308266 
-0.0309135 
-0.0309224 
-0.0307855 
-0.0304381 
-0.0298221 
-0.028888 
-0.0275981 
-0.0259269 
-0.023862 
-0.0214041 
-0.0185673 
-0.0153805 
-0.0118892 
-0.00815466 
-0.00425085 
-0.000261028 
0.00372871 
0.00764119 
0.011417 
0.0150125 
0.0183938 
0.0215298 
0.0243851 
0.0269157 
0.029067 
0.0307772 
0.0319856 
0.0326451 
0.0327374 
0.0322885 
0.0313806 
0.0301534 
0.0287744 
0.027368 
0.0259445 
0.0244121 
0.0226881 
0.0207908 
0.0188177 
0.016862 
0.0149644 
0.0131204 
0.0113057 
0.0094887 
0.0076313 
0.00570948 
0.00373256 
0.00172315 
-0.000281835 
-0.00222547 
-0.00401108 
-0.00547879 
-0.00642225 
-0.00642225 
-0.0249669 
-0.0249669 
-0.0289785 
-0.0313788 
-0.0324662 
-0.0327955 
-0.0327429 
-0.0325965 
-0.0325163 
-0.0325622 
-0.0327213 
-0.0329399 
-0.0331471 
-0.0332667 
-0.0332234 
-0.0329455 
-0.0323679 
-0.0314352 
-0.0301045 
-0.0283468 
-0.0261475 
-0.0235052 
-0.0204324 
-0.0169585 
-0.013132 
-0.00902217 
-0.00471378 
-0.00030459 
0.00409815 
0.00839666 
0.0125223 
0.0164302 
0.0200893 
0.0234731 
0.0265509 
0.0292818 
0.0316125 
0.03348 
0.0348207 
0.0355842 
0.0357503 
0.0353468 
0.0344624 
0.0332413 
0.0318419 
0.0303605 
0.02878 
0.0270192 
0.0250473 
0.0229347 
0.0207945 
0.0187042 
0.0166822 
0.0147082 
0.0127452 
0.0107401 
0.0086482 
0.00645535 
0.00415923 
0.00176977 
-0.000686625 
-0.00316173 
-0.0055373 
-0.00758945 
-0.00898442 
-0.00898442 
-0.0270634 
-0.0270634 
-0.0310976 
-0.0332759 
-0.0341246 
-0.0342834 
-0.034126 
-0.0339482 
-0.0338942 
-0.0340084 
-0.0342593 
-0.0345806 
-0.0348919 
-0.0351108 
-0.035156 
-0.0349496 
-0.0344202 
-0.0335059 
-0.0321588 
-0.0303459 
-0.02805 
-0.0252673 
-0.0220077 
-0.0182985 
-0.0141894 
-0.00975567 
-0.00509017 
-0.000305257 
0.004462 
0.00909266 
0.0135142 
0.0176845 
0.0215771 
0.0251692 
0.0284331 
0.0313295 
0.0338054 
0.0357976 
0.0372412 
0.0380855 
0.0383124 
0.0379553 
0.0371097 
0.0359188 
0.0345197 
0.0329715 
0.0312391 
0.0292733 
0.0271057 
0.0248474 
0.0226097 
0.020446 
0.0183523 
0.0162932 
0.0142097 
0.0120379 
0.00973673 
0.00728071 
0.00464924 
0.0018361 
-0.0011643 
-0.00433092 
-0.00750623 
-0.0103593 
-0.0123781 
-0.0123781 
-0.0286401 
-0.0286401 
-0.032661 
-0.0346416 
-0.0353033 
-0.0353331 
-0.0350966 
-0.0348949 
-0.0348587 
-0.0350218 
-0.0353394 
-0.0357372 
-0.0361294 
-0.0364294 
-0.0365516 
-0.036413 
-0.0359363 
-0.0350538 
-0.0337116 
-0.0318728 
-0.0295171 
-0.0266389 
-0.0232451 
-0.019359 
-0.0150294 
-0.010337 
-0.0053803 
-0.000286549 
0.00477572 
0.00967041 
0.0143284 
0.018713 
0.0228003 
0.0265686 
0.0299896 
0.0330234 
0.0356162 
0.0377045 
0.0392244 
0.0401286 
0.0404052 
0.0400969 
0.0393047 
0.0381613 
0.03677 
0.0351536 
0.0332795 
0.0311517 
0.0288616 
0.0265402 
0.0242803 
0.0221076 
0.019999 
0.0178998 
0.0157341 
0.0134388 
0.0109632 
0.00826098 
0.00528026 
0.00197468 
-0.00172951 
-0.00582184 
-0.0100319 
-0.0138675 
-0.0166247 
-0.0166247 
-0.0297061 
-0.0297061 
-0.0336865 
-0.0355092 
-0.0360409 
-0.0359801 
-0.0356859 
-0.035461 
-0.0354271 
-0.0356132 
-0.0359669 
-0.0364107 
-0.0368557 
-0.0372134 
-0.0373954 
-0.037315 
-0.0368901 
-0.0360475 
-0.0347275 
-0.0328881 
-0.0305059 
-0.0275736 
-0.0240969 
-0.0200952 
-0.0156123 
-0.0107313 
-0.00555879 
-0.000248185 
0.00500644 
0.0100805 
0.014914 
0.019469 
0.023718 
0.0276349 
0.0311878 
0.0343337 
0.0370174 
0.0391758 
0.0407486 
0.0416955 
0.0420157 
0.0417622 
0.0410359 
0.0399464 
0.0385569 
0.0368684 
0.0348788 
0.0326557 
0.0303324 
0.0280356 
0.0258283 
0.023712 
0.0216465 
0.0195568 
0.0173631 
0.0149967 
0.0123863 
0.00944632 
0.00606499 
0.0021167 
-0.00254107 
-0.00780565 
-0.0131955 
-0.0180593 
-0.0215561 
-0.0215561 
-0.0302904 
-0.0302904 
-0.0342133 
-0.035925 
-0.0363797 
-0.0362608 
-0.035925 
-0.0356721 
-0.0356216 
-0.0358022 
-0.0361604 
-0.0366183 
-0.0370865 
-0.037476 
-0.0376973 
-0.0376617 
-0.0372838 
-0.0364857 
-0.035202 
-0.0333849 
-0.0310064 
-0.0280581 
-0.0245467 
-0.0204918 
-0.0159321 
-0.0109478 
-0.00566159 
-0.000252708 
0.00509852 
0.0102859 
0.0152463 
0.019934 
0.024313 
0.0283504 
0.0320085 
0.0352401 
0.0379886 
0.0401928 
0.0417988 
0.0427774 
0.0431407 
0.0429497 
0.0422941 
0.0412502 
0.0398479 
0.0380944 
0.036041 
0.0338108 
0.0315505 
0.0293617 
0.0272788 
0.0252854 
0.0233193 
0.0212984 
0.0191416 
0.0167634 
0.0140504 
0.0108403 
0.00691773 
0.00207072 
-0.00380941 
-0.0103692 
-0.0169132 
-0.02272 
-0.0268876 
-0.0268876 
-0.030429 
-0.030429 
-0.0342781 
-0.035928 
-0.036354 
-0.0362074 
-0.0358459 
-0.0355609 
-0.0354762 
-0.0356236 
-0.0359543 
-0.0363927 
-0.0368513 
-0.0372421 
-0.0374765 
-0.0374656 
-0.037123 
-0.0363677 
-0.0351301 
-0.0333568 
-0.0310145 
-0.0280916 
-0.0245961 
-0.0205539 
-0.0160085 
-0.0110319 
-0.00573588 
-0.000300971 
0.00508553 
0.0103269 
0.0153609 
0.0201338 
0.0246009 
0.0287208 
0.0324488 
0.0357333 
0.0385169 
0.0407426 
0.0423659 
0.043371 
0.0437815 
0.0436567 
0.0430638 
0.0420458 
0.0406225 
0.0388375 
0.0367997 
0.0346608 
0.032554 
0.0305502 
0.0286602 
0.0268463 
0.0250378 
0.0231528 
0.0211007 
0.0187574 
0.0159262 
0.0123197 
0.00761326 
0.00159848 
-0.00562951 
-0.0134176 
-0.0209755 
-0.0275969 
-0.0323601 
-0.0323601 
-0.0301411 
-0.0301411 
-0.0339437 
-0.0355754 
-0.0360078 
-0.035857 
-0.0354785 
-0.0351557 
-0.0350205 
-0.0351115 
-0.035388 
-0.0357788 
-0.0361998 
-0.0365654 
-0.0367893 
-0.0367845 
-0.0364649 
-0.0357486 
-0.034563 
-0.0328502 
-0.0305719 
-0.027712 
-0.0242781 
-0.0202999 
-0.0158314 
-0.0109499 
-0.00576143 
-0.00040592 
0.0049561 
0.010202 
0.0152622 
0.0200749 
0.0245872 
0.0287493 
0.0325099 
0.0358144 
0.0386065 
0.0408355 
0.0424681 
0.0434992 
0.0439556 
0.0438865 
0.0433324 
0.0423201 
0.0408908 
0.0391393 
0.0372128 
0.0352605 
0.0333865 
0.0316318 
0.0299868 
0.0284049 
0.026815 
0.0251329 
0.0232405 
0.0209365 
0.0178927 
0.0136827 
0.00794672 
0.000618481 
-0.00789948 
-0.0167473 
-0.0251631 
-0.0324789 
-0.037773 
-0.037773 
-0.0294673 
-0.0294673 
-0.0332533 
-0.0349047 
-0.0353739 
-0.0352425 
-0.0348585 
-0.0344977 
-0.0343011 
-0.0343171 
-0.0345159 
-0.034833 
-0.0351892 
-0.0355028 
-0.0356912 
-0.0356714 
-0.0353601 
-0.034677 
-0.0335488 
-0.0319149 
-0.0297326 
-0.0269814 
-0.0236652 
-0.0198125 
-0.0154775 
-0.0107374 
-0.00569522 
-0.000476564 
0.00478097 
0.00996128 
0.0149835 
0.0197768 
0.0242794 
0.0284334 
0.0321823 
0.0354698 
0.0382429 
0.0404591 
0.0420948 
0.0431503 
0.0436459 
0.0436121 
0.0430763 
0.0420779 
0.0406986 
0.0390724 
0.0373533 
0.0356658 
0.0340814 
0.0326201 
0.031263 
0.029962 
0.0286483 
0.0272237 
0.0255118 
0.0231901 
0.0197749 
0.0147505 
0.00783765 
-0.000787191 
-0.0104306 
-0.0201696 
-0.0293061 
-0.0372081 
-0.0429743 
-0.0429743 
-0.028446 
-0.028446 
-0.0322469 
-0.0339512 
-0.0344855 
-0.0343973 
-0.0340225 
-0.0336289 
-0.0333662 
-0.0332952 
-0.0333993 
-0.0336226 
-0.0338918 
-0.0341301 
-0.03426 
-0.0342036 
-0.0338829 
-0.0332211 
-0.0321472 
-0.0305999 
-0.0285339 
-0.0259241 
-0.0227695 
-0.0190946 
-0.0149497 
-0.0104079 
-0.00556469 
-0.000531166 
0.00456954 
0.00962552 
0.0145507 
0.0192675 
0.0237071 
0.0278053 
0.0315021 
0.0347411 
0.0374735 
0.0396627 
0.0412894 
0.0423522 
0.0428623 
0.042842 
0.0423273 
0.0413875 
0.0401388 
0.0387269 
0.0372875 
0.0359142 
0.0346547 
0.033518 
0.0324829 
0.0315049 
0.030513 
0.029375 
0.0278209 
0.0253777 
0.0214281 
0.0154525 
0.0073477 
-0.00244592 
-0.0130461 
-0.0235445 
-0.03328 
-0.0416647 
-0.0478447 
-0.0478447 
-0.0271148 
-0.0271148 
-0.0309586 
-0.0327452 
-0.0333715 
-0.0333519 
-0.0330059 
-0.0325915 
-0.0322662 
-0.0321039 
-0.0321031 
-0.0322186 
-0.0323847 
-0.0325298 
-0.0325819 
-0.0324693 
-0.0321206 
-0.0314651 
-0.0304361 
-0.0289747 
-0.0270347 
-0.0245876 
-0.0216269 
-0.0181699 
-0.0142595 
-0.0099611 
-0.00536132 
-0.000560317 
0.00433107 
0.00920723 
0.0139785 
0.0185635 
0.0228884 
0.0268849 
0.030491 
0.0336512 
0.0363193 
0.0384617 
0.0400591 
0.0411073 
0.0416156 
0.0416135 
0.0411587 
0.0403476 
0.0393097 
0.0381787 
0.0370621 
0.0360285 
0.0351123 
0.0343186 
0.0336295 
0.0330044 
0.0323601 
0.0315068 
0.0300542 
0.0273797 
0.0227847 
0.0158257 
0.00661198 
-0.00419293 
-0.0156195 
-0.0267727 
-0.0369918 
-0.0457555 
-0.0522892 
-0.0522892 
-0.0255077 
-0.0255077 
-0.029419 
-0.0313136 
-0.0320573 
-0.0321329 
-0.03184 
-0.0314243 
-0.031048 
-0.0307984 
-0.0306906 
-0.0306925 
-0.0307466 
-0.0307875 
-0.0307488 
-0.0305652 
-0.0301722 
-0.0295066 
-0.0285081 
-0.0271224 
-0.0253052 
-0.0230268 
-0.0202758 
-0.0170629 
-0.0134211 
-0.00940579 
-0.00509145 
-0.000566628 
0.00406989 
0.00871783 
0.0132852 
0.0176888 
0.0218518 
0.0257041 
0.0291828 
0.0322332 
0.0348104 
0.0368822 
0.0384302 
0.0394523 
0.0399659 
0.0400162 
0.0396807 
0.0390677 
0.0382988 
0.0374845 
0.036707 
0.0360194 
0.0354499 
0.0350053 
0.0346733 
0.034414 
0.0341194 
0.0335233 
0.0321068 
0.0291238 
0.0238526 
0.0159696 
0.00577973 
-0.00589733 
-0.0180588 
-0.0297765 
-0.0403657 
-0.0494033 
-0.0562281 
-0.0562281 
-0.0236552 
-0.0236552 
-0.0276551 
-0.0296797 
-0.0305646 
-0.0307623 
-0.0305505 
-0.0301595 
-0.0297525 
-0.0294286 
-0.02922 
-0.0291097 
-0.0290507 
-0.0289844 
-0.0288497 
-0.0285872 
-0.0281392 
-0.0274503 
-0.0264675 
-0.0251429 
-0.0234364 
-0.0213191 
-0.0187775 
-0.0158161 
-0.0124593 
-0.00875118 
-0.00475375 
-0.000542789 
0.00379694 
0.00817253 
0.012491 
0.0166686 
0.0206275 
0.024297 
0.0276142 
0.0305254 
0.0329879 
0.0349721 
0.0364641 
0.0374698 
0.0380191 
0.0381711 
0.0380116 
0.037644 
0.0371715 
0.0366814 
0.0362385 
0.0358873 
0.0356554 
0.0355532 
0.0355741 
0.0356736 
0.0357084 
0.035328 
0.0338963 
0.0305817 
0.0246811 
0.015994 
0.00497216 
-0.00746532 
-0.0202921 
-0.0324856 
-0.0433302 
-0.0525382 
-0.0595901 
-0.0595901 
-0.0215848 
-0.0215848 
-0.0256912 
-0.0278641 
-0.0289109 
-0.0292568 
-0.0291562 
-0.0288215 
-0.028412 
-0.0280352 
-0.0277404 
-0.0275269 
-0.0273608 
-0.0271915 
-0.0269635 
-0.0266224 
-0.0261167 
-0.0253977 
-0.0244201 
-0.0231428 
-0.0215313 
-0.0195601 
-0.0172154 
-0.0144984 
-0.0114262 
-0.00803296 
-0.0043682 
-0.000494547 
0.00351814 
0.00758622 
0.0116185 
0.0155326 
0.0192515 
0.0227056 
0.0258336 
0.0285844 
0.030919 
0.032813 
0.0342602 
0.0352762 
0.0359006 
0.0361977 
0.0362497 
0.0361458 
0.0359694 
0.0357902 
0.0356622 
0.0356263 
0.0357109 
0.0359313 
0.0362843 
0.0367158 
0.0370426 
0.0368353 
0.0353652 
0.0317519 
0.02533 
0.0159949 
0.00428137 
-0.00882936 
-0.0222534 
-0.0348235 
-0.0458096 
-0.0550908 
-0.0623069 
-0.0623069 
-0.0193219 
-0.0193219 
-0.0235496 
-0.0258854 
-0.0271111 
-0.0276283 
-0.0276689 
-0.0274254 
-0.0270479 
-0.0266482 
-0.0262896 
-0.0259891 
-0.0257279 
-0.0254656 
-0.0251533 
-0.0247413 
-0.0241829 
-0.0234353 
-0.0224594 
-0.021221 
-0.0196913 
-0.017849 
-0.0156824 
-0.0131912 
-0.0103882 
-0.00729977 
-0.00396518 
-0.000434923 
0.00323492 
0.00697266 
0.0106925 
0.0143161 
0.0177696 
0.0209865 
0.0239093 
0.026491 
0.0286982 
0.0305134 
0.0319379 
0.0329937 
0.0337239 
0.0341896 
0.0344623 
0.034615 
0.034715 
0.0348198 
0.0349773 
0.0352261 
0.0355962 
0.0361064 
0.0367544 
0.0374735 
0.0380432 
0.037971 
0.0364668 
0.0326305 
0.0258338 
0.0160234 
0.00374953 
-0.00995096 
-0.0238752 
-0.0366968 
-0.0477177 
-0.0569889 
-0.0643102 
-0.0643102 
-0.0168906 
-0.0168906 
-0.0212522 
-0.0237613 
-0.0251781 
-0.0258851 
-0.0260941 
-0.0259769 
-0.0256705 
-0.0252848 
-0.024893 
-0.0245286 
-0.0241896 
-0.0238485 
-0.0234649 
-0.0229943 
-0.0223943 
-0.0216262 
-0.0206563 
-0.0194555 
-0.0180006 
-0.0162746 
-0.0142684 
-0.0119822 
-0.00942631 
-0.00662162 
-0.00359945 
-0.000400276 
0.00293089 
0.00633398 
0.00973237 
0.0130545 
0.0162325 
0.0192053 
0.0219206 
0.0243375 
0.0264286 
0.0281824 
0.029605 
0.0307207 
0.0315699 
0.0322056 
0.0326867 
0.0330725 
0.0334181 
0.0337728 
0.0341798 
0.034676 
0.035292 
0.0360483 
0.0369407 
0.03789 
0.0386467 
0.0386782 
0.0371632 
0.0332033 
0.0261991 
0.0161066 
0.0034128 
-0.0107937 
-0.0250729 
-0.037993 
-0.0489609 
-0.0581611 
-0.0655365 
-0.0655365 
-0.0143153 
-0.0143153 
-0.0188211 
-0.0215104 
-0.0231251 
-0.0240339 
-0.0244326 
-0.0244739 
-0.0242786 
-0.023949 
-0.023562 
-0.0231642 
-0.0227702 
-0.0223679 
-0.021928 
-0.0214129 
-0.0207846 
-0.020008 
-0.0190527 
-0.0178938 
-0.0165121 
-0.0148941 
-0.0130335 
-0.0109312 
-0.00859677 
-0.00604791 
-0.00331074 
-0.000418583 
0.00259131 
0.005671 
0.00875521 
0.0117812 
0.0146889 
0.0174242 
0.0199416 
0.0222062 
0.0241961 
0.0259039 
0.0273373 
0.0285187 
0.0294831 
0.0302738 
0.0309386 
0.0315258 
0.0320814 
0.0326484 
0.0332656 
0.0339677 
0.0347843 
0.0357351 
0.0368119 
0.0379244 
0.0388056 
0.0389062 
0.0374045 
0.0334204 
0.0263752 
0.0162011 
0.00322823 
-0.0113433 
-0.0257505 
-0.0386002 
-0.049453 
-0.0585465 
-0.0659345 
-0.0659345 
-0.011621 
-0.011621 
-0.0162797 
-0.0191528 
-0.0209672 
-0.0220824 
-0.0226839 
-0.0229088 
-0.0228614 
-0.0226317 
-0.0222937 
-0.0219006 
-0.0214813 
-0.0210397 
-0.0205601 
-0.0200148 
-0.0193714 
-0.0185984 
-0.0176683 
-0.0165589 
-0.0152535 
-0.0137415 
-0.0120183 
-0.0100859 
-0.0079528 
-0.00563458 
-0.00315322 
-0.000536717 
0.0021832 
0.00496685 
0.00776074 
0.0105117 
0.0131684 
0.0156846 
0.0180218 
0.0201506 
0.0220535 
0.0237249 
0.0251722 
0.0264141 
0.0274789 
0.0284014 
0.0292203 
0.0299749 
0.0307043 
0.0314454 
0.0322328 
0.0330978 
0.0340673 
0.035158 
0.0363561 
0.0375643 
0.0385113 
0.0386536 
0.0371763 
0.0332334 
0.0262732 
0.0162513 
0.00319916 
-0.0115153 
-0.0257387 
-0.0383935 
-0.0491075 
-0.0580912 
-0.0654586 
-0.0654586 
-0.00883443 
-0.00883443 
-0.0136537 
-0.0167117 
-0.0187233 
-0.0200423 
-0.0208499 
-0.0212731 
-0.021402 
-0.0213126 
-0.0210698 
-0.0207266 
-0.0203199 
-0.0198675 
-0.0193686 
-0.0188076 
-0.0181607 
-0.0174014 
-0.0165049 
-0.015451 
-0.0142243 
-0.0128156 
-0.0112213 
-0.00944362 
-0.00749092 
-0.0053773 
-0.00312243 
-0.00075098 
0.00170872 
0.00422575 
0.00675776 
0.00926045 
0.011691 
0.0140108 
0.0161873 
0.0181961 
0.0200224 
0.0216616 
0.0231191 
0.0244098 
0.0255559 
0.0265849 
0.0275279 
0.0284173 
0.0292857 
0.0301645 
0.0310836 
0.0320699 
0.0331464 
0.0343252 
0.0355872 
0.0368283 
0.0377729 
0.0378904 
0.036409 
0.0325323 
0.0257292 
0.0159715 
0.00322511 
-0.0111381 
-0.0249828 
-0.0373704 
-0.0479204 
-0.056792 
-0.0641262 
-0.0641262 
-0.0059833 
-0.0059833 
-0.0109699 
-0.0142134 
-0.016417 
-0.0179319 
-0.0189396 
-0.0195631 
-0.0198838 
-0.019965 
-0.0198598 
-0.0196142 
-0.0192658 
-0.0188404 
-0.0183497 
-0.0177917 
-0.0171537 
-0.0164169 
-0.015561 
-0.0145679 
-0.0134235 
-0.0121191 
-0.0106512 
-0.00902198 
-0.00723849 
-0.00531286 
-0.00326177 
-0.00110615 
0.00112931 
0.00341715 
0.00572353 
0.00801197 
0.0102472 
0.0123971 
0.0144346 
0.0163391 
0.018098 
0.0197066 
0.0211687 
0.0224953 
0.0237035 
0.0248152 
0.0258551 
0.0268496 
0.0278255 
0.0288089 
0.0298244 
0.0308944 
0.0320367 
0.0332592 
0.0345334 
0.0357503 
0.0366393 
0.0366965 
0.0351999 
0.0314165 
0.0248466 
0.0154522 
0.00334594 
-0.0102879 
-0.0235857 
-0.0356034 
-0.0459416 
-0.054691 
-0.0619829 
-0.0619829 
-0.0030961 
-0.0030961 
-0.00825586 
-0.0116856 
-0.0140766 
-0.0157774 
-0.0169725 
-0.0177868 
-0.0182991 
-0.0185652 
-0.0186274 
-0.0185217 
-0.0182795 
-0.017927 
-0.0174825 
-0.0169549 
-0.016343 
-0.0156383 
-0.0148273 
-0.0138958 
-0.0128313 
-0.0116253 
-0.010274 
-0.00877835 
-0.00714459 
-0.00538355 
-0.00351049 
-0.00154448 
0.000491763 
0.00257556 
0.00468244 
0.00678232 
0.00884608 
0.0108469 
0.012762 
0.0145737 
0.0162707 
0.0178479 
0.0193076 
0.0206574 
0.0219105 
0.0230836 
0.0241965 
0.02527 
0.0263258 
0.0273845 
0.0284659 
0.0295873 
0.0307622 
0.0319888 
0.0332313 
0.0343783 
0.0351696 
0.0351369 
0.0336217 
0.0299612 
0.0237022 
0.0147937 
0.00350257 
-0.00914632 
-0.0216955 
-0.033225 
-0.0432876 
-0.0518884 
-0.0591229 
-0.0591229 
-0.000198559 
-0.000198559 
-0.00553577 
-0.00915504 
-0.0117324 
-0.0136117 
-0.0149807 
-0.0159689 
-0.0166588 
-0.0171052 
-0.0173448 
-0.017405 
-0.0173084 
-0.0170754 
-0.0167233 
-0.0162653 
-0.0157087 
-0.0150547 
-0.0142989 
-0.0134336 
-0.0124505 
-0.0113427 
-0.0101063 
-0.00874153 
-0.00725282 
-0.00564856 
-0.0039408 
-0.00214477 
-0.000279014 
0.00163615 
0.00357846 
0.00552316 
0.00744576 
0.00932361 
0.0111372 
0.0128708 
0.0145142 
0.0160619 
0.0175149 
0.0188787 
0.0201629 
0.0213804 
0.0225466 
0.0236774 
0.02479 
0.0258999 
0.0270226 
0.0281707 
0.0293493 
0.0305491 
0.0317279 
0.032774 
0.0334428 
0.0333094 
0.0317883 
0.0282923 
0.0224239 
0.0141317 
0.00376015 
-0.00782078 
-0.0194875 
-0.0304107 
-0.0401159 
-0.0485228 
-0.055674 
-0.055674 
0.00268604 
0.00268604 
-0.002828 
-0.00664278 
-0.00941178 
-0.01147 
-0.0130053 
-0.0141519 
-0.0149986 
-0.0156053 
-0.0160099 
-0.0162372 
-0.0163038 
-0.0162227 
-0.0160051 
-0.0156615 
-0.0152005 
-0.0146283 
-0.0139475 
-0.0131575 
-0.0122556 
-0.0112383 
-0.0101032 
-0.00885052 
-0.00748349 
-0.00600924 
-0.00443858 
-0.00278574 
-0.00106808 
0.000694884 
0.00248698 
0.00429079 
0.00608556 
0.00785198 
0.00957295 
0.0112342 
0.012826 
0.0143424 
0.0157828 
0.017151 
0.0184539 
0.0197009 
0.0209036 
0.0220737 
0.0232243 
0.0243667 
0.0255122 
0.0266664 
0.0278276 
0.02898 
0.0300762 
0.0310063 
0.0315457 
0.031318 
0.0298147 
0.0265261 
0.0211116 
0.0135261 
0.00412048 
-0.00637531 
-0.0170943 
-0.0273217 
-0.0365877 
-0.0447447 
-0.0517781 
-0.0517781 
0.00555127 
0.00555127 
-0.00014405 
-0.00416094 
-0.00713357 
-0.00938179 
-0.0110884 
-0.0123886 
-0.0133766 
-0.0141195 
-0.0146622 
-0.0150335 
-0.0152509 
-0.0153246 
-0.015261 
-0.0150649 
-0.0147407 
-0.0142926 
-0.0137244 
-0.0130391 
-0.0122385 
-0.011324 
-0.0102968 
-0.00915928 
-0.00791563 
-0.0065721 
-0.00513726 
-0.00362173 
-0.00203801 
-0.000400514 
0.00127553 
0.00297198 
0.00467067 
0.00635398 
0.00800651 
0.00961393 
0.0111666 
0.0126571 
0.0140856 
0.0154548 
0.0167694 
0.018036 
0.0192636 
0.0204599 
0.0216353 
0.0227969 
0.0239509 
0.0250971 
0.0262279 
0.0273221 
0.0283291 
0.0291429 
0.0295617 
0.0292589 
0.0278027 
0.0247598 
0.0198418 
0.01301 
0.00457847 
-0.0048533 
-0.0146081 
-0.0240859 
-0.0328455 
-0.0406963 
-0.0475741 
-0.0475741 
0.00840515 
0.00840515 
0.002517 
-0.00171022 
-0.00490194 
-0.00736212 
-0.0092604 
-0.0107275 
-0.0118583 
-0.0127253 
-0.0133811 
-0.0138631 
-0.0141958 
-0.0143943 
-0.0144666 
-0.014416 
-0.014243 
-0.0139469 
-0.0135271 
-0.0129831 
-0.0123151 
-0.0115244 
-0.0106132 
-0.00958542 
-0.00844671 
-0.00720495 
-0.00587013 
-0.00445423 
-0.00297121 
-0.00143678 
0.000132899 
0.00172334 
0.0033256 
0.00492463 
0.00650605 
0.00805553 
0.00956506 
0.0110251 
0.0124345 
0.013796 
0.0151128 
0.0163889 
0.0176306 
0.0188427 
0.0200327 
0.0212034 
0.0223559 
0.0234856 
0.0245805 
0.0256148 
0.0265364 
0.0272455 
0.027564 
0.0272144 
0.0258367 
0.0230688 
0.0186685 
0.0125991 
0.00511928 
-0.0032889 
-0.012093 
-0.0207978 
-0.0290038 
-0.0364998 
-0.0431856 
-0.0431856 
0.011268 
0.011268 
0.00517832 
0.000722112 
-0.00270589 
-0.00540557 
-0.00752825 
-0.00919363 
-0.0104919 
-0.0114951 
-0.0122608 
-0.0128334 
-0.0132469 
-0.0135256 
-0.0136862 
-0.0137384 
-0.0136861 
-0.0135288 
-0.0132628 
-0.0128831 
-0.012384 
-0.0117614 
-0.0110126 
-0.0101383 
-0.0091424 
-0.00803308 
-0.00682189 
-0.0055228 
-0.00415037 
-0.00271779 
-0.00123582 
0.000285248 
0.00183182 
0.00338547 
0.00493394 
0.00645936 
0.00794935 
0.00938946 
0.0107856 
0.0121445 
0.0134639 
0.0147476 
0.0159997 
0.0172228 
0.0184212 
0.0195949 
0.0207412 
0.0218522 
0.0229122 
0.0238926 
0.0247413 
0.0253662 
0.025613 
0.0252492 
0.0239799 
0.0215069 
0.017627 
0.0123021 
0.00573038 
-0.00170824 
-0.00959385 
-0.0175246 
-0.0251484 
-0.0322519 
-0.0387139 
-0.0387139 
0.0141679 
0.0141679 
0.0078734 
0.00316895 
-0.000521534 
-0.00348741 
-0.00587304 
-0.00777889 
-0.00928629 
-0.0104622 
-0.0113636 
-0.0120383 
-0.0125259 
-0.0128593 
-0.0130647 
-0.0131624 
-0.0131667 
-0.0130856 
-0.0129208 
-0.0126687 
-0.0123217 
-0.0118699 
-0.0113029 
-0.0106117 
-0.00979001 
-0.00883604 
-0.00775373 
-0.00655364 
-0.00525294 
-0.00387379 
-0.00244012 
-0.000974693 
0.000505108 
0.00199523 
0.00348726 
0.00495937 
0.00641071 
0.00782183 
0.00919216 
0.0105336 
0.0118458 
0.0131278 
0.0143829 
0.01561 
0.0168112 
0.0179837 
0.0191222 
0.0202162 
0.0212475 
0.0221856 
0.0229799 
0.0235469 
0.0237543 
0.0234106 
0.0222767 
0.02011 
0.0167396 
0.0121241 
0.00640475 
-0.000126043 
-0.00713769 
-0.0143096 
-0.0213391 
-0.0280242 
-0.0342369 
-0.0342369 
0.0171361 
0.0171361 
0.0106377 
0.00567149 
0.00169024 
-0.00157431 
-0.00425831 
-0.00644859 
-0.00821178 
-0.00960723 
-0.0106881 
-0.0115025 
-0.0120923 
-0.0124944 
-0.0127406 
-0.0128586 
-0.0128724 
-0.0128012 
-0.0126586 
-0.0124516 
-0.0121804 
-0.0118393 
-0.0114183 
-0.010905 
-0.0102867 
-0.00955151 
-0.00869061 
-0.00769945 
-0.00658002 
-0.00534311 
-0.00400912 
-0.00260553 
-0.0011564 
0.000325734 
0.00183629 
0.00334448 
0.00481668 
0.00620496 
0.00755294 
0.00890106 
0.0102185 
0.0115076 
0.0127669 
0.0139982 
0.0152013 
0.0163733 
0.0175071 
0.0185906 
0.0196039 
0.0205161 
0.0212789 
0.0218175 
0.02202 
0.0217297 
0.0207546 
0.0188989 
0.0160185 
0.0120683 
0.00713973 
0.00145104 
-0.00473845 
-0.0111775 
-0.0176132 
-0.0238647 
-0.0298091 
-0.0298091 
0.020204 
0.020204 
0.0135047 
0.00826755 
0.00396987 
0.000371035 
-0.00264676 
-0.00516195 
-0.00722404 
-0.00888273 
-0.0101857 
-0.0111803 
-0.0119111 
-0.0124178 
-0.0127354 
-0.0128946 
-0.0129229 
-0.0128452 
-0.0126831 
-0.0124538 
-0.0121694 
-0.0118353 
-0.0114512 
-0.0110111 
-0.010506 
-0.00992403 
-0.00925217 
-0.00847572 
-0.00757813 
-0.0065414 
-0.0053494 
-0.00399814 
-0.00251309 
-0.000971523 
0.000524636 
0.0019368 
0.00334572 
0.00470944 
0.0060233 
0.00733582 
0.00863766 
0.00991753 
0.0111729 
0.0124023 
0.0136047 
0.0147763 
0.0159091 
0.01699 
0.0179982 
0.018903 
0.019659 
0.0201998 
0.020431 
0.0202252 
0.0194288 
0.0178844 
0.0154702 
0.0121375 
0.0079383 
0.00302621 
-0.00239771 
-0.00813753 
-0.0139898 
-0.0198016 
-0.0254648 
-0.0254648 
0.0234001 
0.0234001 
0.0165038 
0.010987 
0.00635118 
0.00238319 
-0.00100874 
-0.00388668 
-0.00628881 
-0.00824959 
-0.00980953 
-0.0110145 
-0.0119125 
-0.0125488 
-0.0129639 
-0.0131926 
-0.0132652 
-0.0132079 
-0.0130444 
-0.0127951 
-0.0124775 
-0.0121048 
-0.0116859 
-0.0112254 
-0.010724 
-0.0101796 
-0.00958851 
-0.00894557 
-0.00824379 
-0.00747165 
-0.00660942 
-0.00562603 
-0.00448096 
-0.00313304 
-0.00156873 
0.00014587 
0.00179015 
0.00309491 
0.00430849 
0.00568607 
0.00702853 
0.00832245 
0.00958131 
0.01081 
0.0120131 
0.0131881 
0.0143274 
0.0154172 
0.0164366 
0.0173554 
0.0181313 
0.0187054 
0.018998 
0.0189053 
0.0183048 
0.0170696 
0.0150966 
0.0123345 
0.00880519 
0.00460809 
-0.000106758 
-0.00518623 
-0.0104728 
-0.0158469 
-0.021221 
-0.021221 
0.0267503 
0.0267503 
0.0196615 
0.0138564 
0.008861 
0.00448977 
0.000682044 
-0.0026025 
-0.00538702 
-0.00768979 
-0.00954021 
-0.0109803 
-0.0120615 
-0.0128364 
-0.0133544 
-0.0136581 
-0.0137833 
-0.0137602 
-0.0136148 
-0.0133691 
-0.0130419 
-0.0126484 
-0.0122004 
-0.0117066 
-0.0111726 
-0.0106023 
-0.00999794 
-0.00936088 
-0.00869108 
-0.00798519 
-0.00723261 
-0.00640999 
-0.00548161 
-0.00439787 
-0.00309893 
-0.00149601 
0.000211005 
0.00160291 
0.00286452 
0.00416899 
0.00547812 
0.00676053 
0.00801493 
0.00924152 
0.0104453 
0.0116259 
0.0127772 
0.013886 
0.0149317 
0.0158849 
0.0167061 
0.0173428 
0.0177268 
0.0177733 
0.0173833 
0.0164542 
0.0148982 
0.0126629 
0.00974775 
0.00620964 
0.00215056 
-0.00231031 
-0.00705475 
-0.0119991 
-0.0170806 
-0.0170806 
0.0302773 
0.0302773 
0.0230008 
0.0168998 
0.0115241 
0.00671628 
0.00244805 
-0.00129181 
-0.00450507 
-0.00719501 
-0.00937389 
-0.0110765 
-0.0123564 
-0.0132747 
-0.0138922 
-0.0142625 
-0.0144305 
-0.0144326 
-0.0142992 
-0.0140556 
-0.0137231 
-0.0133193 
-0.0128576 
-0.0123484 
-0.0117986 
-0.0112132 
-0.0105961 
-0.00995065 
-0.00928038 
-0.00858784 
-0.00787101 
-0.00711522 
-0.00629224 
-0.00537578 
-0.00436641 
-0.00329119 
-0.00222805 
-0.00116262 
0.000228273 
0.0020411 
0.00369603 
0.00510149 
0.0064043 
0.00764862 
0.00886606 
0.0100647 
0.0112422 
0.0123869 
0.0134791 
0.0144907 
0.0153846 
0.0161133 
0.0166179 
0.0168276 
0.0166616 
0.0160359 
0.0148754 
0.0131277 
0.0107761 
0.00784558 
0.00439663 
0.00051183 
-0.0037196 
-0.00824654 
-0.0130349 
-0.0130349 
0.0339992 
0.0339992 
0.026541 
0.0201383 
0.0143635 
0.00908636 
0.00431257 
6.46091e-05 
-0.00363057 
-0.00675863 
-0.00931042 
-0.0113082 
-0.0128056 
-0.0138728 
-0.0145848 
-0.01501 
-0.0152056 
-0.015217 
-0.0150807 
-0.0148262 
-0.0144781 
-0.0140563 
-0.0135771 
-0.0130528 
-0.0124925 
-0.0119024 
-0.0112867 
-0.0106479 
-0.00998804 
-0.00930867 
-0.00861042 
-0.00788829 
-0.0071268 
-0.00630415 
-0.00540531 
-0.00441361 
-0.00336422 
-0.00239665 
-0.00123953 
0.000219737 
0.00174476 
0.00322205 
0.00462153 
0.00595066 
0.00723352 
0.00848745 
0.00971909 
0.0109237 
0.012086 
0.0131808 
0.0141739 
0.0150223 
0.0156741 
0.0160688 
0.016139 
0.0158146 
0.0150306 
0.013736 
0.011903 
0.00953259 
0.00665301 
0.00330774 
-0.000442705 
-0.00456906 
-0.00906508 
-0.00906508 
0.0379281 
0.0379281 
0.030296 
0.023589 
0.0173997 
0.0116229 
0.0062991 
0.00148752 
-0.00274967 
-0.00637268 
-0.00934888 
-0.011681 
-0.0134193 
-0.0146428 
-0.0154435 
-0.0159092 
-0.0161135 
-0.0161142 
-0.0159558 
-0.0156733 
-0.0152949 
-0.0148434 
-0.014337 
-0.0137901 
-0.0132135 
-0.0126149 
-0.0119998 
-0.0113715 
-0.0107322 
-0.0100825 
-0.00942161 
-0.00874541 
-0.00804373 
-0.00730456 
-0.0065203 
-0.00569229 
-0.00481951 
-0.00391403 
-0.00285103 
-0.00169139 
-0.000507311 
0.000805756 
0.00222545 
0.00368981 
0.00514551 
0.00657604 
0.00797405 
0.00933413 
0.0106452 
0.0118879 
0.0130343 
0.0140476 
0.0148835 
0.0154908 
0.015813 
0.0157914 
0.0153693 
0.0144983 
0.0131439 
0.0112902 
0.00893996 
0.00610678 
0.002812 
-0.000935225 
-0.00514161 
-0.00514161 
0.0420678 
0.0420678 
0.034272 
0.0272628 
0.0206489 
0.0143463 
0.00842968 
0.00299741 
-0.00184565 
-0.00602674 
-0.0094859 
-0.0121985 
-0.0142065 
-0.0155966 
-0.0164806 
-0.0169703 
-0.0171613 
-0.0171277 
-0.0169248 
-0.0165941 
-0.016168 
-0.0156721 
-0.0151268 
-0.0145482 
-0.0139483 
-0.013336 
-0.0127174 
-0.0120961 
-0.0114742 
-0.0108519 
-0.0102277 
-0.00959856 
-0.0089561 
-0.00829073 
-0.00759076 
-0.0068536 
-0.00605666 
-0.00524084 
-0.00431547 
-0.00326421 
-0.0021246 
-0.000905053 
0.000383486 
0.0017332 
0.00314739 
0.00461625 
0.00611813 
0.00762818 
0.00911848 
0.0105583 
0.0119135 
0.0131463 
0.0142145 
0.0150725 
0.0156717 
0.0159622 
0.015895 
0.0154252 
0.0145156 
0.0131391 
0.0112802 
0.00892916 
0.00607912 
0.00270358 
-0.00122224 
-0.00122224 
0.0464107 
0.0464107 
0.0384647 
0.0311612 
0.0241202 
0.0172722 
0.0107245 
0.00461613 
-0.000899561 
-0.00570735 
-0.00971408 
-0.0128601 
-0.0151724 
-0.0167431 
-0.0177056 
-0.0182011 
-0.0183535 
-0.0182586 
-0.0179853 
-0.0175834 
-0.01709 
-0.0165337 
-0.0159365 
-0.0153158 
-0.0146848 
-0.0140529 
-0.0134269 
-0.0128109 
-0.0122068 
-0.0116149 
-0.0110331 
-0.0104584 
-0.00988362 
-0.00930177 
-0.00870077 
-0.00808023 
-0.00741236 
-0.00671054 
-0.00591272 
-0.0050259 
-0.00405515 
-0.00297439 
-0.00178484 
-0.00049022 
0.000911455 
0.00242137 
0.00402281 
0.00568867 
0.00738384 
0.00906649 
0.010691 
0.0122103 
0.0135768 
0.0147435 
0.0156644 
0.0162948 
0.0165918 
0.0165151 
0.016028 
0.0150981 
0.0136979 
0.0118006 
0.00937968 
0.00638415 
0.00274691 
0.00274691 
0.0509343 
0.0509343 
0.0428549 
0.035273 
0.0278122 
0.0204095 
0.0132 
0.00636329 
0.000106612 
-0.00539918 
-0.0100211 
-0.0136594 
-0.0163163 
-0.0180861 
-0.0191238 
-0.0196059 
-0.0196917 
-0.0195049 
-0.0191324 
-0.0186339 
-0.0180519 
-0.0174174 
-0.0167544 
-0.0160808 
-0.0154102 
-0.0147525 
-0.0141145 
-0.0135001 
-0.0129111 
-0.0123473 
-0.0118064 
-0.0112853 
-0.0107766 
-0.0102738 
-0.0097627 
-0.00924211 
-0.0086802 
-0.00808717 
-0.00741263 
-0.00664571 
-0.00577699 
-0.0047936 
-0.00368668 
-0.00244793 
-0.00106961 
0.000447487 
0.00209001 
0.00384373 
0.00568007 
0.00755889 
0.00943059 
0.0112397 
0.0129285 
0.0144404 
0.0157228 
0.0167277 
0.0174123 
0.0177375 
0.0176675 
0.0171679 
0.0162048 
0.0147405 
0.012734 
0.0101136 
0.00678086 
0.00678086 
0.055597 
0.055597 
0.0474051 
0.0395688 
0.0317075 
0.0237536 
0.0158629 
0.0082543 
0.0011939 
-0.00508105 
-0.0103872 
-0.0145801 
-0.0176271 
-0.0196193 
-0.0207324 
-0.0211822 
-0.0211715 
-0.0208597 
-0.0203565 
-0.019734 
-0.0190406 
-0.0183098 
-0.0175666 
-0.0168291 
-0.0161109 
-0.0154217 
-0.014768 
-0.0141535 
-0.0135796 
-0.0130459 
-0.0125496 
-0.0120881 
-0.0116536 
-0.0112402 
-0.0108333 
-0.0104298 
-0.00999948 
-0.00954031 
-0.00900825 
-0.00839088 
-0.00766606 
-0.00680921 
-0.0057995 
-0.00461902 
-0.00325468 
-0.00170308 
2.59057e-05 
0.00191497 
0.00393128 
0.0060309 
0.00816169 
0.0102664 
0.0122841 
0.0141531 
0.0158145 
0.0172145 
0.0183058 
0.0190464 
0.0193985 
0.0193253 
0.0187889 
0.0177445 
0.0161404 
0.0138876 
0.0108569 
0.0108569 
0.0603347 
0.0603347 
0.0520544 
0.0439963 
0.0357668 
0.027281 
0.0187058 
0.0102952 
0.00237927 
-0.00472878 
-0.0107848 
-0.015594 
-0.01908 
-0.0213231 
-0.0225162 
-0.0229173 
-0.0227804 
-0.0223089 
-0.021642 
-0.0208671 
-0.020039 
-0.0191936 
-0.018356 
-0.0175441 
-0.0167705 
-0.0160443 
-0.0153711 
-0.0147542 
-0.014194 
-0.01369 
-0.0132391 
-0.0128386 
-0.0124808 
-0.0121591 
-0.0118585 
-0.0115732 
-0.0112745 
-0.0109532 
-0.0105667 
-0.010095 
-0.00950663 
-0.00877106 
-0.00785603 
-0.00673164 
-0.0053742 
-0.00377275 
-0.00193422 
0.000116726 
0.00233378 
0.00466605 
0.00705678 
0.00944671 
0.0117745 
0.0139781 
0.0159978 
0.0177775 
0.019266 
0.020417 
0.0211877 
0.0215364 
0.0214194 
0.020785 
0.0195721 
0.0176755 
0.0149376 
0.0149376 
0.0650572 
0.0650572 
0.0567147 
0.0484752 
0.0399236 
0.0309441 
0.021703 
0.0124811 
0.00367365 
-0.00431879 
-0.0111785 
-0.0166587 
-0.0206316 
-0.0231587 
-0.024443 
-0.0247844 
-0.0244942 
-0.0238295 
-0.0229661 
-0.0220104 
-0.0210249 
-0.0200475 
-0.0191026 
-0.0182068 
-0.0173713 
-0.0166037 
-0.0159086 
-0.0152883 
-0.0147425 
-0.0142701 
-0.0138683 
-0.0135345 
-0.013261 
-0.0130408 
-0.0128587 
-0.0127061 
-0.0125572 
-0.0123954 
-0.0121776 
-0.0118786 
-0.011457 
-0.0108706 
-0.0100723 
-0.00901699 
-0.00766809 
-0.00600579 
-0.00403368 
-0.00178129 
0.000696215 
0.00332965 
0.00604501 
0.0087714 
0.0114389 
0.0139827 
0.0163454 
0.0184762 
0.0203289 
0.0218594 
0.0230233 
0.0237738 
0.0240601 
0.023821 
0.0229846 
0.021429 
0.0189698 
0.0189698 
0.0696473 
0.0696473 
0.0612693 
0.0528937 
0.0440788 
0.0346642 
0.0248023 
0.0147868 
0.00507609 
-0.00383016 
-0.0115259 
-0.0177155 
-0.0222171 
-0.0250636 
-0.0264583 
-0.0267378 
-0.0262744 
-0.0253872 
-0.0242969 
-0.0231342 
-0.0219707 
-0.0208458 
-0.0197825 
-0.0187952 
-0.0178927 
-0.0170807 
-0.016362 
-0.0157377 
-0.0152066 
-0.0147672 
-0.0144168 
-0.0141534 
-0.0139688 
-0.0138557 
-0.0137988 
-0.0137875 
-0.0137978 
-0.0138091 
-0.0137767 
-0.0136682 
-0.0134322 
-0.0130128 
-0.012345 
-0.0113649 
-0.0100193 
-0.00827786 
-0.00614074 
-0.00364204 
-0.000848313 
0.00214166 
0.00522894 
0.00832911 
0.0113599 
0.0142486 
0.0169377 
0.0193837 
0.0215513 
0.0234072 
0.0249132 
0.0260225 
0.0266778 
0.0268066 
0.0263235 
0.025088 
0.022889 
0.022889 
0.0739621 
0.0739621 
0.065573 
0.0571078 
0.048097 
0.0383255 
0.0279188 
0.0171638 
0.00657207 
-0.00324768 
-0.0117794 
-0.0186895 
-0.0237479 
-0.0269484 
-0.0284811 
-0.0287091 
-0.0280642 
-0.0269339 
-0.0255926 
-0.0242013 
-0.0228429 
-0.0215586 
-0.0203691 
-0.0192853 
-0.0183132 
-0.0174556 
-0.0167133 
-0.0160858 
-0.015571 
-0.0151671 
-0.0148719 
-0.0146841 
-0.0145949 
-0.0145967 
-0.0146755 
-0.0148192 
-0.0150052 
-0.0152109 
-0.0153909 
-0.0155032 
-0.0154851 
-0.0152622 
-0.0147469 
-0.0138526 
-0.0125086 
-0.0106745 
-0.00834873 
-0.00557077 
-0.00241992 
0.000985475 
0.00451593 
0.00805686 
0.0115065 
0.0147738 
0.0177951 
0.0205327 
0.0229672 
0.0250851 
0.0268651 
0.0282693 
0.0292392 
0.0296923 
0.0295272 
0.0285828 
0.026621 
0.026621 
0.077837 
0.077837 
0.0694567 
0.0609444 
0.0518076 
0.0417712 
0.0309267 
0.0195321 
0.00813102 
-0.00255886 
-0.0118854 
-0.019491 
-0.0251141 
-0.028698 
-0.0304044 
-0.030606 
-0.0297875 
-0.0284071 
-0.0268008 
-0.0251666 
-0.0236025 
-0.0221517 
-0.0208323 
-0.0196508 
-0.0186092 
-0.017707 
-0.0169425 
-0.0163137 
-0.0158172 
-0.0154511 
-0.0152142 
-0.0151053 
-0.0151155 
-0.0152378 
-0.0154595 
-0.0157691 
-0.0161445 
-0.0165631 
-0.0169791 
-0.017338 
-0.017563 
-0.0175558 
-0.0172023 
-0.0163915 
-0.0150366 
-0.013091 
-0.0105538 
-0.00746918 
-0.00392759 
-5.83764e-05 
0.00396636 
0.00799215 
0.0118954 
0.0155603 
0.0189121 
0.021917 
0.0245713 
0.0268856 
0.0288636 
0.030486 
0.0317009 
0.0324196 
0.0325254 
0.0318341 
0.0300815 
0.0300815 
0.0810944 
0.0810944 
0.0727372 
0.0642117 
0.0550143 
0.0448092 
0.0336572 
0.0217711 
0.00969436 
-0.00176929 
-0.0117972 
-0.020025 
-0.0261916 
-0.0301775 
-0.0320974 
-0.0323131 
-0.0313483 
-0.0297292 
-0.0278583 
-0.0259778 
-0.0242053 
-0.0225878 
-0.0211401 
-0.0198641 
-0.0187567 
-0.0178138 
-0.0170306 
-0.0164035 
-0.0159281 
-0.0156027 
-0.0154271 
-0.0154001 
-0.0155132 
-0.0157607 
-0.0161326 
-0.0166188 
-0.0171988 
-0.0178486 
-0.0185222 
-0.0191513 
-0.0196373 
-0.0198536 
-0.019657 
-0.0189157 
-0.0175338 
-0.0154655 
-0.0127138 
-0.0093261 
-0.00539701 
-0.00105904 
0.00348558 
0.00804049 
0.012441 
0.0165309 
0.0202177 
0.0234698 
0.0263013 
0.0287507 
0.0308527 
0.0326142 
0.0339982 
0.034915 
0.0352355 
0.0347521 
0.0331757 
0.0331757 
0.0835525 
0.0835525 
0.0752304 
0.0667132 
0.0575087 
0.0472238 
0.0359003 
0.0237116 
0.0111903 
-0.00084985 
-0.01144 
-0.020185 
-0.0268483 
-0.0312415 
-0.0334153 
-0.0336985 
-0.0326345 
-0.030809 
-0.0286921 
-0.0265759 
-0.024603 
-0.0228269 
-0.0212595 
-0.0198972 
-0.0187317 
-0.0177546 
-0.0169583 
-0.0163372 
-0.0158862 
-0.0156038 
-0.0154913 
-0.0155468 
-0.0157634 
-0.016138 
-0.0166641 
-0.0173336 
-0.0181288 
-0.0190226 
-0.0199641 
-0.0208712 
-0.0216147 
-0.0220357 
-0.0219674 
-0.021265 
-0.019836 
-0.0176437 
-0.0146962 
-0.011038 
-0.0067547 
-0.00196912 
0.00309941 
0.00819945 
0.013102 
0.0176095 
0.0216111 
0.0250773 
0.0280405 
0.0305682 
0.0327281 
0.0345568 
0.0360374 
0.0370841 
0.0375596 
0.0372343 
0.035798 
0.035798 
0.0850457 
0.0850457 
0.0767714 
0.068275 
0.0591104 
0.0488275 
0.0374616 
0.0251451 
0.0124518 
0.000145156 
-0.0108012 
-0.0199256 
-0.027004 
-0.0317838 
-0.0342377 
-0.0346421 
-0.0335373 
-0.0315529 
-0.0292237 
-0.0268966 
-0.0247435 
-0.0228265 
-0.0211556 
-0.0197219 
-0.018511 
-0.01751 
-0.0167081 
-0.0160985 
-0.0156754 
-0.0154382 
-0.015389 
-0.0155259 
-0.0158442 
-0.0163443 
-0.0170242 
-0.017879 
-0.0188932 
-0.0200356 
-0.0212424 
-0.022409 
-0.023379 
-0.0239565 
-0.0239639 
-0.0232616 
-0.0217741 
-0.0194798 
-0.0163894 
-0.0125376 
-0.007989 
-0.00284502 
0.00268855 
0.00832698 
0.0137435 
0.0186646 
0.0229519 
0.0265872 
0.0296306 
0.0321831 
0.034345 
0.0361819 
0.0376977 
0.038813 
0.0393864 
0.0391683 
0.0378344 
0.0378344 
0.085389 
0.085389 
0.0772242 
0.0687505 
0.0596487 
0.0494384 
0.0381422 
0.0259006 
0.0133518 
0.00122917 
-0.00980593 
-0.0191849 
-0.0265836 
-0.0317014 
-0.0344355 
-0.0350034 
-0.0339247 
-0.031852 
-0.02937 
-0.0268768 
-0.0245783 
-0.0225495 
-0.0207997 
-0.0193146 
-0.0180742 
-0.0170623 
-0.0162647 
-0.0156729 
-0.0152814 
-0.0150904 
-0.0151027 
-0.0153165 
-0.0157306 
-0.0163497 
-0.0171764 
-0.0182097 
-0.0194354 
-0.0208145 
-0.0222636 
-0.0236448 
-0.0247702 
-0.025436 
-0.0254634 
-0.0247266 
-0.0231844 
-0.0208287 
-0.0176663 
-0.0137153 
-0.00900968 
-0.00361704 
0.00232087 
0.00844764 
0.0143047 
0.0195637 
0.024061 
0.0277984 
0.0308664 
0.0333988 
0.0355234 
0.0373287 
0.0388354 
0.0399701 
0.0405911 
0.0404326 
0.039167 
0.039167 
0.0844703 
0.0844703 
0.0764814 
0.0680522 
0.0590439 
0.0489947 
0.0379123 
0.0259899 
0.0138437 
0.00211048 
-0.00871011 
-0.0180914 
-0.025632 
-0.0309775 
-0.0339539 
-0.0347056 
-0.033707 
-0.0316123 
-0.0290434 
-0.0264436 
-0.0240505 
-0.0219521 
-0.0201585 
-0.018651 
-0.017405 
-0.0163987 
-0.0156162 
-0.0150492 
-0.0146925 
-0.0145478 
-0.0146174 
-0.0149003 
-0.0153997 
-0.0161247 
-0.017083 
-0.0182768 
-0.0196905 
-0.0212726 
-0.0229131 
-0.0244387 
-0.0256348 
-0.0262954 
-0.0262733 
-0.0254918 
-0.0239253 
-0.0215694 
-0.0184222 
-0.0144864 
-0.009773 
-0.00432706 
0.00178656 
0.00832823 
0.0146526 
0.0201969 
0.0247923 
0.0285268 
0.0315508 
0.0340229 
0.0360854 
0.0378373 
0.039308 
0.0404265 
0.0410539 
0.0409112 
0.0396824 
0.0396824 
0.0821815 
0.0821815 
0.0744541 
0.0661295 
0.0572758 
0.0475073 
0.0368213 
0.0254489 
0.0139202 
0.00276369 
-0.00764477 
-0.0168161 
-0.0243078 
-0.0297228 
-0.0328328 
-0.0337221 
-0.0328173 
-0.0307556 
-0.028173 
-0.0255403 
-0.0231176 
-0.0210036 
-0.0192095 
-0.0177136 
-0.0164881 
-0.0155083 
-0.014755 
-0.0142202 
-0.013901 
-0.0138005 
-0.0139203 
-0.0142608 
-0.0148296 
-0.0156401 
-0.0167043 
-0.0180267 
-0.0195863 
-0.0213133 
-0.0230675 
-0.024645 
-0.025822 
-0.0264161 
-0.0263205 
-0.0254927 
-0.0239237 
-0.0216049 
-0.0185218 
-0.0146599 
-0.0100109 
-0.00458562 
0.0015937 
0.00820396 
0.0145603 
0.0201539 
0.0247644 
0.0284624 
0.0314337 
0.0338491 
0.0358558 
0.0375531 
0.0389725 
0.0400475 
0.0406428 
0.0404817 
0.0392928 
0.0392928 
0.0784294 
0.0784294 
0.0710709 
0.0629564 
0.0543573 
0.0450108 
0.0349099 
0.0242795 
0.0135398 
0.00310958 
-0.00669819 
-0.0154457 
-0.0226806 
-0.0279826 
-0.0310901 
-0.0320431 
-0.0312232 
-0.0292378 
-0.0267139 
-0.0241283 
-0.0217501 
-0.0196828 
-0.0179381 
-0.0164931 
-0.0153177 
-0.0143861 
-0.013678 
-0.013183 
-0.0129034 
-0.0128433 
-0.0130036 
-0.013386 
-0.0140026 
-0.0148702 
-0.0160043 
-0.0174089 
-0.019054 
-0.0208482 
-0.0226227 
-0.024156 
-0.0252361 
-0.0257187 
-0.0255407 
-0.0246865 
-0.0231485 
-0.0209077 
-0.017936 
-0.0142063 
-0.00970054 
-0.00442714 
0.00153151 
0.00781511 
0.0138794 
0.0192975 
0.0238247 
0.0274697 
0.0303947 
0.0327667 
0.0347283 
0.036373 
0.0377297 
0.0387377 
0.0392669 
0.0390628 
0.037926 
0.037926 
0.0731345 
0.0731345 
0.0662735 
0.0585237 
0.0503259 
0.041559 
0.0322204 
0.0224944 
0.0126932 
0.00313761 
-0.00590345 
-0.0140329 
-0.020807 
-0.0258047 
-0.0287558 
-0.0296785 
-0.0289184 
-0.0270428 
-0.024648 
-0.0221926 
-0.0199378 
-0.0179842 
-0.0163427 
-0.0149898 
-0.0138957 
-0.0130346 
-0.0123868 
-0.0119405 
-0.0117016 
-0.0116761 
-0.0118642 
-0.0122692 
-0.0129065 
-0.0137955 
-0.0149534 
-0.0163812 
-0.0180375 
-0.0198098 
-0.0215101 
-0.0229167 
-0.0238462 
-0.0241985 
-0.0239449 
-0.023083 
-0.0216012 
-0.0194707 
-0.0166554 
-0.0131271 
-0.00888133 
-0.00396224 
0.00149314 
0.00718264 
0.0127179 
0.0177479 
0.0220424 
0.0255639 
0.0284161 
0.0307362 
0.0326474 
0.0342307 
0.0355082 
0.0364262 
0.0368627 
0.036606 
0.0355421 
0.0355421 
0.0662278 
0.0662278 
0.0600113 
0.0528266 
0.0452241 
0.0372124 
0.0288024 
0.0201263 
0.0114014 
0.00286337 
-0.00525237 
-0.0125789 
-0.0186941 
-0.0231992 
-0.0258428 
-0.0266427 
-0.0259166 
-0.0241836 
-0.0219873 
-0.0197448 
-0.0176922 
-0.0159193 
-0.0144343 
-0.0132147 
-0.0122325 
-0.0114637 
-0.0108904 
-0.0105011 
-0.010303 
-0.0103047 
-0.0105057 
-0.0109109 
-0.0115376 
-0.0124063 
-0.0135339 
-0.0149169 
-0.0165027 
-0.0181642 
-0.019707 
-0.0209264 
-0.021677 
-0.0218989 
-0.0215877 
-0.0207468 
-0.0193611 
-0.0173984 
-0.0148244 
-0.0116203 
-0.00779898 
-0.00342356 
0.00136717 
0.00633641 
0.0111976 
0.0156788 
0.0195905 
0.0228734 
0.025577 
0.0277944 
0.0296177 
0.0311082 
0.0322787 
0.0330815 
0.0334094 
0.0331068 
0.0321423 
0.0321423 
0.0576578 
0.0576578 
0.0522444 
0.0458579 
0.0390842 
0.0320243 
0.0247074 
0.0172198 
0.00970233 
0.00232267 
-0.00470246 
-0.011037 
-0.0163 
-0.0201397 
-0.0223457 
-0.0229516 
-0.0222502 
-0.0207005 
-0.0187733 
-0.0168232 
-0.015047 
-0.013517 
-0.0122379 
-0.0111895 
-0.0103474 
-0.00969085 
-0.0092048 
-0.00887915 
-0.00872106 
-0.00874136 
-0.00893902 
-0.00931988 
-0.00990178 
-0.0107046 
-0.0117434 
-0.01301 
-0.0144444 
-0.0159147 
-0.0172359 
-0.0182322 
-0.0187977 
-0.0189041 
-0.0185624 
-0.017779 
-0.0165387 
-0.014812 
-0.0125709 
-0.00980566 
-0.00653829 
-0.00283479 
0.00118407 
0.00534157 
0.00943116 
0.0132484 
0.0166462 
0.019561 
0.0220053 
0.0240309 
0.0256961 
0.0270395 
0.0280641 
0.028728 
0.0289457 
0.0286199 
0.0277841 
0.0277841 
0.0474066 
0.0474066 
0.0429573 
0.0376173 
0.0319325 
0.0260468 
0.0200035 
0.0138575 
0.00769568 
0.00163839 
-0.00412097 
-0.0092857 
-0.0135302 
-0.0165694 
-0.0182517 
-0.0186331 
-0.0179761 
-0.0166647 
-0.0150782 
-0.0134929 
-0.0120571 
-0.0108228 
-0.00979127 
-0.00894599 
-0.00826788 
-0.00774056 
-0.00735231 
-0.00709521 
-0.00697582 
-0.00700549 
-0.00718302 
-0.00751468 
-0.00801699 
-0.0087076 
-0.00959873 
-0.010679 
-0.0118878 
-0.0131011 
-0.0141572 
-0.0149164 
-0.0153078 
-0.0153256 
-0.0149887 
-0.0143063 
-0.013267 
-0.0118476 
-0.0100275 
-0.0078015 
-0.00519061 
-0.00224927 
0.000931007 
0.00422441 
0.0074806 
0.0105514 
0.0133274 
0.0157513 
0.0178154 
0.0195419 
0.0209606 
0.0220907 
0.0229273 
0.0234362 
0.0235576 
0.0232436 
0.0225645 
0.0225645 
0.0355298 
0.0355298 
0.0321954 
0.0281401 
