0 
0.0017715 
0.00247325 
0.00347983 
0.00444763 
0.00519518 
0.0056663 
0.005871 
0.00584323 
0.00562268 
0.0052471 
0.00474998 
0.00416089 
0.00350651 
0.00281185 
0.00210104 
0.00139746 
0.00072319 
9.63526e-05 
-0.000473828 
-0.000984654 
-0.00143564 
-0.0018303 
-0.00217793 
-0.0024909 
-0.00277901 
-0.00304142 
-0.00325919 
-0.00339665 
-0.00341752 
-0.00330876 
-0.00309209 
-0.0028116 
-0.00251031 
-0.00221629 
-0.00194302 
-0.00169539 
-0.00147433 
-0.00127897 
-0.00110739 
-0.00095708 
-0.000825301 
-0.000709338 
-0.000606683 
-0.000515093 
-0.00043263 
-0.000357637 
-0.000288707 
-0.000224671 
-0.000164506 
-0.000107416 
-5.33116e-05 
-2.25685e-06 
4.64059e-05 
9.34892e-05 
0.000138698 
0.000181551 
0.0002215 
0.000258076 
0.000290775 
0.000319093 
0.000342518 
0.000360595 
0.000372923 
0.000379228 
0 
-0.0017715 
-0.0017715 
-0.00247325 
-0.00347983 
-0.00444763 
-0.00519518 
-0.0056663 
-0.005871 
-0.00584323 
-0.00562268 
-0.0052471 
-0.00474998 
-0.00416089 
-0.00350651 
-0.00281185 
-0.00210104 
-0.00139746 
-0.00072319 
-9.63526e-05 
0.000473828 
0.000984654 
0.00143564 
0.0018303 
0.00217793 
0.0024909 
0.00277901 
0.00304142 
0.00325919 
0.00339665 
0.00341752 
0.00330876 
0.00309209 
0.0028116 
0.00251031 
0.00221629 
0.00194302 
0.00169539 
0.00147433 
0.00127897 
0.00110739 
0.00095708 
0.000825301 
0.000709338 
0.000606683 
0.000515093 
0.00043263 
0.000357637 
0.000288707 
0.000224671 
0.000164506 
0.000107416 
5.33116e-05 
2.25685e-06 
-4.64059e-05 
-9.34892e-05 
-0.000138698 
-0.000181551 
-0.0002215 
-0.000258076 
-0.000290775 
-0.000319093 
-0.000342518 
-0.000360595 
-0.000372923 
-0.000379228 
-0.000379228 
-0.00348372 
-0.00348372 
-0.00643841 
-0.00994109 
-0.0129625 
-0.0151486 
-0.0164612 
-0.016992 
-0.0168666 
-0.016208 
-0.0151239 
-0.0137051 
-0.0120287 
-0.0101631 
-0.00817278 
-0.00612113 
-0.00407242 
-0.00209163 
-0.000238408 
0.00144992 
0.00295844 
0.00428305 
0.00543327 
0.00643737 
0.00733653 
0.00816849 
0.00894165 
0.00960931 
0.0100679 
0.010201 
0.00995256 
0.00937128 
0.0085827 
0.00771957 
0.00687296 
0.00608726 
0.00537743 
0.00474487 
0.00418547 
0.00369267 
0.00325888 
0.00287627 
0.00253734 
0.00223528 
0.00196404 
0.00171839 
0.00149388 
0.00128669 
0.00109369 
0.000912264 
0.000740383 
0.000576498 
0.000419384 
0.000268478 
0.000124116 
-1.29919e-05 
-0.000141895 
-0.000261601 
-0.000371025 
-0.000468815 
-0.000553504 
-0.000623586 
-0.00067769 
-0.000714604 
-0.00073349 
-0.00073349 
-0.00681352 
-0.00681352 
-0.0124678 
-0.0180944 
-0.0226174 
-0.0257406 
-0.0275086 
-0.0280956 
-0.0277021 
-0.0265143 
-0.0246904 
-0.0223605 
-0.0196337 
-0.0166067 
-0.0133716 
-0.0100221 
-0.00665638 
-0.00337823 
-0.000282529 
0.00257138 
0.00513977 
0.00739729 
0.00934361 
0.0110115 
0.0124612 
0.0137604 
0.0149449 
0.0159675 
0.01668 
0.0168943 
0.0165036 
0.0155684 
0.0142836 
0.0128678 
0.0114771 
0.0101889 
0.00902883 
0.00799763 
0.00708654 
0.00628345 
0.00557525 
0.00494903 
0.00439279 
0.00389571 
0.00344823 
0.00304208 
0.00267011 
0.00232627 
0.00200544 
0.00170344 
0.00141698 
0.0011437 
0.000882093 
0.000631175 
0.000390452 
0.000160088 
-5.83645e-05 
-0.000261966 
-0.000448264 
-0.000614913 
-0.000759382 
-0.000879038 
-0.000971478 
-0.00103458 
-0.00106689 
-0.00106689 
-0.0125252 
-0.0125252 
-0.0198168 
-0.0268018 
-0.0322771 
-0.0359363 
-0.0378741 
-0.0383279 
-0.0375587 
-0.0358003 
-0.0332449 
-0.0300459 
-0.0263295 
-0.022208 
-0.0177918 
-0.0131973 
-0.00855058 
-0.00398647 
0.000367329 
0.00440535 
0.00804623 
0.0112359 
0.0139574 
0.0162374 
0.0181456 
0.0197774 
0.0212052 
0.0224044 
0.0232117 
0.0233883 
0.0227839 
0.0214639 
0.0196797 
0.0177239 
0.0158093 
0.0140426 
0.0124576 
0.0110527 
0.00981343 
0.00872125 
0.00775725 
0.00690351 
0.00614366 
0.00546314 
0.00484913 
0.00429051 
0.00377768 
0.00330239 
0.00285773 
0.00243798 
0.00203865 
0.00165641 
0.00128907 
0.000935494 
0.000595799 
0.000271336 
-3.55416e-05 
-0.000322085 
-0.000585334 
-0.000821651 
-0.00102705 
-0.00119759 
-0.00132962 
-0.00141991 
-0.00146622 
-0.00146622 
-0.0203107 
-0.0203107 
-0.0283177 
-0.0360052 
-0.0419116 
-0.0457005 
-0.0475173 
-0.047661 
-0.04644 
-0.0441164 
-0.0408935 
-0.0369264 
-0.0323403 
-0.0272495 
-0.0217732 
-0.0160463 
-0.0102208 
-0.00446391 
0.00107289 
0.0062565 
0.0109654 
0.0151091 
0.01864 
0.0215645 
0.0239469 
0.0258942 
0.0275051 
0.0287818 
0.0295649 
0.0295948 
0.0287021 
0.0269682 
0.0246951 
0.0222337 
0.0198394 
0.0176393 
0.015671 
0.0139296 
0.0123944 
0.0110408 
0.00984467 
0.00878359 
0.00783738 
0.00698816 
0.00622023 
0.00551993 
0.00487544 
0.0042766 
0.00371479 
0.00318298 
0.00267562 
0.00218865 
0.00171937 
0.00126639 
0.000829433 
0.000409386 
8.75403e-06 
-0.000367655 
-0.000714387 
-0.00102646 
-0.00129854 
-0.00152506 
-0.00170081 
-0.00182122 
-0.00188313 
-0.00188313 
-0.0286764 
-0.0286764 
-0.037154 
-0.0451246 
-0.0510297 
-0.0545963 
-0.0560577 
-0.0557741 
-0.0540828 
-0.0512466 
-0.0474535 
-0.0428375 
-0.0375054 
-0.0315614 
-0.0251265 
-0.0183514 
-0.0114162 
-0.00452312 
0.00213926 
0.00839429 
0.0140853 
0.019095 
0.0233593 
0.0268722 
0.0296889 
0.0319161 
0.0336625 
0.0349433 
0.0356048 
0.0353863 
0.0341302 
0.0319538 
0.0292084 
0.0262871 
0.0234698 
0.020892 
0.0185908 
0.0165562 
0.0147621 
0.0131787 
0.0117773 
0.0105318 
0.00941868 
0.00841719 
0.00750912 
0.00667859 
0.00591175 
0.00519667 
0.00452318 
0.00388294 
0.00326937 
0.00267759 
0.00210438 
0.00154819 
0.00100934 
0.000489925 
-5.89551e-06 
-0.000473011 
-0.000906005 
-0.00129788 
-0.00164076 
-0.00192723 
-0.00215033 
-0.00230375 
-0.00238303 
-0.00238303 
-0.0370523 
-0.0370523 
-0.0458685 
-0.0537819 
-0.059327 
-0.0624017 
-0.0633568 
-0.0626037 
-0.0604816 
-0.0572262 
-0.0529861 
-0.0478562 
-0.0419131 
-0.0352421 
-0.0279612 
-0.0202375 
-0.0122864 
-0.0043562 
0.00333349 
0.0105687 
0.017154 
0.022949 
0.0278766 
0.0319206 
0.0351288 
0.0376041 
0.0394534 
0.0406889 
0.0411558 
0.0406087 
0.0389332 
0.0363052 
0.0331246 
0.0298088 
0.0266426 
0.0237578 
0.0211857 
0.0189113 
0.0169034 
0.0151285 
0.0135546 
0.0121524 
0.0108962 
0.00976283 
0.00873219 
0.00778651 
0.00691025 
0.00608995 
0.00531415 
0.0045734 
0.00386025 
0.0031691 
0.00249637 
0.0018402 
0.00120054 
0.000579609 
-1.8604e-05 
-0.000586819 
-0.0011156 
-0.00159622 
-0.00201894 
-0.00237361 
-0.00265098 
-0.00284253 
-0.00294212 
-0.00294212 
-0.0448194 
-0.0448194 
-0.0539042 
-0.0615112 
-0.0664541 
-0.0688887 
-0.0692878 
-0.0680914 
-0.0656159 
-0.0620485 
-0.0574826 
-0.0519652 
-0.0455361 
-0.0382551 
-0.0302297 
-0.0216417 
-0.0127493 
-0.00385525 
0.00477019 
0.0128581 
0.0201902 
0.0266265 
0.0320917 
0.0365673 
0.0400961 
0.0427722 
0.0446867 
0.0458304 
0.0460405 
0.045104 
0.0429791 
0.0399185 
0.0363642 
0.0327375 
0.0293089 
0.0261962 
0.0234216 
0.0209646 
0.0187913 
0.0168655 
0.0151532 
0.0136235 
0.0122487 
0.0110045 
0.00986908 
0.00882322 
0.00784999 
0.00693456 
0.0060643 
0.00522868 
0.00441923 
0.00362963 
0.00285553 
0.00209502 
0.00134879 
0.000619454 
-8.61636e-05 
-0.000759653 
-0.00139113 
-0.00196865 
-0.00247985 
-0.00291143 
-0.00325085 
-0.00348657 
-0.00361005 
-0.00361005 
-0.0516304 
-0.0516304 
-0.0608863 
-0.0679973 
-0.0722049 
-0.0739589 
-0.0738247 
-0.0722481 
-0.0695058 
-0.0657249 
-0.0609394 
-0.0551482 
-0.0483551 
-0.040589 
-0.0319349 
-0.0225847 
-0.0128473 
-0.0030892 
0.00635428 
0.0151529 
0.0230794 
0.0300075 
0.0358759 
0.0406742 
0.0444441 
0.0472653 
0.0491981 
0.0501969 
0.050092 
0.0487251 
0.0461542 
0.0427148 
0.0388751 
0.0350377 
0.0314429 
0.028187 
0.0252819 
0.0227033 
0.0204156 
0.0183821 
0.0165682 
0.0149424 
0.0134764 
0.0121447 
0.0109248 
0.00979627 
0.00874118 
0.00774361 
0.00678991 
0.00586858 
0.00497028 
0.00408775 
0.00321642 
0.00235348 
0.00149874 
0.000656174 
-0.000166362 
-0.000957477 
-0.00170477 
-0.00239365 
-0.00300789 
-0.00353007 
-0.00394343 
-0.0042324 
-0.00438511 
-0.00438511 
-0.0571985 
-0.0571985 
-0.0665212 
-0.0730244 
-0.07647 
-0.077583 
-0.0769776 
-0.0750914 
-0.0721555 
-0.0682356 
-0.0633105 
-0.0573391 
-0.0502962 
-0.0421774 
-0.0330293 
-0.0230408 
-0.0125726 
-0.00206917 
0.00803329 
0.0173534 
0.0256898 
0.0329494 
0.0390904 
0.0441107 
0.0480468 
0.0509539 
0.0528468 
0.053637 
0.0531633 
0.0513527 
0.0483795 
0.044652 
0.0406391 
0.0367023 
0.0330409 
0.0297268 
0.0267628 
0.0241227 
0.0217714 
0.0196732 
0.0177945 
0.0161041 
0.0145739 
0.0131783 
0.0118942 
0.0107006 
0.00957866 
0.00851154 
0.00748467 
0.00648551 
0.00550343 
0.00453046 
0.00356012 
0.00258907 
0.00161907 
0.000656044 
-0.00029053 
-0.00120966 
-0.00208644 
-0.0029023 
-0.00363624 
-0.00426548 
-0.00476756 
-0.00512137 
-0.00531033 
-0.00531033 
-0.0613605 
-0.0613605 
-0.0706398 
-0.076498 
-0.0792359 
-0.07979 
-0.0787861 
-0.0766507 
-0.0735704 
-0.0695564 
-0.0645431 
-0.0584603 
-0.0512645 
-0.0429287 
-0.0334512 
-0.022995 
-0.0119487 
-0.000857814 
0.0096858 
0.0192989 
0.0278558 
0.0353032 
0.0416099 
0.0467708 
0.0508063 
0.0537334 
0.0555122 
0.056021 
0.0551401 
0.0529116 
0.0496256 
0.0457342 
0.0416753 
0.0377528 
0.0341206 
0.0308288 
0.0278734 
0.0252288 
0.0228626 
0.0207417 
0.0188343 
0.0171109 
0.0155442 
0.014109 
0.0127822 
0.0115424 
0.0103702 
0.00924811 
0.00816067 
0.00709409 
0.00603659 
0.00497801 
0.00391064 
0.00283271 
0.00174616 
0.00065564 
-0.000429039 
-0.0014938 
-0.00252044 
-0.00348587 
-0.00436319 
-0.00512269 
-0.00573438 
-0.00616953 
-0.00640478 
-0.00640478 
-0.0640412 
-0.0640412 
-0.0731762 
-0.0784211 
-0.0805586 
-0.0806513 
-0.0793191 
-0.0769788 
-0.0737806 
-0.0696937 
-0.0646207 
-0.0584697 
-0.051187 
-0.0427449 
-0.0331164 
-0.0224087 
-0.0110244 
0.000347091 
0.0110169 
0.0207218 
0.0293777 
0.0369282 
0.0433328 
0.048574 
0.0526448 
0.0555139 
0.0570908 
0.0572506 
0.0559588 
0.05339 
0.0499241 
0.0460139 
0.0420384 
0.0382359 
0.0347189 
0.0315203 
0.0286337 
0.0260364 
0.0237001 
0.0215954 
0.0196936 
0.0179674 
0.016391 
0.0149401 
0.0135919 
0.0123248 
0.0111193 
0.00995712 
0.00882179 
0.00769792 
0.00657128 
0.00542971 
0.00426701 
0.00308051 
0.00187037 
0.000641789 
-0.000593986 
-0.0018223 
-0.00302167 
-0.0041635 
-0.00521354 
-0.006133 
-0.00688171 
-0.00742036 
-0.00771572 
-0.00771572 
-0.0652418 
-0.0652418 
-0.0741538 
-0.0788711 
-0.0805408 
-0.0802691 
-0.0786717 
-0.076157 
-0.0728515 
-0.0687005 
-0.0635859 
-0.0573992 
-0.0500785 
-0.0416036 
-0.031981 
-0.021275 
-0.00986383 
0.00137017 
0.0119147 
0.0215908 
0.0302589 
0.0378372 
0.0442684 
0.0495135 
0.0535268 
0.056228 
0.0575022 
0.0572741 
0.0556282 
0.0528534 
0.0493696 
0.0455877 
0.0418113 
0.0382174 
0.0348858 
0.0318393 
0.0290723 
0.026567 
0.0243002 
0.0222471 
0.0203827 
0.0186824 
0.0171222 
0.0156791 
0.0143307 
0.0130561 
0.0118352 
0.0106495 
0.00948059 
0.00831086 
0.0071238 
0.00590831 
0.00465603 
0.00336131 
0.00202318 
0.000645757 
-0.000759227 
-0.00217553 
-0.00357805 
-0.00493199 
-0.00619406 
-0.0073138 
-0.00823731 
-0.00891046 
-0.00928559 
-0.00928559 
-0.0650212 
-0.0650212 
-0.0736427 
-0.0779474 
-0.0792845 
-0.0787413 
-0.0769368 
-0.0742697 
-0.0708629 
-0.0666535 
-0.0615158 
-0.0553336 
-0.0480398 
-0.0396242 
-0.0301578 
-0.0198152 
-0.00894549 
0.00192707 
0.0122957 
0.0218581 
0.0304588 
0.0379886 
0.0443674 
0.0495233 
0.053371 
0.055804 
0.0567287 
0.0561452 
0.0542597 
0.0514473 
0.0481086 
0.0445812 
0.0410936 
0.0377736 
0.0346796 
0.0318302 
0.0292233 
0.0268469 
0.0246835 
0.022713 
0.0209145 
0.0192664 
0.0177468 
0.016334 
0.0150067 
0.0137443 
0.0125269 
0.0113345 
0.0101468 
0.00894354 
0.00770858 
0.00642787 
0.00508969 
0.00368592 
0.00221351 
0.00067523 
-0.000917196 
-0.0025482 
-0.00418956 
-0.00579949 
-0.00732374 
-0.00869671 
-0.00984587 
-0.0106962 
-0.0111788 
-0.0111788 
-0.0634625 
-0.0634625 
-0.0717998 
-0.0758338 
-0.0769688 
-0.0762467 
-0.0742903 
-0.0714996 
-0.0680096 
-0.0637682 
-0.0586546 
-0.0525554 
-0.0454084 
-0.0372179 
-0.028074 
-0.0181609 
-0.00780371 
0.00254054 
0.0124934 
0.0217563 
0.0301306 
0.0374678 
0.0436518 
0.0485736 
0.0521229 
0.054202 
0.0547798 
0.0539666 
0.0520465 
0.0493792 
0.0463167 
0.0431308 
0.0399886 
0.0369831 
0.0341607 
0.0315399 
0.0291234 
0.0269049 
0.0248726 
0.0230113 
0.0213039 
0.0197319 
0.0182756 
0.0169148 
0.0156296 
0.0144 
0.0132056 
0.0120249 
0.0108352 
0.00961572 
0.00834764 
0.00701326 
0.00559723 
0.00408758 
0.0024776 
0.000766881 
-0.00103472 
-0.0029129 
-0.00483744 
-0.00675939 
-0.00861141 
-0.0103085 
-0.0117528 
-0.0128398 
-0.0134691 
-0.0134691 
-0.0606633 
-0.0606633 
-0.0688173 
-0.0727085 
-0.0737519 
-0.0729384 
-0.0708869 
-0.0680063 
-0.0644571 
-0.0602127 
-0.0551688 
-0.0492225 
-0.0423204 
-0.0344775 
-0.0257913 
-0.0164455 
-0.00672211 
0.00302245 
0.0124515 
0.0212783 
0.0292803 
0.0362777 
0.0421227 
0.0466849 
0.049857 
0.0515841 
0.0519129 
0.0510294 
0.0492333 
0.0468488 
0.0441582 
0.0413628 
0.0385919 
0.0359195 
0.0333871 
0.0310145 
0.0288093 
0.0267705 
0.0248913 
0.0231611 
0.0215666 
0.0200919 
0.0187198 
0.0174319 
0.0162096 
0.0150335 
0.0138829 
0.0127336 
0.0115619 
0.0103452 
0.00906098 
0.0076873 
0.00620398 
0.00459385 
0.00284471 
0.000951277 
-0.0010808 
-0.0032414 
-0.00550117 
-0.00780433 
-0.0100682 
-0.0121829 
-0.0140163 
-0.0154221 
-0.0162535 
-0.0162535 
-0.0567848 
-0.0567848 
-0.0648549 
-0.0687272 
-0.0697938 
-0.0689876 
-0.0669138 
-0.0639926 
-0.0604204 
-0.0562085 
-0.0512794 
-0.0455468 
-0.0389662 
-0.0315568 
-0.0234122 
-0.0147031 
-0.00567704 
0.00337035 
0.0121577 
0.0204135 
0.0279009 
0.034421 
0.0398107 
0.0439409 
0.0467326 
0.0481851 
0.048405 
0.0476056 
0.0460621 
0.0440419 
0.0417626 
0.0393761 
0.0369823 
0.0346478 
0.0324115 
0.0302969 
0.028316 
0.026472 
0.0247627 
0.0231813 
0.0217179 
0.0203594 
0.0190908 
0.0178955 
0.016757 
0.0156568 
0.0145711 
0.013475 
0.0123441 
0.0111525 
0.00987373 
0.00848066 
0.00694692 
0.00524811 
0.00336381 
0.00128094 
-0.0010033 
-0.00348559 
-0.0061425 
-0.0089131 
-0.011697 
-0.0143521 
-0.0167004 
-0.0185376 
-0.0196491 
-0.0196491 
-0.0519841 
-0.0519841 
-0.0600708 
-0.0640423 
-0.0652497 
-0.0645614 
-0.0625565 
-0.0596629 
-0.0561168 
-0.0519778 
-0.0472047 
-0.0417326 
-0.0355275 
-0.0286113 
-0.0210713 
-0.0130614 
-0.00479061 
0.00350095 
0.0115684 
0.0191555 
0.0260258 
0.031979 
0.0368577 
0.0405533 
0.0430241 
0.0443127 
0.0445522 
0.0439467 
0.042726 
0.0410995 
0.039233 
0.0372459 
0.0352223 
0.0332199 
0.0312785 
0.0294255 
0.0276753 
0.0260356 
0.0245082 
0.0230895 
0.0217726 
0.0205464 
0.0193987 
0.018316 
0.0172834 
0.0162796 
0.0152809 
0.0142624 
0.0131976 
0.0120575 
0.0108109 
0.00942441 
0.00786384 
0.00609518 
0.00408661 
0.0018132 
-0.000741909 
-0.00358704 
-0.00671312 
-0.0100569 
-0.0134969 
-0.0168502 
-0.0198776 
-0.022297 
-0.0237979 
-0.0237979 
-0.0464112 
-0.0464112 
-0.0546065 
-0.0587887 
-0.060257 
-0.0598092 
-0.057985 
-0.0552096 
-0.0517563 
-0.0477389 
-0.0431614 
-0.0379865 
-0.0321922 
-0.0258017 
-0.0188947 
-0.0116074 
-0.00411588 
0.00338465 
0.0106846 
0.0175481 
0.0237521 
0.0291108 
0.0334862 
0.0367976 
0.0390338 
0.0402593 
0.0406059 
0.0402479 
0.039367 
0.038124 
0.0366476 
0.0350355 
0.0333608 
0.0316776 
0.0300255 
0.0284314 
0.026914 
0.0254845 
0.0241471 
0.0229014 
0.021743 
0.0206636 
0.0196546 
0.0187041 
0.0177959 
0.0169093 
0.0160215 
0.0151072 
0.0141376 
0.0130805 
0.0118992 
0.0105536 
0.00899956 
0.00719051 
0.00507902 
0.0026218 
-0.000219995 
-0.00347228 
-0.00715266 
-0.011199 
-0.0154635 
-0.0197105 
-0.023622 
-0.0268158 
-0.0288518 
-0.0288518 
-0.040199 
-0.040199 
-0.0485852 
-0.0530804 
-0.0549274 
-0.0548504 
-0.0533366 
-0.0507933 
-0.0475196 
-0.0436829 
-0.0393406 
-0.0344906 
-0.0291267 
-0.0232737 
-0.0170029 
-0.010432 
-0.00370774 
0.00301026 
0.00954226 
0.0156798 
0.0212243 
0.0260139 
0.0299355 
0.0329331 
0.0350133 
0.0362433 
0.0367373 
0.0366347 
0.0360753 
0.0351831 
0.0340612 
0.032792 
0.0314405 
0.0300576 
0.0286816 
0.0273408 
0.0260555 
0.0248379 
0.0236955 
0.0226306 
0.0216413 
0.0207222 
0.0198668 
0.0190638 
0.0182982 
0.0175506 
0.0167991 
0.0160178 
0.0151762 
0.0142386 
0.0131633 
0.011902 
0.0103988 
0.00859102 
0.00640965 
0.00378346 
0.000642619 
-0.00306902 
-0.00740617 
-0.0123131 
-0.0176049 
-0.0229743 
-0.0280022 
-0.0321856 
-0.0349256 
-0.0349256 
-0.0334609 
-0.0334609 
-0.0421102 
-0.0470089 
-0.0493443 
-0.0497674 
-0.0487046 
-0.0465274 
-0.0435416 
-0.0399588 
-0.0358931 
-0.0313868 
-0.0264566 
-0.0211314 
-0.0154741 
-0.00958387 
-0.00358282 
0.00239629 
0.00820121 
0.0136554 
0.0185895 
0.0228685 
0.0264027 
0.0291529 
0.0311319 
0.0323985 
0.0330442 
0.033176 
0.0329014 
0.0323179 
0.0315101 
0.0305488 
0.0294926 
0.0283885 
0.0272737 
0.0261763 
0.0251173 
0.0241109 
0.0231666 
0.0222881 
0.0214759 
0.020727 
0.0200371 
0.0193963 
0.0187914 
0.0182049 
0.0176158 
0.0169983 
0.0163207 
0.0155447 
0.0146236 
0.0135002 
0.0121046 
0.0103529 
0.00814577 
0.00537139 
0.00191507 
-0.00232701 
-0.00745201 
-0.0134144 
-0.0199658 
-0.0266943 
-0.0330549 
-0.0384132 
-0.0420037 
-0.0420037 
-0.0262908 
-0.0262908 
-0.035266 
-0.0406449 
-0.0435636 
-0.0446053 
-0.0441327 
-0.0424674 
-0.0398984 
-0.0366614 
-0.032921 
-0.0287715 
-0.0242632 
-0.0194367 
-0.0143486 
-0.00908109 
-0.00373566 
0.00157523 
0.006724 
0.011567 
0.0159634 
0.0198033 
0.0230153 
0.0255701 
0.0274793 
0.0287892 
0.0295696 
0.0299021 
0.0298699 
0.0295514 
0.0290173 
0.0283292 
0.0275397 
0.0266921 
0.0258217 
0.0249559 
0.0241162 
0.0233175 
0.0225707 
0.0218808 
0.0212506 
0.0206793 
0.0201651 
0.0196999 
0.0192729 
0.0188688 
0.0184683 
0.0180462 
0.0175713 
0.0170035 
0.0162915 
0.0153687 
0.0141482 
0.0125172 
0.0103337 
0.00742869 
0.00362123 
-0.00125508 
-0.0073437 
-0.0145903 
-0.0226299 
-0.0309031 
-0.0387268 
-0.0453513 
-0.0498667 
-0.0498667 
-0.0187665 
-0.0187665 
-0.0281226 
-0.034043 
-0.0376206 
-0.0393783 
-0.0396197 
-0.0386102 
-0.0366006 
-0.0338233 
-0.0304748 
-0.0266997 
-0.0225931 
-0.0182201 
-0.0136397 
-0.00892194 
-0.00415133 
0.000576891 
0.0051568 
0.00947435 
0.0134141 
0.0168863 
0.019833 
0.0222299 
0.0240846 
0.0254309 
0.0263213 
0.0268182 
0.0269873 
0.0268928 
0.0265947 
0.0261469 
0.0255964 
0.0249827 
0.0243392 
0.023692 
0.0230626 
0.0224657 
0.0219134 
0.0214117 
0.020966 
0.0205777 
0.0202473 
0.0199692 
0.0197356 
0.0195334 
0.0193461 
0.0191509 
0.018918 
0.0186072 
0.0181635 
0.0175097 
0.0165367 
0.0150928 
0.0129765 
0.0099403 
0.00571337 
5.05382e-05 
-0.00722065 
-0.0159696 
-0.0256532 
-0.0355393 
-0.0448274 
-0.0526948 
-0.05813 
-0.05813 
-0.0109524 
-0.0109524 
-0.0207393 
-0.0272496 
-0.0315403 
-0.0340843 
-0.0351344 
-0.0349041 
-0.0335949 
-0.03141 
-0.0285481 
-0.0251866 
-0.0214677 
-0.0174956 
-0.0133485 
-0.00909565 
-0.00480959 
-0.00057086 
0.00353285 
0.0074117 
0.0109729 
0.0141422 
0.016871 
0.0191372 
0.020944 
0.0223154 
0.0232907 
0.0239186 
0.0242522 
0.0243452 
0.0242489 
0.0240108 
0.0236728 
0.0232712 
0.0228366 
0.0223938 
0.0219638 
0.0215606 
0.0211976 
0.0208814 
0.0206205 
0.0204181 
0.0202774 
0.0201952 
0.0201671 
0.0201833 
0.0202311 
0.0202914 
0.0203377 
0.0203312 
0.0202136 
0.0198949 
0.0192366 
0.018035 
0.0160098 
0.0128114 
0.0080575 
0.00142061 
-0.00723845 
-0.0176221 
-0.0289792 
-0.040417 
-0.0510598 
-0.0600632 
-0.0663613 
-0.0663613 
-0.00291056 
-0.00291056 
-0.0131694 
-0.0203084 
-0.0253486 
-0.028722 
-0.030639 
-0.0312732 
-0.0307805 
-0.0293213 
-0.0270673 
-0.0241975 
-0.0208839 
-0.017275 
-0.0134873 
-0.00960916 
-0.00571322 
-0.00186891 
0.00185129 
0.00537625 
0.00863279 
0.0115579 
0.0141096 
0.0162673 
0.0180307 
0.0194166 
0.0204553 
0.0211858 
0.0216524 
0.0219007 
0.0219758 
0.0219194 
0.0217693 
0.0215584 
0.0213152 
0.0210622 
0.0208199 
0.0206014 
0.0204212 
0.0202867 
0.0202091 
0.0201931 
0.020245 
0.0203641 
0.0205497 
0.0207963 
0.0210959 
0.0214347 
0.0217911 
0.0221289 
0.022386 
0.0224554 
0.022161 
0.021233 
0.0192944 
0.0158732 
0.0104664 
0.00269644 
-0.00746102 
-0.0194887 
-0.0324365 
-0.0452786 
-0.0571001 
-0.0670849 
-0.074161 
-0.074161 
0.00531187 
0.00531187 
-0.0054564 
-0.0132615 
-0.019078 
-0.0233054 
-0.026115 
-0.0276527 
-0.0280436 
-0.0274113 
-0.0258885 
-0.0236251 
-0.0207883 
-0.01755 
-0.0140693 
-0.0104758 
-0.00686663 
-0.00331512 
0.000115772 
0.00336726 
0.00638563 
0.00911899 
0.0115297 
0.0135984 
0.0153227 
0.016715 
0.0177996 
0.0186092 
0.0191817 
0.0195574 
0.0197763 
0.0198758 
0.0198904 
0.0198496 
0.0197799 
0.0197014 
0.0196342 
0.0195896 
0.0195843 
0.0196251 
0.0197267 
0.0198944 
0.0201379 
0.0204587 
0.0208611 
0.0213436 
0.0219043 
0.0225354 
0.0232216 
0.0239292 
0.0245907 
0.0250774 
0.0251674 
0.0245154 
0.0226357 
0.0189271 
0.0127801 
0.00381491 
-0.00782898 
-0.0214117 
-0.0358068 
-0.0498649 
-0.0626511 
-0.0734329 
-0.0811852 
-0.0811852 
0.0136318 
0.0136318 
0.00237307 
-0.00614265 
-0.0127677 
-0.0178692 
-0.0215805 
-0.0240236 
-0.0253079 
-0.0255404 
-0.024827 
-0.023282 
-0.0210385 
-0.0182526 
-0.0150965 
-0.0117394 
-0.00832662 
-0.0049653 
-0.00172774 
0.00133461 
0.00418214 
0.00677559 
0.00908197 
0.0110832 
0.012776 
0.0141705 
0.0152878 
0.016157 
0.0168123 
0.0172905 
0.0176283 
0.0178601 
0.0180179 
0.0181283 
0.0182162 
0.0182987 
0.0183957 
0.0185157 
0.0186778 
0.0188873 
0.0191626 
0.0195088 
0.0199394 
0.0204583 
0.0210743 
0.0217908 
0.0226122 
0.0235372 
0.0245566 
0.0256387 
0.0267077 
0.0276095 
0.0280727 
0.0276749 
0.0258233 
0.0217988 
0.0149109 
0.00480563 
-0.00821237 
-0.0232081 
-0.038882 
-0.0539437 
-0.067454 
-0.0788295 
-0.0871442 
-0.0871442 
0.0220224 
0.0220224 
0.0102721 
0.00102492 
-0.00645208 
-0.0124603 
-0.0170887 
-0.0204289 
-0.0225783 
-0.0236448 
-0.0237349 
-0.0229502 
-0.0213939 
-0.0191825 
-0.0164561 
-0.0133794 
-0.0101273 
-0.00686077 
-0.00370249 
-0.000729247 
0.002019 
0.00452362 
0.00676134 
0.00871644 
0.0103866 
0.0117814 
0.0129211 
0.0138334 
0.014551 
0.015109 
0.0155426 
0.0158847 
0.0161653 
0.0164087 
0.0166379 
0.0168661 
0.0171144 
0.0173865 
0.0177053 
0.0180729 
0.0185121 
0.0190268 
0.0196347 
0.0203415 
0.0211609 
0.0221004 
0.0231705 
0.024376 
0.0257126 
0.0271488 
0.0285977 
0.0298794 
0.0306753 
0.0304957 
0.0286579 
0.0243514 
0.0168252 
0.00574121 
-0.00847392 
-0.0247157 
-0.0414746 
-0.0572988 
-0.0712776 
-0.0830371 
-0.091794 
-0.091794 
0.0304767 
0.0304767 
0.0182266 
0.00822035 
-0.00015274 
-0.00711886 
-0.0127043 
-0.0169551 
-0.0199436 
-0.0217807 
-0.0225933 
-0.0225048 
-0.0216243 
-0.0200489 
-0.0178769 
-0.0152253 
-0.01224 
-0.00909146 
-0.00595254 
-0.00296505 
-0.000215467 
0.00226641 
0.00448077 
0.00641956 
0.00808181 
0.00947964 
0.0106343 
0.0115748 
0.0123354 
0.0129519 
0.0134598 
0.0138917 
0.0142771 
0.0146387 
0.0149981 
0.015364 
0.0157579 
0.0161758 
0.0166455 
0.0171636 
0.017758 
0.0184307 
0.019204 
0.0200843 
0.0210906 
0.0222337 
0.0235293 
0.0249867 
0.0266044 
0.0283489 
0.0301218 
0.0317194 
0.032786 
0.032785 
0.030974 
0.0264856 
0.0185178 
0.00669803 
-0.00850486 
-0.025804 
-0.0433982 
-0.0597043 
-0.0739043 
-0.0858547 
-0.0949362 
-0.0949362 
0.0390064 
0.0390064 
0.0262539 
0.0154576 
0.00612981 
-0.00186091 
-0.00847218 
-0.0136866 
-0.0175288 
-0.0200952 
-0.0215325 
-0.0220062 
-0.0216697 
-0.0206475 
-0.0190337 
-0.0169064 
-0.0143503 
-0.0114785 
-0.00844137 
-0.00541307 
-0.00255714 
1.45348e-05 
0.00226602 
0.00422313 
0.00589764 
0.00730456 
0.00847139 
0.00943028 
0.0102178 
0.0108734 
0.0114356 
0.0119391 
0.0124138 
0.0128794 
0.0133554 
0.013843 
0.0143685 
0.0149153 
0.015521 
0.0161722 
0.0169055 
0.0177174 
0.0186363 
0.0196692 
0.020838 
0.022156 
0.0236422 
0.0253085 
0.027154 
0.0291416 
0.0311601 
0.0329874 
0.0342426 
0.0343683 
0.0325994 
0.0280518 
0.0198863 
0.00763918 
-0.00828375 
-0.0263718 
-0.0444464 
-0.0609233 
-0.0751389 
-0.0871281 
-0.0964268 
-0.0964268 
0.0476284 
0.0476284 
0.0343817 
0.0227772 
0.0124377 
0.00332994 
-0.00439686 
-0.0106642 
-0.0154261 
-0.0187382 
-0.0207486 
-0.0216619 
-0.0216923 
-0.0210286 
-0.0198132 
-0.0181398 
-0.0160666 
-0.0136431 
-0.0109401 
-0.00807242 
-0.00519893 
-0.00249341 
-9.27507e-05 
0.00195364 
0.00367663 
0.00511076 
0.00628836 
0.00725148 
0.00804755 
0.00872273 
0.00931927 
0.00987486 
0.0104223 
0.0109819 
0.0115731 
0.0121882 
0.0128551 
0.0135357 
0.0142795 
0.0150611 
0.0159245 
0.0168642 
0.0179125 
0.0190759 
0.0203792 
0.0218385 
0.0234741 
0.0252982 
0.0273072 
0.0294576 
0.0316282 
0.0335858 
0.0349407 
0.0351393 
0.0334323 
0.0289653 
0.0209062 
0.00862214 
-0.00775309 
-0.0262604 
-0.0443431 
-0.0607062 
-0.0748076 
-0.0867449 
-0.0961662 
-0.0961662 
0.0563539 
0.0563539 
0.0426324 
0.0302175 
0.0188255 
0.00851397 
-0.000444709 
-0.00787579 
-0.0136595 
-0.0177872 
-0.0203853 
-0.0216842 
-0.0219526 
-0.0214504 
-0.0203937 
-0.0189398 
-0.0171837 
-0.0151681 
-0.0129079 
-0.0104252 
-0.00778416 
-0.00510856 
-0.00256848 
-0.000331025 
0.00151469 
0.00300598 
0.00421439 
0.0051925 
0.00599099 
0.00666921 
0.00728241 
0.00787978 
0.00849837 
0.0091523 
0.00985136 
0.0105723 
0.0113601 
0.0121439 
0.0130016 
0.0138838 
0.0148535 
0.0158934 
0.0170396 
0.0183008 
0.0197027 
0.0212627 
0.0230002 
0.0249258 
0.0270309 
0.0292644 
0.0314958 
0.0334828 
0.0348343 
0.0350085 
0.033295 
0.0288868 
0.02104 
0.00908254 
-0.00703698 
-0.0251669 
-0.0428288 
-0.0588944 
-0.0728223 
-0.0846618 
-0.0941333 
-0.0941333 
0.0651788 
0.0651788 
0.0510118 
0.0378008 
0.0253344 
0.0137477 
0.0034421 
-0.00527649 
-0.0121995 
-0.0172387 
-0.0204808 
-0.022173 
-0.0226327 
-0.0221827 
-0.0211046 
-0.0196232 
-0.0179025 
-0.0160441 
-0.0140883 
-0.0120289 
-0.00984669 
-0.00755103 
-0.00521098 
-0.00295836 
-0.000954955 
0.000680664 
0.00194226 
0.00291451 
0.00369603 
0.00436471 
0.00497978 
0.00559351 
0.00625284 
0.00698366 
0.00780071 
0.00867028 
0.00963473 
0.0105597 
0.0115541 
0.0125596 
0.0136333 
0.0147646 
0.0159892 
0.0173226 
0.0187905 
0.0204123 
0.0222056 
0.0241779 
0.0263148 
0.0285577 
0.0307698 
0.0327055 
0.0339832 
0.0340836 
0.0323512 
0.028043 
0.0205008 
0.00912368 
-0.00602556 
-0.0231504 
-0.040075 
-0.0556472 
-0.0692923 
-0.0809785 
-0.0904449 
-0.0904449 
0.0740756 
0.0740756 
0.0595019 
0.0455264 
0.0319853 
0.0190701 
0.0073144 
-0.00282142 
-0.0110029 
-0.0170511 
-0.0210014 
-0.0231137 
-0.0237609 
-0.0233333 
-0.0221697 
-0.0205379 
-0.0186446 
-0.0166488 
-0.0146629 
-0.0127416 
-0.0108793 
-0.0090314 
-0.00715741 
-0.00526131 
-0.00340855 
-0.0017136 
-0.000302395 
0.000767516 
0.00156113 
0.0021962 
0.00278306 
0.00342155 
0.00417842 
0.00505838 
0.0060209 
0.00699478 
0.00808617 
0.00907877 
0.0101681 
0.0112413 
0.0123687 
0.0135449 
0.0148031 
0.0161647 
0.0176545 
0.0192925 
0.0210931 
0.0230591 
0.0251695 
0.0273586 
0.0294866 
0.031311 
0.0324681 
0.0324708 
0.0307261 
0.0265725 
0.0194363 
0.00889305 
-0.00486898 
-0.0205195 
-0.0363401 
-0.0511841 
-0.0644081 
-0.0758651 
-0.0852667 
-0.0852667 
0.0829861 
0.0829861 
0.0680522 
0.0533603 
0.0387684 
0.0244964 
0.0112062 
-0.000470997 
-0.0100267 
-0.0171748 
-0.0218912 
-0.0244424 
-0.0252695 
-0.0248493 
-0.0235933 
-0.0218083 
-0.0197131 
-0.0174729 
-0.0152267 
-0.0130946 
-0.0111634 
-0.00946152 
-0.00795468 
-0.00657894 
-0.00528965 
-0.00408188 
-0.00298113 
-0.00202059 
-0.00121931 
-0.00055042 
5.76679e-05 
0.000687656 
0.00142996 
0.00234354 
0.003428 
0.00465088 
0.00607612 
0.00727503 
0.00850545 
0.00972149 
0.0109283 
0.0121539 
0.0134318 
0.014797 
0.0162773 
0.0178952 
0.0196629 
0.0215792 
0.0236175 
0.0257075 
0.0277104 
0.0293939 
0.0304198 
0.030344 
0.0286411 
0.0247447 
0.0181726 
0.0086485 
-0.00357508 
-0.0175311 
-0.0319615 
-0.045835 
-0.0584616 
-0.0695776 
-0.0788384 
-0.0788384 
0.0918158 
0.0918158 
0.0765733 
0.0612275 
0.0456335 
0.0300085 
0.015131 
0.00181163 
-0.00922444 
-0.0175555 
-0.0230861 
-0.0260855 
-0.02707 
-0.0266244 
-0.0252561 
-0.0233307 
-0.0210856 
-0.0186753 
-0.0162121 
-0.0137976 
-0.0115401 
-0.00955191 
-0.00791919 
-0.00665854 
-0.00571403 
-0.0050036 
-0.0044706 
-0.00407099 
-0.00374283 
-0.0033975 
-0.00292407 
-0.00221524 
-0.00117097 
0.000227683 
0.00170331 
0.00307703 
0.0046478 
0.0058535 
0.00712648 
0.00835544 
0.00955382 
0.0107494 
0.0119796 
0.0132869 
0.0147033 
0.0162523 
0.0179434 
0.0197708 
0.0217024 
0.0236653 
0.0255256 
0.0270673 
0.0279845 
0.0278833 
0.0263092 
0.0227901 
0.0169359 
0.00856656 
-0.00207882 
-0.0143024 
-0.0271947 
-0.0398996 
-0.0517465 
-0.0623886 
-0.0714188 
-0.0714188 
0.100431 
0.100431 
0.0849331 
0.069007 
0.0524864 
0.035552 
0.0190776 
0.00404989 
-0.0085512 
-0.0181286 
-0.0245061 
-0.0279542 
-0.0290677 
-0.0285533 
-0.0270334 
-0.0249497 
-0.0225738 
-0.0200649 
-0.0175209 
-0.0150107 
-0.0125961 
-0.0103482 
-0.00836551 
-0.00676831 
-0.00565626 
-0.00503086 
-0.00478817 
-0.00478514 
-0.00491267 
-0.00508437 
-0.00519507 
-0.005153 
-0.00482453 
-0.00399795 
-0.00261638 
-0.000572972 
0.00194035 
0.00366554 
0.00512282 
0.00661952 
0.00795035 
0.00916961 
0.0103559 
0.0115855 
0.0129089 
0.014357 
0.0159412 
0.0176534 
0.0194594 
0.0212869 
0.0230106 
0.0244357 
0.0252923 
0.0252401 
0.0238941 
0.0208663 
0.015845 
0.00870009 
-0.000381651 
-0.0108958 
-0.0221942 
-0.0335994 
-0.0445108 
-0.054547 
-0.063253 
-0.063253 
0.10866 
0.10866 
0.0929584 
0.0765316 
0.0591845 
0.0410289 
0.0230063 
0.0062539 
-0.0079603 
-0.0188138 
-0.0260461 
-0.0299333 
-0.031147 
-0.0305247 
-0.0288152 
-0.0265458 
-0.0240279 
-0.021431 
-0.0188501 
-0.0163456 
-0.0139645 
-0.0117492 
-0.00974188 
-0.00798699 
-0.00655081 
-0.00552477 
-0.00499635 
-0.00493413 
-0.00518723 
-0.00555693 
-0.00588131 
-0.00612127 
-0.00617198 
-0.00577348 
-0.00494907 
-0.00312858 
-4.40567e-05 
0.0020096 
0.00374886 
0.00526906 
0.00655353 
0.00768186 
0.00874064 
0.00982013 
0.0109859 
0.0122786 
0.0137141 
0.0152839 
0.0169522 
0.0186489 
0.0202585 
0.0216091 
0.0224681 
0.0225474 
0.0215255 
0.0190845 
0.0149722 
0.00907707 
0.00152377 
-0.00733213 
-0.0170368 
-0.027074 
-0.0369383 
-0.0462551 
-0.0545486 
-0.0545486 
0.1163 
0.1163 
0.10044 
0.0835919 
0.065536 
0.0462882 
0.0268362 
0.0084187 
-0.00739801 
-0.0195133 
-0.0275756 
-0.031879 
-0.0331672 
-0.0324101 
-0.0304877 
-0.0280164 
-0.0253484 
-0.0226622 
-0.0200473 
-0.0175537 
-0.0152176 
-0.0130722 
-0.0111541 
-0.00949818 
-0.00813055 
-0.00705261 
-0.00625138 
-0.00572694 
-0.00553007 
-0.00569251 
-0.005938 
-0.00630904 
-0.0066881 
-0.00663157 
-0.00611841 
-0.00521396 
-0.00409056 
-0.00274526 
-0.000508806 
0.00213807 
0.00420999 
0.00565654 
0.00678874 
0.00781354 
0.00886015 
0.0100023 
0.0112769 
0.0126895 
0.0142148 
0.0157926 
0.0173215 
0.0186526 
0.0195878 
0.0198853 
0.0192777 
0.0175018 
0.0143458 
0.00970131 
0.00363235 
-0.00362822 
-0.0117666 
-0.0204095 
-0.0291545 
-0.0376618 
-0.0454643 
-0.0454643 
0.123128 
0.123128 
0.107147 
0.0899492 
0.0713101 
0.0511267 
0.0304307 
0.0105037 
-0.00681559 
-0.0201153 
-0.0289431 
-0.0336238 
-0.0349657 
-0.0340651 
-0.0319292 
-0.0292605 
-0.0264502 
-0.0236837 
-0.0210438 
-0.018569 
-0.0162826 
-0.0142037 
-0.0123526 
-0.0107495 
-0.0094132 
-0.00836068 
-0.00758452 
-0.00706501 
-0.00669312 
-0.00653268 
-0.00639753 
-0.00644043 
-0.00671753 
-0.00681157 
-0.00657552 
-0.00598144 
-0.00496134 
-0.00396928 
-0.00205857 
0.000209588 
0.00205883 
0.00348652 
0.00461162 
0.00558677 
0.00653598 
0.00754693 
0.00867619 
0.00994658 
0.0113472 
0.0128325 
0.01432 
0.0156857 
0.0167646 
0.0173556 
0.0172352 
0.0161812 
0.0140071 
0.0105998 
0.00596326 
0.000225059 
-0.00639454 
-0.0136486 
-0.0212339 
-0.0288633 
-0.0361077 
-0.0361077 
0.128914 
0.128914 
0.112844 
0.0953561 
0.0762609 
0.0553114 
0.0336092 
0.0124512 
-0.00613568 
-0.0204783 
-0.029976 
-0.0349831 
-0.0363681 
-0.0353384 
-0.0330159 
-0.0301796 
-0.0272548 
-0.0244313 
-0.0217842 
-0.0193404 
-0.0171109 
-0.0151041 
-0.0133285 
-0.0117953 
-0.0105075 
-0.00946982 
-0.00865644 
-0.00806658 
-0.00764055 
-0.00742115 
-0.00724835 
-0.0071723 
-0.00720964 
-0.0072144 
-0.00705735 
-0.00669811 
-0.00612165 
-0.00532922 
-0.00425069 
-0.00303815 
-0.00174817 
-0.00044229 
0.000857213 
0.00209251 
0.00325637 
0.00439628 
0.00557396 
0.00683774 
0.00821156 
0.00968559 
0.0112102 
0.0126935 
0.0140041 
0.0149755 
0.015419 
0.0151413 
0.0139702 
0.0117822 
0.00853106 
0.00426058 
-0.000906966 
-0.00679829 
-0.0132049 
-0.0199054 
-0.0265368 
-0.0265368 
0.133442 
0.133442 
0.117314 
0.0995805 
0.0801518 
0.0586057 
0.0361573 
0.0141304 
-0.00533972 
-0.0204765 
-0.0305158 
-0.0357881 
-0.0372145 
-0.0360918 
-0.033636 
-0.030687 
-0.0276961 
-0.0248551 
-0.0222308 
-0.0198393 
-0.0176805 
-0.0157528 
-0.0140541 
-0.012588 
-0.0113495 
-0.0103433 
-0.00954266 
-0.00894879 
-0.0084913 
-0.0081941 
-0.00796873 
-0.00784311 
-0.00780811 
-0.00776881 
-0.00763259 
-0.00739951 
-0.00695341 
-0.00643803 
-0.0056138 
-0.00463098 
-0.00366021 
-0.00273774 
-0.00184969 
-0.000963945 
-3.12025e-05 
0.000985684 
0.00212823 
0.00341938 
0.00486038 
0.00643555 
0.00810863 
0.00981176 
0.0114443 
0.0128735 
0.013941 
0.0144758 
0.0143134 
0.0133173 
0.0114005 
0.0085396 
0.00477421 
0.000197582 
-0.00503664 
-0.0107857 
-0.0167677 
-0.0167677 
0.136537 
0.136537 
0.120389 
0.10244 
0.0827995 
0.0608191 
0.0378677 
0.015398 
-0.00448156 
-0.0201125 
-0.0305195 
-0.035959 
-0.0374055 
-0.0362265 
-0.0337036 
-0.0307142 
-0.0277224 
-0.0249173 
-0.0223566 
-0.0200473 
-0.0179801 
-0.0161461 
-0.0145357 
-0.0131469 
-0.0119687 
-0.0110011 
-0.0102177 
-0.00962022 
-0.00916105 
-0.00885326 
-0.00863123 
-0.00850038 
-0.00843726 
-0.00840289 
-0.00833573 
-0.00822185 
-0.00801088 
-0.00772469 
-0.0073101 
-0.00682225 
-0.00628161 
-0.0057165 
-0.00512643 
-0.00450951 
-0.00382942 
-0.0030312 
-0.00206053 
-0.000866513 
0.000589853 
0.00231324 
0.00426698 
0.00638085 
0.00855406 
0.010656 
0.0125334 
0.0140209 
0.014953 
0.0151799 
0.0145843 
0.0130945 
0.0106918 
0.00740795 
0.00332157 
-0.00147387 
-0.00679383 
-0.00679383 
0.137982 
0.137982 
0.121945 
0.1038 
0.0840026 
0.0618159 
0.0387146 
0.0163346 
-0.00348141 
-0.0192093 
-0.0297659 
-0.0352949 
-0.0367833 
-0.0356307 
-0.0331438 
-0.030213 
-0.0273034 
-0.0245992 
-0.0221511 
-0.0199594 
-0.0180092 
-0.0162865 
-0.0147772 
-0.0134757 
-0.0123687 
-0.0114548 
-0.0107104 
-0.0101353 
-0.00969021 
-0.0093805 
-0.00916366 
-0.00904108 
-0.00898775 
-0.00898036 
-0.00896769 
-0.00895253 
-0.00886988 
-0.00876948 
-0.00857371 
-0.00833527 
-0.00808307 
-0.00783593 
-0.00758596 
-0.00730899 
-0.00695889 
-0.00647804 
-0.00579856 
-0.00484886 
-0.00356058 
-0.00188684 
0.000183116 
0.00260654 
0.00529762 
0.00812517 
0.0109211 
0.0134939 
0.0156457 
0.0171896 
0.0179672 
0.0178617 
0.0168052 
0.0147783 
0.0118175 
0.00796804 
0.00333264 
0.00333264 
0.137716 
0.137716 
0.121919 
0.103633 
0.0837267 
0.0616274 
0.0387612 
0.0167837 
-0.00267322 
-0.0181345 
-0.0285202 
-0.0339415 
-0.0353998 
-0.0343014 
-0.0319352 
-0.0291641 
-0.0264289 
-0.0238996 
-0.0216194 
-0.0195854 
-0.0177806 
-0.0161892 
-0.0147962 
-0.0135941 
-0.0125698 
-0.0117201 
-0.0110259 
-0.0104862 
-0.0100731 
-0.0097888 
-0.00960175 
-0.00951033 
-0.00949212 
-0.00953557 
-0.00960631 
-0.0097029 
-0.00979031 
-0.0098879 
-0.00996218 
-0.0100371 
-0.0101124 
-0.0101959 
-0.0102757 
-0.0103277 
-0.0103037 
-0.0101358 
-0.00974096 
-0.00902696 
-0.00790093 
-0.00628482 
-0.004128 
-0.00142491 
0.00176559 
0.00531968 
0.00906332 
0.0127819 
0.0162343 
0.0191779 
0.0213951 
0.0227128 
0.0230116 
0.0222264 
0.0203484 
0.0173796 
0.0133913 
0.0133913 
0.135684 
0.135684 
0.120288 
0.101996 
0.0820928 
0.0603514 
0.0380496 
0.016748 
-0.00204013 
-0.0168802 
-0.0267808 
-0.0318984 
-0.0332626 
-0.0322568 
-0.0301031 
-0.0275946 
-0.0251246 
-0.0228412 
-0.0207817 
-0.0189434 
-0.0173112 
-0.0158709 
-0.0146089 
-0.0135182 
-0.0125877 
-0.0118142 
-0.0111831 
-0.0106926 
-0.0103225 
-0.0100728 
-0.00992202 
-0.00986845 
-0.00989381 
-0.00999185 
-0.010136 
-0.0103312 
-0.0105465 
-0.0108065 
-0.011079 
-0.0113871 
-0.0117295 
-0.0121093 
-0.0125108 
-0.0129029 
-0.0132311 
-0.0134186 
-0.0133663 
-0.0129568 
-0.0120625 
-0.0105614 
-0.00835802 
-0.00540472 
-0.00172391 
0.00255703 
0.00724095 
0.0120936 
0.0168375 
0.0211762 
0.0248297 
0.0275619 
0.0291955 
0.0296163 
0.0287723 
0.0266286 
0.023225 
0.023225 
0.131856 
0.131856 
0.117043 
0.0989599 
0.0792415 
0.0580817 
0.0366053 
0.0162356 
-0.00157728 
-0.0154541 
-0.0245774 
-0.0292207 
-0.0304491 
-0.0295848 
-0.027733 
-0.0255791 
-0.0234517 
-0.0214739 
-0.019679 
-0.018068 
-0.0166311 
-0.0153583 
-0.0142398 
-0.0132705 
-0.0124427 
-0.011754 
-0.0111943 
-0.0107627 
-0.0104456 
-0.0102429 
-0.0101395 
-0.0101343 
-0.0102143 
-0.0103768 
-0.010605 
-0.0109047 
-0.0112583 
-0.0116828 
-0.0121594 
-0.0127025 
-0.0133057 
-0.0139691 
-0.014676 
-0.0153951 
-0.0160703 
-0.0166181 
-0.0169248 
-0.0168479 
-0.0162225 
-0.014879 
-0.0126684 
-0.00949417 
-0.00534095 
-0.000309758 
0.00537495 
0.0114203 
0.01749 
0.0232222 
0.0282771 
0.032367 
0.0352667 
0.0368192 
0.0369332 
0.0355414 
0.0326609 
0.0326609 
0.126244 
0.126244 
0.112199 
0.0945992 
0.0753183 
0.054944 
0.0345175 
0.0153467 
-0.00117424 
-0.0137785 
-0.0218988 
-0.025969 
-0.0270723 
-0.0264199 
-0.0249532 
-0.023226 
-0.0214965 
-0.0198649 
-0.0183641 
-0.0170017 
-0.0157754 
-0.0146811 
-0.0137144 
-0.0128735 
-0.0121543 
-0.0115567 
-0.0110745 
-0.0107082 
-0.0104489 
-0.0102974 
-0.0102438 
-0.0102881 
-0.0104222 
-0.0106463 
-0.0109497 
-0.0113418 
-0.0118108 
-0.012374 
-0.0130175 
-0.0137549 
-0.0145818 
-0.0154987 
-0.0164905 
-0.0175266 
-0.0185507 
-0.0194744 
-0.0201705 
-0.0204702 
-0.0201678 
-0.0190392 
-0.0168747 
-0.0135182 
-0.00891301 
-0.0031234 
0.00359267 
0.0108624 
0.0182694 
0.0253673 
0.0317521 
0.0370952 
0.0411414 
0.0437068 
0.0446708 
0.0439401 
0.0415163 
0.0415163 
0.1189 
0.1189 
0.105803 
0.0889888 
0.0704536 
0.0510967 
0.0319563 
0.0142651 
-0.000663059 
-0.0117571 
-0.0187561 
-0.022253 
-0.0232999 
-0.0229411 
-0.0219236 
-0.0206647 
-0.0193595 
-0.0180916 
-0.0168972 
-0.0157922 
-0.0147827 
-0.0138716 
-0.0130601 
-0.0123504 
-0.0117427 
-0.011239 
-0.0108374 
-0.0105397 
-0.0103416 
-0.0102446 
-0.0102434 
-0.0103393 
-0.0105289 
-0.0108145 
-0.0111917 
-0.0116721 
-0.0122496 
-0.0129388 
-0.0137328 
-0.0146434 
-0.0156691 
-0.0168127 
-0.0180628 
-0.0193934 
-0.020751 
-0.0220455 
-0.0231386 
-0.0238367 
-0.0238933 
-0.0230279 
-0.0209653 
-0.0174853 
-0.0124777 
-0.0059625 
0.00179538 
0.0103516 
0.0191451 
0.0275943 
0.0352222 
0.041679 
0.0467103 
0.0501313 
0.0518087 
0.0516314 
0.0495925 
0.0495925 
0.109958 
0.109958 
0.0979638 
0.0822387 
0.0647921 
0.0467378 
0.0291564 
0.0132266 
0.0001331 
-0.00933067 
-0.0152268 
-0.0182497 
-0.0193482 
-0.0193538 
-0.0188142 
-0.0180279 
-0.0171423 
-0.0162324 
-0.0153397 
-0.0144883 
-0.0136926 
-0.0129624 
-0.0123042 
-0.0117245 
-0.0112273 
-0.0108174 
-0.0104962 
-0.0102673 
-0.0101297 
-0.0100861 
-0.0101349 
-0.010279 
-0.0105186 
-0.0108588 
-0.0112993 
-0.0118536 
-0.0125191 
-0.0133099 
-0.0142247 
-0.0152762 
-0.0164679 
-0.0178061 
-0.0192843 
-0.0208824 
-0.0225518 
-0.0242025 
-0.0256873 
-0.0267909 
-0.0272273 
-0.0266611 
-0.0247519 
-0.0212174 
-0.015887 
-0.00873223 
3.80864e-05 
0.00991915 
0.0201109 
0.0298548 
0.038597 
0.0459903 
0.0518135 
0.0559088 
0.0581462 
0.0584051 
0.0566771 
0.0566771 
0.0996576 
0.0996576 
0.0889003 
0.0745471 
0.0585399 
0.042113 
0.0263842 
0.0124613 
0.00133063 
-0.00654765 
-0.0114914 
-0.0142037 
-0.0154593 
-0.0158605 
-0.0157824 
-0.0154355 
-0.0149375 
-0.0143597 
-0.0137488 
-0.0131362 
-0.012543 
-0.0119847 
-0.0114729 
-0.0110179 
-0.0106271 
-0.0103077 
-0.0100642 
-0.00990171 
-0.00982225 
-0.00982961 
-0.00992525 
-0.0101136 
-0.0103981 
-0.0107863 
-0.0112816 
-0.0118977 
-0.0126346 
-0.0135061 
-0.0145161 
-0.0156787 
-0.0170022 
-0.0184971 
-0.020164 
-0.0219909 
-0.0239338 
-0.0259037 
-0.0277476 
-0.029233 
-0.0300389 
-0.0297799 
-0.0280592 
-0.0245442 
-0.0190086 
-0.0113914 
-0.00174453 
0.00947755 
0.0210715 
0.0320151 
0.0416949 
0.0498158 
0.0562253 
0.0608115 
0.0634577 
0.0640384 
0.0625508 
0.0625508 
0.0883726 
0.0883726 
0.0789622 
0.0662278 
0.051985 
0.0375025 
0.0238841 
0.0121114 
0.00290052 
-0.00359629 
-0.00782009 
-0.0103871 
-0.0118567 
-0.0126283 
-0.0129523 
-0.012983 
-0.0128204 
-0.0125342 
-0.0121742 
-0.0117767 
-0.0113677 
-0.010967 
-0.0105904 
-0.010251 
-0.00995921 
-0.00972436 
-0.00955319 
-0.00945232 
-0.00942601 
-0.00947906 
-0.00961539 
-0.00984099 
-0.0101622 
-0.010589 
-0.0111263 
-0.0117857 
-0.012572 
-0.0134991 
-0.0145753 
-0.0158166 
-0.0172359 
-0.0188484 
-0.0206608 
-0.0226659 
-0.0248266 
-0.0270588 
-0.0292099 
-0.0310292 
-0.0321622 
-0.0321819 
-0.0306481 
-0.0271924 
-0.0215532 
-0.0136593 
-0.00335642 
0.00905407 
0.0219221 
0.0338425 
0.0442171 
0.0528479 
0.0596586 
0.0645793 
0.0675059 
0.0683104 
0.0670039 
0.0670039 
0.0765928 
0.0765928 
0.0686128 
0.0576922 
0.0454735 
0.0331761 
0.0218088 
0.0121549 
0.004643 
-0.000768512 
-0.00450839 
-0.00703112 
-0.00869947 
-0.00976709 
-0.010406 
-0.0107366 
-0.0108466 
-0.0108026 
-0.0106554 
-0.0104432 
-0.0101952 
-0.00993391 
-0.00967774 
-0.00944209 
-0.00923955 
-0.00908099 
-0.00897495 
-0.00892917 
-0.0089497 
-0.0090421 
-0.00921208 
-0.00946763 
-0.00981755 
-0.0102719 
-0.0108356 
-0.0115215 
-0.0123369 
-0.0132958 
-0.0144095 
-0.0156957 
-0.0171711 
-0.0188546 
-0.0207584 
-0.0228819 
-0.0251944 
-0.0276152 
-0.0299869 
-0.0320503 
-0.0334356 
-0.0336884 
-0.0323397 
-0.028984 
-0.0233329 
-0.0153148 
-0.00473989 
0.00857614 
0.0224164 
0.0349748 
0.0457786 
0.0547364 
0.0618111 
0.0669538 
0.0700669 
0.0710232 
0.0698595 
0.0698595 
0.0648765 
0.0648765 
0.0583773 
0.049391 
0.0393422 
0.0293164 
0.0201458 
0.0123841 
0.00624556 
0.00162583 
-0.00177709 
-0.00426794 
-0.00606326 
-0.00732776 
-0.00818597 
-0.00873491 
-0.00905154 
-0.00919737 
-0.00922129 
-0.00916162 
-0.00904829 
-0.00890534 
-0.00875256 
-0.00860672 
-0.00848173 
-0.00838949 
-0.0083397 
-0.00834094 
-0.00840051 
-0.00852424 
-0.00871947 
-0.00899622 
-0.00936463 
-0.00983249 
-0.0104075 
-0.0111019 
-0.0119248 
-0.0128903 
-0.0140117 
-0.0153076 
-0.0167971 
-0.0185016 
-0.0204376 
-0.0226095 
-0.0249935 
-0.0275148 
-0.0300167 
-0.0322322 
-0.033773 
-0.0341595 
-0.0328945 
-0.029559 
-0.0238839 
-0.0157324 
-0.005007 
0.0081063 
0.0220505 
0.0349536 
0.0460288 
0.0552119 
0.0624663 
0.0677561 
0.0709905 
0.0720483 
0.0710042 
0.0710042 
0.0537945 
0.0537945 
0.0487693 
0.0417213 
0.0338142 
0.0259337 
0.0187032 
0.0124924 
0.00741678 
0.00340287 
0.000282272 
-0.00212532 
-0.00395451 
-0.00531628 
-0.00630319 
-0.00699359 
-0.00745335 
-0.00773733 
-0.00789063 
-0.00794965 
-0.00794365 
-0.00789668 
-0.00782896 
-0.0077577 
-0.00769739 
-0.00766041 
-0.00765705 
-0.00769645 
-0.00778649 
-0.00793291 
-0.00814498 
-0.00843425 
-0.00880902 
-0.00927773 
-0.00984898 
-0.0105344 
-0.0113442 
-0.012292 
-0.0133919 
-0.0146624 
-0.0161235 
-0.017797 
-0.0197017 
-0.0218457 
-0.024211 
-0.0267299 
-0.0292525 
-0.0315152 
-0.0331272 
-0.0335973 
-0.0324114 
-0.029137 
-0.0235055 
-0.015422 
-0.00494813 
0.00755908 
0.0209207 
0.0336616 
0.044796 
0.0540862 
0.061442 
0.066821 
0.0701372 
0.0712914 
0.0704175 
0.0704175 
0.0438443 
0.0438443 
0.0401815 
0.0349105 
0.0289173 
0.0228735 
0.0172269 
0.0122414 
0.00801227 
0.00452282 
0.00169641 
-0.000559543 
-0.00233716 
-0.0037095 
-0.00474669 
-0.00551063 
-0.00605604 
-0.00643018 
-0.00667309 
-0.00681796 
-0.00689216 
-0.00691875 
-0.00691738 
-0.00690498 
-0.00689592 
-0.00690254 
-0.00693519 
-0.00700335 
-0.00711454 
-0.00727471 
-0.00749479 
-0.00778623 
-0.00815603 
-0.00861272 
-0.00916549 
-0.0098251 
-0.0106019 
-0.0115088 
-0.0125596 
-0.0137717 
-0.015164 
-0.0167573 
-0.0185702 
-0.0206123 
-0.0228702 
-0.0252848 
-0.0277186 
-0.0299229 
-0.0315197 
-0.0320243 
-0.0309215 
-0.027778 
-0.0223417 
-0.0145746 
-0.00465027 
0.00697613 
0.0194076 
0.0315091 
0.0423525 
0.0515234 
0.0588372 
0.0642107 
0.0675556 
0.0688009 
0.0681404 
0.0681404 
0.0353085 
0.0353085 
0.0327729 
0.0289688 
0.0245328 
0.019954 
0.0155587 
0.0115568 
0.00804666 
0.00505302 
0.00255329 
0.000502899 
-0.00115291 
-0.0024675 
-0.00349107 
-0.00427148 
-0.00485276 
-0.00527437 
-0.00557068 
-0.00577085 
-0.00589961 
-0.00597817 
-0.00602495 
-0.00605591 
-0.00608472 
-0.00612327 
-0.00618152 
-0.00626894 
-0.00639197 
-0.00655725 
-0.00677672 
-0.00706021 
-0.00741408 
-0.00784686 
-0.00836741 
-0.00898565 
-0.00971139 
-0.0105563 
-0.0115331 
-0.012657 
-0.0139447 
-0.0154143 
-0.017082 
-0.0189569 
-0.0210283 
-0.0232465 
-0.0254922 
-0.0275439 
-0.0290558 
-0.029573 
-0.028599 
-0.025709 
-0.0206628 
-0.0134604 
-0.00433677 
0.00624529 
0.0175539 
0.0287116 
0.038921 
0.0476995 
0.05478 
0.060025 
0.0633384 
0.0646772 
0.0642763 
0.0642763 
0.0281732 
0.0281732 
0.0264703 
0.0237749 
0.0205299 
0.0170847 
0.0136817 
0.0104948 
0.00762101 
0.00510541 
0.0029539 
0.00114986 
-0.000336512 
-0.00154247 
-0.00250266 
-0.00325338 
-0.00382899 
-0.00426146 
-0.00457933 
-0.00480745 
-0.00496736 
-0.00507793 
-0.00515574 
-0.00521531 
-0.00526921 
-0.00532836 
-0.00540219 
-0.00549942 
-0.00562541 
-0.00578758 
-0.00599787 
-0.00626369 
-0.00659154 
-0.00698932 
-0.00746525 
-0.00802813 
-0.00868683 
-0.00945143 
-0.0103328 
-0.0113436 
-0.0124974 
-0.0138084 
-0.0152892 
-0.016946 
-0.0187696 
-0.0207188 
-0.0226957 
-0.0245149 
-0.0258804 
-0.0263898 
-0.025588 
-0.0230688 
-0.0185927 
-0.0121631 
-0.00402747 
0.00536892 
0.0154159 
0.0254184 
0.0347156 
0.0428346 
0.0494695 
0.0544441 
0.0576564 
0.0590876 
0.0589826 
0.0589826 
0.0222172 
0.0222172 
0.0210837 
0.0191869 
0.0168311 
0.0142614 
0.0116565 
0.00915831 
0.00685365 
0.00479337 
0.00299651 
0.0014623 
0.000176411 
-0.00088409 
-0.00174373 
-0.00242867 
-0.00296506 
-0.00337796 
-0.00369036 
-0.00392273 
-0.00409319 
-0.00421788 
-0.00431124 
-0.00438594 
-0.00445315 
-0.00452243 
-0.00460257 
-0.00470072 
-0.0048216 
-0.00497322 
-0.00516601 
-0.00540571 
-0.00569853 
-0.00605156 
-0.00647201 
-0.0069675 
-0.00754558 
-0.00821454 
-0.00898315 
-0.00986121 
-0.0108589 
-0.0119864 
-0.0132516 
-0.0146571 
-0.0161932 
-0.0178262 
-0.0194789 
-0.0210062 
-0.0221724 
-0.0226474 
-0.0220406 
-0.0199817 
-0.0162273 
-0.0107499 
-0.00376016 
0.00434178 
0.0130288 
0.0217317 
0.0299118 
0.0371474 
0.0431387 
0.0477001 
0.0507344 
0.052242 
0.0524447 
0.0524447 
0.017162 
0.017162 
0.0164079 
0.0150823 
0.0133929 
0.0115068 
0.00955298 
0.00764228 
0.00584658 
0.00421372 
0.0027668 
0.00151295 
0.00044714 
-0.000443417 
-0.00117562 
-0.00176744 
-0.00223825 
-0.00260706 
-0.00289172 
-0.00310846 
-0.0032719 
-0.0033953 
-0.0034907 
-0.00356865 
-0.00363871 
-0.00370879 
-0.00378685 
-0.00387805 
-0.00398679 
-0.00412105 
-0.00428891 
-0.00449512 
-0.00474512 
-0.00504504 
-0.0054009 
-0.00581901 
-0.00630545 
-0.00686668 
-0.00750933 
-0.00824047 
-0.0090671 
-0.00999542 
-0.0110293 
-0.0121678 
-0.0133999 
-0.0146972 
-0.0160003 
-0.0172019 
-0.0181279 
-0.0185296 
-0.0181007 
-0.0165301 
-0.0135846 
-0.00919328 
-0.00349051 
0.00320479 
0.0104428 
0.0177391 
0.0246545 
0.0308353 
0.0360183 
0.0400362 
0.0428087 
0.0443501 
0.0448323 
0.0448323 
0.0127604 
0.0127604 
0.0122638 
0.0113561 
0.0101765 
0.00883504 
0.00742118 
0.00601708 
0.00467795 
0.00344375 
0.00233618 
0.00136506 
0.000530336 
-0.000174481 
-0.000760258 
-0.00123889 
-0.00162414 
-0.0019298 
-0.00216907 
-0.00235413 
-0.00249619 
-0.00260554 
-0.00269168 
-0.0027629 
-0.00282694 
-0.00288993 
-0.00295859 
-0.00303635 
-0.00312713 
-0.00323805 
-0.00337483 
-0.00354145 
-0.00374226 
-0.00398226 
-0.00426623 
-0.00459905 
-0.00498534 
-0.00542978 
-0.00593702 
-0.00651177 
-0.00715834 
-0.00787997 
-0.00867748 
-0.00954722 
-0.0104778 
-0.0114451 
-0.0124038 
-0.0132773 
-0.0139456 
-0.0142374 
-0.0139371 
-0.012813 
-0.0106706 
-0.00741505 
-0.00309805 
0.0020753 
0.00776317 
0.0135571 
0.0190955 
0.0240919 
0.0283343 
0.0316896 
0.034101 
0.0355894 
0.0362637 
0.0362637 
0.00881558 
0.00881558 
0.00850249 
0.00791359 
