0 
-0.000382491 
0.000567912 
0.00182609 
0.00241945 
0.00272773 
0.00288025 
0.00293797 
0.0029404 
0.00291153 
0.00286587 
0.00281126 
0.002751 
0.00268534 
0.00261267 
0.00253036 
0.00243537 
0.00232473 
0.00219582 
0.00204664 
0.0018759 
0.00168314 
0.00146873 
0.00123388 
0.000980593 
0.000711655 
0.000430673 
0.000142506 
-0.000144769 
-0.000425893 
-0.000699539 
-0.000963957 
-0.0012164 
-0.00145384 
-0.00167299 
-0.00187033 
-0.00204202 
-0.00218391 
-0.00229165 
-0.00236105 
-0.00238836 
-0.00237076 
-0.00230689 
-0.00219779 
-0.00204858 
-0.00187123 
-0.00168693 
-0.00152311 
-0.00140134 
-0.00132151 
-0.00125848 
-0.00117946 
-0.00106729 
-0.000926917 
-0.000773426 
-0.00061875 
-0.000468241 
-0.000323346 
-0.00018499 
-5.53893e-05 
6.33519e-05 
0.0001681 
0.000253607 
0.000314577 
0.000347436 
0 
0.000382491 
0.000382491 
-0.000567912 
-0.00182609 
-0.00241945 
-0.00272773 
-0.00288025 
-0.00293797 
-0.0029404 
-0.00291153 
-0.00286587 
-0.00281126 
-0.002751 
-0.00268534 
-0.00261267 
-0.00253036 
-0.00243537 
-0.00232473 
-0.00219582 
-0.00204664 
-0.0018759 
-0.00168314 
-0.00146873 
-0.00123388 
-0.000980593 
-0.000711655 
-0.000430673 
-0.000142506 
0.000144769 
0.000425893 
0.000699539 
0.000963957 
0.0012164 
0.00145384 
0.00167299 
0.00187033 
0.00204202 
0.00218391 
0.00229165 
0.00236105 
0.00238836 
0.00237076 
0.00230689 
0.00219779 
0.00204858 
0.00187123 
0.00168693 
0.00152311 
0.00140134 
0.00132151 
0.00125848 
0.00117946 
0.00106729 
0.000926917 
0.000773426 
0.00061875 
0.000468241 
0.000323346 
0.00018499 
5.53893e-05 
-6.33519e-05 
-0.0001681 
-0.000253607 
-0.000314577 
-0.000347436 
-0.000347436 
0.000387361 
0.000387361 
-0.00305784 
-0.0052306 
-0.00657067 
-0.0073347 
-0.0077348 
-0.00789986 
-0.00792382 
-0.00786878 
-0.00777371 
-0.00766006 
-0.00753664 
-0.00740366 
-0.00725584 
-0.00708488 
-0.00688118 
-0.00663517 
-0.00633821 
-0.00598327 
-0.00556535 
-0.00508169 
-0.00453198 
-0.00391823 
-0.00324478 
-0.00251804 
-0.00174634 
-0.000939754 
-0.000111707 
0.000723411 
0.00155599 
0.00237644 
0.00317377 
0.00393682 
0.00465387 
0.00531222 
0.00589813 
0.00639699 
0.00679387 
0.00707442 
0.00722625 
0.00724047 
0.00711351 
0.00684969 
0.00646547 
0.00599567 
0.00549787 
0.00504369 
0.00468785 
0.00442962 
0.00420676 
0.00394095 
0.00359433 
0.00318194 
0.00274068 
0.00229869 
0.00186796 
0.00145181 
0.00105162 
0.000671182 
0.000317851 
4.03756e-06 
-0.00025465 
-0.000439572 
-0.0005396 
-0.0005396 
-0.00335458 
-0.00335458 
-0.00635775 
-0.00883168 
-0.0105922 
-0.0116615 
-0.0122306 
-0.0124631 
-0.0124934 
-0.0124149 
-0.0122864 
-0.0121394 
-0.0119852 
-0.0118216 
-0.0116377 
-0.0114181 
-0.0111456 
-0.0108033 
-0.010376 
-0.00985125 
-0.00922014 
-0.0084776 
-0.0076226 
-0.00665818 
-0.00559123 
-0.00443213 
-0.00319421 
-0.0018925 
-0.000543987 
0.000831494 
0.00221367 
0.00358412 
0.00492421 
0.00621519 
0.00743767 
0.00857049 
0.00959033 
0.010472 
0.0111892 
0.0117165 
0.0120315 
0.0121182 
0.0119702 
0.011595 
0.0110199 
0.0103004 
0.00952435 
0.00879801 
0.00820015 
0.00772798 
0.00729291 
0.00678959 
0.00617388 
0.00547305 
0.00473868 
0.00400654 
0.00329069 
0.00259422 
0.00191977 
0.00127441 
0.000668765 
0.000126346 
-0.000325214 
-0.000651978 
-0.000830519 
-0.000830519 
-0.00650315 
-0.00650315 
-0.00978415 
-0.0125417 
-0.0144897 
-0.0156506 
-0.0162387 
-0.0164502 
-0.0164472 
-0.016341 
-0.0161992 
-0.0160541 
-0.015913 
-0.0157663 
-0.0155945 
-0.0153728 
-0.0150751 
-0.0146764 
-0.0141547 
-0.0134922 
-0.0126763 
-0.0117 
-0.0105622 
-0.00926729 
-0.0078256 
-0.00625244 
-0.00456752 
-0.00279362 
-0.000955347 
0.00091934 
0.00280332 
0.00467318 
0.00650617 
0.00827915 
0.00996789 
0.0115455 
0.012981 
0.0142397 
0.015284 
0.0160762 
0.0165822 
0.0167768 
0.0166487 
0.0162066 
0.015487 
0.0145633 
0.0135493 
0.0125782 
0.0117445 
0.0110396 
0.0103563 
0.00957912 
0.00867194 
0.00767704 
0.00665436 
0.00563996 
0.00464457 
0.00366979 
0.00271724 
0.00179649 
0.000928578 
0.000140337 
-0.000529108 
-0.00101971 
-0.00129213 
-0.00129213 
-0.010204 
-0.010204 
-0.0135152 
-0.0162954 
-0.0181931 
-0.0192727 
-0.0197732 
-0.0199126 
-0.0198671 
-0.0197527 
-0.0196349 
-0.0195386 
-0.0194608 
-0.0193806 
-0.0192673 
-0.0190858 
-0.018801 
-0.0183798 
-0.0177938 
-0.0170204 
-0.0160438 
-0.0148553 
-0.0134539 
-0.0118461 
-0.0100456 
-0.00807292 
-0.0059549 
-0.00372286 
-0.00141133 
0.000944469 
0.00331019 
0.005655 
0.00795061 
0.0101702 
0.012287 
0.0142717 
0.0160899 
0.0177014 
0.0190603 
0.0201183 
0.0208299 
0.0211591 
0.0210876 
0.0206229 
0.0198081 
0.0187317 
0.0175287 
0.0163521 
0.0153023 
0.0143603 
0.0134075 
0.0123344 
0.0111259 
0.0098397 
0.0085378 
0.00724992 
0.00598119 
0.00472724 
0.00349186 
0.00228203 
0.00111041 
3.11448e-05 
-0.000898845 
-0.00160033 
-0.00200351 
-0.00200351 
-0.0134726 
-0.0134726 
-0.016982 
-0.0197395 
-0.0214901 
-0.0224048 
-0.0227676 
-0.022819 
-0.0227418 
-0.0226479 
-0.0225923 
-0.0225858 
-0.022611 
-0.0226336 
-0.0226111 
-0.0224987 
-0.0222524 
-0.0218322 
-0.0212038 
-0.0203402 
-0.0192225 
-0.0178407 
-0.0161938 
-0.0142899 
-0.012146 
-0.0097878 
-0.00724928 
-0.00457084 
-0.00179797 
0.00102185 
0.00384403 
0.00663033 
0.00934783 
0.0119677 
0.0144627 
0.0168042 
0.0189575 
0.0208803 
0.0225219 
0.0238258 
0.0247365 
0.0252074 
0.0252119 
0.0247546 
0.0238829 
0.022698 
0.0213522 
0.0200102 
0.0187682 
0.0175921 
0.0163603 
0.0149856 
0.013482 
0.0119205 
0.0103577 
0.008812 
0.00727739 
0.0057466 
0.00420888 
0.00266954 
0.00116124 
-0.000255471 
-0.00150379 
-0.00248175 
-0.00307315 
-0.00307315 
-0.0166142 
-0.0166142 
-0.020233 
-0.0228543 
-0.0243679 
-0.0250686 
-0.0252758 
-0.0252453 
-0.0251575 
-0.0251126 
-0.0251488 
-0.0252591 
-0.0254101 
-0.0255549 
-0.0256405 
-0.0256135 
-0.0254225 
-0.0250211 
-0.0243695 
-0.0234363 
-0.0221998 
-0.0206483 
-0.0187805 
-0.0166054 
-0.0141426 
-0.0114222 
-0.00848491 
-0.00538033 
-0.00216512 
0.00110235 
0.00436544 
0.00757459 
0.0106895 
0.0136783 
0.0165139 
0.0191696 
0.0216133 
0.0238039 
0.0256894 
0.0272087 
0.0282984 
0.0289031 
0.0289886 
0.0285559 
0.0276562 
0.0264019 
0.0249581 
0.0234917 
0.0220834 
0.020682 
0.0191752 
0.0175119 
0.0157385 
0.0139324 
0.0121372 
0.0103563 
0.00857186 
0.00675928 
0.00489527 
0.00299921 
0.00111353 
-0.000707626 
-0.00237437 
-0.00374382 
-0.00462335 
-0.00462335 
-0.0193208 
-0.0193208 
-0.0230484 
-0.0254985 
-0.0267601 
-0.0272524 
-0.027319 
-0.0272275 
-0.0271504 
-0.027173 
-0.0273143 
-0.0275496 
-0.0278314 
-0.0281017 
-0.0282997 
-0.0283647 
-0.0282389 
-0.0278699 
-0.0272122 
-0.0262299 
-0.0248982 
-0.0232034 
-0.0211433 
-0.0187269 
-0.0159748 
-0.0129206 
-0.0096107 
-0.00610324 
-0.00246563 
0.00122918 
0.00490786 
0.00850882 
0.0119859 
0.0153053 
0.0184412 
0.0213696 
0.0240618 
0.026479 
0.0285695 
0.03027 
0.0315116 
0.0322325 
0.0323925 
0.0319907 
0.0310832 
0.0297925 
0.028291 
0.0267363 
0.025184 
0.0235692 
0.0218037 
0.0198831 
0.0178822 
0.0158741 
0.013884 
0.0118965 
0.00987087 
0.00775936 
0.00555724 
0.0032829 
0.000964384 
-0.00135566 
-0.00357955 
-0.00550853 
-0.0068255 
-0.0068255 
-0.0216448 
-0.0216448 
-0.0254292 
-0.0276782 
-0.0286944 
-0.0290018 
-0.0289507 
-0.0288178 
-0.0287636 
-0.0288583 
-0.029102 
-0.0294549 
-0.0298582 
-0.0302464 
-0.0305522 
-0.0307095 
-0.0306546 
-0.0303288 
-0.0296812 
-0.0286712 
-0.0272704 
-0.0254628 
-0.0232449 
-0.0206245 
-0.0176223 
-0.0142732 
-0.0106286 
-0.00675432 
-0.00272766 
0.00136478 
0.00543024 
0.00939227 
0.0131982 
0.0168132 
0.0202136 
0.0233789 
0.0262837 
0.0288921 
0.031153 
0.0330019 
0.0343669 
0.0351818 
0.0354037 
0.0350331 
0.034133 
0.0328351 
0.0313116 
0.0296983 
0.0280197 
0.026208 
0.0242164 
0.0220898 
0.0199196 
0.0177642 
0.0156253 
0.0134591 
0.0111986 
0.00880694 
0.00627161 
0.00358679 
0.000761572 
-0.00220299 
-0.00519068 
-0.00789862 
-0.00982951 
-0.00982951 
-0.0235099 
-0.0235099 
-0.0273208 
-0.0293755 
-0.030184 
-0.0303447 
-0.0302035 
-0.0300449 
-0.0300161 
-0.0301749 
-0.0305058 
-0.0309577 
-0.0314641 
-0.0319544 
-0.0323572 
-0.0326014 
-0.0326182 
-0.0323432 
-0.0317196 
-0.0307018 
-0.0292575 
-0.0273684 
-0.0250291 
-0.0222457 
-0.0190373 
-0.0154385 
-0.011504 
-0.00730637 
-0.00293003 
0.00152082 
0.00592849 
0.0102041 
0.0142928 
0.0181615 
0.0217895 
0.0251588 
0.028246 
0.0310161 
0.0334181 
0.0353864 
0.0368474 
0.0377336 
0.0380032 
0.0376622 
0.0367835 
0.0355057 
0.0339898 
0.0323382 
0.0305469 
0.0285641 
0.0263973 
0.0241335 
0.0218642 
0.0196237 
0.017383 
0.0150664 
0.0126069 
0.0099597 
0.00708461 
0.00393808 
0.000476536 
-0.00335077 
-0.00734347 
-0.0110177 
-0.0136776 
-0.0136776 
-0.0249348 
-0.0249348 
-0.0287377 
-0.0306194 
-0.0312669 
-0.0313186 
-0.0311118 
-0.0309357 
-0.0309257 
-0.0311315 
-0.031526 
-0.0320514 
-0.0326366 
-0.0332079 
-0.0336911 
-0.0340118 
-0.0340966 
-0.0338758 
-0.033287 
-0.0322793 
-0.0308161 
-0.0288762 
-0.0264526 
-0.0235497 
-0.0201835 
-0.0163868 
-0.0122161 
-0.00775129 
-0.00308207 
0.00166927 
0.00635941 
0.0108919 
0.0152142 
0.0192965 
0.0231197 
0.0266658 
0.0299111 
0.0328191 
0.0353376 
0.0373998 
0.0389318 
0.0398682 
0.0401729 
0.0398623 
0.0390209 
0.0377879 
0.0363004 
0.0346212 
0.032732 
0.0306192 
0.0283479 
0.0260291 
0.023738 
0.0214784 
0.0191845 
0.0167696 
0.0141596 
0.0112821 
0.00804099 
0.00431674 
-1.48275e-05 
-0.00497477 
-0.0101333 
-0.0148195 
-0.0182019 
-0.0182019 
-0.0259221 
-0.0259221 
-0.0296916 
-0.0314362 
-0.0319742 
-0.0319527 
-0.0317014 
-0.0315106 
-0.0315075 
-0.0317379 
-0.0321683 
-0.0327382 
-0.033374 
-0.0340012 
-0.034544 
-0.0349257 
-0.0350696 
-0.0349017 
-0.0343543 
-0.0333712 
-0.0319109 
-0.0299487 
-0.0274761 
-0.0244963 
-0.0210231 
-0.0170842 
-0.0127354 
-0.00806363 
-0.00316888 
0.00180011 
0.00668842 
0.0114099 
0.0159156 
0.020175 
0.0241654 
0.0278653 
0.0312474 
0.0342719 
0.0368842 
0.0390165 
0.0405969 
0.0415657 
0.0418977 
0.0416235 
0.0408375 
0.0396688 
0.0382192 
0.0365171 
0.0345547 
0.0323734 
0.0300843 
0.0277994 
0.0255676 
0.0233531 
0.0210674 
0.0186165 
0.0159008 
0.0127824 
0.0090633 
0.00452803 
-0.000960532 
-0.00720136 
-0.0134972 
-0.0191004 
-0.0231275 
-0.0231275 
-0.026497 
-0.026497 
-0.030216 
-0.0318649 
-0.0323413 
-0.0322769 
-0.0319978 
-0.0317905 
-0.0317794 
-0.0320101 
-0.0324479 
-0.0330325 
-0.0336901 
-0.0343463 
-0.0349252 
-0.0353491 
-0.0355395 
-0.0354191 
-0.0349159 
-0.0339685 
-0.03253 
-0.0305713 
-0.0280814 
-0.0250637 
-0.0215325 
-0.0175119 
-0.0130519 
-0.00824795 
-0.00322296 
0.00186303 
0.00687214 
0.0117278 
0.0163762 
0.0207805 
0.0249114 
0.0287414 
0.0322375 
0.0353554 
0.0380375 
0.0402162 
0.0418243 
0.0428123 
0.0431701 
0.042944 
0.0422305 
0.0411357 
0.0397225 
0.0380052 
0.0360136 
0.0338451 
0.0316334 
0.0294747 
0.0273773 
0.0252736 
0.0230641 
0.0206346 
0.0178199 
0.0143647 
0.00994919 
0.00432978 
-0.00247885 
-0.00994381 
-0.0172262 
-0.0236129 
-0.0282065 
-0.0282065 
-0.026688 
-0.026688 
-0.0303408 
-0.0319376 
-0.0323955 
-0.0323164 
-0.0320256 
-0.0318005 
-0.0317679 
-0.0319757 
-0.0323932 
-0.0329625 
-0.0336116 
-0.0342676 
-0.0348554 
-0.0352982 
-0.0355173 
-0.035434 
-0.0349737 
-0.0340706 
-0.0326727 
-0.0307456 
-0.0282743 
-0.0252617 
-0.0217258 
-0.0176919 
-0.0132059 
-0.00835646 
-0.00327977 
0.00185502 
0.0069278 
0.0118667 
0.016613 
0.021123 
0.0253597 
0.0292882 
0.0328685 
0.0360512 
0.0387762 
0.040978 
0.0425973 
0.0435985 
0.0439889 
0.0438254 
0.0431945 
0.0421708 
0.0407899 
0.0390814 
0.0371284 
0.035068 
0.0330324 
0.0310803 
0.0291828 
0.0272557 
0.0251842 
0.0227987 
0.0198156 
0.0158355 
0.0104745 
0.00360018 
-0.00449151 
-0.0130047 
-0.0211103 
-0.0281598 
-0.0332556 
-0.0332556 
-0.0265088 
-0.0265088 
-0.0301174 
-0.0317003 
-0.0321716 
-0.0320999 
-0.0318076 
-0.0315622 
-0.0314958 
-0.0316611 
-0.0320347 
-0.0325629 
-0.0331769 
-0.0338059 
-0.0343772 
-0.0348159 
-0.0350446 
-0.034985 
-0.0345611 
-0.0337043 
-0.0323581 
-0.0304829 
-0.0280588 
-0.0250865 
-0.0215851 
-0.0175927 
-0.0131649 
-0.00838227 
-0.00335489 
0.00177001 
0.00686257 
0.0118416 
0.0166449 
0.0212215 
0.0255271 
0.0295188 
0.0331499 
0.036366 
0.0391047 
0.0413062 
0.0429236 
0.0439379 
0.0443704 
0.044278 
0.0437264 
0.0427619 
0.0414192 
0.0397678 
0.0379414 
0.0360884 
0.0343103 
0.0326274 
0.0309886 
0.0292968 
0.0273987 
0.0250221 
0.0217307 
0.0170144 
0.0105388 
0.00239941 
-0.00681658 
-0.0161972 
-0.0249887 
-0.0325952 
-0.0381365 
-0.0381365 
-0.0259914 
-0.0259914 
-0.0295818 
-0.0311839 
-0.0316951 
-0.0316522 
-0.0313699 
-0.0311056 
-0.0309975 
-0.0311054 
-0.0314153 
-0.0318794 
-0.0324335 
-0.03301 
-0.0335395 
-0.0339506 
-0.0341691 
-0.0341191 
-0.0337255 
-0.0329185 
-0.0316385 
-0.0298417 
-0.0275031 
-0.0246195 
-0.0212086 
-0.017309 
-0.01298 
-0.00830331 
-0.00338174 
0.00166147 
0.00670912 
0.0116706 
0.016478 
0.0210718 
0.0253994 
0.02941 
0.0330506 
0.0362643 
0.0389916 
0.0411792 
0.0427937 
0.0438301 
0.0443143 
0.0442915 
0.0438062 
0.0428978 
0.0416292 
0.0401153 
0.0385094 
0.0369421 
0.0354794 
0.0341147 
0.0327837 
0.0313665 
0.0296365 
0.0271815 
0.0234205 
0.0178131 
0.0101786 
0.000876161 
-0.00928428 
-0.0193863 
-0.0287469 
-0.0368112 
-0.0427429 
-0.0427429 
-0.0251666 
-0.0251666 
-0.0287661 
-0.030416 
-0.0309913 
-0.0309981 
-0.0307393 
-0.030462 
-0.0303096 
-0.0303507 
-0.0305824 
-0.0309646 
-0.0314386 
-0.0319406 
-0.0324054 
-0.032766 
-0.0329529 
-0.0328944 
-0.0325186 
-0.0317567 
-0.0305484 
-0.0288463 
-0.026621 
-0.0238645 
-0.0205908 
-0.0168368 
-0.0126604 
-0.00813817 
-0.00336487 
0.00154996 
0.00649806 
0.0113874 
0.016145 
0.0207043 
0.025005 
0.0289895 
0.0326003 
0.0357799 
0.0384734 
0.040637 
0.0422475 
0.0433067 
0.0438366 
0.0438697 
0.0434439 
0.0426157 
0.0414839 
0.0401892 
0.038877 
0.0376477 
0.0365387 
0.0355275 
0.0345373 
0.0334061 
0.0318013 
0.0291603 
0.0248038 
0.0182462 
0.00951468 
-0.000800872 
-0.0117587 
-0.0224757 
-0.0322986 
-0.0407237 
-0.04699 
-0.04699 
-0.0240648 
-0.0240648 
-0.0276978 
-0.0294205 
-0.0300823 
-0.0301601 
-0.0299416 
-0.0296624 
-0.0294697 
-0.0294411 
-0.0295864 
-0.0298747 
-0.0302538 
-0.0306646 
-0.031046 
-0.0313362 
-0.0314715 
-0.0313858 
-0.0310124 
-0.0302863 
-0.0291482 
-0.0275497 
-0.0254577 
-0.0228586 
-0.0197607 
-0.0161947 
-0.0122135 
-0.00788797 
-0.00330585 
0.00143465 
0.00623318 
0.0109981 
0.015653 
0.0201259 
0.0243511 
0.0282662 
0.0318112 
0.0349301 
0.0375735 
0.0397046 
0.0413061 
0.04238 
0.0429433 
0.0430258 
0.0426762 
0.0419776 
0.0410533 
0.0400445 
0.0390726 
0.0382097 
0.0374747 
0.0368365 
0.0361992 
0.0353375 
0.0337958 
0.0308798 
0.025871 
0.0183959 
0.00868857 
-0.00249042 
-0.0141445 
-0.0253941 
-0.0355748 
-0.0442642 
-0.0508073 
-0.0508073 
-0.0227138 
-0.0227138 
-0.0264018 
-0.0282187 
-0.0289875 
-0.029158 
-0.0289997 
-0.0287353 
-0.0285129 
-0.0284191 
-0.0284766 
-0.0286657 
-0.0289418 
-0.0292508 
-0.0295363 
-0.0297414 
-0.0298083 
-0.0296777 
-0.0292894 
-0.0285841 
-0.0275063 
-0.0260087 
-0.0240564 
-0.0216315 
-0.0187356 
-0.0153918 
-0.0116444 
-0.00755613 
-0.00320579 
0.00131825 
0.00592209 
0.0105151 
0.0150186 
0.0193574 
0.0234624 
0.0272686 
0.0307157 
0.0337498 
0.0363258 
0.0384118 
0.0399925 
0.0410701 
0.0416625 
0.0418081 
0.0415745 
0.0410643 
0.0404055 
0.0397226 
0.0391104 
0.0386206 
0.0382629 
0.0379987 
0.0377044 
0.037077 
0.0355412 
0.0323066 
0.0266653 
0.0183737 
0.00783208 
-0.00409238 
-0.0163735 
-0.0280784 
-0.0385125 
-0.0473704 
-0.0541318 
-0.0541318 
-0.0211391 
-0.0211391 
-0.0249004 
-0.0268295 
-0.027724 
-0.0280082 
-0.0279326 
-0.0277044 
-0.0274699 
-0.0273225 
-0.0272983 
-0.0273897 
-0.0275613 
-0.0277652 
-0.0279493 
-0.0280614 
-0.0280493 
-0.0278605 
-0.0274419 
-0.0267412 
-0.0257087 
-0.0243004 
-0.0224823 
-0.0202338 
-0.0175508 
-0.0144487 
-0.0109621 
-0.00714365 
-0.00306189 
0.00120578 
0.00557308 
0.00995117 
0.0142598 
0.0184222 
0.0223677 
0.0260305 
0.029351 
0.0322775 
0.0347683 
0.0367949 
0.038345 
0.0394242 
0.0400584 
0.0402994 
0.040229 
0.0399552 
0.0395944 
0.0392489 
0.0389922 
0.0388639 
0.0388694 
0.0389616 
0.0389812 
0.0385464 
0.0369814 
0.0334384 
0.0272487 
0.0182816 
0.00704347 
-0.00553726 
-0.018387 
-0.0304619 
-0.0410451 
-0.0499803 
-0.0569018 
-0.0569018 
-0.0193643 
-0.0193643 
-0.0232144 
-0.0252703 
-0.0263063 
-0.026724 
-0.0267542 
-0.0265875 
-0.0263643 
-0.0261824 
-0.0260897 
-0.0260918 
-0.0261643 
-0.0262662 
-0.0263505 
-0.0263693 
-0.0262751 
-0.0260216 
-0.0255625 
-0.0248529 
-0.0238498 
-0.0225146 
-0.0208161 
-0.0187337 
-0.0162602 
-0.013404 
-0.0101907 
-0.00666257 
-0.00287623 
0.00110291 
0.00519807 
0.00932389 
0.0133997 
0.017349 
0.0211009 
0.0245901 
0.0277588 
0.0305576 
0.0329486 
0.0349075 
0.0364272 
0.0375203 
0.0382227 
0.0385961 
0.0387262 
0.0387132 
0.0386556 
0.0386353 
0.0387114 
0.0389173 
0.0392558 
0.0396687 
0.0399597 
0.0396779 
0.0380757 
0.0342803 
0.0276697 
0.0181886 
0.00638618 
-0.0067766 
-0.0201245 
-0.0324643 
-0.043096 
-0.0520278 
-0.059054 
-0.059054 
-0.0174116 
-0.0174116 
-0.0213637 
-0.0235577 
-0.0247474 
-0.0253153 
-0.0254738 
-0.0253956 
-0.0252119 
-0.025021 
-0.0248802 
-0.0248082 
-0.0247927 
-0.0248017 
-0.0247941 
-0.024726 
-0.0245543 
-0.0242375 
-0.0237354 
-0.0230097 
-0.0220242 
-0.0207464 
-0.0191497 
-0.0172154 
-0.0149355 
-0.0123142 
-0.00937008 
-0.00613588 
-0.00265714 
0.00101309 
0.00480957 
0.00865338 
0.0124657 
0.0161718 
0.0197023 
0.0229941 
0.0259918 
0.0286497 
0.0309344 
0.0328273 
0.0343279 
0.0354561 
0.0362545 
0.036787 
0.037134 
0.0373813 
0.0376094 
0.0378849 
0.0382576 
0.0387573 
0.0393839 
0.0400671 
0.0405782 
0.0404162 
0.0387921 
0.0348325 
0.027955 
0.018136 
0.00589525 
-0.00777921 
-0.0215154 
-0.0339862 
-0.044578 
-0.0534433 
-0.0605249 
-0.0605249 
-0.0153033 
-0.0153033 
-0.0193682 
-0.0217084 
-0.0230599 
-0.0237904 
-0.0240966 
-0.0241335 
-0.02402 
-0.0238509 
-0.023689 
-0.0235646 
-0.0234781 
-0.0234081 
-0.0233209 
-0.0231775 
-0.0229388 
-0.0225671 
-0.0220271 
-0.0212859 
-0.0203133 
-0.0190828 
-0.0175728 
-0.015768 
-0.0136613 
-0.0112555 
-0.00856403 
-0.00561241 
-0.00243641 
0.000921964 
0.00440885 
0.00795402 
0.0114836 
0.0149269 
0.0182183 
0.0212981 
0.024115 
0.0266282 
0.0288095 
0.0306464 
0.0321441 
0.0333271 
0.0342389 
0.0349392 
0.0354974 
0.0359845 
0.0364658 
0.0369968 
0.0376206 
0.0383639 
0.0392228 
0.0401154 
0.0407904 
0.0407172 
0.039093 
0.0350605 
0.0280697 
0.0180918 
0.00555922 
-0.00851494 
-0.0224715 
-0.0349164 
-0.0454025 
-0.054162 
-0.0612582 
-0.0612582 
-0.0130622 
-0.0130622 
-0.0172492 
-0.0197404 
-0.0212575 
-0.0221576 
-0.0226253 
-0.0228003 
-0.0227876 
-0.0226742 
-0.022524 
-0.0223753 
-0.0222404 
-0.0221098 
-0.0219588 
-0.0217549 
-0.0214631 
-0.0210493 
-0.020482 
-0.0197323 
-0.0187749 
-0.0175881 
-0.0161549 
-0.0144635 
-0.012509 
-0.0102941 
-0.00783008 
-0.00513757 
-0.0022456 
0.000812212 
0.00399263 
0.0072365 
0.0104775 
0.0136512 
0.0166975 
0.0195619 
0.0221984 
0.0245716 
0.0266587 
0.0284519 
0.0299597 
0.0312073 
0.0322348 
0.0330937 
0.0338414 
0.0345355 
0.0352295 
0.03597 
0.0367946 
0.0377258 
0.0387548 
0.0397905 
0.0405691 
0.0405548 
0.0389553 
0.0349425 
0.0279912 
0.0180707 
0.00537945 
-0.00895818 
-0.022871 
-0.0351453 
-0.0454875 
-0.0541283 
-0.0612066 
-0.0612066 
-0.0107124 
-0.0107124 
-0.0150296 
-0.0176742 
-0.0193563 
-0.0204268 
-0.0210631 
-0.0213925 
-0.0215071 
-0.0214833 
-0.021381 
-0.021242 
-0.0210878 
-0.02092 
-0.0207245 
-0.0204767 
-0.0201473 
-0.0197061 
-0.0191246 
-0.0183774 
-0.0174426 
-0.0163023 
-0.014943 
-0.0133563 
-0.0115393 
-0.00949552 
-0.00723498 
-0.00477505 
-0.00213977 
0.000642944 
0.00353739 
0.00649469 
0.00945774 
0.0123702 
0.015179 
0.0178361 
0.0203014 
0.022545 
0.0245487 
0.0263076 
0.0278311 
0.029142 
0.0302744 
0.0312707 
0.0321771 
0.0330403 
0.0339041 
0.0348073 
0.0357816 
0.0368446 
0.0379819 
0.0390974 
0.0399283 
0.039938 
0.0383489 
0.0343783 
0.0275303 
0.0178045 
0.0052337 
-0.00894066 
-0.0225427 
-0.0345881 
-0.0447799 
-0.0533083 
-0.0603508 
-0.0603508 
-0.00827975 
-0.00827975 
-0.0127343 
-0.0155332 
-0.0173765 
-0.0186125 
-0.0194162 
-0.0199077 
-0.0201683 
-0.0202633 
-0.0202449 
-0.0201534 
-0.0200148 
-0.0198393 
-0.0196231 
-0.0193509 
-0.0190003 
-0.0185463 
-0.0179639 
-0.0172305 
-0.0163267 
-0.0152373 
-0.0139512 
-0.0124624 
-0.0107695 
-0.00887705 
-0.00679501 
-0.00453935 
-0.00213149 
0.000403794 
0.00303676 
0.00572972 
0.00843473 
0.0111039 
0.0136915 
0.0161565 
0.0184647 
0.0205909 
0.0225202 
0.0242494 
0.0257866 
0.0271508 
0.0283695 
0.0294764 
0.0305084 
0.0315027 
0.0324949 
0.0335165 
0.0345929 
0.0357363 
0.0369275 
0.0380656 
0.0388836 
0.0388663 
0.0372762 
0.0333828 
0.0267193 
0.0172884 
0.00517636 
-0.00843493 
-0.0215749 
-0.0333076 
-0.0433092 
-0.0517205 
-0.0587214 
-0.0587214 
-0.00579118 
-0.00579118 
-0.0103899 
-0.0133433 
-0.0153427 
-0.0167353 
-0.0176981 
-0.018349 
-0.0187632 
-0.0189967 
-0.0190928 
-0.019086 
-0.0190015 
-0.0188541 
-0.0186475 
-0.0183751 
-0.0180227 
-0.0175715 
-0.0170013 
-0.0162928 
-0.015429 
-0.0143969 
-0.0131873 
-0.0117956 
-0.0102219 
-0.00847087 
-0.00655204 
-0.00447951 
-0.0022719 
4.8609e-05 
0.00245562 
0.00491774 
0.00739562 
0.00984928 
0.0122404 
0.0145345 
0.0167029 
0.0187245 
0.0205869 
0.0222873 
0.0238319 
0.0252355 
0.0265194 
0.02771 
0.028836 
0.0299267 
0.0310101 
0.0321109 
0.033248 
0.0344282 
0.0356263 
0.0367346 
0.0374931 
0.0374162 
0.0358195 
0.0320332 
0.0256278 
0.0165972 
0.00517776 
-0.00757566 
-0.0200668 
-0.0313838 
-0.041149 
-0.0494296 
-0.0563806 
-0.0563806 
-0.00327423 
-0.00327423 
-0.00802297 
-0.011132 
-0.0132832 
-0.0148227 
-0.0159318 
-0.0167307 
-0.0172939 
-0.0176721 
-0.0179013 
-0.0180088 
-0.0180152 
-0.0179345 
-0.0177737 
-0.0175322 
-0.0172028 
-0.0167736 
-0.0162297 
-0.0155562 
-0.014739 
-0.013767 
-0.0126327 
-0.0113323 
-0.00986667 
-0.00824071 
-0.00646397 
-0.00455024 
-0.0025173 
-0.000386065 
0.00181935 
0.0040761 
0.00635264 
0.00861558 
0.0108329 
0.0129757 
0.0150198 
0.0169473 
0.0187475 
0.0204174 
0.0219611 
0.0233896 
0.0247188 
0.0259685 
0.0271608 
0.0283179 
0.0294609 
0.030608 
0.0317721 
0.0329538 
0.0341188 
0.0351582 
0.0358223 
0.0356647 
0.0340669 
0.0304272 
0.0243623 
0.0158634 
0.00526785 
-0.006496 
-0.0181883 
-0.028975 
-0.0384344 
-0.0465512 
-0.0534347 
-0.0534347 
-0.000753469 
-0.000753469 
-0.00565721 
-0.00892517 
-0.0112275 
-0.0129074 
-0.0141503 
-0.0150815 
-0.015779 
-0.0162938 
-0.0166585 
-0.0168949 
-0.0170182 
-0.0170383 
-0.0169608 
-0.0167868 
-0.0165129 
-0.0161323 
-0.0156354 
-0.0150117 
-0.0142513 
-0.013346 
-0.0122905 
-0.0110827 
-0.00972414 
-0.00821986 
-0.00657852 
-0.00481209 
-0.00293566 
-0.000967166 
0.0010723 
0.00316009 
0.0052701 
0.00737427 
0.00944594 
0.0114606 
0.0133982 
0.0152433 
0.0169867 
0.0186252 
0.0201612 
0.0216022 
0.0229598 
0.0242485 
0.0254844 
0.0266835 
0.027861 
0.0290291 
0.0301944 
0.0313493 
0.0324534 
0.0333984 
0.0339508 
0.0337088 
0.0321277 
0.0286782 
0.0230274 
0.0151691 
0.00547427 
-0.00526147 
-0.016075 
-0.0262371 
-0.0353152 
-0.0432214 
-0.0500104 
-0.0500104 
0.00174875 
0.00174875 
-0.00331005 
-0.00674289 
-0.00920144 
-0.0110223 
-0.0123929 
-0.0134433 
-0.0142573 
-0.0148904 
-0.0153769 
-0.0157377 
-0.0159847 
-0.0161241 
-0.0161578 
-0.016085 
-0.0159021 
-0.0156032 
-0.0151815 
-0.0146294 
-0.01394 
-0.0131081 
-0.0121309 
-0.0110081 
-0.0097427 
-0.00834058 
-0.00681078 
-0.00516545 
-0.00341979 
-0.00159169 
0.00029857 
0.00223218 
0.00419178 
0.00615372 
0.00809543 
0.00999575 
0.0118375 
0.0136069 
0.0152956 
0.0169005 
0.0184221 
0.0198651 
0.0212373 
0.0225486 
0.0238102 
0.0250327 
0.0262261 
0.0273966 
0.0285439 
0.0296538 
0.0306812 
0.0315211 
0.0319601 
0.0316446 
0.0301054 
0.0268864 
0.0217034 
0.0145534 
0.0057878 
-0.00392494 
-0.0138287 
-0.0233037 
-0.0319334 
-0.0395781 
-0.0462401 
-0.0462401 
0.00422423 
0.00422423 
-0.000991448 
-0.0045958 
-0.00722159 
-0.00919355 
-0.0106971 
-0.0118639 
-0.012783 
-0.0135159 
-0.0141023 
-0.014567 
-0.0149232 
-0.0151767 
-0.0153278 
-0.0153732 
-0.015307 
-0.0151215 
-0.0148086 
-0.0143604 
-0.0137704 
-0.0130346 
-0.012152 
-0.0111248 
-0.00995879 
-0.00866211 
-0.00724511 
-0.0057195 
-0.00409822 
-0.00239537 
-0.000626854 
0.00119002 
0.0030355 
0.00488865 
0.00672982 
0.00853993 
0.0103039 
0.0120096 
0.0136505 
0.0152237 
0.0167282 
0.0181671 
0.0195447 
0.0208673 
0.0221421 
0.0233753 
0.0245717 
0.0257322 
0.0268504 
0.0279065 
0.0288527 
0.0295892 
0.0299259 
0.0295578 
0.0280886 
0.0251328 
0.0204495 
0.0140354 
0.00619439 
-0.00252371 
-0.01152 
-0.0202765 
-0.0284081 
-0.035745 
-0.0422471 
-0.0422471 
0.00668037 
0.00668037 
0.00129779 
-0.00248326 
-0.00529041 
-0.00743241 
-0.00908685 
-0.0103829 
-0.0114111 
-0.0122373 
-0.0129074 
-0.013452 
-0.0138901 
-0.0142315 
-0.0144794 
-0.0146312 
-0.0146808 
-0.0146189 
-0.0144348 
-0.0141175 
-0.013657 
-0.0130459 
-0.0122806 
-0.0113619 
-0.0102954 
-0.009091 
-0.007762 
-0.00632358 
-0.00479197 
-0.0031841 
-0.00151776 
0.000189072 
0.00192123 
0.00366695 
0.00540994 
0.00713207 
0.00882109 
0.0104647 
0.0120564 
0.013595 
0.0150778 
0.016506 
0.0178814 
0.0192069 
0.0204864 
0.0217216 
0.022913 
0.024057 
0.025142 
0.0261438 
0.0270139 
0.0276593 
0.0279139 
0.0275199 
0.0261485 
0.0234783 
0.019306 
0.0136235 
0.00667636 
-0.00109132 
-0.00920278 
-0.0172321 
-0.0248338 
-0.0318254 
-0.0381375 
-0.0381375 
0.00913577 
0.00913577 
0.00357746 
-0.0003927 
-0.00339424 
-0.00573048 
-0.00756363 
-0.00901637 
-0.0101763 
-0.0111097 
-0.011866 
-0.0124809 
-0.0129797 
-0.0133789 
-0.0136878 
-0.0139097 
-0.0140426 
-0.0140802 
-0.0140123 
-0.0138269 
-0.0135108 
-0.013052 
-0.0124411 
-0.011673 
-0.0107484 
-0.00967432 
-0.00846406 
-0.00713549 
-0.00570836 
-0.00420127 
-0.00262973 
-0.00100633 
0.000656099 
0.00233815 
0.00402265 
0.00569035 
0.00732766 
0.00892295 
0.0104753 
0.0119873 
0.0134517 
0.0148701 
0.0162413 
0.0175664 
0.0188463 
0.0200794 
0.0212632 
0.0223896 
0.0234434 
0.0243977 
0.0252042 
0.0257783 
0.0259771 
0.0255865 
0.0243376 
0.0219658 
0.0182993 
0.0133225 
0.00722182 
0.000350055 
-0.00691348 
-0.0142249 
-0.0212805 
-0.0278997 
-0.0339968 
-0.0339968 
0.0116164 
0.0116164 
0.00587927 
0.0017045 
-0.00150877 
-0.00406146 
-0.00610513 
-0.00774975 
-0.0090769 
-0.0101495 
-0.0110169 
-0.0117171 
-0.0122792 
-0.0127248 
-0.0130696 
-0.0133243 
-0.0134944 
-0.0135808 
-0.0135796 
-0.0134829 
-0.0132795 
-0.0129563 
-0.0125 
-0.0118984 
-0.0111425 
-0.010228 
-0.0091573 
-0.00794061 
-0.00659638 
-0.00514994 
-0.0036298 
-0.00206267 
-0.000470637 
0.00112786 
0.00273283 
0.00432448 
0.00589942 
0.00744152 
0.00894595 
0.010422 
0.0118628 
0.0132664 
0.01463 
0.0159514 
0.0172285 
0.0184585 
0.019635 
0.0207469 
0.0217763 
0.0226949 
0.0234558 
0.023983 
0.0241554 
0.0237974 
0.0226917 
0.0206231 
0.0174452 
0.0131347 
0.00782394 
0.00178639 
-0.00467604 
-0.0112905 
-0.0177968 
-0.0240263 
-0.0298889 
-0.0298889 
0.0141523 
0.0141523 
0.00823874 
0.00384731 
0.000399892 
-0.00239114 
-0.00467502 
-0.00654661 
-0.00807917 
-0.00932973 
-0.0103453 
-0.0111638 
-0.0118156 
-0.0123248 
-0.0127107 
-0.0129885 
-0.0131701 
-0.0132641 
-0.0132752 
-0.0132041 
-0.0130476 
-0.0127989 
-0.0124487 
-0.0119861 
-0.0113997 
-0.0106787 
-0.0098146 
-0.00880228 
-0.00764301 
-0.00634725 
-0.00493675 
-0.00344294 
-0.00189848 
-0.000323796 
0.00127589 
0.00286687 
0.00442127 
0.00591806 
0.00738515 
0.00885042 
0.0102806 
0.0116784 
0.0130377 
0.0143565 
0.0156332 
0.0168626 
0.0180361 
0.0191408 
0.0201569 
0.0210556 
0.0217924 
0.0222998 
0.0224759 
0.0221783 
0.021233 
0.019466 
0.0167526 
0.0130619 
0.00848131 
0.00321331 
-0.00250214 
-0.00844891 
-0.0144127 
-0.0202436 
-0.0258578 
-0.0258578 
0.0167729 
0.0167729 
0.0106869 
0.00607237 
0.0023702 
-0.000687076 
-0.00323653 
-0.00536761 
-0.00713997 
-0.00860414 
-0.00980301 
-0.0107737 
-0.0115477 
-0.0121508 
-0.0126042 
-0.0129252 
-0.0131285 
-0.0132267 
-0.0132301 
-0.0131464 
-0.0129808 
-0.0127352 
-0.0124089 
-0.0119986 
-0.011499 
-0.0109028 
-0.0102009 
-0.00938157 
-0.00842997 
-0.00732967 
-0.00606734 
-0.00464371 
-0.00308981 
-0.00148027 
9.05505e-05 
0.00156789 
0.00304737 
0.00450009 
0.00591223 
0.00733048 
0.00873865 
0.0101225 
0.0114744 
0.0127909 
0.0140682 
0.0153 
0.0164763 
0.0175829 
0.0185991 
0.0194958 
0.0202316 
0.0207467 
0.0209558 
0.020744 
0.0199727 
0.0185018 
0.0162252 
0.0131054 
0.00919416 
0.00463314 
-0.000390871 
-0.00570601 
-0.0111416 
-0.016573 
-0.0219297 
-0.0219297 
0.0195058 
0.0195058 
0.013252 
0.00840819 
0.00443341 
0.00108365 
-0.00176217 
-0.00418322 
-0.00622769 
-0.00793715 
-0.00934879 
-0.0104982 
-0.0114183 
-0.0121378 
-0.0126808 
-0.0130678 
-0.0133155 
-0.0134386 
-0.0134498 
-0.0133602 
-0.013179 
-0.0129138 
-0.01257 
-0.0121518 
-0.0116619 
-0.011102 
-0.0104726 
-0.00977243 
-0.00899654 
-0.00813408 
-0.00716599 
-0.00606481 
-0.00479875 
-0.00334359 
-0.00171029 
-1.79807e-06 
0.00159424 
0.00295745 
0.00429071 
0.00576147 
0.00719231 
0.0085788 
0.00993016 
0.0112466 
0.0125281 
0.0137681 
0.0149563 
0.0160771 
0.0171094 
0.0180244 
0.0187835 
0.0193337 
0.0196037 
0.0195006 
0.0189143 
0.0177321 
0.0158635 
0.0132667 
0.00996564 
0.0060528 
0.0016661 
-0.00305716 
-0.00798478 
-0.0130216 
-0.0181165 
-0.0181165 
0.0223757 
0.0223757 
0.0159588 
0.0108792 
0.00661491 
0.00294383 
-0.000231605 
-0.00297418 
-0.00532494 
-0.00731219 
-0.00896552 
-0.010317 
-0.0114007 
-0.0122489 
-0.0128911 
-0.0133523 
-0.0136536 
-0.0138129 
-0.0138459 
-0.0137661 
-0.0135852 
-0.0133133 
-0.0129587 
-0.0125284 
-0.0120282 
-0.0114635 
-0.0108389 
-0.0101585 
-0.00942425 
-0.00863358 
-0.0077762 
-0.00683223 
-0.00577363 
-0.00456232 
-0.00315704 
-0.0015246 
0.000149069 
0.00156262 
0.00288763 
0.00427291 
0.0056794 
0.00706012 
0.00841296 
0.00973386 
0.011024 
0.0122778 
0.013486 
0.0146328 
0.0156969 
0.0166501 
0.0174558 
0.0180671 
0.0184234 
0.0184493 
0.0180569 
0.0171551 
0.0156669 
0.0135484 
0.0108022 
0.00748284 
0.00368348 
-0.000488674 
-0.0049335 
-0.00958585 
-0.014418 
-0.014418 
0.0254052 
0.0254052 
0.0188298 
0.0135077 
0.00893666 
0.00491755 
0.00137852 
-0.00172538 
-0.00441991 
-0.00672179 
-0.00864962 
-0.0102291 
-0.0114943 
-0.0124816 
-0.0132269 
-0.0137619 
-0.0141142 
-0.0143069 
-0.0143595 
-0.0142894 
-0.0141115 
-0.0138386 
-0.0134816 
-0.0130494 
-0.0125494 
-0.0119878 
-0.01137 
-0.0107011 
-0.00998536 
-0.00922468 
-0.00841566 
-0.00754663 
-0.00660101 
-0.00556759 
-0.00445506 
-0.00329866 
-0.00215225 
-0.000972806 
0.000512001 
0.00237413 
0.00405295 
0.00550612 
0.00688845 
0.00822418 
0.00953314 
0.0108132 
0.0120559 
0.0132456 
0.014361 
0.0153742 
0.0162509 
0.0169485 
0.017415 
0.0175882 
0.0173972 
0.0167682 
0.0156352 
0.013954 
0.0117124 
0.00893537 
0.00568004 
0.00201832 
-0.00197184 
-0.00625368 
-0.0108248 
-0.0108248 
0.0286137 
0.0286137 
0.0218848 
0.0163146 
0.0114203 
0.0070261 
0.00308561 
-0.000421303 
-0.0035008 
-0.00615979 
-0.00840057 
-0.0102393 
-0.0117075 
-0.0128456 
-0.0136971 
-0.0143032 
-0.0146998 
-0.0149172 
-0.0149806 
-0.0149118 
-0.0147295 
-0.0144498 
-0.0140864 
-0.0136508 
-0.0131522 
-0.0125982 
-0.0119947 
-0.0113464 
-0.0106567 
-0.00992786 
-0.00915928 
-0.00834567 
-0.00747703 
-0.00654092 
-0.00552953 
-0.00444017 
-0.00331011 
-0.00222873 
-0.000961274 
0.000584505 
0.00218733 
0.00374082 
0.00522394 
0.00664384 
0.0080195 
0.00935921 
0.010662 
0.0119172 
0.0131058 
0.0142019 
0.0151732 
0.0159808 
0.0165793 
0.0169162 
0.0169332 
0.0165698 
0.0157695 
0.0144892 
0.0127067 
0.0104253 
0.0076729 
0.00448943 
0.000922885 
-0.00300669 
-0.00731963 
-0.00731963 
0.0320166 
0.0320166 
0.0251401 
0.0193181 
0.0140864 
0.00929132 
0.00491328 
0.000958806 
-0.00255537 
-0.00561875 
-0.00821726 
-0.0103524 
-0.01205 
-0.0133534 
-0.0143149 
-0.0149875 
-0.0154188 
-0.0156486 
-0.0157098 
-0.0156296 
-0.0154312 
-0.0151343 
-0.0147554 
-0.0143085 
-0.013805 
-0.0132538 
-0.012662 
-0.0120347 
-0.0113754 
-0.0106859 
-0.00996569 
-0.00921126 
-0.00841626 
-0.0075741 
-0.00668274 
-0.00574451 
-0.00476213 
-0.003733 
-0.00255581 
-0.00128059 
2.01436e-05 
0.00147907 
0.00302657 
0.00460065 
0.00615385 
0.00766672 
0.00912912 
0.0105312 
0.0118585 
0.01309 
0.0141988 
0.0151515 
0.0159096 
0.0164293 
0.0166628 
0.0165602 
0.0160736 
0.0151622 
0.0137979 
0.0119689 
0.00968008 
0.00694563 
0.00378132 
0.000183282 
-0.00387653 
-0.00387653 
0.0356235 
0.0356235 
0.0286071 
0.0225327 
0.016953 
0.0117339 
0.00688252 
0.0024331 
-0.00156819 
-0.00508851 
-0.00809622 
-0.0105718 
-0.0125311 
-0.0140181 
-0.0150946 
-0.0158284 
-0.016282 
-0.0165086 
-0.0165509 
-0.0164433 
-0.0162139 
-0.0158865 
-0.0154807 
-0.0150129 
-0.0144962 
-0.0139411 
-0.0133555 
-0.0127448 
-0.0121126 
-0.0114604 
-0.0107877 
-0.0100915 
-0.00936612 
-0.00860444 
-0.00779946 
-0.00694713 
-0.00603504 
-0.00508544 
-0.00402261 
-0.00283001 
-0.00154515 
-0.000175313 
0.00125997 
0.00276 
0.00431604 
0.00590496 
0.00749682 
0.00906077 
0.0105664 
0.0119834 
0.0132805 
0.0144247 
0.0153807 
0.0161112 
0.0165766 
0.0167362 
0.01655 
0.0159813 
0.0149995 
0.0135834 
0.0117209 
0.00940491 
0.00662805 
0.00335604 
-0.000459955 
-0.000459955 
0.0394357 
0.0394357 
0.0322894 
0.0259666 
0.0200336 
0.0143722 
0.0090146 
0.00402393 
-0.000520617 
-0.00455592 
-0.00803028 
-0.0108978 
-0.0131575 
-0.0148513 
-0.01605 
-0.0168387 
-0.0172998 
-0.0175039 
-0.0175068 
-0.017352 
-0.0170738 
-0.0167002 
-0.016254 
-0.0157539 
-0.0152147 
-0.0146483 
-0.0140631 
-0.0134654 
-0.0128586 
-0.0122443 
-0.0116217 
-0.0109881 
-0.0103381 
-0.00966529 
-0.00896149 
-0.00822244 
-0.00742748 
-0.00658029 
-0.00562699 
-0.0045694 
-0.00342008 
-0.00214782 
-0.00076972 
0.000712276 
0.00229732 
0.00396562 
0.00568756 
0.00742676 
0.00914207 
0.0107909 
0.0123316 
0.013724 
0.0149301 
0.015914 
0.0166409 
0.0170771 
0.0171899 
0.0169477 
0.0163214 
0.0152847 
0.0138152 
0.0118897 
0.00948235 
0.00653841 
0.00297718 
0.00297718 
0.0434432 
0.0434432 
0.0361799 
0.0296186 
0.0233349 
0.0172199 
0.0113284 
0.00575237 
0.000607675 
-0.00400512 
-0.00800784 
-0.0113254 
-0.0139313 
-0.0158608 
-0.0171921 
-0.01803 
-0.0184815 
-0.0186401 
-0.0185791 
-0.0183537 
-0.0180058 
-0.0175678 
-0.0170659 
-0.0165207 
-0.0159488 
-0.0153627 
-0.0147717 
-0.0141819 
-0.013597 
-0.0130181 
-0.0124441 
-0.011872 
-0.0112956 
-0.0107075 
-0.0100964 
-0.00945636 
-0.00876098 
-0.00801133 
-0.00716223 
-0.00619958 
-0.00511868 
-0.0039073 
-0.00256559 
-0.00109144 
0.000507808 
0.00221344 
0.00400822 
0.00586293 
0.00773942 
0.00959212 
0.0113714 
0.0130273 
0.0145121 
0.0157833 
0.0168031 
0.017539 
0.0179615 
0.0180433 
0.0177578 
0.017078 
0.0159758 
0.0144179 
0.0123649 
0.00974437 
0.00644935 
0.00644935 
0.0476211 
0.0476211 
0.040257 
0.0334743 
0.0268514 
0.0202816 
0.013837 
0.00763737 
0.00183827 
-0.00341512 
-0.00801109 
-0.0118421 
-0.0148467 
-0.0170476 
-0.0185266 
-0.0194095 
-0.0198327 
-0.0199195 
-0.0197663 
-0.0194435 
-0.0190018 
-0.0184792 
-0.0179046 
-0.0173007 
-0.0166852 
-0.0160712 
-0.0154684 
-0.0148829 
-0.0143182 
-0.0137752 
-0.0132527 
-0.0127474 
-0.0122524 
-0.0117595 
-0.0112556 
-0.0107323 
-0.010162 
-0.00953469 
-0.00880867 
-0.00796716 
-0.00699255 
-0.00586099 
-0.00456249 
-0.00309041 
-0.00144968 
0.000342438 
0.00226415 
0.00427979 
0.00634616 
0.00841554 
0.0104373 
0.0123588 
0.0141287 
0.015699 
0.0170279 
0.0180794 
0.0188236 
0.0192339 
0.0192851 
0.0189503 
0.0181991 
0.016992 
0.0152804 
0.0129765 
0.00994805 
0.00994805 
0.0519253 
0.0519253 
0.0444801 
0.0375005 
0.0305612 
0.0235477 
0.0165431 
0.00969213 
0.00319175 
-0.00276185 
-0.00801574 
-0.0124259 
-0.0158868 
-0.0184014 
-0.0200492 
-0.0209766 
-0.0213534 
-0.0213398 
-0.0210626 
-0.0206121 
-0.0200502 
-0.0194206 
-0.0187553 
-0.0180783 
-0.0174079 
-0.0167575 
-0.0161366 
-0.0155513 
-0.0150043 
-0.0144966 
-0.0140265 
-0.0135904 
-0.0131803 
-0.0127866 
-0.0123941 
-0.011991 
-0.0115499 
-0.0110517 
-0.0104537 
-0.00973116 
-0.00885369 
-0.00779232 
-0.00652489 
-0.00503734 
-0.00332984 
-0.00142001 
0.000658552 
0.00285685 
0.00512551 
0.00741314 
0.00966775 
0.011837 
0.0138697 
0.0157184 
0.0173398 
0.0186965 
0.0197562 
0.0204906 
0.020873 
0.0208749 
0.0204636 
0.0195949 
0.0182129 
0.0162161 
0.0134479 
0.0134479 
0.0562892 
0.0562892 
0.0487852 
0.041641 
0.03442 
0.0269892 
0.0194343 
0.0119192 
0.00468214 
-0.00202288 
-0.00799257 
-0.0130441 
-0.0170198 
-0.0198955 
-0.0217409 
-0.0227183 
-0.0230335 
-0.0228909 
-0.0224559 
-0.0218451 
-0.0211346 
-0.0203746 
-0.0195998 
-0.0188351 
-0.0180988 
-0.017404 
-0.0167597 
-0.0161714 
-0.0156414 
-0.0151703 
-0.0147564 
-0.0143958 
-0.0140794 
-0.0137962 
-0.0135297 
-0.0132645 
-0.0129732 
-0.012629 
-0.0121845 
-0.0116075 
-0.0108542 
-0.00988255 
-0.00865642 
-0.00715181 
-0.00536366 
-0.00330992 
-0.0010315 
0.00141053 
0.00394909 
0.00651775 
0.00905371 
0.0114978 
0.0137978 
0.0159097 
0.0177967 
0.0194272 
0.0207729 
0.0218067 
0.0225008 
0.0228237 
0.0227384 
0.0221947 
0.0211295 
0.0194275 
0.0169087 
0.0169087 
0.0606203 
0.0606203 
0.0530817 
0.0458117 
0.0383558 
0.0305515 
0.0224765 
0.0143049 
0.00631447 
-0.00117854 
-0.00790876 
-0.013652 
-0.0181957 
-0.0214819 
-0.0235609 
-0.0246032 
-0.0248487 
-0.0245516 
-0.0239254 
-0.0231208 
-0.0222324 
-0.0213183 
-0.0204155 
-0.0195491 
-0.0187366 
-0.0179901 
-0.0173175 
-0.0167234 
-0.0162096 
-0.0157762 
-0.0154217 
-0.0151416 
-0.0149256 
-0.0147616 
-0.0146319 
-0.0145183 
-0.0143924 
-0.0142209 
-0.0139511 
-0.0135388 
-0.0129247 
-0.0120508 
-0.0108644 
-0.00932958 
-0.00743545 
-0.00520083 
-0.00267426 
6.84782e-05 
0.00292947 
0.00582207 
0.00867381 
0.0114146 
0.0139866 
0.0163474 
0.0184679 
0.0203279 
0.0219105 
0.0231968 
0.0241624 
0.0247742 
0.0249898 
0.0247511 
0.023985 
0.0225615 
0.0202778 
0.0202778 
0.0647992 
0.0647992 
0.05725 
0.0498971 
0.0422636 
0.0341469 
0.0256056 
0.0168108 
0.00807533 
-0.000221341 
-0.00773341 
-0.0141948 
-0.0193449 
-0.0230867 
-0.0254416 
-0.0265751 
-0.0267543 
-0.0262856 
-0.0254391 
-0.024409 
-0.0233145 
-0.0222236 
-0.0211756 
-0.020195 
-0.0192974 
-0.0184932 
-0.0177887 
-0.0171874 
-0.0166901 
-0.0162969 
-0.0160063 
-0.0158133 
-0.0157065 
-0.0156735 
-0.0156959 
-0.0157535 
-0.0158163 
-0.0158458 
-0.0157815 
-0.0155639 
-0.0151147 
-0.0143547 
-0.0132128 
-0.0116413 
-0.00962486 
-0.00718472 
-0.00437791 
-0.0012922 
0.00195015 
0.00523403 
0.00846569 
0.0115554 
0.0144315 
0.0170485 
0.019384 
0.0214332 
0.0231979 
0.0246764 
0.0258557 
0.0267067 
0.0271833 
0.027218 
0.0267256 
0.0255589 
0.0234919 
0.0234919 
0.0686805 
0.0686805 
0.0611424 
0.0537498 
0.0460027 
0.0376506 
0.0287224 
0.0193705 
0.0099319 
0.000844884 
-0.00743993 
-0.014609 
-0.0203779 
-0.0246085 
-0.0272836 
-0.0285471 
-0.0286802 
-0.0280368 
-0.0269505 
-0.025669 
-0.0243437 
-0.0230562 
-0.0218485 
-0.0207435 
-0.0197542 
-0.0188881 
-0.0181496 
-0.0175405 
-0.0170607 
-0.0167101 
-0.0164874 
-0.0163869 
-0.0163969 
-0.016505 
-0.0166935 
-0.0169404 
-0.0172138 
-0.0174698 
-0.0176375 
-0.0176368 
-0.0173658 
-0.0167216 
-0.0156154 
-0.0139912 
-0.0118328 
-0.00916524 
-0.00605136 
-0.0025898 
0.00108023 
0.00480564 
0.00845852 
0.0119299 
0.0151298 
0.0180053 
0.0205387 
0.02274 
0.0246328 
0.0262391 
0.0275653 
0.0285932 
0.0292777 
0.0295427 
0.0292894 
0.0283511 
0.0264788 
0.0264788 
0.0720972 
0.0720972 
0.0645876 
0.0571936 
0.0493978 
0.0408971 
0.0316861 
0.0218789 
0.0118193 
0.00199629 
-0.00700402 
-0.0148255 
-0.0211898 
-0.0259215 
-0.0289577 
-0.0304012 
-0.0305274 
-0.0297266 
-0.0283965 
-0.026848 
-0.0252743 
-0.0237755 
-0.022398 
-0.0211623 
-0.0200777 
-0.0191484 
-0.0183756 
-0.0177596 
-0.0172991 
-0.0169941 
-0.0168433 
-0.0168405 
-0.0169744 
-0.0172341 
-0.0176027 
-0.0180576 
-0.0185632 
-0.019069 
-0.0194897 
-0.019718 
-0.0196246 
-0.0190847 
-0.0179978 
-0.0163073 
-0.0140015 
-0.0111097 
-0.00769637 
-0.00386586 
0.000241007 
0.00443883 
0.00855441 
0.0124493 
0.0160017 
0.0191454 
0.0218662 
0.0241898 
0.0261641 
0.0278387 
0.0292458 
0.0303848 
0.0312173 
0.0316613 
0.0316049 
0.0308606 
0.0291566 
0.0291566 
0.0748674 
0.0748674 
0.0673997 
0.0600333 
0.0522472 
0.0436855 
0.0343124 
0.0241912 
0.0136481 
0.00319402 
-0.00642115 
-0.0147816 
-0.0216717 
-0.0268861 
-0.0303118 
-0.0319908 
-0.0321681 
-0.031251 
-0.0296953 
-0.0278806 
-0.0260518 
-0.024335 
-0.0227835 
-0.0214159 
-0.0202368 
-0.0192458 
-0.0184409 
-0.0178203 
-0.0173817 
-0.0171249 
-0.0170487 
-0.0171467 
-0.0174094 
-0.0178282 
-0.0183878 
-0.0190648 
-0.0198179 
-0.0205838 
-0.0212591 
-0.0217035 
-0.0217608 
-0.0212935 
-0.0202002 
-0.0184336 
-0.0159905 
-0.0129013 
-0.00922434 
-0.00505679 
-0.000528131 
0.00414631 
0.00873868 
0.0130648 
0.0169682 
0.0203693 
0.0232569 
0.0256723 
0.0276878 
0.0293813 
0.0308127 
0.0320028 
0.0329248 
0.0334944 
0.033589 
0.0329995 
0.0314347 
0.0314347 
0.0768076 
0.0768076 
0.0693924 
0.0620701 
0.0543386 
0.0457923 
0.0363764 
0.0261069 
0.0152945 
0.00440651 
-0.00564991 
-0.0143994 
-0.0217104 
-0.0273604 
-0.0311852 
-0.0331528 
-0.0334531 
-0.0324846 
-0.0307469 
-0.028688 
-0.0266131 
-0.0246828 
-0.0229616 
-0.0214674 
-0.0201995 
-0.0191524 
-0.0183201 
-0.0176987 
-0.017285 
-0.0170787 
-0.0170785 
-0.0172783 
-0.0176717 
-0.0182532 
-0.0190096 
-0.0199154 
-0.02092 
-0.0219382 
-0.0228408 
-0.0234596 
-0.0236152 
-0.0231752 
-0.0220524 
-0.0202171 
-0.0176743 
-0.0144496 
-0.0105876 
-0.00616589 
-0.0012936 
0.00381231 
0.0088809 
0.0136477 
0.0179007 
0.0215413 
0.0245663 
0.0270396 
0.0290601 
0.0307334 
0.0321457 
0.0333397 
0.0343017 
0.0349476 
0.0351475 
0.0346719 
0.0332147 
0.0332147 
0.0777325 
0.0777325 
0.0703984 
0.0631256 
0.055483 
0.0470187 
0.0376709 
0.0274016 
0.0165515 
0.00557737 
-0.0046962 
-0.0136741 
-0.0212665 
-0.027268 
-0.0314666 
-0.0337533 
-0.0342438 
-0.0333008 
-0.0314438 
-0.0291821 
-0.0268867 
-0.0247602 
-0.0228844 
-0.0212776 
-0.0199336 
-0.0188405 
-0.0179885 
-0.0173717 
-0.0169864 
-0.0168319 
-0.0169065 
-0.0172055 
-0.0177266 
-0.0184676 
-0.0194172 
-0.0205453 
-0.0217856 
-0.0230238 
-0.0240957 
-0.0248136 
-0.0250077 
-0.0245566 
-0.0233952 
-0.0215176 
-0.0189305 
-0.0156476 
-0.0116945 
-0.00711935 
-0.00199846 
0.00348655 
0.00898646 
0.0141331 
0.018675 
0.0224964 
0.0256098 
0.0281025 
0.0300989 
0.0317275 
0.0330959 
0.0342639 
0.0352301 
0.0359117 
0.0361755 
0.0357737 
0.0343952 
0.0343952 
0.0774682 
0.0774682 
0.0702785 
0.0630563 
0.0555119 
0.0471785 
0.0379801 
0.0278795 
0.0172445 
0.00659767 
-0.00347773 
-0.0125149 
-0.020266 
-0.0265192 
-0.0310354 
-0.0336418 
-0.0343755 
-0.0335427 
-0.0316555 
-0.0292636 
-0.0267983 
-0.0245117 
-0.0225087 
-0.0208115 
-0.0194087 
-0.0182849 
-0.0174243 
-0.016819 
-0.0164657 
-0.0163627 
-0.016508 
-0.0168992 
-0.0175383 
-0.0184267 
-0.0195531 
-0.0208781 
-0.022313 
-0.0237092 
-0.0248724 
-0.0256078 
-0.0257663 
-0.025269 
-0.0240868 
-0.022215 
-0.019653 
-0.0164017 
-0.012471 
-0.00788497 
-0.00269971 
0.00299446 
0.00888149 
0.0144077 
0.0191913 
0.0231076 
0.026227 
0.0286846 
0.0306275 
0.0321972 
0.0335118 
0.0346407 
0.0355899 
0.0362771 
0.0365693 
0.0362036 
0.0348762 
0.0348762 
0.0758877 
0.0758877 
0.0689165 
0.0617758 
0.054361 
0.0462372 
0.0373114 
0.0275866 
0.0174145 
0.00728245 
-0.00238226 
-0.0111972 
-0.0188891 
-0.0252177 
-0.0299232 
-0.0327874 
-0.0337712 
-0.0331066 
-0.0312694 
-0.0288268 
-0.0262597 
-0.0238678 
-0.021782 
-0.0200309 
-0.0186002 
-0.0174655 
-0.0166097 
-0.016024 
-0.0157059 
-0.0156522 
-0.0158605 
-0.0163312 
-0.0170708 
-0.018083 
-0.0193536 
-0.0208285 
-0.0223908 
-0.0238592 
-0.0250243 
-0.0257076 
-0.0258008 
-0.0252611 
-0.0240767 
-0.0222428 
-0.019748 
-0.0165803 
-0.0127353 
-0.00821743 
-0.00305539 
0.00269202 
0.00866846 
0.014271 
0.0191178 
0.0230536 
0.0261454 
0.0285587 
0.0304545 
0.0319785 
0.0332503 
0.0343413 
0.0352607 
0.0359293 
0.0362156 
0.0358541 
0.0345772 
0.0345772 
0.072875 
0.072875 
0.0662171 
0.0592292 
0.0520051 
0.0441955 
0.035697 
0.0265528 
0.0170628 
0.00763016 
-0.00142218 
-0.00980889 
-0.0172451 
-0.0234734 
-0.0282162 
-0.0312255 
-0.0324059 
-0.0319204 
-0.0301936 
-0.0277836 
-0.0251984 
-0.0227734 
-0.0206634 
-0.0189046 
-0.0174814 
-0.0163655 
-0.0155322 
-0.0149756 
-0.0146953 
-0.0146866 
-0.014946 
-0.0154775 
-0.016291 
-0.0173912 
-0.018757 
-0.0203151 
-0.0219197 
-0.0233674 
-0.0244541 
-0.0250365 
-0.0250501 
-0.0244805 
-0.0233224 
-0.0215612 
-0.019174 
-0.0161383 
-0.0124389 
-0.00807091 
-0.00305644 
0.00249653 
0.00820463 
0.0135827 
0.0182994 
0.0221714 
0.0252225 
0.0276014 
0.0294685 
0.030967 
0.0322112 
0.0332694 
0.0341494 
0.0347782 
0.0350265 
0.0346452 
0.0334306 
0.0334306 
0.0683346 
0.0683346 
0.0621071 
0.0553922 
0.0484649 
0.0410985 
0.0331947 
0.024808 
0.0161687 
0.00758085 
-0.000707556 
-0.00847042 
-0.0154474 
-0.0213792 
-0.0259822 
-0.0289941 
-0.0302828 
-0.0299539 
-0.0283752 
-0.0260741 
-0.0235598 
-0.0211859 
-0.0191225 
-0.0174124 
-0.0160398 
-0.0149738 
-0.0141873 
-0.0136693 
-0.0134286 
-0.0134577 
-0.0137525 
-0.0143198 
-0.0151723 
-0.0163127 
-0.0177107 
-0.0192724 
-0.0208293 
-0.0221725 
-0.0231227 
-0.0235805 
-0.0235181 
-0.0229353 
-0.0218235 
-0.0201585 
-0.0179088 
-0.015047 
-0.0115589 
-0.00745402 
-0.00278858 
0.00228794 
0.00747282 
0.012411 
0.0168123 
0.0204989 
0.0234559 
0.025787 
0.0276287 
0.0291097 
0.0303321 
0.0313557 
0.0321847 
0.0327534 
0.0329381 
0.0325259 
0.0313923 
0.0313923 
0.0621883 
0.0621883 
0.0565279 
0.0502565 
0.0437832 
0.037012 
0.0298667 
0.0223899 
0.0147422 
0.00713739 
-0.000239447 
-0.00721185 
-0.0135469 
-0.0189939 
-0.0232764 
-0.026135 
-0.0274225 
-0.0272042 
-0.0257929 
-0.0236686 
-0.021316 
-0.0190842 
-0.0171464 
-0.015548 
-0.0142734 
-0.0132918 
-0.0125747 
-0.0121085 
-0.0119085 
-0.0119658 
-0.0122764 
-0.0128494 
-0.013698 
-0.014822 
-0.0161802 
-0.0176621 
-0.0190887 
-0.0202635 
-0.0210442 
-0.0213729 
-0.0212471 
-0.0206718 
-0.0196336 
-0.0181027 
-0.016046 
-0.0134398 
-0.01028 
-0.00659305 
-0.00245173 
0.00200067 
0.00653315 
0.0108833 
0.0148195 
0.0181906 
0.0209604 
0.0231872 
0.0249704 
0.0264122 
0.0275952 
0.0285667 
0.0293254 
0.0298134 
0.0299192 
0.0294809 
0.0284532 
0.0284532 
0.0543846 
0.0543846 
0.0494426 
0.0438271 
0.0380137 
0.0320152 
0.0257887 
0.0193584 
0.0128238 
0.00632255 
-1.48537e-05 
-0.00604447 
-0.0115629 
-0.0163412 
-0.020125 
-0.0226753 
-0.0238496 
-0.0236893 
-0.0224564 
-0.020571 
-0.0184695 
-0.0164729 
-0.0147427 
-0.0133213 
-0.0121941 
-0.0113316 
-0.0107071 
-0.0103055 
-0.0101461 
-0.0102202 
-0.0105243 
-0.0110685 
-0.0118656 
-0.012911 
-0.0141552 
-0.0154795 
-0.0167096 
-0.0176757 
-0.0182757 
-0.018485 
-0.0183158 
-0.017774 
-0.016844 
-0.015496 
-0.0137004 
-0.0114399 
-0.00871865 
-0.00557116 
-0.00207081 
0.00166129 
0.0054558 
0.00912215 
0.0124842 
0.0154231 
0.0178958 
0.0199278 
0.0215815 
0.0229283 
0.0240275 
0.024911 
0.0255726 
0.0259624 
0.0259888 
0.0255457 
0.0246524 
0.0246524 
0.0448898 
0.0448898 
0.0408205 
0.0360954 
0.0311812 
0.0261573 
0.0210139 
0.0157622 
0.0104568 
0.00517815 
1.39215e-05 
-0.00491956 
-0.00945414 
-0.0133923 
-0.0165153 
-0.0186202 
-0.0195854 
-0.0194417 
-0.0184032 
-0.0168191 
-0.0150563 
-0.0133854 
-0.0119422 
-0.0107611 
-0.00982825 
-0.00911798 
-0.00860742 
-0.00828236 
-0.00816242 
-0.00824049 
-0.00851426 
-0.00899348 
-0.0096892 
-0.0105933 
-0.011653 
-0.0127539 
-0.0137409 
-0.0144798 
-0.0149051 
-0.015015 
-0.0148285 
-0.014352 
-0.0135711 
-0.0124607 
-0.010997 
-0.00916809 
-0.0069808 
-0.0044666 
-0.00168618 
0.00126884 
0.00427711 
0.00720039 
0.00991124 
0.012321 
0.0143896 
0.0161225 
0.0175538 
0.0187269 
0.0196788 
0.0204274 
0.0209631 
0.0212458 
0.0212092 
0.0207967 
0.0200666 
0.0200666 
0.0337814 
0.0337814 
0.030732 
0.0271306 
