0 
0.000509987 
0.00127799 
0.00249907 
0.00342603 
0.0040502 
0.00441117 
0.00457099 
0.00458097 
0.00447988 
0.00429512 
0.00404525 
0.00374258 
0.00339537 
0.00300969 
0.00259073 
0.00214389 
0.00167549 
0.00119335 
0.000707334 
0.000230748 
-0.000220492 
-0.000638879 
-0.00102222 
-0.00136579 
-0.00166344 
-0.00190975 
-0.00210073 
-0.0022345 
-0.00231188 
-0.00233687 
-0.00231729 
-0.0022656 
-0.00219907 
-0.00213815 
-0.00210138 
-0.00209664 
-0.00211258 
-0.00211868 
-0.00207951 
-0.00197553 
-0.00181333 
-0.00161726 
-0.00141327 
-0.00121896 
-0.00104248 
-0.000885625 
-0.000746885 
-0.000623506 
-0.000512531 
-0.000411256 
-0.000317516 
-0.000229877 
-0.000147412 
-6.94601e-05 
4.36285e-06 
7.46412e-05 
0.000141608 
0.000204121 
0.000260853 
0.000310779 
0.000352698 
0.000385477 
0.000408065 
0.000419716 
0 
-0.000509987 
-0.000509987 
-0.00127799 
-0.00249907 
-0.00342603 
-0.0040502 
-0.00441117 
-0.00457099 
-0.00458097 
-0.00447988 
-0.00429512 
-0.00404525 
-0.00374258 
-0.00339537 
-0.00300969 
-0.00259073 
-0.00214389 
-0.00167549 
-0.00119335 
-0.000707334 
-0.000230748 
0.000220492 
0.000638879 
0.00102222 
0.00136579 
0.00166344 
0.00190975 
0.00210073 
0.0022345 
0.00231188 
0.00233687 
0.00231729 
0.0022656 
0.00219907 
0.00213815 
0.00210138 
0.00209664 
0.00211258 
0.00211868 
0.00207951 
0.00197553 
0.00181333 
0.00161726 
0.00141327 
0.00121896 
0.00104248 
0.000885625 
0.000746885 
0.000623506 
0.000512531 
0.000411256 
0.000317516 
0.000229877 
0.000147412 
6.94601e-05 
-4.36285e-06 
-7.46412e-05 
-0.000141608 
-0.000204121 
-0.000260853 
-0.000310779 
-0.000352698 
-0.000385477 
-0.000408065 
-0.000419716 
-0.000419716 
-0.00138437 
-0.00138437 
-0.00497033 
-0.00812457 
-0.0104271 
-0.0119273 
-0.0127754 
-0.0131271 
-0.0131095 
-0.0128182 
-0.0123202 
-0.0116598 
-0.0108644 
-0.00995118 
-0.00893117 
-0.00781351 
-0.00660818 
-0.00532805 
-0.00399046 
-0.00261833 
-0.00124216 
0.000101271 
0.00138235 
0.00258129 
0.00367568 
0.00464241 
0.00546223 
0.00612049 
0.00660877 
0.00692707 
0.0070852 
0.00710411 
0.00701762 
0.00687294 
0.00672668 
0.00663141 
0.00661147 
0.00663838 
0.00663049 
0.00649309 
0.00617665 
0.00570346 
0.00514239 
0.0045641 
0.00401477 
0.00351472 
0.00306764 
0.0026692 
0.00231215 
0.00198895 
0.00169277 
0.00141795 
0.00115998 
0.000915368 
0.000681879 
0.000458512 
0.000245759 
4.51382e-05 
-0.000140928 
-0.000309626 
-0.000457979 
-0.000582663 
-0.000680301 
-0.000747676 
-0.000782447 
-0.000782447 
-0.00571568 
-0.00571568 
-0.0104308 
-0.0145183 
-0.0175836 
-0.0195945 
-0.0207169 
-0.0211447 
-0.0210502 
-0.0205664 
-0.0197864 
-0.0187698 
-0.0175516 
-0.0161512 
-0.0145799 
-0.012847 
-0.0109639 
-0.00894749 
-0.00682212 
-0.00462047 
-0.00238389 
-0.000163182 
0.00199018 
0.00403056 
0.00591355 
0.00759702 
0.00904563 
0.010232 
0.0111389 
0.0117624 
0.0121146 
0.0122253 
0.0121447 
0.0119436 
0.0117084 
0.0115214 
0.011424 
0.0113781 
0.0112644 
0.0109463 
0.0103588 
0.00954561 
0.00861535 
0.00767354 
0.00678576 
0.00597868 
0.00525523 
0.00460756 
0.00402427 
0.00349373 
0.00300551 
0.00255087 
0.00212287 
0.00171648 
0.00132828 
0.000956442 
0.000600844 
0.000262983 
-5.329e-05 
-0.000341507 
-0.000595696 
-0.000809887 
-0.000977915 
-0.00109401 
-0.00115399 
-0.00115399 
-0.0117025 
-0.0117025 
-0.016625 
-0.0211794 
-0.0246352 
-0.0268722 
-0.0280626 
-0.0284358 
-0.0281997 
-0.0275125 
-0.0264796 
-0.0251634 
-0.0235955 
-0.0217896 
-0.0197511 
-0.0174854 
-0.0150031 
-0.0123238 
-0.00947848 
-0.00650959 
-0.00346986 
-0.000422837 
0.00255972 
0.00540984 
0.00806295 
0.0104593 
0.0125472 
0.0142856 
0.015646 
0.016617 
0.0172082 
0.0174536 
0.0174141 
0.0171788 
0.0168578 
0.0165579 
0.0163344 
0.0161414 
0.015833 
0.0152499 
0.0143315 
0.0131517 
0.0118546 
0.010569 
0.00936928 
0.00828199 
0.00730635 
0.0064301 
0.00563764 
0.00491363 
0.00424432 
0.00361807 
0.00302559 
0.00245991 
0.00191651 
0.00139353 
0.000891887 
0.000415181 
-3.13377e-05 
-0.000440342 
-0.000803107 
-0.00111039 
-0.00135271 
-0.00152081 
-0.00160792 
-0.00160792 
-0.0181191 
-0.0181191 
-0.023269 
-0.0279894 
-0.0314755 
-0.0336343 
-0.0346826 
-0.0348852 
-0.0344708 
-0.0336026 
-0.0323793 
-0.0308497 
-0.0290298 
-0.0269189 
-0.0245112 
-0.0218049 
-0.0188082 
-0.0155431 
-0.0120475 
-0.00837596 
-0.00459625 
-0.000787464 
0.00296544 
0.00657494 
0.00995904 
0.0130431 
0.0157616 
0.01806 
0.0198981 
0.0212544 
0.0221322 
0.022564 
0.0226162 
0.02239 
0.0220131 
0.0216093 
0.0212414 
0.0208532 
0.0202823 
0.0193685 
0.0180778 
0.0165228 
0.0148762 
0.0132776 
0.0118002 
0.0104648 
0.00926492 
0.00818366 
0.00720162 
0.00630017 
0.00546276 
0.00467543 
0.00392695 
0.00320906 
0.00251619 
0.00184577 
0.00119818 
0.000576464 
-1.17164e-05 
-0.000554485 
-0.00103936 
-0.00145273 
-0.00178002 
-0.00200794 
-0.00212674 
-0.00212674 
-0.0244459 
-0.0244459 
-0.0297947 
-0.0344795 
-0.0377507 
-0.0396311 
-0.0404125 
-0.0403943 
-0.0398119 
-0.0388151 
-0.0374788 
-0.0358248 
-0.0338444 
-0.031517 
-0.028823 
-0.0257519 
-0.0223086 
-0.0185166 
-0.0144218 
-0.0100923 
-0.00561464 
-0.00108873 
0.00337989 
0.0076858 
0.0117337 
0.0154401 
0.0187322 
0.0215482 
0.0238395 
0.0255755 
0.0267511 
0.0273938 
0.0275702 
0.0273879 
0.0269853 
0.0264947 
0.0259753 
0.0253568 
0.0244702 
0.0231784 
0.0214945 
0.0195741 
0.0176089 
0.0157367 
0.0140206 
0.0124723 
0.0110787 
0.00981838 
0.00866839 
0.00760722 
0.00661568 
0.00567748 
0.00477938 
0.00391128 
0.00306671 
0.00224283 
0.00144078 
0.000667734 
-6.81932e-05 
-0.000754051 
-0.00137098 
-0.00190081 
-0.00232429 
-0.00262159 
-0.0027782 
-0.0027782 
-0.03036 
-0.03036 
-0.0358891 
-0.0403742 
-0.0432567 
-0.0447402 
-0.0452011 
-0.0449641 
-0.0442556 
-0.0431961 
-0.0418238 
-0.0401254 
-0.0380634 
-0.0355958 
-0.032689 
-0.0293238 
-0.0255006 
-0.0212431 
-0.0166038 
-0.0116655 
-0.00653727 
-0.00134468 
0.00378765 
0.0087333 
0.0133834 
0.0176476 
0.0214501 
0.0247266 
0.027425 
0.0295094 
0.0309681 
0.0318229 
0.0321383 
0.0320242 
0.0316229 
0.0310638 
0.0303903 
0.0295141 
0.0282747 
0.0265828 
0.0245145 
0.0222649 
0.0200309 
0.0179363 
0.0160286 
0.0143083 
0.0127562 
0.0113468 
0.0100543 
0.00885472 
0.00772671 
0.00665206 
0.00561578 
0.00460672 
0.00361674 
0.00264307 
0.00168607 
0.000749064 
-0.000152908 
-0.00100081 
-0.00177171 
-0.00243959 
-0.00297877 
-0.00336133 
-0.00356567 
-0.00356567 
-0.0356089 
-0.0356089 
-0.0412659 
-0.0454338 
-0.0478384 
-0.0488925 
-0.0490413 
-0.0486225 
-0.0478406 
-0.0467772 
-0.0454277 
-0.0437422 
-0.0416553 
-0.0391059 
-0.0360475 
-0.0324527 
-0.0283152 
-0.0236548 
-0.0185268 
-0.0130281 
-0.00729145 
-0.00147193 
0.00427392 
0.00979321 
0.0149664 
0.0197033 
0.0239321 
0.0275922 
0.030632 
0.0330132 
0.0347195 
0.035768 
0.0362204 
0.0361861 
0.0358036 
0.0351862 
0.0343491 
0.033189 
0.031575 
0.0294893 
0.0270756 
0.0245559 
0.0221161 
0.019857 
0.0178073 
0.0159575 
0.0142829 
0.012755 
0.0113459 
0.0100295 
0.00878256 
0.00758484 
0.00641958 
0.00527285 
0.00413682 
0.00300494 
0.00187734 
0.000763941 
-0.000317386 
-0.00134355 
-0.00228916 
-0.00312018 
-0.00380029 
-0.00428965 
-0.00455576 
-0.00455576 
-0.0400318 
-0.0400318 
-0.0457553 
-0.0495359 
-0.0514443 
-0.0520941 
-0.0519704 
-0.0514149 
-0.0506026 
-0.0495728 
-0.0482799 
-0.0466408 
-0.0445664 
-0.0419799 
-0.0388245 
-0.0350646 
-0.0306853 
-0.0256974 
-0.0201533 
-0.0141609 
-0.0078771 
-0.00148736 
0.00481307 
0.0108356 
0.0164513 
0.0215754 
0.0261459 
0.0301103 
0.0334214 
0.036041 
0.0379503 
0.0391637 
0.039741 
0.0397881 
0.0394302 
0.0387501 
0.0377283 
0.0362602 
0.0342718 
0.0318317 
0.0291421 
0.0264309 
0.0238585 
0.021497 
0.0193577 
0.0174228 
0.0156637 
0.0140503 
0.0125529 
0.0111441 
0.00979895 
0.00849543 
0.00721468 
0.00594143 
0.00466252 
0.00336958 
0.00206637 
0.00076461 
-0.000517265 
-0.00175357 
-0.00291024 
-0.00394315 
-0.00480241 
-0.00543156 
-0.00578143 
-0.00578143 
-0.0435282 
-0.0435282 
-0.0492556 
-0.0526286 
-0.0540787 
-0.0543815 
-0.0540342 
-0.0533794 
-0.0525597 
-0.0515768 
-0.0503497 
-0.0487692 
-0.0467282 
-0.0441372 
-0.0409304 
-0.0370657 
-0.0325195 
-0.0272889 
-0.0214158 
-0.0150148 
-0.00826195 
-0.00137478 
0.00539454 
0.0118199 
0.0177764 
0.0231943 
0.0280237 
0.0322196 
0.0357379 
0.0385411 
0.0406097 
0.0419578 
0.042644 
0.0427661 
0.0424235 
0.0416571 
0.0404184 
0.0386287 
0.0362968 
0.0335769 
0.0307056 
0.0278932 
0.0252639 
0.022862 
0.0206845 
0.0187079 
0.016902 
0.0152357 
0.0136787 
0.0122024 
0.0107801 
0.00938821 
0.00800455 
0.00660861 
0.00518227 
0.00372294 
0.00223588 
0.000728571 
-0.000777934 
-0.00225656 
-0.00366636 
-0.00495037 
-0.0060405 
-0.00685653 
-0.00732322 
-0.00732322 
-0.0460615 
-0.0460615 
-0.0517354 
-0.0547233 
-0.0557877 
-0.05581 
-0.0552838 
-0.0545517 
-0.0537271 
-0.0527826 
-0.0516113 
-0.0500858 
-0.0480855 
-0.0455105 
-0.0422872 
-0.0383682 
-0.0337248 
-0.0283419 
-0.0222445 
-0.0155469 
-0.00843439 
-0.00115706 
0.00595509 
0.0126535 
0.0188408 
0.0244654 
0.0294835 
0.0338512 
0.037524 
0.0404644 
0.0426547 
0.0441105 
0.0448881 
0.0450681 
0.0447117 
0.0438167 
0.0423289 
0.0402302 
0.037625 
0.0347312 
0.0317868 
0.0289652 
0.0263517 
0.0239676 
0.0218005 
0.0198242 
0.0180087 
0.0163228 
0.0147361 
0.0132189 
0.0117436 
0.0102834 
0.00881035 
0.00729925 
0.00573681 
0.00411688 
0.00243775 
0.00070576 
-0.00105869 
-0.00282611 
-0.00454784 
-0.00615239 
-0.00754814 
-0.00862177 
-0.00925713 
-0.00925713 
-0.0476414 
-0.0476414 
-0.0532151 
-0.0558726 
-0.0566398 
-0.0564447 
-0.0557751 
-0.0549721 
-0.0541288 
-0.0531999 
-0.0520628 
-0.0505782 
-0.0486165 
-0.0460686 
-0.0428524 
-0.0389153 
-0.0342282 
-0.0287742 
-0.0225623 
-0.0156939 
-0.00836658 
-0.00089327 
0.00636237 
0.0131996 
0.0195335 
0.0253046 
0.0304613 
0.0349551 
0.0387401 
0.0417802 
0.0440613 
0.0456001 
0.0464449 
0.0466474 
0.0462253 
0.0451508 
0.0434028 
0.0410509 
0.038282 
0.035339 
0.0324304 
0.0296834 
0.0271501 
0.0248356 
0.0227231 
0.0207866 
0.018997 
0.0173241 
0.0157375 
0.0142074 
0.0127038 
0.0111942 
0.00964587 
0.00803584 
0.00634621 
0.00456394 
0.00268268 
0.000704996 
-0.00135021 
-0.00345799 
-0.00556391 
-0.00758017 
-0.00938518 
-0.0108196 
-0.0117033 
-0.0117033 
-0.0483114 
-0.0483114 
-0.0537557 
-0.0561579 
-0.0567169 
-0.0563584 
-0.0555712 
-0.0546923 
-0.053807 
-0.0528629 
-0.0517314 
-0.0502678 
-0.0483372 
-0.0458234 
-0.0426367 
-0.0387172 
-0.0340354 
-0.0285859 
-0.0223821 
-0.0155032 
-0.00815753 
-0.000692364 
0.00656825 
0.0134521 
0.0198585 
0.0257121 
0.0309507 
0.0355198 
0.0393722 
0.0424741 
0.0448143 
0.0464066 
0.0472796 
0.0474482 
0.0468975 
0.0456113 
0.0436391 
0.0411387 
0.0383417 
0.0354739 
0.0326964 
0.0300934 
0.0276931 
0.0254924 
0.0234736 
0.0216129 
0.0198829 
0.018255 
0.0166995 
0.0151856 
0.0136795 
0.0121433 
0.0105454 
0.00885814 
0.00705667 
0.0051196 
0.00303221 
0.000789515 
-0.00159668 
-0.00411016 
-0.00669498 
-0.00924662 
-0.0116056 
-0.0135493 
-0.0148003 
-0.0148003 
-0.0481398 
-0.0481398 
-0.0534268 
-0.0556575 
-0.056092 
-0.0556226 
-0.054741 
-0.0537775 
-0.052824 
-0.0518317 
-0.0506745 
-0.0492079 
-0.0472946 
-0.0448148 
-0.0416731 
-0.0378038 
-0.0331751 
-0.0277925 
-0.0217048 
-0.0150128 
-0.00788884 
-0.000593415 
0.00658388 
0.0134336 
0.0198394 
0.0257103 
0.0309739 
0.0355695 
0.0394481 
0.0425769 
0.0449417 
0.0465356 
0.0473679 
0.047425 
0.0466938 
0.0452116 
0.0431103 
0.0406014 
0.0379123 
0.0352248 
0.032651 
0.0302436 
0.0280172 
0.0259662 
0.0240749 
0.0223222 
0.0206835 
0.0191317 
0.0176381 
0.0161708 
0.0146899 
0.0131576 
0.0115392 
0.00980028 
0.00790639 
0.00582576 
0.00353189 
0.00100773 
-0.00174941 
-0.00474521 
-0.00793001 
-0.0111802 
-0.014285 
-0.016934 
-0.018711 
-0.018711 
-0.0471807 
-0.0471807 
-0.0523556 
-0.054497 
-0.0548723 
-0.0543303 
-0.0533658 
-0.0523085 
-0.0512654 
-0.0501994 
-0.0489933 
-0.0475073 
-0.0456065 
-0.0431715 
-0.0401059 
-0.0363421 
-0.0318474 
-0.026629 
-0.0207417 
-0.0142909 
-0.0074455 
-0.000428357 
0.00652792 
0.0132248 
0.0195263 
0.0253251 
0.0305371 
0.035094 
0.0389426 
0.0420449 
0.0443747 
0.0459083 
0.0466321 
0.0465349 
0.0456427 
0.0440583 
0.0419643 
0.0395864 
0.0371148 
0.0346806 
0.0323582 
0.030181 
0.0281581 
0.0262852 
0.0245496 
0.0229336 
0.0214153 
0.0199703 
0.0185714 
0.0171809 
0.0157589 
0.0142666 
0.012664 
0.0109077 
0.0089522 
0.00675143 
0.00426072 
0.00144204 
-0.0017365 
-0.00531827 
-0.00926761 
-0.013428 
-0.0175095 
-0.0210813 
-0.0235531 
-0.0235531 
-0.0455195 
-0.0455195 
-0.0506404 
-0.0527643 
-0.0531382 
-0.0525656 
-0.051537 
-0.0503848 
-0.0492369 
-0.0480756 
-0.0467987 
-0.0452756 
-0.0433774 
-0.0409897 
-0.0380187 
-0.034398 
-0.0300948 
-0.0251169 
-0.0195178 
-0.0133968 
-0.00690302 
-0.000226735 
0.0064294 
0.0128823 
0.0189885 
0.0246304 
0.0297137 
0.0341609 
0.0379104 
0.0409133 
0.0431299 
0.0445271 
0.0450943 
0.0448508 
0.0438754 
0.0423192 
0.0403791 
0.0382447 
0.0360609 
0.0339204 
0.0318744 
0.0299478 
0.0281489 
0.0264755 
0.0249186 
0.023464 
0.0220943 
0.0207878 
0.0195132 
0.0182329 
0.016908 
0.015497 
0.0139533 
0.0122235 
0.0102476 
0.00795981 
0.00528759 
0.00215556 
-0.00152016 
-0.00584083 
-0.0107747 
-0.0160871 
-0.0213635 
-0.0260277 
-0.0293112 
-0.0293112 
-0.0432477 
-0.0432477 
-0.0483738 
-0.0505471 
-0.0509774 
-0.0504205 
-0.0493553 
-0.0481179 
-0.0468608 
-0.045592 
-0.0442295 
-0.042656 
-0.0407524 
-0.0384118 
-0.0355466 
-0.0320939 
-0.0280218 
-0.0233352 
-0.0180806 
-0.0123465 
-0.00626382 
4.43449e-06 
0.0062853 
0.0124118 
0.0182369 
0.023637 
0.0285088 
0.0327659 
0.0363374 
0.0391654 
0.0412061 
0.0424347 
0.0428632 
0.0425498 
0.0416113 
0.0402114 
0.0385245 
0.0366981 
0.034836 
0.0330049 
0.0312458 
0.0295803 
0.0280177 
0.0265593 
0.0251999 
0.0239304 
0.022736 
0.0215942 
0.0204742 
0.0193406 
0.0181551 
0.0168728 
0.0154402 
0.0137921 
0.0118497 
0.00951693 
0.00667428 
0.0031785 
-0.00113386 
-0.00641992 
-0.0125914 
-0.0192588 
-0.0258509 
-0.0316607 
-0.0357799 
-0.0357799 
-0.0404518 
-0.0404518 
-0.0456384 
-0.0479226 
-0.0484682 
-0.0479805 
-0.0469187 
-0.0456201 
-0.0442626 
-0.0428847 
-0.0414302 
-0.039799 
-0.0378836 
-0.0355868 
-0.0328293 
-0.0295542 
-0.0257319 
-0.021365 
-0.0164924 
-0.0111891 
-0.00556505 
0.000242755 
0.00608738 
0.0118169 
0.0172836 
0.0223613 
0.0269411 
0.0309311 
0.034256 
0.036858 
0.038702 
0.0397833 
0.0401411 
0.0398601 
0.0390681 
0.0379125 
0.0365317 
0.0350351 
0.0335003 
0.03198 
0.0305085 
0.0291071 
0.0277882 
0.0265562 
0.0254106 
0.0243453 
0.0233469 
0.0223947 
0.0214605 
0.0205119 
0.0195111 
0.0184102 
0.0171485 
0.0156464 
0.0137972 
0.0114543 
0.00841775 
0.00443864 
-0.000732 
-0.00724717 
-0.0148513 
-0.0229485 
-0.0308348 
-0.037729 
-0.0426382 
-0.0426382 
-0.0372102 
-0.0372102 
-0.0425064 
-0.0449584 
-0.045679 
-0.0453208 
-0.0443152 
-0.0429952 
-0.0415614 
-0.0400863 
-0.038544 
-0.0368558 
-0.0349281 
-0.0326741 
-0.0300235 
-0.0269264 
-0.0233571 
-0.0193174 
-0.0148394 
-0.00998619 
-0.00484852 
0.00046174 
0.00582258 
0.0110973 
0.0161417 
0.020831 
0.0250562 
0.0287259 
0.0317683 
0.0341351 
0.0358064 
0.0367983 
0.037167 
0.0370046 
0.0364272 
0.035554 
0.0344902 
0.0333181 
0.0320995 
0.030879 
0.0296886 
0.0285501 
0.0274782 
0.0264802 
0.0255593 
0.0247124 
0.0239283 
0.0231893 
0.0224714 
0.0217462 
0.0209767 
0.0201134 
0.0190873 
0.0177979 
0.0160928 
0.0137418 
0.0104219 
0.00576216 
-0.000524791 
-0.00846704 
-0.0175553 
-0.0270141 
-0.0360731 
-0.0439349 
-0.049565 
-0.049565 
-0.0335909 
-0.0335909 
-0.0390394 
-0.0417106 
-0.0426647 
-0.042501 
-0.041616 
-0.04033 
-0.0388604 
-0.0373133 
-0.0356982 
-0.0339622 
-0.0320282 
-0.0298205 
-0.0272774 
-0.024356 
-0.0210351 
-0.017317 
-0.0132288 
-0.00882338 
-0.00417505 
0.000626105 
0.00547938 
0.010264 
0.0148458 
0.0191071 
0.0229449 
0.0262754 
0.0290365 
0.0311926 
0.0327386 
0.0337026 
0.0341446 
0.0341482 
0.0338083 
0.0332172 
0.0324551 
0.0315872 
0.030665 
0.0297284 
0.0288081 
0.0279264 
0.0270999 
0.0263389 
0.0256497 
0.0250315 
0.0244764 
0.0239711 
0.0234975 
0.0230314 
0.0225385 
0.0219677 
0.0212385 
0.0202166 
0.0186761 
0.0162626 
0.0125061 
0.00694542 
-0.000650454 
-0.0100705 
-0.0205602 
-0.031237 
-0.0413128 
-0.0500116 
-0.0562899 
-0.0562899 
-0.0296514 
-0.0296514 
-0.0352886 
-0.0382239 
-0.0394662 
-0.039563 
-0.0388707 
-0.0376877 
-0.0362386 
-0.034659 
-0.0329961 
-0.0312285 
-0.0292998 
-0.0271461 
-0.0247137 
-0.0219657 
-0.0188851 
-0.0154748 
-0.0117587 
-0.00778116 
-0.00360365 
0.00070123 
0.00505018 
0.00933902 
0.0134493 
0.0172755 
0.0207265 
0.0237297 
0.0262352 
0.028219 
0.0296846 
0.0306628 
0.0312074 
0.0313871 
0.031276 
0.0309449 
0.0304571 
0.0298662 
0.0292169 
0.0285455 
0.0278814 
0.0272472 
0.0266611 
0.0261361 
0.0256807 
0.0252968 
0.0249811 
0.0247259 
0.0245192 
0.0243426 
0.0241651 
0.0239333 
0.0235475 
0.0228208 
0.0214218 
0.0188457 
0.0144878 
0.00786741 
-0.00109716 
-0.0119175 
-0.0236689 
-0.0354075 
-0.0463401 
-0.0557403 
-0.0625919 
-0.0625919 
-0.02544 
-0.02544 
-0.0312968 
-0.0345336 
-0.0361116 
-0.0365309 
-0.0361057 
-0.0351046 
-0.0337465 
-0.0321882 
-0.0305126 
-0.0287348 
-0.0268247 
-0.0247336 
-0.0224158 
-0.0198389 
-0.0169884 
-0.0138677 
-0.0104979 
-0.00691678 
-0.00317585 
0.000665103 
0.00453659 
0.0083516 
0.0120103 
0.0154228 
0.018512 
0.0212182 
0.0235025 
0.0253485 
0.0267627 
0.0277727 
0.0284221 
0.0287646 
0.0288573 
0.0287558 
0.0285112 
0.0281688 
0.0277677 
0.0273412 
0.0269172 
0.0265186 
0.0261646 
0.0258703 
0.0256462 
0.0254977 
0.0254264 
0.025431 
0.0255062 
0.0256398 
0.0258047 
0.0259412 
0.0259206 
0.0254825 
0.024169 
0.0213247 
0.0162536 
0.00852588 
-0.00174557 
-0.0138296 
-0.0267028 
-0.0393568 
-0.0509845 
-0.060944 
-0.0682894 
-0.0682894 
-0.0209979 
-0.0209979 
-0.0270999 
-0.0306674 
-0.0326191 
-0.0334139 
-0.0333261 
-0.032589 
-0.031404 
-0.0299349 
-0.0282935 
-0.0265326 
-0.0246545 
-0.0226321 
-0.0204297 
-0.0180192 
-0.0153871 
-0.0125361 
-0.0094842 
-0.00626372 
-0.00291778 
0.000503232 
0.00394089 
0.00732407 
0.0105715 
0.0136094 
0.016375 
0.0188205 
0.0209153 
0.0226478 
0.0240241 
0.0250659 
0.0258073 
0.0262894 
0.0265568 
0.0266535 
0.0266218 
0.0265001 
0.026323 
0.0261205 
0.0259193 
0.025742 
0.0256088 
0.025536 
0.0255365 
0.0256191 
0.025791 
0.0260568 
0.0264184 
0.0268697 
0.0273858 
0.0278965 
0.0282333 
0.0280502 
0.0267601 
0.0235819 
0.0177763 
0.00900239 
-0.00244232 
-0.0156474 
-0.0295204 
-0.04295 
-0.0551058 
-0.0654763 
-0.0732306 
-0.0732306 
-0.0163619 
-0.0163619 
-0.0227306 
-0.0266498 
-0.0290018 
-0.0302117 
-0.0305201 
-0.0301249 
-0.0292002 
-0.0279015 
-0.0263559 
-0.0246482 
-0.0228177 
-0.0208658 
-0.0187734 
-0.0165185 
-0.014088 
-0.0114826 
-0.00871708 
-0.00581841 
-0.00282328 
0.000225195 
0.00327773 
0.00627831 
0.00916218 
0.0118702 
0.0143524 
0.0165708 
0.0185015 
0.0201352 
0.0214765 
0.0225421 
0.0233575 
0.0239547 
0.0243685 
0.0246345 
0.0247877 
0.0248606 
0.0248839 
0.0248845 
0.0248878 
0.0249156 
0.024989 
0.0251249 
0.0253388 
0.0256429 
0.0260493 
0.0265685 
0.0272083 
0.0279683 
0.0288232 
0.0296877 
0.0303482 
0.0303741 
0.0290659 
0.0255518 
0.0190831 
0.00940389 
-0.00305284 
-0.0172492 
-0.0320068 
-0.0460662 
-0.0585782 
-0.0692106 
-0.0772856 
-0.0772856 
-0.0115669 
-0.0115669 
-0.0182202 
-0.0225053 
-0.0252729 
-0.026922 
-0.0276677 
-0.0276782 
-0.0270969 
-0.0260581 
-0.0246862 
-0.023085 
-0.0213269 
-0.019448 
-0.017455 
-0.0153389 
-0.0130894 
-0.0107049 
-0.00819562 
-0.00558281 
-0.00289674 
-0.000173771 
0.00254487 
0.00521418 
0.0077835 
0.0102062 
0.0124429 
0.0144638 
0.0162502 
0.0177946 
0.0191002 
0.0201794 
0.0210519 
0.0217423 
0.0222781 
0.0226882 
0.0230015 
0.0232454 
0.0234471 
0.0236302 
0.0238191 
0.0240345 
0.024298 
0.0246271 
0.0250392 
0.0255496 
0.0261745 
0.0269288 
0.0278256 
0.0288675 
0.0300264 
0.0311994 
0.0321302 
0.0323175 
0.0309797 
0.02719 
0.0202021 
0.00981013 
-0.00348569 
-0.0185487 
-0.0340566 
-0.0485771 
-0.0612763 
-0.0720314 
-0.0803396 
-0.0803396 
-0.00664701 
-0.00664701 
-0.0136008 
-0.0182612 
-0.0214506 
-0.0235479 
-0.0247512 
-0.0252087 
-0.0250374 
-0.0243445 
-0.0232362 
-0.0218158 
-0.0201749 
-0.018382 
-0.016477 
-0.0144746 
-0.0123753 
-0.010178 
-0.00788827 
-0.00552187 
-0.00310298 
-0.000661868 
0.00176693 
0.00414901 
0.00644581 
0.00862072 
0.0106431 
0.01249 
0.0141468 
0.0156077 
0.0168751 
0.0179584 
0.0188727 
0.0196372 
0.020274 
0.0208057 
0.0212568 
0.0216497 
0.0220085 
0.0223537 
0.0227089 
0.0230932 
0.0235286 
0.0240324 
0.0246239 
0.0253201 
0.0261403 
0.0271026 
0.0282226 
0.0295037 
0.0309125 
0.0323294 
0.0334648 
0.0337709 
0.0324195 
0.0284604 
0.0211489 
0.0102758 
-0.00368369 
-0.0194826 
-0.0355545 
-0.0503341 
-0.0630704 
-0.0738342 
-0.0822946 
-0.0822946 
-0.00163782 
-0.00163782 
-0.00890482 
-0.0139479 
-0.0175605 
-0.0201045 
-0.0217667 
-0.0226858 
-0.0229625 
-0.0226815 
-0.0219239 
-0.020775 
-0.0193243 
-0.0176579 
-0.0158466 
-0.0139382 
-0.0119567 
-0.0099111 
-0.00780624 
-0.00565141 
-0.00346314 
-0.00126417 
0.00091796 
0.00305538 
0.00511899 
0.00708049 
0.00891667 
0.0106103 
0.0121506 
0.0135336 
0.0147616 
0.0158421 
0.016787 
0.0176112 
0.0183322 
0.0189679 
0.0195384 
0.0200613 
0.0205585 
0.0210472 
0.0215502 
0.0220846 
0.0226727 
0.0233311 
0.0240804 
0.0249383 
0.0259253 
0.0270606 
0.0283604 
0.0298258 
0.0314161 
0.0329982 
0.0342618 
0.0346398 
0.0332937 
0.0292781 
0.0218486 
0.0107457 
-0.00366984 
-0.0200101 
-0.0363676 
-0.0511796 
-0.063839 
-0.0745332 
-0.0830761 
-0.0830761 
0.00342651 
0.00342651 
-0.00416037 
-0.0095961 
-0.0136345 
-0.0166211 
-0.0187324 
-0.0201044 
-0.0208337 
-0.0209942 
-0.0206475 
-0.0198551 
-0.0186863 
-0.017221 
-0.0155425 
-0.0137267 
-0.0118309 
-0.00988931 
-0.00791817 
-0.0059264 
-0.00392418 
-0.00192698 
4.47272e-05 
0.00196985 
0.00382947 
0.00560289 
0.00727309 
0.00882787 
0.0102602 
0.011568 
0.012754 
0.0138245 
0.0147892 
0.0156596 
0.0164492 
0.0171716 
0.0178436 
0.0184779 
0.019095 
0.0197081 
0.02034 
0.0210049 
0.0217254 
0.0225167 
0.0233997 
0.0243917 
0.0255136 
0.0267835 
0.0282149 
0.0298042 
0.0315027 
0.0331671 
0.0344803 
0.0348804 
0.03355 
0.0295774 
0.0222388 
0.0112177 
-0.0034331 
-0.0200376 
-0.036299 
-0.0509449 
-0.0634687 
-0.0740601 
-0.0826272 
-0.0826272 
0.0085125 
0.0085125 
0.000609131 
-0.00523066 
-0.0097053 
-0.0131374 
-0.0156895 
-0.0174954 
-0.018655 
-0.0192451 
-0.0193229 
-0.0189349 
-0.0181279 
-0.0169584 
-0.015497 
-0.0138251 
-0.0120239 
-0.0101612 
-0.00828198 
-0.00640942 
-0.00455376 
-0.00272255 
-0.000926277 
0.000821569 
0.00250743 
0.0041181 
0.0056422 
0.00707266 
0.00840619 
0.00964322 
0.0107874 
0.0118447 
0.0128235 
0.0137325 
0.0145824 
0.0153818 
0.0161449 
0.0168783 
0.017602 
0.0183246 
0.0190692 
0.0198469 
0.0206804 
0.0215828 
0.0225762 
0.0236762 
0.0249008 
0.0262657 
0.0277803 
0.0294348 
0.0311708 
0.0328363 
0.0341131 
0.0344575 
0.0330952 
0.0291702 
0.0220031 
0.0112729 
-0.00309953 
-0.0193665 
-0.0352194 
-0.0495759 
-0.061929 
-0.0724033 
-0.0809587 
-0.0809587 
0.013615 
0.013615 
0.00538601 
-0.000869163 
-0.00579812 
-0.00969287 
-0.0126923 
-0.0149212 
-0.0164821 
-0.0174619 
-0.0179283 
-0.0179317 
-0.0175108 
-0.0167019 
-0.0155492 
-0.0141123 
-0.0124668 
-0.0106958 
-0.00887599 
-0.00706401 
-0.00529149 
-0.00357112 
-0.00190758 
-0.000305617 
0.00122893 
0.00269396 
0.00408476 
0.00539909 
0.00663777 
0.00780407 
0.00890339 
0.00994195 
0.0109269 
0.0118643 
0.0127616 
0.0136233 
0.014462 
0.0152773 
0.0160908 
0.0169044 
0.0177435 
0.018614 
0.0195398 
0.0205331 
0.0216133 
0.0227923 
0.0240865 
0.025508 
0.0270609 
0.0287274 
0.0304404 
0.0320417 
0.0332198 
0.0334609 
0.0320503 
0.0282027 
0.0212946 
0.0110155 
-0.00259692 
-0.0180431 
-0.0332636 
-0.0471884 
-0.0592961 
-0.0696276 
-0.0781462 
-0.0781462 
0.018746 
0.018746 
0.0101794 
0.00348321 
-0.00192504 
-0.00631363 
-0.00978991 
-0.0124557 
-0.0144071 
-0.0157381 
-0.0165332 
-0.0168625 
-0.0167785 
-0.0163193 
-0.0155154 
-0.0144002 
-0.0130198 
-0.0114387 
-0.00973561 
-0.00799189 
-0.00627425 
-0.00462331 
-0.00305392 
-0.00156563 
-0.00015408 
0.00118552 
0.00245658 
0.00366368 
0.00481278 
0.00591095 
0.00696583 
0.00798464 
0.00897475 
0.00994091 
0.0108884 
0.0118161 
0.0127344 
0.0136298 
0.0145283 
0.015425 
0.0163475 
0.0172973 
0.0183017 
0.0193671 
0.0205103 
0.0217426 
0.0230769 
0.0245212 
0.0260732 
0.0277074 
0.0293486 
0.0308354 
0.0318691 
0.0319747 
0.0305083 
0.0267678 
0.0201958 
0.0105307 
-0.00203113 
-0.0162928 
-0.0306172 
-0.0439477 
-0.0557172 
-0.0658622 
-0.074313 
-0.074313 
0.0239321 
0.0239321 
0.0150198 
0.00785278 
0.00191977 
-0.00300472 
-0.007007 
-0.0101544 
-0.0125209 
-0.0141966 
-0.0152769 
-0.0158546 
-0.01601 
-0.0158058 
-0.0152864 
-0.0144818 
-0.0134168 
-0.0121216 
-0.0106419 
-0.00904204 
-0.00739823 
-0.00578318 
-0.00424891 
-0.00281818 
-0.00148939 
-0.000249353 
0.000915835 
0.00202374 
0.00308706 
0.00411721 
0.00512628 
0.00612348 
0.00711649 
0.00810613 
0.0090914 
0.0100663 
0.0110447 
0.0119986 
0.012963 
0.013921 
0.0149078 
0.0159195 
0.0169808 
0.0180953 
0.0192779 
0.0205384 
0.021886 
0.0233241 
0.024844 
0.0264127 
0.0279493 
0.029293 
0.0301633 
0.0301307 
0.0286297 
0.0250507 
0.0189126 
0.0100142 
-0.00136967 
-0.0142936 
-0.0275206 
-0.0400914 
-0.0514048 
-0.0612936 
-0.0696325 
-0.0696325 
0.0292068 
0.0292068 
0.0199464 
0.0122846 
0.00577659 
0.000252198 
-0.00433728 
-0.00803365 
-0.0108746 
-0.0129325 
-0.0143016 
-0.0150893 
-0.0154016 
-0.0153336 
-0.0149631 
-0.0143478 
-0.0135252 
-0.0125181 
-0.0113442 
-0.0100276 
-0.00860832 
-0.00714294 
-0.00569585 
-0.00432265 
-0.00305485 
-0.00189458 
-0.00082256 
0.000188946 
0.00116531 
0.00212577 
0.0030865 
0.00405841 
0.00505145 
0.00606885 
0.00711128 
0.00816641 
0.00924432 
0.0102746 
0.0113133 
0.0123399 
0.0133918 
0.0144601 
0.0155651 
0.0167135 
0.0179179 
0.0191873 
0.0205275 
0.0219379 
0.0234041 
0.0248873 
0.0263036 
0.0274971 
0.0282102 
0.0280633 
0.0265708 
0.0232175 
0.0176012 
0.00957343 
-0.000584227 
-0.0121385 
-0.0241636 
-0.0358408 
-0.0465765 
-0.0561229 
-0.0642942 
-0.0642942 
0.034604 
0.034604 
0.0249986 
0.0168246 
0.00969755 
0.00350368 
-0.00174925 
-0.00607157 
-0.00946635 
-0.011975 
-0.0136813 
-0.0146978 
-0.0151476 
-0.0151496 
-0.0148113 
-0.0142243 
-0.0134626 
-0.0125788 
-0.0116037 
-0.0105504 
-0.00942524 
-0.00823975 
-0.00701836 
-0.0057978 
-0.00461833 
-0.00351062 
-0.00248511 
-0.00152995 
-0.000618057 
0.000282286 
0.00120216 
0.00216214 
0.00317951 
0.00424869 
0.00533856 
0.00643469 
0.00756446 
0.00863055 
0.00971747 
0.0107824 
0.0118693 
0.0129662 
0.0140895 
0.0152481 
0.0164523 
0.0177102 
0.0190246 
0.0203908 
0.0217901 
0.0231794 
0.0244746 
0.025529 
0.0261109 
0.0258919 
0.0244632 
0.0213992 
0.0163707 
0.0092644 
0.000324411 
-0.00988408 
-0.0206733 
-0.0313693 
-0.0414219 
-0.050538 
-0.0584815 
-0.0584815 
0.0401536 
0.0401536 
0.0302109 
0.0215131 
0.0137297 
0.00680096 
0.000800739 
-0.00423017 
-0.00826213 
-0.0112996 
-0.013408 
-0.014703 
-0.0153234 
-0.0154076 
-0.015081 
-0.0144533 
-0.0136217 
-0.0126726 
-0.0116778 
-0.0106876 
-0.00972698 
-0.00879934 
-0.0078971 
-0.00701292 
-0.00614481 
-0.00529449 
-0.00446239 
-0.00364307 
-0.0028237 
-0.00198558 
-0.00110789 
-0.000174413 
0.000830895 
0.00191422 
0.0030775 
0.00432415 
0.00566604 
0.00682513 
0.00797245 
0.00911681 
0.0102531 
0.0113852 
0.0125238 
0.0136838 
0.0148767 
0.0161113 
0.0173891 
0.0187034 
0.0200323 
0.0213312 
0.0225186 
0.0234597 
0.0239508 
0.0237129 
0.0224077 
0.0196885 
0.0152889 
0.00911484 
0.00135653 
-0.00755972 
-0.0171237 
-0.0267945 
-0.0360865 
-0.0446951 
-0.0523531 
-0.0523531 
0.0458776 
0.0458776 
0.0356094 
0.0263819 
0.0179108 
0.0101877 
0.00335726 
-0.00247247 
-0.00722579 
-0.0108691 
-0.0134409 
-0.0150593 
-0.0158848 
-0.0160842 
-0.0158064 
-0.0151737 
-0.0142871 
-0.0132355 
-0.012103 
-0.0109697 
-0.009905 
-0.00895662 
-0.00814254 
-0.00745306 
-0.00686166 
-0.00633575 
-0.00584104 
-0.00534021 
-0.00479072 
-0.00414468 
-0.00335055 
-0.00236515 
-0.00118374 
0.000131423 
0.00143415 
0.002721 
0.00408412 
0.005242 
0.00641051 
0.00756547 
0.00869839 
0.00982094 
0.0109396 
0.0120717 
0.0132293 
0.0144218 
0.0156503 
0.0169063 
0.0181665 
0.0193859 
0.0204878 
0.021351 
0.0217996 
0.0215999 
0.0204755 
0.0181459 
0.0143951 
0.00913819 
0.00250766 
-0.00518353 
-0.0135569 
-0.0221902 
-0.0306718 
-0.0387127 
-0.046035 
-0.046035 
0.0517867 
0.0517867 
0.041209 
0.0314524 
0.0222692 
0.0136976 
0.0059569 
-0.000765611 
-0.00632965 
-0.0106565 
-0.0137496 
-0.0157239 
-0.0167669 
-0.0170851 
-0.0168659 
-0.0162584 
-0.0153753 
-0.0143045 
-0.01312 
-0.0118906 
-0.0106843 
-0.00956784 
-0.00859897 
-0.00781335 
-0.00721363 
-0.00677043 
-0.00643609 
-0.00616005 
-0.00589667 
-0.00560478 
-0.00524219 
-0.00476414 
-0.00410059 
-0.0031503 
-0.00186502 
-0.000141615 
0.00194775 
0.00335806 
0.00449857 
0.00577767 
0.00700496 
0.00816457 
0.00927704 
0.010378 
0.0114919 
0.0126345 
0.0138095 
0.0150089 
0.0162099 
0.0173692 
0.0184164 
0.0192445 
0.0197035 
0.0196 
0.0187092 
0.0168047 
0.0137087 
0.00934043 
0.00377728 
-0.0027606 
-0.00999115 
-0.0175962 
-0.025242 
-0.0326728 
-0.0396185 
-0.0396185 
0.0578768 
0.0578768 
0.0470101 
0.0367329 
0.0268232 
0.0173575 
0.00863097 
0.000919405 
-0.00555017 
-0.010643 
-0.0143172 
-0.0166765 
-0.0179377 
-0.018355 
-0.0181667 
-0.0175603 
-0.0166719 
-0.0155996 
-0.0144187 
-0.013191 
-0.0119703 
-0.0108039 
-0.00973387 
-0.0087967 
-0.00802049 
-0.00741726 
-0.00697501 
-0.00665653 
-0.00641086 
-0.0061843 
-0.00593374 
-0.00564169 
-0.00524669 
-0.00463018 
-0.00374013 
-0.00219587 
1.07151e-05 
0.00162557 
0.00296669 
0.004268 
0.00546556 
0.00658645 
0.0076466 
0.00868315 
0.00972657 
0.0107983 
0.0119068 
0.0130468 
0.0141969 
0.0153168 
0.0163422 
0.0171796 
0.0177019 
0.0177491 
0.0171387 
0.0156865 
0.0132429 
0.00972823 
0.00517334 
-0.000279592 
-0.00642299 
-0.0130258 
-0.0198303 
-0.0266249 
-0.0331617 
-0.0331617 
0.0641252 
0.0641252 
0.0529948 
0.0422153 
0.0315775 
0.0211838 
0.011404 
0.00261076 
-0.00486323 
-0.0108086 
-0.0151269 
-0.0179015 
-0.0193788 
-0.0198688 
-0.0196715 
-0.0190227 
-0.0180878 
-0.0169784 
-0.015773 
-0.0145322 
-0.0133059 
-0.0121362 
-0.0110572 
-0.0100918 
-0.00925061 
-0.00853217 
-0.00792883 
-0.00743254 
-0.00703545 
-0.00671753 
-0.00643368 
-0.00620718 
-0.00595829 
-0.00551694 
-0.00486122 
-0.00399242 
-0.00302853 
-0.00207502 
-0.000559318 
0.00140187 
0.00321231 
0.00462916 
0.00579565 
0.00684165 
0.00785027 
0.00886914 
0.00992184 
0.0110128 
0.012128 
0.0132337 
0.014274 
0.0151677 
0.0158069 
0.0160586 
0.0157724 
0.0147963 
0.0130008 
0.0103054 
0.0067046 
0.00227441 
-0.00283949 
-0.00847507 
-0.0144464 
-0.0205907 
-0.0266932 
-0.0266932 
0.0704867 
0.0704867 
0.0591225 
0.0478703 
0.0365191 
0.0251805 
0.0142925 
0.00433093 
-0.00424501 
-0.0111298 
-0.0161558 
-0.0193763 
-0.0210667 
-0.0216005 
-0.0213509 
-0.0206128 
-0.0195874 
-0.0184021 
-0.01714 
-0.0158588 
-0.0146028 
-0.0134069 
-0.012299 
-0.0112994 
-0.0104204 
-0.00966333 
-0.00901727 
-0.00846207 
-0.00797296 
-0.00754104 
-0.00712541 
-0.00678314 
-0.00649781 
-0.00613595 
-0.0056372 
-0.00495298 
-0.00402845 
-0.0032353 
-0.00205273 
-0.000467024 
0.00111778 
0.0025211 
0.00373897 
0.00482263 
0.00583814 
0.00683904 
0.00786388 
0.00893091 
0.0100376 
0.0111602 
0.0122529 
0.0132472 
0.0140518 
0.0145549 
0.0146304 
0.0141493 
0.0129965 
0.0110887 
0.00839305 
0.00493385 
0.000788687 
-0.0039233 
-0.00907904 
-0.014567 
-0.0202146 
-0.0202146 
0.0768894 
0.0768894 
0.0653258 
0.0536417 
0.0416104 
0.0293321 
0.0173008 
0.00609709 
-0.00367181 
-0.0115773 
-0.0173708 
-0.021066 
-0.0229656 
-0.0235138 
-0.0231683 
-0.0222939 
-0.0211338 
-0.0198342 
-0.0184823 
-0.017134 
-0.0158281 
-0.0145936 
-0.0134524 
-0.0124187 
-0.0114996 
-0.0106946 
-0.00999544 
-0.00939258 
-0.00886735 
-0.00841433 
-0.00799098 
-0.00761987 
-0.00728108 
-0.00692604 
-0.00649292 
-0.00598128 
-0.00536155 
-0.00467521 
-0.0037698 
-0.00276816 
-0.00171476 
-0.000577874 
0.000621792 
0.00184362 
0.00303841 
0.00420384 
0.00536171 
0.00653674 
0.00774229 
0.00897226 
0.010198 
0.0113677 
0.0124069 
0.013222 
0.0137057 
0.0137456 
0.0132365 
0.0120924 
0.0102599 
0.00772444 
0.00450979 
0.000670397 
-0.00369713 
-0.00852668 
-0.0137031 
-0.0137031 
0.0832329 
0.0832329 
0.0715064 
0.0594414 
0.0467831 
0.0335977 
0.0204167 
0.00791891 
-0.00311992 
-0.0121153 
-0.0187255 
-0.0229193 
-0.0250231 
-0.0255575 
-0.0250753 
-0.0240215 
-0.0226877 
-0.0212406 
-0.0197718 
-0.0183342 
-0.0169606 
-0.0156734 
-0.0144885 
-0.013416 
-0.0124604 
-0.0116209 
-0.0108887 
-0.010255 
-0.00969875 
-0.0092179 
-0.00878099 
-0.00840189 
-0.00805828 
-0.00772418 
-0.00734359 
-0.00693099 
-0.00640257 
-0.00586245 
-0.00516698 
-0.00433235 
-0.00342952 
-0.00250408 
-0.00156065 
-0.000586032 
0.000434456 
0.00151603 
0.00267698 
0.00392459 
0.00525581 
0.00665563 
0.008093 
0.0095204 
0.0108726 
0.012068 
0.0130124 
0.0136051 
0.0137468 
0.0133492 
0.0123435 
0.0106865 
0.00836343 
0.00537988 
0.00177267 
-0.00241129 
-0.00711006 
-0.00711006 
0.0893874 
0.0893874 
0.0775344 
0.0651457 
0.0519315 
0.0379019 
0.023604 
0.00979447 
-0.00256736 
-0.0126995 
-0.0201568 
-0.0248642 
-0.0271655 
-0.0276618 
-0.0270085 
-0.0257398 
-0.0242006 
-0.0225803 
-0.0209745 
-0.019432 
-0.0179794 
-0.0166325 
-0.0154008 
-0.0142898 
-0.0132998 
-0.012429 
-0.0116683 
-0.0110122 
-0.0104428 
-0.00995893 
-0.00953311 
-0.00917092 
-0.00884829 
-0.00855662 
-0.0082539 
-0.00794616 
-0.00758678 
-0.00720173 
-0.00672666 
-0.00619056 
-0.0055955 
-0.00493885 
-0.00421808 
-0.00342814 
-0.00255822 
-0.00158284 
-0.000474503 
0.000794016 
0.00223375 
0.00383304 
0.00555805 
0.00735417 
0.0091485 
0.0108541 
0.0123746 
0.0136096 
0.0144595 
0.0148322 
0.0146483 
0.0138454 
0.0123809 
0.0102289 
0.00738861 
0.00385097 
-0.000382363 
-0.000382363 
0.0951977 
0.0951977 
0.0832512 
0.0705967 
0.0569098 
0.0421281 
0.0267947 
0.0117103 
-0.00198689 
-0.0132729 
-0.0215811 
-0.0268048 
-0.0292963 
-0.0297369 
-0.0288891 
-0.0273818 
-0.0256175 
-0.0238087 
-0.0220547 
-0.0203995 
-0.0188628 
-0.0174533 
-0.0161744 
-0.0150268 
-0.0140077 
-0.0131137 
-0.012335 
-0.0116665 
-0.0110909 
-0.0106073 
-0.010193 
-0.00985168 
-0.00955999 
-0.00931544 
-0.00907872 
-0.00886179 
-0.00861194 
-0.00836278 
-0.00805709 
-0.00770297 
-0.00730195 
-0.00685745 
-0.00635939 
-0.00578809 
-0.00511535 
-0.0043062 
-0.00332141 
-0.00212314 
-0.00068367 
0.00100341 
0.00292046 
0.00502509 
0.00724665 
0.00949066 
0.0116472 
0.0135992 
0.0152296 
0.0164291 
0.0171009 
0.0171635 
0.016552 
0.0152157 
0.0131216 
0.010228 
0.00648455 
0.00648455 
0.100491 
0.100491 
0.088477 
0.075609 
0.0615364 
0.0461148 
0.0298764 
0.0136263 
-0.00135394 
-0.013766 
-0.0228957 
-0.0286236 
-0.0312975 
-0.0316747 
-0.0306243 
-0.0288709 
-0.026876 
-0.0248763 
-0.0229738 
-0.0212072 
-0.0195889 
-0.0181203 
-0.0167987 
-0.0156203 
-0.0145788 
-0.0136691 
-0.0128807 
-0.0122091 
-0.0116389 
-0.0111689 
-0.0107795 
-0.0104723 
-0.0102267 
-0.0100424 
-0.00989046 
-0.00977686 
-0.0096672 
-0.0095743 
-0.00946205 
-0.00933359 
-0.00917479 
-0.00897426 
-0.00871275 
-0.00836368 
-0.00789102 
-0.00724819 
-0.00638288 
-0.0052432 
-0.00378749 
-0.00199401 
0.000132754 
0.00255843 
0.0052147 
0.00800726 
0.0108197 
0.0135207 
0.0159731 
0.0180429 
0.0196079 
0.0205611 
0.0208131 
0.020289 
0.018929 
0.0166564 
0.0133772 
0.0133772 
0.105087 
0.105087 
0.0930244 
0.0799846 
0.0656089 
0.0496665 
0.0326887 
0.0154626 
-0.000647662 
-0.0140998 
-0.0239838 
-0.0301843 
-0.0330336 
-0.0333528 
-0.0321107 
-0.0301236 
-0.0279108 
-0.0257321 
-0.0236927 
-0.0218255 
-0.0201353 
-0.0186168 
-0.0172612 
-0.0160607 
-0.0150056 
-0.0140893 
-0.0133004 
-0.0126343 
-0.0120765 
-0.0116257 
-0.0112649 
-0.0109951 
-0.0107985 
-0.0106763 
-0.0106037 
-0.0105888 
-0.0106003 
-0.0106502 
-0.0107068 
-0.010768 
-0.0108178 
-0.0108421 
-0.0108159 
-0.0107038 
-0.0104573 
-0.0100155 
-0.00930777 
-0.00826108 
-0.00681148 
-0.00491754 
-0.00257056 
0.00019537 
0.00329911 
0.00663804 
0.0100915 
0.0135209 
0.0167749 
0.0197004 
0.0221501 
0.0239889 
0.0250979 
0.0253736 
0.0247278 
0.0230514 
0.0202106 
0.0202106 
0.108813 
0.108813 
0.0967155 
0.0835328 
0.0689277 
0.0525801 
0.0350416 
0.0170967 
0.000150389 
-0.0141649 
-0.0247139 
-0.0313431 
-0.0343638 
-0.0346446 
-0.0332426 
-0.0310557 
-0.0286564 
-0.0263266 
-0.0241741 
-0.0222267 
-0.020482 
-0.0189284 
-0.0175519 
-0.0163408 
-0.0152828 
-0.0143696 
-0.0135897 
-0.0129378 
-0.0124012 
-0.0119779 
-0.0116536 
-0.0114287 
-0.0112893 
-0.0112368 
-0.0112531 
-0.0113448 
-0.0114891 
-0.0116913 
-0.0119272 
-0.0121916 
-0.0124653 
-0.0127293 
-0.0129536 
-0.0130958 
-0.0130967 
-0.0128793 
-0.0123514 
-0.0114143 
-0.00997748 
-0.00797622 
-0.00538788 
-0.00224234 
0.00137068 
0.0053232 
0.00947114 
0.0136557 
0.0177082 
0.0214616 
0.0247553 
0.0274364 
0.0293616 
0.030399 
0.03043 
0.0293128 
0.0268773 
0.0268773 
0.111521 
0.111521 
0.099401 
0.0860923 
0.0713249 
0.0546799 
0.0367499 
0.018343 
0.000939756 
-0.0139532 
-0.0250319 
-0.0320141 
-0.035189 
-0.0354525 
-0.0339322 
-0.0315934 
-0.0290536 
-0.0266136 
-0.0243832 
-0.022385 
-0.0206101 
-0.0190416 
-0.0176611 
-0.0164537 
-0.015405 
-0.0145057 
-0.0137438 
-0.013114 
-0.0126047 
-0.0122136 
-0.011929 
-0.0117513 
-0.0116699 
-0.0116874 
-0.01179 
-0.0119849 
-0.0122534 
-0.0125995 
-0.0130032 
-0.013459 
-0.0139482 
-0.0144513 
-0.0149354 
-0.0153511 
-0.0156273 
-0.0156679 
-0.015354 
-0.0145549 
-0.0131468 
-0.0110377 
-0.00818667 
-0.00462186 
-0.000443167 
0.00417886 
0.00906108 
0.0140195 
0.0188595 
0.0233984 
0.0274686 
0.0309122 
0.0335741 
0.0353012 
0.0359465 
0.035336 
0.0332658 
0.0332658 
0.113076 
0.113076 
0.100976 
0.0875518 
0.0726776 
0.0558378 
0.0376841 
0.0191314 
0.00168797 
-0.0134369 
-0.0248657 
-0.0321005 
-0.0353957 
-0.0356669 
-0.0340883 
-0.0316682 
-0.0290537 
-0.0265594 
-0.0242969 
-0.0222849 
-0.0205095 
-0.0189498 
-0.0175844 
-0.0163962 
-0.0153698 
-0.0144951 
-0.0137606 
-0.0131606 
-0.012685 
-0.0123314 
-0.0120904 
-0.0119632 
-0.0119429 
-0.0120331 
-0.0122243 
-0.012523 
-0.0129158 
-0.0134054 
-0.0139771 
-0.0146261 
-0.0153356 
-0.0160869 
-0.0168449 
-0.0175541 
-0.0181311 
-0.0184583 
-0.0183861 
-0.0177468 
-0.0163796 
-0.0141623 
-0.0110354 
-0.0070239 
-0.00223213 
0.00312639 
0.00881394 
0.0145997 
0.0202413 
0.0255315 
0.0303018 
0.0344054 
0.0376939 
0.0400078 
0.0411796 
0.0410056 
0.0392518 
0.0392518 
0.113379 
0.113379 
0.101371 
0.0878357 
0.0728792 
0.0559801 
0.0378431 
0.0194842 
0.00225385 
-0.0127841 
-0.0242805 
-0.0316047 
-0.0349562 
-0.0352437 
-0.0336584 
-0.031229 
-0.0286146 
-0.0261332 
-0.0238942 
-0.0219126 
-0.0201715 
-0.0186478 
-0.017319 
-0.0161671 
-0.0151769 
-0.0143377 
-0.0136389 
-0.013075 
-0.0126376 
-0.0123243 
-0.0121281 
-0.0120516 
-0.0120915 
-0.0122523 
-0.0125276 
-0.0129237 
-0.0134318 
-0.0140554 
-0.0147865 
-0.0156222 
-0.016549 
-0.0175508 
-0.0185915 
-0.0196097 
-0.0205083 
-0.0211454 
-0.0213361 
-0.0208719 
-0.0195537 
-0.0172303 
-0.0138248 
-0.00935597 
-0.00392853 
0.00220408 
0.0087492 
0.0154 
0.0218425 
0.0278369 
0.0332178 
0.0378621 
0.0416467 
0.0444224 
0.0460129 
0.0461907 
0.0446962 
0.0446962 
0.112393 
0.112393 
0.100558 
0.0869562 
0.0719699 
0.0551824 
0.0373061 
0.0193635 
0.00253102 
-0.0121891 
-0.0234782 
-0.0306598 
-0.0339233 
-0.0341815 
-0.0326212 
-0.030255 
-0.0277229 
-0.0253284 
-0.023173 
-0.0212687 
-0.019598 
-0.0181381 
-0.0168675 
-0.0157688 
-0.0148277 
-0.0140343 
-0.0133793 
-0.0128576 
-0.0124624 
-0.0121916 
-0.012041 
-0.0120154 
-0.0121146 
-0.0123433 
-0.0126976 
-0.0131842 
-0.0137999 
-0.0145499 
-0.0154317 
-0.0164458 
-0.0175857 
-0.018838 
-0.0201636 
-0.0214966 
-0.0227251 
-0.0236796 
-0.0241368 
-0.0238476 
-0.0225786 
-0.0201555 
-0.0164889 
-0.0115873 
-0.00554618 
0.00137617 
0.00882463 
0.0163651 
0.0235915 
0.0302268 
0.0361146 
0.0411696 
0.0453101 
0.0484125 
0.0503041 
0.0507399 
0.0494424 
0.0494424 
0.110088 
0.110088 
0.0985232 
0.0849406 
0.0700072 
0.0535023 
0.0360965 
0.0187424 
0.00247855 
-0.0116867 
-0.0224872 
-0.0292854 
-0.0323134 
-0.0324983 
-0.0309967 
-0.0287669 
-0.0263976 
-0.0241616 
-0.0221476 
-0.0203653 
-0.0187993 
-0.0174296 
-0.0162374 
-0.0152074 
-0.0143275 
-0.013589 
-0.0129843 
-0.0125093 
-0.0121587 
-0.011931 
-0.0118247 
-0.0118481 
-0.0120024 
-0.0122919 
-0.0127157 
-0.0132821 
-0.0139928 
-0.0148557 
-0.0158744 
-0.0170546 
-0.0183951 
-0.0198837 
-0.0214848 
-0.0231263 
-0.0246747 
-0.0259313 
-0.0266355 
-0.0265019 
-0.0252731 
-0.0227625 
-0.0188772 
-0.0136142 
-0.00704928 
0.000597928 
0.00895497 
0.0173951 
0.0253689 
0.0325566 
0.0388274 
0.0441543 
0.0485104 
0.0518074 
0.0538839 
0.0544836 
0.0533196 
0.0533196 
0.106449 
0.106449 
0.0952655 
0.0818323 
0.0670717 
0.051002 
0.0342323 
0.0176134 
0.0020976 
-0.0112716 
-0.0213109 
-0.0274982 
-0.0301606 
-0.0302435 
-0.0288421 
-0.02682 
-0.0246871 
-0.0226721 
-0.0208488 
-0.0192267 
-0.0177946 
-0.0165374 
-0.0154408 
-0.0144929 
-0.0136842 
-0.013008 
-0.0124588 
-0.0120335 
-0.0117289 
-0.0115438 
-0.01148 
-0.0115491 
-0.0117522 
-0.0120933 
-0.0125757 
-0.0132094 
-0.0140004 
-0.0149602 
-0.0160979 
-0.0174245 
-0.0189441 
-0.0206487 
-0.0225017 
-0.0244205 
-0.0262555 
-0.0277758 
-0.0286799 
-0.0286577 
-0.0274449 
-0.0248578 
-0.0208104 
-0.0152898 
-0.00834496 
-7.52013e-05 
0.0091253 
0.0184034 
0.0270222 
0.0346184 
0.0411213 
0.0465805 
0.0510262 
0.0544025 
0.0565616 
0.0572394 
0.0561514 
0.0561514 
0.101472 
0.101472 
0.0907914 
0.0776758 
0.0632443 
0.0477482 
0.03175 
0.0160098 
0.00144011 
-0.0108774 
-0.0199005 
-0.0252933 
-0.0275099 
-0.0274979 
-0.0262509 
-0.0245022 
-0.0226639 
-0.0209167 
-0.0193204 
-0.0178862 
-0.0166096 
-0.0154818 
-0.0144939 
-0.013638 
-0.0129079 
-0.0122994 
-0.011809 
-0.0114352 
-0.0111763 
-0.0110317 
-0.011007 
-0.011116 
-0.0113586 
-0.0117401 
-0.0122674 
-0.012952 
-0.0138042 
-0.0148388 
-0.0160705 
-0.0175156 
-0.0191838 
-0.0210699 
-0.0231348 
-0.0252837 
-0.0273422 
-0.0290518 
-0.0300917 
-0.0301385 
-0.0289272 
-0.0262782 
-0.0221354 
-0.0164883 
-0.0093748 
-0.000813932 
0.00914517 
0.0192467 
0.0283284 
0.036126 
0.0427018 
0.0481766 
0.052617 
0.0559859 
0.058147 
0.0588311 
0.0577715 
0.0577715 
0.0951635 
0.0951635 
0.0851117 
0.0725072 
0.0585924 
0.0438136 
0.0287211 
0.0140253 
0.00063395 
-0.0103726 
-0.0181724 
-0.0226659 
-0.0244312 
-0.0243756 
-0.0233464 
-0.0219232 
-0.0204169 
-0.0189637 
-0.0176139 
-0.0163833 
-0.0152748 
-0.0142866 
-0.0134154 
-0.0126578 
-0.012011 
-0.0114733 
-0.0110432 
-0.0107209 
-0.0105061 
-0.0103989 
-0.0104089 
-0.0105502 
-0.0108219 
-0.0112311 
-0.0117876 
-0.0125043 
-0.0133949 
-0.0144773 
-0.015771 
-0.0172968 
-0.0190694 
-0.0210861 
-0.0233047 
-0.025617 
-0.0278252 
-0.0296416 
-0.0307245 
-0.0307498 
-0.0294758 
-0.0267688 
-0.0225803 
-0.0168961 
-0.00970614 
-0.000918235 
0.00926195 
0.019566 
0.0288251 
0.0366796 
0.0432414 
0.0486712 
0.0530515 
0.0563559 
0.0584595 
0.0590982 
0.0580499 
0.0580499 
0.0875527 
0.0875527 
0.0782526 
0.0663638 
0.0531782 
0.0392872 
0.0252664 
0.0118243 
-0.000125831 
-0.00959492 
-0.0160546 
-0.0196535 
-0.0210436 
-0.0210288 
-0.0202746 
-0.0192043 
-0.0180399 
-0.0168843 
-0.0157836 
-0.0147595 
-0.0138223 
-0.012977 
-0.0122256 
-0.0115688 
-0.011007 
-0.0105408 
-0.0101708 
-0.00989856 
-0.00972469 
-0.0096508 
-0.00968972 
-0.00985387 
-0.0101428 
-0.0105656 
-0.0111337 
-0.0118611 
-0.0127639 
-0.0138624 
-0.0151796 
-0.0167398 
-0.0185613 
-0.0206427 
-0.0229379 
-0.0253269 
-0.0275925 
-0.0294281 
-0.0304855 
-0.0304514 
-0.0291094 
-0.0263506 
-0.0221393 
-0.0164579 
-0.00928266 
-0.000629996 
0.00912931 
0.0190582 
0.0281831 
0.0359936 
0.0425059 
0.0478652 
0.0521537 
0.0553548 
0.0573568 
0.0579221 
0.0569078 
0.0569078 
0.07871 
0.07871 
0.0702769 
0.0593096 
0.0470857 
0.0342966 
0.0215693 
0.00963798 
-0.000614377 
-0.0084089 
-0.0135478 
-0.0163744 
-0.017524 
-0.0176362 
-0.0171858 
-0.0164619 
-0.0156207 
-0.014745 
-0.0138804 
-0.0130543 
-0.0122835 
-0.0115782 
-0.010945 
-0.0103879 
-0.00990998 
-0.00951405 
-0.0092022 
-0.00897727 
-0.00884037 
-0.0087949 
-0.00885568 
-0.00903255 
-0.00932656 
-0.00974789 
-0.0103087 
-0.0110238 
-0.0119104 
-0.01299 
-0.0142876 
-0.0158294 
-0.0176359 
-0.0197057 
-0.0219899 
-0.0243603 
-0.0265884 
-0.0283598 
-0.0293304 
-0.0292064 
-0.0277997 
-0.0250287 
-0.0208727 
-0.0153277 
-0.00840984 
-0.000236224 
0.00880069 
0.0180099 
0.0266388 
0.0341793 
0.0405234 
0.0457388 
0.0498803 
0.052931 
0.0547912 
0.0552683 
0.0543139 
0.0543139 
0.068769 
0.068769 
0.0613112 
0.0514685 
0.0404587 
0.0290353 
0.0178781 
0.00772763 
-0.00065339 
-0.00679371 
-0.0107825 
-0.0130403 
-0.0140881 
-0.0143746 
-0.0142116 
-0.0137919 
-0.0132312 
-0.0126011 
-0.0119479 
-0.0113027 
-0.0106865 
-0.0101134 
-0.00959268 
-0.00913124 
-0.00873405 
-0.0084053 
-0.0081484 
-0.00796692 
-0.0078623 
-0.00783966 
-0.00791442 
-0.00809369 
-0.00838021 
-0.00878458 
-0.0093189 
-0.00999786 
-0.0108388 
-0.0118632 
-0.013096 
-0.0145638 
-0.0162871 
-0.0182648 
-0.020447 
-0.0227041 
-0.0248077 
-0.0264491 
-0.0272997 
-0.0270899 
-0.0256595 
-0.0229527 
-0.0189728 
-0.0137463 
-0.00733185 
0.000111101 
0.00823181 
0.0165132 
0.0243826 
0.0314029 
0.0373959 
0.0423416 
0.0462488 
0.0490879 
0.0507705 
0.0511606 
0.0502993 
0.0502993 
0.0579484 
0.0579484 
0.0515727 
0.0430593 
0.0335346 
0.0237755 
0.0144739 
0.00629579 
-0.000220783 
-0.00491423 
-0.00802266 
-0.00991034 
-0.0109345 
-0.0113787 
-0.0114421 
-0.0112591 
-0.0109215 
-0.0104933 
-0.0100196 
-0.00953261 
-0.00905494 
-0.00860239 
-0.00818608 
-0.00781413 
-0.00749273 
-0.00722687 
-0.00702078 
-0.00687823 
-0.00680096 
-0.0067952 
-0.00687575 
-0.00704744 
-0.00731429 
-0.00768656 
-0.00817563 
-0.00879531 
-0.00956186 
-0.0104953 
-0.0116189 
-0.0129578 
-0.0145312 
-0.0163381 
-0.0183315 
-0.0203883 
-0.022293 
-0.0237566 
-0.0244758 
-0.0242082 
-0.0228191 
-0.0202764 
-0.016609 
-0.0118727 
-0.00615506 
0.000378687 
0.00744121 
0.0146496 
0.02157 
0.0278472 
0.0332832 
0.0377977 
0.0413547 
0.0439082 
0.0453816 
0.0456963 
0.0449611 
0.0449611 
0.0465696 
0.0465696 
0.0413888 
0.0344124 
0.0266432 
0.0188186 
0.0115529 
0.00533846 
0.000462654 
-0.00309882 
-0.00557011 
-0.0071935 
-0.00818383 
-0.00871468 
-0.00891856 
-0.00889517 
-0.00871919 
-0.00844633 
-0.00811785 
-0.007764 
-0.00740668 
-0.00706152 
-0.00673983 
-0.00644999 
-0.00619853 
-0.0059906 
-0.00583067 
-0.00572233 
-0.00566745 
-0.00567261 
-0.00575103 
-0.0059058 
-0.00614157 
-0.00646766 
-0.00689412 
-0.00743305 
-0.00809868 
-0.00890833 
-0.00988235 
-0.0110424 
-0.0124055 
-0.0139711 
-0.0156985 
-0.0174799 
-0.0191254 
-0.0203793 
-0.020973 
-0.0206934 
-0.0194273 
-0.0171599 
-0.0139399 
-0.00984411 
-0.00497294 
0.000526152 
0.00643423 
0.0124678 
0.0183015 
0.0236566 
0.0283471 
0.0322665 
0.0353508 
0.0375436 
0.0387841 
0.0390412 
0.0384594 
0.0384594 
0.0350794 
0.0350794 
0.0312022 
0.0259392 
0.0201137 
0.0143351 
0.0090561 
0.00457649 
0.00102226 
-0.001661 
-0.00361309 
-0.00497004 
-0.00585637 
-0.00638216 
-0.00663954 
-0.00670305 
-0.00663147 
-0.00647032 
-0.00625424 
-0.00600913 
-0.00575407 
-0.00550292 
-0.00526584 
-0.0050505 
-0.00486291 
-0.00470782 
-0.00458941 
-0.00451074 
-0.00447365 
-0.00448422 
-0.00455335 
-0.00468297 
-0.00487764 
-0.00514516 
-0.00549379 
-0.00593333 
-0.00647519 
-0.00713318 
-0.00792343 
-0.00886314 
-0.009966 
-0.0112321 
-0.0126301 
-0.0140743 
-0.0154115 
-0.0164315 
-0.0169103 
-0.0166674 
-0.0156067 
-0.0137211 
-0.0110659 
-0.0077271 
-0.00380755 
0.000568248 
0.00524305 
0.010018 
0.0146564 
0.0189486 
0.0227381 
0.0259196 
0.028422 
0.0301903 
0.0311819 
0.0313987 
0.0309872 
0.0309872 
0.0240288 
0.0240288 
0.0214816 
0.0179653 
