0 
-0.00157804 
-0.00237621 
-0.00156257 
0.000221079 
0.0023958 
0.00481947 
0.00730441 
0.00980086 
0.0122588 
0.0146721 
0.017043 
0.0193854 
0.0217168 
0.0240557 
0.0264196 
0.0288237 
0.0312799 
0.0337967 
0.0363786 
0.0390262 
0.0417358 
0.0444996 
0.0473059 
0.0501387 
0.0529786 
0.0558025 
0.0585845 
0.0612965 
0.0639082 
0.0663885 
0.0687056 
0.070828 
0.0727252 
0.074368 
0.0757293 
0.0767847 
0.0775126 
0.0778944 
0.0779174 
0.0775708 
0.0768473 
0.0757429 
0.0742572 
0.0723925 
0.0701547 
0.0675528 
0.0645998 
0.0613133 
0.0577165 
0.0538393 
0.0497198 
0.0454054 
0.0409533 
0.036431 
0.0319158 
0.027494 
0.0232562 
0.0192821 
0.015616 
0.0122544 
0.00917066 
0.00633074 
0.00369798 
0.0012079 
0 
0.00157804 
-0.00157804 
-0.00237621 
-0.00156257 
0.000221079 
0.0023958 
0.00481947 
0.00730441 
0.00980086 
0.0122588 
0.0146721 
0.017043 
0.0193854 
0.0217168 
0.0240557 
0.0264196 
0.0288237 
0.0312799 
0.0337967 
0.0363786 
0.0390262 
0.0417358 
0.0444996 
0.0473059 
0.0501387 
0.0529786 
0.0558025 
0.0585845 
0.0612965 
0.0639082 
0.0663885 
0.0687056 
0.070828 
0.0727252 
0.074368 
0.0757293 
0.0767847 
0.0775126 
0.0778944 
0.0779174 
0.0775708 
0.0768473 
0.0757429 
0.0742572 
0.0723925 
0.0701547 
0.0675528 
0.0645998 
0.0613133 
0.0577165 
0.0538393 
0.0497198 
0.0454054 
0.0409533 
0.036431 
0.0319158 
0.027494 
0.0232562 
0.0192821 
0.015616 
0.0122544 
0.00917066 
0.00633074 
0.00369798 
0.0012079 
-0.0012079 
0.000540001 
-0.000540001 
0.000323196 
0.00123907 
0.00285163 
0.00474227 
0.00686108 
0.00903906 
0.0112318 
0.0133957 
0.0155257 
0.0176258 
0.0197106 
0.0217977 
0.023906 
0.0260529 
0.0282537 
0.0305205 
0.0328619 
0.0352824 
0.0377826 
0.040359 
0.0430035 
0.045704 
0.0484441 
0.0512037 
0.0539592 
0.0566837 
0.0593483 
0.061922 
0.0643727 
0.0666679 
0.0687756 
0.0706648 
0.0723059 
0.073672 
0.0747387 
0.0754858 
0.0758926 
0.0759454 
0.0756338 
0.0749501 
0.0738906 
0.0724548 
0.0706455 
0.0684683 
0.0659323 
0.0630502 
0.0598389 
0.0563209 
0.0525252 
0.0484892 
0.0442597 
0.0398941 
0.0354607 
0.0310383 
0.0267135 
0.0225754 
0.0186995 
0.0151267 
0.0118557 
0.00886383 
0.0061151 
0.00357041 
0.00116508 
-0.00116508 
-0.000501693 
0.000501693 
0.00148231 
0.00269837 
0.00420634 
0.00591208 
0.00773708 
0.00959194 
0.0114432 
0.0132687 
0.0150715 
0.0168626 
0.0186601 
0.0204834 
0.0223517 
0.0242824 
0.0262898 
0.0283848 
0.0305745 
0.0328623 
0.0352472 
0.0377242 
0.0402838 
0.0429126 
0.0455929 
0.048303 
0.051018 
0.05371 
0.0563484 
0.0589013 
0.0613354 
0.0636174 
0.0657144 
0.0675947 
0.0692285 
0.0705885 
0.0716505 
0.0723949 
0.0728049 
0.0728677 
0.0725742 
0.0719183 
0.0708975 
0.0695127 
0.0677675 
0.0656685 
0.0632246 
0.0604478 
0.0573538 
0.0539628 
0.0503013 
0.0464037 
0.0423143 
0.038089 
0.0337955 
0.0295134 
0.0253306 
0.0213361 
0.0176021 
0.0141665 
0.0110318 
0.00818516 
0.00559928 
0.00324308 
0.00105032 
-0.00105032 
-0.000542197 
0.000542197 
0.00176846 
0.00317631 
0.0046911 
0.00625231 
0.00782894 
0.00938366 
0.0109125 
0.0124179 
0.0139157 
0.0154254 
0.0169688 
0.0185665 
0.0202367 
0.0219946 
0.0238519 
0.0258166 
0.0278932 
0.0300825 
0.0323817 
0.0347839 
0.0372786 
0.0398509 
0.0424823 
0.0451503 
0.0478291 
0.0504897 
0.0531011 
0.0556304 
0.0580436 
0.0603067 
0.0623864 
0.0642502 
0.065868 
0.0672121 
0.0682582 
0.0689864 
0.06938 
0.0694275 
0.0691215 
0.0684577 
0.0674364 
0.0660614 
0.0643394 
0.0622797 
0.0598937 
0.0571949 
0.0541989 
0.0509249 
0.047397 
0.0436462 
0.0397133 
0.0356511 
0.0315257 
0.0274164 
0.0234124 
0.0196019 
0.0160532 
0.0128002 
0.00984993 
0.0072021 
0.00484312 
0.00275545 
0.000875672 
-0.000875672 
-0.00053296 
0.00053296 
0.00189476 
0.00335603 
0.00477066 
0.00614321 
0.00745601 
0.00872138 
0.0099541 
0.0111769 
0.0124143 
0.0136914 
0.0150302 
0.0164499 
0.0179651 
0.0195871 
0.0213235 
0.0231791 
0.0251558 
0.0272525 
0.029465 
0.0317862 
0.034205 
0.0367067 
0.0392725 
0.0418801 
0.0445034 
0.0471134 
0.0496785 
0.0521655 
0.0545402 
0.0567682 
0.0588155 
0.0606497 
0.06224 
0.0635585 
0.0645804 
0.065286 
0.0656574 
0.0656833 
0.0653571 
0.0646759 
0.063642 
0.0622618 
0.0605449 
0.0585037 
0.0561526 
0.0535076 
0.0505863 
0.0474085 
0.0439975 
0.0403822 
0.0366009 
0.0327037 
0.028755 
0.0248339 
0.0210301 
0.0174295 
0.0140936 
0.01105 
0.00831232 
0.00589537 
0.00380797 
0.00206108 
0.000617929 
-0.000617929 
-0.00048153 
0.00048153 
0.00181838 
0.00321908 
0.00448903 
0.00566046 
0.00673407 
0.00775189 
0.00874216 
0.00974062 
0.0107759 
0.0118744 
0.0130557 
0.014335 
0.0157223 
0.0172247 
0.0188468 
0.0205908 
0.0224575 
0.0244455 
0.026551 
0.0287672 
0.0310842 
0.0334879 
0.0359605 
0.0384802 
0.0410211 
0.0435544 
0.0460486 
0.0484705 
0.0507857 
0.0529598 
0.0549585 
0.0567491 
0.0583006 
0.0595847 
0.060576 
0.0612547 
0.0616012 
0.061604 
0.0612571 
0.0605585 
0.0595123 
0.0581266 
0.0564132 
0.054387 
0.0520649 
0.0494654 
0.0466081 
0.043514 
0.040207 
0.0367155 
0.0330767 
0.0293394 
0.0255678 
0.0218415 
0.0182499 
0.0148739 
0.0117631 
0.00893821 
0.00642023 
0.00424176 
0.00245685 
0.00112549 
0.000262985 
-0.000262985 
-0.000441177 
0.000441177 
0.00168773 
0.00294418 
0.00401606 
0.00497454 
0.00582643 
0.00663397 
0.00742847 
0.00825151 
0.00912989 
0.0100876 
0.0111392 
0.0122951 
0.0135613 
0.0149419 
0.0164396 
0.0180561 
0.0197922 
0.0216475 
0.0236194 
0.0257026 
0.0278886 
0.0301648 
0.0325146 
0.034917 
0.037347 
0.0397761 
0.0421734 
0.0445056 
0.0467388 
0.0488384 
0.0507705 
0.052502 
0.0540017 
0.0552411 
0.0561941 
0.0568408 
0.0571606 
0.0571423 
0.0567799 
0.0560722 
0.0550239 
0.053644 
0.0519455 
0.0499445 
0.0476594 
0.0451103 
0.0423184 
0.0393062 
0.0360985 
0.0327245 
0.0292218 
0.0256399 
0.0220445 
0.0185168 
0.0151445 
0.0119984 
0.00911126 
0.00649523 
0.00418048 
0.00223658 
0.000790488 
-3.22524e-05 
-0.000173471 
0.000173471 
-0.000370389 
0.000370389 
0.00145995 
0.00252883 
0.0033923 
0.00415138 
0.00481402 
0.00545218 
0.00609382 
0.00678077 
0.00753414 
0.00837357 
0.00930813 
0.0103445 
0.0114858 
0.0127347 
0.0140935 
0.0155643 
0.0171491 
0.0188487 
0.0206622 
0.0225863 
0.0246141 
0.0267349 
0.0289336 
0.0311905 
0.0334817 
0.0357797 
0.0380542 
0.0402727 
0.0424017 
0.0444072 
0.0462555 
0.0479137 
0.0493502 
0.0505363 
0.0514452 
0.0520568 
0.0523487 
0.05231 
0.0519355 
0.051225 
0.050184 
0.0488223 
0.0471532 
0.0451929 
0.0429598 
0.0404744 
0.0377583 
0.0348348 
0.0317296 
0.0284735 
0.0251057 
0.0216786 
0.018261 
0.0149363 
0.0117881 
0.00886965 
0.00619188 
0.00376065 
0.00163365 
-3.819e-05 
-0.00105131 
-0.0012574 
-0.000606149 
0.000606149 
-0.000301347 
0.000301347 
0.00120421 
0.00205685 
0.00270821 
0.00328073 
0.00377836 
0.00427561 
0.00479217 
0.00536632 
0.00601121 
0.00674168 
0.0075618 
0.00847574 
0.00948495 
0.0105919 
0.0117988 
0.013109 
0.0145252 
0.0160499 
0.017684 
0.0194259 
0.021271 
0.0232106 
0.0252315 
0.0273158 
0.0294412 
0.0315815 
0.0337076 
0.0357882 
0.0377906 
0.0396818 
0.0414285 
0.042998 
0.0443587 
0.0454815 
0.046339 
0.0469113 
0.0471743 
0.0471185 
0.046739 
0.0460362 
0.0450161 
0.0436886 
0.0420666 
0.0401655 
0.0380031 
0.0355986 
0.0329732 
0.0301502 
0.0271561 
0.0240235 
0.0207949 
0.0175271 
0.0142936 
0.0111799 
0.00826011 
0.00556041 
0.00307147 
0.00081047 
-0.001074 
-0.00236248 
-0.00281947 
-0.00231756 
-0.000932414 
0.000932414 
-0.000220855 
0.000220855 
0.000914247 
0.00154277 
0.00199496 
0.00239924 
0.00275485 
0.0031327 
0.00354267 
0.00401742 
0.0045618 
0.00518646 
0.00589149 
0.00667958 
0.00755129 
0.00850904 
0.00955547 
0.0106943 
0.0119294 
0.0132645 
0.014702 
0.0162426 
0.0178838 
0.0196192 
0.0214379 
0.0233243 
0.0252583 
0.0272156 
0.0291688 
0.0310882 
0.0329426 
0.0347001 
0.0363282 
0.0377947 
0.0390679 
0.0401184 
0.0409188 
0.0414485 
0.0416819 
0.0416113 
0.0412326 
0.0405476 
0.0395626 
0.0382867 
0.0367313 
0.03491 
0.0328383 
0.0305338 
0.0280162 
0.0253081 
0.022437 
0.0194378 
0.0163575 
0.0132589 
0.010222 
0.00733131 
0.00464161 
0.00214813 
-0.000161765 
-0.00219894 
-0.00373327 
-0.00449505 
-0.00427566 
-0.00307318 
-0.00113756 
0.00113756 
-0.000142286 
0.000142286 
0.000620611 
0.00102556 
0.00129342 
0.00154292 
0.00177166 
0.00204182 
0.00235442 
0.00273521 
0.0031817 
0.00370097 
0.00429001 
0.00495058 
0.00568242 
0.00648781 
0.00736926 
0.00833077 
0.00937681 
0.010512 
0.0117404 
0.0130645 
0.014484 
0.0159952 
0.01759 
0.0192557 
0.0209748 
0.0227255 
0.0244828 
0.026219 
0.0279046 
0.0295091 
0.0310014 
0.0323498 
0.0335224 
0.03449 
0.0352254 
0.0357078 
0.0359118 
0.0358319 
0.0354647 
0.0348126 
0.0338808 
0.0326766 
0.0312088 
0.0294882 
0.0275275 
0.0253418 
0.0229491 
0.0203711 
0.0176365 
0.0147833 
0.0118648 
0.00895203 
0.00612856 
0.00347433 
0.00101646 
-0.00127603 
-0.00337592 
-0.0050954 
-0.00613601 
-0.00623835 
-0.00531717 
-0.00354801 
-0.00126227 
0.00126227 
-6.1744e-05 
6.1744e-05 
0.000325731 
0.000516991 
0.000617766 
0.000724579 
0.000837731 
0.00100663 
0.00122643 
0.00151504 
0.00186464 
0.00227905 
0.00275288 
0.00328694 
0.00387999 
0.00453367 
0.00524998 
0.00603267 
0.0068863 
0.00781615 
0.00882736 
0.0099241 
0.0111085 
0.0123796 
0.0137325 
0.0151579 
0.0166415 
0.0181649 
0.0197056 
0.0212385 
0.0227362 
0.02417 
0.0255101 
0.0267259 
0.0277858 
0.0286602 
0.0293228 
0.0297524 
0.029927 
0.0298443 
0.0295021 
0.0289011 
0.0280433 
0.0269322 
0.0255732 
0.0239734 
0.0221425 
0.0200928 
0.0178406 
0.0154072 
0.0128234 
0.010132 
0.00739355 
0.00468602 
0.00210019 
-0.000297466 
-0.00252541 
-0.00461139 
-0.00643218 
-0.00770404 
-0.00811867 
-0.00751606 
-0.00598781 
-0.0038342 
-0.00134041 
0.00134041 
1.70941e-05 
-1.70941e-05 
4.12077e-05 
3.29681e-05 
-1.85383e-05 
-4.52778e-05 
-4.09024e-05 
2.90243e-05 
0.000157345 
0.000353541 
0.00060688 
0.000917622 
0.00127878 
0.00168976 
0.00214804 
0.00265409 
0.0032089 
0.00381546 
0.00447791 
0.00520164 
0.00599253 
0.00685617 
0.00779691 
0.00881674 
0.00991429 
0.0110839 
0.0123155 
0.0135941 
0.0149007 
0.0162128 
0.0175055 
0.0187522 
0.0199248 
0.0209947 
0.0219305 
0.0227023 
0.0232842 
0.0236559 
0.0238065 
0.0237345 
0.0234355 
0.0229055 
0.0221415 
0.0211426 
0.0199098 
0.0184471 
0.016761 
0.0148614 
0.0127635 
0.0104886 
0.0080713 
0.00555779 
0.0030216 
0.00055432 
-0.00175703 
-0.00389672 
-0.00590983 
-0.00775044 
-0.00918435 
-0.0098843 
-0.00961146 
-0.00836474 
-0.00638683 
-0.00399969 
-0.00138828 
0.00138828 
0.000102221 
-0.000102221 
-0.000235873 
-0.000420445 
-0.000610578 
-0.000761647 
-0.000861696 
-0.000890587 
-0.000854426 
-0.000751888 
-0.000594068 
-0.000384821 
-0.000131922 
0.000161662 
0.000491711 
0.000857112 
0.00125748 
0.00169448 
0.00217133 
0.00269297 
0.00326552 
0.00389563 
0.0045897 
0.00535264 
0.00618672 
0.00709046 
0.00805806 
0.00907883 
0.0101374 
0.0112146 
0.0122884 
0.0133345 
0.0143272 
0.0152404 
0.0160447 
0.0167109 
0.0172104 
0.0175272 
0.017666 
0.01762 
0.0173799 
0.0169353 
0.0162782 
0.0154034 
0.0143084 
0.0129937 
0.0114631 
0.0097244 
0.00779255 
0.00568821 
0.0034532 
0.00114565 
-0.00114856 
-0.00333163 
-0.00536171 
-0.00726748 
-0.00905536 
-0.0105727 
-0.0115093 
-0.0115666 
-0.0106364 
-0.00887699 
-0.00660351 
-0.00408535 
-0.00141101 
0.00141101 
0.000191992 
-0.000191992 
-0.000499883 
-0.000837832 
-0.0011567 
-0.0014247 
-0.00162745 
-0.00175466 
-0.00181137 
-0.00180223 
-0.00173821 
-0.0016269 
-0.00147686 
-0.00129397 
-0.00108382 
-0.000849692 
-0.000593743 
-0.000316167 
-1.52441e-05 
0.000312962 
0.000674258 
0.00107605 
0.00152639 
0.00203289 
0.0026014 
0.00323474 
0.00393184 
0.00468644 
0.00548745 
0.00631959 
0.00716445 
0.00800073 
0.0088051 
0.00955493 
0.0102243 
0.0107903 
0.0112201 
0.0115002 
0.0116416 
0.0116309 
0.0114553 
0.0111004 
0.0105541 
0.00980781 
0.00885541 
0.00769424 
0.00632499 
0.00475459 
0.00299926 
0.00108427 
-0.000941923 
-0.00300106 
-0.00500877 
-0.00689725 
-0.00866665 
-0.0103471 
-0.011864 
-0.0129687 
-0.0133349 
-0.0127555 
-0.0112702 
-0.00914789 
-0.00669444 
-0.0041109 
-0.00141331 
0.00141331 
0.000278125 
-0.000278125 
-0.000743609 
-0.00121983 
-0.00165912 
-0.00203807 
-0.00234126 
-0.00256509 
-0.0027139 
-0.00279641 
-0.00282363 
-0.00280591 
-0.0027529 
-0.00267287 
-0.00257297 
-0.00245902 
-0.00233535 
-0.0022044 
-0.00206635 
-0.00191881 
-0.00175664 
-0.00157226 
-0.00135643 
-0.00109929 
-0.000791724 
-0.000426872 
-1.37163e-06 
0.000483673 
0.00102253 
0.00160465 
0.0022155 
0.00283735 
0.00344956 
0.00403333 
0.00456603 
0.00503573 
0.00541293 
0.00568254 
0.00583936 
0.00586887 
0.0057574 
0.00549044 
0.0050533 
0.00443474 
0.00362551 
0.00262002 
0.00141766 
2.42544e-05 
-0.0015405 
-0.00323879 
-0.00501365 
-0.00678608 
-0.00848805 
-0.0100917 
-0.0116183 
-0.0130563 
-0.0142392 
-0.0148635 
-0.0146476 
-0.0135076 
-0.011605 
-0.00925102 
-0.00669458 
-0.00408675 
-0.00139956 
0.00139956 
0.00035782 
-0.00035782 
-0.000964973 
-0.00156639 
-0.00211718 
-0.00260062 
-0.00300089 
-0.00331891 
-0.00355818 
-0.00373 
-0.00384517 
-0.00391612 
-0.00395347 
-0.00396769 
-0.00396783 
-0.00396221 
-0.00395752 
-0.00395874 
-0.00396827 
-0.00398559 
-0.0040068 
-0.00402477 
-0.00402953 
-0.0040094 
-0.00395226 
-0.0038473 
-0.00368664 
-0.00346615 
-0.003186 
-0.00285174 
-0.00247353 
-0.00206483 
-0.00164288 
-0.00122249 
-0.000824443 
-0.0004532 
-0.000131834 
0.000134822 
0.000313541 
0.000389285 
0.00034406 
0.000164982 
-0.000164983 
-0.000658026 
-0.00132522 
-0.00217307 
-0.00320071 
-0.00439901 
-0.00574355 
-0.00718919 
-0.00867575 
-0.0101363 
-0.0115311 
-0.0128656 
-0.0141523 
-0.0153117 
-0.0161044 
-0.0162256 
-0.0154795 
-0.0138992 
-0.0117156 
-0.00922695 
-0.00661816 
-0.00401719 
-0.00137126 
0.00137126 
0.000429646 
-0.000429646 
-0.00116256 
-0.00187637 
-0.00252883 
-0.00310937 
-0.00360179 
-0.00401019 
-0.00433698 
-0.0045949 
-0.00479433 
-0.00494899 
-0.00507029 
-0.00517051 
-0.00526041 
-0.00535065 
-0.00545036 
-0.00556723 
-0.00570628 
-0.00586942 
-0.00605466 
-0.00625596 
-0.00646339 
-0.00666396 
-0.00684287 
-0.00698531 
-0.00707825 
-0.00711214 
-0.00708198 
-0.00698803 
-0.00683545 
-0.00663316 
-0.00639381 
-0.00612897 
-0.00585563 
-0.00557889 
-0.00531921 
-0.00507708 
-0.00488611 
-0.00477015 
-0.00474998 
-0.00484102 
-0.00506172 
-0.00542544 
-0.00594368 
-0.00662207 
-0.0074573 
-0.0084357 
-0.00952772 
-0.0106854 
-0.0118552 
-0.0129931 
-0.0140904 
-0.0151667 
-0.0161989 
-0.0170389 
-0.0174135 
-0.0170615 
-0.0158846 
-0.0139978 
-0.0116468 
-0.00908399 
-0.00646443 
-0.00390091 
-0.00132764 
0.00132764 
0.000492927 
-0.000492927 
-0.00133512 
-0.00214751 
-0.0028902 
-0.00355869 
-0.0041364 
-0.00462979 
-0.00503989 
-0.00538001 
-0.00565974 
-0.00589345 
-0.00609292 
-0.00627169 
-0.00644191 
-0.00661621 
-0.00680595 
-0.00702139 
-0.00727034 
-0.00755751 
-0.00788342 
-0.00824396 
-0.00863013 
-0.00902853 
-0.00942254 
-0.00979394 
-0.010125 
-0.0104007 
-0.01061 
-0.0107473 
-0.0108122 
-0.0108086 
-0.0107442 
-0.0106273 
-0.010471 
-0.010281 
-0.0100787 
-0.00986732 
-0.00967604 
-0.00952978 
-0.0094514 
-0.0094587 
-0.00957108 
-0.00980237 
-0.0101634 
-0.0106577 
-0.0112788 
-0.0120089 
-0.012816 
-0.0136569 
-0.0144943 
-0.0153117 
-0.0161231 
-0.0169398 
-0.0176919 
-0.0181837 
-0.0181498 
-0.0173981 
-0.0159127 
-0.0138437 
-0.0114104 
-0.00881439 
-0.00622273 
-0.00373218 
-0.00126611 
0.00126611 
0.000547138 
-0.000547138 
-0.0014812 
-0.00237688 
-0.00319634 
-0.00394146 
-0.00459528 
-0.00516622 
-0.00565375 
-0.0060712 
-0.00642698 
-0.00673548 
-0.00700835 
-0.00725972 
-0.00750255 
-0.0077508 
-0.00801755 
-0.00831532 
-0.00865456 
-0.00904296 
-0.00948405 
-0.00997639 
-0.0105129 
-0.011081 
-0.0116632 
-0.012239 
-0.0127866 
-0.0132855 
-0.0137189 
-0.0140747 
-0.0143467 
-0.0145334 
-0.0146378 
-0.0146649 
-0.0146241 
-0.0145215 
-0.0143779 
-0.0141978 
-0.0140101 
-0.0138385 
-0.013706 
-0.0136313 
-0.0136337 
-0.0137265 
-0.0139185 
-0.0142107 
-0.0145938 
-0.015048 
-0.0155442 
-0.0160515 
-0.0165539 
-0.0170592 
-0.0175895 
-0.0181328 
-0.0185783 
-0.0187146 
-0.0183162 
-0.0172626 
-0.0155895 
-0.0134372 
-0.0109831 
-0.00839476 
-0.00587485 
-0.00350076 
-0.001183 
0.001183 
0.000591806 
-0.000591806 
-0.00159923 
-0.00256121 
-0.00344188 
-0.00424986 
-0.00496805 
-0.00560675 
-0.00616389 
-0.00665248 
-0.00707948 
-0.00745877 
-0.00780127 
-0.00812102 
-0.008431 
-0.00874566 
-0.00907903 
-0.00944517 
-0.00985675 
-0.0103242 
-0.0108544 
-0.0114492 
-0.0121043 
-0.0128094 
-0.0135475 
-0.014297 
-0.0150334 
-0.0157315 
-0.0163687 
-0.0169267 
-0.0173928 
-0.0177601 
-0.0180266 
-0.0181937 
-0.0182676 
-0.0182533 
-0.0181709 
-0.0180239 
-0.0178419 
-0.0176469 
-0.0174614 
-0.0173035 
-0.0171913 
-0.0171364 
-0.0171454 
-0.0172167 
-0.0173401 
-0.0174976 
-0.0176684 
-0.0178383 
-0.018012 
-0.0182123 
-0.0184562 
-0.0187047 
-0.0188248 
-0.0186203 
-0.0179222 
-0.0166691 
-0.0149124 
-0.0127476 
-0.0103146 
-0.00779038 
-0.00539768 
-0.00319405 
-0.00107398 
0.00107398 
0.000626549 
-0.000626549 
-0.00168793 
-0.00269778 
-0.00362217 
-0.00447693 
-0.0052452 
-0.00593941 
-0.00655613 
-0.00710799 
-0.00760039 
-0.00804626 
-0.00845535 
-0.00884081 
-0.00921482 
-0.00959133 
-0.00998429 
-0.0104083 
-0.0108774 
-0.0114044 
-0.0119991 
-0.012667 
-0.0134078 
-0.014214 
-0.0150713 
-0.0159586 
-0.0168499 
-0.0177169 
-0.0185319 
-0.0192705 
-0.0199136 
-0.0204483 
-0.0208674 
-0.0211686 
-0.0213547 
-0.0214287 
-0.0214092 
-0.0212967 
-0.0211218 
-0.0209041 
-0.0206646 
-0.0204203 
-0.0201871 
-0.0199747 
-0.0197877 
-0.0196235 
-0.0194732 
-0.0193246 
-0.0191685 
-0.0190076 
-0.018862 
-0.0187587 
-0.0187021 
-0.0186334 
-0.0184201 
-0.0179034 
-0.0169745 
-0.0156134 
-0.0138583 
-0.0117392 
-0.00934705 
-0.0069663 
-0.00476876 
-0.0027998 
-0.00093522 
0.00093522 
0.000651199 
-0.000651199 
-0.00174674 
-0.00278523 
-0.00373464 
-0.00461842 
-0.00542041 
-0.00615567 
-0.00681977 
-0.00742516 
-0.00797571 
-0.00848321 
-0.00895583 
-0.00940523 
-0.00984193 
-0.0102784 
-0.0107274 
-0.0112028 
-0.011719 
-0.0122899 
-0.0129278 
-0.013642 
-0.014436 
-0.0153069 
-0.016244 
-0.0172286 
-0.0182356 
-0.019235 
-0.0201956 
-0.0210874 
-0.0218852 
-0.0225696 
-0.023128 
-0.0235537 
-0.0238457 
-0.0240048 
-0.024047 
-0.0239689 
-0.0238016 
-0.0235606 
-0.0232657 
-0.0229317 
-0.0225724 
-0.0221956 
-0.0218052 
-0.021399 
-0.0209724 
-0.020521 
-0.0200481 
-0.0195696 
-0.019113 
-0.0187018 
-0.0183267 
-0.0179222 
-0.0173752 
-0.0165756 
-0.0154709 
-0.0140684 
-0.0123836 
-0.0103673 
-0.00804839 
-0.00589488 
-0.00397363 
-0.00230956 
-0.00076446 
0.00076446 
0.000665963 
-0.000665963 
-0.00177645 
-0.00282464 
-0.00378037 
-0.00467489 
-0.00549329 
-0.00625375 
-0.0069514 
-0.00759888 
-0.00819868 
-0.0087615 
-0.00929368 
-0.00980499 
-0.0103037 
-0.0107999 
-0.0113039 
-0.0118279 
-0.0123849 
-0.012989 
-0.013654 
-0.0143916 
-0.0152098 
-0.0161105 
-0.0170877 
-0.0181272 
-0.0192064 
-0.0202964 
-0.0213639 
-0.0223753 
-0.0232995 
-0.0241109 
-0.0247905 
-0.0253267 
-0.0257142 
-0.025951 
-0.02605 
-0.026004 
-0.0258429 
-0.0255779 
-0.0252268 
-0.0248018 
-0.0243149 
-0.0237731 
-0.0231801 
-0.0225367 
-0.0218433 
-0.0211044 
-0.0203331 
-0.019553 
-0.0187919 
-0.0180656 
-0.0173563 
-0.0166034 
-0.0157252 
-0.0146604 
-0.0134026 
-0.0119768 
-0.0103857 
-0.00852062 
-0.00638413 
-0.00456325 
-0.00300835 
-0.00172193 
-0.000561985 
0.000561985 
0.000671513 
-0.000671513 
-0.00177955 
-0.00282034 
-0.00376543 
-0.00465375 
-0.00547201 
-0.006242 
-0.0069589 
-0.00763599 
-0.00827473 
-0.00888483 
-0.0094708 
-0.0100404 
-0.0105992 
-0.0111545 
-0.0117135 
-0.0122854 
-0.0128807 
-0.013512 
-0.0141929 
-0.014937 
-0.0157555 
-0.0166551 
-0.0176355 
-0.0186878 
-0.0197942 
-0.0209289 
-0.0220596 
-0.0231507 
-0.0241669 
-0.0250767 
-0.0258548 
-0.0264834 
-0.0269524 
-0.0272561 
-0.027404 
-0.0273851 
-0.0272276 
-0.0269377 
-0.026531 
-0.0260172 
-0.0254071 
-0.024707 
-0.0239223 
-0.023057 
-0.0221173 
-0.0211147 
-0.0200684 
-0.0190039 
-0.0179452 
-0.0169001 
-0.0158485 
-0.014744 
-0.0135391 
-0.0122138 
-0.0107946 
-0.0093145 
-0.0077897 
-0.00606493 
-0.00433743 
-0.00297279 
-0.00188316 
-0.00104422 
-0.000331036 
0.000331036 
0.000669161 
-0.000669161 
-0.00176062 
-0.00278053 
-0.00370186 
-0.00457061 
-0.00537526 
-0.00614135 
-0.00686455 
-0.00755913 
-0.00822579 
-0.00887352 
-0.00950516 
-0.0101265 
-0.0107407 
-0.0113519 
-0.0119641 
-0.0125828 
-0.0132151 
-0.0138707 
-0.0145614 
-0.0153008 
-0.0161022 
-0.016976 
-0.0179275 
-0.0189542 
-0.0200444 
-0.0211773 
-0.0223239 
-0.0234497 
-0.0245175 
-0.0254915 
-0.0263401 
-0.0270391 
-0.0275723 
-0.0279296 
-0.0281165 
-0.0281187 
-0.0279616 
-0.0276468 
-0.0271875 
-0.0265915 
-0.0258682 
-0.0250246 
-0.0240675 
-0.0230046 
-0.0218467 
-0.0206097 
-0.0193149 
-0.017986 
-0.016641 
-0.0152825 
-0.013894 
-0.0124481 
-0.0109296 
-0.009349 
-0.00775345 
-0.00617815 
-0.00468142 
-0.00309513 
-0.00200692 
-0.00118475 
-0.000640835 
-0.000301101 
-7.99412e-05 
7.99412e-05 
0.000660596 
-0.000660596 
-0.00172608 
-0.00271704 
-0.00360752 
-0.00444931 
-0.00523244 
-0.00598586 
-0.00670592 
-0.00740796 
-0.0080922 
-0.00876706 
-0.009434 
-0.0100972 
-0.0107577 
-0.0114171 
-0.0120764 
-0.0127375 
-0.0134037 
-0.014081 
-0.014778 
-0.0155063 
-0.0162792 
-0.0171098 
-0.0180077 
-0.0189766 
-0.0200117 
-0.0210987 
-0.0222143 
-0.0233273 
-0.0244018 
-0.0254 
-0.0262859 
-0.0270292 
-0.027607 
-0.0280034 
-0.0282187 
-0.0282356 
-0.028076 
-0.0277377 
-0.0272316 
-0.0265639 
-0.0257429 
-0.0247763 
-0.0236728 
-0.0224425 
-0.0210991 
-0.0196603 
-0.0181466 
-0.0165777 
-0.0149664 
-0.0133136 
-0.0116114 
-0.00985261 
-0.00805077 
-0.00623898 
-0.00448125 
-0.00281235 
-0.00130631 
-5.30686e-05 
0.000416124 
0.000670087 
0.000653479 
0.000468235 
0.000177545 
-0.000177545 
0.0006482 
-0.0006482 
-0.00168418 
-0.00264494 
-0.003505 
-0.00432021 
-0.00508141 
-0.00582009 
-0.0065331 
-0.00723659 
-0.00793035 
-0.00862232 
-0.00931287 
-0.010005 
-0.0106983 
-0.0113926 
-0.0120867 
-0.0127799 
-0.0134722 
-0.0141655 
-0.0148646 
-0.0155776 
-0.0163156 
-0.017092 
-0.0179193 
-0.0188062 
-0.0197549 
-0.0207582 
-0.0217996 
-0.0228537 
-0.0238884 
-0.0248669 
-0.0257518 
-0.0265081 
-0.0271067 
-0.0275254 
-0.0277579 
-0.0277843 
-0.0276209 
-0.0272629 
-0.0267187 
-0.0259931 
-0.025094 
-0.0240294 
-0.022809 
-0.0214447 
-0.0199512 
-0.0183456 
-0.0166462 
-0.0148686 
-0.0130224 
-0.0111106 
-0.00913667 
-0.00711374 
-0.00508216 
-0.00309236 
-0.00120812 
0.000525505 
0.00194242 
0.00273483 
0.00274442 
0.00247081 
0.00192517 
0.00122263 
0.000427809 
-0.000427809 
0.000633103 
-0.000633103 
-0.00164368 
-0.00258052 
-0.00341892 
-0.00421635 
-0.0049636 
-0.00569313 
-0.00640184 
-0.00710606 
-0.00780507 
-0.0085062 
-0.009209 
-0.00991573 
-0.010625 
-0.0113362 
-0.0120469 
-0.0127551 
-0.0134586 
-0.0141564 
-0.0148494 
-0.0155414 
-0.0162401 
-0.0169562 
-0.0177027 
-0.0184917 
-0.0193311 
-0.0202212 
-0.0211527 
-0.0221071 
-0.0230579 
-0.0239726 
-0.024815 
-0.025549 
-0.0261408 
-0.0265625 
-0.0267996 
-0.0268298 
-0.0266618 
-0.0262892 
-0.0257175 
-0.0249504 
-0.023995 
-0.0228594 
-0.0215536 
-0.02009 
-0.018483 
-0.0167481 
-0.0149007 
-0.0129535 
-0.0109157 
-0.00879498 
-0.00660789 
-0.0043885 
-0.00219494 
-7.17027e-05 
0.00189664 
0.0036028 
0.0047872 
0.00519406 
0.0048326 
0.0041078 
0.0030938 
0.00191862 
0.000658568 
-0.000658568 
0.000620208 
-0.000620208 
-0.00161485 
-0.00254039 
-0.00337294 
-0.00416866 
-0.00491719 
-0.00565003 
-0.0063635 
-0.00707318 
-0.00777764 
-0.00848338 
-0.00918928 
-0.00989708 
-0.0106052 
-0.0113131 
-0.0120184 
-0.012719 
-0.0134124 
-0.0140961 
-0.0147684 
-0.0154295 
-0.0160824 
-0.0167338 
-0.0173944 
-0.0180768 
-0.0187925 
-0.0195485 
-0.0203433 
-0.0211658 
-0.021996 
-0.0228066 
-0.0235657 
-0.0242388 
-0.0247911 
-0.0251911 
-0.0254166 
-0.0254436 
-0.0252706 
-0.0248894 
-0.0243021 
-0.0235112 
-0.0225224 
-0.0213436 
-0.0199844 
-0.0184567 
-0.0167736 
-0.014949 
-0.012996 
-0.0109257 
-0.00874915 
-0.00648063 
-0.00415111 
-0.00180754 
0.000498322 
0.00271105 
0.00468353 
0.00625281 
0.00716228 
0.00725734 
0.00659415 
0.00550422 
0.00410188 
0.00252318 
0.000859421 
-0.000859421 
0.000615932 
-0.000615932 
-0.00160641 
-0.00253879 
-0.00338596 
-0.00420065 
-0.00497019 
-0.00572317 
-0.00645476 
-0.00717879 
-0.00789295 
-0.00860262 
-0.0093061 
-0.0100047 
-0.0106971 
-0.0113829 
-0.0120609 
-0.01273 
-0.0133884 
-0.0140342 
-0.0146649 
-0.0152787 
-0.015875 
-0.0164558 
-0.0170273 
-0.0175993 
-0.0181841 
-0.0187931 
-0.0194325 
-0.0200993 
-0.0207807 
-0.0214554 
-0.0220965 
-0.0226734 
-0.0231536 
-0.0235048 
-0.0236995 
-0.0237106 
-0.0235285 
-0.0231422 
-0.0225498 
-0.0217517 
-0.020752 
-0.019557 
-0.0181758 
-0.0166188 
-0.0148978 
-0.0130249 
-0.0110119 
-0.00886997 
-0.00661339 
-0.00426378 
-0.00186349 
0.000550491 
0.00292239 
0.0051466 
0.00703727 
0.00841595 
0.00906479 
0.00890077 
0.00799837 
0.00662458 
0.00491801 
0.00301639 
0.00102387 
-0.00102387 
0.000621976 
-0.000621976 
-0.00162584 
-0.00258547 
-0.00346935 
-0.00432465 
-0.00513565 
-0.00592652 
-0.00669087 
-0.00744003 
-0.00817072 
-0.00888693 
-0.00958647 
-0.0102702 
-0.0109369 
-0.011587 
-0.0122201 
-0.0128366 
-0.0134366 
-0.0140196 
-0.0145846 
-0.0151297 
-0.0156528 
-0.0161528 
-0.0166307 
-0.0170914 
-0.0175441 
-0.0180011 
-0.0184739 
-0.0189683 
-0.0194805 
-0.019996 
-0.0204925 
-0.0209433 
-0.0213196 
-0.021592 
-0.0217325 
-0.0217126 
-0.0215148 
-0.0211247 
-0.0205358 
-0.0197454 
-0.0187553 
-0.0175699 
-0.0161964 
-0.014644 
-0.0129228 
-0.0110437 
-0.00901777 
-0.00685747 
-0.00458019 
-0.00221587 
0.000199998 
0.00263713 
0.00500419 
0.0071607 
0.00891394 
0.0100848 
0.0105033 
0.0101286 
0.00904464 
0.00746192 
0.00553262 
0.00339089 
0.00114931 
-0.00114931 
0.000636389 
-0.000636389 
-0.0016807 
-0.00268502 
-0.00362669 
-0.00454112 
-0.00541138 
-0.00625545 
-0.00706564 
-0.00785022 
-0.00860493 
-0.00933227 
-0.0100296 
-0.0106971 
-0.011334 
-0.0119406 
-0.0125179 
-0.0130674 
-0.013591 
-0.0140905 
-0.0145669 
-0.0150205 
-0.0154502 
-0.0158538 
-0.0162296 
-0.0165773 
-0.0169004 
-0.0172073 
-0.0175102 
-0.0178215 
-0.0181479 
-0.0184856 
-0.018819 
-0.019125 
-0.0193772 
-0.0195491 
-0.0196141 
-0.0195438 
-0.0193175 
-0.0189188 
-0.0183365 
-0.0175644 
-0.0166007 
-0.0154471 
-0.0141087 
-0.0125926 
-0.0109073 
-0.00906271 
-0.00706991 
-0.00494236 
-0.00270188 
-0.000375857 
0.00201277 
0.00441072 
0.00670115 
0.00873226 
0.0103149 
0.0112813 
0.0115037 
0.0109633 
0.00975035 
0.00802716 
0.00595072 
0.00364842 
0.00123615 
-0.00123615 
0.000658298 
-0.000658298 
-0.00176682 
-0.00283578 
-0.00385209 
-0.00484049 
-0.0057831 
-0.00669196 
-0.00755801 
-0.00838641 
-0.00917199 
-0.00991565 
-0.0106142 
-0.0112674 
-0.0118742 
-0.0124353 
-0.0129521 
-0.0134273 
-0.013864 
-0.0142661 
-0.0146371 
-0.0149798 
-0.0152958 
-0.0155847 
-0.0158448 
-0.0160737 
-0.0162697 
-0.0164346 
-0.0165756 
-0.0167048 
-0.0168362 
-0.016979 
-0.0171303 
-0.0172737 
-0.0173842 
-0.0174357 
-0.0174055 
-0.0172698 
-0.0170054 
-0.0165937 
-0.0160198 
-0.0152737 
-0.0143499 
-0.0132471 
-0.0119675 
-0.0105161 
-0.00889976 
-0.00712726 
-0.00520976 
-0.00316165 
-0.00100571 
0.00124483 
0.00355559 
0.00585146 
0.00800992 
0.0098756 
0.0112714 
0.012047 
0.0121068 
0.0114426 
0.010148 
0.00834476 
0.00618845 
0.00379783 
0.0012872 
-0.0012872 
0.000688101 
-0.000688101 
-0.00187588 
-0.00303164 
-0.0041358 
-0.00520788 
-0.00623165 
-0.00721322 
-0.00814233 
-0.00902114 
-0.00984341 
-0.0106085 
-0.0113125 
-0.0119545 
-0.0125332 
-0.0130494 
-0.013505 
-0.0139033 
-0.0142486 
-0.0145462 
-0.0148017 
-0.0150204 
-0.0152067 
-0.0153635 
-0.0154913 
-0.0155891 
-0.0156538 
-0.0156826 
-0.0156752 
-0.0156366 
-0.0155785 
-0.015517 
-0.0154659 
-0.015427 
-0.0153855 
-0.0153137 
-0.0151839 
-0.0149696 
-0.0146529 
-0.0142193 
-0.013651 
-0.0129339 
-0.0120589 
-0.0110211 
-0.00981955 
-0.00845671 
-0.00693763 
-0.00526979 
-0.00346357 
-0.0015341 
0.000506217 
0.00264249 
0.00482362 
0.00696842 
0.00895413 
0.0106297 
0.0118349 
0.0124377 
0.0123656 
0.0116149 
0.0102778 
0.00844715 
0.00626895 
0.00385258 
0.00130687 
-0.00130687 
0.00072514 
-0.00072514 
-0.002004 
-0.00326156 
-0.00446372 
-0.00562816 
-0.00673895 
-0.00779935 
-0.00879737 
-0.00973233 
-0.0105968 
-0.0113882 
-0.012102 
-0.0127362 
-0.0132894 
-0.0137621 
-0.0141566 
-0.014477 
-0.0147288 
-0.0149184 
-0.0150533 
-0.0151408 
-0.0151875 
-0.0151991 
-0.0151798 
-0.0151312 
-0.015053 
-0.0149426 
-0.0147964 
-0.0146121 
-0.0143918 
-0.0141448 
-0.013888 
-0.0136401 
-0.0134102 
-0.0131869 
-0.0129409 
-0.012646 
-0.0122819 
-0.0118299 
-0.0112707 
-0.0105882 
-0.00977004 
-0.00880881 
-0.00770077 
-0.00644577 
-0.00504681 
-0.00350962 
-0.00184377 
-5.79437e-05 
0.00184087 
0.00382286 
0.00583324 
0.00779046 
0.00957618 
0.0110494 
0.0120679 
0.0125172 
0.0123399 
0.0115355 
0.0101845 
0.00837269 
0.00621965 
0.00382881 
0.0013005 
-0.0013005 
0.000767431 
-0.000767431 
-0.00214865 
-0.00351266 
-0.00482405 
-0.00608862 
-0.00729221 
-0.00843762 
-0.00951051 
-0.0105078 
-0.0114205 
-0.0122439 
-0.0129721 
-0.0136022 
-0.0141319 
-0.0145619 
-0.0148948 
-0.0151356 
-0.015291 
-0.0153693 
-0.0153795 
-0.0153308 
-0.0152319 
-0.0150906 
-0.0149134 
-0.0147052 
-0.0144685 
-0.0142043 
-0.013911 
-0.0135858 
-0.013225 
-0.0128274 
-0.0123977 
-0.0119507 
-0.011512 
-0.0111065 
-0.01074 
-0.0103673 
-0.00994132 
-0.00946501 
-0.00891591 
-0.00827081 
-0.00751531 
-0.00663906 
-0.0056359 
-0.00450309 
-0.00324135 
-0.001854 
-0.000345877 
0.00128132 
0.00300912 
0.00480442 
0.00661422 
0.00835923 
0.00992951 
0.0111973 
0.0120379 
0.0123526 
0.0120936 
0.0112623 
0.00992337 
0.00816197 
0.00607082 
0.00374394 
0.00127396 
-0.00127396 
0.000814068 
-0.000814068 
-0.00230547 
-0.00378113 
-0.00520749 
-0.0065811 
-0.00788568 
-0.00912195 
-0.0102771 
-0.011344 
-0.0123121 
-0.0131742 
-0.0139226 
-0.0145526 
-0.0150613 
-0.0154489 
-0.0157185 
-0.0158763 
-0.0159307 
-0.0158922 
-0.0157719 
-0.0155814 
-0.0153315 
-0.015032 
-0.0146909 
-0.0143151 
-0.0139095 
-0.0134778 
-0.0130224 
-0.0125444 
-0.0120433 
-0.0115173 
-0.0109637 
-0.0103811 
-0.00977387 
-0.00915916 
-0.00856665 
-0.00803766 
-0.00757028 
-0.00710306 
-0.00658393 
-0.00598985 
-0.00530646 
-0.00452455 
-0.0036362 
-0.00263658 
-0.00152326 
-0.000295352 
0.00104737 
0.00249533 
0.00402813 
0.00561443 
0.00720405 
0.00872291 
0.0100718 
0.0111375 
0.0118116 
0.012009 
0.0116879 
0.0108499 
0.00954503 
0.00785272 
0.00584999 
0.00361429 
0.00123271 
-0.00123271 
0.000864327 
-0.000864327 
-0.002472 
-0.00406525 
-0.00560961 
-0.00710042 
-0.00851503 
-0.00985099 
-0.0110961 
-0.0122416 
-0.0132739 
-0.014183 
-0.0149588 
-0.0155942 
-0.0160849 
-0.0164305 
-0.0166345 
-0.0167046 
-0.0166515 
-0.0164883 
-0.0162294 
-0.015889 
-0.0154808 
-0.0150165 
-0.0145061 
-0.0139574 
-0.0133768 
-0.0127692 
-0.0121391 
-0.0114904 
-0.0108271 
-0.0101521 
-0.00946676 
-0.00876907 
-0.00805365 
-0.0073148 
-0.00656594 
-0.00585915 
-0.00529754 
-0.00479309 
-0.00429635 
-0.0037525 
-0.00314741 
-0.00246707 
-0.00170097 
-0.000840717 
0.000119558 
0.00118293 
0.00234559 
0.00359732 
0.00491972 
0.00628358 
0.00764287 
0.00893063 
0.0100595 
0.0109307 
0.0114506 
0.0115456 
0.011178 
0.0103472 
0.00909186 
0.00747849 
0.00557952 
0.00345499 
0.00118172 
-0.00118172 
0.000917184 
-0.000917184 
-0.00264592 
-0.00436131 
-0.00602948 
-0.00764159 
-0.00917532 
-0.0106215 
-0.0119668 
-0.0132008 
-0.014308 
-0.0152745 
-0.0160868 
-0.0167348 
-0.017212 
-0.0175169 
-0.0176533 
-0.0176305 
-0.0174619 
-0.0171643 
-0.016756 
-0.0162554 
-0.0156792 
-0.0150419 
-0.0143553 
-0.0136284 
-0.0128683 
-0.0120808 
-0.0112715 
-0.0104468 
-0.00961401 
-0.00878184 
-0.00796008 
-0.00715949 
-0.0063895 
-0.00565465 
-0.00494163 
-0.00422554 
-0.00346002 
-0.00274412 
-0.00214033 
-0.00159281 
-0.0010457 
-0.000462282 
0.000180497 
0.000898143 
0.00169881 
0.00258575 
0.00355631 
0.00460187 
0.0057059 
0.00684189 
0.00796876 
0.00902758 
0.0099429 
0.0106299 
0.0110081 
0.0110132 
0.0106106 
0.00979627 
0.00859989 
0.00707193 
0.00528179 
0.00327859 
0.00112534 
-0.00112534 
0.000971462 
-0.000971462 
-0.00282384 
-0.00466467 
-0.00646055 
-0.00819988 
-0.00985949 
-0.011427 
-0.0128839 
-0.0142183 
-0.0154125 
-0.0164487 
-0.017309 
-0.0179791 
-0.0184492 
-0.0187162 
-0.0187837 
-0.0186628 
-0.0183703 
-0.0179274 
-0.0173575 
-0.016684 
-0.0159283 
-0.0151081 
-0.0142371 
-0.0133252 
-0.0123795 
-0.011406 
-0.0104108 
-0.00940162 
-0.00838819 
-0.00738298 
-0.00640028 
-0.00545643 
-0.00456783 
-0.00374505 
-0.00298945 
-0.00227436 
-0.00155278 
-0.000821556 
-0.000150833 
0.000434193 
0.000960786 
0.00147206 
0.0020017 
0.00257609 
0.00321093 
0.00391442 
0.00468704 
0.00552239 
0.0064064 
0.00731568 
0.00821441 
0.00905188 
0.00976398 
0.0102786 
0.0105269 
0.0104524 
0.0100228 
0.00923009 
0.00809603 
0.00665737 
0.00497543 
0.00309301 
0.00106752 
-0.00106752 
0.00102547 
-0.00102547 
-0.00300103 
-0.00496783 
-0.00689342 
-0.00876416 
-0.010556 
-0.0122541 
-0.013836 
-0.0152836 
-0.0165777 
-0.0176975 
-0.0186191 
-0.0193229 
-0.0197948 
-0.0200288 
-0.0200282 
-0.0198054 
-0.019381 
-0.0187816 
-0.0180371 
-0.0171774 
-0.0162296 
-0.0152158 
-0.014152 
-0.0130487 
-0.0119122 
-0.0107473 
-0.0095596 
-0.00835726 
-0.00715202 
-0.00595959 
-0.00479857 
-0.00369204 
-0.00266392 
-0.00173229 
-0.000907138 
-0.000183521 
0.000445234 
0.00104341 
0.00166463 
0.00225396 
0.00278055 
0.00325477 
0.0037021 
0.00415378 
0.00463429 
0.00516006 
0.00573798 
0.00636638 
0.00703502 
0.00772452 
0.00840454 
0.00903232 
0.00955414 
0.00990923 
0.0100389 
0.00989324 
0.00944185 
0.00867309 
0.00760102 
0.00625215 
0.00467459 
0.00291016 
0.00100822 
-0.00100822 
0.00107691 
-0.00107691 
-0.00317077 
-0.00526005 
-0.00731363 
-0.00931703 
-0.0112455 
-0.013081 
-0.0147987 
-0.0163745 
-0.0177821 
-0.0189986 
-0.0199957 
-0.0207465 
-0.0212311 
-0.0214399 
-0.0213747 
-0.0210493 
-0.0204878 
-0.0197229 
-0.0187919 
-0.0177329 
-0.0165806 
-0.0153629 
-0.0140991 
-0.0127996 
-0.0114692 
-0.0101098 
-0.00872539 
-0.00732362 
-0.00591788 
-0.00452707 
-0.00317476 
-0.00189335 
-0.000718321 
0.000322274 
0.00121188 
0.00195376 
0.00256976 
0.00309523 
0.00357302 
0.00403513 
0.00447195 
0.00487342 
0.00523937 
0.00558514 
0.00593122 
0.0062969 
0.00669475 
0.00712895 
0.00759464 
0.00807751 
0.00855323 
0.00898666 
0.00933344 
0.0095428 
0.00956484 
0.00935548 
0.00888583 
0.00814115 
0.00712883 
0.00586605 
0.00439026 
0.00273648 
0.000948787 
-0.000948787 
0.00112277 
-0.00112277 
-0.00332398 
-0.00552638 
-0.00770066 
-0.00983281 
-0.0118974 
-0.0138741 
-0.0157341 
-0.0174488 
-0.0189841 
-0.0203088 
-0.021394 
-0.0222048 
-0.0227142 
-0.0229081 
-0.0227862 
-0.0223626 
-0.0216648 
-0.020731 
-0.0196065 
-0.0183388 
-0.0169723 
-0.0155429 
-0.0140743 
-0.0125776 
-0.0110544 
-0.00950236 
-0.00792173 
-0.00631893 
-0.00470864 
-0.00311224 
-0.00155902 
-9.51232e-05 
0.00123147 
0.00239062 
0.00336657 
0.00415377 
0.00475927 
0.00520532 
0.00554851 
0.00583992 
0.00610932 
0.00636693 
0.00660971 
0.00683799 
0.00705858 
0.00728332 
0.00752354 
0.00778608 
0.00807052 
0.00836786 
0.00865991 
0.00891887 
0.00910893 
0.00918812 
0.00911437 
0.00884867 
0.00836382 
0.00764246 
0.00668659 
0.00550468 
0.00412621 
0.00257489 
0.000895277 
-0.000895277 
0.00115917 
-0.00115917 
-0.00344889 
-0.00574711 
-0.00802675 
-0.0102758 
-0.0124685 
-0.0145827 
-0.0165855 
-0.0184424 
-0.020113 
-0.0215557 
-0.0227352 
-0.023616 
-0.0241612 
-0.0243523 
-0.0241863 
-0.023677 
-0.0228537 
-0.0217588 
-0.0204444 
-0.0189679 
-0.0173847 
-0.0157414 
-0.0140688 
-0.0123797 
-0.010672 
-0.00893686 
-0.00716918 
-0.00537325 
-0.00356543 
-0.00176875 
-2.26574e-05 
0.00161014 
0.00308644 
0.00437731 
0.00545648 
0.0063086 
0.00693231 
0.00734442 
0.00758617 
0.00771432 
0.00778022 
0.00782763 
0.0078781 
0.0079385 
0.00800939 
0.00809186 
0.0081887 
0.00830241 
0.00843223 
0.00857165 
0.00870711 
0.00881702 
0.00887298 
0.00884074 
0.00868518 
0.00837201 
0.00787592 
0.0071777 
0.00627506 
0.00516891 
0.00388194 
0.00242745 
0.000847812 
-0.000847812 
0.00118147 
-0.00118147 
-0.00353112 
-0.00589772 
-0.00825674 
-0.0105996 
-0.0129007 
-0.0151368 
-0.0172711 
-0.0192634 
-0.021065 
-0.0226282 
-0.0238997 
-0.0248518 
-0.0254394 
-0.0256391 
-0.0254463 
-0.0248735 
-0.0239498 
-0.022719 
-0.0212372 
-0.0195689 
-0.0177811 
-0.015933 
-0.0140667 
-0.0121994 
-0.0103256 
-0.00842816 
-0.00649488 
-0.00452782 
-0.00254534 
-0.000572612 
0.00133631 
0.00311883 
0.00474256 
0.00616848 
0.00736302 
0.00830232 
0.00897278 
0.00937892 
0.00954741 
0.00954432 
0.00942439 
0.00925096 
0.00907215 
0.00891758 
0.00879902 
0.00871698 
0.00866739 
0.00864489 
0.00864319 
0.00865351 
0.0086632 
0.00865413 
0.00860328 
0.00848255 
0.00826278 
0.00791401 
0.00741307 
0.0067397 
0.00588847 
0.00485401 
0.00365309 
0.00229012 
0.000803449 
-0.000803449 
0.00118437 
-0.00118437 
-0.00355403 
-0.0059495 
-0.00834877 
-0.0107481 
-0.0131224 
-0.0154483 
-0.0176854 
-0.0197879 
-0.0216993 
-0.0233634 
-0.0247224 
-0.0257329 
-0.0263621 
-0.0265785 
-0.026379 
-0.0257747 
-0.0247929 
-0.0234743 
-0.0218734 
-0.0200572 
-0.0181005 
-0.0160764 
-0.014042 
-0.0120241 
-0.0100164 
-0.00799251 
-0.00593167 
-0.00383465 
-0.00172136 
0.000375495 
0.00239739 
0.0042948 
0.00603428 
0.00757412 
0.00887784 
0.00991533 
0.0106608 
0.0111112 
0.0112646 
0.0111865 
0.0109286 
0.0105645 
0.0101623 
0.00977601 
0.00943952 
0.00916603 
0.00895421 
0.00879453 
0.00867408 
0.0085783 
0.00849124 
0.0083944 
0.00826687 
0.00808433 
0.00782196 
0.00745338 
0.00695762 
0.00631408 
0.00551523 
0.00455086 
0.00343268 
0.00215789 
0.000760295 
-0.000760295 
0.00116222 
-0.00116222 
-0.00349972 
-0.00587107 
-0.00825637 
-0.0106577 
-0.013051 
-0.0154136 
-0.0177027 
-0.0198684 
-0.0218488 
-0.0235782 
-0.0250014 
-0.0260421 
-0.0266996 
-0.0269343 
-0.0267483 
-0.0261526 
-0.0251709 
-0.0238368 
-0.022196 
-0.0203094 
-0.0182528 
-0.0161097 
-0.0139553 
-0.0118327 
-0.00974071 
-0.00764456 
-0.00551398 
-0.00335016 
-0.00117499 
0.000970365 
0.00303704 
0.00498806 
0.00678936 
0.00840466 
0.00979623 
0.0109301 
0.0117694 
0.0123023 
0.0124934 
0.012405 
0.0120791 
0.0115902 
0.0110168 
0.0104301 
0.00988621 
0.00941781 
0.00903628 
0.00873646 
0.00850335 
0.00831732 
0.00815727 
0.00800115 
0.00782687 
0.00761089 
0.00733052 
0.00696169 
0.00648513 
0.0058804 
0.00513863 
0.00424625 
0.00321082 
0.00202426 
0.000715938 
-0.000715938 
0.00110949 
-0.00110949 
-0.00335047 
-0.00563104 
-0.00793252 
-0.0102634 
-0.0126009 
-0.0149246 
-0.017191 
-0.0193487 
-0.0213323 
-0.02307 
-0.0245001 
-0.0255475 
-0.0262058 
-0.0264549 
-0.0262992 
-0.0257557 
-0.0248432 
-0.0235854 
-0.0220119 
-0.0201678 
-0.0181184 
-0.0159493 
-0.0137526 
-0.0115946 
-0.00948797 
-0.00739378 
-0.00527258 
-0.00312743 
-0.000983594 
0.0011169 
0.0031395 
0.00506051 
0.00685133 
0.00848323 
0.00992032 
0.0111268 
0.0120581 
0.012696 
0.0129757 
0.0129445 
0.0126314 
0.0121031 
0.0114413 
0.0107259 
0.0100284 
0.0094 
0.0088688 
0.00844103 
0.00810657 
0.00784521 
0.00763236 
0.00744185 
0.00724839 
0.00702679 
0.00675422 
0.00640725 
0.00596743 
0.00541451 
0.00473872 
0.00392446 
0.00297604 
0.00188204 
0.000667945 
-0.000667945 
0.00102133 
-0.00102133 
-0.00309057 
-0.00520134 
-0.00733483 
-0.00950623 
-0.011694 
-0.0138822 
-0.0160289 
-0.0180847 
-0.0199841 
-0.0216537 
-0.0230262 
-0.0240416 
-0.0246657 
-0.0249181 
-0.0248049 
-0.024355 
-0.023583 
-0.0225018 
-0.0211201 
-0.0194581 
-0.017558 
-0.0154937 
-0.0133662 
-0.0112685 
-0.00923868 
-0.00724082 
-0.00522806 
-0.00320674 
-0.00120367 
0.000744926 
0.00262134 
0.00441796 
0.00611455 
0.00769173 
0.00911798 
0.0103571 
0.0113612 
0.0121015 
0.0124976 
0.0125699 
0.0123401 
0.0118594 
0.0112064 
0.0104603 
0.00969907 
0.00898534 
0.00836134 
0.00784675 
0.00744115 
0.00712928 
0.00688724 
0.00668697 
0.00650037 
0.00629973 
0.00606059 
0.00575883 
0.00537575 
0.00489101 
0.00429408 
0.00356843 
0.00271587 
0.00172355 
0.000613725 
-0.000613725 
0.000894066 
-0.000894066 
-0.00270823 
-0.00456094 
-0.00643161 
-0.00834215 
-0.0102722 
-0.0122128 
-0.0141264 
-0.015971 
-0.0176853 
-0.0192018 
-0.0204488 
-0.0213857 
-0.0219386 
-0.0221788 
-0.022116 
-0.0217954 
-0.0212284 
-0.0204183 
-0.0193524 
-0.0180212 
-0.0164336 
-0.0146352 
-0.012721 
-0.0108062 
-0.008965 
-0.00717558 
-0.00538665 
-0.00360811 
-0.00186393 
-0.000179132 
0.00144434 
0.00301728 
0.00452949 
0.00597078 
0.00731682 
0.00853254 
0.00957139 
0.0103917 
0.010913 
0.0111151 
0.0110194 
0.0106589 
0.0101066 
0.00943373 
0.00871617 
0.00801862 
0.00739028 
0.00686085 
0.00644017 
0.00612119 
0.00588494 
0.00570518 
0.00555342 
0.00540054 
0.00522043 
0.00498778 
0.00468298 
0.00428542 
0.0037837 
0.00316125 
0.00241795 
0.0015412 
0.00055076 
-0.00055076 
0.0007255 
-0.0007255 
-0.00219703 
-0.00369892 
-0.00520675 
-0.00674937 
-0.00830702 
-0.00988065 
-0.0114405 
-0.0129583 
-0.0143835 
-0.0156626 
-0.0167199 
-0.0175275 
-0.0179782 
-0.0181936 
-0.0181901 
-0.0180302 
-0.0177213 
-0.0172601 
-0.0166154 
-0.0157502 
-0.0146365 
-0.0132786 
-0.0117446 
-0.0101576 
-0.00863355 
-0.00717744 
-0.0057381 
-0.0043276 
-0.00296271 
-0.00165043 
-0.000381614 
0.000867105 
0.00210162 
0.00331961 
0.00450724 
0.00563224 
0.00665429 
0.00751957 
0.00815235 
0.00848619 
0.00855247 
0.00836568 
0.00799193 
0.00748973 
0.00692488 
0.00635551 
0.00582915 
0.00537911 
0.00502212 
0.00475933 
0.00457903 
0.00446012 
0.00437696 
0.00430143 
0.00420718 
0.00406845 
0.0038647 
0.00357534 
0.00318801 
0.00268698 
0.00207055 
0.00132786 
0.000476814 
-0.000476814 
0.000514601 
-0.000514601 
-0.00155618 
-0.00261639 
-0.00366338 
-0.00473435 
-0.00580797 
-0.00689824 
-0.00798495 
-0.00906029 
-0.0100903 
-0.0110458 
-0.0118524 
-0.0124864 
-0.0128251 
-0.0130143 
-0.0130917 
-0.0131268 
-0.0131205 
-0.0130651 
-0.012917 
-0.01262 
-0.0121152 
-0.0113612 
-0.0103806 
-0.00927938 
-0.00821029 
-0.00721798 
-0.00625676 
-0.00533793 
-0.00446792 
-0.00363309 
-0.00281408 
-0.00198096 
-0.00111722 
-0.000216327 
0.000721876 
0.00167308 
0.00260764 
0.00346576 
0.00419319 
0.00466024 
0.00489956 
0.00492018 
0.00478452 
0.00453618 
0.00422397 
0.00389174 
0.00357699 
0.00330963 
0.00310815 
0.00297926 
0.00291851 
0.00291163 
0.00293849 
0.00297467 
0.00299586 
0.00297749 
0.00289907 
0.00274082 
0.00248959 
0.00213149 
0.00166332 
0.0010773 
0.00038993 
-0.00038993 
0.000260507 
-0.000260507 
-0.000789238 
-0.00132606 
-0.00182327 
-0.00233131 
-0.00282218 
-0.0033259 
-0.00383029 
-0.00435315 
-0.00488308 
-0.0054317 
-0.00593998 
-0.00637082 
-0.00657063 
-0.00676314 
-0.00696607 
-0.00724365 
-0.00758279 
-0.00797296 
-0.0083662 
-0.00869796 
-0.00889222 
-0.00887035 
-0.00860073 
-0.00814252 
-0.00766646 
-0.00726546 
-0.00690557 
-0.00659295 
-0.00632257 
-0.00606373 
-0.00578657 
-0.00545565 
-0.005049 
-0.00455061 
-0.00395254 
-0.00326691 
-0.00251413 
-0.00174933 
-0.00100257 
-0.000406096 
3.71531e-05 
0.000317962 
0.000483836 
0.00056691 
0.000595657 
0.000596839 
0.000592721 
0.000604872 
0.000648971 
0.000734103 
0.000861365 
0.00102348 
0.00120718 
0.00139383 
0.00156323 
0.00169397 
0.00176684 
0.00176442 
0.00167316 
0.00148251 
0.00118741 
0.000784982 
0.000289376 
-0.000289376 
-4.08546e-05 
4.08546e-05 
0.000101466 
0.000150376 
0.000274367 
0.000397904 
0.000562538 
0.00072093 
0.000881886 
0.00100508 
0.00108575 
0.00107507 
0.00101289 
0.000853172 
0.000686862 
0.000390429 
-2.25989e-05 
-0.000604397 
-0.00133186 
-0.00219422 
-0.00314717 
-0.00412966 
-0.0050636 
-0.00585052 
-0.00641274 
-0.00673857 
-0.00698392 
-0.00729004 
-0.00764211 
-0.00803521 
-0.00845509 
-0.00885712 
-0.00920607 
-0.00946127 
-0.00959369 
-0.00957911 
-0.00940383 
-0.00906965 
-0.00858904 
-0.00800354 
-0.00733993 
-0.00667966 
-0.00602331 
-0.00542083 
-0.0048727 
-0.00437481 
-0.00392093 
-0.00350217 
-0.003111 
-0.0027362 
-0.00236711 
-0.00199488 
-0.00161471 
-0.00122766 
-0.000839843 
-0.000462836 
-0.000111009 
0.000199206 
0.000451111 
0.000631502 
0.000726642 
0.000731264 
0.000637185 
0.000448661 
0.000175088 
-0.000175088 
-0.000388197 
0.000388197 
0.00110776 
0.00179411 
0.00258734 
0.00338886 
0.0042461 
0.0051048 
0.00596372 
0.00677465 
0.0075115 
0.00811882 
0.00856928 
0.00874524 
0.00856998 
0.00811698 
0.00743251 
0.00651128 
0.00537142 
0.00402924 
0.00252064 
0.0008945 
-0.000778763 
-0.00239753 
-0.00386119 
-0.00508163 
-0.00615833 
-0.00726812 
-0.00842409 
-0.0096032 
-0.0107861 
-0.0119173 
-0.0129588 
-0.0138661 
-0.0146062 
-0.0151488 
-0.0154731 
-0.0155687 
-0.0154357 
-0.0150925 
-0.0145523 
-0.0138545 
-0.0130042 
-0.012069 
-0.0111019 
-0.0101415 
-0.00921002 
-0.00831907 
-0.0074753 
-0.00667823 
-0.00592367 
-0.00520501 
-0.00451607 
-0.00385342 
-0.00321707 
-0.00261134 
-0.00204385 
-0.00152429 
-0.00106459 
-0.00067284 
-0.000362 
-0.000130496 
8.65351e-06 
7.27915e-05 
5.30337e-05 
-5.30337e-05 
-0.000774751 
0.000774751 
0.00221904 
0.00359228 
0.00508215 
0.00658414 
0.00813943 
0.00969495 
0.0112343 
0.0127041 
0.0140547 
0.0152135 
0.0160897 
0.0165617 
0.0165133 
0.0159795 
0.0150662 
0.0138175 
0.0122715 
0.0104563 
0.00840681 
0.00616447 
0.00378798 
0.00135963 
-0.00102024 
-0.00320551 
-0.00519954 
-0.00718477 
-0.00921335 
-0.0112362 
-0.0132332 
-0.0151399 
-0.0169172 
-0.0185175 
-0.019905 
-0.0210459 
-0.0219135 
-0.0224863 
-0.0227472 
-0.0226845 
-0.0222815 
-0.0215339 
-0.0204975 
-0.0192554 
-0.0178915 
-0.0164784 
-0.0150681 
-0.0136946 
-0.0123798 
-0.0111347 
-0.00996255 
-0.00886094 
-0.00782446 
-0.00684738 
-0.00592524 
-0.00505615 
-0.00424093 
-0.00348221 
-0.00278576 
-0.00215383 
-0.00159634 
-0.00110517 
-0.000697178 
-0.00033973 
-7.43728e-05 
7.43728e-05 
-0.00119795 
0.00119795 
0.0034322 
0.00553686 
0.00773117 
0.00992914 
0.0121574 
0.0143674 
0.0165274 
0.0185772 
0.0204467 
0.022043 
0.0232486 
0.0239449 
0.0240412 
0.0235316 
0.022498 
0.0210064 
0.0191165 
0.0168736 
0.0143187 
0.0114952 
0.00845364 
0.00526337 
0.00201036 
-0.00115822 
-0.00412983 
-0.00703505 
-0.00997823 
-0.0128776 
-0.0157147 
-0.0184169 
-0.0209435 
-0.0232441 
-0.0252802 
-0.0270145 
-0.0284137 
-0.0294451 
-0.0300737 
-0.030263 
-0.0299807 
-0.0292118 
-0.0280428 
-0.0265645 
-0.0248783 
-0.0230785 
-0.0212412 
-0.0194224 
-0.0176603 
-0.0159785 
-0.014389 
-0.0128951 
-0.0114943 
-0.0101805 
-0.0089468 
-0.00778659 
-0.0066948 
-0.00566735 
-0.00470365 
-0.00380015 
-0.00296228 
-0.00217767 
-0.00146444 
-0.00078363 
-0.000210054 
0.000210054 
-0.00165676 
0.00165676 
0.00474779 
0.00762672 
0.0105221 
0.0133889 
0.0162415 
0.0190368 
0.0217323 
0.024261 
0.0265397 
0.0284648 
0.0299171 
0.0307899 
0.0310117 
0.0305595 
0.0294848 
0.0278439 
0.0256985 
0.0231018 
0.0201008 
0.016742 
0.0130757 
0.00916855 
0.00510101 
0.000993782 
-0.00297998 
-0.00682495 
-0.0106949 
-0.0144777 
-0.0181537 
-0.0216437 
-0.0249031 
-0.0278777 
-0.0305249 
-0.0328028 
-0.0346719 
-0.0360913 
-0.0370176 
-0.0374088 
-0.037238 
-0.0364961 
-0.0352688 
-0.0336468 
-0.0317389 
-0.0296512 
-0.0274759 
-0.0252865 
-0.0231365 
-0.0210623 
-0.0190854 
-0.0172161 
-0.015456 
-0.0138008 
-0.0122425 
-0.0107716 
-0.00937849 
-0.00805383 
-0.00679128 
-0.00558275 
-0.00442919 
-0.00331742 
-0.00226555 
-0.00124272 
-0.000350515 
0.000350515 
-0.00214768 
0.00214768 
0.0061601 
0.00985614 
0.0134484 
0.016944 
0.0203572 
0.0236543 
0.0267888 
0.0296915 
0.0322754 
0.0344376 
0.036069 
0.0370756 
0.0373977 
0.0370083 
0.035933 
0.0342085 
0.0318834 
0.029007 
0.0256266 
0.0217907 
0.0175503 
0.0129722 
0.00813625 
0.00316162 
-0.00178683 
-0.00657042 
-0.0113478 
-0.0159948 
-0.0204817 
-0.0247258 
-0.028676 
-0.0322739 
-0.0354716 
-0.0382231 
-0.0404851 
-0.0422154 
-0.0433734 
-0.0439258 
-0.0438596 
-0.0431772 
-0.0419525 
-0.0402713 
-0.0382405 
-0.0359695 
-0.0335583 
-0.0310913 
-0.0286339 
-0.0262331 
-0.0239199 
-0.0217114 
-0.0196143 
-0.0176266 
-0.0157411 
-0.0139468 
-0.0122314 
-0.0105823 
-0.00898947 
-0.00744242 
-0.0059398 
-0.00447189 
-0.00305947 
-0.00169261 
-0.00048883 
0.00048883 
-0.00266145 
0.00266145 
0.00764635 
0.0121982 
0.0164903 
0.020578 
0.0244895 
0.0282074 
0.0316912 
0.0348767 
0.0376817 
0.0400119 
0.0417711 
0.0428768 
0.0432749 
0.0429341 
0.0418612 
0.0400754 
0.0376099 
0.0345037 
0.0307979 
0.0265386 
0.0217758 
0.01658 
0.0110284 
0.00525487 
-0.000601008 
-0.00629419 
-0.0119296 
-0.0173932 
-0.0226369 
-0.0275782 
-0.0321582 
-0.0363151 
-0.0399967 
-0.0431545 
-0.0457459 
-0.0477325 
-0.0490825 
-0.0497756 
-0.0498116 
-0.0492048 
-0.0480204 
-0.0463391 
-0.0442617 
-0.0418944 
-0.0393382 
-0.0366821 
-0.0339982 
-0.031341 
-0.0287486 
-0.0262443 
-0.0238391 
-0.0215343 
-0.0193241 
-0.0171979 
-0.015143 
-0.0131458 
-0.0111955 
-0.00928259 
-0.00740732 
-0.00556821 
-0.00379446 
-0.00210304 
-0.000615651 
0.000615651 
-0.0031744 
0.0031744 
0.00914004 
0.0145599 
