0 
-0.000548127 
0.000737901 
0.00448555 
0.0104323 
0.0181097 
0.0269562 
0.0364958 
0.0463341 
0.0561603 
0.0657308 
0.0748519 
0.0833657 
0.09114 
0.0980622 
0.104038 
0.108993 
0.112876 
0.115663 
0.11737 
0.118033 
0.117708 
0.116468 
0.114401 
0.111604 
0.108173 
0.104192 
0.0997228 
0.0947976 
0.0894265 
0.0836224 
0.0774434 
0.0710278 
0.0645885 
0.0583542 
0.0524987 
0.0471109 
0.0422106 
0.0377781 
0.0337773 
0.0301667 
0.0269045 
0.0239521 
0.0212745 
0.0188416 
0.0166278 
0.0146116 
0.0127751 
0.0111037 
0.00958527 
0.00821005 
0.0069699 
0.00585777 
0.0048673 
0.00399296 
0.00322949 
0.00257104 
0.00201093 
0.00154148 
0.00115413 
0.000839191 
0.000585786 
0.000381841 
0.000214216 
6.88423e-05 
0 
0.000548127 
-0.000548127 
0.000737901 
0.00448555 
0.0104323 
0.0181097 
0.0269562 
0.0364958 
0.0463341 
0.0561603 
0.0657308 
0.0748519 
0.0833657 
0.09114 
0.0980622 
0.104038 
0.108993 
0.112876 
0.115663 
0.11737 
0.118033 
0.117708 
0.116468 
0.114401 
0.111604 
0.108173 
0.104192 
0.0997228 
0.0947976 
0.0894265 
0.0836224 
0.0774434 
0.0710278 
0.0645885 
0.0583542 
0.0524987 
0.0471109 
0.0422106 
0.0377781 
0.0337773 
0.0301667 
0.0269045 
0.0239521 
0.0212745 
0.0188416 
0.0166278 
0.0146116 
0.0127751 
0.0111037 
0.00958527 
0.00821005 
0.0069699 
0.00585777 
0.0048673 
0.00399296 
0.00322949 
0.00257104 
0.00201093 
0.00154148 
0.00115413 
0.000839191 
0.000585786 
0.000381841 
0.000214216 
6.88423e-05 
-6.88423e-05 
0.000267613 
-0.000267613 
0.00255523 
0.00778929 
0.0148422 
0.0232036 
0.0323882 
0.0420069 
0.0517453 
0.0613559 
0.0706433 
0.0794486 
0.0876375 
0.0950921 
0.101707 
0.107389 
0.112059 
0.115658 
0.118156 
0.119547 
0.119859 
0.119154 
0.117504 
0.115004 
0.111763 
0.107894 
0.103502 
0.0986741 
0.0934688 
0.0879156 
0.0820338 
0.0758705 
0.0695404 
0.0632292 
0.0571431 
0.0514415 
0.0462048 
0.041446 
0.0371406 
0.033249 
0.0297288 
0.0265398 
0.0236455 
0.0210138 
0.018617 
0.0164316 
0.0144379 
0.0126192 
0.0109619 
0.00945461 
0.00808806 
0.00685444 
0.00574736 
0.00476145 
0.00389148 
0.00313222 
0.00247825 
0.00192389 
0.00146169 
0.00108307 
0.000778387 
0.00053668 
0.000345725 
0.000192103 
6.13914e-05 
-6.13914e-05 
-0.0011561 
0.0011561 
0.00610587 
0.0126381 
0.0203446 
0.0288802 
0.0379022 
0.0471325 
0.0563478 
0.0653726 
0.0740661 
0.0823085 
0.089991 
0.0970096 
0.103264 
0.108657 
0.113102 
0.116527 
0.118887 
0.120138 
0.12028 
0.119366 
0.117459 
0.114651 
0.111058 
0.106806 
0.102022 
0.0968211 
0.0912977 
0.0855163 
0.0795202 
0.0733618 
0.0671415 
0.0610163 
0.0551587 
0.0496984 
0.044695 
0.0401499 
0.0360329 
0.0323028 
0.0289183 
0.0258416 
0.0230394 
0.0204829 
0.0181474 
0.0160119 
0.0140587 
0.0122729 
0.0106423 
0.00915699 
0.00780877 
0.00659103 
0.00549822 
0.00452542 
0.00366809 
0.0029218 
0.00228185 
0.00174231 
0.00129669 
0.00093699 
0.000653893 
0.000436399 
0.000272081 
0.000147039 
4.62031e-05 
-4.62031e-05 
-0.00254013 
0.00254013 
0.00891857 
0.0162175 
0.0241491 
0.0325078 
0.0410544 
0.049612 
0.0580509 
0.0662728 
0.0741956 
0.0817397 
0.08882 
0.0953428 
0.101207 
0.106311 
0.110555 
0.113852 
0.116148 
0.11737 
0.117504 
0.116587 
0.114662 
0.111811 
0.108139 
0.10377 
0.098838 
0.0934758 
0.0878051 
0.0819246 
0.0759105 
0.0698375 
0.0638092 
0.0579634 
0.052436 
0.0473172 
0.0426373 
0.0383821 
0.0345166 
0.0310005 
0.0277958 
0.024869 
0.0221912 
0.0197375 
0.0174866 
0.0154205 
0.0135241 
0.0117845 
0.0101916 
0.0087369 
0.00741378 
0.00621687 
0.00514187 
0.00418513 
0.00334338 
0.00261304 
0.00199046 
0.00147092 
0.00104903 
0.000717079 
0.000466011 
0.00028478 
0.000160597 
7.8757e-05 
2.31708e-05 
-2.31708e-05 
-0.00312737 
0.00312737 
0.0102427 
0.0179294 
0.0258014 
0.033728 
0.0415669 
0.0492514 
0.0567516 
0.0640482 
0.0711146 
0.0779048 
0.0843497 
0.0903586 
0.0958248 
0.100634 
0.104672 
0.107841 
0.110074 
0.111292 
0.11148 
0.110661 
0.108869 
0.106169 
0.102652 
0.0984261 
0.093617 
0.0883582 
0.0827822 
0.0770092 
0.0711456 
0.0652974 
0.0595851 
0.0541356 
0.0490482 
0.0443688 
0.0400949 
0.0361969 
0.0326373 
0.0293797 
0.026392 
0.0236464 
0.0211193 
0.0187905 
0.0166427 
0.0146611 
0.0128336 
0.01115 
0.0096023 
0.00818412 
0.00689068 
0.00571838 
0.00466456 
0.00372714 
0.00290443 
0.00219433 
0.00159493 
0.00110225 
0.000711761 
0.000416959 
0.000209201 
7.71255e-05 
7.55265e-06 
-1.52111e-05 
-8.58939e-06 
8.58939e-06 
-0.00324461 
0.00324461 
0.0104968 
0.0181196 
0.0255751 
0.0327898 
0.0397139 
0.0463855 
0.0528638 
0.0591941 
0.0653904 
0.071428 
0.0772446 
0.0827469 
0.0878193 
0.0923335 
0.0961621 
0.0991906 
0.10135 
0.102553 
0.102788 
0.102085 
0.100473 
0.0980125 
0.0947802 
0.0908693 
0.0863882 
0.0814575 
0.0762034 
0.0707522 
0.0652318 
0.0597786 
0.0545334 
0.0496127 
0.0450774 
0.0409283 
0.0371324 
0.0336488 
0.0304412 
0.0274799 
0.0247404 
0.0222024 
0.0198481 
0.0176628 
0.0156333 
0.0137489 
0.0120005 
0.0103811 
0.00888496 
0.00750826 
0.00624827 
0.00510344 
0.00407304 
0.00315691 
0.00235537 
0.00166816 
0.00109493 
0.000633719 
0.000281735 
3.27269e-05 
-0.000120719 
-0.000190474 
-0.000190215 
-0.000136953 
-4.98167e-05 
4.98167e-05 
-0.00311699 
0.00311699 
0.0100251 
0.0171452 
0.0238322 
0.0300895 
0.03595 
0.0415362 
0.0469697 
0.0523365 
0.0576732 
0.0629641 
0.0681486 
0.0731309 
0.0777888 
0.0819822 
0.0855686 
0.0884196 
0.090463 
0.0916139 
0.0918786 
0.0912938 
0.0898941 
0.0877333 
0.0848777 
0.0814038 
0.0774006 
0.072969 
0.0682201 
0.0632771 
0.0582828 
0.0533989 
0.0487791 
0.0445208 
0.0406413 
0.0370992 
0.0338378 
0.0308115 
0.0279901 
0.0253532 
0.0228855 
0.0205747 
0.0184099 
0.0163818 
0.0144821 
0.0127041 
0.0110423 
0.00949257 
0.00805212 
0.00671947 
0.00549427 
0.00437728 
0.00336993 
0.00247458 
0.00169371 
0.00102937 
0.000484622 
5.85436e-05 
-0.000248603 
-0.000443187 
-0.000531835 
-0.000525641 
-0.000438957 
-0.000290488 
-0.000101904 
0.000101904 
-0.00281911 
0.00281911 
0.00900313 
0.0152655 
0.0209156 
0.0260562 
0.0307809 
0.0352648 
0.0396615 
0.0440746 
0.0485483 
0.0530703 
0.057583 
0.0619948 
0.0661856 
0.0700098 
0.0733126 
0.0759511 
0.0778511 
0.0789198 
0.0791924 
0.0787235 
0.0775569 
0.0757451 
0.0733406 
0.0703999 
0.0669892 
0.0631864 
0.0590849 
0.0548035 
0.050498 
0.0463474 
0.0425018 
0.0390237 
0.0358818 
0.0329994 
0.0303072 
0.0277633 
0.025348 
0.0230522 
0.0208707 
0.0187994 
0.0168345 
0.0149724 
0.0132096 
0.0115435 
0.00997223 
0.00849471 
0.00711105 
0.00582241 
0.00463091 
0.00353987 
0.00255343 
0.00167634 
0.000914721 
0.000273422 
-0.000240797 
-0.000627973 
-0.000887067 
-0.00102047 
-0.00103372 
-0.000937214 
-0.000745933 
-0.000480715 
-0.000166608 
0.000166608 
-0.00240051 
0.00240051 
0.0075798 
0.0127273 
0.0171759 
0.0211259 
0.0246995 
0.028091 
0.0314605 
0.0349113 
0.0384877 
0.0421799 
0.0459386 
0.0496854 
0.0533142 
0.0566857 
0.0596376 
0.0620149 
0.0637386 
0.0647148 
0.0650186 
0.0647149 
0.0638484 
0.0624611 
0.060588 
0.0582651 
0.0555368 
0.0524597 
0.0491137 
0.045619 
0.0421441 
0.038872 
0.035925 
0.033313 
0.0309564 
0.0287558 
0.0266429 
0.0245875 
0.0225836 
0.0206341 
0.018744 
0.0169174 
0.015157 
0.0134649 
0.0118422 
0.0102904 
0.00881092 
0.00740587 
0.00607813 
0.00483146 
0.00367055 
0.00260146 
0.0016308 
0.000767677 
2.07045e-05 
-0.000599261 
-0.00108752 
-0.00143868 
-0.0016479 
-0.0017146 
-0.00164187 
-0.00143935 
-0.00112262 
-0.000715225 
-0.000246632 
0.000246632 
-0.00189693 
0.00189693 
0.0058857 
0.00976087 
0.0129422 
0.0156928 
0.0181348 
0.0204535 
0.0227989 
0.0252629 
0.0278878 
0.0306689 
0.0335693 
0.0365301 
0.0394702 
0.042275 
0.0447911 
0.0468595 
0.0483836 
0.0492858 
0.0496866 
0.0496443 
0.049183 
0.0483174 
0.0470603 
0.0454294 
0.0434517 
0.0411707 
0.0386634 
0.0360602 
0.0335387 
0.031262 
0.0292973 
0.0275906 
0.026024 
0.0244936 
0.0229447 
0.021365 
0.0197633 
0.0181543 
0.016552 
0.0149678 
0.0134108 
0.0118877 
0.0104042 
0.00896516 
0.00757538 
0.00623982 
0.00496387 
0.00375393 
0.00261716 
0.00156269 
0.000600732 
-0.000254599 
-0.000991597 
-0.00160029 
-0.00206833 
-0.00238745 
-0.00254691 
-0.00254241 
-0.00237365 
-0.00204855 
-0.00158294 
-0.00100349 
-0.000345407 
0.000345407 
-0.0013413 
0.0013413 
0.0040432 
0.00657657 
0.00850133 
0.0100845 
0.0114356 
0.0127086 
0.0140355 
0.0154903 
0.0171158 
0.0189136 
0.0208616 
0.0229201 
0.0250339 
0.0271334 
0.0291062 
0.0308011 
0.0321171 
0.0330493 
0.033688 
0.0340384 
0.0340865 
0.0338214 
0.0332395 
0.0323465 
0.0311604 
0.0297231 
0.0281219 
0.0265018 
0.0250323 
0.0238246 
0.0228677 
0.0220478 
0.0212305 
0.0203261 
0.0193038 
0.0181709 
0.01695 
0.0156658 
0.01434 
0.0129901 
0.01163 
0.010271 
0.0089222 
0.00759175 
0.00628718 
0.00501592 
0.00378575 
0.00260521 
0.00148448 
0.00043553 
-0.000525137 
-0.00138384 
-0.00212632 
-0.00273672 
-0.00319653 
-0.00349182 
-0.00360571 
-0.00352835 
-0.00325447 
-0.00278899 
-0.00214721 
-0.00135938 
-0.000467976 
0.000467976 
-0.000761096 
0.000761096 
0.00215706 
0.00335219 
0.0040813 
0.00455627 
0.00487443 
0.00514423 
0.0054756 
0.00592405 
0.0065353 
0.00731918 
0.00826882 
0.00936054 
0.010558 
0.0118346 
0.0131735 
0.0144452 
0.0156037 
0.0167256 
0.0177201 
0.0185413 
0.0191447 
0.0195059 
0.0196139 
0.0194698 
0.0190925 
0.0185352 
0.0179026 
0.0173426 
0.0169833 
0.0168518 
0.0168556 
0.016845 
0.0166957 
0.0163479 
0.0157977 
0.0150702 
0.0141992 
0.0132167 
0.0121498 
0.0110206 
0.00984697 
0.00864326 
0.00742162 
0.00619267 
0.00496613 
0.00375137 
0.00255798 
0.00139705 
0.000280991 
-0.000771996 
-0.00174746 
-0.00262765 
-0.00339313 
-0.00402126 
-0.00448772 
-0.00477206 
-0.00484915 
-0.00470105 
-0.00431504 
-0.00369072 
-0.0028414 
-0.00180094 
-0.000621033 
0.000621033 
-0.000174509 
0.000174509 
0.000305812 
0.000226758 
-0.000148916 
-0.000699969 
-0.00133892 
-0.00200784 
-0.0026201 
-0.0031344 
-0.0035008 
-0.00369806 
-0.0037155 
-0.00356016 
-0.00324782 
-0.00278917 
-0.00209297 
-0.00117824 
-1.58307e-05 
0.00130783 
0.00261486 
0.00384837 
0.00495445 
0.00589778 
0.00666274 
0.00725004 
0.00768866 
0.00804808 
0.00843823 
0.00897766 
0.00971484 
0.0105799 
0.0114235 
0.0120959 
0.012506 
0.0126299 
0.0124873 
0.0121166 
0.0115584 
0.010849 
0.010019 
0.00909335 
0.00809231 
0.00703256 
0.00592829 
0.00479187 
0.00363444 
0.0024667 
0.00129993 
0.000146974 
-0.000975051 
-0.00204991 
-0.00306003 
-0.00398289 
-0.00479343 
-0.00546295 
-0.00595928 
-0.0062534 
-0.00630951 
-0.00609844 
-0.00559643 
-0.00479434 
-0.00370088 
-0.00235305 
-0.000813866 
0.000813866 
0.000414006 
-0.000414006 
-0.00146396 
-0.00269925 
-0.00406956 
-0.00554241 
-0.00704464 
-0.00856321 
-0.0100352 
-0.0114255 
-0.0126801 
-0.0137625 
-0.0146405 
-0.0152935 
-0.0157051 
-0.0158561 
-0.0156593 
-0.0150503 
-0.0140108 
-0.0126359 
-0.0111435 
-0.00959582 
-0.00806408 
-0.00659399 
-0.00520449 
-0.00389 
-0.0026103 
-0.00129274 
0.000145644 
0.00175023 
0.00346656 
0.00515606 
0.00666058 
0.00786261 
0.00871321 
0.00921921 
0.00941681 
0.00935111 
0.00906553 
0.00859799 
0.00798024 
0.00723845 
0.00639414 
0.00546521 
0.00446697 
0.00341257 
0.00231385 
0.00118221 
2.99489e-05 
-0.00112743 
-0.00227367 
-0.00339132 
-0.0044589 
-0.00544967 
-0.00633317 
-0.00707381 
-0.0076302 
-0.0079632 
-0.00802305 
-0.00776468 
-0.00714797 
-0.00614977 
-0.00477003 
-0.00304751 
-0.00105858 
0.00105858 
0.000991087 
-0.000991087 
-0.00310972 
-0.00535385 
-0.00759946 
-0.00987704 
-0.0121309 
-0.0143862 
-0.0166001 
-0.0187431 
-0.0207574 
-0.0225915 
-0.0241917 
-0.0255077 
-0.0264891 
-0.0270836 
-0.0272247 
-0.0268822 
-0.0260457 
-0.0247341 
-0.0231582 
-0.021386 
-0.0194991 
-0.0175476 
-0.0155516 
-0.0135028 
-0.0113658 
-0.00909651 
-0.00667637 
-0.00415946 
-0.00167643 
0.000615491 
0.00258302 
0.0041611 
0.00533844 
0.00614182 
0.00661461 
0.00680306 
0.00674988 
0.00649212 
0.00606101 
0.00548249 
0.00477817 
0.00396619 
0.00306196 
0.00207853 
0.00102748 
-7.9911e-05 
-0.00123032 
-0.00240814 
-0.00359799 
-0.00478029 
-0.00593103 
-0.00702 
-0.00801122 
-0.00886191 
-0.00951918 
-0.00993169 
-0.0100315 
-0.0097515 
-0.00902795 
-0.00781638 
-0.00610208 
-0.00392292 
-0.00137014 
0.00137014 
0.0015288 
-0.0015288 
-0.00459163 
-0.00770668 
-0.0107069 
-0.0136649 
-0.0165407 
-0.0193919 
-0.0221962 
-0.0249328 
-0.0275429 
-0.0299649 
-0.0321293 
-0.0339657 
-0.0354035 
-0.0363723 
-0.036806 
-0.0366767 
-0.0359847 
-0.0347339 
-0.0331024 
-0.0311447 
-0.028938 
-0.026531 
-0.0239469 
-0.0211893 
-0.0182546 
-0.015157 
-0.0119588 
-0.00878553 
-0.00579276 
-0.00312052 
-0.000855039 
0.000971937 
0.00237984 
0.00340655 
0.00409591 
0.00449135 
0.00463239 
0.0045535 
0.00428396 
0.00384841 
0.00326751 
0.0025587 
0.00173657 
0.000812863 
-0.000202415 
-0.00129787 
-0.00245965 
-0.00367479 
-0.0049278 
-0.00619853 
-0.00746152 
-0.00868376 
-0.00982391 
-0.0108317 
-0.011641 
-0.0121858 
-0.0123743 
-0.0121093 
-0.0112934 
-0.00985176 
-0.00774812 
-0.00501621 
-0.00176331 
0.00176331 
0.00201071 
-0.00201071 
-0.00589416 
-0.00975629 
-0.0133933 
-0.0169061 
-0.0202661 
-0.0235583 
-0.0267832 
-0.029933 
-0.0329533 
-0.0357779 
-0.0383286 
-0.0405232 
-0.0422794 
-0.0435172 
-0.0441703 
-0.0442082 
-0.04362 
-0.0424027 
-0.0407052 
-0.0385692 
-0.0360635 
-0.0332375 
-0.0301278 
-0.0267682 
-0.0232046 
-0.0195151 
-0.0158215 
-0.012275 
-0.00901834 
-0.0061541 
-0.00373003 
-0.00174759 
-0.000179376 
0.00101003 
0.00186581 
0.00242639 
0.002727 
0.00279847 
0.00266717 
0.00235557 
0.00188279 
0.00126436 
0.000512903 
-0.000363131 
-0.0013535 
-0.00244681 
-0.00363282 
-0.0049005 
-0.00623566 
-0.00761914 
-0.00902541 
-0.0104199 
-0.0117566 
-0.0129773 
-0.0140013 
-0.0147419 
-0.0150779 
-0.0148704 
-0.0139766 
-0.0122822 
-0.00972545 
-0.00633643 
-0.0022414 
0.0022414 
0.00243436 
-0.00243436 
-0.00702125 
-0.0115169 
-0.0156814 
-0.0196315 
-0.0233431 
-0.0269229 
-0.0303956 
-0.0337721 
-0.0370083 
-0.04004 
-0.0427869 
-0.0451634 
-0.0470828 
-0.048461 
-0.0492293 
-0.049352 
-0.0488082 
-0.0475931 
-0.0458199 
-0.0435232 
-0.0407671 
-0.0376102 
-0.0341128 
-0.0303465 
-0.0264045 
-0.0224087 
-0.0185033 
-0.0148305 
-0.0115026 
-0.0085856 
-0.00610078 
-0.00403742 
-0.00236923 
-0.00106132 
-7.85391e-05 
0.000611775 
0.00104192 
0.0012386 
0.00122483 
0.00102051 
0.000641941 
0.000102161 
-0.000591205 
-0.00142828 
-0.00240048 
-0.00350011 
-0.00472057 
-0.00605373 
-0.00748837 
-0.00900803 
-0.0105889 
-0.0121965 
-0.0137811 
-0.0152755 
-0.0165829 
-0.0175863 
-0.0181263 
-0.0180074 
-0.0170293 
-0.0150366 
-0.0119511 
-0.00781242 
-0.00277447 
0.00277447 
0.00280215 
-0.00280215 
-0.00798603 
-0.0130145 
-0.0176113 
-0.0218979 
-0.0258461 
-0.0295769 
-0.0331385 
-0.036566 
-0.0398326 
-0.0428827 
-0.0456398 
-0.0480207 
-0.0499407 
-0.0513185 
-0.0520868 
-0.0522064 
-0.0516492 
-0.0504092 
-0.0485667 
-0.0461554 
-0.0432407 
-0.0398951 
-0.0362034 
-0.0322678 
-0.0282102 
-0.0241671 
-0.0202761 
-0.0166544 
-0.0133832 
-0.0105038 
-0.00802481 
-0.00593456 
-0.00421044 
-0.00282479 
-0.00174955 
-0.000956547 
-0.000420641 
-0.000119315 
-3.30839e-05 
-0.000144943 
-0.000442327 
-0.000915136 
-0.0015565 
-0.00235871 
-0.00331692 
-0.00442785 
-0.00568898 
-0.0070965 
-0.00864389 
-0.0103194 
-0.0121033 
-0.0139627 
-0.0158454 
-0.0176728 
-0.0193262 
-0.0206445 
-0.021414 
-0.0213667 
-0.0202424 
-0.0178664 
-0.0141777 
-0.00925425 
-0.00328631 
0.00328631 
0.00311915 
-0.00311915 
-0.0088064 
-0.0142814 
-0.0192324 
-0.0237768 
-0.0278742 
-0.0316493 
-0.0351705 
-0.0385002 
-0.0416374 
-0.044543 
-0.0471501 
-0.0493825 
-0.0511623 
-0.0524153 
-0.0530803 
-0.0531191 
-0.0525042 
-0.0512273 
-0.0493434 
-0.0468891 
-0.0439334 
-0.0405601 
-0.0368701 
-0.0329798 
-0.0290173 
-0.0251121 
-0.0213812 
-0.0179158 
-0.0147745 
-0.0119857 
-0.00955532 
-0.00747523 
-0.00572899 
-0.00429635 
-0.00315555 
-0.002285 
-0.0016648 
-0.0012766 
-0.0011047 
-0.00113566 
-0.00136016 
-0.00177072 
-0.00236208 
-0.00313038 
-0.0040751 
-0.00519755 
-0.00650011 
-0.0079847 
-0.00965125 
-0.011495 
-0.0135022 
-0.0156433 
-0.0178627 
-0.0200651 
-0.0220962 
-0.0237366 
-0.0246863 
-0.0246068 
-0.023207 
-0.0203478 
-0.0160342 
-0.0104063 
-0.00368199 
0.00368199 
0.00339108 
-0.00339108 
-0.00950104 
-0.0153501 
-0.0205946 
-0.0253428 
-0.0295343 
-0.0332865 
-0.0366793 
-0.0398024 
-0.0426878 
-0.0453229 
-0.0476582 
-0.0496288 
-0.0511664 
-0.052207 
-0.0526983 
-0.0526065 
-0.0519092 
-0.0505975 
-0.0487106 
-0.0462885 
-0.0434012 
-0.0401368 
-0.0365991 
-0.032903 
-0.0291669 
-0.0255027 
-0.0220051 
-0.0187451 
-0.015768 
-0.0130975 
-0.010741 
-0.00869546 
-0.00695109 
-0.00549414 
-0.00430913 
-0.00338017 
-0.00269205 
-0.00223071 
-0.00198406 
-0.00194212 
-0.00209824 
-0.0024477 
-0.00298804 
-0.00371971 
-0.00464649 
-0.0057746 
-0.00711202 
-0.00866758 
-0.0104492 
-0.0124607 
-0.0146961 
-0.0171288 
-0.0196954 
-0.0222736 
-0.0246532 
-0.0265414 
-0.0275242 
-0.0272352 
-0.0254233 
-0.0220457 
-0.0171994 
-0.0110794 
-0.00390021 
0.00390021 
0.00362319 
-0.00362319 
-0.0100866 
-0.0162487 
-0.0217407 
-0.0266597 
-0.0309218 
-0.0346262 
-0.0378515 
-0.0407077 
-0.0432632 
-0.045542 
-0.0475227 
-0.0491581 
-0.0503919 
-0.0511704 
-0.0514508 
-0.0512053 
-0.0504179 
-0.0490822 
-0.0472278 
-0.0448959 
-0.0421536 
-0.0390846 
-0.0357856 
-0.0323595 
-0.0289079 
-0.0255231 
-0.0222815 
-0.0192402 
-0.0164376 
-0.0138962 
-0.0116265 
-0.00963024 
-0.00790348 
-0.00643817 
-0.00522435 
-0.00425095 
-0.00350705 
-0.00298234 
-0.00266787 
-0.00255697 
-0.00264552 
-0.00293176 
-0.0034165 
-0.00410426 
-0.00500288 
-0.00612352 
-0.00748013 
-0.00908901 
-0.0109668 
-0.0131267 
-0.0155695 
-0.0182685 
-0.0211438 
-0.024032 
-0.0266487 
-0.0286149 
-0.0294384 
-0.0287834 
-0.0265201 
-0.0227151 
-0.0175408 
-0.0112209 
-0.00393083 
0.00393083 
0.00381942 
-0.00381942 
-0.0105758 
-0.0169974 
-0.0226998 
-0.0277703 
-0.0321035 
-0.0357724 
-0.0388404 
-0.0414231 
-0.043619 
-0.0454951 
-0.0470703 
-0.0483255 
-0.0492212 
-0.0497144 
-0.04977 
-0.0493655 
-0.0484896 
-0.0471405 
-0.0453407 
-0.0431304 
-0.0405693 
-0.0377315 
-0.0347007 
-0.0315635 
-0.0284038 
-0.0252967 
-0.0223045 
-0.0194752 
-0.0168434 
-0.0144314 
-0.0122527 
-0.010313 
-0.00861296 
-0.00714938 
-0.00591682 
-0.00490821 
-0.0041162 
-0.00353365 
-0.00315445 
-0.00297501 
-0.0029936 
-0.00321137 
-0.00363212 
-0.00426378 
-0.00511774 
-0.00620969 
-0.0075592 
-0.00918962 
-0.0111257 
-0.0133883 
-0.015982 
-0.0188728 
-0.0219554 
-0.0250142 
-0.0276879 
-0.0295327 
-0.0300523 
-0.0289984 
-0.026381 
-0.0223385 
-0.0170893 
-0.0108701 
-0.00379149 
0.00379149 
0.0039817 
-0.0039817 
-0.0109766 
-0.0176071 
-0.0234851 
-0.0286916 
-0.0331063 
-0.0367758 
-0.0397372 
-0.0420928 
-0.0439536 
-0.0454238 
-0.0465705 
-0.0474171 
-0.0479519 
-0.0481461 
-0.0479709 
-0.0474064 
-0.0464432 
-0.0450844 
-0.0433455 
-0.0412628 
-0.0388866 
-0.0362788 
-0.033508 
-0.0306447 
-0.0277568 
-0.0249053 
-0.0221418 
-0.019508 
-0.0170353 
-0.0147464 
-0.0126565 
-0.0107746 
-0.00910492 
-0.0076479 
-0.0064018 
-0.00536265 
-0.00452605 
-0.00388755 
-0.00344365 
-0.00319338 
-0.00313703 
-0.0032782 
-0.00362285 
-0.00418148 
-0.00496809 
-0.00600191 
-0.00730673 
-0.00891127 
-0.0108458 
-0.013135 
-0.0157813 
-0.0187376 
-0.0218683 
-0.02491 
-0.0274503 
-0.0290334 
-0.0292227 
-0.0278721 
-0.0250801 
-0.0210178 
-0.0159369 
-0.0100908 
-0.00350445 
0.00350445 
0.00411038 
-0.00411038 
-0.0112936 
-0.0180823 
-0.0240975 
-0.0294178 
-0.0339181 
-0.0376265 
-0.0405522 
-0.0427687 
-0.0443748 
-0.0454899 
-0.0462222 
-0.0466475 
-0.0467988 
-0.0466746 
-0.0462566 
-0.0455262 
-0.0444726 
-0.0430981 
-0.0414129 
-0.0394459 
-0.0372376 
-0.0348372 
-0.032299 
-0.0296791 
-0.0270313 
-0.0244054 
-0.0218446 
-0.019385 
-0.0170557 
-0.0148789 
-0.0128712 
-0.0110435 
-0.00940304 
-0.00795284 
-0.00669409 
-0.00562519 
-0.00474421 
-0.00404899 
-0.0035381 
-0.00321263 
-0.00307416 
-0.003128 
-0.00338121 
-0.00384579 
-0.00453694 
-0.00547571 
-0.00668775 
-0.00820398 
-0.0100558 
-0.0122663 
-0.0148303 
-0.0176857 
-0.0206741 
-0.0235097 
-0.0257756 
-0.0270575 
-0.0269991 
-0.0255212 
-0.0227461 
-0.0188681 
-0.014173 
-0.00893984 
-0.00308853 
0.00308853 
0.00419403 
-0.00419403 
-0.0115262 
-0.0184248 
-0.0245339 
-0.0299332 
-0.0345028 
-0.0382667 
-0.0412163 
-0.0433948 
-0.0448694 
-0.045743 
-0.0461366 
-0.0461671 
-0.0459232 
-0.045452 
-0.0447634 
-0.043846 
-0.0426859 
-0.0412777 
-0.0396282 
-0.0377541 
-0.0356867 
-0.0334626 
-0.0311232 
-0.0287115 
-0.0262698 
-0.0238381 
-0.0214524 
-0.0191441 
-0.0169397 
-0.0148608 
-0.0129245 
-0.0111434 
-0.00952679 
-0.00807973 
-0.00680583 
-0.00570523 
-0.00477795 
-0.00402361 
-0.00344206 
-0.00303571 
-0.00280648 
-0.00276057 
-0.00290488 
-0.00325169 
-0.00381555 
-0.00461705 
-0.00568049 
-0.00703475 
-0.00870705 
-0.0107134 
-0.0130385 
-0.0156105 
-0.0182672 
-0.0207392 
-0.0226547 
-0.0236738 
-0.0235004 
-0.022064 
-0.0194758 
-0.0159732 
-0.0118671 
-0.00746266 
-0.0025596 
0.0025596 
0.00423689 
-0.00423689 
-0.011671 
-0.0186446 
-0.0248016 
-0.030234 
-0.0348309 
-0.0386271 
-0.0416161 
-0.0438263 
-0.045293 
-0.0460814 
-0.0462859 
-0.0460263 
-0.0454275 
-0.044594 
-0.0435911 
-0.0424413 
-0.0411387 
-0.0396695 
-0.0380307 
-0.0362226 
-0.0342656 
-0.0321848 
-0.0300098 
-0.0277719 
-0.0255034 
-0.0232355 
-0.0209977 
-0.018817 
-0.0167174 
-0.0147196 
-0.0128413 
-0.0110961 
-0.00949521 
-0.00804496 
-0.0067512 
-0.00561511 
-0.00463811 
-0.00382104 
-0.00316394 
-0.00266999 
-0.00234029 
-0.00218125 
-0.00219827 
-0.00240256 
-0.00280598 
-0.00342611 
-0.00428225 
-0.00539684 
-0.0067877 
-0.00846007 
-0.0103889 
-0.0125026 
-0.0146595 
-0.0166456 
-0.0181731 
-0.01899 
-0.0188255 
-0.0175627 
-0.0153096 
-0.0123831 
-0.00907401 
-0.00569689 
-0.00193255 
0.00193255 
0.00426141 
-0.00426141 
-0.0117464 
-0.0187658 
-0.0249329 
-0.0303497 
-0.034914 
-0.03868 
-0.0416618 
-0.0438994 
-0.0454202 
-0.0462576 
-0.0464603 
-0.046106 
-0.0453037 
-0.044181 
-0.0428586 
-0.0414233 
-0.039914 
-0.0383303 
-0.0366555 
-0.034878 
-0.0329964 
-0.0310251 
-0.0289812 
-0.0268848 
-0.0247584 
-0.022625 
-0.020508 
-0.0184303 
-0.0164135 
-0.0144774 
-0.0126404 
-0.0109168 
-0.00932035 
-0.00785806 
-0.00653816 
-0.00536205 
-0.00433165 
-0.00344835 
-0.00271104 
-0.00212327 
-0.00168404 
-0.00139934 
-0.00127166 
-0.00131013 
-0.00152188 
-0.00191931 
-0.0025134 
-0.00331654 
-0.0043332 
-0.00555606 
-0.00695191 
-0.00845976 
-0.00997603 
-0.0113707 
-0.0124644 
-0.013108 
-0.0130329 
-0.0120261 
-0.010258 
-0.00813881 
-0.0058486 
-0.00368057 
-0.00122326 
0.00122326 
0.00427528 
-0.00427528 
-0.011798 
-0.0188355 
-0.0249897 
-0.0303527 
-0.0348265 
-0.0384804 
-0.0413587 
-0.0435358 
-0.0450637 
-0.0459786 
-0.0463012 
-0.0460559 
-0.0452909 
-0.0440913 
-0.0425761 
-0.0408767 
-0.0391044 
-0.0373225 
-0.0355422 
-0.033745 
-0.0319017 
-0.0300042 
-0.0280579 
-0.0260713 
-0.0240568 
-0.0220297 
-0.020007 
-0.0180073 
-0.0160501 
-0.0141549 
-0.0123411 
-0.0106244 
-0.00902097 
-0.00753742 
-0.00618464 
-0.00496331 
-0.00387488 
-0.00292118 
-0.00209832 
-0.00141037 
-0.000852454 
-0.000430578 
-0.000142905 
4.28104e-06 
1.03495e-05 
-0.000130414 
-0.000418471 
-0.000853971 
-0.00142577 
-0.00211417 
-0.00287887 
-0.00367477 
-0.00444091 
-0.00514118 
-0.00571546 
-0.00615019 
-0.00617632 
-0.00545542 
-0.00437214 
-0.00331874 
-0.00227066 
-0.00146549 
-0.000453151 
0.000453151 
0.00428439 
-0.00428439 
-0.0118525 
-0.0189179 
-0.0250546 
-0.0303453 
-0.0346912 
-0.0381648 
-0.0408344 
-0.0428159 
-0.0442099 
-0.0450928 
-0.0455018 
-0.0454432 
-0.0449108 
-0.0439127 
-0.0424951 
-0.0407522 
-0.0388136 
-0.0368104 
-0.0348352 
-0.0329191 
-0.0310453 
-0.0291719 
-0.0272821 
-0.0253697 
-0.0234348 
-0.0214827 
-0.0195244 
-0.0175744 
-0.0156503 
-0.0137709 
-0.0119572 
-0.0102263 
-0.00859851 
-0.0070804 
-0.00568678 
-0.00441617 
-0.00326699 
-0.00224177 
-0.00133102 
-0.000540202 
0.000140506 
0.000704851 
0.0011618 
0.00150802 
0.00174972 
0.00188811 
0.00193363 
0.00189768 
0.00180608 
0.00168849 
0.00159232 
0.00154817 
0.00158879 
0.00167013 
0.00176781 
0.00172059 
0.00170329 
0.00203218 
0.00213587 
0.0018998 
0.00152978 
0.000869776 
0.000346941 
-0.000346941 
0.00429144 
-0.00429144 
-0.0119201 
-0.0190382 
-0.0251891 
-0.0304186 
-0.0346292 
-0.0378905 
-0.0402802 
-0.041947 
-0.0430421 
-0.0437006 
-0.0440132 
-0.044019 
-0.0437099 
-0.0430483 
-0.0419968 
-0.0405492 
-0.0387552 
-0.0367226 
-0.0345915 
-0.0324875 
-0.030477 
-0.028559 
-0.0266766 
-0.024797 
-0.0229056 
-0.0209982 
-0.0190757 
-0.0171467 
-0.015227 
-0.0133364 
-0.0115004 
-0.00973873 
-0.0080763 
-0.00651506 
-0.0050748 
-0.00375064 
-0.00253623 
-0.00143708 
-0.000434581 
0.000459506 
0.00126537 
0.00197792 
0.00261154 
0.00316629 
0.00365436 
0.00408363 
0.00447358 
0.00484554 
0.00523674 
0.00568438 
0.00623997 
0.00692378 
0.00774793 
0.00861895 
0.00944709 
0.00997307 
0.0101595 
0.00980755 
0.00878396 
0.00720317 
0.00536465 
0.00321473 
0.00114044 
-0.00114044 
0.00429499 
-0.00429499 
-0.0119958 
-0.0191909 
-0.0253915 
-0.030606 
-0.0347008 
-0.0377555 
-0.0398455 
-0.0411379 
-0.0418229 
-0.0420882 
-0.0420839 
-0.041909 
-0.041604 
-0.0411537 
-0.0404991 
-0.0395616 
-0.0382782 
-0.036637 
-0.034698 
-0.0325833 
-0.0304355 
-0.0283589 
-0.0263848 
-0.0244713 
-0.0225718 
-0.0206595 
-0.0187268 
-0.0167785 
-0.0148276 
-0.0128915 
-0.0109972 
-0.00916729 
-0.00743635 
-0.00580625 
-0.004309 
-0.00293278 
-0.00165509 
-0.000489321 
0.000594378 
0.00158542 
0.00251228 
0.00337199 
0.0041823 
0.00494715 
0.00568297 
0.00640337 
0.00713439 
0.00790488 
0.0087587 
0.00973647 
0.0108862 
0.0122169 
0.0137146 
0.015254 
0.0166746 
0.0176895 
0.0179998 
0.0170143 
0.0150081 
0.0122104 
0.00900555 
0.00543743 
0.00189018 
-0.00189018 
0.00428976 
-0.00428976 
-0.0120626 
-0.0193473 
-0.025624 
-0.0308628 
-0.0348872 
-0.0377602 
-0.0395666 
-0.0404816 
-0.0407232 
-0.0405179 
-0.0400589 
-0.0394926 
-0.038913 
-0.038363 
-0.0378334 
-0.0372626 
-0.0365484 
-0.0355768 
-0.0342643 
-0.0325967 
-0.0306435 
-0.0285364 
-0.0264149 
-0.0243633 
-0.0223869 
-0.0204294 
-0.0184546 
-0.0164473 
-0.0144169 
-0.0123865 
-0.0103993 
-0.00848909 
-0.00669827 
-0.00500611 
-0.00345557 
-0.00202907 
-0.000683234 
0.000541912 
0.00170722 
0.00279581 
0.00384393 
0.0048511 
0.00583776 
0.00681146 
0.00779121 
0.00879477 
0.00985159 
0.0109947 
0.0122688 
0.0137129 
0.0153634 
0.017214 
0.0192187 
0.0212247 
0.0230067 
0.02424 
0.0244752 
0.0230877 
0.0203545 
0.0165834 
0.0122277 
0.00741912 
0.00256085 
-0.00256085 
0.00426725 
-0.00426725 
-0.0120934 
-0.0194627 
-0.0258247 
-0.0311123 
-0.0351026 
-0.0378287 
-0.0393757 
-0.0399371 
-0.0397509 
-0.0390786 
-0.0381431 
-0.0371149 
-0.0361099 
-0.0352044 
-0.0344434 
-0.0338375 
-0.0333512 
-0.0328934 
-0.0323296 
-0.0315176 
-0.0303571 
-0.0288259 
-0.0269848 
-0.0249454 
-0.0228177 
-0.0206711 
-0.0185257 
-0.0163713 
-0.0142061 
-0.0120371 
-0.00989576 
-0.00781666 
-0.00586079 
-0.00401847 
-0.00238636 
-0.000929838 
0.000465256 
0.00173525 
0.00295562 
0.00412209 
0.00527232 
0.00641281 
0.00756379 
0.0087353 
0.00994613 
0.0112154 
0.012572 
0.0140487 
0.0156855 
0.0175139 
0.0195529 
0.0217769 
0.0241059 
0.0263604 
0.0282686 
0.0294672 
0.0294949 
0.0278174 
0.0246005 
0.0201364 
0.0148985 
0.00908446 
0.00312911 
-0.00312911 
0.00421633 
-0.00421633 
-0.012053 
-0.019478 
-0.0259121 
-0.0312548 
-0.0352315 
-0.0378424 
-0.0391506 
-0.0393854 
-0.0388005 
-0.0376956 
-0.0363244 
-0.034874 
-0.0334603 
-0.0321504 
-0.0309893 
-0.0300158 
-0.0292625 
-0.0287384 
-0.0284025 
-0.028148 
-0.0278157 
-0.0272392 
-0.0262974 
-0.0249458 
-0.0232126 
-0.0211704 
-0.0189006 
-0.0164756 
-0.0139637 
-0.0114552 
-0.00902806 
-0.00677298 
-0.00476875 
-0.00289458 
-0.00124427 
0.000217325 
0.00165399 
0.00296569 
0.00424351 
0.00548616 
0.00673648 
0.00800654 
0.00931684 
0.0106786 
0.0121085 
0.0136243 
0.0152511 
0.0170171 
0.018953 
0.0210783 
0.023392 
0.0258462 
0.0283318 
0.0306467 
0.0324967 
0.0335012 
0.0332454 
0.0313102 
0.0277739 
0.0228532 
0.0169879 
0.0104105 
0.00358726 
-0.00358726 
0.00412394 
-0.00412394 
-0.0118995 
-0.0193225 
-0.0257871 
-0.0311669 
-0.0351332 
-0.0376485 
-0.0387459 
-0.0386794 
-0.037729 
-0.036231 
-0.0344765 
-0.0326746 
-0.0309431 
-0.0293304 
-0.0278498 
-0.0265071 
-0.0253192 
-0.0243214 
-0.0235579 
-0.0230556 
-0.0227879 
-0.0226529 
-0.0224883 
-0.0221242 
-0.021436 
-0.0203681 
-0.0189196 
-0.0171138 
-0.0149865 
-0.0125764 
-0.0099356 
-0.00715524 
-0.00444334 
-0.00194457 
2.04045e-05 
0.00155403 
0.00305693 
0.00443555 
0.00573125 
0.00700659 
0.00831258 
0.00967631 
0.0111169 
0.012644 
0.0142691 
0.0160041 
0.0178662 
0.0198741 
0.0220452 
0.0243838 
0.0268678 
0.0294284 
0.0319339 
0.0341691 
0.0358382 
0.0365707 
0.0360147 
0.0338369 
0.0300647 
0.0248425 
0.0185492 
0.01142 
0.00394157 
-0.00394157 
0.00397616 
-0.00397616 
-0.0115879 
-0.0189187 
-0.0253407 
-0.030714 
-0.0346563 
-0.0370854 
-0.0379978 
-0.0376588 
-0.0363853 
-0.034543 
-0.032462 
-0.0303768 
-0.0284144 
-0.0266144 
-0.0249666 
-0.0234417 
-0.0220105 
-0.0206578 
-0.0193917 
-0.0182495 
-0.0172885 
-0.0165599 
-0.0160695 
-0.0157565 
-0.0154999 
-0.0151637 
-0.0146411 
-0.0138598 
-0.0127786 
-0.0113485 
-0.00947041 
-0.00709338 
-0.0043642 
-0.00133209 
0.00103623 
0.00280207 
0.00442936 
0.00585709 
0.00720119 
0.00852682 
0.00989905 
0.0113553 
0.0129188 
0.0145994 
0.0164036 
0.0183358 
0.0204027 
0.0226104 
0.0249607 
0.0274405 
0.0300085 
0.032578 
0.0350035 
0.0370667 
0.0384842 
0.0389152 
0.0380628 
0.0356541 
0.0316888 
0.0262574 
0.0196764 
0.0121622 
0.00420716 
-0.00420716 
0.00375947 
-0.00375947 
-0.0110733 
-0.0181872 
-0.0244578 
-0.029749 
-0.0336307 
-0.0359718 
-0.0367217 
-0.0361476 
-0.0346099 
-0.0324925 
-0.0301595 
-0.0278678 
-0.0257549 
-0.023857 
-0.0221522 
-0.0205951 
-0.0191359 
-0.0177304 
-0.0163443 
-0.0149604 
-0.0135848 
-0.0122585 
-0.0110511 
-0.0100441 
-0.00928591 
-0.008779 
-0.00846528 
-0.00823413 
-0.00796989 
-0.00765381 
-0.00705179 
-0.00616238 
-0.00490488 
-0.00328898 
-0.00103894 
0.00191122 
0.00458933 
0.00682992 
0.00856712 
0.0101003 
0.011597 
0.0131544 
0.0148223 
0.0166245 
0.0185704 
0.0206606 
0.0228912 
0.0252536 
0.0277315 
0.0302926 
0.0328774 
0.0353851 
0.0376629 
0.0394979 
0.0406266 
0.0407483 
0.0395987 
0.0369733 
0.0328379 
0.0272508 
0.0204752 
0.0126974 
0.00440317 
-0.00440317 
0.00346236 
-0.00346236 
-0.0103157 
-0.0170546 
-0.0230275 
-0.028122 
-0.0318745 
-0.0341108 
-0.0347213 
-0.0339606 
-0.0322387 
-0.0299419 
-0.027458 
-0.025058 
-0.0228857 
-0.0209746 
-0.0192942 
-0.0177901 
-0.0164046 
-0.0150877 
-0.0137992 
-0.0125121 
-0.0112098 
-0.00989138 
-0.0085677 
-0.00728165 
-0.00609441 
-0.00509983 
-0.00433942 
-0.00386802 
-0.00355425 
-0.00347687 
-0.0033372 
-0.00312333 
-0.00261066 
-0.00192549 
-0.000319536 
0.0020878 
0.0047538 
0.0071934 
0.00929216 
0.0112024 
0.0130183 
0.0148313 
0.0167049 
0.0186816 
0.0207853 
0.0230235 
0.0253905 
0.027869 
0.0304286 
0.0330206 
0.0355699 
0.037965 
0.040051 
0.0416254 
0.0424477 
0.0422571 
0.0408189 
0.0379738 
0.0336765 
0.0279613 
0.021048 
0.0130875 
0.0045497 
-0.0045497 
0.0030773 
-0.0030773 
-0.00928637 
-0.0154648 
-0.0209591 
-0.0257016 
-0.0292163 
-0.0313076 
-0.0318017 
-0.0309195 
-0.0291169 
-0.026766 
-0.0242607 
-0.0218753 
-0.0197525 
-0.017922 
-0.0163465 
-0.0149657 
-0.0137172 
-0.0125485 
-0.0114174 
-0.0102971 
-0.00917134 
-0.00804218 
-0.00691568 
-0.00581463 
-0.00474461 
-0.00373903 
-0.00280246 
-0.0020321 
-0.00141161 
-0.000976818 
-0.000704578 
-0.000549289 
-0.000228874 
0.000221009 
0.00100877 
0.00196371 
0.00318618 
0.00504912 
0.00756876 
0.0102479 
0.0129209 
0.0154884 
0.0179688 
0.0204109 
0.0228641 
0.0253619 
0.0279184 
0.030526 
0.0331548 
0.0357502 
0.0382298 
0.040478 
0.0423428 
0.0436355 
0.0441405 
0.0436319 
0.0419075 
0.0388273 
0.0343585 
0.0285195 
0.021493 
0.0133921 
0.00466593 
-0.00466593 
0.00260261 
-0.00260261 
-0.00797459 
-0.0133914 
-0.0182027 
-0.0224037 
-0.0255273 
-0.0273973 
-0.0277951 
-0.0268793 
-0.0251226 
-0.0228706 
-0.0204989 
-0.018272 
-0.0163224 
-0.0146751 
-0.0132876 
-0.0120977 
-0.0110418 
-0.010068 
-0.00913461 
-0.00821606 
-0.0072943 
-0.00636876 
-0.0054393 
-0.00452891 
-0.00364545 
-0.00282691 
-0.00205775 
-0.00136049 
-0.000732146 
-0.000132065 
0.00035615 
0.00070846 
0.00110221 
0.00152153 
0.00222794 
0.00309804 
0.00419945 
0.00589398 
0.00808073 
0.0106167 
0.0133539 
0.0161838 
0.0190501 
0.0219239 
0.0247958 
0.0276588 
0.0305035 
0.0333115 
0.0360485 
0.0386589 
0.0410612 
0.0431442 
0.0447662 
0.0457572 
0.045928 
0.0450853 
0.0430586 
0.0397243 
0.0350466 
0.029054 
0.0219014 
0.0136641 
0.00476824 
-0.00476824 
0.00204359 
-0.00204359 
-0.00639241 
-0.0108488 
-0.0147685 
-0.0182247 
-0.0207706 
-0.0222983 
-0.0226015 
-0.0217646 
-0.020197 
-0.0182151 
-0.0161475 
-0.0142353 
-0.0125906 
-0.0112326 
-0.0101165 
-0.00918217 
-0.0083684 
-0.00762702 
-0.00691931 
-0.00622246 
-0.00551959 
-0.00481104 
-0.00409459 
-0.00338813 
-0.00269151 
-0.00202884 
-0.00139127 
-0.000799888 
-0.000254712 
0.000280429 
0.000778752 
0.00123724 
0.00172194 
0.00227366 
0.00297968 
0.00386145 
0.00500036 
0.00646886 
0.00826178 
0.0103846 
0.012833 
0.0155853 
0.018596 
0.0217924 
0.0251105 
0.028486 
0.0318526 
0.0351384 
0.0382648 
0.0411454 
0.0436824 
0.0457628 
0.0472573 
0.0480206 
0.047898 
0.0467354 
0.0443992 
0.0407916 
0.0358831 
0.0296871 
0.0223518 
0.0139441 
0.00486749 
-0.00486749 
0.00141224 
-0.00141224 
-0.00457582 
-0.00789701 
-0.0107357 
-0.0132628 
-0.0150414 
-0.0160759 
-0.0162507 
-0.0156066 
-0.0143723 
-0.0128335 
-0.0112415 
-0.00979825 
-0.00858682 
-0.00761936 
-0.00685252 
-0.00623209 
-0.00570377 
-0.00522613 
-0.00476597 
-0.00430489 
-0.00382839 
-0.00333764 
-0.00282958 
-0.00231965 
-0.00180782 
-0.00131426 
-0.00083262 
-0.000369715 
7.71911e-05 
0.000526279 
0.000969788 
0.00140255 
0.00188325 
0.00242028 
0.00309793 
0.00393563 
0.0049755 
0.00632927 
0.00800691 
0.0100026 
0.0123029 
0.014895 
0.0177653 
0.0208963 
0.0242585 
0.0278099 
0.0314779 
0.0351592 
0.0387305 
0.0420495 
0.0449648 
0.0473203 
0.0489616 
0.04974 
0.0495178 
0.0481734 
0.0456124 
0.0417726 
0.0366504 
0.0302653 
0.0227624 
0.0142043 
0.00495345 
-0.00495345 
0.000724102 
-0.000724102 
-0.00257854 
-0.00463803 
-0.00624285 
-0.00769591 
-0.00853294 
-0.00894461 
-0.00895335 
-0.00858584 
-0.00780543 
-0.00685191 
-0.00588369 
-0.00504289 
-0.0043767 
-0.00388699 
-0.00353513 
-0.00327647 
-0.00306758 
-0.00287655 
-0.00267833 
-0.00246031 
-0.00221254 
-0.00193789 
-0.00163493 
-0.00131632 
-0.000982024 
-0.000646095 
-0.00030515 
3.47324e-05 
0.000376133 
0.000730644 
0.0011027 
0.00149729 
0.00194731 
0.00247276 
0.00312097 
0.00392306 
0.00492356 
0.00617348 
0.00769554 
0.00951164 
0.0116319 
0.0140608 
0.016792 
0.0198137 
0.0231044 
0.0266269 
0.0303246 
0.0341148 
0.0378797 
0.041462 
0.0446818 
0.0473435 
0.0492523 
0.050226 
0.0501085 
0.0487785 
0.0461592 
0.0422154 
0.0369718 
0.0304713 
0.0228772 
0.0142468 
0.00497737 
-0.00497737 
-3.74974e-06 
3.74974e-06 
-0.000465597 
-0.00120791 
-0.00147917 
-0.00175858 
-0.00157526 
-0.00137153 
-0.00119091 
-0.0010534 
-0.000767361 
-0.000471092 
-0.000223874 
-8.32025e-05 
-4.94689e-05 
-0.000106373 
-0.000220088 
-0.000358078 
-0.000491409 
-0.000600569 
-0.000671151 
-0.000697732 
-0.000676277 
-0.000612089 
-0.000506556 
-0.000371169 
-0.000207852 
-2.79668e-05 
0.000169717 
0.000381749 
0.000611474 
0.000864744 
0.00114934 
0.00146901 
0.00185245 
0.00231352 
0.00289368 
0.00362212 
0.00453338 
0.00568016 
0.00708758 
0.00877911 
0.0107687 
0.0130681 
0.0156836 
0.0186149 
0.0218489 
0.0253542 
0.0290743 
0.0329217 
0.0367717 
0.0404682 
0.0438087 
0.0465961 
0.0486307 
0.049722 
0.0497018 
0.0484393 
0.0458553 
0.0419212 
0.0366762 
0.0301812 
0.0226149 
0.0140527 
0.00489444 
-0.00489444 
-0.000748957 
0.000748957 
0.00168799 
0.002273 
0.00333096 
0.00426295 
0.00534841 
0.00608703 
0.00650383 
0.00655592 
0.00641242 
0.0060586 
0.00554757 
0.00493238 
0.00427808 
0.00363062 
0.00302162 
0.00246938 
0.00198509 
0.00157322 
0.00123566 
0.000969429 
0.000771594 
0.000633755 
0.000550885 
0.000511961 
0.000513035 
0.000544674 
0.000606271 
0.000694238 
0.0008112 
0.000960767 
0.00115116 
0.00138855 
0.00169354 
0.00208197 
0.00258502 
0.00322985 
0.00404836 
0.00507797 
0.00634583 
0.00788072 
0.00970523 
0.0118411 
0.0143048 
0.0171071 
0.0202463 
0.0237007 
0.0274182 
0.0313081 
0.0352366 
0.0390267 
0.0424774 
0.045348 
0.0474382 
0.0485613 
0.04856 
0.0473174 
0.044767 
0.0408894 
0.0357303 
0.0293587 
0.0219591 
0.0136195 
0.00472771 
-0.00472771 
-0.0014898 
0.0014898 
0.00382312 
0.00570919 
0.00799826 
0.010056 
0.0119055 
0.0131545 
0.0138519 
0.0138904 
0.013393 
0.0124248 
0.0111623 
0.00978457 
0.00843614 
0.00719694 
0.00609695 
0.00513832 
0.00431307 
0.00360954 
0.00301678 
0.00252288 
0.00211791 
0.00178982 
0.00152994 
0.00132661 
0.00117374 
0.00106235 
0.000990224 
0.000953583 
0.000954203 
0.000993552 
0.00107923 
0.00121653 
0.00142338 
0.00171329 
0.00211389 
0.00264878 
0.00334554 
0.00423816 
0.00535279 
0.00671955 
0.00836526 
0.010319 
0.0126079 
0.0152547 
0.0182705 
0.0216442 
0.0253306 
0.0292394 
0.033229 
0.0371095 
0.0406546 
0.0436198 
0.0457477 
0.0468618 
0.0468202 
0.0455371 
0.042983 
0.0391665 
0.0341474 
0.0279981 
0.0208982 
0.0129371 
0.00447704 
-0.00447704 
-0.00220981 
0.00220981 
0.00590569 
0.00904742 
0.0124292 
0.0154668 
0.0180008 
0.0197437 
0.0207131 
0.0207254 
0.0198742 
0.0183049 
0.0163223 
0.0142276 
0.0122373 
0.0104566 
0.00890952 
0.00758096 
0.00644489 
0.00547495 
0.00464861 
0.00394592 
0.00335071 
0.00284733 
0.00242386 
0.00206765 
0.00177074 
0.00152404 
0.00132387 
0.00116572 
0.00104998 
0.000977013 
0.000953006 
0.000982997 
0.00108166 
0.00126133 
0.00154518 
0.00195257 
0.00250776 
0.00323905 
0.00417267 
0.00534083 
0.00677519 
0.00851235 
0.0105889 
0.0130393 
0.0158868 
0.0191319 
0.0227378 
0.026617 
0.0306246 
0.0345609 
0.0381795 
0.0412255 
0.0433913 
0.044491 
0.0443937 
0.0430473 
0.0404756 
0.0367345 
0.0319109 
0.0260826 
0.0194174 
0.0119947 
0.00413907 
-0.00413907 
-0.00290251 
0.00290251 
0.00792245 
0.0122682 
0.0166097 
0.020473 
0.0236162 
0.0257928 
0.0269543 
0.0268492 
0.0255892 
0.0234205 
0.0207751 
0.0180559 
0.0155259 
0.0132964 
0.0113784 
0.00973985 
0.00833984 
0.00714054 
0.0061106 
0.00522381 
0.00445917 
0.00379809 
0.00322605 
0.00272933 
0.00229832 
0.00192354 
0.00159987 
0.00132208 
0.00108924 
0.000900586 
0.000760801 
0.000673715 
0.000652275 
0.000706493 
0.000855736 
0.00111559 
0.00150688 
0.00205516 
0.00278582 
0.00373196 
0.00492805 
0.00641644 
0.00824138 
0.010447 
0.013067 
0.016113 
0.0195572 
0.0233183 
0.0272549 
0.0311662 
0.0348051 
0.0378967 
0.0401226 
0.041221 
0.0410784 
0.0396799 
0.0371168 
0.0335039 
0.0289617 
0.0235746 
0.0174933 
0.0107789 
0.00370946 
-0.00370946 
-0.00356165 
0.00356165 
0.00985933 
0.0153543 
0.0205472 
0.025093 
0.0287332 
0.0312137 
0.0324085 
0.0320334 
0.0302834 
0.0275318 
0.0243228 
0.0211197 
0.0181933 
0.0156387 
0.0134479 
0.011575 
0.00996914 
0.00858566 
0.00738794 
0.00634595 
0.00543563 
0.00463653 
0.00393239 
0.00330872 
0.00275473 
0.00226049 
0.00181964 
0.00142625 
0.00107803 
0.000773204 
0.000514853 
0.00030579 
0.000157056 
7.61357e-05 
7.76058e-05 
0.000173946 
0.000382767 
0.000726643 
0.00123006 
0.00192583 
0.00285055 
0.00405036 
0.00557379 
0.00747117 
0.0097841 
0.012533 
0.0156984 
0.0192084 
0.0229334 
0.0266836 
0.0302343 
0.0333028 
0.0356068 
0.0367347 
0.03658 
0.0351778 
0.0327037 
0.029332 
0.0252107 
0.0204235 
0.0151001 
0.00927781 
0.00318493 
-0.00318493 
-0.00417204 
0.00417204 
0.0116769 
0.0182493 
0.0241979 
0.0292825 
0.0332522 
0.0358291 
0.0368328 
0.0360148 
0.0337205 
0.0304586 
0.0268439 
0.0233421 
0.0201896 
0.0174487 
0.0150927 
0.0130674 
0.0113187 
0.00979993 
0.00847307 
0.00730687 
0.00627612 
0.00535971 
0.0045406 
0.00380399 
0.00313832 
0.00253333 
0.00198169 
0.0014769 
0.00101536 
0.000594231 
0.000215292 
-0.000119357 
-0.000400971 
-0.0006259 
-0.000784043 
-0.00086503 
-0.000854607 
-0.000733157 
-0.000477941 
-5.80391e-05 
0.000564057 
0.00143287 
0.00259785 
0.00411214 
0.00602193 
0.00835182 
0.0110894 
0.0141755 
0.017499 
0.0208947 
0.024183 
0.0271018 
0.0294667 
0.0306363 
0.030523 
0.029224 
0.0270015 
0.0240668 
0.020573 
0.0165902 
0.0122242 
0.00748929 
0.00256605 
-0.00256605 
-0.00470912 
0.00470912 
0.0132977 
0.0208265 
0.0274067 
0.0328548 
0.0369272 
0.0393357 
0.0399106 
0.0385299 
0.0357292 
0.0321205 
0.0283186 
0.0247295 
0.0215264 
0.0187352 
0.0163175 
0.0142193 
0.0123894 
0.0107839 
0.00936639 
0.00810703 
0.00698123 
0.00596841 
0.00505167 
0.00421643 
0.00345088 
0.00274462 
0.00208967 
0.00147905 
0.000907937 
0.000372481 
-0.000126115 
-0.00058677 
-0.00100595 
-0.00138215 
-0.00170866 
-0.00197758 
-0.00217781 
-0.00229336 
-0.00230445 
-0.00218361 
-0.0018979 
-0.00140589 
-0.000659832 
0.00039169 
0.00179422 
0.00357078 
0.00571629 
0.0081851 
0.0108857 
0.0136901 
0.0164749 
0.0190338 
0.0213313 
0.022563 
0.0225619 
0.0215496 
0.0198431 
0.0176266 
0.0150251 
0.0120835 
0.00888722 
0.00543302 
0.00186129 
-0.00186129 
-0.00513592 
0.00513592 
0.0146018 
0.0228817 
0.0298977 
0.0354758 
0.0393796 
0.0413558 
0.0413334 
0.0394115 
0.0362804 
0.0325778 
0.0288389 
0.025367 
0.022268 
0.0195428 
0.0171529 
0.0150518 
0.013196 
0.0115479 
0.0100757 
0.00875245 
0.00755574 
0.00646658 
0.00546897 
0.00454905 
0.00369524 
0.00289722 
0.00214671 
0.00143629 
0.000760037 
0.000113503 
-0.000502349 
-0.00109008 
-0.00164992 
-0.00218135 
-0.00268107 
-0.00314436 
-0.00356382 
-0.003928 
-0.00422175 
-0.00442345 
-0.00450545 
-0.00443173 
-0.00415979 
-0.00364499 
-0.00284939 
-0.00174971 
-0.000350443 
0.00131184 
0.00316851 
0.00513992 
0.00713674 
0.00906602 
0.0108226 
0.0120824 
0.0124481 
0.012083 
0.011259 
0.010088 
0.00865815 
0.00699096 
0.00516203 
0.00315909 
0.00108965 
-0.00108965 
-0.00540706 
0.00540706 
0.015441 
0.0241632 
0.0313276 
0.0367493 
0.0402191 
0.041591 
0.0409641 
0.0387186 
0.0355493 
0.0320399 
0.028589 
0.0253941 
0.0225134 
0.019941 
0.0176478 
0.0155996 
0.0137638 
0.012111 
0.0106153 
0.00925421 
0.00800849 
0.00686146 
0.00579869 
0.00480749 
0.00387683 
0.00299675 
0.00215895 
0.00135553 
0.000579635 
-0.000172594 
-0.000902748 
-0.0016168 
-0.00231611 
-0.00300272 
-0.00367663 
-0.00433659 
-0.00497945 
-0.0055991 
-0.0061865 
-0.00672765 
-0.00720321 
-0.00758663 
-0.0078447 
-0.00794032 
-0.00783972 
-0.00752117 
-0.00698612 
-0.00626133 
-0.00538792 
-0.00441014 
-0.00339012 
-0.00235332 
-0.0014647 
-0.000433349 
0.000632509 
0.00127373 
0.00165687 
0.00178076 
0.00173072 
0.00150887 
0.00119262 
0.000762785 
0.000287619 
-0.000287619 
-0.0054748 
0.0054748 
0.0156651 
0.0244279 
0.0313882 
0.0363683 
0.0392363 
0.0400205 
0.0390199 
0.0367786 
0.0338905 
0.0308082 
0.0277938 
0.0249701 
0.0223756 
0.0200109 
0.0178613 
0.0159067 
0.0141258 
0.012498 
0.0110043 
0.00962724 
0.00835134 
0.00716272 
0.00604896 
0.00499879 
0.00400207 
0.00304936 
0.00213267 
0.00124338 
0.000374617 
-0.000477494 
-0.00131802 
-0.00215417 
-0.0029892 
-0.00382772 
-0.00467277 
-0.00552687 
-0.00639144 
-0.00726621 
-0.00814924 
-0.00903546 
-0.00991608 
-0.0107767 
-0.0115968 
-0.0123505 
-0.0130101 
-0.0135514 
-0.0139605 
-0.0142368 
-0.0143901 
-0.0144346 
-0.0143874 
-0.0142344 
-0.0139719 
-0.0131231 
-0.0116241 
-0.00996388 
-0.00833356 
-0.00683208 
-0.0054209 
-0.0041138 
-0.00284865 
-0.00164879 
-0.000507997 
0.000507997 
-0.00529707 
0.00529707 
0.0151596 
0.0235217 
0.0299415 
0.0342994 
0.0365909 
0.0370226 
0.0360139 
0.0340949 
0.031719 
0.0291854 
0.0266656 
0.0242464 
0.0219656 
0.0198357 
0.0178564 
0.0160208 
0.0143185 
0.0127373 
0.0112649 
0.00988918 
0.0085985 
0.00738207 
0.00622965 
0.00513165 
0.00407894 
0.00306286 
0.00207569 
0.00110818 
0.000154484 
-0.000791169 
-0.00173596 
-0.00268766 
-0.00365203 
-0.00463581 
-0.00564516 
-0.00668624 
-0.00776505 
-0.00888723 
-0.0100581 
-0.0112819 
-0.0125611 
-0.0138945 
-0.0152758 
-0.0166911 
-0.0181183 
-0.0195272 
-0.0208826 
-0.0221472 
-0.0232841 
-0.0242572 
-0.0250216 
-0.0254872 
-0.0255249 
-0.0247243 
-0.0230146 
-0.0206586 
-0.0179948 
-0.0152308 
-0.0124196 
-0.00960961 
-0.00678403 
-0.00398217 
-0.00127151 
0.00127151 
-0.00485639 
0.00485639 
0.0139121 
0.0214981 
0.0271771 
0.0309271 
0.0328595 
0.0332722 
0.032572 
0.0311708 
0.0293847 
0.0274133 
0.025377 
0.0233526 
0.0213834 
0.0194934 
0.0176943 
0.0159902 
0.0143798 
0.0128588 
0.011421 
0.010059 
0.0087654 
0.00753223 
0.00635152 
0.00521542 
0.00411586 
0.00304524 
0.00199568 
0.000958275 
-7.22548e-05 
-0.00110371 
-0.00214479 
-0.00320371 
-0.00428851 
-0.00540791 
-0.00657094 
-0.00778712 
-0.00906677 
-0.0104209 
-0.0118616 
-0.0134018 
-0.0150544 
-0.0168312 
-0.0187395 
-0.0207772 
-0.0229275 
-0.025152 
-0.0273893 
-0.0295574 
-0.0315629 
-0.0333097 
-0.034692 
-0.0355682 
-0.0357645 
-0.0349431 
-0.0330569 
-0.0302408 
-0.0267949 
-0.0229749 
-0.0189191 
-0.0147255 
-0.0104428 
-0.00614711 
-0.00197788 
0.00197788 
-0.00419871 
0.00419871 
0.0121074 
0.0187285 
0.0236677 
0.0269816 
0.0288176 
0.0294547 
0.0292058 
0.0283566 
0.0271251 
0.0256596 
0.0240582 
0.0223935 
0.0207146 
0.0190536 
0.0174314 
0.0158602 
0.0143464 
0.012892 
0.0114962 
0.0101562 
0.00886796 
0.00762648 
0.00642585 
0.00526001 
0.00412184 
0.00300502 
0.0019011 
0.00080266 
-0.000296374 
-0.00140499 
-0.00253284 
-0.00368886 
-0.00488296 
-0.00612566 
-0.00742844 
-0.00880378 
-0.0102656 
-0.0118296 
-0.0135132 
-0.0153364 
-0.0173209 
-0.019489 
-0.0218597 
-0.0244418 
-0.0272238 
-0.0301609 
-0.0331672 
-0.0361165 
-0.0388559 
-0.0412266 
-0.0430702 
-0.0442189 
-0.0444985 
-0.0436379 
-0.0415974 
-0.0384507 
-0.0344227 
-0.0297618 
-0.0246574 
-0.0192595 
-0.0136862 
-0.00806784 
-0.00260511 
0.00260511 
-0.00345421 
0.00345421 
0.0101279 
0.0158109 
0.0201434 
0.023203 
0.0250966 
0.0260296 
0.0262139 
0.0258445 
0.0250789 
0.0240356 
0.0228041 
0.0214513 
0.0200295 
0.0185759 
0.0171172 
0.0156718 
0.0142518 
0.0128644 
0.0115132 
0.0101993 
0.00892163 
0.00767775 
0.00646371 
0.00527504 
0.00410562 
0.00295023 
0.00180008 
0.000649443 
-0.000509344 
-0.00168556 
-0.00288946 
-0.00413097 
-0.00542137 
-0.00677276 
-0.00819859 
-0.00971373 
-0.0113349 
-0.0130811 
-0.0149739 
-0.017038 
-0.0193009 
-0.0217922 
-0.0245393 
-0.02756 
-0.0308486 
-0.034359 
-0.0379896 
-0.0415793 
-0.0449226 
-0.0478001 
-0.0500036 
-0.0513481 
-0.0516737 
-0.0507712 
-0.0486011 
-0.0452029 
-0.0407393 
-0.0354293 
-0.0294826 
-0.0230913 
-0.0164359 
-0.00970433 
-0.00314291 
0.00314291 
-0.0027767 
0.0027767 
0.00835909 
0.0132597 
0.0171317 
0.0200352 
0.0220117 
0.0231944 
0.0237189 
0.0237214 
0.0233202 
0.0226134 
0.021682 
0.020588 
0.0193837 
0.0181087 
0.0167935 
0.0154605 
0.0141259 
0.0128009 
0.0114928 
0.0102056 
0.00894082 
0.00769823 
0.00647559 
0.00526975 
0.00407561 
0.00288855 
0.00170042 
0.000506157 
-0.00070303 
-0.00193651 
-0.00320495 
-0.00451914 
-0.0058914 
-0.00733511 
-0.00886521 
-0.0104983 
-0.0122531 
-0.0141506 
-0.0162148 
-0.0184728 
-0.0209549 
-0.0236937 
-0.0267208 
-0.0300595 
-0.0337104 
-0.0376317 
-0.0417194 
-0.0457959 
-0.0496204 
-0.052922 
-0.055441 
-0.0569644 
-0.057338 
-0.0564054 
-0.0541318 
-0.0505409 
-0.0457533 
-0.0399586 
-0.033369 
-0.0262047 
-0.018692 
-0.011066 
-0.00359817 
0.00359817 
-0.00225471 
0.00225471 
0.00699718 
0.0113 
0.0148227 
0.0176038 
0.01963 
0.020983 
0.0217467 
0.0220182 
0.0218878 
0.0214377 
0.0207385 
0.0198493 
0.0188198 
0.0176907 
0.0164942 
0.0152555 
0.0139937 
0.0127229 
0.0114528 
0.0101901 
0.00893827 
0.00769878 
0.00647087 
0.00525236 
0.00403926 
0.00282702 
0.00160886 
0.000379444 
-0.000870478 
-0.00215036 
-0.00347114 
-0.00484427 
-0.00628287 
-0.00780126 
-0.00941544 
-0.0111432 
-0.0130042 
-0.0150207 
-0.0172174 
-0.0196218 
-0.022264 
-0.0251762 
-0.0283893 
-0.0319275 
-0.0357952 
-0.0399588 
-0.0443237 
-0.0487177 
-0.052892 
-0.0565467 
-0.0593757 
-0.0611201 
-0.0616008 
-0.0606864 
-0.0583537 
-0.0546305 
-0.049616 
-0.0434796 
-0.0364298 
-0.0287006 
-0.0205433 
-0.0122178 
-0.00399732 
0.00399732 
-0.0018971 
0.0018971 
0.00605324 
0.00992822 
