0 
-0.00157903 
-0.00232849 
-0.00143226 
0.000454195 
0.0027356 
0.00527158 
0.0078728 
0.0104874 
0.0130656 
0.0156007 
0.0180953 
0.0205635 
0.0230231 
0.0254925 
0.0279893 
0.030528 
0.03312 
0.0357726 
0.0384892 
0.0412685 
0.044105 
0.0469889 
0.0499061 
0.0528383 
0.0557636 
0.0586567 
0.0614897 
0.0642322 
0.0668526 
0.0693182 
0.0715963 
0.0736547 
0.0754624 
0.0769904 
0.0782118 
0.0791035 
0.0796431 
0.0798165 
0.079611 
0.0790173 
0.0780295 
0.0766455 
0.0748662 
0.0726961 
0.0701432 
0.0672199 
0.0639433 
0.0603365 
0.05643 
0.0522631 
0.0478847 
0.0433546 
0.0387433 
0.0341321 
0.0296115 
0.0252772 
0.0212165 
0.017483 
0.014081 
0.0109849 
0.00816999 
0.00560853 
0.00326219 
0.00106272 
0 
0.00157903 
-0.00157903 
-0.00232849 
-0.00143226 
0.000454195 
0.0027356 
0.00527158 
0.0078728 
0.0104874 
0.0130656 
0.0156007 
0.0180953 
0.0205635 
0.0230231 
0.0254925 
0.0279893 
0.030528 
0.03312 
0.0357726 
0.0384892 
0.0412685 
0.044105 
0.0469889 
0.0499061 
0.0528383 
0.0557636 
0.0586567 
0.0614897 
0.0642322 
0.0668526 
0.0693182 
0.0715963 
0.0736547 
0.0754624 
0.0769904 
0.0782118 
0.0791035 
0.0796431 
0.0798165 
0.079611 
0.0790173 
0.0780295 
0.0766455 
0.0748662 
0.0726961 
0.0701432 
0.0672199 
0.0639433 
0.0603365 
0.05643 
0.0522631 
0.0478847 
0.0433546 
0.0387433 
0.0341321 
0.0296115 
0.0252772 
0.0212165 
0.017483 
0.014081 
0.0109849 
0.00816999 
0.00560853 
0.00326219 
0.00106272 
-0.00106272 
0.000491214 
-0.000491214 
0.000459046 
0.00147115 
0.00317065 
0.00516382 
0.00738616 
0.00967219 
0.0119742 
0.0142494 
0.0164923 
0.0187075 
0.0209097 
0.0231172 
0.0253488 
0.027622 
0.0299517 
0.0323494 
0.0348225 
0.0373744 
0.040004 
0.0427056 
0.0454692 
0.0482802 
0.0511199 
0.0539657 
0.0567917 
0.0595688 
0.0622662 
0.064851 
0.0672901 
0.06955 
0.0715979 
0.0734027 
0.074935 
0.0761682 
0.0770794 
0.0776473 
0.0778536 
0.0776863 
0.0771359 
0.0761965 
0.0748659 
0.0731455 
0.0710395 
0.0685559 
0.0657066 
0.0625081 
0.0589826 
0.0551595 
0.0510769 
0.0467831 
0.0423378 
0.0378118 
0.0332872 
0.0288548 
0.0246083 
0.0206309 
0.0169725 
0.0136413 
0.0106191 
0.00788326 
0.00540183 
0.00313615 
0.00101936 
-0.00101936 
-0.000565518 
0.000565518 
0.00163402 
0.00294618 
0.00454714 
0.00635097 
0.00827433 
0.0102289 
0.0121799 
0.0141061 
0.016011 
0.0179066 
0.0198112 
0.0217452 
0.0237281 
0.0257771 
0.0279063 
0.0301259 
0.032442 
0.0348565 
0.0373669 
0.0399659 
0.0426421 
0.0453793 
0.0481575 
0.0509527 
0.0537373 
0.0564812 
0.0591521 
0.0617161 
0.064139 
0.0663863 
0.0684246 
0.0702221 
0.0717494 
0.0729797 
0.0738906 
0.0744635 
0.0746826 
0.0745372 
0.0740192 
0.073124 
0.071851 
0.0702022 
0.0681827 
0.0658003 
0.0630661 
0.0599949 
0.0566065 
0.052927 
0.0489913 
0.0448446 
0.0405438 
0.0361589 
0.0317717 
0.0274735 
0.0233575 
0.0195036 
0.0159588 
0.0127346 
0.00982449 
0.00721684 
0.00488755 
0.00280599 
0.000902706 
-0.000902706 
-0.000573482 
0.000573482 
0.00189884 
0.00340799 
0.00501939 
0.00667687 
0.00834563 
0.00999113 
0.0116091 
0.0132038 
0.0147921 
0.0163948 
0.0180346 
0.0197329 
0.0215083 
0.0233759 
0.0253471 
0.0274293 
0.0296258 
0.0319362 
0.0343558 
0.0368759 
0.0394833 
0.0421611 
0.0448878 
0.0476387 
0.0503852 
0.0530965 
0.0557393 
0.0582791 
0.0606808 
0.0629094 
0.0649309 
0.066713 
0.0682257 
0.0694421 
0.0703395 
0.0708995 
0.0711069 
0.070953 
0.0704318 
0.0695414 
0.0682839 
0.0666648 
0.064692 
0.0623759 
0.059729 
0.0567661 
0.0535055 
0.0499708 
0.0461927 
0.0422118 
0.0380814 
0.0338681 
0.0296528 
0.0255263 
0.021581 
0.0178927 
0.0145037 
0.0114292 
0.00867586 
0.00624608 
0.00412957 
0.00230959 
0.000722985 
-0.000722985 
-0.000570805 
0.000570805 
0.00202264 
0.00357653 
0.00508045 
0.00653976 
0.00793503 
0.00928011 
0.0105905 
0.0118909 
0.0132072 
0.014566 
0.0159905 
0.0175005 
0.019111 
0.0208333 
0.0226747 
0.0246394 
0.0267282 
0.0289387 
0.0312652 
0.0336984 
0.0362249 
0.0388275 
0.0414849 
0.0441721 
0.0468606 
0.0495191 
0.0521141 
0.0546108 
0.0569738 
0.0591676 
0.0611581 
0.0629123 
0.0643999 
0.0655937 
0.0664706 
0.0670119 
0.0672014 
0.0670317 
0.0664978 
0.0655998 
0.0643427 
0.0627348 
0.0607873 
0.0585138 
0.0559293 
0.0530506 
0.0498965 
0.0464894 
0.0428576 
0.0390382 
0.0350806 
0.0310487 
0.0270213 
0.0230884 
0.0193397 
0.0158437 
0.012636 
0.0097348 
0.00716161 
0.00493475 
0.00307199 
0.00158875 
0.000452993 
-0.000452993 
-0.000514706 
0.000514706 
0.0019329 
0.0034184 
0.00476906 
0.00601816 
0.00716426 
0.00825116 
0.0093081 
0.0103729 
0.0114759 
0.0126451 
0.0139011 
0.0152596 
0.0167314 
0.0183233 
0.0200398 
0.0218826 
0.0238516 
0.0259442 
0.0281551 
0.0304755 
0.0328932 
0.0353916 
0.0379504 
0.040545 
0.0431472 
0.0457261 
0.0482481 
0.0506785 
0.0529819 
0.0551228 
0.0570667 
0.0587804 
0.0602332 
0.0613973 
0.0622491 
0.062769 
0.0629393 
0.0627535 
0.0622072 
0.0613022 
0.0600454 
0.0584474 
0.0565219 
0.0542852 
0.0517547 
0.0489493 
0.0458891 
0.0425967 
0.0390993 
0.0354322 
0.0316427 
0.0277927 
0.02396 
0.0202331 
0.0166963 
0.0134065 
0.0103897 
0.00766827 
0.00527655 
0.00325759 
0.00168355 
0.000614819 
8.02302e-05 
-8.02302e-05 
-0.000471535 
0.000471535 
0.00178946 
0.00312059 
0.00426314 
0.00528895 
0.00620317 
0.00706931 
0.00791992 
0.0087985 
0.00973363 
0.0107507 
0.0118653 
0.0130886 
0.014427 
0.0158847 
0.0174642 
0.019167 
0.0209934 
0.0229417 
0.0250081 
0.0271854 
0.0294628 
0.0318254 
0.0342539 
0.0367248 
0.0392107 
0.0416811 
0.0441031 
0.0464423 
0.0486633 
0.0507311 
0.052611 
0.0542696 
0.055676 
0.0568016 
0.0576225 
0.0581184 
0.058271 
0.0580743 
0.057524 
0.0566229 
0.0553786 
0.0538031 
0.0519112 
0.0497206 
0.0472504 
0.0445209 
0.0415535 
0.0383717 
0.035003 
0.0314824 
0.0278568 
0.0241881 
0.0205541 
0.017041 
0.0137238 
0.0106419 
0.00781077 
0.00525535 
0.00302852 
0.0012213 
-1.59928e-05 
-0.000569927 
-0.000367474 
0.000367474 
-0.000396378 
0.000396378 
0.00154701 
0.00268025 
0.00360427 
0.00442093 
0.0051362 
0.00582312 
0.00651079 
0.00724278 
0.00804188 
0.00892899 
0.00991423 
0.0110049 
0.0122046 
0.0135164 
0.0149426 
0.0164853 
0.0181461 
0.0199248 
0.0218195 
0.0238251 
0.0259328 
0.0281295 
0.0303974 
0.0327146 
0.0350549 
0.0373886 
0.039684 
0.0419072 
0.0440238 
0.045999 
0.0477984 
0.0493887 
0.0507385 
0.0518187 
0.0526048 
0.0530752 
0.0532109 
0.0530063 
0.0524584 
0.0515708 
0.0503521 
0.0488145 
0.046973 
0.0448453 
0.0424504 
0.0398091 
0.0369431 
0.0338767 
0.0306382 
0.027264 
0.0238024 
0.0203171 
0.016887 
0.0135939 
0.0104979 
0.00761568 
0.00495251 
0.00254134 
0.000480666 
-0.00104936 
-0.00185524 
-0.00177765 
-0.000781648 
0.000781648 
-0.000322695 
0.000322695 
0.00127621 
0.00218299 
0.00288523 
0.00350593 
0.00404702 
0.0045837 
0.00513666 
0.00574557 
0.00642512 
0.00719123 
0.00804901 
0.00900326 
0.0100561 
0.0112103 
0.0124687 
0.0138344 
0.0153103 
0.0168982 
0.018598 
0.0204067 
0.0223179 
0.0243207 
0.0263995 
0.0285341 
0.0307001 
0.0328695 
0.0350117 
0.0370942 
0.0390836 
0.040946 
0.0426475 
0.0441547 
0.045436 
0.0464618 
0.0472074 
0.0476501 
0.047771 
0.0475651 
0.0470301 
0.0461702 
0.0449941 
0.0435135 
0.0417427 
0.0396982 
0.0373981 
0.0348619 
0.0321115 
0.0291711 
0.0260705 
0.0228484 
0.0195563 
0.0162618 
0.0130441 
0.00997772 
0.00709989 
0.00440252 
0.00188806 
-0.000367574 
-0.00217989 
-0.00331869 
-0.00354449 
-0.00274663 
-0.00106271 
0.00106271 
-0.000237589 
0.000237589 
0.000971689 
0.00164448 
0.00213831 
0.00258187 
0.00297223 
0.00338071 
0.00381788 
0.0043174 
0.00488547 
0.00553361 
0.00626293 
0.0070768 
0.00797651 
0.00896508 
0.0100457 
0.0112226 
0.0124995 
0.0138801 
0.015366 
0.0169567 
0.0186481 
0.0204321 
0.0222957 
0.024221 
0.026186 
0.0281647 
0.0301284 
0.0320464 
0.0338868 
0.0356168 
0.0372035 
0.0386135 
0.0398151 
0.0407785 
0.0414791 
0.0418919 
0.0419992 
0.0417972 
0.0412848 
0.0404669 
0.0393515 
0.0379488 
0.0362709 
0.034332 
0.0321478 
0.0297363 
0.027118 
0.0243178 
0.021367 
0.0183078 
0.0151966 
0.0121053 
0.00911318 
0.00627941 
0.00361195 
0.00108328 
-0.00126977 
-0.00329645 
-0.00473962 
-0.00531885 
-0.00484784 
-0.0033784 
-0.00122736 
0.00122736 
-0.00015425 
0.00015425 
0.000663875 
0.00110379 
0.00140455 
0.00168485 
0.00194018 
0.00223274 
0.00256392 
0.00295998 
0.00341955 
0.00395037 
0.00455044 
0.00522218 
0.00596618 
0.00678549 
0.0076834 
0.00866445 
0.00973347 
0.0108951 
0.0121531 
0.013509 
0.0149616 
0.0165054 
0.0181307 
0.0198226 
0.0215619 
0.0233254 
0.0250867 
0.0268173 
0.0284873 
0.0300654 
0.0315196 
0.032817 
0.0339259 
0.0348165 
0.0354648 
0.0358454 
0.0359426 
0.035754 
0.0352792 
0.0345222 
0.0334889 
0.0321866 
0.0306244 
0.0288131 
0.0267657 
0.0244979 
0.0220292 
0.0193848 
0.0165987 
0.0137175 
0.0108038 
0.00793459 
0.00518238 
0.00258487 
0.000118505 
-0.00223689 
-0.00437789 
-0.00606309 
-0.00697639 
-0.00687079 
-0.00571909 
-0.00375648 
-0.00133067 
0.00133067 
-6.91887e-05 
6.91887e-05 
0.000355759 
0.000573085 
0.000698317 
0.000827784 
0.000959825 
0.0011435 
0.00137391 
0.00166899 
0.00202174 
0.00243635 
0.00290847 
0.00343948 
0.00402914 
0.00468 
0.00539492 
0.00617844 
0.00703573 
0.00797238 
0.00899355 
0.0101031 
0.0113023 
0.012589 
0.0139569 
0.0153949 
0.0168871 
0.0184136 
0.0199512 
0.0214738 
0.0229536 
0.0243612 
0.0256663 
0.0268367 
0.0278403 
0.028648 
0.0292362 
0.0295811 
0.0296725 
0.0295094 
0.0290903 
0.0284157 
0.0274871 
0.0263075 
0.0248823 
0.0232187 
0.0213267 
0.0192201 
0.0169175 
0.014445 
0.0118406 
0.00915693 
0.00646223 
0.00383628 
0.00134246 
-0.0010169 
-0.0032909 
-0.00544775 
-0.0072865 
-0.00848798 
-0.0087471 
-0.00794857 
-0.00624982 
-0.00398008 
-0.00139583 
0.00139583 
1.40119e-05 
-1.40119e-05 
5.86679e-05 
6.78797e-05 
3.26315e-05 
2.07219e-05 
3.67336e-05 
0.000114442 
0.000246148 
0.000440916 
0.000688378 
0.000988969 
0.00133659 
0.0017312 
0.0021714 
0.00265856 
0.00319472 
0.0037838 
0.00443079 
0.00514171 
0.00592285 
0.00677991 
0.00771681 
0.00873475 
0.00983115 
0.0109991 
0.012227 
0.0134988 
0.0147945 
0.0160911 
0.0173633 
0.0185837 
0.0197242 
0.0207542 
0.0216415 
0.0223575 
0.022878 
0.0231887 
0.0232858 
0.0231658 
0.0228221 
0.0222496 
0.0214443 
0.0204052 
0.0191333 
0.0176327 
0.0159109 
0.01398 
0.0118586 
0.00957497 
0.00717191 
0.004707 
0.00225926 
-9.13166e-05 
-0.002312 
-0.00445031 
-0.00653188 
-0.00842864 
-0.00984701 
-0.0104474 
-0.0100205 
-0.00862671 
-0.00654935 
-0.00410392 
-0.00142929 
0.00142929 
0.000102891 
-0.000102891 
-0.000230173 
-0.000406053 
-0.000588023 
-0.000731857 
-0.000827137 
-0.000854655 
-0.000821568 
-0.000727361 
-0.00058331 
-0.000393289 
-0.000164472 
0.000100788 
0.000399417 
0.000731155 
0.0010968 
0.00149908 
0.00194231 
0.00243232 
0.00297608 
0.00358066 
0.00425241 
0.0049959 
0.00581268 
0.00670037 
0.00765199 
0.0086559 
0.00969619 
0.010753 
0.0118038 
0.0128236 
0.0137871 
0.014667 
0.0154332 
0.0160568 
0.0165107 
0.0167979 
0.0169152 
0.0168528 
0.0165972 
0.0161378 
0.0154662 
0.0145771 
0.0134681 
0.0121405 
0.0105995 
0.00885623 
0.00692997 
0.0048513 
0.0026727 
0.00046154 
-0.00169787 
-0.00375038 
-0.00571616 
-0.00765222 
-0.00950852 
-0.0110558 
-0.0119488 
-0.0119011 
-0.0108505 
-0.00900861 
-0.00669268 
-0.00415403 
-0.00143773 
0.00143773 
0.000196275 
-0.000196275 
-0.000505892 
-0.000843764 
-0.00116228 
-0.00143032 
-0.00163473 
-0.00176654 
-0.00183214 
-0.00183742 
-0.00179396 
-0.00170962 
-0.00159262 
-0.00144823 
-0.00128109 
-0.00109357 
-0.000886609 
-0.00065921 
-0.00040836 
-0.000129016 
0.000185792 
0.000544137 
0.00095457 
0.00142484 
0.00196058 
0.0025641 
0.00323342 
0.00396181 
0.00473804 
0.00554587 
0.00636603 
0.00717624 
0.00795516 
0.00867931 
0.00932558 
0.00986877 
0.0102757 
0.0105572 
0.0107028 
0.0107013 
0.0105346 
0.010189 
0.00965212 
0.00891517 
0.00797258 
0.00682261 
0.00546866 
0.00392309 
0.00220797 
0.000359973 
-0.00155885 
-0.00347173 
-0.0053156 
-0.00708251 
-0.0088201 
-0.0105465 
-0.0121176 
-0.0132282 
-0.0135415 
-0.0128801 
-0.0113288 
-0.00918408 
-0.0067277 
-0.00414544 
-0.00142753 
0.00142753 
0.000286184 
-0.000286184 
-0.000761592 
-0.00124613 
-0.00169282 
-0.00207897 
-0.00239013 
-0.00262426 
-0.00278725 
-0.00288947 
-0.00294284 
-0.00295833 
-0.00294549 
-0.00291216 
-0.00286475 
-0.00280811 
-0.0027454 
-0.00267778 
-0.00260402 
-0.00252033 
-0.00242037 
-0.00229545 
-0.00213535 
-0.00192956 
-0.00166862 
-0.00134565 
-0.000957566 
-0.000506029 
2.4265e-06 
0.000556278 
0.00114108 
0.00173802 
0.00232956 
0.00289532 
0.00342026 
0.00388958 
0.00427216 
0.00456649 
0.0047469 
0.00480651 
0.00472552 
0.00448964 
0.00408396 
0.00349703 
0.0027207 
0.00175136 
0.000592659 
-0.00074277 
-0.00222414 
-0.00380454 
-0.00542013 
-0.00700815 
-0.00853829 
-0.0100421 
-0.0115621 
-0.0130465 
-0.0142663 
-0.0148857 
-0.0146317 
-0.013454 
-0.0115433 
-0.00921134 
-0.00667703 
-0.00408673 
-0.00140173 
0.00140173 
0.000369774 
-0.000369774 
-0.000995279 
-0.00161358 
-0.00217976 
-0.00267776 
-0.00309242 
-0.00342637 
-0.00368476 
-0.00388078 
-0.00402654 
-0.00413534 
-0.00421801 
-0.00428485 
-0.0043443 
-0.00440387 
-0.00446916 
-0.0045439 
-0.00462909 
-0.0047227 
-0.00481932 
-0.00491032 
-0.00498443 
-0.00502876 
-0.00503034 
-0.00497777 
-0.00486284 
-0.00468188 
-0.00443636 
-0.00413248 
-0.00377962 
-0.00339197 
-0.00298373 
-0.00257135 
-0.00216749 
-0.00177924 
-0.00142938 
-0.00112199 
-0.00090455 
-0.000782212 
-0.000778243 
-0.00090683 
-0.00118429 
-0.00162329 
-0.0022327 
-0.00301519 
-0.00396431 
-0.00506238 
-0.00627487 
-0.0075506 
-0.00883408 
-0.0100883 
-0.0113197 
-0.0125782 
-0.0138708 
-0.0150684 
-0.0158874 
-0.0160115 
-0.0152624 
-0.0136977 
-0.0115559 
-0.00911396 
-0.00654767 
-0.00398116 
-0.00136085 
0.00136085 
0.000445682 
-0.000445682 
-0.0012057 
-0.00194526 
-0.00262154 
-0.00322441 
-0.00373808 
-0.00416826 
-0.00451905 
-0.00480523 
-0.00503871 
-0.00523438 
-0.00540416 
-0.00556038 
-0.0057135 
-0.00587354 
-0.00604876 
-0.00624569 
-0.00646802 
-0.00671612 
-0.00698634 
-0.00727092 
-0.00755823 
-0.0078337 
-0.00808121 
-0.00828494 
-0.00843132 
-0.0085107 
-0.00851832 
-0.00845476 
-0.00832482 
-0.0081376 
-0.00790338 
-0.00763419 
-0.00734212 
-0.00703329 
-0.00673153 
-0.00643302 
-0.00619094 
-0.00601428 
-0.0059298 
-0.00595324 
-0.00610201 
-0.00638907 
-0.00682256 
-0.0074028 
-0.00812001 
-0.00895201 
-0.00986166 
-0.0108032 
-0.0117399 
-0.0126661 
-0.0136169 
-0.0146344 
-0.0156737 
-0.0165429 
-0.0169447 
-0.0166197 
-0.0154862 
-0.0136672 
-0.0113964 
-0.00889536 
-0.00633474 
-0.00382633 
-0.00130327 
0.00130327 
0.000513256 
-0.000513256 
-0.00139169 
-0.00223915 
-0.00301464 
-0.0037139 
-0.00432038 
-0.00484197 
-0.00528125 
-0.00565358 
-0.00597021 
-0.00624685 
-0.00649608 
-0.00673178 
-0.00696611 
-0.00721136 
-0.00747828 
-0.00777625 
-0.00811191 
-0.00848849 
-0.00890484 
-0.00935494 
-0.00982785 
-0.0103083 
-0.0107778 
-0.0112168 
-0.0116066 
-0.0119315 
-0.0121803 
-0.0123475 
-0.0124322 
-0.0124383 
-0.0123718 
-0.0122413 
-0.0120568 
-0.0118249 
-0.0115719 
-0.0112919 
-0.0110365 
-0.0108156 
-0.0106578 
-0.0105799 
-0.0105998 
-0.0107297 
-0.0109758 
-0.0113356 
-0.0117962 
-0.0123335 
-0.0129133 
-0.0135042 
-0.0140944 
-0.0147069 
-0.0153882 
-0.0161537 
-0.0169068 
-0.0174226 
-0.0174275 
-0.016736 
-0.0153405 
-0.0133814 
-0.0110567 
-0.00853847 
-0.00602415 
-0.00361409 
-0.00122591 
0.00122591 
0.000571954 
-0.000571954 
-0.00155174 
-0.00249223 
-0.00335408 
-0.00413915 
-0.00483013 
-0.00543652 
-0.00595908 
-0.00641299 
-0.0068083 
-0.00716084 
-0.00748323 
-0.00779024 
-0.00809519 
-0.00841206 
-0.00875374 
-0.00913221 
-0.00955707 
-0.0100347 
-0.0105671 
-0.0111508 
-0.0117767 
-0.0124301 
-0.0130915 
-0.0137383 
-0.0143476 
-0.0148977 
-0.0153712 
-0.0157557 
-0.0160445 
-0.0162361 
-0.0163323 
-0.0163383 
-0.0162618 
-0.0161098 
-0.0159081 
-0.0156502 
-0.0153873 
-0.015128 
-0.014901 
-0.014723 
-0.0146109 
-0.0145752 
-0.0146199 
-0.0147401 
-0.0149216 
-0.0151423 
-0.0153779 
-0.0156166 
-0.0158717 
-0.0161843 
-0.0165953 
-0.0170857 
-0.0175234 
-0.0176829 
-0.0173402 
-0.0163808 
-0.0148369 
-0.0128233 
-0.0104963 
-0.00801137 
-0.00559453 
-0.00333237 
-0.00112464 
0.00112464 
0.000621233 
-0.000621233 
-0.00168405 
-0.00270088 
-0.003634 
-0.00449179 
-0.00525639 
-0.00593874 
-0.00653764 
-0.00706757 
-0.00753697 
-0.00796104 
-0.00835183 
-0.00872421 
-0.00909187 
-0.00946973 
-0.00987209 
-0.010313 
-0.0108046 
-0.0113565 
-0.011974 
-0.0126572 
-0.0133999 
-0.0141892 
-0.015006 
-0.0158267 
-0.0166248 
-0.0173738 
-0.0180501 
-0.0186347 
-0.0191143 
-0.0194818 
-0.0197346 
-0.0198744 
-0.0199063 
-0.0198365 
-0.0196892 
-0.0194565 
-0.0191891 
-0.0188943 
-0.018599 
-0.018319 
-0.0180694 
-0.0178587 
-0.0176887 
-0.0175537 
-0.0174411 
-0.0173357 
-0.0172278 
-0.0171254 
-0.0170608 
-0.0170802 
-0.0172081 
-0.0173958 
-0.0174983 
-0.0173173 
-0.0166906 
-0.0155597 
-0.0139627 
-0.0119602 
-0.00965757 
-0.00727756 
-0.00502178 
-0.00296793 
-0.000995305 
0.000995305 
0.000660571 
-0.000660571 
-0.00178689 
-0.0028616 
-0.00384864 
-0.00476345 
-0.00558796 
-0.00633479 
-0.00700084 
-0.00759971 
-0.00813789 
-0.00862942 
-0.00908516 
-0.00951922 
-0.00994479 
-0.0103767 
-0.0108297 
-0.0113189 
-0.0118585 
-0.0124606 
-0.0131342 
-0.0138831 
-0.0147048 
-0.0155898 
-0.0165212 
-0.0174758 
-0.0184255 
-0.0193405 
-0.0201914 
-0.0209531 
-0.0216056 
-0.0221355 
-0.0225354 
-0.0228033 
-0.0229409 
-0.0229533 
-0.0228615 
-0.0226563 
-0.0223861 
-0.0220568 
-0.0216928 
-0.0213083 
-0.0209161 
-0.0205231 
-0.0201302 
-0.019733 
-0.0193238 
-0.0188976 
-0.0184599 
-0.0180349 
-0.0176642 
-0.0173887 
-0.0172133 
-0.017072 
-0.0168295 
-0.0163327 
-0.0154821 
-0.0142601 
-0.0126893 
-0.0107569 
-0.00850318 
-0.00630397 
-0.00428737 
-0.00250991 
-0.000834719 
0.000834719 
0.000689596 
-0.000689596 
-0.00185909 
-0.00297189 
-0.00399371 
-0.00494751 
-0.00581559 
-0.00661265 
-0.00733409 
-0.00799269 
-0.00859296 
-0.00914744 
-0.00966524 
-0.010159 
-0.0106405 
-0.0111234 
-0.0116216 
-0.0121502 
-0.0127241 
-0.0133575 
-0.014062 
-0.0148455 
-0.0157098 
-0.0166497 
-0.0176521 
-0.0186962 
-0.0197545 
-0.0207955 
-0.0217863 
-0.0226957 
-0.0234974 
-0.0241715 
-0.0247047 
-0.0250907 
-0.0253275 
-0.0254184 
-0.0253795 
-0.0252023 
-0.0249295 
-0.024566 
-0.0241331 
-0.0236429 
-0.0231067 
-0.0225302 
-0.0219153 
-0.0212609 
-0.0205665 
-0.0198379 
-0.0190933 
-0.0183665 
-0.0176992 
-0.017121 
-0.0166211 
-0.0161303 
-0.0155395 
-0.0147473 
-0.0137114 
-0.0124431 
-0.010952 
-0.00914915 
-0.00699489 
-0.00507006 
-0.00338053 
-0.00195287 
-0.000641501 
0.000641501 
0.000708268 
-0.000708268 
-0.00190059 
-0.00303137 
-0.00406804 
-0.0050414 
-0.00593472 
-0.00676546 
-0.00752801 
-0.00823478 
-0.00888843 
-0.00949995 
-0.0100764 
-0.0106285 
-0.0111656 
-0.0116993 
-0.0122415 
-0.0128058 
-0.0134065 
-0.0140584 
-0.014775 
-0.0155674 
-0.0164419 
-0.0173982 
-0.0184283 
-0.0195155 
-0.0206354 
-0.021757 
-0.0228459 
-0.0238669 
-0.0247878 
-0.0255819 
-0.0262298 
-0.0267194 
-0.0270447 
-0.0272064 
-0.0272153 
-0.0270638 
-0.0267877 
-0.0263905 
-0.0258901 
-0.0252971 
-0.0246212 
-0.0238687 
-0.0230435 
-0.0221493 
-0.0211932 
-0.0201901 
-0.0191662 
-0.0181577 
-0.0172005 
-0.0163117 
-0.0154714 
-0.0146194 
-0.0136803 
-0.0126013 
-0.011385 
-0.0100613 
-0.00864266 
-0.00699354 
-0.00510282 
-0.00356923 
-0.00230348 
-0.00129912 
-0.000417148 
0.000417148 
0.000716984 
-0.000716984 
-0.00191301 
-0.00304275 
-0.00407516 
-0.0050489 
-0.00594871 
-0.0067954 
-0.00758309 
-0.00832435 
-0.00902041 
-0.00968091 
-0.0103108 
-0.0109186 
-0.0115109 
-0.0120964 
-0.0126841 
-0.0132845 
-0.01391 
-0.0145742 
-0.0152911 
-0.016074 
-0.016933 
-0.0178727 
-0.0188909 
-0.0199764 
-0.0211096 
-0.0222629 
-0.0234028 
-0.0244925 
-0.0254957 
-0.0263797 
-0.0271185 
-0.0276936 
-0.0280936 
-0.0283157 
-0.0283651 
-0.0282353 
-0.0279544 
-0.0275249 
-0.0269614 
-0.0262731 
-0.0254691 
-0.0245567 
-0.0235429 
-0.0224363 
-0.0212502 
-0.0200056 
-0.0187317 
-0.0174617 
-0.0162227 
-0.0150216 
-0.013837 
-0.0126246 
-0.0113439 
-0.00998082 
-0.00856812 
-0.00714015 
-0.00574758 
-0.00419637 
-0.00284501 
-0.00182334 
-0.00107949 
-0.000563588 
-0.000167575 
0.000167575 
0.000716809 
-0.000716809 
-0.00190017 
-0.00301277 
-0.00402479 
-0.0049822 
-0.00587152 
-0.00671733 
-0.00751409 
-0.00827516 
-0.00900082 
-0.00969978 
-0.0103752 
-0.0110332 
-0.011678 
-0.0123148 
-0.0129491 
-0.0135877 
-0.0142394 
-0.0149151 
-0.0156276 
-0.0163906 
-0.0172165 
-0.0181146 
-0.019088 
-0.020132 
-0.0212332 
-0.0223693 
-0.0235104 
-0.024621 
-0.0256634 
-0.0266008 
-0.0274011 
-0.028039 
-0.0284969 
-0.0287672 
-0.0288489 
-0.0287364 
-0.0284502 
-0.0279919 
-0.0273731 
-0.026602 
-0.0256877 
-0.0246389 
-0.0234654 
-0.0221801 
-0.0208003 
-0.0193495 
-0.0178557 
-0.0163464 
-0.01484 
-0.0133373 
-0.0118212 
-0.0102672 
-0.00866658 
-0.00703326 
-0.00542174 
-0.00386601 
-0.00244438 
-0.00105496 
-0.000386003 
6.24933e-05 
0.000232248 
0.000218773 
9.50474e-05 
-9.50474e-05 
0.000709238 
-0.000709238 
-0.00186792 
-0.00295226 
-0.00393315 
-0.00486274 
-0.0057292 
-0.00656082 
-0.00735289 
-0.00811997 
-0.0088619 
-0.00958686 
-0.0102966 
-0.0109956 
-0.0116855 
-0.0123689 
-0.0130474 
-0.0137241 
-0.0144034 
-0.0150924 
-0.0158007 
-0.0165402 
-0.0173241 
-0.0181644 
-0.0190693 
-0.0200403 
-0.0210709 
-0.0221452 
-0.0232392 
-0.0243214 
-0.0253557 
-0.0263043 
-0.0271308 
-0.0278043 
-0.0283003 
-0.028605 
-0.0287109 
-0.0286117 
-0.0283208 
-0.0278392 
-0.0271758 
-0.0263384 
-0.025336 
-0.0241788 
-0.0228789 
-0.0214514 
-0.0199157 
-0.0182948 
-0.0166133 
-0.014892 
-0.0131429 
-0.011365 
-0.00955033 
-0.00769466 
-0.00581769 
-0.00395897 
-0.00217922 
-0.000509707 
0.000925481 
0.0019077 
0.00205489 
0.00194235 
0.00155562 
0.00100474 
0.000356652 
-0.000356652 
0.000696647 
-0.000696647 
-0.00182443 
-0.00287607 
-0.00382253 
-0.00472037 
-0.00555885 
-0.0063693 
-0.00714793 
-0.00791053 
-0.0086569 
-0.00939499 
-0.0101256 
-0.0108522 
-0.0115746 
-0.0122933 
-0.0130073 
-0.0137162 
-0.0144205 
-0.0151226 
-0.0158277 
-0.0165445 
-0.0172841 
-0.0180593 
-0.0188815 
-0.0197579 
-0.0206886 
-0.0216651 
-0.02267 
-0.0236778 
-0.0246566 
-0.0255708 
-0.0263831 
-0.0270589 
-0.0275679 
-0.0278902 
-0.0280108 
-0.0279213 
-0.0276281 
-0.0271308 
-0.0264364 
-0.0255518 
-0.0244864 
-0.023251 
-0.021859 
-0.0203266 
-0.018673 
-0.0169191 
-0.015085 
-0.0131864 
-0.0112314 
-0.00922116 
-0.00715953 
-0.00506293 
-0.00297711 
-0.000942602 
0.000971288 
0.0026866 
0.00397851 
0.00455009 
0.00430296 
0.00370227 
0.00280819 
0.00175 
0.000603791 
-0.000603791 
0.00068008 
-0.00068008 
-0.00177862 
-0.00280117 
-0.00371874 
-0.00458999 
-0.00540442 
-0.00619505 
-0.00695867 
-0.00771198 
-0.00845474 
-0.00919484 
-0.00993254 
-0.0106706 
-0.0114082 
-0.0121447 
-0.0128777 
-0.0136048 
-0.0143234 
-0.0150322 
-0.0157319 
-0.0164262 
-0.0171225 
-0.0178315 
-0.0185655 
-0.0193353 
-0.0201473 
-0.0210001 
-0.0218835 
-0.0227787 
-0.02366 
-0.0244959 
-0.025252 
-0.0258931 
-0.026386 
-0.026705 
-0.0268278 
-0.0267424 
-0.026448 
-0.0259429 
-0.0252314 
-0.0243197 
-0.0232167 
-0.0219334 
-0.0204834 
-0.0188827 
-0.0171489 
-0.0153003 
-0.0133531 
-0.0113191 
-0.00920601 
-0.00701984 
-0.00477767 
-0.00251474 
-0.000278236 
0.00189366 
0.00387566 
0.00551915 
0.00656854 
0.00680707 
0.00623633 
0.00523505 
0.00391323 
0.00241221 
0.000823835 
-0.000823835 
0.000664524 
-0.000664524 
-0.00174162 
-0.00274579 
-0.00364815 
-0.00450661 
-0.00530978 
-0.00609049 
-0.0068455 
-0.00759152 
-0.00832817 
-0.00906304 
-0.0097961 
-0.0105299 
-0.0112634 
-0.0119961 
-0.0127255 
-0.0134488 
-0.0141623 
-0.0148624 
-0.0155464 
-0.0162135 
-0.0168661 
-0.0175103 
-0.0181563 
-0.0188159 
-0.0194996 
-0.0202129 
-0.0209531 
-0.0217086 
-0.0224596 
-0.0231804 
-0.0238409 
-0.024409 
-0.0248516 
-0.0251403 
-0.0252482 
-0.0251582 
-0.0248624 
-0.0243561 
-0.0236408 
-0.0227212 
-0.021605 
-0.0203028 
-0.0188275 
-0.0171937 
-0.0154174 
-0.0135138 
-0.0114963 
-0.00937514 
-0.0071595 
-0.00486138 
-0.00251244 
-0.000145372 
0.00219931 
0.00443743 
0.00639047 
0.00788317 
0.00867626 
0.00863703 
0.00780888 
0.00649278 
0.00482976 
0.00296593 
0.00100851 
-0.00100851 
0.000657288 
-0.000657288 
-0.00172351 
-0.0027264 
-0.00363335 
-0.00449917 
-0.00531046 
-0.00609774 
-0.00685709 
-0.0076041 
-0.00833796 
-0.0090656 
-0.00978671 
-0.0105037 
-0.011216 
-0.0119235 
-0.0126247 
-0.0133179 
-0.0140002 
-0.0146679 
-0.0153169 
-0.0159436 
-0.0165458 
-0.0171245 
-0.0176846 
-0.0182355 
-0.0187886 
-0.0193546 
-0.0199383 
-0.0205361 
-0.0211349 
-0.0217145 
-0.0222496 
-0.0227127 
-0.023074 
-0.023305 
-0.0233764 
-0.0232669 
-0.0229633 
-0.0224575 
-0.0217477 
-0.0208359 
-0.0197281 
-0.0184333 
-0.0169628 
-0.0153296 
-0.0135473 
-0.011629 
-0.00958621 
-0.00742907 
-0.00516907 
-0.00282643 
-0.000432753 
0.00199231 
0.00437773 
0.00659391 
0.00844717 
0.00975227 
0.0103087 
0.0100406 
0.00901137 
0.00745894 
0.00554001 
0.00339878 
0.00115355 
-0.00115355 
0.000660599 
-0.000660599 
-0.00173309 
-0.00275515 
-0.00368947 
-0.00458541 
-0.00542683 
-0.00624012 
-0.00702011 
-0.00778029 
-0.0085191 
-0.0092424 
-0.00994957 
-0.0106428 
-0.0113218 
-0.0119875 
-0.0126397 
-0.0132782 
-0.0139021 
-0.0145096 
-0.0150977 
-0.0156625 
-0.0161995 
-0.0167054 
-0.0171796 
-0.0176256 
-0.0180518 
-0.0184699 
-0.0188907 
-0.0193194 
-0.0197517 
-0.0201733 
-0.0205628 
-0.0208962 
-0.0211478 
-0.0212926 
-0.0213043 
-0.0211587 
-0.0208384 
-0.0203317 
-0.0196328 
-0.018741 
-0.0176594 
-0.0163947 
-0.014956 
-0.0133542 
-0.0116008 
-0.00970712 
-0.00768365 
-0.005541 
-0.0032939 
-0.000965311 
0.00142806 
0.00385068 
0.00619841 
0.0083238 
0.0100305 
0.0111377 
0.0114871 
0.0110356 
0.00985863 
0.00814074 
0.00604523 
0.00370975 
0.00125839 
-0.00125839 
0.000672543 
-0.000672543 
-0.0017794 
-0.00283859 
-0.00382312 
-0.00476989 
-0.00566183 
-0.00651928 
-0.00733579 
-0.00812195 
-0.00887532 
-0.00960036 
-0.010296 
-0.0109642 
-0.0116048 
-0.0122194 
-0.0128089 
-0.0133751 
-0.013919 
-0.0144415 
-0.0149422 
-0.0154192 
-0.015869 
-0.016287 
-0.0166685 
-0.0170111 
-0.0173168 
-0.0175927 
-0.0178507 
-0.018103 
-0.0183562 
-0.0186064 
-0.0188384 
-0.0190303 
-0.0191588 
-0.0192011 
-0.0191337 
-0.018933 
-0.0185814 
-0.0180659 
-0.0173775 
-0.0165119 
-0.0154688 
-0.0142519 
-0.0128677 
-0.0113245 
-0.00963178 
-0.00779899 
-0.0058363 
-0.00375443 
-0.0015712 
0.00070202 
0.00304549 
0.00539835 
0.00764435 
0.00962802 
0.0111605 
0.0120749 
0.0122486 
0.0116559 
0.0103798 
0.00855995 
0.00635897 
0.00390586 
0.00132517 
-0.00132517 
0.000692415 
-0.000692415 
-0.00185844 
-0.00297676 
-0.00403031 
-0.00504511 
-0.00600335 
-0.00691931 
-0.00778509 
-0.0086082 
-0.00938517 
-0.010119 
-0.0108081 
-0.0114538 
-0.0120563 
-0.0126174 
-0.0131389 
-0.0136237 
-0.014075 
-0.0144959 
-0.0148888 
-0.0152552 
-0.0155944 
-0.0159036 
-0.0161784 
-0.016413 
-0.0166032 
-0.0167486 
-0.0168552 
-0.0169348 
-0.017002 
-0.0170662 
-0.0171251 
-0.0171624 
-0.0171546 
-0.0170785 
-0.0169162 
-0.0166485 
-0.0162569 
-0.0157274 
-0.0150485 
-0.014213 
-0.0132173 
-0.012062 
-0.0107505 
-0.00928858 
-0.0076835 
-0.00594335 
-0.00407712 
-0.00209661 
-1.34557e-05 
0.00216721 
0.00440711 
0.00663401 
0.00872874 
0.0105361 
0.0118816 
0.0126158 
0.0126437 
0.0119481 
0.0106149 
0.00874784 
0.00650298 
0.00399952 
0.00135793 
-0.00135793 
0.000720804 
-0.000720804 
-0.00196267 
-0.00316428 
-0.00430134 
-0.00539624 
-0.00643159 
-0.00741604 
-0.0083402 
-0.00920851 
-0.0100164 
-0.0107653 
-0.0114531 
-0.0120806 
-0.0126479 
-0.0131569 
-0.0136103 
-0.0140119 
-0.0143659 
-0.0146776 
-0.0149516 
-0.0151921 
-0.0154021 
-0.0155824 
-0.0157312 
-0.0158443 
-0.0159154 
-0.0159384 
-0.0159103 
-0.0158344 
-0.0157222 
-0.0155908 
-0.0154558 
-0.0153203 
-0.0151704 
-0.0149794 
-0.0147226 
-0.0143778 
-0.0139329 
-0.01338 
-0.012706 
-0.0119005 
-0.0109567 
-0.00987193 
-0.00864652 
-0.00728352 
-0.00578787 
-0.00416578 
-0.00242542 
-0.000575192 
0.00138298 
0.00343024 
0.00552027 
0.00757811 
0.00948612 
0.0110966 
0.0122527 
0.0128227 
0.0127314 
0.0119658 
0.0106084 
0.00874112 
0.00650395 
0.00400655 
0.00136187 
-0.00136187 
0.000756911 
-0.000756911 
-0.00208817 
-0.00338895 
-0.00462183 
-0.005807 
-0.00692659 
-0.00798674 
-0.008976 
-0.00989598 
-0.0107409 
-0.0115103 
-0.0122016 
-0.0128147 
-0.0133498 
-0.013809 
-0.0141956 
-0.0145141 
-0.0147704 
-0.0149707 
-0.0151217 
-0.0152298 
-0.0153005 
-0.0153379 
-0.015344 
-0.0153183 
-0.0152573 
-0.0151551 
-0.0150046 
-0.0148002 
-0.0145415 
-0.014237 
-0.0139049 
-0.0135665 
-0.0132336 
-0.0128966 
-0.0125279 
-0.0121045 
-0.0116135 
-0.0110432 
-0.0103782 
-0.00960696 
-0.00872041 
-0.00771366 
-0.0065846 
-0.00533374 
-0.00396378 
-0.00247893 
-0.000884451 
0.00082014 
0.00262477 
0.00450286 
0.00640824 
0.00826601 
0.00996491 
0.0113692 
0.0123399 
0.0127626 
0.0125748 
0.0117677 
0.0104089 
0.00858122 
0.00639158 
0.0039444 
0.00134282 
-0.00134282 
0.000798856 
-0.000798856 
-0.00223191 
-0.00363821 
-0.00497958 
-0.00626324 
-0.00747382 
-0.00861618 
-0.00967678 
-0.0106546 
-0.0115422 
-0.0123373 
-0.0130364 
-0.0136384 
-0.0141434 
-0.0145538 
-0.0148736 
-0.0151085 
-0.0152657 
-0.0153533 
-0.0153795 
-0.0153525 
-0.0152798 
-0.0151677 
-0.0150208 
-0.0148418 
-0.0146313 
-0.014387 
-0.0141044 
-0.0137768 
-0.0133968 
-0.0129601 
-0.0124693 
-0.0119397 
-0.0113996 
-0.0108791 
-0.0103919 
-0.00989704 
-0.0093439 
-0.00874695 
-0.0080909 
-0.00735551 
-0.00652968 
-0.00560607 
-0.0045805 
-0.0034511 
-0.00221795 
-0.000881713 
0.000558904 
0.00209973 
0.0037247 
0.00540771 
0.00710402 
0.00874215 
0.0102203 
0.0114169 
0.0122107 
0.0125021 
0.0122379 
0.011411 
0.0100743 
0.00830791 
0.00619694 
0.00383098 
0.00130677 
-0.00130677 
0.000845723 
-0.000845723 
-0.00238961 
-0.00390807 
-0.00536416 
-0.00675594 
-0.00806631 
-0.00929706 
-0.0104364 
-0.0114788 
-0.0124158 
-0.0132425 
-0.0139539 
-0.014548 
-0.0150244 
-0.0153857 
-0.0156368 
-0.0157852 
-0.0158397 
-0.0158106 
-0.0157084 
-0.0155433 
-0.0153247 
-0.0150605 
-0.0147569 
-0.0144185 
-0.0140482 
-0.0136471 
-0.0132147 
-0.0127491 
-0.0122466 
-0.0117021 
-0.0111102 
-0.0104667 
-0.00977521 
-0.00905181 
-0.0083283 
-0.00765045 
-0.00704103 
-0.00645356 
-0.00582782 
-0.00514146 
-0.00438459 
-0.00355134 
-0.00263623 
-0.00163462 
-0.00054356 
0.000640658 
0.001916 
0.00327477 
0.00470187 
0.00617272 
0.00764529 
0.00905401 
0.0103083 
0.0113015 
0.0119286 
0.0121035 
0.0117787 
0.0109477 
0.00965004 
0.00795744 
0.00594495 
0.00368164 
0.00125888 
-0.00125888 
0.000896755 
-0.000896755 
-0.00255872 
-0.00419632 
-0.00577148 
-0.00728054 
-0.00869974 
-0.0100281 
-0.0112536 
-0.0123693 
-0.0133636 
-0.0142292 
-0.0149588 
-0.0155488 
-0.0159982 
-0.0163095 
-0.0164888 
-0.0165454 
-0.0164909 
-0.0163382 
-0.0161009 
-0.0157918 
-0.0154225 
-0.0150026 
-0.0145399 
-0.0140399 
-0.0135062 
-0.0129413 
-0.0123464 
-0.0117224 
-0.0110695 
-0.0103877 
-0.00967553 
-0.00892888 
-0.00814164 
-0.00730675 
-0.00643862 
-0.0055832 
-0.00486767 
-0.00422408 
-0.00361047 
-0.00296687 
-0.00228155 
-0.00154243 
-0.000741435 
0.000129501 
0.0010753 
0.00209798 
0.00319482 
0.00435916 
0.0055775 
0.00682707 
0.00806975 
0.00924724 
0.0102808 
0.0110786 
0.0115502 
0.0116209 
0.011248 
0.0104228 
0.00917541 
0.00756295 
0.00565644 
0.00351164 
0.00120392 
-0.00120392 
0.000950955 
-0.000950955 
-0.00273701 
-0.00449947 
-0.00620065 
-0.00783206 
-0.00937002 
-0.0108064 
-0.0121283 
-0.013327 
-0.0143886 
-0.0153022 
-0.0160578 
-0.0166491 
-0.0170739 
-0.0173346 
-0.0174385 
-0.0173971 
-0.0172252 
-0.0169396 
-0.0165577 
-0.0160957 
-0.0155682 
-0.014987 
-0.0143613 
-0.0136974 
-0.0129995 
-0.0122706 
-0.0115129 
-0.0107287 
-0.00992128 
-0.00909543 
-0.0082576 
-0.00741621 
-0.00658094 
-0.00575979 
-0.00494671 
-0.00412118 
-0.00322887 
-0.00234284 
-0.00157355 
-0.000888353 
-0.000235824 
0.000424098 
0.00111448 
0.00185144 
0.00264316 
0.00349429 
0.00440408 
0.00536724 
0.00637201 
0.00739792 
0.00841137 
0.00936189 
0.0101825 
0.0107949 
0.0111221 
0.0110991 
0.0106867 
0.00987344 
0.00868151 
0.0071526 
0.00535343 
0.00333043 
0.0011462 
-0.0011462 
0.00100715 
-0.00100715 
-0.00292111 
-0.00481298 
-0.00664536 
-0.00840623 
-0.0100708 
-0.0116269 
-0.0130568 
-0.01435 
-0.0154907 
-0.0164637 
-0.0172551 
-0.0178553 
-0.0182597 
-0.0184702 
-0.0184952 
-0.0183489 
-0.0180501 
-0.0176204 
-0.0170821 
-0.0164561 
-0.0157608 
-0.0150105 
-0.014216 
-0.013384 
-0.0125188 
-0.0116232 
-0.0106993 
-0.00975046 
-0.00878158 
-0.0078001 
-0.00681594 
-0.00584145 
-0.00489118 
-0.00397768 
-0.00310938 
-0.00227159 
-0.00142578 
-0.000551739 
0.000282982 
0.00102855 
0.00169263 
0.00230869 
0.00290785 
0.00351743 
0.00415517 
0.00483203 
0.00555168 
0.00631176 
0.00710307 
0.00790809 
0.00869804 
0.0094302 
0.0100484 
0.010487 
0.0106806 
0.0105723 
0.0101261 
0.00932765 
0.00819165 
0.00674747 
0.00505173 
0.00314536 
0.00108896 
-0.00108896 
0.00106365 
-0.00106365 
-0.00310635 
-0.00512953 
-0.00709645 
-0.00899235 
-0.010791 
-0.0124775 
-0.0140293 
-0.0154302 
-0.0166626 
-0.0177084 
-0.0185479 
-0.0191668 
-0.0195574 
-0.0197201 
-0.0196641 
-0.0194064 
-0.0189707 
-0.0183845 
-0.0176767 
-0.0168741 
-0.016 
-0.0150721 
-0.0141025 
-0.0130983 
-0.0120629 
-0.0109976 
-0.00990393 
-0.00878484 
-0.00764605 
-0.00649717 
-0.00535109 
-0.00422485 
-0.0031388 
-0.0021129 
-0.0011622 
-0.000292151 
0.000495054 
0.00123438 
0.00199722 
0.00273978 
0.0034166 
0.00402084 
0.00456599 
0.00507824 
0.00558202 
0.00609683 
0.00663391 
0.00719677 
0.00778082 
0.00837278 
0.00894922 
0.00947492 
0.00990362 
0.0101806 
0.0102508 
0.0100644 
0.00958812 
0.00880476 
0.00772237 
0.00636064 
0.00476331 
0.00296947 
0.0010305 
-0.0010305 
0.00111816 
-0.00111816 
-0.00328602 
-0.00543847 
-0.00753982 
-0.00957371 
-0.0115126 
-0.0133378 
-0.015024 
-0.0165478 
-0.0178864 
-0.0190187 
-0.0199204 
-0.0205704 
-0.0209564 
-0.0210764 
-0.0209397 
-0.0205663 
-0.0199851 
-0.0192307 
-0.0183397 
-0.0173472 
-0.0162827 
-0.0151684 
-0.0140182 
-0.012839 
-0.0116319 
-0.010396 
-0.00913032 
-0.0078369 
-0.00652156 
-0.00519595 
-0.00387609 
-0.00258527 
-0.00135272 
-0.000209062 
0.00082204 
0.00172941 
0.00252529 
0.00322969 
0.00387056 
0.00447948 
0.00505656 
0.00558745 
0.00606304 
0.00648879 
0.00687969 
0.00725426 
0.0076279 
0.00800985 
0.00840135 
0.0087947 
0.00917262 
0.0095073 
0.0097615 
0.00989029 
0.00984744 
0.00958952 
0.00908566 
0.00831639 
0.00728414 
0.00599958 
0.00449693 
0.00280583 
0.000974016 
-0.000974016 
0.00116759 
-0.00116759 
-0.00345089 
-0.00572469 
-0.00795486 
-0.0101248 
-0.0122058 
-0.0141759 
-0.0160051 
-0.0176655 
-0.0191249 
-0.0203571 
-0.0213351 
-0.02203 
-0.0224232 
-0.0225092 
-0.0222968 
-0.0218081 
-0.0210772 
-0.0201462 
-0.019061 
-0.0178664 
-0.0166007 
-0.0152924 
-0.013958 
-0.0126034 
-0.0112267 
-0.00982239 
-0.00838594 
-0.00691687 
-0.00542037 
-0.00390969 
-0.00240368 
-0.000933755 
0.00045724 
0.00172849 
0.00285709 
0.00382712 
0.00463722 
0.00529077 
0.00582377 
0.00628191 
0.00669461 
0.00707582 
0.00742392 
0.00773534 
0.00801136 
0.00826002 
0.00849214 
0.00871729 
0.00894005 
0.00915769 
0.00935897 
0.00952329 
0.00962171 
0.00961798 
0.0094739 
0.00915166 
0.00862292 
0.00786654 
0.00688041 
0.00566706 
0.00425319 
0.0026569 
0.000925766 
-0.000925766 
0.00120794 
-0.00120794 
-0.00358882 
-0.00596798 
-0.00831335 
-0.0106097 
-0.0128274 
-0.0149418 
-0.0169184 
-0.0187223 
-0.020315 
-0.0216582 
-0.0227234 
-0.0234761 
-0.0238893 
-0.0239539 
-0.0236767 
-0.0230813 
-0.0222054 
-0.0210981 
-0.0198149 
-0.0184117 
-0.0169382 
-0.0154315 
-0.0139127 
-0.0123869 
-0.0108477 
-0.00928325 
-0.00768329 
-0.00604384 
-0.00436908 
-0.00267373 
-0.000980302 
0.000666115 
0.00221066 
0.00361926 
0.00486101 
0.00591134 
0.00675773 
0.00740317 
0.00786601 
0.00818986 
0.00841865 
0.00859336 
0.0087414 
0.00887417 
0.00899372 
0.00910011 
0.00919476 
0.00928049 
0.00935911 
0.0094286 
0.00948117 
0.00950164 
0.009468 
0.00935151 
0.00912108 
0.0087441 
0.00819496 
0.00745157 
0.00650842 
0.00536108 
0.00402974 
0.00252236 
0.000882896 
-0.000882896 
0.00123432 
-0.00123432 
-0.00368477 
-0.00614286 
-0.00857901 
-0.0109811 
-0.0133189 
-0.0155659 
-0.0176829 
-0.0196285 
-0.0213558 
-0.0228187 
-0.0239736 
-0.0247925 
-0.0252376 
-0.0252959 
-0.0249724 
-0.0242901 
-0.0232887 
-0.0220213 
-0.0205512 
-0.0189454 
-0.0172666 
-0.0155643 
-0.0138672 
-0.0121813 
-0.0104946 
-0.00878672 
-0.00703959 
-0.00524479 
-0.00340585 
-0.00153827 
0.000326939 
0.00213184 
0.00382844 
0.00537924 
0.00674355 
0.00788932 
0.00879473 
0.00945144 
0.00986402 
0.0100794 
0.010146 
0.0101148 
0.0100355 
0.00994346 
0.00985811 
0.00978576 
0.00972509 
0.00967201 
0.00962149 
0.00956716 
0.00950003 
0.00940671 
0.00926931 
0.00906454 
0.00876705 
0.00834885 
0.00778715 
0.00705967 
0.00615856 
0.00507381 
0.00381997 
0.00239633 
0.000842256 
-0.000842256 
0.00124107 
-0.00124107 
-0.00372105 
-0.00621893 
-0.00870781 
-0.0111802 
-0.0136061 
-0.0159583 
-0.018193 
-0.0202629 
-0.0221116 
-0.0236857 
-0.0249271 
-0.0258094 
-0.0262934 
-0.0263609 
-0.0260164 
-0.025281 
-0.024193 
-0.0228051 
-0.0211835 
-0.0194029 
-0.0175393 
-0.0156575 
-0.0137991 
-0.0119742 
-0.0101657 
-0.00834273 
-0.00647764 
-0.00455735 
-0.00258573 
-0.00058014 
0.00141657 
0.00334672 
0.00516899 
0.00683875 
0.00831395 
0.00955766 
0.0105403 
0.011244 
0.0116601 
0.0118163 
0.0117649 
0.0115591 
0.0112642 
0.0109362 
0.0106177 
0.010333 
0.0100893 
0.00988293 
0.00970398 
0.00953976 
0.00937628 
0.00919762 
0.00898608 
0.00872065 
0.00837954 
0.00793814 
0.00737613 
0.0066716 
0.00581529 
0.00479305 
0.00361475 
0.00227282 
0.000801798 
-0.000801798 
0.00122208 
-0.00122208 
-0.00367828 
-0.00616235 
-0.00864987 
-0.0111394 
-0.0136017 
-0.01601 
-0.0183173 
-0.020471 
-0.0224069 
-0.0240623 
-0.025379 
-0.0263065 
-0.0268278 
-0.0269166 
-0.0265811 
-0.0258395 
-0.0247254 
-0.0232851 
-0.0215797 
-0.0196847 
-0.017685 
-0.0156619 
-0.0136755 
-0.0117465 
-0.009856 
-0.00796126 
-0.00602365 
-0.0040265 
-0.00197489 
0.000107259 
0.002173 
0.00417093 
0.00606392 
0.00780916 
0.00936667 
0.0106972 
0.0117662 
0.0125428 
0.0130066 
0.0131569 
0.013049 
0.0127296 
0.0122713 
0.0117434 
0.0112078 
0.0107091 
0.0102716 
0.009901 
0.00958952 
0.00932137 
0.00907732 
0.0088365 
0.00857808 
0.00827993 
0.00792095 
0.00747801 
0.00693234 
0.00626241 
0.00545813 
0.00450268 
0.00340213 
0.00214416 
0.000758757 
-0.000758757 
0.0011712 
-0.0011712 
-0.0035368 
-0.00593845 
-0.00835344 
-0.0107873 
-0.0132122 
-0.0156036 
-0.0179129 
-0.0200848 
-0.0220507 
-0.0237393 
-0.025097 
-0.0260372 
-0.0265805 
-0.0266963 
-0.0263995 
-0.0257073 
-0.0246458 
-0.0232487 
-0.0215627 
-0.0196529 
-0.0176037 
-0.0155089 
-0.0134515 
-0.0114719 
-0.00955599 
-0.00765042 
-0.00570475 
-0.00370088 
-0.00164676 
0.000425261 
0.00247163 
0.0044532 
0.00633834 
0.00809289 
0.00968148 
0.0110661 
0.01221 
0.0130705 
0.013622 
0.0138258 
0.0137345 
0.013381 
0.0128385 
0.0121828 
0.0114881 
0.010816 
0.0102085 
0.00968583 
0.00924929 
0.00888594 
0.00857485 
0.00829111 
0.00800955 
0.00770478 
0.00735384 
0.00693305 
0.00642369 
0.00580425 
0.00506395 
0.00418444 
0.00316885 
0.00200217 
0.000710437 
-0.000710437 
0.00108289 
-0.00108289 
-0.00327871 
-0.00551524 
-0.00777031 
-0.0100569 
-0.0123492 
-0.0146267 
-0.0168425 
-0.0189418 
-0.0208553 
-0.0225067 
-0.023836 
-0.0247624 
-0.0252985 
-0.025441 
-0.0252084 
-0.0246226 
-0.023701 
-0.022461 
-0.0209262 
-0.0191387 
-0.0171682 
-0.0151103 
-0.0130696 
-0.0111156 
-0.00925006 
-0.00741352 
-0.00554425 
-0.00362541 
-0.00166951 
0.000285841 
0.00220617 
0.00406963 
0.00585429 
0.0075379 
0.00909212 
0.0104828 
0.0116727 
0.0126094 
0.0132645 
0.0135608 
0.0135473 
0.0132397 
0.0127045 
0.0120172 
0.0112555 
0.0104908 
0.00977794 
0.00915117 
0.00862375 
0.00819071 
0.00783443 
0.00752954 
0.00724819 
0.00696168 
0.00664414 
0.00626989 
0.00581896 
0.00526927 
0.00460908 
0.00381942 
0.00290114 
0.00183842 
0.000654029 
-0.000654029 
0.000952779 
-0.000952779 
-0.00288992 
-0.00486758 
-0.00686248 
-0.0088954 
-0.0109423 
-0.0129902 
-0.0149963 
-0.0169121 
-0.0186715 
-0.020199 
-0.02143 
-0.0222997 
-0.022794 
-0.0229549 
-0.0228049 
-0.0223762 
-0.0216779 
-0.0207106 
-0.01947 
-0.0179657 
-0.016237 
-0.0143636 
-0.0124619 
-0.0106352 
-0.00891589 
-0.00724675 
-0.00555685 
-0.00383338 
-0.00209344 
-0.000372763 
0.00130696 
0.00294335 
0.00452862 
0.00605251 
0.00749538 
0.00882903 
0.0100174 
0.011003 
0.0117554 
0.0121672 
0.0122743 
0.0120787 
0.0116358 
0.0110166 
0.0102949 
0.00954359 
0.00882206 
0.00817331 
0.00762073 
0.0071688 
0.00680686 
0.00651317 
0.00626063 
0.00601931 
0.00576119 
0.00545859 
0.00508969 
0.00463152 
0.0040711 
0.0033895 
0.00258574 
0.00164479 
0.000586868 
-0.000586868 
0.000778061 
-0.000778061 
-0.00236196 
-0.0039807 
-0.00560785 
-0.00727228 
-0.00895143 
-0.0106429 
-0.0123123 
-0.0139236 
-0.0154203 
-0.0167357 
-0.0177992 
-0.0185619 
-0.0189784 
-0.0191472 
-0.0190938 
-0.0188633 
-0.0184571 
-0.0178617 
-0.0170468 
-0.0159861 
-0.0146777 
-0.013165 
-0.0115567 
-0.00998461 
-0.00852549 
-0.00713761 
-0.00574444 
-0.00433912 
-0.00294085 
-0.00157372 
-0.000246382 
0.00105588 
0.00234318 
0.0036159 
0.00486466 
0.00606858 
0.00719478 
0.00818744 
0.00900925 
0.00953731 
0.00978146 
0.00974246 
0.0094603 
0.00899995 
0.00842472 
0.00780088 
0.00718416 
0.00661837 
0.0061318 
0.00573623 
0.00542872 
0.00519392 
0.00500887 
0.00484557 
0.00467614 
0.00447218 
0.00421057 
0.00386786 
0.00342977 
0.00287817 
0.00221051 
0.00141392 
0.000506635 
-0.000506635 
0.000557266 
-0.000557266 
-0.0016925 
-0.00285294 
-0.00400522 
-0.00518761 
-0.00637714 
-0.0075852 
-0.00878871 
-0.00997141 
-0.0110935 
-0.0121078 
-0.0129399 
-0.0135556 
-0.0138692 
-0.0140448 
-0.0141071 
-0.01411 
-0.0140469 
-0.0138948 
-0.0136046 
-0.0131199 
-0.0123972 
-0.0114286 
-0.010289 
-0.00911927 
-0.00804813 
-0.00706541 
-0.0060942 
-0.00513395 
-0.00420129 
-0.0033025 
-0.00242964 
-0.00155579 
-0.000661592 
0.000265727 
0.0012297 
0.00221839 
0.00320492 
0.00414407 
0.00499292 
0.00563576 
0.00602092 
0.00616318 
0.00608955 
0.00586205 
0.00552852 
0.00514155 
0.00474474 
0.00437475 
0.00405835 
0.0038102 
0.0036334 
0.00351949 
0.00345188 
0.00340733 
0.00336083 
0.0032857 
0.00315897 
0.00295796 
0.00266744 
0.00227115 
0.001765 
0.00113959 
0.000411429 
-0.000411429 
0.00028944 
-0.00028944 
-0.000884552 
-0.00149571 
-0.00207409 
-0.00267206 
-0.00326109 
-0.00386952 
-0.00448524 
-0.00511868 
-0.00575674 
-0.00639032 
-0.00694458 
-0.00736521 
-0.00756005 
-0.00776978 
-0.00798669 
-0.00826296 
-0.00858129 
-0.00891487 
-0.00920655 
-0.00938312 
-0.00936989 
-0.00910713 
-0.00861255 
-0.00800382 
-0.00745491 
-0.00700362 
-0.0065794 
-0.00618589 
-0.0058326 
-0.00550634 
-0.00518193 
-0.00482389 
-0.00440724 
-0.00391024 
-0.00332036 
-0.00263903 
-0.00188474 
-0.00108964 
-0.00029689 
0.000421143 
0.000956334 
0.00131663 
0.00150645 
0.00158275 
0.00157757 
0.00152579 
0.00145403 
0.00138588 
0.00134135 
0.00133361 
0.00136904 
0.00144508 
0.00155208 
0.00167338 
0.00178915 
0.00187675 
0.00191518 
0.00188444 
0.00176912 
0.00155652 
0.00124066 
0.000817431 
0.000300581 
-0.000300581 
-2.96795e-05 
2.96795e-05 
5.95319e-05 
6.82803e-05 
0.000144791 
0.000210199 
0.00030634 
0.000386582 
0.000456824 
0.000484488 
0.000457954 
0.000355385 
0.000215627 
4.72134e-06 
-0.000190524 
-0.00051654 
-0.000960511 
-0.00155832 
-0.0022893 
-0.00312712 
-0.00401899 
-0.00489005 
-0.00565182 
-0.00620824 
-0.00651164 
-0.00661902 
-0.00672406 
-0.00692402 
-0.00716331 
-0.00744465 
-0.0077683 
-0.00810219 
-0.00841043 
-0.0086509 
-0.00879154 
-0.00880429 
-0.00867095 
-0.00838352 
-0.00794987 
-0.00739234 
-0.00674731 
-0.00606132 
-0.00541087 
-0.004803 
-0.00427266 
-0.00380366 
-0.0033882 
-0.00301248 
-0.00266668 
-0.0023413 
-0.00202524 
-0.00170916 
-0.00138578 
-0.00105321 
-0.000714515 
-0.000379039 
-5.98185e-05 
0.000226467 
0.000462517 
0.000633119 
0.000723342 
0.000726082 
0.000632409 
0.000445834 
0.000174364 
-0.000174364 
-0.000398646 
0.000398646 
0.00113028 
0.00181738 
0.00260405 
0.00338721 
0.00421443 
0.0050314 
0.00583361 
0.00657888 
0.00723441 
0.00776057 
0.00811059 
0.00815681 
0.00789201 
0.00738648 
0.00665914 
0.00570824 
0.00455017 
0.00321006 
0.0017298 
0.000172331 
-0.0013737 
-0.00279976 
-0.00400772 
-0.00496661 
-0.00584552 
-0.00680145 
-0.00780482 
-0.00884973 
-0.00992806 
-0.0109917 
-0.0119992 
-0.0129041 
-0.0136707 
-0.014266 
-0.014665 
-0.0148511 
-0.0148194 
-0.014577 
-0.0141436 
-0.0135449 
-0.0128121 
-0.0119588 
-0.0110523 
-0.0101333 
-0.00923267 
-0.00836398 
-0.00753535 
-0.0067503 
-0.00600715 
-0.00530156 
-0.00462738 
-0.00398014 
-0.00335778 
-0.00276264 
-0.00220047 
-0.00168026 
-0.00121345 
-0.000809073 
-0.000480407 
-0.000227131 
-6.2875e-05 
2.99046e-05 
3.90675e-05 
-3.90675e-05 
-0.000809777 
0.000809777 
0.00231474 
0.00373534 
0.00526458 
0.00679325 
0.00836202 
0.00991703 
0.0114387 
0.0128758 
0.0141729 
0.0152568 
0.0160216 
0.0163481 
0.0161498 
0.0155148 
0.0145297 
0.0132318 
0.0116531 
0.00982367 
0.00778131 
0.00557767 
0.00328604 
0.00100085 
-0.00115789 
-0.00306973 
-0.00482347 
-0.00661779 
-0.00846397 
-0.0103377 
-0.0122259 
-0.0140676 
-0.0158194 
-0.0174317 
-0.0188662 
-0.0200866 
-0.0210637 
-0.0217732 
-0.0221977 
-0.0223234 
-0.0221395 
-0.021629 
-0.0207994 
-0.0197118 
-0.0184493 
-0.017091 
-0.0157028 
-0.0143283 
-0.0129965 
-0.0117246 
-0.0105212 
-0.00938788 
-0.00832156 
-0.00731719 
-0.00636954 
-0.00547525 
-0.00463327 
-0.00384479 
-0.00311423 
-0.00244361 
-0.00184223 
-0.00130258 
-0.000841787 
-0.000426838 
-0.000103313 
0.000103313 
-0.00125953 
0.00125953 
0.00360717 
0.00580986 
0.00809184 
0.0103635 
0.0126495 
0.0149 
0.0170796 
0.0191263 
0.0209635 
0.0224907 
0.0235819 
0.0241309 
0.0240636 
0.0234178 
0.022277 
0.0207065 
0.0187603 
0.016482 
0.0139138 
0.0111042 
0.00811451 
0.00502638 
0.00194623 
-0.00096929 
-0.00367665 
-0.00636488 
-0.00910611 
-0.0118478 
-0.0145757 
-0.0172189 
-0.0197326 
-0.0220647 
-0.024174 
-0.0260212 
-0.0275723 
-0.0287953 
-0.0296584 
-0.0301266 
-0.0301627 
-0.0297289 
-0.0288333 
-0.0275668 
-0.0260203 
-0.0242947 
-0.0224793 
-0.0206442 
-0.0188394 
-0.0170978 
-0.0154391 
-0.0138725 
-0.0123997 
-0.011017 
-0.00971788 
-0.00849515 
-0.00734214 
-0.00625307 
-0.00522533 
-0.00425426 
-0.00334385 
-0.00248175 
-0.00168578 
-0.000917445 
-0.000255187 
0.000255187 
-0.00174587 
0.00174587 
0.00500524 
0.00803489 
0.0110664 
0.0140527 
0.0170051 
0.0198783 
0.0226255 
0.0251754 
0.0274379 
0.0293025 
0.0306471 
0.0313797 
0.0314405 
0.0308374 
0.0296298 
0.0278802 
0.0256495 
0.0229902 
0.0199499 
0.0165791 
0.012936 
0.00909818 
0.00516282 
0.00126974 
-0.00243648 
-0.00604717 
-0.0097048 
-0.0133263 
-0.0168962 
-0.0203367 
-0.0236007 
-0.0266322 
-0.0293861 
-0.0318187 
-0.0338898 
-0.0355598 
-0.0367866 
-0.0375251 
-0.0377331 
-0.0373793 
-0.0364759 
-0.0351128 
-0.033382 
-0.0313943 
-0.0292524 
-0.0270445 
-0.0248385 
-0.0226827 
-0.0206085 
-0.018634 
-0.0167667 
-0.015006 
-0.0133458 
-0.0117767 
-0.0102883 
-0.00886943 
-0.00751163 
-0.0062051 
-0.0049489 
-0.00372942 
-0.0025642 
-0.00142352 
-0.000411852 
0.000411852 
-0.00226418 
0.00226418 
0.00649983 
0.0103991 
0.0141743 
0.0178317 
0.0213823 
0.0247893 
0.0280016 
0.0309449 
0.0335263 
0.0356389 
0.037174 
0.0380506 
0.0382198 
0.0376759 
0.0364534 
0.0345971 
0.0321593 
0.0291915 
0.0257437 
0.0218683 
0.0176236 
0.0130854 
0.00834921 
0.00355031 
-0.00114465 
-0.0056823 
-0.0102433 
-0.0147279 
-0.0191139 
-0.0233202 
-0.0272954 
-0.0309795 
-0.0343219 
-0.0372737 
-0.0397895 
-0.0418246 
-0.0433353 
-0.0442793 
-0.0446241 
-0.044354 
-0.0434848 
-0.042096 
-0.0402751 
-0.0381319 
-0.0357738 
-0.0332983 
-0.0307848 
-0.0282937 
-0.0258674 
-0.0235323 
-0.0213022 
-0.0191804 
-0.0171625 
-0.0152388 
-0.0133967 
-0.0116223 
-0.00990353 
-0.00822825 
-0.00659302 
-0.00498765 
-0.00343231 
-0.0019185 
-0.000565654 
0.000565654 
-0.0028039 
0.0028039 
0.00806418 
0.0128691 
0.0173878 
0.0216751 
0.0257562 
0.0296104 
0.0331929 
0.0364349 
0.0392501 
0.0415423 
0.0432177 
0.0442046 
0.044458 
0.0439619 
0.0427323 
0.0407971 
0.0381955 
0.0349715 
0.0311712 
0.0268457 
0.0220534 
0.0168723 
0.0113949 
0.00576516 
0.000141895 
-0.00529731 
-0.0107143 
-0.016015 
-0.0211622 
-0.0260766 
-0.0307009 
-0.0349721 
-0.0388345 
-0.0422351 
-0.0451257 
-0.0474617 
-0.0492032 
-0.0503169 
-0.0507829 
-0.0505999 
-0.0497888 
-0.0484208 
-0.0465778 
-0.0443635 
-0.0418829 
-0.0392351 
-0.0365048 
-0.0337597 
-0.0310497 
-0.0284082 
-0.0258544 
-0.0233955 
-0.0210299 
-0.018749 
-0.0165404 
-0.0143903 
-0.012286 
-0.0102169 
-0.0081814 
-0.00617762 
-0.00423435 
-0.0023698 
-0.000706472 
0.000706472 
-0.00333976 
0.00333976 
0.00962676 
0.0153435 
