0 
-0.0011597 
-0.000792299 
0.00196451 
0.00618716 
0.011349 
0.0170563 
0.0230589 
0.0291887 
0.0353422 
0.0414565 
0.0474925 
0.0534234 
0.0592259 
0.064875 
0.0703408 
0.075587 
0.0805708 
0.0852436 
0.089552 
0.0934399 
0.0968501 
0.0997273 
0.102021 
0.103687 
0.1047 
0.105042 
0.104703 
0.103683 
0.101996 
0.0996674 
0.0967406 
0.093272 
0.0893325 
0.0850066 
0.0803892 
0.0755824 
0.070691 
0.0658159 
0.0610462 
0.0564484 
0.0520539 
0.0478483 
0.0437743 
0.0397586 
0.035758 
0.0317949 
0.0279506 
0.0243206 
0.0209708 
0.0179257 
0.0151811 
0.0127206 
0.0105266 
0.00858351 
0.00687863 
0.00540125 
0.00414153 
0.00308825 
0.0022293 
0.00154909 
0.00102562 
0.000632416 
0.000337926 
0.000105234 
0 
0.0011597 
-0.0011597 
-0.000792299 
0.00196451 
0.00618716 
0.011349 
0.0170563 
0.0230589 
0.0291887 
0.0353422 
0.0414565 
0.0474925 
0.0534234 
0.0592259 
0.064875 
0.0703408 
0.075587 
0.0805708 
0.0852436 
0.089552 
0.0934399 
0.0968501 
0.0997273 
0.102021 
0.103687 
0.1047 
0.105042 
0.104703 
0.103683 
0.101996 
0.0996674 
0.0967406 
0.093272 
0.0893325 
0.0850066 
0.0803892 
0.0755824 
0.070691 
0.0658159 
0.0610462 
0.0564484 
0.0520539 
0.0478483 
0.0437743 
0.0397586 
0.035758 
0.0317949 
0.0279506 
0.0243206 
0.0209708 
0.0179257 
0.0151811 
0.0127206 
0.0105266 
0.00858351 
0.00687863 
0.00540125 
0.00414153 
0.00308825 
0.0022293 
0.00154909 
0.00102562 
0.000632416 
0.000337926 
0.000105234 
-0.000105234 
-0.000167867 
0.000167867 
0.00299258 
0.00661489 
0.0110803 
0.0161432 
0.0215784 
0.0272157 
0.0329359 
0.0386659 
0.0443627 
0.0500011 
0.0555637 
0.0610332 
0.0663885 
0.0716019 
0.0766381 
0.0814543 
0.0860015 
0.0902257 
0.0940697 
0.0974751 
0.100385 
0.102745 
0.104508 
0.105621 
0.106054 
0.105797 
0.104845 
0.103209 
0.100915 
0.0980017 
0.0945257 
0.0905565 
0.0861775 
0.0814828 
0.076574 
0.0715548 
0.0665252 
0.0615736 
0.0567682 
0.0521473 
0.0477117 
0.0434283 
0.0392516 
0.0351599 
0.03118 
0.0273771 
0.0238183 
0.020544 
0.017564 
0.0148699 
0.0124469 
0.0102799 
0.00835611 
0.00666526 
0.00519862 
0.00394831 
0.00290609 
0.002061 
0.00139876 
0.000899644 
0.000536732 
0.000277948 
8.47214e-05 
-8.47214e-05 
-0.00162683 
0.00162683 
0.00529155 
0.00934179 
0.0138249 
0.0186515 
0.0236749 
0.028795 
0.0339445 
0.0390897 
0.0442165 
0.0493196 
0.0543945 
0.0594313 
0.0644122 
0.0693101 
0.0740884 
0.0787022 
0.0830994 
0.0872231 
0.0910133 
0.0944091 
0.0973519 
0.0997862 
0.101665 
0.102941 
0.103572 
0.103544 
0.102845 
0.101478 
0.0994578 
0.0968145 
0.0935921 
0.08985 
0.0856618 
0.0811143 
0.0763037 
0.0713306 
0.066294 
0.0612836 
0.056372 
0.0516071 
0.0470067 
0.0425624 
0.0382588 
0.0341002 
0.0301233 
0.0263808 
0.0229133 
0.0197352 
0.0168409 
0.0142168 
0.0118488 
0.00972486 
0.00783577 
0.0061745 
0.00473559 
0.00351408 
0.0025033 
0.00169541 
0.00107764 
0.000632006 
0.000334178 
0.000151147 
4.13509e-05 
-4.13509e-05 
-0.00178092 
0.00178092 
0.00584741 
0.0102131 
0.0146911 
0.0192499 
0.0238084 
0.0283455 
0.0328572 
0.0373582 
0.0418678 
0.0464021 
0.0509683 
0.0555615 
0.0601642 
0.0647469 
0.0692691 
0.0736812 
0.0779264 
0.0819433 
0.0856674 
0.0890344 
0.0919825 
0.0944549 
0.0964047 
0.0977919 
0.0985775 
0.0987504 
0.0982984 
0.0972197 
0.0955241 
0.093231 
0.0903712 
0.0869891 
0.0831432 
0.0789062 
0.0743626 
0.0696046 
0.0647264 
0.0598165 
0.0549503 
0.050183 
0.0455456 
0.0410517 
0.0367143 
0.032565 
0.0286525 
0.0250191 
0.0216806 
0.0186285 
0.0158446 
0.0133112 
0.0110155 
0.00894841 
0.00710439 
0.0054803 
0.00407417 
0.00288538 
0.00191205 
0.00114996 
0.000592355 
0.000225326 
2.44258e-05 
-4.42782e-05 
-2.60123e-05 
2.60123e-05 
-0.00178236 
0.00178236 
0.00590992 
0.0102425 
0.0144669 
0.0185895 
0.0225768 
0.0264718 
0.0303215 
0.0341789 
0.0380885 
0.0420799 
0.0461657 
0.0503413 
0.0545865 
0.0588675 
0.0631395 
0.0673484 
0.0714335 
0.0753295 
0.0789684 
0.0822822 
0.085206 
0.0876809 
0.0896584 
0.091104 
0.091982 
0.0922883 
0.0920158 
0.0911662 
0.0897497 
0.087782 
0.0852855 
0.082292 
0.0788446 
0.0749995 
0.0708259 
0.0664029 
0.0618149 
0.0571446 
0.0524655 
0.0478347 
0.0432923 
0.0388694 
0.0346062 
0.03056 
0.0267886 
0.0233213 
0.020151 
0.0172512 
0.0145951 
0.0121643 
0.00994858 
0.00794265 
0.00614552 
0.00455839 
0.00318533 
0.00203127 
0.00109957 
0.000396712 
-8.11983e-05 
-0.000342702 
-0.000411605 
-0.000321963 
-0.000122578 
0.000122578 
-0.00166598 
0.00166598 
0.0055811 
0.00963578 
0.0134281 
0.0170095 
0.0203822 
0.0236377 
0.0268568 
0.0301172 
0.0334759 
0.0369677 
0.0406049 
0.0443803 
0.0482709 
0.0522403 
0.0562416 
0.0602196 
0.0641124 
0.0678536 
0.0713735 
0.0746017 
0.0774699 
0.0799162 
0.081889 
0.083355 
0.0842776 
0.0846613 
0.0845067 
0.0838227 
0.0826251 
0.0809308 
0.0787595 
0.0761351 
0.073089 
0.0696629 
0.0659102 
0.061895 
0.0576887 
0.0533637 
0.0489861 
0.0446104 
0.0402803 
0.0360426 
0.0319621 
0.0281174 
0.0245676 
0.0213244 
0.0183601 
0.0156354 
0.0131211 
0.0108012 
0.00866941 
0.00672532 
0.004973 
0.00341991 
0.00207465 
0.000952564 
6.49579e-05 
-0.000567806 
-0.000951104 
-0.00108754 
-0.000991381 
-0.000695848 
-0.000253809 
0.000253809 
-0.00149333 
0.00149333 
0.00501879 
0.00861391 
0.0118491 
0.0148324 
0.0175881 
0.0202377 
0.0228762 
0.0255904 
0.028439 
0.0314547 
0.0346469 
0.0380069 
0.0415112 
0.0451247 
0.0488028 
0.0524927 
0.0561352 
0.0596656 
0.0630153 
0.0661126 
0.0688868 
0.0712721 
0.0732127 
0.0746749 
0.0756178 
0.0760534 
0.0759891 
0.0754416 
0.0744322 
0.0729811 
0.0711076 
0.068832 
0.0661783 
0.0631775 
0.0598699 
0.0563057 
0.0525421 
0.0486382 
0.044649 
0.0406215 
0.0366012 
0.0326497 
0.0288542 
0.0253052 
0.0220518 
0.0190834 
0.0163548 
0.0138217 
0.0114574 
0.00925116 
0.00720206 
0.00531503 
0.00360002 
0.00206915 
0.000742289 
-0.000354066 
-0.00119322 
-0.00176336 
-0.00205107 
-0.00204591 
-0.00175054 
-0.00119336 
-0.000430868 
0.000430868 
-0.00127045 
0.00127045 
0.00428028 
0.00730596 
0.00992879 
0.0123105 
0.0144799 
0.016571 
0.0186765 
0.020881 
0.023237 
0.0257728 
0.028496 
0.0313987 
0.0344614 
0.0376541 
0.0409382 
0.0442667 
0.047586 
0.0508365 
0.053953 
0.0568654 
0.0595016 
0.0617926 
0.0636778 
0.0651205 
0.0660721 
0.0665524 
0.0665755 
0.0661642 
0.0653436 
0.0641353 
0.0625578 
0.0606289 
0.058368 
0.0557991 
0.0529532 
0.0498686 
0.0465892 
0.0431597 
0.0396212 
0.0360119 
0.03238 
0.028803 
0.0253849 
0.0222143 
0.0193179 
0.0166604 
0.0141857 
0.0118516 
0.00963867 
0.0075427 
0.00556916 
0.00372755 
0.00203491 
0.000509298 
-0.000806375 
-0.00188695 
-0.0027033 
-0.00322353 
-0.00342246 
-0.00326483 
-0.00273564 
-0.0018515 
-0.000669104 
0.000669104 
-0.00102031 
0.00102031 
0.00344318 
0.00584225 
0.00784529 
0.00964883 
0.0112726 
0.0128482 
0.0144544 
0.0161663 
0.0180276 
0.0200621 
0.0222781 
0.0246719 
0.0272307 
0.0299328 
0.0327476 
0.0356362 
0.0385527 
0.041445 
0.0442546 
0.0469159 
0.0493582 
0.0515113 
0.0533117 
0.0547174 
0.0556763 
0.0562128 
0.0563461 
0.0561008 
0.0554998 
0.054562 
0.053303 
0.0517383 
0.0498846 
0.0477618 
0.0453949 
0.0428129 
0.0400476 
0.0371291 
0.0340844 
0.030945 
0.027766 
0.0246412 
0.0216808 
0.0189537 
0.0164541 
0.0141254 
0.0119096 
0.00977347 
0.00770669 
0.00571281 
0.00380213 
0.00199082 
0.000299346 
-0.00122801 
-0.00255972 
-0.0036594 
-0.00448746 
-0.00498855 
-0.00511673 
-0.00480454 
-0.00400606 
-0.00271591 
-0.000987249 
0.000987249 
-0.000755921 
0.000755921 
0.00256105 
0.00431864 
0.0057278 
0.00698984 
0.00811024 
0.0092054 
0.0103352 
0.0115613 
0.0129188 
0.0144288 
0.0161023 
0.0179414 
0.0199419 
0.0220912 
0.0243686 
0.0267442 
0.0291809 
0.0316356 
0.0340594 
0.0363954 
0.0385787 
0.0405416 
0.0422212 
0.0435703 
0.0445384 
0.0451548 
0.0454388 
0.0454074 
0.0450739 
0.044449 
0.0435441 
0.042372 
0.0409483 
0.0392914 
0.0374221 
0.0353623 
0.0331321 
0.0307479 
0.0282253 
0.0255951 
0.0229253 
0.0203217 
0.0178819 
0.0156381 
0.0135496 
0.0115484 
0.0095841 
0.00763617 
0.0057044 
0.0037985 
0.00193395 
0.000130468 
-0.00157221 
-0.00313661 
-0.0045259 
-0.00569235 
-0.00657492 
-0.00709881 
-0.00718618 
-0.00671929 
-0.00560539 
-0.00381134 
-0.0013928 
0.0013928 
-0.000489616 
0.000489616 
0.00167924 
0.0028101 
0.00366819 
0.00442819 
0.00508488 
0.00572925 
0.00640164 
0.00714866 
0.00799849 
0.00897086 
0.0100803 
0.0113351 
0.0127397 
0.0142911 
0.0159785 
0.017782 
0.0196743 
0.0216215 
0.0235852 
0.0255216 
0.0273765 
0.0290895 
0.0306015 
0.0318666 
0.0328619 
0.0336031 
0.0340921 
0.0343262 
0.0343049 
0.0340308 
0.0335112 
0.0327579 
0.0317863 
0.0306141 
0.0292587 
0.0277348 
0.0260517 
0.0242139 
0.0222322 
0.0201458 
0.0180376 
0.0160109 
0.014129 
0.0123774 
0.0106886 
0.00899659 
0.00726637 
0.005491 
0.00367868 
0.00184384 
4.63585e-06 
-0.00180728 
-0.00355319 
-0.00519811 
-0.00669498 
-0.0079826 
-0.00897893 
-0.0095798 
-0.00965041 
-0.00900041 
-0.00748953 
-0.00507895 
-0.00185478 
0.00185478 
-0.000229091 
0.000229091 
0.00082854 
0.00136758 
0.00172351 
0.00202124 
0.00225219 
0.00247462 
0.00271167 
0.00299439 
0.00334578 
0.0037844 
0.00432833 
0.00499128 
0.00578532 
0.00671642 
0.00778423 
0.00897981 
0.0102866 
0.0116799 
0.0131315 
0.014612 
0.0160848 
0.017507 
0.0188255 
0.0200054 
0.0210582 
0.0219544 
0.0226727 
0.0231905 
0.0234959 
0.0235856 
0.0234641 
0.0231426 
0.0226357 
0.0219594 
0.0211263 
0.0201431 
0.0190085 
0.0177209 
0.0162962 
0.0147891 
0.0132887 
0.0118721 
0.0105504 
0.00926651 
0.00794391 
0.00653114 
0.00501117 
0.00338888 
0.00167774 
-0.00010624 
-0.0019396 
-0.00378708 
-0.0056162 
-0.00738915 
-0.00904948 
-0.0105199 
-0.0116865 
-0.0123921 
-0.0124057 
-0.0114667 
-0.00943569 
-0.00632825 
-0.00229219 
0.00229219 
2.21221e-05 
-2.21221e-05 
2.77533e-05 
2.39409e-05 
-7.36299e-05 
-0.000197456 
-0.000354904 
-0.000522887 
-0.000692359 
-0.00084764 
-0.000969789 
-0.00104156 
-0.0010424 
-0.000954516 
-0.000759657 
-0.000443914 
3.09921e-06 
0.000584536 
0.00129565 
0.00212256 
0.00304636 
0.00405029 
0.0051174 
0.00623774 
0.0073779 
0.00850718 
0.00962284 
0.0106527 
0.0115696 
0.0123424 
0.0129536 
0.0133939 
0.0136643 
0.013773 
0.0137319 
0.0135519 
0.0132385 
0.0127892 
0.0121967 
0.0114619 
0.0106152 
0.00972292 
0.00885805 
0.00804747 
0.00724805 
0.00637967 
0.00537565 
0.00420606 
0.00287027 
0.00138027 
-0.000249947 
-0.002003 
-0.00384976 
-0.00576292 
-0.00771391 
-0.00966182 
-0.0115397 
-0.0132418 
-0.014592 
-0.0153396 
-0.0151356 
-0.0137353 
-0.0110904 
-0.007319 
-0.00262002 
0.00262002 
0.000269009 
-0.000269009 
-0.000719653 
-0.00120254 
-0.00170556 
-0.00220799 
-0.00271679 
-0.00324052 
-0.00378116 
-0.00433689 
-0.00489288 
-0.00543379 
-0.00593815 
-0.00638513 
-0.00675165 
-0.00701645 
-0.00715946 
-0.00716537 
-0.00702592 
-0.00674111 
-0.00631769 
-0.00576215 
-0.00508038 
-0.00426085 
-0.00330861 
-0.00224994 
-0.0011097 
1.19229e-05 
0.0010874 
0.00207593 
0.00295902 
0.00372368 
0.00436675 
0.00489185 
0.00530457 
0.00560789 
0.00579849 
0.0058675 
0.00580908 
0.00563599 
0.00539207 
0.00513581 
0.00489598 
0.00464042 
0.00429045 
0.00376857 
0.00303091 
0.00206835 
0.000891059 
-0.000489368 
-0.00205795 
-0.00379282 
-0.00567227 
-0.00767752 
-0.00978357 
-0.0119443 
-0.0140701 
-0.0159933 
-0.0174321 
-0.0180264 
-0.0173791 
-0.0154038 
-0.0121846 
-0.007919 
-0.00280547 
0.00280547 
0.00050741 
-0.00050741 
-0.00140693 
-0.00230632 
-0.00317051 
-0.00400836 
-0.00482974 
-0.00566791 
-0.00653507 
-0.00744177 
-0.0083781 
-0.00933177 
-0.0102818 
-0.0112058 
-0.0120772 
-0.0128679 
-0.013549 
-0.0140939 
-0.0144803 
-0.0146928 
-0.0147224 
-0.0145643 
-0.014217 
-0.013672 
-0.0129264 
-0.0120076 
-0.0109128 
-0.00975857 
-0.00857184 
-0.00740305 
-0.00627847 
-0.0052143 
-0.00421957 
-0.00329747 
-0.00245088 
-0.00168551 
-0.001011 
-0.00043589 
4.28973e-05 
0.000449235 
0.000821889 
0.00118238 
0.00150214 
0.00170705 
0.00171355 
0.0014662 
0.000945204 
0.000156814 
-0.000889723 
-0.00217789 
-0.00369324 
-0.00541884 
-0.00734367 
-0.00945704 
-0.0117353 
-0.0141161 
-0.0164574 
-0.018487 
-0.0198072 
-0.0200084 
-0.0187945 
-0.0162952 
-0.0126724 
-0.00814298 
-0.00286425 
0.00286425 
0.000726553 
-0.000726553 
-0.00202629 
-0.00329381 
-0.00447911 
-0.00561143 
-0.00670333 
-0.00780742 
-0.00894635 
-0.0101425 
-0.0113918 
-0.0126859 
-0.0140057 
-0.0153289 
-0.0166274 
-0.0178692 
-0.0190187 
-0.0200393 
-0.0208961 
-0.0215589 
-0.0220032 
-0.0222111 
-0.0221717 
-0.021877 
-0.0213273 
-0.0205569 
-0.0195488 
-0.0184079 
-0.0171606 
-0.0158579 
-0.0145313 
-0.0132038 
-0.0118909 
-0.0106042 
-0.00935449 
-0.00815354 
-0.00701196 
-0.00593337 
-0.00490898 
-0.00392093 
-0.00296308 
-0.00206595 
-0.00129964 
-0.0007485 
-0.000477263 
-0.000514416 
-0.000861688 
-0.00150622 
-0.0024369 
-0.00363931 
-0.0051031 
-0.00682062 
-0.00879149 
-0.0110108 
-0.0134477 
-0.0160006 
-0.0184402 
-0.0203788 
-0.0213626 
-0.0210409 
-0.0193245 
-0.0164704 
-0.0126492 
-0.00806449 
-0.00282352 
0.00282352 
0.000924942 
-0.000924942 
-0.0025805 
-0.00417445 
-0.00564403 
-0.00703221 
-0.00835258 
-0.00967247 
-0.0110246 
-0.0124428 
-0.0139303 
-0.0154832 
-0.0170851 
-0.0187155 
-0.0203466 
-0.0219453 
-0.0234725 
-0.0248855 
-0.02614 
-0.0271936 
-0.0280087 
-0.0285549 
-0.0288111 
-0.0287642 
-0.0284127 
-0.0277903 
-0.026877 
-0.0257689 
-0.0244895 
-0.0230874 
-0.0215959 
-0.0200427 
-0.0184495 
-0.0168341 
-0.015213 
-0.0136002 
-0.0120061 
-0.0104348 
-0.00888743 
-0.00737399 
-0.00593151 
-0.00462871 
-0.00354808 
-0.00275868 
-0.00229792 
-0.00217287 
-0.00237578 
-0.00289292 
-0.00371443 
-0.00483002 
-0.00623599 
-0.00793495 
-0.00993493 
-0.0122309 
-0.0147696 
-0.0173863 
-0.0197549 
-0.0214161 
-0.0219535 
-0.0211515 
-0.0191049 
-0.0160766 
-0.0122275 
-0.00775022 
-0.0027042 
0.0027042 
0.00110303 
-0.00110303 
-0.00307453 
-0.00495868 
-0.00667984 
-0.00828953 
-0.00979955 
-0.0112875 
-0.0127951 
-0.0143677 
-0.0160165 
-0.0177431 
-0.0195344 
-0.0213723 
-0.0232311 
-0.0250791 
-0.0268772 
-0.0285804 
-0.0301395 
-0.0315045 
-0.0326277 
-0.0334679 
-0.0339932 
-0.0341821 
-0.0340278 
-0.0335574 
-0.0327477 
-0.0316871 
-0.0303972 
-0.0289234 
-0.0272992 
-0.0255551 
-0.0237169 
-0.021807 
-0.0198455 
-0.0178504 
-0.0158375 
-0.0138241 
-0.0118357 
-0.00991682 
-0.00813562 
-0.00657227 
-0.00529714 
-0.00435396 
-0.0037576 
-0.00350365 
-0.00358166 
-0.00398023 
-0.00469196 
-0.00571192 
-0.00704389 
-0.00869917 
-0.0106898 
-0.0130019 
-0.015545 
-0.0180849 
-0.0202284 
-0.0215157 
-0.0216333 
-0.0205001 
-0.0182997 
-0.015241 
-0.0114918 
-0.00724771 
-0.00252077 
0.00252077 
0.00126256 
-0.00126256 
-0.00351454 
-0.00565716 
-0.00760163 
-0.00940383 
-0.0110706 
-0.012685 
-0.0142963 
-0.0159604 
-0.0176978 
-0.0195164 
-0.0214069 
-0.0233537 
-0.0253339 
-0.0273187 
-0.0292714 
-0.0311487 
-0.0329011 
-0.0344759 
-0.0358202 
-0.0368851 
-0.0376297 
-0.0380228 
-0.0380491 
-0.0377246 
-0.037023 
-0.0360212 
-0.0347394 
-0.033219 
-0.0314925 
-0.0295924 
-0.0275475 
-0.0253849 
-0.0231309 
-0.0208123 
-0.0184594 
-0.0161104 
-0.0138174 
-0.011648 
-0.0096792 
-0.00798096 
-0.00660156 
-0.00556299 
-0.00486729 
-0.00450646 
-0.00447093 
-0.00475262 
-0.00534699 
-0.00625458 
-0.00748549 
-0.00905617 
-0.0109771 
-0.0132172 
-0.0156458 
-0.0179778 
-0.0198047 
-0.020724 
-0.0205363 
-0.0192414 
-0.0170266 
-0.0140464 
-0.0104966 
-0.00658863 
-0.00228295 
0.00228295 
0.00140535 
-0.00140535 
-0.00390626 
-0.0062796 
-0.00842357 
-0.0103953 
-0.0121934 
-0.013902 
-0.0155744 
-0.0172765 
-0.0190389 
-0.0208769 
-0.0227856 
-0.0247521 
-0.026756 
-0.0287714 
-0.0307656 
-0.032699 
-0.0345256 
-0.0361943 
-0.0376519 
-0.0388466 
-0.0397322 
-0.0402702 
-0.0404366 
-0.0402348 
-0.0396352 
-0.0386977 
-0.0374394 
-0.0358971 
-0.0341025 
-0.0320895 
-0.029891 
-0.0275409 
-0.0250753 
-0.0225342 
-0.0199654 
-0.0174263 
-0.0149843 
-0.0127127 
-0.0106796 
-0.00893619 
-0.00751131 
-0.00641411 
-0.00564184 
-0.00518719 
-0.00504267 
-0.00520308 
-0.00566655 
-0.00643782 
-0.00753046 
-0.00896159 
-0.0107349 
-0.0128001 
-0.0149973 
-0.0170263 
-0.0185124 
-0.0191357 
-0.0187835 
-0.0174698 
-0.0153446 
-0.012533 
-0.00927143 
-0.00579141 
-0.00199669 
0.00199669 
0.00153298 
-0.00153298 
-0.00425438 
-0.00683379 
-0.00915731 
-0.0112815 
-0.013194 
-0.014975 
-0.0166785 
-0.0183778 
-0.020114 
-0.0219118 
-0.023772 
-0.0256847 
-0.0276312 
-0.0295882 
-0.0315266 
-0.0334115 
-0.0352018 
-0.0368513 
-0.0383105 
-0.0395294 
-0.0404608 
-0.0410635 
-0.0413076 
-0.0411849 
-0.040665 
-0.0397867 
-0.0385628 
-0.0370244 
-0.0352027 
-0.0331333 
-0.0308544 
-0.0284077 
-0.0258401 
-0.0232044 
-0.0205609 
-0.0179763 
-0.0155202 
-0.0132579 
-0.0112421 
-0.00950757 
-0.00807098 
-0.00693629 
-0.00610043 
-0.00555808 
-0.00530377 
-0.00533407 
-0.00564883 
-0.0062545 
-0.00716438 
-0.00839179 
-0.00993097 
-0.0117172 
-0.0135834 
-0.0152521 
-0.0164161 
-0.0168361 
-0.0164458 
-0.0152172 
-0.0132608 
-0.0107064 
-0.00782598 
-0.00486376 
-0.00166519 
0.00166519 
0.00164649 
-0.00164649 
-0.00456191 
-0.00732468 
-0.00981047 
-0.0120746 
-0.0140923 
-0.0159354 
-0.0176536 
-0.0193243 
-0.0209983 
-0.0227112 
-0.0244722 
-0.0262755 
-0.0281046 
-0.0299376 
-0.031748 
-0.0335051 
-0.0351731 
-0.0367118 
-0.0380774 
-0.0392251 
-0.040111 
-0.0406952 
-0.0409461 
-0.040848 
-0.0403725 
-0.0395382 
-0.0383533 
-0.0368435 
-0.0350388 
-0.0329766 
-0.0306993 
-0.0282553 
-0.0256988 
-0.0230898 
-0.0204925 
-0.0179729 
-0.0155932 
-0.0134064 
-0.0114516 
-0.00975272 
-0.00832105 
-0.00715944 
-0.00626608 
-0.00563737 
-0.00526901 
-0.00515808 
-0.00530444 
-0.0057132 
-0.00639356 
-0.00735143 
-0.00857175 
-0.00998518 
-0.0114416 
-0.0127158 
-0.0135854 
-0.0138782 
-0.0135417 
-0.0124654 
-0.0107436 
-0.00854992 
-0.00615815 
-0.00380717 
-0.00129008 
0.00129008 
0.00174629 
-0.00174629 
-0.00483002 
-0.00775395 
-0.0103857 
-0.0127801 
-0.0148995 
-0.0168044 
-0.018535 
-0.0201675 
-0.0217597 
-0.023359 
-0.0249855 
-0.0266409 
-0.0283122 
-0.0299788 
-0.031616 
-0.0331958 
-0.0346869 
-0.0360548 
-0.0372622 
-0.0382707 
-0.0390423 
-0.0395414 
-0.0397382 
-0.0396138 
-0.0391444 
-0.0383332 
-0.0371857 
-0.0357227 
-0.0339728 
-0.0319732 
-0.0297684 
-0.0274092 
-0.0249516 
-0.0224558 
-0.0199828 
-0.0175913 
-0.0153334 
-0.013251 
-0.0113737 
-0.00971992 
-0.00829908 
-0.00711438 
-0.00616516 
-0.00544865 
-0.00496066 
-0.00469744 
-0.00465689 
-0.0048398 
-0.00524796 
-0.00587764 
-0.00670649 
-0.00767054 
-0.00865524 
-0.00950438 
-0.0100861 
-0.0102865 
-0.01006 
-0.00917381 
-0.00775021 
-0.00604557 
-0.00426615 
-0.00262347 
-0.000873641 
0.000873641 
0.00183217 
-0.00183217 
-0.00505803 
-0.00811997 
-0.0108803 
-0.0133951 
-0.0156157 
-0.0175894 
-0.0193425 
-0.0209435 
-0.0224523 
-0.0239259 
-0.0253978 
-0.0268809 
-0.0283689 
-0.0298448 
-0.0312851 
-0.0326635 
-0.033952 
-0.0351205 
-0.0361375 
-0.0369708 
-0.0375886 
-0.0379612 
-0.0380629 
-0.0378748 
-0.0373795 
-0.0365718 
-0.0354557 
-0.0340484 
-0.0323763 
-0.0304748 
-0.0283867 
-0.0261612 
-0.0238512 
-0.0215117 
-0.0191967 
-0.016956 
-0.0148321 
-0.0128586 
-0.0110596 
-0.00945065 
-0.00804041 
-0.00683249 
-0.00582668 
-0.00502008 
-0.00440764 
-0.00398363 
-0.00374222 
-0.00367768 
-0.00378237 
-0.00404168 
-0.00442806 
-0.00488905 
-0.00535439 
-0.00574029 
-0.0060056 
-0.00609489 
-0.00598663 
-0.00529667 
-0.00426188 
-0.00319832 
-0.00216375 
-0.00132331 
-0.000421368 
0.000421368 
0.00190337 
-0.00190337 
-0.00524397 
-0.00841868 
-0.0112873 
-0.0139098 
-0.0162295 
-0.0182816 
-0.0200756 
-0.0216665 
-0.0231085 
-0.0244633 
-0.0257765 
-0.0270755 
-0.0283658 
-0.0296372 
-0.0308695 
-0.0320383 
-0.0331172 
-0.0340793 
-0.0348977 
-0.0355452 
-0.0359959 
-0.0362256 
-0.0362134 
-0.0359429 
-0.0354014 
-0.0345821 
-0.0334886 
-0.0321357 
-0.0305473 
-0.0287554 
-0.0267991 
-0.0247224 
-0.0225726 
-0.0203972 
-0.018242 
-0.0161484 
-0.0141514 
-0.0122788 
-0.0105509 
-0.00898143 
-0.00757837 
-0.00634517 
-0.00528133 
-0.00438308 
-0.00364384 
-0.00305514 
-0.00260636 
-0.00228427 
-0.00207132 
-0.00194277 
-0.00186735 
-0.00180404 
-0.00172274 
-0.00160106 
-0.00147937 
-0.00136345 
-0.00133884 
-0.000833959 
-0.000346002 
-6.95146e-05 
0.000102961 
6.46223e-05 
5.49763e-05 
-5.49763e-05 
0.00195886 
-0.00195886 
-0.0053855 
-0.00864524 
-0.0115978 
-0.0143095 
-0.0167203 
-0.0188566 
-0.020712 
-0.0223236 
-0.0237323 
-0.0249956 
-0.0261659 
-0.0272846 
-0.0283729 
-0.029433 
-0.0304524 
-0.0314101 
-0.0322817 
-0.0330421 
-0.033667 
-0.0341331 
-0.0344187 
-0.0345043 
-0.0343733 
-0.0340125 
-0.0334141 
-0.0325727 
-0.0314921 
-0.0301854 
-0.0286738 
-0.0269853 
-0.025154 
-0.0232181 
-0.0212177 
-0.0191931 
-0.0171824 
-0.0152197 
-0.0133342 
-0.0115492 
-0.00988193 
-0.0083445 
-0.00694394 
-0.005683 
-0.00456025 
-0.0035708 
-0.00270613 
-0.00195478 
-0.00130141 
-0.000726464 
-0.000203932 
0.000300207 
0.000821893 
0.0013952 
0.00202122 
0.00267569 
0.00325523 
0.00369802 
0.00384375 
0.00400392 
0.00378158 
0.00320061 
0.0024493 
0.00149035 
0.000536692 
-0.000536692 
0.00199764 
-0.00199764 
-0.00548135 
-0.00879674 
-0.0118051 
-0.0145803 
-0.017064 
-0.0192796 
-0.0212093 
-0.0228725 
-0.0242913 
-0.0255096 
-0.0265762 
-0.0275401 
-0.0284377 
-0.0292881 
-0.0300923 
-0.0308377 
-0.0315041 
-0.0320684 
-0.0325078 
-0.0328014 
-0.0329303 
-0.0328786 
-0.0326332 
-0.0321842 
-0.0315262 
-0.0306569 
-0.0295796 
-0.0283069 
-0.0268574 
-0.0252556 
-0.0235306 
-0.0217148 
-0.0198419 
-0.0179453 
-0.0160567 
-0.0142043 
-0.0124122 
-0.0106998 
-0.0090819 
-0.00756868 
-0.00616587 
-0.00487518 
-0.00369402 
-0.00261632 
-0.00163148 
-0.00072593 
0.000118974 
0.000928729 
0.00173682 
0.00258475 
0.00351296 
0.00455009 
0.00567754 
0.00682728 
0.00785966 
0.00862885 
0.00902514 
0.00871244 
0.00780412 
0.00640018 
0.00475109 
0.00288222 
0.00100276 
-0.00100276 
0.00201904 
-0.00201904 
-0.00553305 
-0.00887557 
-0.0119096 
-0.0147162 
-0.017243 
-0.0195168 
-0.021516 
-0.023248 
-0.0247165 
-0.0259454 
-0.026969 
-0.0278316 
-0.0285767 
-0.0292384 
-0.0298356 
-0.030371 
-0.0308338 
-0.0312061 
-0.0314672 
-0.0315971 
-0.0315784 
-0.0313967 
-0.0310411 
-0.0305042 
-0.0297821 
-0.028877 
-0.0277919 
-0.0265387 
-0.0251338 
-0.0235983 
-0.0219571 
-0.0202374 
-0.0184674 
-0.0166748 
-0.0148858 
-0.0131234 
-0.0114073 
-0.00975359 
-0.00817457 
-0.00667845 
-0.0052695 
-0.00394834 
-0.00271107 
-0.0015507 
-0.000455396 
0.000589009 
0.00160612 
0.00262591 
0.00368673 
0.00483356 
0.00610871 
0.00753316 
0.0090723 
0.0106174 
0.0119987 
0.0129909 
0.0134752 
0.0128523 
0.0113991 
0.00929776 
0.00685496 
0.00415957 
0.00143019 
-0.00143019 
0.00202407 
-0.00202407 
-0.0055468 
-0.00889274 
-0.0119248 
-0.0147284 
-0.0172588 
-0.0195516 
-0.0215903 
-0.0233804 
-0.0249144 
-0.026198 
-0.0272445 
-0.0280811 
-0.0287436 
-0.0292702 
-0.0296935 
-0.0300338 
-0.0302972 
-0.0304772 
-0.0305596 
-0.0305272 
-0.0303638 
-0.0300557 
-0.0295934 
-0.0289709 
-0.0281861 
-0.027242 
-0.026142 
-0.0248957 
-0.0235186 
-0.0220294 
-0.0204495 
-0.018802 
-0.0171108 
-0.0153987 
-0.0136875 
-0.0119957 
-0.0103394 
-0.0087314 
-0.00718152 
-0.00569622 
-0.00427813 
-0.00292696 
-0.00163764 
-0.00040324 
0.000787992 
0.0019539 
0.00312032 
0.00431897 
0.00559026 
0.00697914 
0.00852592 
0.0102413 
0.0120754 
0.0138864 
0.0154767 
0.0165645 
0.0169864 
0.0161746 
0.0143421 
0.0117165 
0.00863993 
0.00525553 
0.00179872 
-0.00179872 
0.00202327 
-0.00202327 
-0.00553707 
-0.00887093 
-0.0118807 
-0.0146512 
-0.0171436 
-0.0194039 
-0.0214275 
-0.023229 
-0.0248026 
-0.026146 
-0.0272559 
-0.0281381 
-0.0288079 
-0.0292905 
-0.0296169 
-0.0298169 
-0.0299127 
-0.0299154 
-0.0298248 
-0.0296322 
-0.0293256 
-0.0288927 
-0.0283237 
-0.0276126 
-0.0267574 
-0.0257602 
-0.0246286 
-0.023371 
-0.0220018 
-0.0205373 
-0.0189963 
-0.0173985 
-0.0157645 
-0.0141132 
-0.0124625 
-0.0108265 
-0.00921722 
-0.00764488 
-0.00611694 
-0.00463831 
-0.00321 
-0.00183133 
-0.00049659 
0.000799717 
0.0020728 
0.00334107 
0.00463046 
0.00597239 
0.00740634 
0.00897399 
0.0107099 
0.0126132 
0.0146198 
0.0165655 
0.0182304 
0.0193048 
0.0195779 
0.0186155 
0.0165458 
0.0135741 
0.0100424 
0.00613164 
0.00209622 
-0.00209622 
0.00202322 
-0.00202322 
-0.00553024 
-0.0088441 
-0.0118234 
-0.0145428 
-0.0169642 
-0.0191412 
-0.0210829 
-0.0228196 
-0.0243597 
-0.0257086 
-0.0268611 
-0.0278103 
-0.0285509 
-0.029085 
-0.0294236 
-0.029586 
-0.0295956 
-0.0294741 
-0.0292372 
-0.028892 
-0.0284383 
-0.0278714 
-0.0271855 
-0.0263766 
-0.0254437 
-0.0243898 
-0.0232218 
-0.0219475 
-0.0205757 
-0.0191223 
-0.017604 
-0.0160384 
-0.0144437 
-0.012835 
-0.0112278 
-0.00963278 
-0.00805812 
-0.00651168 
-0.00499866 
-0.00352294 
-0.00208386 
-0.000681396 
0.000690264 
0.00203854 
0.00337915 
0.00472954 
0.00611431 
0.00756269 
0.00911055 
0.0107936 
0.0126379 
0.0146307 
0.0166965 
0.0186599 
0.0202887 
0.0212706 
0.0213732 
0.0202814 
0.0180633 
0.0148854 
0.0110593 
0.00678119 
0.00232001 
-0.00232001 
0.00202879 
-0.00202879 
-0.00554914 
-0.00885471 
-0.0118076 
-0.0144755 
-0.0168123 
-0.0188731 
-0.0206759 
-0.0222668 
-0.0236738 
-0.0249218 
-0.026021 
-0.0269711 
-0.0277624 
-0.0283816 
-0.0288165 
-0.0290611 
-0.0291179 
-0.0289977 
-0.0287161 
-0.0282896 
-0.0277316 
-0.0270516 
-0.0262552 
-0.0253453 
-0.0243248 
-0.0231971 
-0.0219678 
-0.0206449 
-0.0192406 
-0.01777 
-0.0162483 
-0.0146908 
-0.0131152 
-0.0115341 
-0.00996161 
-0.00840153 
-0.00685491 
-0.00532988 
-0.00382929 
-0.00235689 
-0.000910058 
0.000509516 
0.00191062 
0.00330068 
0.00469401 
0.00610629 
0.00755936 
0.00907869 
0.0106945 
0.0124345 
0.0143146 
0.0163119 
0.0183425 
0.0202301 
0.0217421 
0.0225816 
0.0225147 
0.0213133 
0.0190054 
0.0157211 
0.0117292 
0.00722189 
0.00247513 
-0.00247513 
0.00204549 
-0.00204549 
-0.00560651 
-0.00893907 
-0.011884 
-0.0145173 
-0.0167793 
-0.0187197 
-0.0203587 
-0.0217508 
-0.0229398 
-0.0239714 
-0.0248788 
-0.0256842 
-0.0263949 
-0.0270054 
-0.027499 
-0.0278531 
-0.0280449 
-0.0280569 
-0.0278801 
-0.0275147 
-0.0269687 
-0.0262552 
-0.0253896 
-0.0243888 
-0.0232694 
-0.0220483 
-0.0207414 
-0.019364 
-0.0179295 
-0.0164465 
-0.0149221 
-0.013371 
-0.0118114 
-0.0102495 
-0.00869865 
-0.00716192 
-0.00563485 
-0.00412446 
-0.00263105 
-0.00116062 
0.000292375 
0.00172661 
0.0031521 
0.0045752 
0.00600812 
0.00746404 
0.00896102 
0.0105196 
0.0121629 
0.01391 
0.0157664 
0.0177002 
0.0196239 
0.0213679 
0.0227093 
0.0233775 
0.0231501 
0.0218566 
0.0194988 
0.0161755 
0.0121126 
0.00748597 
0.00257145 
-0.00257145 
0.00207501 
-0.00207501 
-0.00571013 
-0.00910522 
-0.0120873 
-0.0147108 
-0.0169272 
-0.0187693 
-0.0202569 
-0.0214452 
-0.0223855 
-0.0231359 
-0.0237467 
-0.0242619 
-0.0247137 
-0.0251219 
-0.0254916 
-0.0258123 
-0.026061 
-0.0262062 
-0.0262142 
-0.0260554 
-0.0257086 
-0.0251629 
-0.0244184 
-0.0234847 
-0.0223799 
-0.0211291 
-0.0197616 
-0.0183077 
-0.0167936 
-0.0152385 
-0.0136532 
-0.0120553 
-0.0104665 
-0.00889853 
-0.00737389 
-0.0058739 
-0.00436383 
-0.0028688 
-0.00138713 
7.58121e-05 
0.00152852 
0.00297204 
0.0044145 
0.00586109 
0.00732102 
0.00880414 
0.0103238 
0.0118946 
0.0135323 
0.0152466 
0.0170333 
0.0188543 
0.0206214 
0.0221773 
0.0233162 
0.0237983 
0.0234196 
0.0220466 
0.0196647 
0.0163452 
0.0122762 
0.00761138 
0.00262103 
-0.00262103 
0.0021177 
-0.0021177 
-0.00585905 
-0.00935122 
-0.0124112 
-0.0150661 
-0.0172694 
-0.0190492 
-0.0204194 
-0.0214351 
-0.0221503 
-0.0226287 
-0.0229276 
-0.0231001 
-0.0231915 
-0.0232404 
-0.0232766 
-0.0233185 
-0.0233709 
-0.0234224 
-0.0234477 
-0.0234108 
-0.0232709 
-0.0229889 
-0.022531 
-0.0218725 
-0.0209991 
-0.0199087 
-0.0186135 
-0.0171428 
-0.015544 
-0.013883 
-0.0122287 
-0.0106435 
-0.00910262 
-0.00757402 
-0.00606902 
-0.00458949 
-0.00309506 
-0.00161448 
-0.000138945 
0.00132167 
0.00277785 
0.00423121 
0.0056884 
0.00715324 
0.00863178 
0.0101301 
0.0116563 
0.0132189 
0.0148257 
0.016478 
0.0181631 
0.0198385 
0.0214187 
0.0227615 
0.0236821 
0.0239722 
0.0234494 
0.0220031 
0.0196104 
0.0163185 
0.0122838 
0.00763585 
0.00263617 
-0.00263617 
0.00217243 
-0.00217243 
-0.00604852 
-0.0096683 
-0.0128376 
-0.0155652 
-0.0177858 
-0.0195361 
-0.0208229 
-0.0217028 
-0.0222342 
-0.0224874 
-0.0225253 
-0.0224042 
-0.0221705 
-0.0218639 
-0.0215193 
-0.0211679 
-0.0208363 
-0.0205434 
-0.0202969 
-0.020091 
-0.0199058 
-0.0197105 
-0.0194668 
-0.0191335 
-0.0186699 
-0.0180376 
-0.0172033 
-0.0161414 
-0.0148397 
-0.0133075 
-0.0115888 
-0.00975363 
-0.00791703 
-0.00618637 
-0.00466675 
-0.00327384 
-0.00176861 
-0.000273844 
0.00118529 
0.00263279 
0.0040781 
0.00552975 
0.00699195 
0.00846619 
0.00995416 
0.0114571 
0.0129771 
0.0145161 
0.0160739 
0.0176443 
0.0192075 
0.0207185 
0.0220965 
0.023215 
0.0239125 
0.0240098 
0.0233475 
0.0218272 
0.0194266 
0.0161713 
0.0121917 
0.00759365 
0.00262824 
-0.00262824 
0.00223698 
-0.00223698 
-0.00627151 
-0.010044 
-0.0133493 
-0.016177 
-0.0184473 
-0.0201902 
-0.0214169 
-0.0221837 
-0.0225571 
-0.0226181 
-0.0224411 
-0.0220906 
-0.0216163 
-0.0210556 
-0.0204374 
-0.0197867 
-0.0191265 
-0.0184795 
-0.0178671 
-0.0173066 
-0.0168082 
-0.0163723 
-0.0159881 
-0.0156343 
-0.0152801 
-0.0148873 
-0.0144107 
-0.0137983 
-0.0129914 
-0.0119281 
-0.0105648 
-0.00889114 
-0.00701645 
-0.0050694 
-0.00343442 
-0.0019502 
-0.000442317 
0.00103785 
0.00249899 
0.00394674 
0.00539419 
0.00684988 
0.00831886 
0.00980131 
0.0112955 
0.012798 
0.0143049 
0.0158112 
0.0173097 
0.018787 
0.0202178 
0.0215563 
0.0227273 
0.0236203 
0.0240963 
0.0240023 
0.023202 
0.0216026 
0.0191874 
0.0159659 
0.0120471 
0.00751421 
0.00260721 
-0.00260721 
0.00230824 
-0.00230824 
-0.00651884 
-0.0104639 
-0.0139267 
-0.0168772 
-0.0192228 
-0.0209773 
-0.022159 
-0.0228238 
-0.023047 
-0.0229234 
-0.0225441 
-0.021988 
-0.0213152 
-0.0205677 
-0.0197736 
-0.0189526 
-0.0181194 
-0.0172875 
-0.0164695 
-0.0156789 
-0.0149283 
-0.0142288 
-0.0135877 
-0.013007 
-0.0124821 
-0.0120018 
-0.0115479 
-0.0110949 
-0.010609 
-0.0100437 
-0.00934588 
-0.00846603 
-0.0073488 
-0.00591848 
-0.0041011 
-0.00191688 
0.000189026 
0.00210082 
0.00374577 
0.00527241 
0.00675352 
0.00822636 
0.00970654 
0.0111967 
0.0126938 
0.0141907 
0.0156783 
0.0171451 
0.0185773 
0.0199551 
0.021249 
0.022413 
0.0233786 
0.0240498 
0.0243086 
0.0240256 
0.0230849 
0.0214007 
0.0189546 
0.0157543 
0.0118894 
0.00742262 
0.00258169 
-0.00258169 
0.00238214 
-0.00238214 
-0.00677881 
-0.0109097 
-0.0145465 
-0.0176394 
-0.0200802 
-0.0218665 
-0.0230149 
-0.0235846 
-0.0236581 
-0.0233457 
-0.0227579 
-0.021992 
-0.0211225 
-0.0202 
-0.0192562 
-0.01831 
-0.0173733 
-0.0164538 
-0.0155575 
-0.0146895 
-0.0138538 
-0.0130543 
-0.0122935 
-0.0115729 
-0.0108926 
-0.0102508 
-0.00964374 
-0.00906469 
-0.00850294 
-0.00793901 
-0.00733666 
-0.00665221 
-0.00582606 
-0.00476241 
-0.00327045 
-0.0014261 
0.000614074 
0.00261957 
0.00449161 
0.00624184 
0.00790144 
0.00950269 
0.0110702 
0.0126168 
0.014146 
0.0156532 
0.0171287 
0.0185582 
0.0199233 
0.0212003 
0.022357 
0.0233484 
0.0241125 
0.024567 
0.0246128 
0.0241414 
0.0230548 
0.0212761 
0.0187824 
0.0155789 
0.0117521 
0.00734054 
0.00255907 
-0.00255907 
0.0024534 
-0.0024534 
-0.00703625 
-0.0113581 
-0.0151784 
-0.0184287 
-0.0209817 
-0.0228187 
-0.023945 
-0.0244258 
-0.0243496 
-0.0238424 
-0.0230362 
-0.0220495 
-0.0209743 
-0.0198718 
-0.0187785 
-0.0177134 
-0.0166858 
-0.0156999 
-0.0147573 
-0.0138581 
-0.0130017 
-0.0121864 
-0.0114092 
-0.0106656 
-0.00994953 
-0.00925459 
-0.00857411 
-0.00790267 
-0.00723532 
-0.00656942 
-0.00588845 
-0.0051609 
-0.00433742 
-0.00339616 
-0.00229687 
-0.0011248 
0.000140923 
0.00168446 
0.00365642 
0.00577155 
0.00790388 
0.00994739 
0.011882 
0.0137077 
0.0154344 
0.0170679 
0.0186086 
0.0200495 
0.0213771 
0.0225703 
0.0235999 
0.0244257 
0.0249941 
0.0252361 
0.0250705 
0.0244078 
0.0231667 
0.0212785 
0.0187222 
0.0154864 
0.0116675 
0.00728877 
0.0025462 
-0.0025462 
0.00251541 
-0.00251541 
-0.00727186 
-0.0117785 
-0.0157827 
-0.0191985 
-0.0218767 
-0.0237787 
-0.0248966 
-0.0252953 
-0.0250714 
-0.024365 
-0.0233321 
-0.0221142 
-0.0208239 
-0.0195352 
-0.01829 
-0.0171073 
-0.0159938 
-0.0149492 
-0.0139705 
-0.0130531 
-0.0121919 
-0.0113814 
-0.0106153 
-0.00988666 
-0.00918705 
-0.0085072 
-0.00783638 
-0.00716472 
-0.00648137 
-0.00578191 
-0.00505766 
-0.00429527 
-0.00345922 
-0.00253543 
-0.00145063 
-0.000256039 
0.000996161 
0.00246633 
0.00418693 
0.00611816 
0.00818807 
0.0103153 
0.012435 
0.0144966 
0.0164615 
0.0183025 
0.0199997 
0.0215362 
0.0228951 
0.024057 
0.024997 
0.0256829 
0.0260722 
0.0261111 
0.0257364 
0.0248777 
0.0234701 
0.0214558 
0.0188146 
0.0155322 
0.0116785 
0.00729105 
0.00254978 
-0.00254978 
0.00256005 
-0.00256005 
-0.00746157 
-0.0121325 
-0.0163085 
-0.0198884 
-0.0226984 
-0.0246767 
-0.0257993 
-0.0261235 
-0.0257575 
-0.024852 
-0.0235886 
-0.0221337 
-0.0206229 
-0.0191449 
-0.017748 
-0.0164513 
-0.0152577 
-0.0141623 
-0.0131567 
-0.0122315 
-0.0113769 
-0.0105833 
-0.00984079 
-0.00913949 
-0.00846856 
-0.00781728 
-0.00717357 
-0.00652676 
-0.00586363 
-0.00517593 
-0.00445028 
-0.0036754 
-0.0028234 
-0.00188518 
-0.000828342 
0.000329651 
0.00161169 
0.00307583 
0.00469098 
0.00644717 
0.00835384 
0.0104052 
0.0125613 
0.0147604 
0.0169344 
0.0190177 
0.0209538 
0.0226953 
0.0242033 
0.0254454 
0.026393 
0.0270174 
0.0272867 
0.027163 
0.0266025 
0.0255556 
0.0239765 
0.0218204 
0.0190735 
0.0157182 
0.0118161 
0.00737 
0.00257562 
-0.00257562 
0.00257777 
-0.00257777 
-0.00757653 
-0.0123727 
-0.0166917 
-0.0204211 
-0.0233608 
-0.0254215 
-0.026561 
-0.0268187 
-0.0263209 
-0.0252239 
-0.023735 
-0.0220452 
-0.0203158 
-0.0186517 
-0.0171092 
-0.0157068 
-0.0144436 
-0.0133087 
-0.0122883 
-0.0113673 
-0.0105315 
-0.00976705 
-0.00906086 
-0.00840039 
-0.00777268 
-0.00716554 
-0.00656525 
-0.00596028 
-0.00533603 
-0.00468314 
-0.0039864 
-0.00323667 
-0.00240882 
-0.00149618 
-0.000466621 
0.000682326 
0.0019483 
0.00337836 
0.00497757 
0.00674531 
0.00866477 
0.0107144 
0.0128606 
0.0150645 
0.017279 
0.0194492 
0.0215143 
0.0234099 
0.0250736 
0.0264486 
0.0274861 
0.0281443 
0.0283877 
0.0281839 
0.0275022 
0.0263107 
0.0245824 
0.0222887 
0.019426 
0.0159791 
0.0120065 
0.00749502 
0.00262067 
-0.00262067 
0.00255783 
-0.00255783 
-0.00758362 
-0.0124437 
-0.0168558 
-0.020702 
-0.0237561 
-0.0258978 
-0.0270641 
-0.0272635 
-0.0266508 
-0.0253806 
-0.0236834 
-0.0217739 
-0.019839 
-0.0180021 
-0.0163279 
-0.0148354 
-0.0135186 
-0.0123607 
-0.0113412 
-0.0104398 
-0.0096372 
-0.00891572 
-0.00825878 
-0.00765126 
-0.00707802 
-0.00652544 
-0.00597854 
-0.00542503 
-0.00484933 
-0.0042407 
-0.00358225 
-0.00286361 
-0.00206255 
-0.00116938 
-0.000161107 
0.000972371 
0.0022411 
0.00367274 
0.00526346 
0.00701447 
0.0089174 
0.0109558 
0.0130975 
0.0153033 
0.0175274 
0.0197229 
0.0218312 
0.0237896 
0.0255324 
0.0269943 
0.028114 
0.0288354 
0.0291108 
0.0289011 
0.0281755 
0.0269091 
0.0250864 
0.0226921 
0.0197334 
0.0162027 
0.0121588 
0.00758811 
0.00265674 
-0.00265674 
0.00248893 
-0.00248893 
-0.00744698 
-0.012284 
-0.0167131 
-0.0206192 
-0.0237524 
-0.0259605 
-0.027153 
-0.0273124 
-0.0266086 
-0.025199 
-0.0233281 
-0.0212316 
-0.0191204 
-0.0171372 
-0.0153567 
-0.0137983 
-0.0124517 
-0.0112929 
-0.0102953 
-0.00943271 
-0.00868104 
-0.00801888 
-0.00742652 
-0.0068866 
-0.00638211 
-0.00589819 
-0.00541872 
-0.00493067 
-0.00441772 
-0.00386828 
-0.00326443 
-0.00259505 
-0.00183814 
-0.000982543 
-6.19554e-06 
0.00110651 
0.00236305 
0.00378771 
0.00538404 
0.00715609 
0.00909361 
0.0111785 
0.0133788 
0.0156512 
0.0179424 
0.0201892 
0.0223238 
0.0242823 
0.0260057 
0.0274394 
0.0285306 
0.0292279 
0.0294827 
0.0292515 
0.0284984 
0.0271951 
0.0253258 
0.0228788 
0.0198667 
0.0162882 
0.0122049 
0.00760793 
0.00265898 
-0.00265898 
0.00236015 
-0.00236015 
-0.00713096 
-0.0118303 
-0.0161707 
-0.0200499 
-0.0232016 
-0.0254452 
-0.0266593 
-0.0267947 
-0.0260335 
-0.0245354 
-0.0225468 
-0.0203186 
-0.0180807 
-0.0159949 
-0.0141468 
-0.0125578 
-0.0112132 
-0.0100826 
-0.0091329 
-0.00833235 
-0.00765239 
-0.00706813 
-0.00655714 
-0.00610012 
-0.00567846 
-0.00527636 
-0.00487685 
-0.0044663 
-0.00402791 
-0.00354899 
-0.00301083 
-0.00240052 
-0.00169669 
-0.000885622 
5.25521e-05 
0.00113668 
0.00237769 
0.00379702 
0.00539983 
0.00719232 
0.00916779 
0.0113096 
0.0135846 
0.015944 
0.0183245 
0.0206511 
0.022843 
0.0248237 
0.026528 
0.0279027 
0.0289047 
0.0294967 
0.0296459 
0.0293217 
0.0284951 
0.027139 
0.0252346 
0.0227665 
0.0197443 
0.0161672 
0.0120973 
0.00753109 
0.00262612 
-0.00262612 
0.00216233 
-0.00216233 
-0.00660429 
-0.011025 
-0.0151398 
-0.0188714 
-0.0219489 
-0.0241755 
-0.0253973 
-0.0255246 
-0.0247498 
-0.023233 
-0.0212073 
-0.0189279 
-0.016637 
-0.0145125 
-0.0126514 
-0.0110788 
-0.00977723 
-0.00871075 
-0.00784014 
-0.00712889 
-0.00654444 
-0.00605909 
-0.00564817 
-0.00529105 
-0.00496804 
-0.00466275 
-0.00435778 
-0.00403911 
-0.00368973 
-0.00329601 
-0.00283858 
-0.00230321 
-0.00166844 
-0.000918682 
-3.48593e-05 
0.00100607 
0.00221674 
0.00362057 
0.00522773 
0.00704826 
0.00907815 
0.0113009 
0.0136803 
0.0161603 
0.0186657 
0.021108 
0.0233918 
0.0254254 
0.0271241 
0.0284318 
0.0293129 
0.0297445 
0.0297145 
0.0292164 
0.0282431 
0.0267816 
0.0248179 
0.0223336 
0.0193311 
0.0158036 
0.0118071 
0.00734041 
0.00255352 
-0.00255352 
0.0018896 
-0.0018896 
-0.00584536 
-0.00982557 
-0.0135512 
-0.0169802 
-0.0198536 
-0.0219793 
-0.0231797 
-0.0233163 
-0.0225825 
-0.0211363 
-0.0191781 
-0.0169547 
-0.0147092 
-0.012631 
-0.0108281 
-0.00933146 
-0.008123 
-0.00716299 
-0.00640754 
-0.00581625 
-0.00535353 
-0.00498964 
-0.00469852 
-0.00445877 
-0.00425026 
-0.00405645 
-0.00385999 
-0.00364672 
-0.00339978 
-0.0031046 
-0.00274138 
-0.00229485 
-0.00174367 
-0.00107069 
-0.000255583 
0.000725217 
0.00189149 
0.00326824 
0.0048714 
0.00671531 
0.00879947 
0.0111073 
0.0135978 
0.0162055 
0.0188423 
0.0214054 
0.0237859 
0.0258768 
0.0275857 
0.0288344 
0.0295972 
0.0298573 
0.0296195 
0.0289044 
0.0277346 
0.0261229 
0.0240715 
0.0215671 
0.0186066 
0.0151743 
0.0113145 
0.00702319 
0.00243732 
-0.00243732 
0.0015408 
-0.0015408 
-0.00484733 
-0.0082152 
-0.0113715 
-0.0143182 
-0.0168205 
-0.0187202 
-0.0198452 
-0.0200137 
-0.0193867 
-0.0181148 
-0.0163482 
-0.0143092 
-0.0122296 
-0.0103022 
-0.00864431 
-0.00729448 
-0.00623732 
-0.00543185 
-0.00483149 
-0.0043934 
-0.00408031 
-0.00386155 
-0.00371061 
-0.00360615 
-0.00352833 
-0.00346109 
-0.00338759 
-0.00329399 
-0.00316388 
-0.00298195 
-0.00272851 
-0.0023879 
-0.00193878 
-0.00136275 
-0.000636435 
0.00026316 
0.0013643 
0.00269485 
0.00427792 
0.00613166 
0.00825828 
0.0106386 
0.0132242 
0.0159384 
0.0186814 
0.0213401 
0.023797 
0.0259362 
0.0276598 
0.028862 
0.0295174 
0.029614 
0.0291705 
0.028234 
0.0268579 
0.0250852 
0.0229421 
0.0204278 
0.0175394 
0.0142535 
0.0105998 
0.00656677 
0.00227333 
-0.00227333 
0.00112015 
-0.00112015 
-0.00362173 
-0.0062112 
-0.00862001 
-0.0109003 
-0.0128471 
-0.0143582 
-0.0153086 
-0.0155288 
-0.0150849 
-0.0140944 
-0.01265 
-0.0109337 
-0.00915335 
-0.00749516 
-0.00608119 
-0.00495825 
-0.00411681 
-0.00351801 
-0.00311511 
-0.00286487 
-0.00272989 
-0.00267991 
-0.00268918 
-0.00273731 
-0.00280562 
-0.00287916 
-0.00294219 
-0.00298169 
-0.00298202 
-0.00292751 
-0.00279943 
-0.00258217 
-0.0022546 
-0.00179644 
-0.00118236 
-0.000385923 
0.000623785 
0.00188167 
0.00341646 
0.00524906 
0.00738173 
0.00978897 
0.0124124 
0.0151648 
0.0179393 
0.0206215 
0.0230943 
0.0252429 
0.0269584 
0.0281323 
0.0287015 
0.0286674 
0.0280559 
0.0269387 
0.025398 
0.0235057 
0.021313 
0.0188355 
0.016075 
0.0130039 
0.00963804 
0.0059566 
0.00205673 
-0.00205673 
0.000636066 
-0.000636066 
-0.00219696 
-0.00386563 
-0.00537056 
-0.00682352 
-0.00804643 
-0.00900255 
-0.00963026 
-0.00989976 
-0.00970675 
-0.00908712 
-0.00808368 
-0.00682187 
-0.00547325 
-0.0042055 
-0.00313956 
-0.0023286 
-0.00177064 
-0.00143222 
-0.0012696 
-0.00124146 
-0.00131228 
-0.00145375 
-0.00164217 
-0.00185906 
-0.00208783 
-0.00231538 
-0.00252771 
-0.00271323 
-0.00285732 
-0.00294472 
-0.00295862 
-0.00288372 
-0.00269913 
-0.00238289 
-0.00190789 
-0.00124346 
-0.000356814 
0.00079125 
0.00223403 
0.00399308 
0.00606465 
0.00841277 
0.0109678 
0.0136368 
0.0163159 
0.0189028 
0.0212943 
0.0233891 
0.0250702 
0.026234 
0.0267484 
0.0266366 
0.0259242 
0.0247067 
0.0230922 
0.0211762 
0.0190296 
0.0166819 
0.0141412 
0.011379 
0.00840062 
0.00517701 
0.00178257 
-0.00178257 
9.74428e-05 
-9.74428e-05 
-0.000612011 
-0.00126186 
-0.0017447 
-0.00224982 
-0.00261324 
-0.00288124 
-0.00307547 
-0.00333893 
-0.00342319 
-0.00322211 
-0.00273629 
-0.00203015 
-0.00122693 
-0.000460856 
0.00015805 
0.00057332 
0.000779824 
0.000804243 
0.000684799 
0.000458358 
0.000156323 
-0.000196678 
-0.000580468 
-0.000979909 
-0.00138142 
-0.0017743 
-0.00214695 
-0.00248988 
-0.00278976 
-0.00303285 
-0.00320506 
-0.0032915 
-0.00327198 
-0.00312349 
-0.00281761 
-0.00232092 
-0.00159654 
-0.000606008 
0.000682499 
0.00228899 
0.00419579 
0.00635409 
0.00868612 
0.0111022 
0.0135161 
0.015853 
0.0180378 
0.0199926 
0.0215995 
0.0227678 
0.0232785 
0.0231636 
0.0224397 
0.0212341 
0.0196796 
0.017886 
0.0159327 
0.0138547 
0.0116637 
0.0093329 
0.0068608 
0.0042144 
0.00144689 
-0.00144689 
-0.000480715 
0.000480715 
0.00108383 
0.00151187 
0.00211236 
0.00262264 
0.00316563 
0.00359612 
0.00379733 
0.0036668 
0.00341942 
0.00325585 
0.00323139 
0.0033421 
0.00352623 
0.00369799 
0.00377663 
0.00371453 
0.0035034 
0.00316266 
0.00272243 
0.00221214 
0.00165657 
0.00107483 
0.000482028 
-0.000110915 
-0.000694388 
-0.0012614 
-0.00180334 
-0.0023132 
-0.00277942 
-0.0031911 
-0.00353715 
-0.00380365 
-0.00397185 
-0.00401888 
-0.00391597 
-0.00362844 
-0.00311771 
-0.00234611 
-0.00128812 
5.69738e-05 
0.00166229 
0.00346327 
0.00538426 
0.00735128 
0.0093121 
0.0112308 
0.0130691 
0.0147794 
0.0162561 
0.017429 
0.0179855 
0.0179445 
0.0173215 
0.0162744 
0.0149556 
0.0134743 
0.0119035 
0.0102719 
0.00859045 
0.00683538 
0.00500323 
0.00306288 
0.00104892 
-0.00104892 
-0.00108183 
0.00108183 
0.00284641 
0.00438618 
0.00607201 
0.00759559 
0.00899292 
0.0100442 
0.0106163 
0.0107029 
0.0104512 
0.010045 
0.00958349 
0.00911836 
0.0086557 
0.00817348 
0.00763923 
0.00703109 
0.00634659 
0.00559883 
0.00480734 
0.00399106 
0.00316562 
0.00234264 
0.00153095 
0.000736652 
-3.5246e-05 
-0.000781982 
-0.00149923 
-0.00218297 
-0.00282382 
-0.00341503 
-0.00394861 
-0.00441258 
-0.00479075 
-0.00506182 
-0.00519847 
-0.00516702 
-0.00493072 
-0.00445659 
-0.00372957 
-0.00276644 
-0.0016184 
-0.000354159 
0.000961643 
0.00229063 
0.00362518 
0.00496632 
0.00631142 
0.00764138 
0.00888315 
0.0100107 
0.0107065 
0.0108163 
0.0103985 
0.00967971 
0.00881205 
0.00786954 
0.00689805 
0.00590911 
0.00491065 
0.00388536 
0.00283206 
0.00172865 
0.000592285 
-0.000592285 
-0.0016958 
0.0016958 
0.00465163 
0.0073181 
0.0100526 
0.0125385 
0.0147116 
0.0163331 
0.0172973 
0.0176368 
0.0174525 
0.0168936 
0.0160666 
0.0150621 
0.0139528 
0.0127915 
0.0116082 
0.0104176 
0.009229 
0.00805082 
0.00689134 
0.00575745 
0.0046542 
0.00358456 
0.00255018 
0.00155126 
0.000587855 
-0.000341216 
-0.00123645 
-0.00209791 
-0.00291905 
-0.00369799 
-0.0044302 
-0.00510689 
-0.00571563 
-0.00623857 
-0.00665203 
-0.00692659 
-0.00703153 
-0.00694414 
-0.00666442 
-0.00622557 
-0.00568915 
-0.0051207 
-0.00455916 
-0.00400124 
-0.00341716 
-0.00277726 
-0.00206026 
-0.0012677 
-0.000434943 
0.000403889 
0.00106137 
0.00144261 
0.00154412 
0.00146071 
0.00132561 
0.00116282 
0.000999305 
0.00083349 
0.000677272 
0.000525438 
0.000382087 
0.000242211 
9.21671e-05 
-9.21671e-05 
-0.00231946 
0.00231946 
0.00649252 
0.0102908 
0.014022 
0.0173971 
0.0202737 
0.0224312 
0.0237904 
0.0243942 
0.0243088 
0.0236379 
0.0224809 
0.0209604 
0.0192146 
0.0173745 
0.0155371 
0.013758 
0.0120606 
0.0104493 
0.00892112 
0.00747032 
0.00609083 
0.00477659 
0.00352171 
0.00232044 
0.00116722 
5.7e-05 
-0.00101558 
-0.00205482 
-0.00305857 
-0.00402982 
-0.00496814 
-0.00586921 
-0.00672572 
-0.00752521 
-0.00825027 
-0.00887907 
-0.00939118 
-0.00977788 
-0.0100556 
-0.0102693 
-0.0104778 
-0.0107231 
-0.0110077 
-0.0112954 
-0.0115326 
-0.0116719 
-0.0116817 
-0.0115528 
-0.0112954 
-0.0109328 
-0.0104466 
-0.00970007 
-0.0088375 
-0.0080045 
-0.0071847 
-0.00638442 
-0.00558973 
-0.00479849 
-0.00399094 
-0.00315432 
-0.00228071 
-0.00135403 
-0.000435784 
0.000435784 
-0.00295406 
0.00295406 
0.00837408 
0.0133105 
0.0179908 
0.0221791 
0.0256967 
0.0283546 
0.0300902 
0.03094 
0.0309358 
0.03014 
0.0286455 
0.0266098 
0.0242391 
0.0217406 
0.019274 
0.0169317 
0.014748 
0.012723 
0.0108422 
0.00908792 
0.00744367 
0.0058947 
0.00442798 
0.00303186 
0.00169548 
0.000409568 
-0.000835946 
-0.00204911 
-0.00323376 
-0.00439753 
-0.00554484 
-0.00667698 
-0.00779301 
-0.00888783 
-0.00995273 
-0.0109765 
-0.0119519 
-0.0128848 
-0.0138039 
-0.0147555 
-0.0157819 
-0.0168934 
-0.0180583 
-0.019214 
-0.0202913 
-0.0212313 
-0.0219902 
-0.0225346 
-0.0228254 
-0.0227986 
-0.0222562 
-0.0211671 
-0.0196697 
-0.0179677 
-0.0161874 
-0.0143872 
-0.0125807 
-0.0107661 
-0.00892193 
-0.00702341 
-0.00506203 
-0.00301142 
-0.000979708 
0.000979708 
-0.00360275 
0.00360275 
0.0103056 
0.0163939 
0.0219931 
0.0269303 
0.0310319 
0.0341421 
0.0362081 
0.0372476 
0.0372563 
0.0362684 
0.0343862 
0.031816 
0.0288349 
0.0257188 
0.022677 
0.0198259 
0.0172042 
0.014805 
0.0126033 
0.010571 
0.00868279 
0.00691639 
0.00525255 
0.00367435 
0.00216612 
0.000714337 
-0.00069527 
-0.00207445 
-0.00343373 
-0.00478523 
-0.00613881 
-0.00750223 
-0.008882 
-0.010282 
-0.0117043 
-0.0131502 
-0.0146262 
-0.0161507 
-0.0177564 
-0.0194791 
-0.0213344 
-0.0232987 
-0.0253109 
-0.0272895 
-0.0291514 
-0.0308207 
-0.0322276 
-0.0332985 
-0.0339412 
-0.0340446 
-0.0334178 
-0.0320734 
-0.030113 
-0.0277381 
-0.0251354 
-0.0224181 
-0.0196361 
-0.016802 
-0.0139035 
-0.0109181 
-0.00784335 
-0.00466256 
-0.0015197 
0.0015197 
-0.00426634 
0.00426634 
0.012287 
0.0195449 
0.0260516 
0.0316913 
0.0363211 
0.0398171 
0.0421335 
0.0432582 
0.0431558 
0.0418596 
0.0395106 
0.0363825 
0.0328221 
0.0291573 
0.0256243 
0.022346 
0.0193561 
0.016639 
0.0141608 
0.0118859 
0.00978214 
0.00782199 
0.00598116 
0.00423841 
0.00257396 
0.000970406 
-0.000590201 
-0.00212331 
-0.00364603 
-0.00517494 
-0.00672564 
-0.00831286 
-0.00995128 
-0.0116548 
-0.0134372 
-0.0153132 
-0.0173018 
-0.0194286 
-0.0217218 
-0.0241967 
-0.0268375 
-0.0295896 
-0.0323687 
-0.0350779 
-0.0376188 
-0.0398941 
-0.0418047 
-0.0432418 
-0.0440858 
-0.0442224 
-0.0435044 
-0.0419669 
-0.0396815 
-0.0368213 
-0.0335728 
-0.0300759 
-0.0264117 
-0.0226166 
-0.0186984 
-0.0146521 
-0.0104918 
-0.00622971 
-0.00203147 
0.00203147 
-0.00493805 
0.00493805 
0.0142929 
0.0227271 
0.0301357 
0.0364413 
0.0415379 
0.0453283 
0.0477721 
0.04882 
0.0484338 
0.0466883 
0.0437984 
0.0401168 
0.0360464 
0.0319384 
0.0280276 
0.0244248 
0.0211516 
0.0181837 
0.0154817 
0.013006 
0.010721 
0.0085956 
0.0066023 
0.00471654 
0.00291538 
0.00117806 
-0.000516426 
-0.0021871 
-0.00385713 
-0.00554734 
-0.00727911 
-0.00907411 
-0.0109554 
-0.0129471 
-0.015075 
-0.0173665 
-0.0198505 
-0.0225544 
-0.0254941 
-0.0286588 
-0.0320009 
-0.0354383 
-0.0388687 
-0.0421824 
-0.0452672 
-0.0480076 
-0.0502831 
-0.0519665 
-0.0529336 
-0.0530809 
-0.0522947 
-0.0506153 
-0.0480989 
-0.044887 
-0.0411423 
-0.0370057 
-0.0325768 
-0.0279169 
-0.0230607 
-0.0180324 
-0.0128736 
-0.00763509 
-0.00249067 
0.00249067 
-0.00559794 
0.00559794 
0.0162564 
0.0258343 
0.0341146 
0.0410337 
0.0465111 
0.050468 
0.052868 
0.0536354 
0.0527829 
0.0504754 
0.0470274 
0.0428622 
0.0384068 
0.033999 
0.0298449 
0.0260305 
0.0225636 
0.0194151 
0.0165449 
0.0139135 
0.0114845 
0.00922564 
0.00710749 
0.00510345 
0.00318829 
0.0013386 
-0.000469028 
-0.00225687 
-0.00405328 
-0.00588298 
-0.0077727 
-0.00975066 
-0.0118479 
-0.0140981 
-0.0165381 
-0.0192066 
-0.0221398 
-0.0253623 
-0.0288736 
-0.032635 
-0.0365685 
-0.0405684 
-0.0445179 
-0.0482975 
-0.0517865 
-0.05486 
-0.057388 
-0.0592378 
-0.0602882 
-0.0604451 
-0.0596163 
-0.057838 
-0.0551549 
-0.0516805 
-0.0475512 
-0.0428983 
-0.0378302 
-0.0324297 
-0.026761 
-0.0208825 
-0.0148697 
-0.00881048 
-0.00287575 
0.00287575 
-0.00620953 
0.00620953 
0.0180604 
0.0286734 
