0 
-0.00155451 
-0.0020173 
-0.000690759 
0.00174749 
0.00462072 
0.00778925 
0.0110507 
0.014341 
0.0176097 
0.0208457 
0.0240519 
0.0272414 
0.0304307 
0.0336362 
0.0368715 
0.0401463 
0.043465 
0.0468266 
0.0502243 
0.0536459 
0.0570738 
0.0604851 
0.063853 
0.0671464 
0.0703315 
0.0733719 
0.07623 
0.0788676 
0.0812467 
0.0833307 
0.0850849 
0.0864772 
0.0874791 
0.0880664 
0.0882221 
0.0879311 
0.0871821 
0.0859679 
0.0842861 
0.0821387 
0.0795331 
0.0764826 
0.0730079 
0.0691387 
0.0649148 
0.060388 
0.0556226 
0.0506958 
0.0456965 
0.0407241 
0.0358841 
0.0312809 
0.026999 
0.0230775 
0.0194994 
0.0162234 
0.0132308 
0.0105367 
0.00816009 
0.00610446 
0.00435349 
0.00287529 
0.0016216 
0.000518344 
0 
0.00155451 
-0.00155451 
-0.0020173 
-0.000690759 
0.00174749 
0.00462072 
0.00778925 
0.0110507 
0.014341 
0.0176097 
0.0208457 
0.0240519 
0.0272414 
0.0304307 
0.0336362 
0.0368715 
0.0401463 
0.043465 
0.0468266 
0.0502243 
0.0536459 
0.0570738 
0.0604851 
0.063853 
0.0671464 
0.0703315 
0.0733719 
0.07623 
0.0788676 
0.0812467 
0.0833307 
0.0850849 
0.0864772 
0.0874791 
0.0880664 
0.0882221 
0.0879311 
0.0871821 
0.0859679 
0.0842861 
0.0821387 
0.0795331 
0.0764826 
0.0730079 
0.0691387 
0.0649148 
0.060388 
0.0556226 
0.0506958 
0.0456965 
0.0407241 
0.0358841 
0.0312809 
0.026999 
0.0230775 
0.0194994 
0.0162234 
0.0132308 
0.0105367 
0.00816009 
0.00610446 
0.00435349 
0.00287529 
0.0016216 
0.000518344 
-0.000518344 
0.000254758 
-0.000254758 
0.0011484 
0.00270942 
0.00492537 
0.0075026 
0.0103209 
0.0132276 
0.0161612 
0.0190813 
0.0219799 
0.0248629 
0.0277454 
0.0306451 
0.0335794 
0.0365625 
0.0396046 
0.0427102 
0.0458785 
0.0491027 
0.0523704 
0.0556633 
0.0589584 
0.0622278 
0.0654398 
0.0685596 
0.0715502 
0.074373 
0.0769893 
0.0793607 
0.0814501 
0.0832228 
0.0846467 
0.0856947 
0.0863371 
0.0865535 
0.0863292 
0.0856521 
0.0845148 
0.0829147 
0.0808532 
0.0783371 
0.0753786 
0.071997 
0.0682202 
0.0640864 
0.0596456 
0.0549608 
0.0501082 
0.0451761 
0.0402624 
0.0354702 
0.0308984 
0.0266262 
0.0226932 
0.0190951 
0.0158099 
0.0128307 
0.0101681 
0.00783026 
0.00581431 
0.00410557 
0.00267952 
0.00149277 
0.000472146 
-0.000472146 
-0.000843196 
0.000843196 
0.00246026 
0.00429782 
0.00644092 
0.00880317 
0.0112927 
0.0138217 
0.0163516 
0.0188654 
0.0213679 
0.0238747 
0.0264063 
0.0289836 
0.0316253 
0.0343457 
0.037154 
0.0400537 
0.0430421 
0.0461109 
0.0492454 
0.0524258 
0.0556269 
0.058819 
0.0619686 
0.0650392 
0.0679921 
0.0707876 
0.0733855 
0.0757466 
0.0778332 
0.0796103 
0.0810464 
0.082115 
0.0827927 
0.0830602 
0.0829044 
0.0823147 
0.081285 
0.079813 
0.0778999 
0.0755507 
0.072775 
0.0695881 
0.0660127 
0.0620812 
0.0578377 
0.0533399 
0.0486594 
0.0438814 
0.0391013 
0.0344195 
0.0299314 
0.0257124 
0.0218029 
0.018209 
0.0149278 
0.0119672 
0.0093414 
0.00705568 
0.00511009 
0.00349563 
0.00219574 
0.00117498 
0.00035858 
-0.00035858 
-0.000777235 
0.000777235 
0.00264717 
0.00471614 
0.00686951 
0.00906705 
0.0112599 
0.0134247 
0.0155587 
0.0176748 
0.0197952 
0.0219465 
0.0241547 
0.0264427 
0.0288283 
0.0313239 
0.0339359 
0.0366647 
0.039505 
0.0424457 
0.0454699 
0.0485558 
0.0516765 
0.0548006 
0.0578932 
0.0609167 
0.0638311 
0.0665958 
0.0691698 
0.0715128 
0.0735865 
0.0753554 
0.0767874 
0.0778562 
0.0785398 
0.0788213 
0.0786913 
0.0781424 
0.0771725 
0.0757831 
0.0739787 
0.0717663 
0.0691556 
0.06616 
0.0627977 
0.059095 
0.055088 
0.0508263 
0.0463739 
0.0418094 
0.0372232 
0.0327114 
0.0283651 
0.0242551 
0.0204201 
0.0168745 
0.0136337 
0.0107213 
0.00815621 
0.0059442 
0.00408933 
0.00259549 
0.00146776 
0.000682707 
0.000177358 
-0.000177358 
-0.000791261 
0.000791261 
0.00274689 
0.00481796 
0.00682312 
0.00876807 
0.0106289 
0.0124277 
0.0141867 
0.0159406 
0.0177232 
0.0195678 
0.0215014 
0.0235453 
0.025714 
0.028016 
0.0304539 
0.0330251 
0.035722 
0.0385318 
0.0414368 
0.0444143 
0.0474368 
0.0504728 
0.0534871 
0.0564416 
0.0592963 
0.06201 
0.0645414 
0.0668498 
0.0688962 
0.0706445 
0.0720621 
0.0731221 
0.0738024 
0.074086 
0.0739659 
0.0734378 
0.0725031 
0.0711678 
0.0694406 
0.0673324 
0.0648555 
0.0620239 
0.0588547 
0.0553697 
0.051599 
0.0475843 
0.0433813 
0.0390606 
0.0347057 
0.0304064 
0.026247 
0.0222902 
0.0185704 
0.0151084 
0.0119364 
0.00909069 
0.00659341 
0.00445113 
0.00268444 
0.00133209 
0.00042289 
-4.83151e-05 
-0.000101505 
0.000101505 
-0.000710293 
0.000710293 
0.00258532 
0.00454393 
0.00634176 
0.00801896 
0.00956784 
0.0110429 
0.012482 
0.0139341 
0.0154388 
0.0170304 
0.0187338 
0.0205662 
0.0225377 
0.024653 
0.0269124 
0.0293118 
0.0318432 
0.0344942 
0.0372477 
0.040082 
0.0429706 
0.0458827 
0.0487837 
0.0516363 
0.0544008 
0.0570365 
0.0595021 
0.0617567 
0.0637609 
0.0654778 
0.0668737 
0.067921 
0.068596 
0.06888 
0.0687682 
0.0682581 
0.0673543 
0.0660664 
0.0644069 
0.0623902 
0.0600317 
0.0573473 
0.0543542 
0.0510726 
0.0475286 
0.043758 
0.0398095 
0.0357465 
0.0316451 
0.0275871 
0.023647 
0.019876 
0.0163012 
0.0129495 
0.00986792 
0.00709915 
0.00466303 
0.00257877 
0.000904516 
-0.000285949 
-0.000948788 
-0.0010309 
-0.00048174 
0.00048174 
-0.000645101 
0.000645101 
0.0023617 
0.00410649 
0.00563499 
0.00702604 
0.00828028 
0.00947092 
0.0106401 
0.011842 
0.0131144 
0.0144888 
0.0159848 
0.0176149 
0.0193858 
0.0213002 
0.0233578 
0.0255552 
0.0278857 
0.030339 
0.0329001 
0.0355492 
0.0382618 
0.0410086 
0.0437568 
0.0464699 
0.0491097 
0.0516362 
0.0540086 
0.0561865 
0.05813 
0.0598014 
0.0611661 
0.0621955 
0.0628646 
0.0631539 
0.0630594 
0.0625796 
0.0617208 
0.0604945 
0.0589152 
0.0569994 
0.0547644 
0.0522278 
0.0494078 
0.0463242 
0.0430014 
0.0394721 
0.0357801 
0.0319831 
0.0281502 
0.024354 
0.0206559 
0.0170918 
0.0136806 
0.0104564 
0.00747595 
0.00477908 
0.00238573 
0.000349725 
-0.00122464 
-0.0022678 
-0.00265223 
-0.00221589 
-0.000910981 
0.000910981 
-0.000543374 
0.000543374 
0.00203083 
0.0035148 
0.00476169 
0.00588273 
0.00687779 
0.00782878 
0.00877369 
0.00976574 
0.0108364 
0.012012 
0.0133066 
0.0147294 
0.0162852 
0.0179765 
0.0198042 
0.0217669 
0.0238606 
0.0260777 
0.0284061 
0.030829 
0.0333244 
0.0358655 
0.0384214 
0.0409577 
0.043438 
0.0458238 
0.0480758 
0.0501539 
0.0520183 
0.053631 
0.054956 
0.0559636 
0.0566267 
0.0569245 
0.0568544 
0.0564165 
0.0556187 
0.0544733 
0.0529953 
0.051201 
0.049108 
0.0467339 
0.044097 
0.0412175 
0.0381195 
0.0348344 
0.0314038 
0.0278814 
0.0243299 
0.0208112 
0.0173701 
0.0140244 
0.0107869 
0.00769894 
0.00482052 
0.00217844 
-0.000182592 
-0.00216688 
-0.00366818 
-0.00451451 
-0.00447369 
-0.00334174 
-0.00128205 
0.00128205 
-0.000440507 
0.000440507 
0.00166685 
0.00286088 
0.00382577 
0.00469325 
0.00545779 
0.00620157 
0.00695271 
0.0077589 
0.0086428 
0.00962506 
0.0107152 
0.0119203 
0.0132447 
0.0146921 
0.016265 
0.0179647 
0.0197902 
0.0217372 
0.0237969 
0.025956 
0.0281957 
0.0304922 
0.0328175 
0.0351401 
0.0374256 
0.0396382 
0.0417402 
0.0436928 
0.0454564 
0.0469928 
0.0482654 
0.0492438 
0.049899 
0.0502102 
0.0501759 
0.0497973 
0.0490827 
0.0480438 
0.0466941 
0.0450486 
0.0431228 
0.0409334 
0.0384981 
0.0358371 
0.0329752 
0.0299441 
0.0267852 
0.0235496 
0.0202933 
0.0170654 
0.0138904 
0.010768 
0.00770849 
0.00476106 
0.00197522 
-0.000620866 
-0.00294551 
-0.00488408 
-0.00622365 
-0.00668167 
-0.00599398 
-0.00414914 
-0.0015304 
0.0015304 
-0.000327226 
0.000327226 
0.0012725 
0.00217096 
0.00287057 
0.00350672 
0.00406766 
0.00462925 
0.00520752 
0.00584217 
0.00654659 
0.00733654 
0.00821792 
0.00919706 
0.0102784 
0.0114668 
0.0127669 
0.0141824 
0.0157153 
0.0173646 
0.0191254 
0.020988 
0.0229378 
0.0249547 
0.0270143 
0.0290883 
0.0311456 
0.0331531 
0.0350757 
0.0368763 
0.0385165 
0.0399581 
0.0411645 
0.0421055 
0.0427495 
0.0430769 
0.0430883 
0.0427862 
0.0421782 
0.0412732 
0.0400814 
0.0386138 
0.0368831 
0.0349035 
0.0326917 
0.0302683 
0.0276592 
0.024898 
0.0220265 
0.019094 
0.0161487 
0.0132228 
0.0103181 
0.00741925 
0.00454037 
0.00173245 
-0.000967197 
-0.00351435 
-0.00578658 
-0.007571 
-0.00853054 
-0.00837765 
-0.00697445 
-0.00463275 
-0.00166793 
0.00166793 
-0.000215262 
0.000215262 
0.000877551 
0.00148537 
0.00193942 
0.00236198 
0.00273896 
0.00313422 
0.00355238 
0.00402351 
0.00455263 
0.00515123 
0.00582255 
0.00657239 
0.00740537 
0.00832745 
0.00934462 
0.0104627 
0.0116864 
0.0130179 
0.0144563 
0.0159963 
0.0176275 
0.0193346 
0.0210974 
0.0228916 
0.0246896 
0.0264615 
0.0281753 
0.0297966 
0.0312883 
0.0326128 
0.0337347 
0.0346243 
0.0352516 
0.0356012 
0.0356747 
0.035473 
0.0349994 
0.0342574 
0.033252 
0.0319897 
0.0304795 
0.0287333 
0.0267669 
0.0246016 
0.0222653 
0.0197938 
0.0172303 
0.0146208 
0.0120025 
0.00938687 
0.00675262 
0.00407569 
0.00138023 
-0.0012899 
-0.00390742 
-0.00638307 
-0.00850198 
-0.00993048 
-0.0103036 
-0.0094649 
-0.00751671 
-0.00488815 
-0.00173403 
0.00173403 
-0.000103438 
0.000103438 
0.000488969 
0.0008203 
0.00105001 
0.00127475 
0.00148322 
0.00172307 
0.00199016 
0.00230392 
0.00266265 
0.00307379 
0.00353852 
0.00406193 
0.00464848 
0.0053045 
0.00603686 
0.00685284 
0.00775929 
0.00876153 
0.00986238 
0.0110611 
0.0123525 
0.0137265 
0.0151678 
0.0166564 
0.0181688 
0.0196787 
0.0211574 
0.0225741 
0.0238947 
0.0250821 
0.0261021 
0.0269261 
0.027532 
0.0279129 
0.0280674 
0.0279898 
0.0276751 
0.0271196 
0.0263226 
0.0252859 
0.0240156 
0.0225215 
0.0208196 
0.0189324 
0.0168903 
0.0147316 
0.0124997 
0.0102349 
0.00795823 
0.00565645 
0.00328854 
0.000834795 
-0.00167532 
-0.00421654 
-0.00673868 
-0.00906369 
-0.0108654 
-0.0117537 
-0.011466 
-0.0100425 
-0.0077651 
-0.00498002 
-0.00175142 
0.00175142 
5.37259e-06 
-5.37259e-06 
0.000117073 
0.000190418 
0.000214287 
0.000254205 
0.000305408 
0.000397299 
0.000520388 
0.000682815 
0.000878105 
0.0011093 
0.00137587 
0.00168162 
0.00203039 
0.00242815 
0.00288195 
0.00339982 
0.00399014 
0.00466082 
0.00541836 
0.00626666 
0.0072059 
0.00823156 
0.00933399 
0.0104985 
0.0117057 
0.0129333 
0.0141559 
0.0153473 
0.0164782 
0.0175144 
0.0184231 
0.0191749 
0.0197665 
0.0201945 
0.0204459 
0.0205057 
0.0203609 
0.0200015 
0.0194218 
0.0186203 
0.0176005 
0.0163714 
0.0149496 
0.0133594 
0.0116343 
0.0098137 
0.00793866 
0.00603895 
0.00411238 
0.00212216 
1.74951e-05 
-0.0022124 
-0.00454398 
-0.00695691 
-0.00933177 
-0.0113847 
-0.012717 
-0.0129844 
-0.0120998 
-0.0102621 
-0.00781006 
-0.00495442 
-0.00173286 
0.00173286 
0.000117105 
-0.000117105 
-0.000240007 
-0.000398653 
-0.000564023 
-0.000696223 
-0.000793692 
-0.000844126 
-0.000859168 
-0.000841532 
-0.000800638 
-0.000738439 
-0.000657054 
-0.000554814 
-0.000428938 
-0.000274598 
-8.53095e-05 
0.000146952 
0.000431488 
0.000778242 
0.00119697 
0.00169589 
0.0022805 
0.0029522 
0.00370746 
0.00453739 
0.00542788 
0.00636117 
0.00731524 
0.00826836 
0.00919858 
0.0100808 
0.0108878 
0.0115841 
0.0121758 
0.0126539 
0.0129993 
0.0131901 
0.0132086 
0.0130399 
0.0126745 
0.0121079 
0.0113421 
0.0103861 
0.00925762 
0.00798332 
0.00659859 
0.00514108 
0.00364614 
0.00212728 
0.000554803 
-0.00113292 
-0.00297928 
-0.004988 
-0.00714946 
-0.00940797 
-0.0115526 
-0.0132151 
-0.0139984 
-0.0136796 
-0.0123374 
-0.0102463 
-0.00770196 
-0.00484197 
-0.00168613 
0.00168613 
0.000231634 
-0.000231634 
-0.000579753 
-0.000944049 
-0.00128516 
-0.00157811 
-0.00181789 
-0.00200493 
-0.00215223 
-0.00227127 
-0.00237386 
-0.00246687 
-0.00255433 
-0.00263727 
-0.00271451 
-0.00278296 
-0.0028373 
-0.0028702 
-0.00287204 
-0.00283154 
-0.00273642 
-0.00257465 
-0.00233578 
-0.00201258 
-0.00160229 
-0.00110747 
-0.000536519 
9.77234e-05 
0.000778113 
0.00148795 
0.00221089 
0.0029324 
0.00364194 
0.00430396 
0.00491237 
0.00543916 
0.00586835 
0.00617552 
0.00634231 
0.0063509 
0.00618962 
0.00585236 
0.00534038 
0.00466357 
0.00384154 
0.00290303 
0.00188363 
0.000815947 
-0.000279202 
-0.00141422 
-0.00264464 
-0.00403922 
-0.0056311 
-0.00742583 
-0.00940957 
-0.0114624 
-0.013289 
-0.0144874 
-0.01473 
-0.0139342 
-0.0122861 
-0.0100534 
-0.00747191 
-0.00466073 
-0.00161609 
0.00161609 
0.000341782 
-0.000341782 
-0.000896608 
-0.0014483 
-0.00195423 
-0.00239877 
-0.00277487 
-0.00309181 
-0.00336385 
-0.0036092 
-0.00384216 
-0.00407405 
-0.00431129 
-0.00455783 
-0.00481464 
-0.00508079 
-0.00535266 
-0.00562413 
-0.00588604 
-0.00612654 
-0.00633154 
-0.00648577 
-0.00657425 
-0.00658404 
-0.00650597 
-0.0063359 
-0.00607571 
-0.00573247 
-0.00531707 
-0.00484152 
-0.0043179 
-0.00375782 
-0.00316077 
-0.00255259 
-0.00193967 
-0.00137304 
-0.000869177 
-0.000456505 
-0.000152905 
2.21253e-05 
5.66118e-05 
-5.54828e-05 
-0.000311738 
-0.000700182 
-0.00119913 
-0.00177928 
-0.00240955 
-0.00306812 
-0.00375884 
-0.00452357 
-0.00543035 
-0.00653999 
-0.0078802 
-0.0094609 
-0.0112393 
-0.0130243 
-0.0144683 
-0.0151922 
-0.0149715 
-0.0138358 
-0.0120097 
-0.00971106 
-0.00713608 
-0.00441922 
-0.00152517 
0.00152517 
0.000444905 
-0.000444905 
-0.00118952 
-0.0019143 
-0.00257511 
-0.00316313 
-0.00366962 
-0.00410966 
-0.00449827 
-0.00485864 
-0.0052075 
-0.00556017 
-0.00592571 
-0.00631113 
-0.00671986 
-0.00715355 
-0.00761088 
-0.00808769 
-0.00857618 
-0.00906497 
-0.00953912 
-0.00998107 
-0.0103719 
-0.0106933 
-0.0109295 
-0.0110689 
-0.0111057 
-0.0110396 
-0.0108752 
-0.0106199 
-0.0102814 
-0.00987018 
-0.00938676 
-0.00885497 
-0.00827405 
-0.00769371 
-0.0071379 
-0.00663639 
-0.00620899 
-0.00587574 
-0.00564836 
-0.00553182 
-0.00552203 
-0.00560547 
-0.00576065 
-0.00596233 
-0.0061906 
-0.00644204 
-0.00674576 
-0.00716211 
-0.00775872 
-0.00858671 
-0.00967542 
-0.011029 
-0.01256 
-0.014022 
-0.0150588 
-0.0153547 
-0.0147852 
-0.0134424 
-0.0115288 
-0.0092224 
-0.00669644 
-0.00411761 
-0.00141337 
0.00141337 
0.000540127 
-0.000540127 
-0.00145854 
-0.00234348 
-0.00314962 
-0.00387359 
-0.0045046 
-0.00506125 
-0.00555849 
-0.00602292 
-0.00647334 
-0.00692856 
-0.00740034 
-0.00789868 
-0.00842968 
-0.00899773 
-0.00960418 
-0.0102474 
-0.0109219 
-0.0116178 
-0.0123205 
-0.0130117 
-0.0136695 
-0.0142714 
-0.0147951 
-0.0152221 
-0.0155384 
-0.0157361 
-0.0158129 
-0.0157705 
-0.015613 
-0.015348 
-0.0149776 
-0.0145253 
-0.013991 
-0.0134162 
-0.0128275 
-0.0122536 
-0.011715 
-0.0112313 
-0.0108131 
-0.0104643 
-0.0101799 
-0.00994714 
-0.00974843 
-0.00956787 
-0.00940137 
-0.00926612 
-0.00920973 
-0.00929842 
-0.00959337 
-0.0101411 
-0.0109723 
-0.0120721 
-0.013309 
-0.0144126 
-0.0150573 
-0.0150084 
-0.0142131 
-0.0127736 
-0.0108357 
-0.00856877 
-0.00614249 
-0.00374909 
-0.00127866 
0.00127866 
0.000627188 
-0.000627188 
-0.00170372 
-0.00273607 
-0.00367766 
-0.00452998 
-0.00527967 
-0.00594703 
-0.00654587 
-0.00710468 
-0.00764365 
-0.00818443 
-0.00874132 
-0.0093271 
-0.00995054 
-0.0106188 
-0.0113361 
-0.0121037 
-0.0129191 
-0.0137748 
-0.0146582 
-0.0155514 
-0.0164318 
-0.0172734 
-0.0180496 
-0.0187346 
-0.019307 
-0.0197506 
-0.0200556 
-0.0202176 
-0.0202369 
-0.0201182 
-0.0198644 
-0.0194968 
-0.0190157 
-0.0184569 
-0.0178468 
-0.0172111 
-0.0165697 
-0.0159406 
-0.0153332 
-0.0147511 
-0.0141899 
-0.0136406 
-0.0130936 
-0.0125459 
-0.01201 
-0.0115199 
-0.0111322 
-0.0109107 
-0.0109107 
-0.0111774 
-0.011736 
-0.0125456 
-0.0134469 
-0.0141782 
-0.014472 
-0.0141719 
-0.0132613 
-0.0118116 
-0.00989202 
-0.00771864 
-0.00545475 
-0.00330241 
-0.00111762 
0.00111762 
0.000705836 
-0.000705836 
-0.00192439 
-0.00309063 
-0.00415686 
-0.00512925 
-0.00599148 
-0.00676416 
-0.00745881 
-0.00810428 
-0.0087212 
-0.00933316 
-0.00995655 
-0.0106066 
-0.0112946 
-0.0120303 
-0.0128206 
-0.0136701 
-0.0145793 
-0.0155441 
-0.016555 
-0.0175961 
-0.0186456 
-0.019677 
-0.0206602 
-0.0215645 
-0.0223615 
-0.0230269 
-0.0235429 
-0.0238984 
-0.0240883 
-0.0241136 
-0.0239765 
-0.023696 
-0.0232719 
-0.0227349 
-0.0221103 
-0.02142 
-0.0206823 
-0.0199132 
-0.0191217 
-0.0183119 
-0.0174828 
-0.0166316 
-0.0157591 
-0.0148756 
-0.0140076 
-0.0131989 
-0.0125074 
-0.0119916 
-0.011703 
-0.011684 
-0.0119467 
-0.0124273 
-0.0129607 
-0.0133216 
-0.0133127 
-0.0128434 
-0.0119042 
-0.0105097 
-0.00864166 
-0.00663278 
-0.00461005 
-0.00276482 
-0.000926492 
0.000926492 
0.000775637 
-0.000775637 
-0.00211907 
-0.00340423 
-0.00458263 
-0.00566541 
-0.00663315 
-0.00750582 
-0.00829162 
-0.00901823 
-0.00970549 
-0.0103778 
-0.011053 
-0.0117482 
-0.0124768 
-0.0132506 
-0.0140795 
-0.0149707 
-0.0159281 
-0.0169514 
-0.0180347 
-0.0191656 
-0.0203251 
-0.0214879 
-0.0226233 
-0.0236979 
-0.0246777 
-0.0255317 
-0.0262341 
-0.0267658 
-0.0271155 
-0.0272788 
-0.0272557 
-0.0270616 
-0.0266955 
-0.0261836 
-0.0255491 
-0.0248104 
-0.0239838 
-0.023084 
-0.0221203 
-0.0210989 
-0.0200237 
-0.0189 
-0.0177388 
-0.0165617 
-0.0154039 
-0.0143131 
-0.0133441 
-0.0125503 
-0.0119797 
-0.0116669 
-0.0116074 
-0.0117239 
-0.0118668 
-0.0118633 
-0.0115875 
-0.0110014 
-0.0100922 
-0.00881095 
-0.00703263 
-0.00527807 
-0.00359029 
-0.00212671 
-0.000702768 
0.000702768 
0.000835923 
-0.000835923 
-0.00228553 
-0.00367261 
-0.00494842 
-0.00612967 
-0.00719414 
-0.00816072 
-0.00903344 
-0.00983749 
-0.0105906 
-0.0113167 
-0.0120338 
-0.0127604 
-0.013511 
-0.0142997 
-0.0151382 
-0.0160363 
-0.0170011 
-0.0180359 
-0.0191388 
-0.0203018 
-0.0215098 
-0.0227409 
-0.0239663 
-0.0251525 
-0.0262628 
-0.0272613 
-0.0281152 
-0.0287977 
-0.0292898 
-0.0295803 
-0.0296647 
-0.029554 
-0.0292453 
-0.028761 
-0.0281214 
-0.0273421 
-0.0264379 
-0.0254226 
-0.024307 
-0.0231004 
-0.0218126 
-0.0204565 
-0.0190517 
-0.0176274 
-0.016223 
-0.0148859 
-0.0136667 
-0.0126139 
-0.011769 
-0.0111542 
-0.0107494 
-0.0104763 
-0.0102145 
-0.00984958 
-0.00931956 
-0.00862822 
-0.00776677 
-0.00663772 
-0.00502731 
-0.00363705 
-0.00238908 
-0.00138572 
-0.000446455 
0.000446455 
0.000885864 
-0.000885864 
-0.0024211 
-0.00389077 
-0.0052464 
-0.00651119 
-0.00766083 
-0.00871322 
-0.00966787 
-0.0105465 
-0.0113633 
-0.0121404 
-0.0128949 
-0.0136452 
-0.0144066 
-0.015194 
-0.0160208 
-0.016899 
-0.0178381 
-0.0188449 
-0.0199212 
-0.0210635 
-0.0222616 
-0.0234981 
-0.0247484 
-0.0259812 
-0.0271607 
-0.0282488 
-0.029208 
-0.030005 
-0.030613 
-0.0310134 
-0.031195 
-0.0311627 
-0.0309103 
-0.0304564 
-0.0298183 
-0.0290092 
-0.0280431 
-0.0269339 
-0.025694 
-0.0243368 
-0.0228772 
-0.0213344 
-0.0197342 
-0.0181099 
-0.016502 
-0.0149556 
-0.0135166 
-0.0122271 
-0.0111185 
-0.0101987 
-0.00943657 
-0.00876251 
-0.00809199 
-0.00736314 
-0.00656481 
-0.00573117 
-0.00489631 
-0.00388815 
-0.00263062 
-0.00172558 
-0.00102252 
-0.000552727 
-0.000162108 
0.000162108 
0.000924626 
-0.000924626 
-0.00252324 
-0.00405381 
-0.00546871 
-0.00679857 
-0.008018 
-0.0091447 
-0.0101738 
-0.0111231 
-0.0120024 
-0.0128306 
-0.0136224 
-0.014395 
-0.0151632 
-0.0159418 
-0.0167451 
-0.0175861 
-0.0184767 
-0.0194261 
-0.0204397 
-0.0215183 
-0.0226563 
-0.0238417 
-0.0250549 
-0.0262694 
-0.0274526 
-0.0285676 
-0.0295757 
-0.0304394 
-0.0311261 
-0.0316095 
-0.0318711 
-0.0319081 
-0.0317098 
-0.03129 
-0.030662 
-0.0298375 
-0.0288296 
-0.0276527 
-0.0263215 
-0.0248525 
-0.0232652 
-0.0215833 
-0.0198362 
-0.018059 
-0.0162913 
-0.0145749 
-0.0129502 
-0.0114504 
-0.0100948 
-0.00887757 
-0.00776307 
-0.00669654 
-0.00562831 
-0.00454052 
-0.00345945 
-0.00241976 
-0.00150769 
-0.00053286 
6.08376e-05 
0.00038635 
0.000463194 
0.000343836 
0.000139918 
-0.000139918 
0.00095157 
-0.00095157 
-0.00259015 
-0.00415826 
-0.00560935 
-0.00698221 
-0.00825173 
-0.0094365 
-0.0105282 
-0.011541 
-0.0124799 
-0.0133597 
-0.0141917 
-0.0149902 
-0.0157681 
-0.0165392 
-0.017317 
-0.0181149 
-0.0189457 
-0.0198206 
-0.0207482 
-0.0217327 
-0.0227732 
-0.0238625 
-0.0249867 
-0.0261249 
-0.0272496 
-0.0283279 
-0.0293233 
-0.0301978 
-0.0309155 
-0.0314448 
-0.0317604 
-0.0318511 
-0.0317007 
-0.0313164 
-0.0307071 
-0.0298824 
-0.0288545 
-0.0276385 
-0.0262507 
-0.0247103 
-0.0230399 
-0.021266 
-0.0194199 
-0.0175367 
-0.0156541 
-0.0138095 
-0.0120359 
-0.010357 
-0.00877935 
-0.00728757 
-0.00584741 
-0.00442292 
-0.00299857 
-0.00158074 
-0.000207098 
0.00105381 
0.00210973 
0.00287264 
0.00284809 
0.00255415 
0.00199476 
0.00126004 
0.00044542 
-0.00044542 
0.000966506 
-0.000966506 
-0.00262171 
-0.00420359 
-0.00566653 
-0.00705773 
-0.00835352 
-0.00957495 
-0.0107117 
-0.0117752 
-0.0127663 
-0.0136954 
-0.0145697 
-0.0153997 
-0.0161952 
-0.0169672 
-0.0177271 
-0.018487 
-0.0192593 
-0.0200563 
-0.0208883 
-0.0217629 
-0.0226832 
-0.0236468 
-0.024645 
-0.0256626 
-0.026678 
-0.0276638 
-0.028588 
-0.0294154 
-0.0301105 
-0.0306395 
-0.0309727 
-0.0310919 
-0.0309758 
-0.0306236 
-0.0300383 
-0.0292268 
-0.0282001 
-0.0269728 
-0.0255624 
-0.0239897 
-0.0222791 
-0.0204586 
-0.0185598 
-0.0166167 
-0.0146638 
-0.012733 
-0.0108496 
-0.00902705 
-0.0072622 
-0.00553478 
-0.00381848 
-0.00209649 
-0.000366978 
0.00135096 
0.00298111 
0.00440032 
0.0054659 
0.00589986 
0.00545726 
0.00461262 
0.00346543 
0.00214006 
0.000737657 
-0.000737657 
0.00096981 
-0.00096981 
-0.00262015 
-0.00419374 
-0.00564525 
-0.00702965 
-0.00832562 
-0.00955794 
-0.0107161 
-0.0118107 
-0.0128393 
-0.0138091 
-0.014723 
-0.0155879 
-0.0164092 
-0.0171941 
-0.0179503 
-0.0186868 
-0.0194139 
-0.0201426 
-0.020884 
-0.0216478 
-0.0224407 
-0.0232648 
-0.0241166 
-0.0249863 
-0.025858 
-0.0267102 
-0.0275165 
-0.0282468 
-0.0288689 
-0.0293504 
-0.0296604 
-0.0297759 
-0.0296717 
-0.0293394 
-0.028776 
-0.027985 
-0.0269751 
-0.0257599 
-0.0243566 
-0.0227866 
-0.0210748 
-0.0192492 
-0.0173406 
-0.0153804 
-0.0133991 
-0.0114226 
-0.00946837 
-0.00754122 
-0.00563202 
-0.00372075 
-0.00179161 
0.000168376 
0.00215626 
0.00411428 
0.00590558 
0.00737105 
0.00831988 
0.00846645 
0.00769554 
0.00641271 
0.00477149 
0.00292831 
0.00100019 
-0.00100019 
0.000962852 
-0.000962852 
-0.00259088 
-0.00413848 
-0.00555941 
-0.00691488 
-0.00818599 
-0.00940206 
-0.0105541 
-0.0116536 
-0.0126972 
-0.01369 
-0.0146324 
-0.0155276 
-0.0163774 
-0.0171846 
-0.0179523 
-0.0186848 
-0.0193881 
-0.0200697 
-0.0207389 
-0.0214058 
-0.0220792 
-0.0227655 
-0.0234664 
-0.0241776 
-0.0248889 
-0.0255845 
-0.0262435 
-0.0268412 
-0.0273504 
-0.0277424 
-0.0279883 
-0.0280639 
-0.0279438 
-0.0276126 
-0.0270624 
-0.0262924 
-0.0253083 
-0.0241217 
-0.0227487 
-0.0212099 
-0.0195292 
-0.0177336 
-0.0158516 
-0.0139113 
-0.0119383 
-0.00995259 
-0.00796467 
-0.00597356 
-0.00396728 
-0.0019302 
0.000152963 
0.00229775 
0.00446922 
0.0065689 
0.00842255 
0.00984533 
0.0106157 
0.0105186 
0.00949668 
0.00788243 
0.00585462 
0.00358933 
0.0012216 
-0.0012216 
0.000946711 
-0.000946711 
-0.00254206 
-0.0040535 
-0.00543246 
-0.00674409 
-0.00797121 
-0.00914743 
-0.0102664 
-0.0113422 
-0.0123723 
-0.0133621 
-0.0143111 
-0.0152207 
-0.0160901 
-0.016919 
-0.0177059 
-0.01845 
-0.0191515 
-0.0198126 
-0.0204377 
-0.0210339 
-0.0216097 
-0.022174 
-0.022733 
-0.0232888 
-0.0238375 
-0.0243691 
-0.0248683 
-0.0253157 
-0.0256892 
-0.0259648 
-0.0261175 
-0.0261241 
-0.0259605 
-0.0256078 
-0.025055 
-0.0242983 
-0.0233402 
-0.0221899 
-0.0208612 
-0.0193728 
-0.0177466 
-0.0160071 
-0.0141794 
-0.0122878 
-0.010353 
-0.0083891 
-0.00640176 
-0.00438626 
-0.00233146 
-0.000221759 
0.00196361 
0.00422141 
0.00648742 
0.00863552 
0.0104686 
0.0117878 
0.0123686 
0.0120702 
0.0108541 
0.00900075 
0.00669035 
0.00410581 
0.00139599 
-0.00139599 
0.00092547 
-0.00092547 
-0.00248598 
-0.00395999 
-0.00529609 
-0.00655992 
-0.00773477 
-0.00885703 
-0.00992315 
-0.0109503 
-0.0119387 
-0.0128955 
-0.0138211 
-0.0147176 
-0.0155839 
-0.0164179 
-0.0172159 
-0.0179732 
-0.0186848 
-0.0193464 
-0.0199558 
-0.0205137 
-0.0210246 
-0.0214957 
-0.0219356 
-0.0223517 
-0.0227472 
-0.0231196 
-0.0234597 
-0.0237533 
-0.0239825 
-0.0241274 
-0.0241675 
-0.0240826 
-0.023853 
-0.0234596 
-0.0228892 
-0.0221357 
-0.0211992 
-0.020086 
-0.0188077 
-0.01738 
-0.0158221 
-0.0141551 
-0.0124003 
-0.0105778 
-0.00870332 
-0.00678674 
-0.00483012 
-0.00282737 
-0.000767825 
0.00137044 
0.00359751 
0.00589091 
0.0081684 
0.0102846 
0.0120329 
0.013212 
0.0136151 
0.0131477 
0.0117959 
0.00978055 
0.00728182 
0.00447671 
0.00152255 
-0.00152255 
0.000909269 
-0.000909269 
-0.00243737 
-0.00388254 
-0.00518596 
-0.00641077 
-0.007539 
-0.00860738 
-0.00961426 
-0.0105795 
-0.011506 
-0.0124037 
-0.0132757 
-0.0141261 
-0.0149554 
-0.0157628 
-0.0165447 
-0.0172955 
-0.0180075 
-0.018672 
-0.0192803 
-0.0198257 
-0.0203047 
-0.0207183 
-0.021072 
-0.0213747 
-0.0216354 
-0.02186 
-0.0220482 
-0.0221926 
-0.0222805 
-0.0222957 
-0.0222211 
-0.0220394 
-0.0217336 
-0.0212859 
-0.0206835 
-0.0199206 
-0.0189958 
-0.0179139 
-0.0166839 
-0.0153186 
-0.0138338 
-0.0122468 
-0.010575 
-0.00883403 
-0.00703571 
-0.00518648 
-0.00328621 
-0.00132869 
0.000701637 
0.00282195 
0.00502899 
0.0072882 
0.00950504 
0.0115248 
0.0131428 
0.0141645 
0.0144087 
0.0138038 
0.0123643 
0.010254 
0.00764855 
0.00471187 
0.00160417 
-0.00160417 
0.000903116 
-0.000903116 
-0.00241216 
-0.00384428 
-0.00513522 
-0.00634099 
-0.00744156 
-0.00847108 
-0.00942845 
-0.0103345 
-0.0111942 
-0.01202 
-0.0128174 
-0.0135934 
-0.0143514 
-0.0150936 
-0.0158191 
-0.0165244 
-0.0172032 
-0.017846 
-0.0184416 
-0.0189778 
-0.0194432 
-0.0198297 
-0.0201343 
-0.0203602 
-0.0205164 
-0.0206143 
-0.0206635 
-0.0206671 
-0.0206198 
-0.0205093 
-0.0203204 
-0.0200377 
-0.0196478 
-0.0191385 
-0.0184969 
-0.0177171 
-0.0167971 
-0.0157405 
-0.0145544 
-0.0132488 
-0.0118365 
-0.010331 
-0.00874603 
-0.00709345 
-0.00538195 
-0.00361537 
-0.00179268 
9.56696e-05 
0.00206499 
0.0041211 
0.00625368 
0.00841937 
0.0105174 
0.0123929 
0.0138513 
0.0147102 
0.0148152 
0.0141062 
0.0126168 
0.0104667 
0.00782121 
0.00482846 
0.0016462 
-0.0016462 
0.000905394 
-0.000905394 
-0.00242586 
-0.00386334 
-0.0051682 
-0.00638126 
-0.00748135 
-0.00849746 
-0.00942782 
-0.0102923 
-0.0110967 
-0.0118545 
-0.0125729 
-0.0132612 
-0.0139255 
-0.0145712 
-0.0152014 
-0.0158166 
-0.0164145 
-0.0169895 
-0.0175325 
-0.0180311 
-0.0184706 
-0.0188359 
-0.0191139 
-0.0192967 
-0.019384 
-0.019384 
-0.0193111 
-0.01918 
-0.0189996 
-0.0187679 
-0.0184739 
-0.0181023 
-0.0176387 
-0.0170707 
-0.0163858 
-0.0155809 
-0.0146553 
-0.0136138 
-0.0124626 
-0.0112098 
-0.00986475 
-0.00843795 
-0.00693961 
-0.00537847 
-0.00376059 
-0.00208821 
-0.00035766 
0.0014428 
0.00331864 
0.00527083 
0.00728384 
0.00930879 
0.0112447 
0.012943 
0.0142247 
0.0149229 
0.0149068 
0.0141235 
0.012615 
0.0104684 
0.00783514 
0.00484708 
0.0016553 
-0.0016553 
0.000917267 
-0.000917267 
-0.00247756 
-0.00395025 
-0.00529489 
-0.00654245 
-0.00767001 
-0.00870076 
-0.00963123 
-0.0104791 
-0.0112499 
-0.0119566 
-0.0126074 
-0.0132123 
-0.0137793 
-0.0143161 
-0.0148288 
-0.0153221 
-0.0157986 
-0.016258 
-0.0166968 
-0.0171076 
-0.017479 
-0.0177957 
-0.0180402 
-0.018195 
-0.0182466 
-0.0181898 
-0.0180302 
-0.0177844 
-0.0174735 
-0.0171137 
-0.0167073 
-0.0162418 
-0.0156982 
-0.0150653 
-0.0143349 
-0.0135024 
-0.0125683 
-0.0115388 
-0.0104188 
-0.00921399 
-0.00793202 
-0.00658048 
-0.00516727 
-0.00369859 
-0.00217879 
-0.000607337 
0.00102211 
0.00271358 
0.00446861 
0.00628521 
0.00814368 
0.00999323 
0.0117373 
0.0132383 
0.0143355 
0.0148788 
0.0147574 
0.0139225 
0.0124185 
0.0103086 
0.00772651 
0.00478927 
0.00163854 
-0.00163854 
0.000940719 
-0.000940719 
-0.00256379 
-0.00410529 
-0.0055112 
-0.00681712 
-0.00799495 
-0.00906381 
-0.0100179 
-0.0108722 
-0.0116314 
-0.0123076 
-0.0129088 
-0.0134454 
-0.0139261 
-0.0143598 
-0.0147546 
-0.0151178 
-0.0154553 
-0.0157714 
-0.0160681 
-0.0163444 
-0.0165957 
-0.0168131 
-0.0169826 
-0.0170863 
-0.0171036 
-0.0170153 
-0.0168089 
-0.0164843 
-0.0160575 
-0.0155571 
-0.0150134 
-0.0144409 
-0.0138286 
-0.0131498 
-0.0123819 
-0.0115186 
-0.010565 
-0.00953402 
-0.00843407 
-0.00726903 
-0.00604335 
-0.00476229 
-0.00343132 
-0.00205456 
-0.000633696 
0.000834336 
0.00235028 
0.00391488 
0.00552839 
0.00718571 
0.00886489 
0.010516 
0.0120502 
0.0133437 
0.0142549 
0.014651 
0.0144367 
0.0135674 
0.0120801 
0.0100323 
0.00752886 
0.00467547 
0.00160274 
-0.00160274 
0.000974145 
-0.000974145 
-0.00268162 
-0.00431222 
-0.00580364 
-0.00718617 
-0.00843086 
-0.00955433 
-0.0105484 
-0.0114252 
-0.0121886 
-0.0128497 
-0.0134165 
-0.0138996 
-0.0143082 
-0.0146523 
-0.0149411 
-0.0151835 
-0.0153872 
-0.0155591 
-0.0157044 
-0.0158266 
-0.0159269 
-0.0160033 
-0.01605 
-0.0160565 
-0.0160071 
-0.0158811 
-0.015656 
-0.0153116 
-0.014838 
-0.0142428 
-0.013555 
-0.0128166 
-0.0120619 
-0.0112888 
-0.0104656 
-0.00955951 
-0.00858196 
-0.00755674 
-0.00648325 
-0.00535848 
-0.0041881 
-0.00297512 
-0.00172435 
-0.000437328 
0.000885362 
0.00224291 
0.00363399 
0.00505885 
0.00651603 
0.00799805 
0.00948233 
0.010922 
0.0122377 
0.0133212 
0.0140494 
0.0143063 
0.0140091 
0.0131168 
0.0116563 
0.00968086 
0.00727352 
0.0045244 
0.0015542 
-0.0015542 
0.00101618 
-0.00101618 
-0.00282632 
-0.00456033 
-0.00615727 
-0.00762987 
-0.00895518 
-0.0101439 
-0.0111885 
-0.0120976 
-0.0128741 
-0.0135282 
-0.0140684 
-0.0145057 
-0.0148506 
-0.0151143 
-0.0153076 
-0.0154408 
-0.0155232 
-0.0155633 
-0.0155678 
-0.0155422 
-0.0154901 
-0.0154134 
-0.0153116 
-0.0151813 
-0.0150155 
-0.0148023 
-0.0145247 
-0.0141602 
-0.0136841 
-0.0130751 
-0.0123256 
-0.0114525 
-0.0105059 
-0.00954662 
-0.00862757 
-0.00769449 
-0.00668452 
-0.00563816 
-0.00457211 
-0.00347992 
-0.00235857 
-0.00120916 
-3.41965e-05 
0.00116509 
0.00238557 
0.00362566 
0.00488425 
0.00616066 
0.00745196 
0.00874926 
0.0100306 
0.0112537 
0.0123496 
0.0132256 
0.0137764 
0.0139018 
0.013529 
0.01262 
0.0111916 
0.00929009 
0.00698826 
0.00435274 
0.00149851 
-0.00149851 
0.00106596 
-0.00106596 
-0.0029937 
-0.00484529 
-0.00655803 
-0.00813613 
-0.00955271 
-0.0108168 
-0.0119201 
-0.0128683 
-0.0136631 
-0.0143139 
-0.0148296 
-0.0152222 
-0.0155041 
-0.0156885 
-0.0157886 
-0.0158168 
-0.0157846 
-0.0157022 
-0.015578 
-0.0154185 
-0.0152284 
-0.0150105 
-0.0147659 
-0.0144939 
-0.0141922 
-0.0138559 
-0.0134778 
-0.013047 
-0.0125487 
-0.0119638 
-0.0112703 
-0.0104469 
-0.00948237 
-0.00838382 
-0.00719021 
-0.00595059 
-0.00476036 
-0.00368373 
-0.0026566 
-0.00160201 
-0.000531206 
0.000556639 
0.00165563 
0.00276348 
0.00387688 
0.00499463 
0.00611533 
0.00723756 
0.00835747 
0.00946563 
0.0105418 
0.0115488 
0.0124286 
0.013103 
0.0134834 
0.0134838 
0.0130403 
0.0121168 
0.0107216 
0.00889177 
0.00669261 
0.00417375 
0.00144 
-0.00144 
0.00112236 
-0.00112236 
-0.00318063 
-0.00516187 
-0.0070014 
-0.0086974 
-0.0102172 
-0.0115681 
-0.0127379 
-0.0137321 
-0.0145499 
-0.0151997 
-0.0156907 
-0.0160363 
-0.0162512 
-0.0163515 
-0.0163535 
-0.0162729 
-0.0161241 
-0.0159197 
-0.0156702 
-0.0153837 
-0.0150658 
-0.0147197 
-0.0143466 
-0.0139457 
-0.0135144 
-0.0130487 
-0.0125429 
-0.01199 
-0.0113809 
-0.0107047 
-0.00994811 
-0.00909402 
-0.00812346 
-0.00701544 
-0.00576968 
-0.00443435 
-0.00313626 
-0.0019382 
-0.000832283 
0.000238193 
0.00128757 
0.00232553 
0.0033522 
0.0043684 
0.00537275 
0.00636489 
0.00734386 
0.00830815 
0.00925374 
0.0101716 
0.0110439 
0.0118392 
0.0125094 
0.0129898 
0.013207 
0.0130879 
0.0125762 
0.0116371 
0.010273 
0.0085083 
0.00640198 
0.00399823 
0.0013824 
-0.0013824 
0.00118433 
-0.00118433 
-0.00338442 
-0.0055065 
-0.00748467 
-0.00930939 
-0.0109473 
-0.0123946 
-0.0136417 
-0.0146896 
-0.0155364 
-0.0161883 
-0.0166546 
-0.01695 
-0.017092 
-0.0171004 
-0.0169955 
-0.0167974 
-0.0165244 
-0.0161922 
-0.0158142 
-0.0154002 
-0.0149572 
-0.0144891 
-0.0139973 
-0.0134807 
-0.012936 
-0.0123586 
-0.0117425 
-0.0110808 
-0.010366 
-0.00959038 
-0.00874797 
-0.00783503 
-0.00685535 
-0.00581776 
-0.00474221 
-0.00361852 
-0.00241556 
-0.00101764 
0.000402958 
0.00170925 
0.00289604 
0.00398637 
0.00500161 
0.00595954 
0.00687137 
0.00774466 
0.0085835 
0.00938934 
0.0101601 
0.0108888 
0.0115606 
0.0121501 
0.0126184 
0.012913 
0.0129739 
0.0127392 
0.01216 
0.011202 
0.00986347 
0.00815656 
0.00613419 
0.00383151 
0.00133011 
-0.00133011 
0.00125043 
-0.00125043 
-0.00360118 
-0.00587376 
-0.00800112 
-0.00996684 
-0.0117341 
-0.0132924 
-0.0146286 
-0.0157402 
-0.016624 
-0.017283 
-0.0177259 
-0.0179684 
-0.0180311 
-0.0179382 
-0.0177155 
-0.0173884 
-0.0169802 
-0.0165111 
-0.0159974 
-0.0154515 
-0.0148818 
-0.0142928 
-0.0136859 
-0.0130596 
-0.01241 
-0.0117317 
-0.0110178 
-0.0102612 
-0.00945461 
-0.00859168 
-0.00766791 
-0.00668096 
-0.00563282 
-0.0045291 
-0.00338338 
-0.00221288 
-0.00101202 
0.000270087 
0.00163789 
0.0029895 
0.00427038 
0.00544584 
0.00650765 
0.00746317 
0.00832565 
0.00910932 
0.009826 
0.0104838 
0.0110863 
0.0116311 
0.0121086 
0.0124996 
0.0127744 
0.0128912 
0.0128018 
0.0124544 
0.0118067 
0.0108255 
0.0095051 
0.00784839 
0.005899 
0.00368257 
0.00128255 
-0.00128255 
0.00131868 
-0.00131868 
-0.0038254 
-0.00625534 
-0.00854044 
-0.0106581 
-0.0125672 
-0.0142518 
-0.0156901 
-0.0168784 
-0.0178093 
-0.0184832 
-0.0189061 
-0.0190946 
-0.0190721 
-0.018868 
-0.0185149 
-0.018045 
-0.0174884 
-0.0168707 
-0.0162125 
-0.0155287 
-0.0148292 
-0.014119 
-0.0133992 
-0.0126674 
-0.0119187 
-0.0111459 
-0.0103409 
-0.00949514 
-0.00860042 
-0.00764996 
-0.00663951 
-0.00556781 
-0.00443875 
-0.00325957 
-0.00204548 
-0.000810863 
0.000437282 
0.00168304 
0.00292127 
0.00419825 
0.00546958 
0.00668222 
0.00779364 
0.00878193 
0.00964274 
0.0103835 
0.0110171 
0.0115568 
0.012013 
0.0123906 
0.0126874 
0.0128921 
0.012984 
0.0129322 
0.0126988 
0.0122413 
0.0115236 
0.0105138 
0.00920352 
0.00758785 
0.00570109 
0.00356097 
0.00123933 
-0.00123933 
0.00138629 
-0.00138629 
-0.00404911 
-0.00663884 
-0.00908672 
-0.011365 
-0.0134276 
-0.0152517 
-0.0168096 
-0.0180884 
-0.0190794 
-0.0197788 
-0.0201886 
-0.0203246 
-0.0202128 
-0.0198885 
-0.0193918 
-0.018764 
-0.0180437 
-0.017264 
-0.0164506 
-0.0156219 
-0.0147891 
-0.0139576 
-0.0131276 
-0.0122953 
-0.0114538 
-0.0105939 
-0.00970539 
-0.00877768 
-0.00780111 
-0.00676797 
-0.00567362 
-0.00451718 
-0.00330237 
-0.00203785 
-0.000738154 
0.000574223 
0.00187991 
0.00317673 
0.00444915 
0.00567725 
0.00685573 
0.00798094 
0.00903208 
0.00998442 
0.0108174 
0.0115209 
0.0120953 
0.012548 
0.0128893 
0.0131282 
0.0132688 
0.0133081 
0.0132347 
0.0130276 
0.0126595 
0.0120964 
0.0113084 
0.0102656 
0.00895779 
0.00737362 
0.00554001 
0.00346294 
0.00120926 
-0.00120926 
0.00144943 
-0.00144943 
-0.00426105 
-0.00700627 
-0.00961606 
-0.012059 
-0.0142839 
-0.0162603 
-0.0179532 
-0.0193398 
-0.0204059 
-0.0211447 
-0.0215522 
-0.0216413 
-0.0214402 
-0.0209892 
-0.0203374 
-0.0195366 
-0.0186365 
-0.0176799 
-0.0166997 
-0.0157184 
-0.0147492 
-0.0137971 
-0.012861 
-0.0119347 
-0.0110086 
-0.0100705 
-0.00910687 
-0.00810429 
-0.0070504 
-0.0059354 
-0.00475307 
-0.003502 
-0.00218598 
-0.000815958 
0.000587755 
0.00199749 
0.00338987 
0.00474383 
0.00602961 
0.00722844 
0.00834324 
0.00937306 
0.0103165 
0.0111661 
0.0119098 
0.0125355 
0.0130351 
0.0134066 
0.0136533 
0.0137813 
0.0137962 
0.0136994 
0.0134867 
0.0131458 
0.0126586 
0.0119995 
0.011145 
0.0100678 
0.00875732 
0.0071969 
0.00540717 
0.00338342 
0.00118655 
-0.00118655 
0.00150306 
-0.00150306 
-0.00444618 
-0.00733308 
-0.0100952 
-0.0126992 
-0.0150888 
-0.0172263 
-0.0190671 
-0.0205797 
-0.0217375 
-0.0225316 
-0.0229518 
-0.0230053 
-0.0227208 
-0.0221428 
-0.0213291 
-0.0203435 
-0.0192491 
-0.018101 
-0.0169423 
-0.0158014 
-0.0146936 
-0.0136234 
-0.0125875 
-0.0115765 
-0.0105771 
-0.0095728 
-0.00854617 
-0.00747974 
-0.00635762 
-0.00516704 
-0.0038994 
-0.00255214 
-0.00112796 
0.000357129 
0.00187986 
0.00340748 
0.00490886 
0.00635101 
0.00770037 
0.00892968 
0.0100201 
0.0109683 
0.0117837 
0.012478 
0.01306 
0.0135331 
0.0138966 
0.0141474 
0.0142835 
0.0143046 
0.0142115 
0.0140045 
0.013681 
0.0132334 
0.01265 
0.0119119 
0.0110014 
0.00989434 
0.00858068 
0.00704029 
0.0052886 
0.00331174 
0.00116452 
-0.00116452 
0.00154087 
-0.00154087 
-0.00458528 
-0.00758732 
-0.0104797 
-0.0132298 
-0.0157765 
-0.0180751 
-0.020071 
-0.0217217 
-0.0229896 
-0.0238544 
-0.0243061 
-0.0243415 
-0.0239884 
-0.0232934 
-0.0223214 
-0.0211479 
-0.0198506 
-0.0185004 
-0.0171537 
-0.0158477 
-0.0146012 
-0.0134182 
-0.0122922 
-0.0112095 
-0.0101516 
-0.00909716 
-0.00802308 
-0.00690694 
-0.00572816 
-0.00446983 
-0.0031201 
-0.00167391 
-0.00013485 
0.00147928 
0.00313797 
0.00480426 
0.00643438 
0.00798462 
0.00941077 
0.0106765 
0.011755 
0.0126415 
0.013348 
0.0138906 
0.0142897 
0.0145665 
0.0147374 
0.0148124 
0.0147951 
0.0146847 
0.0144781 
0.0141707 
0.013757 
0.0132283 
0.0125746 
0.0117803 
0.0108314 
0.00970651 
0.00839641 
0.00687904 
0.00516588 
0.00323648 
0.00113985 
-0.00113985 
0.00155534 
-0.00155534 
-0.00465509 
-0.00772967 
-0.0107139 
-0.0135788 
-0.0162595 
-0.0187055 
-0.0208523 
-0.0226447 
-0.0240366 
-0.0249833 
-0.0254848 
-0.0255251 
-0.0251285 
-0.0243413 
-0.0232317 
-0.0218838 
-0.0203891 
-0.0188361 
-0.0172984 
-0.0158265 
-0.0144454 
-0.013159 
-0.0119571 
-0.0108205 
-0.00972445 
-0.00864091 
-0.00754037 
-0.00639421 
-0.00517614 
-0.00386408 
-0.00244223 
-0.000902566 
0.000749416 
0.00249423 
0.00429341 
0.00610245 
0.00786757 
0.00953632 
0.0110573 
0.0123863 
0.0134905 
0.0143472 
0.0149664 
0.0153691 
0.0155832 
0.0156438 
0.0155857 
0.0154374 
0.0152176 
0.0149345 
0.0145874 
0.0141693 
0.01367 
0.0130761 
0.0123744 
0.011548 
0.0105832 
0.00945909 
0.00816694 
0.00668357 
0.00501752 
0.00314441 
0.00110814 
-0.00110814 
0.00153803 
-0.00153803 
-0.00462913 
-0.00771463 
-0.0107323 
-0.0136595 
-0.0164298 
-0.0189887 
-0.021263 
-0.0231846 
-0.0246938 
-0.0257339 
-0.0262972 
-0.0263688 
-0.0259641 
-0.0251277 
-0.0239248 
-0.0224424 
-0.0207805 
-0.0190438 
-0.0173262 
-0.0156969 
-0.014192 
-0.0128179 
-0.0115605 
-0.0103939 
-0.00928597 
-0.00820068 
-0.00710079 
-0.00595041 
-0.00471658 
-0.00337132 
-0.00189421 
-0.000276109 
0.00147727 
0.00333813 
0.0052626 
0.00719679 
0.00908096 
0.0108575 
0.01247 
0.0138684 
0.0150103 
0.0158652 
0.0164261 
0.0167212 
0.0167779 
0.0166401 
0.0163565 
0.0159729 
0.0155267 
0.0150416 
0.0145271 
0.0139801 
0.0133888 
0.0127354 
0.0120011 
0.011164 
0.0102069 
0.00910687 
0.00785374 
0.00642323 
0.00482141 
0.00302228 
0.0010652 
-0.0010652 
0.00148014 
-0.00148014 
-0.00447933 
-0.0074931 
-0.0104626 
-0.0133747 
-0.0161632 
-0.0187733 
-0.0211244 
-0.023138 
-0.0247395 
-0.0258698 
-0.0264954 
-0.0266212 
-0.0262501 
-0.0254254 
-0.0242017 
-0.0226592 
-0.0208964 
-0.0190276 
-0.017166 
-0.0154047 
-0.0137985 
-0.0123613 
-0.0110767 
-0.00991176 
-0.00882571 
-0.00777351 
-0.00670892 
-0.00558813 
-0.00437083 
-0.00302303 
-0.00152042 
0.000144365 
0.00196295 
0.00389664 
0.00589547 
0.00790035 
0.00985146 
0.0116926 
0.0133679 
0.0148262 
0.0160169 
0.0169077 
0.0174539 
0.0176903 
0.017638 
0.0173459 
0.0168734 
0.0162804 
0.0156211 
0.014936 
0.0142488 
0.0135659 
0.0128793 
0.0121701 
0.0114147 
0.0105856 
0.00965959 
0.00860943 
0.0074213 
0.00606928 
0.00455668 
0.0028575 
0.00100699 
-0.00100699 
0.00137323 
-0.00137323 
-0.00417844 
-0.00701678 
-0.00983273 
-0.0126254 
-0.0153313 
-0.0178994 
-0.0202454 
-0.0222849 
-0.0239286 
-0.0251243 
-0.0257925 
-0.0259838 
-0.0256879 
-0.0249477 
-0.023801 
-0.0223101 
-0.0205571 
-0.018652 
-0.01672 
-0.0148796 
-0.0132127 
-0.0117496 
-0.0104763 
-0.00935364 
-0.00833182 
-0.00735585 
-0.00636974 
-0.00532138 
-0.00416321 
-0.00285606 
-0.00137466 
0.000283027 
0.00209891 
0.0040259 
0.00600954 
0.00799308 
0.00992501 
0.0117576 
0.0134415 
0.014927 
0.0161583 
0.0171009 
0.017674 
0.0179088 
0.0178165 
0.0174433 
0.0168548 
0.0161203 
0.0153064 
0.0144677 
0.0136417 
0.0128464 
0.0120818 
0.0113323 
0.0105735 
0.0097736 
0.00890386 
0.00793182 
0.00683875 
0.00559636 
0.00420475 
0.00263884 
0.000929903 
-0.000929903 
0.00121017 
-0.00121017 
-0.00370311 
-0.00624366 
-0.00877888 
-0.0113225 
-0.0138161 
-0.0162179 
-0.0184445 
-0.0204129 
-0.0220215 
-0.0232237 
-0.0239025 
-0.0241524 
-0.0239652 
-0.0233842 
-0.0224266 
-0.0211276 
-0.0195368 
-0.0177409 
-0.0158604 
-0.0140327 
-0.0123722 
-0.0109377 
-0.00972665 
-0.00869734 
-0.00779149 
-0.00694403 
-0.00608885 
-0.00516604 
-0.00412194 
-0.00291465 
-0.00152283 
4.47799e-05 
0.00175573 
0.00355919 
0.00540326 
0.00724322 
0.00904427 
0.0107726 
0.0123895 
0.0138496 
0.0150975 
0.0160895 
0.0167323 
0.0170196 
0.0169617 
0.0165938 
0.0159846 
0.0152072 
0.0143351 
0.0134313 
0.0125427 
0.0116974 
0.0109043 
0.0101542 
0.00942544 
0.00868602 
0.00790399 
0.00704292 
0.00607939 
0.00498282 
0.00374972 
0.00235664 
0.000830832 
-0.000830832 
0.000985792 
-0.000985792 
-0.00303681 
-0.00514412 
-0.00725532 
-0.00940115 
-0.0115294 
-0.0136152 
-0.0155818 
-0.0173559 
-0.0188271 
-0.0199443 
-0.0205911 
-0.0208755 
-0.0208195 
-0.0204626 
-0.0198033 
-0.0188445 
-0.0175926 
-0.0160914 
-0.0144335 
-0.012757 
-0.0112053 
-0.00987644 
-0.00879352 
-0.00791976 
-0.00719131 
-0.00653378 
-0.00587128 
-0.00513772 
-0.00427581 
-0.00324532 
-0.00203503 
-0.000668001 
0.000807847 
0.0023464 
0.00391063 
0.00547594 
0.00702881 
0.00855128 
0.0100169 
0.0113869 
0.0126113 
0.0136327 
0.0143634 
0.0147418 
0.0147832 
0.0145044 
0.013975 
0.0132677 
0.0124567 
0.0116065 
0.0107667 
0.00997003 
0.0092318 
0.00854942 
0.00790687 
0.00727533 
0.00662335 
0.00591358 
0.00511968 
0.00421018 
0.00317823 
0.00200286 
0.000707258 
-0.000707258 
0.000697247 
-0.000697247 
-0.00217223 
-0.00370658 
-0.00524366 
-0.00683395 
-0.00843059 
-0.0100333 
-0.0115789 
-0.0130163 
-0.0142319 
-0.0151746 
-0.015732 
-0.0160236 
-0.0161108 
-0.0160258 
-0.0157513 
-0.0152612 
-0.014517 
-0.0135085 
-0.0122774 
-0.0109345 
-0.00963379 
-0.00851515 
-0.00764306 
-0.00699858 
-0.0065181 
-0.00612025 
-0.00572068 
-0.00524992 
-0.00465115 
-0.0038917 
-0.00297574 
-0.00194099 
-0.000839727 
0.000290658 
0.00143992 
0.0026101 
0.00380559 
0.00502319 
0.00624927 
0.00745415 
0.00859803 
0.0096148 
0.0104308 
0.0109198 
0.0111022 
0.01098 
0.0106238 
0.0101015 
0.00948015 
0.00881734 
0.00815733 
0.00753115 
0.00695577 
0.00643329 
0.00595366 
0.00549389 
0.00502655 
0.00451719 
0.00393936 
0.00326338 
0.0024798 
0.00157162 
0.000557598 
-0.000557598 
0.000342552 
-0.000342552 
-0.00111058 
-0.00194066 
-0.00275849 
-0.00364069 
-0.00453966 
-0.00548757 
-0.00643994 
-0.00738924 
-0.00823957 
-0.00892941 
-0.00932427 
-0.00961782 
-0.00986579 
-0.0100874 
-0.010251 
-0.0103133 
-0.0102021 
-0.0098566 
-0.00925513 
-0.00845224 
-0.00757988 
-0.00680548 
-0.00624507 
-0.00591434 
-0.00575992 
-0.00569793 
-0.00563785 
-0.00551094 
-0.00526622 
-0.00488459 
-0.00438781 
-0.00382202 
-0.00322905 
-0.00262455 
-0.00199483 
-0.00131612 
-0.00057258 
0.000244997 
0.0011374 
0.00208661 
0.0030662 
0.00401264 
0.00488044 
0.00549934 
0.00586085 
0.00595159 
0.00584537 
0.00561102 
0.00530265 
0.00496168 
0.00461754 
0.00429211 
0.00399892 
0.00374146 
0.0035148 
0.00330283 
0.00308475 
0.00283265 
0.00252309 
0.00213173 
0.00164752 
0.00105975 
0.000381543 
-0.000381543 
-8.05508e-05 
8.05508e-05 
0.000140393 
0.000122002 
0.000146599 
9.95657e-05 
4.00054e-05 
-9.78611e-05 
-0.00027682 
-0.000540451 
-0.000815749 
-0.00114019 
-0.00146825 
-0.00184396 
-0.0022967 
-0.00285193 
-0.00347243 
-0.00411337 
-0.00469025 
-0.00511133 
-0.00529735 
-0.00522869 
-0.00497841 
-0.0047073 
-0.00457684 
-0.0046533 
-0.00490781 
-0.00526094 
-0.00561968 
-0.00592075 
-0.00612504 
-0.00623078 
-0.00627423 
-0.00629839 
-0.00632287 
-0.00633417 
-0.00629963 
-0.00618553 
-0.00596725 
-0.00562825 
-0.00515842 
-0.00456304 
-0.00385659 
-0.00308663 
-0.00228023 
-0.00158388 
-0.00102288 
-0.000625666 
-0.000362078 
-0.000180498 
-4.72825e-05 
6.15994e-05 
0.000158238 
0.000252459 
0.00035172 
0.000458837 
0.000573107 
0.000685542 
0.000783652 
0.000848786 
0.000863015 
0.000810919 
0.0006799 
0.000469764 
0.000181904 
-0.000181904 
-0.000566349 
0.000566349 
0.00155959 
0.00244156 
0.00339194 
0.0042694 
0.00512994 
0.00589755 
0.00658408 
0.00712715 
0.00752196 
0.00763802 
0.00738584 
0.00689775 
0.00620866 
0.0053188 
0.00425804 
0.00306679 
0.00182093 
0.000613888 
-0.000437773 
-0.00124242 
-0.00179231 
-0.00219525 
-0.00262732 
-0.00321059 
-0.00395773 
-0.00480376 
-0.00565846 
-0.0064687 
-0.0072125 
-0.00790518 
-0.00858898 
-0.00929144 
-0.0100049 
-0.0106933 
-0.0113124 
-0.0118228 
-0.0121944 
-0.0124042 
-0.0124362 
-0.0122848 
-0.0119534 
-0.0114696 
-0.0108535 
-0.0101779 
-0.00942667 
-0.00864692 
-0.00788179 
-0.00714708 
-0.00644532 
-0.00577312 
-0.00513172 
-0.00452113 
-0.00393947 
-0.00338462 
-0.00285394 
-0.00234885 
-0.00187271 
-0.0014328 
-0.00103953 
-0.000696625 
-0.000418856 
-0.000189866 
-3.50291e-05 
3.50291e-05 
-0.00110347 
0.00110347 
0.00312236 
0.00498063 
0.00690321 
0.00874762 
0.0105481 
0.0122287 
0.0137605 
0.01506 
0.0160396 
0.0165667 
0.0165572 
0.0160498 
0.0151743 
0.0139839 
0.0125235 
0.0108364 
0.00898734 
0.00706034 
0.00517137 
0.00344827 
0.00197614 
0.000738429 
-0.000398968 
-0.00159302 
-0.00291273 
-0.00432256 
-0.00574239 
-0.00713291 
-0.00849296 
-0.0098502 
-0.0112422 
-0.0126733 
-0.0141118 
-0.0155077 
-0.0168123 
-0.0179847 
-0.0189911 
-0.0198032 
-0.0203984 
-0.02076 
-0.0208765 
-0.0207427 
-0.0203437 
-0.019657 
-0.0186967 
-0.0175347 
-0.0162554 
-0.0149331 
-0.0136155 
-0.0123285 
-0.0110888 
-0.00990626 
-0.00878484 
-0.00772384 
-0.00671873 
-0.0057643 
-0.00485536 
-0.0039877 
-0.00316256 
-0.00237217 
-0.00163152 
-0.000909263 
-0.000266784 
0.000266784 
-0.00168383 
0.00168383 
0.00480951 
0.00770351 
0.0106097 
0.0134139 
0.0161198 
0.0186515 
0.0209433 
0.0228888 
0.0243649 
0.0252496 
0.0254881 
0.025083 
0.0241418 
0.0227428 
0.0209546 
0.0188364 
0.0164529 
0.0138845 
0.0112368 
0.00864013 
0.00622373 
0.0040564 
0.0020856 
0.000176236 
-0.00178663 
-0.00381756 
-0.00585722 
-0.0078818 
-0.00991237 
-0.0119813 
-0.0141126 
-0.0162867 
-0.0184551 
-0.0205616 
-0.0225558 
-0.0243938 
-0.0260372 
-0.0274513 
-0.0286047 
-0.0294675 
-0.030007 
-0.0301829 
-0.0299455 
-0.0292304 
-0.028093 
-0.0266162 
-0.0249042 
-0.0230627 
-0.0211756 
-0.0192998 
-0.0174722 
-0.015715 
-0.0140393 
-0.0124477 
-0.0109352 
-0.00949219 
-0.00810653 
-0.00676477 
-0.00545938 
-0.00417454 
-0.00292321 
-0.00167067 
-0.00051077 
0.00051077 
-0.00230097 
0.00230097 
0.00660486 
0.0105803 
0.0144588 
0.0181767 
0.0217154 
0.024998 
0.0279375 
0.0304172 
0.0323129 
0.0335194 
0.0339996 
0.0337378 
0.0328087 
0.0312898 
0.0292583 
0.0267839 
0.0239365 
0.0207958 
0.0174627 
0.0140648 
0.0107482 
0.00763808 
0.00476711 
0.0020556 
-0.000609287 
-0.00329579 
-0.00598865 
-0.00867717 
-0.0114035 
-0.0141968 
-0.0170623 
-0.0199613 
-0.0228355 
-0.0256264 
-0.0282806 
-0.0307492 
-0.0329858 
-0.0349463 
-0.0365872 
-0.0378632 
-0.0387236 
-0.0391112 
-0.038974 
-0.0382564 
-0.0370186 
-0.0353365 
-0.0333198 
-0.0310866 
-0.0287416 
-0.026366 
-0.0240164 
-0.0217291 
-0.0195244 
-0.0174098 
-0.0153818 
-0.0134291 
-0.0115357 
-0.0096827 
-0.00785695 
-0.00603993 
-0.00424332 
-0.00244368 
-0.000758107 
0.000758107 
-0.00294566 
0.00294566 
0.00848448 
0.0135748 
0.0184059 
0.0229708 
0.0272482 
0.0311674 
0.0346379 
0.0375483 
0.0397881 
0.0412684 
0.0419562 
0.0418393 
0.0409647 
0.039393 
0.0371928 
0.0344349 
0.0311929 
0.0275491 
0.0236029 
0.019479 
0.0153295 
0.0113127 
0.00753372 
0.00398329 
0.000578285 
-0.00277446 
-0.00612408 
-0.00947797 
-0.0128921 
-0.0163877 
-0.0199499 
-0.0235269 
-0.027056 
-0.0304769 
-0.0337318 
-0.0367642 
-0.0395186 
-0.0419395 
-0.0439721 
-0.045561 
-0.046649 
-0.0471815 
-0.0471181 
-0.0464229 
-0.0451468 
-0.0433577 
-0.0411593 
-0.0386686 
-0.0359969 
-0.0332379 
-0.0304621 
-0.0277183 
-0.0250358 
-0.0224282 
-0.0198955 
-0.0174279 
-0.0150093 
-0.0126208 
-0.0102487 
-0.00787837 
-0.00552542 
-0.00318892 
-0.000996804 
0.000996804 
-0.0036022 
0.0036022 
0.0104047 
0.0166262 
0.022391 
0.0277389 
0.0326645 
0.037116 
0.0410156 
0.0442692 
0.046785 
0.0484892 
0.0493512 
0.0493555 
0.0485303 
0.0469208 
0.0445845 
0.0415877 
0.0380034 
0.0339141 
0.0294197 
0.024644 
0.0197412 
0.0148877 
0.0102408 
0.00586652 
0.00172495 
-0.00227971 
-0.00625431 
-0.0102429 
-0.0143028 
-0.0184455 
-0.0226374 
-0.0268197 
-0.0309282 
-0.0349009 
-0.0386754 
-0.0421885 
-0.0453757 
-0.0481732 
-0.0505187 
-0.0523522 
-0.0536179 
-0.0542689 
-0.0542772 
-0.0536231 
-0.0523515 
-0.0505244 
-0.0482356 
-0.0455937 
-0.0427068 
-0.0396709 
-0.036563 
-0.0334396 
-0.0303375 
-0.0272765 
-0.0242618 
-0.0212881 
-0.0183438 
-0.0154153 
-0.0124947 
-0.00957811 
-0.0066918 
-0.00386107 
-0.00121253 
0.00121253 
-0.0042392 
0.0042392 
0.0122736 
0.0195996 
