0 
-0.00130949 
-0.00116508 
0.00119639 
0.00486058 
0.00927661 
0.0141244 
0.0191905 
0.0243463 
0.0295179 
0.034667 
0.0397763 
0.0448387 
0.0498497 
0.0548026 
0.0596856 
0.0644802 
0.0691609 
0.0736949 
0.0780434 
0.0821624 
0.0860038 
0.0895172 
0.0926513 
0.0953554 
0.0975818 
0.0992875 
0.100437 
0.101008 
0.100982 
0.100347 
0.0990983 
0.0972435 
0.0947994 
0.091795 
0.0882723 
0.0842868 
0.0799074 
0.0752159 
0.070305 
0.0652752 
0.0602309 
0.0552736 
0.0504942 
0.0459597 
0.0416971 
0.0376818 
0.0338463 
0.0301185 
0.026472 
0.0229454 
0.0196141 
0.0165429 
0.013764 
0.011282 
0.00908919 
0.00717535 
0.00552985 
0.00414267 
0.00300028 
0.00208696 
0.0013804 
0.000848819 
0.000451701 
0.000139973 
0 
0.00130949 
-0.00130949 
-0.00116508 
0.00119639 
0.00486058 
0.00927661 
0.0141244 
0.0191905 
0.0243463 
0.0295179 
0.034667 
0.0397763 
0.0448387 
0.0498497 
0.0548026 
0.0596856 
0.0644802 
0.0691609 
0.0736949 
0.0780434 
0.0821624 
0.0860038 
0.0895172 
0.0926513 
0.0953554 
0.0975818 
0.0992875 
0.100437 
0.101008 
0.100982 
0.100347 
0.0990983 
0.0972435 
0.0947994 
0.091795 
0.0882723 
0.0842868 
0.0799074 
0.0752159 
0.070305 
0.0652752 
0.0602309 
0.0552736 
0.0504942 
0.0459597 
0.0416971 
0.0376818 
0.0338463 
0.0301185 
0.026472 
0.0229454 
0.0196141 
0.0165429 
0.013764 
0.011282 
0.00908919 
0.00717535 
0.00552985 
0.00414267 
0.00300028 
0.00208696 
0.0013804 
0.000848819 
0.000451701 
0.000139973 
-0.000139973 
-0.000124902 
0.000124902 
0.00254423 
0.0055155 
0.00921038 
0.0134101 
0.0179212 
0.0225946 
0.0273339 
0.0320857 
0.036825 
0.0415436 
0.0462406 
0.0509158 
0.0555652 
0.0601785 
0.064738 
0.0692183 
0.0735864 
0.0778029 
0.081823 
0.085598 
0.0890766 
0.092207 
0.094938 
0.0972207 
0.0990104 
0.100265 
0.100941 
0.10102 
0.100487 
0.0993356 
0.0975703 
0.0952069 
0.0922724 
0.0888067 
0.0848633 
0.0805096 
0.0758258 
0.0709034 
0.0658417 
0.060743 
0.0557061 
0.0508188 
0.0461463 
0.0417206 
0.0375321 
0.0335391 
0.0296976 
0.0259982 
0.0224754 
0.0191831 
0.016162 
0.0134284 
0.0109817 
0.00881469 
0.0069195 
0.00528835 
0.00391413 
0.00278669 
0.00189412 
0.00121537 
0.000721184 
0.000370374 
0.000111861 
-0.000111861 
-0.00141796 
0.00141796 
0.00442815 
0.0077144 
0.011379 
0.0153333 
0.0194499 
0.0236419 
0.027856 
0.0320717 
0.0362873 
0.0405109 
0.0447518 
0.0490157 
0.0533012 
0.0575985 
0.0618887 
0.0661442 
0.0703295 
0.0744024 
0.0783152 
0.0820167 
0.0854532 
0.0885711 
0.0913182 
0.0936455 
0.0955085 
0.0968729 
0.0976917 
0.0979479 
0.097624 
0.0967093 
0.0952036 
0.0931155 
0.0904636 
0.087278 
0.0836023 
0.079494 
0.0750249 
0.07028 
0.0653533 
0.0603437 
0.0553479 
0.0504526 
0.045725 
0.041204 
0.0368961 
0.0327845 
0.0288544 
0.0251169 
0.0216072 
0.0183618 
0.0153989 
0.01272 
0.010319 
0.00818966 
0.0063275 
0.00472889 
0.00339077 
0.00230681 
0.00146771 
0.000854647 
0.000443944 
0.000194467 
5.09826e-05 
-5.09826e-05 
-0.0014212 
0.0014212 
0.00473523 
0.00830762 
0.0119632 
0.0156759 
0.0193762 
0.0230513 
0.0267022 
0.0303497 
0.0340198 
0.0377378 
0.0415223 
0.0453826 
0.0493174 
0.0533146 
0.0573519 
0.0613977 
0.0654125 
0.0693502 
0.0731596 
0.076786 
0.0801731 
0.0832646 
0.0860065 
0.0883485 
0.0902463 
0.0916673 
0.0925753 
0.092954 
0.0927921 
0.0920811 
0.0908209 
0.0890176 
0.0866838 
0.0838403 
0.0805185 
0.0767623 
0.07263 
0.0681935 
0.0635368 
0.0587507 
0.0539269 
0.0491496 
0.0444867 
0.0399825 
0.0356559 
0.0315121 
0.0275641 
0.0238441 
0.0203896 
0.0172218 
0.0143399 
0.0117332 
0.00939207 
0.0073117 
0.00549095 
0.00393094 
0.00263472 
0.00159928 
0.000827715 
0.000308556 
1.9528e-05 
-7.84569e-05 
-4.4702e-05 
4.4702e-05 
-0.0014227 
0.0014227 
0.0047777 
0.0082991 
0.0117178 
0.0150446 
0.0182491 
0.0213731 
0.0244582 
0.0275561 
0.0307125 
0.0339627 
0.0373292 
0.0408206 
0.0444327 
0.0481496 
0.0519452 
0.0557846 
0.059625 
0.0634177 
0.0671094 
0.0706433 
0.0739612 
0.0770048 
0.0797179 
0.0820492 
0.083953 
0.0853971 
0.0863505 
0.0867998 
0.0867403 
0.0861701 
0.0850943 
0.083522 
0.0814654 
0.0789409 
0.0759713 
0.0725888 
0.0688371 
0.0647737 
0.0604684 
0.0560005 
0.0514527 
0.0469029 
0.042416 
0.0380372 
0.0337939 
0.0297104 
0.0258254 
0.0221894 
0.0188396 
0.0157817 
0.0129994 
0.0104744 
0.00819643 
0.00616384 
0.00438125 
0.00285582 
0.00159847 
0.000621604 
-6.30622e-05 
-0.00045784 
-0.000582164 
-0.000471753 
-0.000184337 
0.000184337 
-0.00130786 
0.00130786 
0.00447763 
0.00776648 
0.0108225 
0.0137 
0.0163955 
0.0189916 
0.0215559 
0.0241595 
0.0268574 
0.0296881 
0.0326724 
0.035816 
0.0391115 
0.0425406 
0.0460757 
0.049681 
0.0533136 
0.0569248 
0.0604613 
0.0638664 
0.0670815 
0.0700473 
0.0727059 
0.0750037 
0.076893 
0.0783403 
0.0793136 
0.0798019 
0.0798072 
0.0793344 
0.0783957 
0.077006 
0.0751805 
0.0729353 
0.0702892 
0.0672662 
0.0638989 
0.0602312 
0.0563191 
0.0522285 
0.0480301 
0.043792 
0.0395716 
0.0354106 
0.0313416 
0.0274061 
0.0236656 
0.0201828 
0.0169881 
0.0140712 
0.0114044 
0.00896695 
0.00675124 
0.00476166 
0.0030073 
0.00150845 
0.000285967 
-0.000621512 
-0.00120627 
-0.00146468 
-0.00138931 
-0.00100927 
-0.000378457 
0.000378457 
-0.00116925 
0.00116925 
0.00402159 
0.00693025 
0.00952884 
0.011921 
0.0141182 
0.0162268 
0.0183235 
0.020486 
0.0227687 
0.0252071 
0.0278183 
0.030605 
0.033559 
0.0366626 
0.0398901 
0.0432079 
0.0465761 
0.0499485 
0.0532743 
0.0564989 
0.0595649 
0.0624131 
0.0649844 
0.0672231 
0.0690785 
0.0705151 
0.0714984 
0.0720178 
0.0720802 
0.071696 
0.0708828 
0.0696603 
0.0680469 
0.0660603 
0.0637178 
0.0610394 
0.0580506 
0.0547854 
0.0512878 
0.0476109 
0.0438124 
0.0399478 
0.0360629 
0.0321928 
0.0283743 
0.0246652 
0.0211452 
0.0178792 
0.0148833 
0.0121312 
0.00958919 
0.00723867 
0.00507807 
0.00311737 
0.00137666 
-0.000109376 
-0.00129119 
-0.00215132 
-0.00264848 
-0.00276508 
-0.00245762 
-0.00173624 
-0.000646087 
0.000646087 
-0.000988509 
0.000988509 
0.00342514 
0.00587471 
0.00798366 
0.00989979 
0.0116351 
0.0133053 
0.0149829 
0.0167428 
0.0186326 
0.0206827 
0.0229065 
0.0253065 
0.0278762 
0.030602 
0.0334626 
0.0364298 
0.0394684 
0.042537 
0.0455892 
0.0485745 
0.0514384 
0.0541235 
0.0565706 
0.0587224 
0.0605251 
0.0619403 
0.0629288 
0.0634793 
0.0636039 
0.0633174 
0.0626411 
0.0615965 
0.0602031 
0.0584786 
0.0564398 
0.0541047 
0.0514947 
0.0486379 
0.0455694 
0.0423313 
0.038968 
0.0355205 
0.032021 
0.0284972 
0.0249911 
0.0215773 
0.0183447 
0.0153481 
0.0125824 
0.010008 
0.00759128 
0.00531968 
0.00319938 
0.00124691 
-0.000494989 
-0.00197769 
-0.00316115 
-0.00400363 
-0.00444094 
-0.00441756 
-0.0038426 
-0.00269213 
-0.00100246 
0.00100246 
-0.000791945 
0.000791945 
0.00276185 
0.00471141 
0.00633127 
0.00779589 
0.00910804 
0.0103807 
0.0116729 
0.013051 
0.014553 
0.0162041 
0.0180161 
0.0199932 
0.0221333 
0.0244283 
0.0268636 
0.0294176 
0.0320616 
0.0347605 
0.0374737 
0.0401561 
0.0427585 
0.045227 
0.0475041 
0.0495324 
0.0512562 
0.0526349 
0.0536244 
0.0542141 
0.0544201 
0.0542588 
0.0537509 
0.0529156 
0.0517703 
0.0503306 
0.0486125 
0.046633 
0.0444122 
0.0419748 
0.0393501 
0.0365707 
0.0336682 
0.030668 
0.0275884 
0.024452 
0.0213106 
0.0182519 
0.0153618 
0.0126715 
0.0101519 
0.00775666 
0.00545751 
0.00325117 
0.00114947 
-0.000809735 
-0.00257473 
-0.00410203 
-0.00533886 
-0.00621179 
-0.00662488 
-0.00645818 
-0.00555528 
-0.00386361 
-0.00143517 
0.00143517 
-0.000585167 
0.000585167 
0.00206651 
0.00350887 
0.00466503 
0.00571099 
0.00663765 
0.00754528 
0.00847542 
0.0094826 
0.0105955 
0.0118352 
0.0132137 
0.014738 
0.0164113 
0.0182318 
0.0201924 
0.0222789 
0.0244705 
0.0267392 
0.0290513 
0.0313686 
0.0336481 
0.0358424 
0.0378981 
0.0397596 
0.0413723 
0.042694 
0.0436784 
0.0443184 
0.0446322 
0.0446334 
0.0443358 
0.043751 
0.0428905 
0.0417669 
0.0403947 
0.0387912 
0.0369766 
0.0349743 
0.0328093 
0.0305056 
0.0280819 
0.0255482 
0.022911 
0.0201946 
0.0174633 
0.0148103 
0.0123015 
0.0099345 
0.00766092 
0.00543522 
0.0032394 
0.00107739 
-0.00102413 
-0.00301583 
-0.00485366 
-0.00648411 
-0.0078303 
-0.00878031 
-0.00917894 
-0.00880107 
-0.00745152 
-0.00510503 
-0.00187621 
0.00187621 
-0.000378696 
0.000378696 
0.00137512 
0.00232413 
0.00305209 
0.00371143 
0.00428551 
0.0048535 
0.00543961 
0.00608491 
0.00681001 
0.00763303 
0.0085667 
0.00962115 
0.0108046 
0.0121214 
0.0135719 
0.0151502 
0.0168438 
0.0186329 
0.0204913 
0.0223877 
0.0242867 
0.0261493 
0.0279295 
0.0295761 
0.031038 
0.0322726 
0.0332464 
0.0339595 
0.0344202 
0.0346278 
0.0345823 
0.0342852 
0.0337418 
0.0329619 
0.0319595 
0.0307528 
0.029363 
0.0278126 
0.0261224 
0.0243074 
0.0223729 
0.0203151 
0.0181357 
0.0158679 
0.0135878 
0.0113778 
0.0092677 
0.00722077 
0.00517905 
0.00310613 
0.000994156 
-0.00114384 
-0.00326789 
-0.00533455 
-0.00729806 
-0.00908747 
-0.0105856 
-0.0116105 
-0.0118997 
-0.011137 
-0.00920084 
-0.00616944 
-0.00223207 
0.00223207 
-0.000177041 
0.000177041 
0.000708531 
0.00119251 
0.00153065 
0.00183393 
0.00208505 
0.00233603 
0.00259652 
0.00289305 
0.00323997 
0.0036526 
0.00414455 
0.00472827 
0.0054161 
0.00621798 
0.00714126 
0.00818827 
0.00935548 
0.0106321 
0.0120001 
0.0134356 
0.0149107 
0.0163957 
0.0178565 
0.019251 
0.020534 
0.0216644 
0.0226386 
0.0234505 
0.0240837 
0.0245189 
0.0247425 
0.0247478 
0.0245355 
0.0241133 
0.0234955 
0.0227008 
0.0217508 
0.020666 
0.0194612 
0.018141 
0.0166973 
0.0151182 
0.0134098 
0.0116192 
0.00982322 
0.00807367 
0.00635524 
0.00460686 
0.00277372 
0.000832473 
-0.00121866 
-0.00335183 
-0.00552914 
-0.00771342 
-0.00984697 
-0.0118226 
-0.0134413 
-0.0144111 
-0.014363 
-0.0130293 
-0.0104747 
-0.00687887 
-0.00245353 
0.00245353 
1.72796e-05 
-1.72796e-05 
8.02025e-05 
0.000136596 
0.000121314 
9.81724e-05 
5.35857e-05 
1.02471e-05 
-3.33547e-05 
-6.55753e-05 
-7.70456e-05 
-5.55535e-05 
1.28334e-05 
0.000141858 
0.000346903 
0.000642317 
0.00104171 
0.00155523 
0.00218844 
0.00294022 
0.00380206 
0.0047586 
0.00578888 
0.00687264 
0.00798896 
0.00911591 
0.0102244 
0.0112686 
0.0122581 
0.0131652 
0.0139572 
0.0146026 
0.01508 
0.0153767 
0.0154899 
0.0154255 
0.0151969 
0.0148222 
0.0143209 
0.0137086 
0.0129915 
0.0121624 
0.0112036 
0.0101038 
0.00888219 
0.00759522 
0.00629982 
0.0050008 
0.00364403 
0.00216035 
0.000508675 
-0.00132788 
-0.00333382 
-0.00548017 
-0.00773758 
-0.0100666 
-0.0123774 
-0.0144863 
-0.0160707 
-0.0167455 
-0.0161423 
-0.0142108 
-0.0111674 
-0.00722207 
-0.00255111 
0.00255111 
0.00020956 
-0.00020956 
-0.000509241 
-0.000832111 
-0.00116609 
-0.00148518 
-0.00179968 
-0.00211374 
-0.00243698 
-0.00277162 
-0.00311249 
-0.00345111 
-0.00377418 
-0.00406767 
-0.00431452 
-0.00449703 
-0.00459652 
-0.00459579 
-0.00448054 
-0.00424183 
-0.00387758 
-0.0033929 
-0.0028 
-0.00211175 
-0.00134009 
-0.000489855 
0.000439602 
0.0014142 
0.00242015 
0.00339647 
0.0043127 
0.00513189 
0.00583133 
0.00639436 
0.00681584 
0.00709957 
0.00725665 
0.00730198 
0.00724922 
0.00710563 
0.00686697 
0.00651591 
0.00603279 
0.00541696 
0.00470064 
0.0039315 
0.00312498 
0.00223782 
0.00119544 
-6.31578e-05 
-0.00156641 
-0.00331239 
-0.00528171 
-0.00745287 
-0.00980094 
-0.0122659 
-0.0146918 
-0.0167817 
-0.0181052 
-0.0182816 
-0.0170793 
-0.0146954 
-0.011361 
-0.0072735 
-0.00255382 
0.00255382 
0.000397537 
-0.000397537 
-0.001056 
-0.00171116 
-0.00233275 
-0.00291803 
-0.00347706 
-0.00403474 
-0.00460817 
-0.0052115 
-0.00584415 
-0.00650186 
-0.00717298 
-0.00784427 
-0.00849813 
-0.00911475 
-0.00967147 
-0.0101449 
-0.0105125 
-0.0107552 
-0.0108594 
-0.0108183 
-0.0106323 
-0.0103061 
-0.00984503 
-0.00925297 
-0.00851953 
-0.00766581 
-0.00669482 
-0.00568862 
-0.00468453 
-0.00372281 
-0.00282791 
-0.00201943 
-0.00130466 
-0.000682685 
-0.000146472 
0.000312719 
0.000699781 
0.00101047 
0.00123068 
0.00134041 
0.00132772 
0.00120527 
0.00100365 
0.000737563 
0.000372517 
-0.000166638 
-0.000952375 
-0.00202542 
-0.00339639 
-0.00505588 
-0.00698891 
-0.00918157 
-0.011601 
-0.0141402 
-0.0165493 
-0.0184269 
-0.0193166 
-0.0189482 
-0.0172754 
-0.0146295 
-0.0111764 
-0.00710517 
-0.00248457 
0.00248457 
0.000572257 
-0.000572257 
-0.00155406 
-0.00250653 
-0.00338838 
-0.00421266 
-0.00498961 
-0.00575973 
-0.00654751 
-0.00737784 
-0.0082556 
-0.00918114 
-0.0101453 
-0.0111367 
-0.0121384 
-0.0131303 
-0.0140873 
-0.0149816 
-0.0157838 
-0.0164652 
-0.0170009 
-0.0173714 
-0.0175642 
-0.0175725 
-0.0173943 
-0.0170311 
-0.0164792 
-0.0157633 
-0.0148811 
-0.013892 
-0.0128446 
-0.0117771 
-0.0107176 
-0.00968821 
-0.00869972 
-0.00775615 
-0.00685712 
-0.00600283 
-0.00519856 
-0.00445802 
-0.00380041 
-0.0032406 
-0.00278031 
-0.0024067 
-0.00211456 
-0.00193441 
-0.00193641 
-0.00219866 
-0.00277462 
-0.00368418 
-0.0049276 
-0.00649534 
-0.00837975 
-0.0105681 
-0.0130023 
-0.0155081 
-0.0177452 
-0.0192645 
-0.0196749 
-0.0188584 
-0.0169048 
-0.0141486 
-0.0107051 
-0.00676707 
-0.00235853 
0.00235853 
0.000732255 
-0.000732255 
-0.00200532 
-0.00322566 
-0.00434306 
-0.00538124 
-0.0063497 
-0.00730032 
-0.00826435 
-0.00927657 
-0.010348 
-0.0114839 
-0.0126783 
-0.0139222 
-0.0152006 
-0.0164944 
-0.0177784 
-0.0190227 
-0.0201934 
-0.0212546 
-0.0221717 
-0.0229138 
-0.0234559 
-0.0237801 
-0.023876 
-0.0237399 
-0.0233699 
-0.0227894 
-0.0220028 
-0.0210526 
-0.0199887 
-0.0188442 
-0.0176486 
-0.0164257 
-0.0151907 
-0.0139537 
-0.0127225 
-0.0115063 
-0.0103188 
-0.00917784 
-0.0081016 
-0.00710046 
-0.00617753 
-0.00533991 
-0.00461979 
-0.00408179 
-0.00380459 
-0.00384907 
-0.00424632 
-0.00500202 
-0.00611269 
-0.00757272 
-0.00937987 
-0.0115128 
-0.0138747 
-0.0162244 
-0.0181686 
-0.019279 
-0.0192791 
-0.0181676 
-0.0161071 
-0.0133457 
-0.0100071 
-0.00629279 
-0.00218592 
0.00218592 
0.000877598 
-0.000877598 
-0.00241307 
-0.00387586 
-0.00520684 
-0.00643678 
-0.00757252 
-0.00867345 
-0.00977646 
-0.0109254 
-0.0121379 
-0.0134248 
-0.0147834 
-0.0162074 
-0.0176845 
-0.0191977 
-0.0207238 
-0.0222331 
-0.0236904 
-0.025056 
-0.0262886 
-0.0273483 
-0.0281991 
-0.0288122 
-0.0291676 
-0.0292543 
-0.029069 
-0.0286305 
-0.0279458 
-0.0270462 
-0.0259826 
-0.0247828 
-0.0234765 
-0.0220891 
-0.0206397 
-0.0191445 
-0.0176184 
-0.0160778 
-0.0145412 
-0.013028 
-0.0115563 
-0.0101416 
-0.00880364 
-0.00757896 
-0.00652899 
-0.00572891 
-0.00524434 
-0.00511312 
-0.00534892 
-0.00595019 
-0.00691368 
-0.00823834 
-0.00992239 
-0.0119277 
-0.014118 
-0.0162079 
-0.0178023 
-0.0185419 
-0.018261 
-0.0170173 
-0.0149609 
-0.0122753 
-0.00911649 
-0.0057027 
-0.0019729 
0.0019729 
0.00100934 
-0.00100934 
-0.00278121 
-0.00446382 
-0.00598903 
-0.00739184 
-0.00867423 
-0.00989935 
-0.0111079 
-0.0123518 
-0.0136557 
-0.0150363 
-0.0164946 
-0.0180272 
-0.0196241 
-0.0212713 
-0.0229484 
-0.0246285 
-0.0262778 
-0.0278566 
-0.029321 
-0.0306256 
-0.031727 
-0.0325869 
-0.0331754 
-0.0334723 
-0.0334681 
-0.0331741 
-0.0325971 
-0.0317589 
-0.0307108 
-0.0294765 
-0.0280855 
-0.0265643 
-0.0249355 
-0.0232201 
-0.0214388 
-0.0196127 
-0.0177645 
-0.0159176 
-0.0140974 
-0.0123343 
-0.0106707 
-0.00916589 
-0.00789123 
-0.00691224 
-0.0062731 
-0.00599241 
-0.00607323 
-0.00651129 
-0.00730493 
-0.00845556 
-0.00995669 
-0.0117515 
-0.0136767 
-0.0154382 
-0.0166834 
-0.0171376 
-0.016712 
-0.0154629 
-0.0134909 
-0.0109528 
-0.00804633 
-0.00500552 
-0.00172245 
0.00172245 
0.00112853 
-0.00112853 
-0.003113 
-0.00499495 
-0.00669737 
-0.00825753 
-0.00967045 
-0.0109994 
-0.0122865 
-0.0135898 
-0.0149414 
-0.0163643 
-0.0178639 
-0.0194392 
-0.0210827 
-0.0227827 
-0.0245222 
-0.0262779 
-0.0280198 
-0.029711 
-0.0313089 
-0.0327673 
-0.0340393 
-0.0350806 
-0.0358535 
-0.0363287 
-0.0364882 
-0.0363334 
-0.0358661 
-0.0350997 
-0.0340824 
-0.0328351 
-0.0313868 
-0.0297648 
-0.0279943 
-0.0261007 
-0.0241091 
-0.0220464 
-0.0199412 
-0.0178261 
-0.0157395 
-0.0137288 
-0.0118529 
-0.0101785 
-0.00876948 
-0.00767281 
-0.00691321 
-0.00649689 
-0.00642133 
-0.00668145 
-0.0072763 
-0.00820635 
-0.00945738 
-0.0109589 
-0.012542 
-0.0139388 
-0.014866 
-0.0151269 
-0.0146706 
-0.0135055 
-0.0116806 
-0.00936668 
-0.00679352 
-0.00420117 
-0.00143507 
0.00143507 
0.00123592 
-0.00123592 
-0.00341066 
-0.00547276 
-0.00733708 
-0.00904208 
-0.0105741 
-0.0119932 
-0.0133396 
-0.0146756 
-0.01604 
-0.0174625 
-0.0189539 
-0.0205162 
-0.0221435 
-0.0238262 
-0.0255497 
-0.0272946 
-0.0290352 
-0.0307394 
-0.0323687 
-0.0338799 
-0.0352269 
-0.036364 
-0.0372491 
-0.0378465 
-0.0381304 
-0.0380918 
-0.0377253 
-0.0370347 
-0.036061 
-0.034822 
-0.0333454 
-0.0316591 
-0.0297909 
-0.02777 
-0.0256272 
-0.023396 
-0.0211142 
-0.0188252 
-0.01658 
-0.0144368 
-0.0124587 
-0.0107063 
-0.0092279 
-0.00805272 
-0.00719219 
-0.00664565 
-0.00640761 
-0.00647202 
-0.00683647 
-0.00749712 
-0.00843192 
-0.00956616 
-0.010748 
-0.0117615 
-0.0124043 
-0.0125428 
-0.0121338 
-0.0111087 
-0.0094857 
-0.00748967 
-0.00534703 
-0.00328536 
-0.00111035 
0.00111035 
0.00133188 
-0.00133188 
-0.00367503 
-0.00589846 
-0.00791009 
-0.00974943 
-0.0113933 
-0.0128954 
-0.0142911 
-0.0156431 
-0.0169958 
-0.018386 
-0.0198307 
-0.0213359 
-0.0228979 
-0.0245083 
-0.0261541 
-0.0278188 
-0.0294805 
-0.0311123 
-0.0326811 
-0.0341488 
-0.0354739 
-0.0366129 
-0.037524 
-0.0381693 
-0.0385177 
-0.0385525 
-0.0382609 
-0.0376382 
-0.0367131 
-0.0355002 
-0.034025 
-0.032315 
-0.0304008 
-0.0283153 
-0.0260954 
-0.0237819 
-0.021421 
-0.0190645 
-0.0167697 
-0.0145965 
-0.012602 
-0.0108342 
-0.00932623 
-0.00809456 
-0.00714293 
-0.00646697 
-0.00605888 
-0.00591038 
-0.00601501 
-0.00636221 
-0.00692408 
-0.00763165 
-0.00836707 
-0.0089798 
-0.00935041 
-0.00939758 
-0.0090801 
-0.00822542 
-0.00685972 
-0.00529883 
-0.00369934 
-0.00225593 
-0.000748896 
0.000748896 
0.00141622 
-0.00141622 
-0.00390552 
-0.00627074 
-0.00841453 
-0.0103783 
-0.0121294 
-0.0137133 
-0.0151567 
-0.0165192 
-0.0178476 
-0.0191852 
-0.0205565 
-0.0219731 
-0.0234344 
-0.0249333 
-0.0264583 
-0.0279941 
-0.029522 
-0.0310189 
-0.0324574 
-0.0338053 
-0.0350268 
-0.036084 
-0.0369387 
-0.0375546 
-0.0379001 
-0.0379536 
-0.0376976 
-0.0371207 
-0.0362386 
-0.0350622 
-0.0336139 
-0.0319207 
-0.0300144 
-0.0279315 
-0.0257131 
-0.0234053 
-0.0210591 
-0.0187291 
-0.0164716 
-0.0143409 
-0.0123839 
-0.0106359 
-0.0091188 
-0.00784144 
-0.0068033 
-0.00599751 
-0.00541368 
-0.00503978 
-0.00486333 
-0.00486578 
-0.00501563 
-0.00525589 
-0.00551061 
-0.00569643 
-0.00577398 
-0.00571452 
-0.00549552 
-0.00480791 
-0.00378415 
-0.0027956 
-0.00185957 
-0.00112017 
-0.000354669 
0.000354669 
0.00148835 
-0.00148835 
-0.00410027 
-0.00658601 
-0.00884487 
-0.0109217 
-0.0127759 
-0.0144438 
-0.0159406 
-0.0173188 
-0.0186231 
-0.0199011 
-0.0211847 
-0.0224929 
-0.0238303 
-0.0251928 
-0.02657 
-0.027948 
-0.0293095 
-0.0306347 
-0.0319003 
-0.0330795 
-0.0341427 
-0.0350581 
-0.0357929 
-0.0363156 
-0.036597 
-0.0366148 
-0.0363506 
-0.0357895 
-0.0349364 
-0.0337989 
-0.0323956 
-0.0307522 
-0.0289003 
-0.0268776 
-0.0247269 
-0.0224955 
-0.0202341 
-0.0179949 
-0.0158283 
-0.0137798 
-0.0118861 
-0.010173 
-0.00865503 
-0.00733671 
-0.00621487 
-0.00528038 
-0.00451982 
-0.00391643 
-0.00345076 
-0.00309626 
-0.00282003 
-0.00257992 
-0.00233854 
-0.00206638 
-0.00179425 
-0.00154074 
-0.00138507 
-0.000843536 
-0.000320568 
-3.45098e-05 
0.000131931 
9.68302e-05 
6.20139e-05 
-6.20139e-05 
0.00154733 
-0.00154733 
-0.00425662 
-0.00683919 
-0.00919287 
-0.011368 
-0.0133185 
-0.0150725 
-0.0166329 
-0.0180404 
-0.0193333 
-0.020559 
-0.0217545 
-0.0229468 
-0.0241483 
-0.0253601 
-0.0265748 
-0.02778 
-0.0289599 
-0.0300967 
-0.0311701 
-0.0321577 
-0.033035 
-0.0337762 
-0.0343547 
-0.0347441 
-0.0349201 
-0.0348622 
-0.0345534 
-0.0339784 
-0.0331359 
-0.0320315 
-0.0306803 
-0.0291057 
-0.0273377 
-0.0254122 
-0.0233705 
-0.0212573 
-0.0191191 
-0.0170019 
-0.0149486 
-0.012996 
-0.0111724 
-0.00949711 
-0.0079801 
-0.00662318 
-0.00542112 
-0.00436262 
-0.00343128 
-0.00260568 
-0.00186062 
-0.0011637 
-0.000480451 
0.000223969 
0.000957734 
0.0017088 
0.00238942 
0.00294323 
0.00321396 
0.00347228 
0.00333429 
0.00285853 
0.00220069 
0.00135095 
0.000484675 
-0.000484675 
0.00159214 
-0.00159214 
-0.00437202 
-0.00702523 
-0.00944966 
-0.011703 
-0.0137372 
-0.0155751 
-0.0172079 
-0.0186631 
-0.0199672 
-0.0211617 
-0.0222844 
-0.0233683 
-0.0244341 
-0.0254908 
-0.0265369 
-0.0275636 
-0.0285573 
-0.029502 
-0.0303797 
-0.0311712 
-0.0318562 
-0.0324133 
-0.0328213 
-0.0330591 
-0.0331072 
-0.0329488 
-0.0325697 
-0.0319584 
-0.0311102 
-0.0300293 
-0.0287284 
-0.0272277 
-0.0255542 
-0.0237403 
-0.0218229 
-0.0198417 
-0.0178369 
-0.0158473 
-0.0139083 
-0.0120491 
-0.010292 
-0.00865167 
-0.007135 
-0.00574179 
-0.00446508 
-0.00329173 
-0.0022028 
-0.00117363 
-0.000175194 
0.000830343 
0.00188047 
0.00300801 
0.00419912 
0.00539874 
0.00648042 
0.00732411 
0.00781065 
0.00766758 
0.00690372 
0.00569372 
0.00423574 
0.00257843 
0.000894729 
-0.000894729 
0.00162194 
-0.00162194 
-0.00444511 
-0.00714127 
-0.00960903 
-0.0119146 
-0.0140115 
-0.0159217 
-0.0176282 
-0.0191461 
-0.0204876 
-0.0216828 
-0.0227635 
-0.0237635 
-0.0247097 
-0.0256196 
-0.0265 
-0.0273487 
-0.0281567 
-0.0289108 
-0.0295957 
-0.0301947 
-0.0306907 
-0.0310663 
-0.0313045 
-0.031389 
-0.0313046 
-0.0310383 
-0.030579 
-0.0299188 
-0.029052 
-0.0279832 
-0.0267232 
-0.0252895 
-0.0237053 
-0.0219985 
-0.0202007 
-0.0183453 
-0.0164657 
-0.014594 
-0.0127584 
-0.0109825 
-0.00928388 
-0.00767365 
-0.00615644 
-0.00473033 
-0.00338702 
-0.00211199 
-0.000884855 
0.000320601 
0.00153819 
0.00281034 
0.00417478 
0.00565662 
0.00722461 
0.00878413 
0.0101751 
0.0112115 
0.0117666 
0.0113471 
0.0100964 
0.00826151 
0.00609665 
0.00370568 
0.00127115 
-0.00127115 
0.00163657 
-0.00163657 
-0.00447734 
-0.00718941 
-0.00967178 
-0.0119985 
-0.014128 
-0.0160859 
-0.0178528 
-0.0194356 
-0.0208337 
-0.0220626 
-0.0231423 
-0.0241001 
-0.0249626 
-0.0257527 
-0.0264853 
-0.0271671 
-0.0277965 
-0.0283661 
-0.0288646 
-0.0292786 
-0.029594 
-0.0297963 
-0.0298718 
-0.0298075 
-0.0295918 
-0.0292149 
-0.028669 
-0.0279503 
-0.0270555 
-0.0259883 
-0.024758 
-0.0233793 
-0.0218717 
-0.0202585 
-0.0185656 
-0.0168202 
-0.0150496 
-0.0132795 
-0.0115326 
-0.0098278 
-0.00817882 
-0.00659408 
-0.00507627 
-0.00362225 
-0.00222276 
-0.000862868 
0.00047781 
0.00182824 
0.00322493 
0.00471083 
0.00632177 
0.0080713 
0.00991199 
0.0117164 
0.0132958 
0.0144106 
0.0148979 
0.0142932 
0.012706 
0.0104021 
0.00767396 
0.004672 
0.00159538 
-0.00159538 
0.00163628 
-0.00163628 
-0.00447384 
-0.00717915 
-0.00964988 
-0.0119656 
-0.0140907 
-0.0160585 
-0.0178534 
-0.0194811 
-0.0209339 
-0.0222151 
-0.0233306 
-0.0242949 
-0.0251265 
-0.0258457 
-0.0264707 
-0.0270151 
-0.0274857 
-0.0278835 
-0.028204 
-0.0284395 
-0.0285801 
-0.028615 
-0.0285338 
-0.0283267 
-0.0279854 
-0.0275032 
-0.0268749 
-0.0260982 
-0.0251714 
-0.0240969 
-0.022884 
-0.0215452 
-0.0200972 
-0.0185588 
-0.0169512 
-0.0152962 
-0.0136153 
-0.011929 
-0.0102555 
-0.00860952 
-0.00700197 
-0.00543897 
-0.00392167 
-0.0024462 
-0.001003 
0.00042193 
0.00185037 
0.00331194 
0.00484288 
0.00648349 
0.00826519 
0.0101891 
0.0121928 
0.0141251 
0.0157756 
0.0168745 
0.0172202 
0.0164595 
0.0146574 
0.0120423 
0.00890975 
0.00544207 
0.00185622 
-0.00185622 
0.00162739 
-0.00162739 
-0.0044464 
-0.00712996 
-0.00956986 
-0.011847 
-0.0139306 
-0.0158624 
-0.0176354 
-0.019262 
-0.0207358 
-0.0220555 
-0.0232172 
-0.0242221 
-0.0250752 
-0.0257865 
-0.0263682 
-0.0268332 
-0.0271927 
-0.0274546 
-0.0276226 
-0.027697 
-0.0276752 
-0.0275523 
-0.0273223 
-0.0269788 
-0.0265157 
-0.0259281 
-0.0252128 
-0.0243683 
-0.0233983 
-0.0223052 
-0.0210972 
-0.0197847 
-0.0183811 
-0.0169015 
-0.0153625 
-0.0137808 
-0.0121728 
-0.0105549 
-0.00894164 
-0.00734452 
-0.00577204 
-0.00422858 
-0.00271435 
-0.00122531 
0.000247391 
0.00171796 
0.00320814 
0.0047459 
0.00636486 
0.00810035 
0.00997706 
0.0119843 
0.0140477 
0.0160023 
0.0176263 
0.0186422 
0.018831 
0.0179388 
0.0159978 
0.0131943 
0.00979988 
0.0060089 
0.00205089 
-0.00205089 
0.0016203 
-0.0016203 
-0.00441481 
-0.00707047 
-0.00947226 
-0.0116947 
-0.0137087 
-0.0155617 
-0.0172567 
-0.0188172 
-0.0202463 
-0.0215483 
-0.0227191 
-0.023754 
-0.0246476 
-0.0253964 
-0.0260001 
-0.0264616 
-0.0267859 
-0.0269797 
-0.02705 
-0.027003 
-0.0268439 
-0.0265763 
-0.0262025 
-0.0257232 
-0.0251379 
-0.0244458 
-0.0236468 
-0.0227411 
-0.021732 
-0.0206201 
-0.0194101 
-0.0181123 
-0.0167385 
-0.0153008 
-0.0138125 
-0.0122868 
-0.0107354 
-0.00917119 
-0.00760584 
-0.00604836 
-0.00450536 
-0.00298012 
-0.00147216 
2.18713e-05 
0.00151096 
0.00300881 
0.00453536 
0.00611543 
0.00777834 
0.00955265 
0.011455 
0.0134646 
0.0154992 
0.0173902 
0.0189148 
0.0198052 
0.0198424 
0.0188431 
0.0168177 
0.0139161 
0.0103757 
0.00638656 
0.00218331 
-0.00218331 
0.00161736 
-0.00161736 
-0.00440444 
-0.00703595 
-0.00940606 
-0.0115743 
-0.0135088 
-0.0152576 
-0.0168304 
-0.0182611 
-0.0195661 
-0.0207626 
-0.0218569 
-0.0228503 
-0.0237375 
-0.0245098 
-0.0251567 
-0.025668 
-0.0260356 
-0.0262545 
-0.0263233 
-0.0262445 
-0.0260239 
-0.0256697 
-0.0251921 
-0.024601 
-0.0239054 
-0.0231117 
-0.0222237 
-0.0212436 
-0.0201737 
-0.0190192 
-0.0177885 
-0.01649 
-0.0151329 
-0.0137267 
-0.0122804 
-0.0108012 
-0.00929555 
-0.00777536 
-0.00625007 
-0.00472661 
-0.00321041 
-0.00170413 
-0.000206935 
0.00128407 
0.00277758 
0.00428551 
0.00582491 
0.00741643 
0.00908381 
0.0108481 
0.0127172 
0.0146628 
0.0165989 
0.0183618 
0.0197367 
0.0204763 
0.0203727 
0.0192893 
0.0172204 
0.0142855 
0.0106875 
0.00660192 
0.00226168 
-0.00226168 
0.00162347 
-0.00162347 
-0.00442959 
-0.00706307 
-0.00941769 
-0.0115499 
-0.0134167 
-0.0150625 
-0.0164979 
-0.0177629 
-0.0188837 
-0.0198908 
-0.0208055 
-0.0216437 
-0.0224124 
-0.0231112 
-0.0237322 
-0.0242617 
-0.0246825 
-0.0249765 
-0.0251268 
-0.0251204 
-0.0249498 
-0.0246135 
-0.0241172 
-0.0234728 
-0.0226972 
-0.0218099 
-0.02083 
-0.0197732 
-0.0186505 
-0.0174688 
-0.0162315 
-0.0149364 
-0.0135932 
-0.0122082 
-0.0107892 
-0.00934355 
-0.00787197 
-0.00638417 
-0.00488914 
-0.00339294 
-0.00189972 
-0.000412053 
0.00107159 
0.00255372 
0.00404153 
0.0055447 
0.00707668 
0.00865331 
0.0102921 
0.0120065 
0.0137963 
0.0156276 
0.0174149 
0.0190052 
0.020199 
0.0207742 
0.0205402 
0.0193896 
0.0173068 
0.0143836 
0.010792 
0.00668724 
0.00229628 
-0.00229628 
0.0016425 
-0.0016425 
-0.00449707 
-0.00717162 
-0.00954015 
-0.0116654 
-0.0134933 
-0.0150616 
-0.016378 
-0.0174827 
-0.0184064 
-0.0191873 
-0.0198573 
-0.0204462 
-0.0209767 
-0.021465 
-0.0219188 
-0.0223365 
-0.0227078 
-0.0230148 
-0.0232343 
-0.023341 
-0.02331 
-0.0231201 
-0.0227566 
-0.0222133 
-0.0214948 
-0.0206162 
-0.0196023 
-0.0184833 
-0.017288 
-0.0160376 
-0.0147425 
-0.0134072 
-0.0120486 
-0.010675 
-0.00928897 
-0.0078805 
-0.00643541 
-0.0049747 
-0.00350854 
-0.00203931 
-0.000570476 
0.00089684 
0.00236332 
0.00383077 
0.00530408 
0.00678993 
0.00829769 
0.0098381 
0.0114223 
0.0130563 
0.0147331 
0.0164154 
0.0180211 
0.0194116 
0.0204071 
0.0208119 
0.0204558 
0.0192482 
0.0171699 
0.0142869 
0.0107444 
0.0066753 
0.00229779 
-0.00229779 
0.0016747 
-0.0016747 
-0.00461006 
-0.00735862 
-0.00978587 
-0.0119334 
-0.0137584 
-0.0152848 
-0.0165195 
-0.0174996 
-0.0182574 
-0.0188337 
-0.0192649 
-0.0195867 
-0.0198309 
-0.0200255 
-0.0201934 
-0.0203511 
-0.0205065 
-0.0206583 
-0.0207954 
-0.0208979 
-0.0209392 
-0.0208879 
-0.0207113 
-0.0203781 
-0.0198624 
-0.0191473 
-0.0182308 
-0.0171294 
-0.0158819 
-0.0145461 
-0.0131873 
-0.011852 
-0.010542 
-0.00920187 
-0.00783248 
-0.00644776 
-0.00502646 
-0.00358519 
-0.00213663 
-0.000686499 
0.000764246 
0.00221434 
0.00366407 
0.00511442 
0.00656772 
0.00802746 
0.00949873 
0.0109872 
0.0124979 
0.0140305 
0.015572 
0.0170839 
0.0184897 
0.0196667 
0.0204569 
0.02069 
0.0202177 
0.018955 
0.0168912 
0.0140631 
0.0105948 
0.00659641 
0.00227624 
-0.00227624 
0.00171973 
-0.00171973 
-0.00476494 
-0.00761753 
-0.0101369 
-0.0123428 
-0.0141948 
-0.0157127 
-0.0169007 
-0.0177952 
-0.0184302 
-0.0188494 
-0.0190924 
-0.0191972 
-0.0191975 
-0.0191238 
-0.0190036 
-0.0188615 
-0.0187181 
-0.0185885 
-0.0184807 
-0.0183946 
-0.0183207 
-0.0182412 
-0.0181303 
-0.0179558 
-0.0176808 
-0.0172659 
-0.016673 
-0.0158704 
-0.0148415 
-0.013595 
-0.0121739 
-0.0106523 
-0.00912644 
-0.00768211 
-0.00634191 
-0.00501783 
-0.00358497 
-0.00214001 
-0.000719279 
0.000705891 
0.00213027 
0.00355823 
0.00498734 
0.0064166 
0.00784479 
0.00927152 
0.0106973 
0.0121228 
0.0135473 
0.0149648 
0.0163582 
0.0176889 
0.0188874 
0.019847 
0.0204316 
0.0204948 
0.019909 
0.0185932 
0.0165401 
0.0137703 
0.0103864 
0.00647711 
0.00224048 
-0.00224048 
0.00177634 
-0.00177634 
-0.00495685 
-0.00793938 
-0.0105758 
-0.0128722 
-0.0147741 
-0.0163079 
-0.0174723 
-0.0183055 
-0.0188447 
-0.0191393 
-0.0192351 
-0.0191754 
-0.0189964 
-0.0187291 
-0.0183998 
-0.0180315 
-0.0176445 
-0.0172569 
-0.0168833 
-0.0165347 
-0.0162165 
-0.0159284 
-0.015663 
-0.0154063 
-0.0151366 
-0.0148243 
-0.0144315 
-0.0139117 
-0.0132125 
-0.0122823 
-0.0110893 
-0.00963706 
-0.00802083 
-0.00637348 
-0.00495708 
-0.00358495 
-0.00216655 
-0.000736789 
0.000682195 
0.00209781 
0.00350977 
0.00492248 
0.00633458 
0.00774353 
0.00914544 
0.0105362 
0.0119118 
0.0132682 
0.0145994 
0.015895 
0.0171347 
0.0182812 
0.0192725 
0.0200169 
0.0203996 
0.0202959 
0.0195966 
0.018226 
0.0161739 
0.013456 
0.0101547 
0.00633957 
0.00219808 
-0.00219808 
0.00184276 
-0.00184276 
-0.00518041 
-0.00831496 
-0.0110908 
-0.0134993 
-0.0154761 
-0.0170417 
-0.0181974 
-0.0189805 
-0.0194328 
-0.0196112 
-0.0195711 
-0.0193645 
-0.0190349 
-0.0186172 
-0.0181388 
-0.0176213 
-0.0170822 
-0.0165357 
-0.0159934 
-0.0154644 
-0.0149551 
-0.0144695 
-0.0140083 
-0.0135697 
-0.0131484 
-0.012736 
-0.0123196 
-0.0118803 
-0.0113913 
-0.0108165 
-0.0101139 
-0.00923375 
-0.00812038 
-0.00671658 
-0.00500741 
-0.00307523 
-0.00117027 
0.000566103 
0.00207224 
0.00351563 
0.00492942 
0.00633437 
0.00773364 
0.0091237 
0.0104987 
0.0118512 
0.0131732 
0.0144563 
0.01569 
0.0168603 
0.017945 
0.0189086 
0.0196964 
0.0202312 
0.0204169 
0.0201488 
0.0193337 
0.0179024 
0.0158404 
0.0131574 
0.00992868 
0.00620196 
0.00215527 
-0.00215527 
0.00191668 
-0.00191668 
-0.00542903 
-0.00873417 
-0.0116689 
-0.0142092 
-0.0162825 
-0.017895 
-0.019054 
-0.0197935 
-0.0201602 
-0.0202188 
-0.0200364 
-0.0196767 
-0.0191932 
-0.0186281 
-0.0180127 
-0.0173699 
-0.0167164 
-0.0160643 
-0.0154222 
-0.0147955 
-0.0141868 
-0.0135966 
-0.0130233 
-0.0124635 
-0.0119132 
-0.0113675 
-0.0108214 
-0.0102683 
-0.00969836 
-0.00909415 
-0.0084293 
-0.00766541 
-0.00674989 
-0.00560071 
-0.00411589 
-0.00237926 
-0.00049277 
0.00133488 
0.00305371 
0.00467173 
0.00621071 
0.00769366 
0.00913563 
0.0105413 
0.0119096 
0.0132347 
0.0145082 
0.0157193 
0.0168556 
0.0179004 
0.0188312 
0.0196151 
0.0202047 
0.0205356 
0.0205287 
0.0200969 
0.0191618 
0.0176601 
0.0155758 
0.0129063 
0.00973149 
0.00607952 
0.00211736 
-0.00211736 
0.0019951 
-0.0019951 
-0.00569429 
-0.00918437 
-0.0122943 
-0.0149848 
-0.0171725 
-0.0188504 
-0.0200234 
-0.0207252 
-0.021006 
-0.0209386 
-0.0206028 
-0.0200762 
-0.019425 
-0.018701 
-0.017941 
-0.0171704 
-0.0164062 
-0.0156591 
-0.0149356 
-0.0142389 
-0.0135691 
-0.0129238 
-0.0122985 
-0.0116868 
-0.0110811 
-0.0104737 
-0.00985662 
-0.00922308 
-0.00856642 
-0.00787743 
-0.00713963 
-0.00632838 
-0.00541697 
-0.00438733 
-0.00324395 
-0.00203021 
-0.000743907 
0.000777333 
0.00268926 
0.00465483 
0.00659868 
0.00843042 
0.0101442 
0.0117402 
0.0132271 
0.0146096 
0.015889 
0.0170617 
0.0181197 
0.0190503 
0.0198345 
0.0204443 
0.0208411 
0.0209724 
0.020775 
0.0201775 
0.0191152 
0.0175314 
0.0154088 
0.0127382 
0.00958591 
0.00598741 
0.00208915 
-0.00208915 
0.00207404 
-0.00207404 
-0.00596492 
-0.00964832 
-0.012945 
-0.0158012 
-0.0181199 
-0.0198816 
-0.0210795 
-0.0217508 
-0.0219465 
-0.0217469 
-0.0212461 
-0.0205372 
-0.0197022 
-0.0188045 
-0.0178884 
-0.0169825 
-0.0161041 
-0.0152626 
-0.0144623 
-0.0137039 
-0.0129849 
-0.0123008 
-0.0116448 
-0.0110089 
-0.0103836 
-0.00975886 
-0.00912423 
-0.00846982 
-0.00778618 
-0.00706453 
-0.00629316 
-0.005457 
-0.00453555 
-0.00351113 
-0.00235652 
-0.00110817 
0.000182742 
0.00164896 
0.00331652 
0.0051409 
0.00705497 
0.00898249 
0.0108661 
0.0126559 
0.014321 
0.0158421 
0.0172077 
0.0184105 
0.0194438 
0.0202991 
0.0209638 
0.0214183 
0.0216346 
0.0215737 
0.0211879 
0.0204213 
0.0192225 
0.0175425 
0.015365 
0.0126744 
0.00952674 
0.00594147 
0.00207628 
-0.00207628 
0.00214828 
-0.00214828 
-0.00622592 
-0.0101026 
-0.0135908 
-0.0166233 
-0.0190872 
-0.0209474 
-0.0221848 
-0.0228337 
-0.0229474 
-0.0226119 
-0.021936 
-0.0210306 
-0.0199958 
-0.0189095 
-0.0178256 
-0.0167766 
-0.0157803 
-0.0148444 
-0.0139706 
-0.0131563 
-0.0123962 
-0.0116829 
-0.0110073 
-0.010359 
-0.00972678 
-0.00909884 
-0.00846308 
-0.00780784 
-0.00712123 
-0.00639235 
-0.00560795 
-0.00475475 
-0.00381612 
-0.00278311 
-0.00164344 
-0.000412303 
0.000921486 
0.00240316 
0.00399033 
0.00567228 
0.00746437 
0.00935241 
0.0112862 
0.0132007 
0.0150332 
0.0167308 
0.0182528 
0.0195707 
0.0206649 
0.0215223 
0.022132 
0.0224815 
0.0225542 
0.0223256 
0.0217646 
0.0208319 
0.0194906 
0.0177014 
0.0154512 
0.0127209 
0.00955869 
0.00596306 
0.0020823 
-0.0020823 
0.00221118 
-0.00221118 
-0.00645786 
-0.0105164 
-0.0141912 
-0.0174035 
-0.0200224 
-0.0219944 
-0.0232862 
-0.0239211 
-0.023959 
-0.0234878 
-0.0226311 
-0.0215183 
-0.0202703 
-0.0189826 
-0.0177208 
-0.0165229 
-0.0154069 
-0.0143786 
-0.0134361 
-0.0125733 
-0.0117814 
-0.0110496 
-0.0103661 
-0.00971811 
-0.00909235 
-0.00847533 
-0.00785322 
-0.00721295 
-0.00654092 
-0.00582509 
-0.00505138 
-0.00420777 
-0.00327806 
-0.00225387 
-0.00111812 
0.000125277 
0.00147093 
0.00294884 
0.0045559 
0.00628071 
0.00810354 
0.00999153 
0.0119091 
0.0138193 
0.0156787 
0.0174387 
0.0190483 
0.0204608 
0.0216366 
0.022545 
0.0231632 
0.0234746 
0.0234652 
0.0231198 
0.0224208 
0.0213447 
0.0198696 
0.017968 
0.015633 
0.0128453 
0.00964762 
0.00602517 
0.00210843 
-0.00210843 
0.00225458 
-0.00225458 
-0.00663636 
-0.0108501 
-0.0146932 
-0.0180778 
-0.0208539 
-0.0229464 
-0.0243057 
-0.024938 
-0.02491 
-0.0243099 
-0.0232735 
-0.0219495 
-0.0204806 
-0.0189833 
-0.0175375 
-0.0161882 
-0.0149542 
-0.0138386 
-0.0128354 
-0.0119341 
-0.0111215 
-0.0103834 
-0.00970458 
-0.0090696 
-0.00846277 
-0.00786867 
-0.00727166 
-0.00665712 
-0.00600969 
-0.00531569 
-0.00455934 
-0.00372784 
-0.00280505 
-0.00178168 
-0.000644307 
0.000611627 
0.0019869 
0.00349845 
0.00513119 
0.00687434 
0.0087102 
0.0106074 
0.012529 
0.0144382 
0.016298 
0.0180633 
0.0196886 
0.0211281 
0.0223383 
0.0232794 
0.0239176 
0.0242265 
0.0241857 
0.0237797 
0.0229958 
0.02182 
0.0202419 
0.018245 
0.0158303 
0.0129816 
0.00973931 
0.00608243 
0.00213215 
-0.00213215 
0.00226885 
-0.00226885 
-0.00673206 
-0.0110551 
-0.0150298 
-0.0185634 
-0.0214858 
-0.0236994 
-0.0251349 
-0.0257805 
-0.025701 
-0.0249879 
-0.0237838 
-0.022256 
-0.0205688 
-0.0188619 
-0.0172326 
-0.0157352 
-0.0143901 
-0.013197 
-0.0121453 
-0.0112191 
-0.0104006 
-0.00967127 
-0.00901246 
-0.00840585 
-0.00783325 
-0.00727725 
-0.00672038 
-0.00614648 
-0.00553849 
-0.00488116 
-0.00415701 
-0.00335207 
-0.00244911 
-0.00143678 
-0.000301901 
0.000967519 
0.00236858 
0.00391504 
0.00559781 
0.00740585 
0.00931455 
0.0112889 
0.0132849 
0.0152534 
0.017141 
0.0188987 
0.0204859 
0.0218685 
0.023015 
0.0238949 
0.0244788 
0.0247393 
0.0246522 
0.0241968 
0.0233571 
0.0221193 
0.020476 
0.0184162 
0.0159462 
0.0130539 
0.00977994 
0.00610248 
0.00213757 
-0.00213757 
0.00224325 
-0.00224325 
-0.00671151 
-0.0110749 
-0.015122 
-0.0187604 
-0.0218018 
-0.0241262 
-0.0256407 
-0.0263139 
-0.0262018 
-0.0254019 
-0.0240566 
-0.0223485 
-0.0204607 
-0.0185573 
-0.0167556 
-0.0151218 
-0.0136791 
-0.0124245 
-0.0113415 
-0.0104086 
-0.0096024 
-0.00889998 
-0.00827884 
-0.00771764 
-0.00719567 
-0.00669349 
-0.00619175 
-0.00567272 
-0.00511759 
-0.00450921 
-0.00382827 
-0.00305906 
-0.00218313 
-0.0011867 
-5.69228e-05 
0.00122331 
0.00265354 
0.00424578 
0.00599057 
0.00787567 
0.00987355 
0.0119441 
0.0140348 
0.0160851 
0.0180305 
0.0198111 
0.0213807 
0.0227032 
0.0237538 
0.0245138 
0.0249689 
0.0251056 
0.0249098 
0.0243654 
0.0234559 
0.0221643 
0.0204795 
0.0183887 
0.0158976 
0.0129954 
0.00972264 
0.00605979 
0.00211894 
-0.00211894 
0.00216653 
-0.00216653 
-0.00653898 
-0.0108478 
-0.0148811 
-0.0185545 
-0.0216655 
-0.024074 
-0.0256596 
-0.026371 
-0.0262477 
-0.0253992 
-0.0239569 
-0.0221133 
-0.020064 
-0.0179958 
-0.0160475 
-0.0143007 
-0.0127835 
-0.0114907 
-0.0104 
-0.00948359 
-0.00871235 
-0.0080585 
-0.0074957 
-0.00699965 
-0.00654716 
-0.00611691 
-0.00568785 
-0.00524072 
-0.00475507 
-0.00421184 
-0.00359 
-0.00287208 
-0.00203789 
-0.00107108 
4.34441e-05 
0.00132565 
0.00278018 
0.00441924 
0.00623672 
0.00821924 
0.0103347 
0.0125352 
0.0147573 
0.016928 
0.0189704 
0.020812 
0.0223881 
0.0236566 
0.024598 
0.0252033 
0.0254735 
0.0254158 
0.0250367 
0.0243368 
0.0233093 
0.0219396 
0.0202128 
0.0181099 
0.01563 
0.0127585 
0.00953233 
0.00593407 
0.00207068 
-0.00207068 
0.00202799 
-0.00202799 
-0.00617929 
-0.0103112 
-0.0142149 
-0.0178231 
-0.0209261 
-0.0233696 
-0.0250029 
-0.0257565 
-0.0256439 
-0.0247968 
-0.0233221 
-0.0214134 
-0.019268 
-0.0170909 
-0.0150419 
-0.0132206 
-0.0116635 
-0.0103648 
-0.00929714 
-0.00842613 
-0.00771684 
-0.00713668 
-0.00665555 
-0.00624634 
-0.00588367 
-0.00554458 
-0.00520649 
-0.00484884 
-0.00444964 
-0.003988 
-0.00344144 
-0.0027907 
-0.00201355 
-0.0010908 
-3.36937e-06 
0.00127011 
0.00274283 
0.00442761 
0.00632121 
0.0084079 
0.0106497 
0.012989 
0.0153501 
0.0176475 
0.0197927 
0.0217004 
0.0232991 
0.0245272 
0.025371 
0.0258238 
0.0258967 
0.0256154 
0.0250103 
0.0241059 
0.0229154 
0.0214359 
0.0196552 
0.0175494 
0.0151087 
0.0123106 
0.00918354 
0.00570976 
0.00198819 
-0.00198819 
0.00181864 
-0.00181864 
-0.00560192 
-0.00940902 
-0.0130371 
-0.016446 
-0.019429 
-0.02183 
-0.0234684 
-0.0242591 
-0.0241774 
-0.0233919 
-0.0219698 
-0.0200936 
-0.0179477 
-0.0157461 
-0.0136663 
-0.0118277 
-0.0102791 
-0.00901732 
-0.00801116 
-0.00722045 
-0.00660471 
-0.00612687 
-0.00575343 
-0.00545491 
-0.00520419 
-0.00497707 
-0.00474987 
-0.00450106 
-0.00420739 
-0.00384651 
-0.00339494 
-0.0028316 
-0.00213186 
-0.00127328 
-0.000231527 
0.00101616 
0.00249228 
0.00421074 
0.00617026 
0.00835052 
0.0107048 
0.0131639 
0.0156412 
0.0180427 
0.0202729 
0.0222407 
0.0238664 
0.0250751 
0.0258356 
0.0261497 
0.0260347 
0.0255329 
0.0246968 
0.0235759 
0.0222071 
0.0206057 
0.0187692 
0.0166741 
0.0143033 
0.0116247 
0.00865538 
0.00537375 
0.00186723 
-0.00186723 
0.00153271 
-0.00153271 
-0.00478588 
-0.00810056 
-0.0112815 
-0.0143247 
-0.0170384 
-0.0192846 
-0.0208613 
-0.0216716 
-0.0216374 
-0.0209826 
-0.0197161 
-0.0179945 
-0.0159729 
-0.0138609 
-0.0118466 
-0.0100692 
-0.00859306 
-0.00742194 
-0.00652383 
-0.00585421 
-0.00536789 
-0.00502401 
-0.00478641 
-0.00462387 
-0.00450818 
-0.00441456 
-0.00431877 
-0.00419877 
-0.00403049 
-0.00379077 
-0.00345566 
-0.00300211 
-0.00240303 
-0.00163228 
-0.000660313 
0.000538336 
0.00199283 
0.00371816 
0.00571111 
0.00794252 
0.0103542 
0.0128666 
0.0153877 
0.0178232 
0.0200797 
0.0220681 
0.0236995 
0.0249019 
0.0256004 
0.0258121 
0.0255507 
0.0248712 
0.0238462 
0.0225473 
0.0210339 
0.0193407 
0.0174787 
0.0154299 
0.0131739 
0.0106714 
0.00792694 
0.00491338 
0.00170362 
-0.00170362 
0.00116865 
-0.00116865 
-0.00372434 
-0.00637041 
-0.00891757 
-0.0114053 
-0.013664 
-0.0155997 
-0.0170128 
-0.0178193 
-0.0178551 
-0.0174032 
-0.0164054 
-0.0149757 
-0.0132248 
-0.0113415 
-0.00951391 
-0.00789694 
-0.00657324 
-0.00555803 
-0.00482243 
-0.00432011 
-0.00400278 
-0.00382697 
-0.00375486 
-0.00375452 
-0.00379756 
-0.00385937 
-0.00391598 
-0.00394545 
-0.00392351 
-0.00382716 
-0.00363236 
-0.00331421 
-0.00284345 
-0.00218989 
-0.00131994 
-0.000203615 
0.00118809 
0.00287026 
0.00483093 
0.00702766 
0.00939062 
0.0118359 
0.0142766 
0.0166315 
0.0188212 
0.0207672 
0.0223764 
0.0235833 
0.0242518 
0.0244111 
0.0240661 
0.0232831 
0.0221526 
0.0207633 
0.0191916 
0.0174873 
0.0156739 
0.0137413 
0.0116698 
0.00941655 
0.00697606 
0.00431596 
0.00149334 
-0.00149334 
0.000729466 
-0.000729466 
-0.00242737 
-0.00423601 
-0.0059656 
-0.00770591 
-0.00931016 
-0.0107485 
-0.0118473 
-0.0125983 
-0.0127427 
-0.0125641 
-0.0119459 
-0.0109437 
-0.009616 
-0.00811435 
-0.00661312 
-0.0052739 
-0.00419698 
-0.00341326 
-0.00290165 
-0.0026174 
-0.00251136 
-0.00253912 
-0.00266271 
-0.00285068 
-0.0030757 
-0.00331438 
-0.00354387 
-0.00374315 
-0.00388868 
-0.00395865 
-0.0039294 
-0.00377475 
-0.00346379 
-0.00296299 
-0.0022359 
-0.00124863 
2.0063e-05 
0.00158007 
0.00340283 
0.00543145 
0.00758998 
0.00980181 
0.012 
0.0141295 
0.0161359 
0.0179563 
0.0195024 
0.0207085 
0.0213932 
0.0215666 
0.0212227 
0.0204358 
0.0193159 
0.0179645 
0.0164671 
0.0148803 
0.0132342 
0.0115247 
0.00973559 
0.00782507 
0.00578138 
0.00357004 
0.00123292 
-0.00123292 
0.000219367 
-0.000219367 
-0.000918419 
-0.00175081 
-0.00250247 
-0.00332728 
-0.00408909 
-0.00483688 
-0.00542203 
-0.00600846 
-0.00635686 
-0.00650528 
-0.00635186 
-0.00588613 
-0.00511692 
-0.00414455 
-0.00311412 
-0.00218066 
-0.00145588 
-0.000987325 
-0.000766272 
-0.000753604 
-0.000902246 
-0.0011691 
-0.00151799 
-0.0019194 
-0.0023483 
-0.0027839 
-0.00320557 
-0.00359406 
-0.0039278 
-0.00418728 
-0.00434988 
-0.00438925 
-0.00427386 
-0.00396842 
-0.00343543 
-0.00264279 
-0.00157596 
-0.000250139 
0.00129099 
0.00297993 
0.00474789 
0.00654021 
0.00832425 
0.0100791 
0.0117793 
0.0133814 
0.0148125 
0.0159985 
0.016745 
0.0169832 
0.0167276 
0.0160549 
0.0150917 
0.0139419 
0.0126892 
0.011386 
0.0100606 
0.00871162 
0.0073268 
0.00586994 
0.00432785 
0.00266887 
0.000920946 
-0.000920946 
-0.000352022 
0.000352022 
0.000764326 
0.0010084 
0.00134612 
0.00155675 
0.00175755 
0.00182899 
0.00182889 
0.00152321 
0.00102879 
0.000560465 
0.000229027 
0.000102232 
0.00022138 
0.000547504 
0.000979386 
0.00138308 
0.0016459 
0.00170873 
0.00156775 
0.00125321 
0.000806497 
0.000266546 
-0.000334347 
-0.000971053 
-0.00162308 
-0.00227301 
-0.00290381 
-0.00349885 
-0.00404006 
-0.00451131 
-0.00489207 
-0.00515741 
-0.00527693 
-0.0052161 
-0.0049401 
-0.00442423 
-0.00366861 
-0.00270903 
-0.0016112 
-0.000442071 
0.000751134 
0.0019535 
0.0031731 
0.00441801 
0.00568877 
0.00696051 
0.00818953 
0.0093042 
0.0101541 
0.0105365 
0.0104559 
0.0100039 
0.00934925 
0.00858434 
0.00776994 
0.0069379 
0.00610543 
0.00527007 
0.00442421 
0.00354177 
0.0026124 
0.00161319 
0.000558849 
-0.000558849 
-0.000969157 
0.000969157 
0.00257681 
0.00396909 
0.00544477 
0.0067419 
0.00791608 
0.00880096 
0.00932047 
0.00933002 
0.00889693 
0.00822882 
0.00750042 
0.00682172 
0.00627911 
0.00589679 
0.00563271 
0.00539529 
0.00508925 
0.00465472 
0.00407868 
0.00338088 
0.00259363 
0.00174831 
0.000870776 
-1.98879e-05 
-0.000909835 
-0.00178771 
-0.0026411 
-0.00345695 
-0.0042223 
-0.00492545 
-0.00554944 
-0.0060728 
-0.00646855 
-0.00670651 
-0.00675949 
-0.00661655 
-0.00629747 
-0.00585581 
-0.00536059 
-0.00486384 
-0.00437885 
-0.00388033 
-0.00333044 
-0.00270143 
-0.00197634 
-0.00116445 
-0.000282222 
0.000607509 
0.00142829 
0.00194898 
0.00220437 
0.00220448 
0.00209037 
0.00193177 
0.00175834 
0.00158044 
0.00140363 
0.00122624 
0.00104828 
0.000858369 
0.000651269 
0.000420259 
0.000156381 
-0.000156381 
-0.00161886 
0.00161886 
0.00448711 
0.00707718 
0.00969219 
0.0120633 
0.0141602 
0.0157871 
0.0168028 
0.0171399 
0.0168598 
0.016129 
0.0151236 
0.0139836 
0.0128275 
0.0117327 
0.0107215 
0.00976259 
0.00880049 
0.00779043 
0.00671683 
0.00558887 
0.00442684 
0.00325107 
0.00207773 
0.000918238 
-0.000220104 
-0.00133416 
-0.00241898 
-0.00346563 
-0.00446777 
-0.00541931 
-0.00630855 
-0.00711969 
-0.00783208 
-0.00842375 
-0.00888002 
-0.00920772 
-0.00944541 
-0.00965468 
-0.0098909 
-0.010172 
-0.0104727 
-0.0107416 
-0.0109265 
-0.0109884 
-0.0109038 
-0.0106685 
-0.0102906 
-0.00980088 
-0.00923195 
-0.00858667 
-0.0078473 
-0.00712948 
-0.00645069 
-0.00579482 
-0.00515651 
-0.00453523 
-0.00392885 
-0.00333233 
-0.00273491 
-0.00212955 
-0.00151684 
-0.000882428 
-0.000275119 
0.000275119 
-0.00229454 
0.00229454 
0.00647862 
0.0102994 
0.0140269 
0.0174193 
0.0203689 
0.022672 
0.0241806 
0.0248655 
0.0247838 
0.0240617 
0.0228613 
0.0213314 
0.0196122 
0.0178243 
0.0160519 
0.0143314 
0.0126607 
0.0110235 
0.00940948 
0.00781958 
0.00626069 
0.00473978 
0.00326135 
0.00182636 
0.000434483 
-0.000919011 
-0.00223786 
-0.00351999 
-0.00476616 
-0.00597726 
-0.00714855 
-0.00827216 
-0.00933667 
-0.0103318 
-0.0112584 
-0.0121405 
-0.0130274 
-0.0139738 
-0.0150071 
-0.0161091 
-0.0172252 
-0.0182887 
-0.0192403 
-0.0200356 
-0.0206436 
-0.0210443 
-0.0212183 
-0.0211412 
-0.0207229 
-0.019868 
-0.0186559 
-0.0172263 
-0.0157125 
-0.0141828 
-0.0126666 
-0.0111766 
-0.00971336 
-0.0082656 
-0.00681355 
-0.00533496 
-0.00382664 
-0.00226025 
-0.000727043 
0.000727043 
-0.00299434 
0.00299434 
0.00854633 
0.013623 
0.0184288 
0.0227724 
0.0265029 
0.0294272 
0.0314129 
0.0324412 
0.0325643 
0.0318821 
0.030532 
0.0286568 
0.0264102 
0.0239503 
0.0214206 
0.0189268 
0.0165266 
0.01424 
0.0120677 
0.010004 
0.00804222 
0.00617441 
0.00439179 
0.0026843 
0.00104186 
-0.00054791 
-0.00209675 
-0.00361248 
-0.00510322 
-0.00657795 
-0.00804051 
-0.00949297 
-0.0109355 
-0.0123719 
-0.0138182 
-0.0153104 
-0.0168964 
-0.0186103 
-0.020446 
-0.0223541 
-0.0242613 
-0.0260924 
-0.0277817 
-0.0292739 
-0.0305204 
-0.031473 
-0.0320723 
-0.0322408 
-0.031847 
-0.0308225 
-0.0292547 
-0.0272773 
-0.0250645 
-0.0227464 
-0.0203968 
-0.0180507 
-0.0157175 
-0.0133867 
-0.0110363 
-0.00863831 
-0.006189 
-0.00366279 
-0.00118509 
0.00118509 
-0.00371748 
0.00371748 
0.0106873 
0.0170438 
0.0229018 
0.0281294 
0.0325728 
0.0360638 
0.0384905 
0.0398362 
0.040145 
0.0394924 
0.0379896 
0.0357712 
0.0330042 
0.0298835 
0.0266101 
0.0233559 
0.0202375 
0.0173117 
0.0145916 
0.0120658 
0.00971352 
0.00751171 
0.00543787 
0.00347057 
0.00158956 
-0.000225129 
-0.00199318 
-0.00373313 
-0.00546116 
-0.00719492 
-0.00894816 
-0.0107343 
-0.0125667 
-0.0144632 
-0.0164524 
-0.0185732 
-0.0208602 
-0.0233189 
-0.0259116 
-0.0285664 
-0.0311989 
-0.0337267 
-0.0360733 
-0.0381664 
-0.0399334 
-0.0412961 
-0.0421656 
-0.0424486 
-0.042034 
-0.0408872 
-0.0390783 
-0.0367239 
-0.0339952 
-0.0310429 
-0.0279717 
-0.0248404 
-0.0216738 
-0.0184711 
-0.0152174 
-0.0118913 
-0.00849608 
-0.00502663 
-0.00162963 
0.00162963 
-0.00445911 
0.00445911 
0.0128854 
0.0205419 
0.0274408 
0.0335029 
0.0386019 
0.0426048 
0.0454211 
0.0470349 
0.0474735 
0.0467912 
0.0450826 
0.0424802 
0.0391709 
0.0353903 
0.0313953 
0.027418 
0.0236254 
0.0201049 
0.0168781 
0.0139266 
0.0112159 
0.00870843 
0.00636869 
0.00416445 
0.00206602 
4.57951e-05 
-0.00192329 
-0.00386995 
-0.00581927 
-0.00779747 
-0.00982906 
-0.0119394 
-0.0141554 
-0.0165078 
-0.0190318 
-0.0217606 
-0.0247066 
-0.0278446 
-0.0311104 
-0.0344178 
-0.037675 
-0.040792 
-0.0436805 
-0.0462506 
-0.0484096 
-0.0500607 
-0.0511055 
-0.0514562 
-0.0510265 
-0.0498005 
-0.0478367 
-0.0452346 
-0.0421433 
-0.0387074 
-0.035042 
-0.031223 
-0.0272922 
-0.0232655 
-0.0191442 
-0.0149252 
-0.0106293 
-0.0062825 
-0.00203903 
0.00203903 
-0.00520353 
0.00520353 
0.0150902 
0.0240455 
0.0319766 
0.0388396 
0.0445462 
0.0490024 
0.0521395 
0.053943 
0.0544207 
0.0536121 
0.0516065 
0.048549 
0.0446595 
0.0402217 
0.0355459 
0.0309134 
0.0265268 
0.0224913 
0.0188292 
0.0155129 
0.0124947 
0.00972444 
0.0071558 
0.00474719 
0.00246104 
0.000262517 
-0.00188176 
-0.00400954 
-0.00615493 
-0.00835227 
-0.0106368 
-0.0130458 
-0.0156189 
-0.0183969 
-0.0214166 
-0.0246977 
-0.0282261 
-0.0319476 
-0.0357777 
-0.0396207 
-0.0433805 
-0.046962 
-0.0502681 
-0.0531976 
-0.055646 
-0.057508 
-0.0586841 
-0.0590942 
-0.0586697 
-0.0574032 
-0.0553456 
-0.0525801 
-0.0492312 
-0.0454271 
-0.0412803 
-0.0368758 
-0.0322712 
-0.0275023 
-0.0225934 
-0.0175678 
-0.0124715 
-0.0073628 
-0.00239188 
0.00239188 
-0.00591729 
0.00591729 
0.0171979 
0.027395 
