0 
-0.000432545 
0.00103113 
0.00492433 
0.0110391 
0.0189358 
0.0280502 
0.0378917 
0.0480452 
0.0581781 
0.0680265 
0.0773793 
0.0860644 
0.0939391 
0.100885 
0.106806 
0.111632 
0.115321 
0.117863 
0.119288 
0.119643 
0.118995 
0.117424 
0.115018 
0.111871 
0.108059 
0.10364 
0.0986441 
0.0930907 
0.0870168 
0.080522 
0.0737938 
0.0670827 
0.0606294 
0.054599 
0.0490652 
0.0440365 
0.0394878 
0.0353804 
0.0316719 
0.0283198 
0.0252848 
0.0225313 
0.0200282 
0.0177489 
0.0156708 
0.0137751 
0.0120463 
0.0104714 
0.00903981 
0.0077428 
0.00657312 
0.00552429 
0.00459042 
0.00376647 
0.00304737 
0.00242742 
0.00190013 
0.00145812 
0.00109324 
0.000796237 
0.000556827 
0.000363622 
0.000204302 
6.57162e-05 
0 
0.000432545 
-0.000432545 
0.00103113 
0.00492433 
0.0110391 
0.0189358 
0.0280502 
0.0378917 
0.0480452 
0.0581781 
0.0680265 
0.0773793 
0.0860644 
0.0939391 
0.100885 
0.106806 
0.111632 
0.115321 
0.117863 
0.119288 
0.119643 
0.118995 
0.117424 
0.115018 
0.111871 
0.108059 
0.10364 
0.0986441 
0.0930907 
0.0870168 
0.080522 
0.0737938 
0.0670827 
0.0606294 
0.054599 
0.0490652 
0.0440365 
0.0394878 
0.0353804 
0.0316719 
0.0283198 
0.0252848 
0.0225313 
0.0200282 
0.0177489 
0.0156708 
0.0137751 
0.0120463 
0.0104714 
0.00903981 
0.0077428 
0.00657312 
0.00552429 
0.00459042 
0.00376647 
0.00304737 
0.00242742 
0.00190013 
0.00145812 
0.00109324 
0.000796237 
0.000556827 
0.000363622 
0.000204302 
6.57162e-05 
-6.57162e-05 
0.000280696 
-0.000280696 
0.00249097 
0.00778955 
0.0150134 
0.0236363 
0.0331411 
0.04311 
0.0532022 
0.0631468 
0.0727281 
0.0817701 
0.0901248 
0.0976641 
0.104276 
0.109867 
0.114361 
0.117708 
0.119894 
0.120931 
0.120871 
0.119783 
0.117754 
0.114888 
0.111298 
0.107086 
0.102336 
0.0971054 
0.0914267 
0.0853333 
0.0789026 
0.0722911 
0.0657211 
0.0594165 
0.0535349 
0.0481468 
0.0432562 
0.0388331 
0.0348351 
0.0312184 
0.0279414 
0.0249667 
0.0222612 
0.0197961 
0.0175469 
0.0154928 
0.0136163 
0.0119027 
0.0103399 
0.00891796 
0.00762848 
0.00646444 
0.00542013 
0.00449055 
0.00367068 
0.00295549 
0.00233988 
0.00181823 
0.00138321 
0.00102667 
0.000739387 
0.000510993 
0.000329957 
0.000183709 
5.87811e-05 
-5.87811e-05 
-0.000998213 
0.000998213 
0.005887 
0.0125546 
0.0205205 
0.029394 
0.0387962 
0.0484207 
0.0580201 
0.0673979 
0.0763951 
0.0848764 
0.0927198 
0.0998114 
0.106043 
0.111317 
0.115547 
0.118668 
0.120651 
0.121455 
0.12112 
0.11971 
0.117311 
0.114035 
0.110012 
0.105371 
0.100231 
0.09469 
0.0888152 
0.0826564 
0.0762838 
0.0698266 
0.0634713 
0.0574085 
0.0517715 
0.0466157 
0.0419374 
0.0377022 
0.0338666 
0.0303873 
0.027225 
0.0243451 
0.0217176 
0.0193165 
0.0171197 
0.0151084 
0.0132669 
0.0115819 
0.0100425 
0.00863989 
0.00736677 
0.00621715 
0.00518591 
0.00426846 
0.00346044 
0.00275763 
0.0021553 
0.00164772 
0.00122851 
0.000889945 
0.000623069 
0.000417451 
0.000261352 
0.000141768 
4.46524e-05 
-4.46524e-05 
-0.00244814 
0.00244814 
0.00888357 
0.0163865 
0.0246232 
0.0333494 
0.0422953 
0.051258 
0.0600852 
0.0686597 
0.076883 
0.0846608 
0.0918955 
0.0984829 
0.104314 
0.109283 
0.113291 
0.116256 
0.11814 
0.118855 
0.118444 
0.116952 
0.114446 
0.111031 
0.106835 
0.101998 
0.0966626 
0.0909588 
0.0849918 
0.0788433 
0.072598 
0.0663765 
0.0603357 
0.0546254 
0.0493412 
0.0445142 
0.0401288 
0.036148 
0.0325295 
0.0292337 
0.0262253 
0.0234738 
0.020953 
0.0186404 
0.0165167 
0.0145656 
0.0127734 
0.0111288 
0.00962241 
0.00824684 
0.00699603 
0.00586512 
0.00485011 
0.00394759 
0.00315428 
0.00246668 
0.00188106 
0.00139276 
0.000996331 
0.000684211 
0.000447654 
0.000276158 
0.000157614 
7.82964e-05 
2.32541e-05 
-2.32541e-05 
-0.00316314 
0.00316314 
0.0104487 
0.0183918 
0.0265953 
0.0349 
0.0431382 
0.0512198 
0.0590959 
0.0667311 
0.0740843 
0.0810964 
0.0876861 
0.0937514 
0.0991765 
0.103841 
0.107632 
0.110454 
0.11226 
0.11295 
0.112569 
0.111145 
0.108732 
0.10542 
0.101323 
0.0965723 
0.0913132 
0.0856885 
0.0798282 
0.0738469 
0.067858 
0.0619911 
0.0563823 
0.0511385 
0.0463111 
0.0419014 
0.0378814 
0.0342135 
0.0308602 
0.0277876 
0.0249665 
0.0223718 
0.0199816 
0.0177773 
0.0157432 
0.0138657 
0.0121337 
0.010538 
0.00907131 
0.00772799 
0.00650365 
0.005395 
0.00439948 
0.0035151 
0.00273997 
0.00207197 
0.00150887 
0.00104646 
0.000680256 
0.000403608 
0.000208071 
8.2826e-05 
1.53723e-05 
-8.92292e-06 
-6.19967e-06 
6.19967e-06 
-0.00334903 
0.00334903 
0.0108575 
0.0187897 
0.0266018 
0.0341968 
0.0415071 
0.0485535 
0.0553818 
0.0620256 
0.0684876 
0.0747311 
0.0806816 
0.0862339 
0.0912611 
0.0956272 
0.099203 
0.101882 
0.103608 
0.104284 
0.103957 
0.102655 
0.100426 
0.0973523 
0.0935339 
0.0890863 
0.084139 
0.0788287 
0.0732931 
0.0676706 
0.0621049 
0.0567403 
0.0516949 
0.0470316 
0.0427562 
0.038841 
0.0352487 
0.0319442 
0.0288973 
0.0260824 
0.0234774 
0.0210634 
0.0188239 
0.0167449 
0.0148143 
0.0130218 
0.0113592 
0.00981983 
0.00839872 
0.00709222 
0.00589786 
0.00481417 
0.00384036 
0.00297613 
0.00222145 
0.00157579 
0.00103832 
0.0006066 
0.000277538 
4.47308e-05 
-9.93327e-05 
-0.000165936 
-0.000168107 
-0.000121684 
-4.43463e-05 
4.43463e-05 
-0.00325448 
0.00325448 
0.0104707 
0.0179329 
0.0249843 
0.0316069 
0.0378242 
0.0437486 
0.0494952 
0.0551427 
0.0607189 
0.0661978 
0.0715067 
0.0765362 
0.0811498 
0.0851966 
0.0885299 
0.0910345 
0.0926476 
0.093292 
0.0930248 
0.0918778 
0.0899014 
0.0871681 
0.0837613 
0.0797765 
0.0753221 
0.0705188 
0.0655019 
0.0604256 
0.0554583 
0.050753 
0.0464036 
0.0424259 
0.0387825 
0.0354228 
0.0323058 
0.029403 
0.0266941 
0.024163 
0.0217961 
0.0195814 
0.0175082 
0.0155673 
0.0137508 
0.0120519 
0.0104655 
0.00898757 
0.00761564 
0.00634826 
0.00518509 
0.00412672 
0.00317438 
0.00233009 
0.00159568 
0.000972874 
0.000463669 
6.65336e-05 
-0.000219053 
-0.000399596 
-0.00048199 
-0.000477014 
-0.000398402 
-0.000263559 
-9.2415e-05 
9.2415e-05 
-0.00296867 
0.00296867 
0.00947906 
0.0160876 
0.0220849 
0.027555 
0.0325912 
0.0373655 
0.0420305 
0.0466862 
0.0513706 
0.0560624 
0.0606924 
0.0651545 
0.0693107 
0.0729995 
0.0760578 
0.078362 
0.0798406 
0.0804339 
0.0802209 
0.0792501 
0.0775776 
0.0752648 
0.0723742 
0.0689761 
0.065154 
0.0610098 
0.0566736 
0.0523124 
0.0481102 
0.0442135 
0.0406776 
0.0374683 
0.0345125 
0.0317468 
0.029134 
0.0266563 
0.0243049 
0.0220744 
0.0199599 
0.0179566 
0.01606 
0.0142657 
0.0125701 
0.0109701 
0.00946353 
0.00804946 
0.00672781 
0.00549957 
0.00436667 
0.00333211 
0.00239956 
0.00157329 
0.000858416 
0.000259144 
-0.000219449 
-0.000578125 
-0.000816524 
-0.000937867 
-0.000948269 
-0.000858072 
-0.000681764 
-0.000438732 
-0.000151902 
0.000151902 
-0.00254757 
0.00254757 
0.00804044 
0.0135089 
0.0182622 
0.022488 
0.026316 
0.0299419 
0.0335292 
0.0371803 
0.0409352 
0.0447768 
0.0486455 
0.0524492 
0.0560615 
0.0593208 
0.0620497 
0.0641167 
0.0654399 
0.0659934 
0.06588 
0.0651562 
0.0638715 
0.0620689 
0.0597884 
0.0570761 
0.0539924 
0.050624 
0.0471015 
0.0436032 
0.0403142 
0.0373509 
0.0347147 
0.0323229 
0.0300793 
0.0279206 
0.0258207 
0.0237757 
0.0217892 
0.0198664 
0.0180109 
0.0162251 
0.0145103 
0.0128672 
0.011296 
0.00979726 
0.0083721 
0.00702221 
0.0057501 
0.00455914 
0.00345371 
0.00243931 
0.00152205 
0.000710123 
1.0989e-05 
-0.000566162 
-0.00101775 
-0.00133954 
-0.00152812 
-0.00158418 
-0.00151205 
-0.00132163 
-0.00102823 
-0.000653786 
-0.000225137 
0.000225137 
-0.00202967 
0.00202967 
0.00629222 
0.0104378 
0.0138617 
0.0168218 
0.0194532 
0.0219447 
0.024453 
0.0270703 
0.0298365 
0.0327406 
0.0357378 
0.0387591 
0.0417054 
0.0444359 
0.0467716 
0.0485722 
0.0497384 
0.0502995 
0.0503781 
0.0500142 
0.0492279 
0.0480339 
0.0464492 
0.0445004 
0.0422334 
0.0397311 
0.0371332 
0.0346244 
0.0323675 
0.0304218 
0.028725 
0.0271568 
0.0256153 
0.0240499 
0.0224517 
0.0208315 
0.0192052 
0.0175875 
0.01599 
0.0144215 
0.0128887 
0.0113967 
0.00994962 
0.00855134 
0.00720585 
0.00591749 
0.00469113 
0.00353266 
0.00244877 
0.00144803 
0.000539801 
-0.000262954 
-0.000950702 
-0.00151392 
-0.00194292 
-0.00223029 
-0.002368 
-0.00235349 
-0.00218855 
-0.00188199 
-0.00144973 
-0.00091675 
-0.000315 
0.000315 
-0.00145016 
0.00145016 
0.00436475 
0.00709889 
0.00919153 
0.0109108 
0.0123818 
0.0137627 
0.0151939 
0.0167501 
0.0184734 
0.0203599 
0.0223809 
0.0244917 
0.0266257 
0.0286989 
0.0305567 
0.0320534 
0.0331173 
0.0338278 
0.03425 
0.0343727 
0.0341816 
0.0336685 
0.032835 
0.0316976 
0.0303003 
0.028736 
0.0271573 
0.0257384 
0.0245874 
0.023685 
0.0229099 
0.022125 
0.0212418 
0.0202323 
0.0191068 
0.0178901 
0.0166087 
0.0152852 
0.0139379 
0.0125812 
0.0112261 
0.00988162 
0.00855536 
0.0072541 
0.00598442 
0.00475292 
0.00356681 
0.00243401 
0.00136427 
0.000368853 
-0.000537047 
-0.00134132 
-0.00203118 
-0.00259169 
-0.00300793 
-0.00326707 
-0.00335617 
-0.00326793 
-0.00300037 
-0.00256025 
-0.00196375 
-0.00123941 
-0.000425742 
0.000425742 
-0.000838721 
0.000838721 
0.00237176 
0.00368582 
0.00450222 
0.0050372 
0.00540467 
0.0057162 
0.00609148 
0.00658674 
0.00724798 
0.0080803 
0.00907018 
0.010193 
0.011403 
0.0126972 
0.0140046 
0.0151738 
0.0162798 
0.0173036 
0.0181834 
0.0188614 
0.0193045 
0.0194941 
0.0194268 
0.0191208 
0.0186318 
0.0180697 
0.0175881 
0.0173168 
0.0172784 
0.0173719 
0.0174405 
0.0173565 
0.0170607 
0.016551 
0.0158556 
0.0150107 
0.0140503 
0.0130033 
0.0118928 
0.0107374 
0.0095517 
0.00834787 
0.00713617 
0.00592585 
0.00472553 
0.0035437 
0.0023894 
0.00127314 
0.000207012 
-0.000792035 
-0.00171095 
-0.00253286 
-0.00324022 
-0.00381175 
-0.00422768 
-0.00446883 
-0.00451537 
-0.00435319 
-0.00397454 
-0.00338246 
-0.00259241 
-0.00163693 
-0.000562909 
0.000562909 
-0.000215652 
0.000215652 
0.000400503 
0.000352787 
-1.6699e-05 
-0.000582504 
-0.00124126 
-0.0019326 
-0.00256004 
-0.00308081 
-0.00344405 
-0.00363174 
-0.00363929 
-0.00347354 
-0.00316154 
-0.00266509 
-0.00189604 
-0.000909491 
0.000368273 
0.00167922 
0.0029666 
0.00414271 
0.00517124 
0.00602601 
0.00670455 
0.00723532 
0.00769067 
0.00818443 
0.00883719 
0.00969776 
0.0106907 
0.0116574 
0.0124408 
0.0129461 
0.0131491 
0.0130719 
0.0127554 
0.0122433 
0.0115744 
0.0107811 
0.0098897 
0.00892164 
0.00789412 
0.00682147 
0.00571602 
0.00458873 
0.00344963 
0.00230864 
0.00117655 
6.59445e-05 
-0.00100685 
-0.00202684 
-0.00297706 
-0.00383596 
-0.00458078 
-0.00518425 
-0.00561974 
-0.00585986 
-0.00587573 
-0.00564379 
-0.00514764 
-0.00438402 
-0.00336603 
-0.00213024 
-0.000734206 
0.000734206 
0.000413134 
-0.000413134 
-0.00149524 
-0.00278645 
-0.00422822 
-0.005786 
-0.0073727 
-0.00897221 
-0.0105132 
-0.0119573 
-0.0132484 
-0.0143499 
-0.0152316 
-0.0158728 
-0.0162576 
-0.0163414 
-0.015999 
-0.015213 
-0.0139448 
-0.0124898 
-0.0109179 
-0.00933447 
-0.00778661 
-0.00630582 
-0.00488971 
-0.00349918 
-0.00205979 
-0.000487346 
0.00126343 
0.0031373 
0.00498563 
0.00664178 
0.00798124 
0.00895132 
0.00955891 
0.00984247 
0.00985015 
0.00962842 
0.00921782 
0.00865228 
0.00795962 
0.0071626 
0.00627988 
0.00532718 
0.00431806 
0.00326429 
0.00217673 
0.00106616 
-5.5234e-05 
-0.00117232 
-0.00226979 
-0.00333045 
-0.00433333 
-0.00525263 
-0.0060603 
-0.00672216 
-0.00720342 
-0.0074669 
-0.00747154 
-0.00718038 
-0.00656404 
-0.00560897 
-0.00432298 
-0.00274631 
-0.000949673 
0.000949673 
0.0010337 
-0.0010337 
-0.00326718 
-0.00564767 
-0.00803558 
-0.0104614 
-0.0128571 
-0.0152447 
-0.017574 
-0.0198103 
-0.0218912 
-0.0237617 
-0.0253656 
-0.026649 
-0.027557 
-0.0280244 
-0.0279757 
-0.0274274 
-0.0262931 
-0.0248056 
-0.0230516 
-0.0211407 
-0.0191277 
-0.0170454 
-0.0148899 
-0.012628 
-0.0102159 
-0.00763517 
-0.00494082 
-0.00227122 
0.00020631 
0.00234735 
0.00408202 
0.00539654 
0.0063184 
0.00689341 
0.00717088 
0.00719658 
0.00701024 
0.00664533 
0.00612964 
0.00548609 
0.0047338 
0.00388898 
0.00296541 
0.00197496 
0.000928437 
-0.000163111 
-0.00128616 
-0.00242592 
-0.00356687 
-0.00468931 
-0.00576951 
-0.00677784 
-0.00768062 
-0.00843622 
-0.00899925 
-0.00932078 
-0.00934365 
-0.00901226 
-0.00827819 
-0.00711182 
-0.00551129 
-0.0035193 
-0.00122225 
0.00122225 
0.00161522 
-0.00161522 
-0.00486887 
-0.0081912 
-0.0113958 
-0.0145565 
-0.0176225 
-0.020648 
-0.0236043 
-0.026464 
-0.0291615 
-0.031629 
-0.0337918 
-0.0355746 
-0.0369023 
-0.0376969 
-0.0378941 
-0.0375106 
-0.0364702 
-0.034966 
-0.0330644 
-0.0308621 
-0.0284128 
-0.0257512 
-0.022886 
-0.0198165 
-0.016559 
-0.0131774 
-0.009803 
-0.00660281 
-0.00372758 
-0.00127334 
0.000723839 
0.0022802 
0.0034371 
0.00424064 
0.0047373 
0.00496949 
0.00497427 
0.00478318 
0.0044227 
0.00391498 
0.00327864 
0.00252945 
0.00168052 
0.000742738 
-0.000274297 
-0.00135872 
-0.0024972 
-0.00367653 
-0.00488049 
-0.00608833 
-0.00727432 
-0.00840539 
-0.00944204 
-0.0103349 
-0.0110256 
-0.0114515 
-0.011534 
-0.0111917 
-0.0103488 
-0.00895199 
-0.00698399 
-0.00448764 
-0.001567 
0.001567 
0.00213782 
-0.00213782 
-0.00627947 
-0.0104104 
-0.0143046 
-0.0180648 
-0.0216525 
-0.0251499 
-0.0285519 
-0.0318436 
-0.0349626 
-0.0378348 
-0.0403752 
-0.0424961 
-0.0441109 
-0.0451359 
-0.0455134 
-0.0452489 
-0.0442616 
-0.0427178 
-0.040666 
-0.038188 
-0.035337 
-0.032159 
-0.0286922 
-0.0249865 
-0.0211236 
-0.0172306 
-0.0134686 
-0.00999303 
-0.00691763 
-0.0042982 
-0.00214042 
-0.000416305 
0.000910903 
0.00188905 
0.00255983 
0.00296117 
0.00312628 
0.00308378 
0.00285792 
0.0024692 
0.0019352 
0.00126998 
0.000484969 
-0.000411808 
-0.00140971 
-0.00249754 
-0.00366482 
-0.00489955 
-0.00618623 
-0.00750439 
-0.00882739 
-0.0101197 
-0.011336 
-0.0124192 
-0.0132948 
-0.0138838 
-0.0140793 
-0.0137645 
-0.0128263 
-0.0111789 
-0.00878391 
-0.0056821 
-0.00199635 
0.00199635 
0.00259783 
-0.00259783 
-0.00750082 
-0.0123173 
-0.0167823 
-0.0210144 
-0.0249802 
-0.0287842 
-0.0324467 
-0.0359721 
-0.0393083 
-0.0423828 
-0.0451076 
-0.0473914 
-0.0491433 
-0.0502773 
-0.0507357 
-0.0505127 
-0.0495317 
-0.0479271 
-0.0457322 
-0.0430198 
-0.0398502 
-0.0362907 
-0.0324171 
-0.0283275 
-0.0241501 
-0.0200378 
-0.0161451 
-0.0125969 
-0.00946944 
-0.00679043 
-0.00455129 
-0.00272523 
-0.0012759 
-0.000165171 
0.000641483 
0.00117939 
0.00147739 
0.00156076 
0.00145088 
0.00116623 
0.00072193 
0.000129671 
-0.000603408 
-0.00146738 
-0.00245354 
-0.0035541 
-0.00476146 
-0.00606594 
-0.00745433 
-0.00890792 
-0.0104007 
-0.0118958 
-0.0133431 
-0.0146766 
-0.0158038 
-0.0166228 
-0.0169902 
-0.0167423 
-0.015717 
-0.0137899 
-0.0109004 
-0.00709061 
-0.00250548 
0.00250548 
0.00299713 
-0.00299713 
-0.0085455 
-0.0139375 
-0.0188691 
-0.023463 
-0.0276819 
-0.0316447 
-0.0353971 
-0.0389689 
-0.042327 
-0.0454078 
-0.0481273 
-0.0503966 
-0.0521279 
-0.0532392 
-0.0536743 
-0.0534171 
-0.0524028 
-0.0507299 
-0.0484259 
-0.0455609 
-0.0422074 
-0.0384554 
-0.0344115 
-0.0302038 
-0.0259775 
-0.0218811 
-0.0180447 
-0.0145606 
-0.0114786 
-0.00881177 
-0.00654972 
-0.00466938 
-0.00314152 
-0.00193605 
-0.00102283 
-0.000374232 
3.39996e-05 
0.000223736 
0.000213628 
1.96011e-05 
-0.000347372 
-0.000877742 
-0.00156459 
-0.00240026 
-0.0033798 
-0.00449931 
-0.00575473 
-0.00714016 
-0.00864632 
-0.0102582 
-0.0119523 
-0.0136922 
-0.0154238 
-0.0170701 
-0.0185183 
-0.0196297 
-0.020216 
-0.0200518 
-0.0189173 
-0.0166543 
-0.0131962 
-0.008603 
-0.00304945 
0.00304945 
0.00334077 
-0.00334077 
-0.00943194 
-0.0153046 
-0.0206167 
-0.0254864 
-0.0298629 
-0.0338692 
-0.0375722 
-0.0410319 
-0.0442433 
-0.047161 
-0.0497118 
-0.0518146 
-0.0533893 
-0.0543632 
-0.0546847 
-0.0543333 
-0.0532624 
-0.0515354 
-0.0491816 
-0.0462712 
-0.0428875 
-0.0391352 
-0.0351359 
-0.0310251 
-0.0269423 
-0.0230158 
-0.0193481 
-0.0160075 
-0.0130285 
-0.0104201 
-0.00817525 
-0.00627701 
-0.00470407 
-0.00343304 
-0.00244065 
-0.00170504 
-0.00120607 
-0.000925869 
-0.000849524 
-0.000964337 
-0.00126166 
-0.00173431 
-0.002377 
-0.00318609 
-0.00416068 
-0.00530108 
-0.00660781 
-0.00808021 
-0.00971475 
-0.0115022 
-0.0134239 
-0.0154456 
-0.017509 
-0.0195219 
-0.0213434 
-0.0227825 
-0.0235885 
-0.023463 
-0.022136 
-0.0194479 
-0.0153651 
-0.00999335 
-0.00353979 
0.00353979 
0.00363473 
-0.00363473 
-0.01018 
-0.0164532 
-0.0220786 
-0.0271641 
-0.0316382 
-0.0356155 
-0.0391753 
-0.0424073 
-0.0453429 
-0.0479665 
-0.0502244 
-0.0520485 
-0.0533701 
-0.0541277 
-0.0542774 
-0.0537986 
-0.0526638 
-0.05091 
-0.0485713 
-0.045717 
-0.0424345 
-0.0388311 
-0.0350274 
-0.0311497 
-0.0273194 
-0.0236417 
-0.0201967 
-0.0170372 
-0.0141911 
-0.0116686 
-0.00946719 
-0.00757702 
-0.00598369 
-0.00467041 
-0.00362005 
-0.00281572 
-0.00224184 
-0.00188455 
-0.00173195 
-0.00177454 
-0.00200599 
-0.00242181 
-0.00301972 
-0.00380036 
-0.00476693 
-0.00592451 
-0.00727911 
-0.0088367 
-0.0106012 
-0.0125713 
-0.014735 
-0.0170607 
-0.0194834 
-0.0218884 
-0.0240907 
-0.0258346 
-0.0267734 
-0.026555 
-0.0249009 
-0.0217096 
-0.0170235 
-0.0110075 
-0.00388476 
0.00388476 
0.00388466 
-0.00388466 
-0.0108077 
-0.0174137 
-0.023301 
-0.0285653 
-0.0331111 
-0.0370331 
-0.0404092 
-0.0433509 
-0.0459293 
-0.0481698 
-0.0500504 
-0.0515235 
-0.0525338 
-0.0530315 
-0.0529806 
-0.0523635 
-0.0511684 
-0.0494163 
-0.0471446 
-0.0444186 
-0.041322 
-0.0379548 
-0.0344252 
-0.0308425 
-0.0273071 
-0.0239038 
-0.0206968 
-0.0177297 
-0.0150285 
-0.0126056 
-0.0104637 
-0.00859869 
-0.00700245 
-0.00566398 
-0.00457141 
-0.00371249 
-0.00307566 
-0.00265042 
-0.00242774 
-0.00240132 
-0.00256728 
-0.00292421 
-0.00347324 
-0.00421899 
-0.00516881 
-0.00633283 
-0.00772322 
-0.00935347 
-0.0112363 
-0.0133794 
-0.015778 
-0.0184012 
-0.0211712 
-0.0239394 
-0.0264575 
-0.0283955 
-0.029294 
-0.0288077 
-0.0267223 
-0.0230423 
-0.0178955 
-0.0114922 
-0.00403688 
0.00403688 
0.00409479 
-0.00409479 
-0.011329 
-0.0182082 
-0.0243156 
-0.0297364 
-0.0343534 
-0.0382342 
-0.04144 
-0.0440877 
-0.0462806 
-0.0480911 
-0.0495426 
-0.0506195 
-0.0512855 
-0.0515021 
-0.0512402 
-0.0504859 
-0.0492363 
-0.0475054 
-0.0453293 
-0.0427668 
-0.0398922 
-0.0367922 
-0.0335581 
-0.0302799 
-0.0270392 
-0.0239044 
-0.0209287 
-0.0181502 
-0.0155943 
-0.0132755 
-0.0112009 
-0.00937121 
-0.0077833 
-0.00643106 
-0.00530712 
-0.00440309 
-0.00371078 
-0.00322264 
-0.00293251 
-0.00283711 
-0.00293505 
-0.00322794 
-0.00372 
-0.00441938 
-0.00533729 
-0.00648886 
-0.00789237 
-0.00956901 
-0.0115402 
-0.0138225 
-0.0164161 
-0.0192854 
-0.0223318 
-0.0253609 
-0.0280497 
-0.0299914 
-0.0306709 
-0.0298044 
-0.0273045 
-0.0232739 
-0.0179037 
-0.0114267 
-0.00399604 
0.00399604 
0.00426693 
-0.00426693 
-0.0117532 
-0.0188495 
-0.0251377 
-0.0306961 
-0.0353938 
-0.0392719 
-0.0423638 
-0.0447716 
-0.0466105 
-0.0479923 
-0.0489929 
-0.0496443 
-0.0499415 
-0.0498618 
-0.0493824 
-0.0484907 
-0.0471864 
-0.0454816 
-0.0434065 
-0.0410115 
-0.0383585 
-0.0355185 
-0.0325659 
-0.0295725 
-0.0266041 
-0.0237164 
-0.0209545 
-0.0183525 
-0.0159349 
-0.0137183 
-0.0117125 
-0.00992222 
-0.00834831 
-0.00698852 
-0.00583919 
-0.00489501 
-0.00415068 
-0.00360139 
-0.00324363 
-0.00307678 
-0.00310156 
-0.00332217 
-0.00374515 
-0.00438157 
-0.00524579 
-0.00635721 
-0.00773933 
-0.0094199 
-0.0114275 
-0.0137842 
-0.0164906 
-0.0195004 
-0.0226874 
-0.0258086 
-0.0284753 
-0.0302372 
-0.0306008 
-0.0293791 
-0.0266036 
-0.0224346 
-0.0171049 
-0.010862 
-0.00378243 
0.00378243 
0.00440124 
-0.00440124 
-0.012086 
-0.0193436 
-0.0257698 
-0.0314395 
-0.0362192 
-0.0401328 
-0.0431864 
-0.0454516 
-0.047029 
-0.0480436 
-0.0486142 
-0.0488287 
-0.0487321 
-0.0483325 
-0.0476193 
-0.0465803 
-0.0452118 
-0.043525 
-0.0415385 
-0.0392939 
-0.0368401 
-0.034233 
-0.0315306 
-0.0287896 
-0.0260623 
-0.0233943 
-0.0208239 
-0.0183816 
-0.0160911 
-0.0139696 
-0.0120293 
-0.0102774 
-0.00871834 
-0.00735256 
-0.00617957 
-0.00519646 
-0.00440054 
-0.00378938 
-0.0033616 
-0.00311869 
-0.00306276 
-0.00319988 
-0.003538 
-0.00409014 
-0.00487263 
-0.00590761 
-0.00722185 
-0.00884701 
-0.0108149 
-0.0131485 
-0.0158429 
-0.0188379 
-0.0219815 
-0.0249966 
-0.0274644 
-0.0289464 
-0.0290182 
-0.0275786 
-0.0247208 
-0.0206363 
-0.0155937 
-0.00986175 
-0.00341802 
0.00341802 
0.00448122 
-0.00448122 
-0.0123254 
-0.0196942 
-0.0262111 
-0.031953 
-0.0367931 
-0.0407543 
-0.0438281 
-0.0460569 
-0.0475075 
-0.0482847 
-0.0485155 
-0.0483288 
-0.0478283 
-0.0470761 
-0.0460941 
-0.0448795 
-0.0434243 
-0.0417305 
-0.0398082 
-0.0376852 
-0.0353982 
-0.0329887 
-0.0305002 
-0.0279761 
-0.0254571 
-0.0229801 
-0.0205773 
-0.0182756 
-0.0160974 
-0.0140601 
-0.0121773 
-0.0104585 
-0.00891057 
-0.00753638 
-0.00633808 
-0.0053147 
-0.00446562 
-0.0037903 
-0.00328865 
-0.00296357 
-0.00281759 
-0.00285791 
-0.00309266 
-0.00353567 
-0.00420342 
-0.00511871 
-0.00630846 
-0.00780428 
-0.00963611 
-0.011822 
-0.0143481 
-0.0171425 
-0.020042 
-0.0227678 
-0.0249205 
-0.0261187 
-0.0260088 
-0.0245269 
-0.0217767 
-0.017986 
-0.0134557 
-0.00848176 
-0.00292182 
0.00292182 
0.00452256 
-0.00452256 
-0.0124665 
-0.0199143 
-0.0264732 
-0.032238 
-0.0370901 
-0.0410674 
-0.0441682 
-0.046425 
-0.0478751 
-0.048583 
-0.0486436 
-0.0481811 
-0.0473312 
-0.0462149 
-0.0449156 
-0.0434706 
-0.0418835 
-0.0401454 
-0.0382566 
-0.0362214 
-0.0340658 
-0.0318173 
-0.0295065 
-0.0271647 
-0.0248224 
-0.0225083 
-0.0202488 
-0.0180671 
-0.0159841 
-0.0140169 
-0.0121806 
-0.010486 
-0.00894262 
-0.00755489 
-0.00632751 
-0.00526068 
-0.00435535 
-0.00361224 
-0.00303147 
-0.0026168 
-0.00237002 
-0.00229878 
-0.00240999 
-0.00271696 
-0.00323417 
-0.00398248 
-0.00498522 
-0.0062693 
-0.00785728 
-0.00975798 
-0.0119479 
-0.0143522 
-0.0168185 
-0.0191068 
-0.020883 
-0.0218472 
-0.0216881 
-0.0203217 
-0.0178472 
-0.0145579 
-0.01076 
-0.00676822 
-0.0023108 
0.0023108 
0.00454524 
-0.00454524 
-0.0125396 
-0.0200312 
-0.0265961 
-0.0323328 
-0.0371335 
-0.0410557 
-0.0441236 
-0.0463886 
-0.0478869 
-0.0486559 
-0.0487427 
-0.048222 
-0.0472025 
-0.0458191 
-0.044208 
-0.042476 
-0.040681 
-0.0388337 
-0.0369227 
-0.0349337 
-0.0328693 
-0.0307446 
-0.0285766 
-0.0263845 
-0.0241886 
-0.0220098 
-0.0198685 
-0.0177845 
-0.0157768 
-0.0138624 
-0.0120575 
-0.0103745 
-0.00882565 
-0.00741652 
-0.00615452 
-0.00504023 
-0.00407512 
-0.00326059 
-0.00259552 
-0.00208413 
-0.00172616 
-0.00152901 
-0.00149689 
-0.00164137 
-0.00197273 
-0.00250733 
-0.00326117 
-0.00425222 
-0.00549094 
-0.00697449 
-0.00867124 
-0.0105143 
-0.0123832 
-0.0141121 
-0.0154663 
-0.0162446 
-0.0161433 
-0.015004 
-0.0129612 
-0.0104038 
-0.00756844 
-0.00476373 
-0.00160241 
0.00160241 
0.00455567 
-0.00455567 
-0.0125889 
-0.0200996 
-0.0266474 
-0.0323201 
-0.0370116 
-0.0407939 
-0.043723 
-0.0458906 
-0.0473671 
-0.0482016 
-0.0484204 
-0.0480454 
-0.0471169 
-0.0457132 
-0.0439536 
-0.0419805 
-0.0399256 
-0.0378749 
-0.0358559 
-0.0338556 
-0.0318387 
-0.0297979 
-0.0277367 
-0.0256614 
-0.0235821 
-0.0215112 
-0.0194629 
-0.0174532 
-0.0154992 
-0.0136182 
-0.0118281 
-0.010143 
-0.00857831 
-0.00713941 
-0.00583669 
-0.00467007 
-0.00364059 
-0.00275015 
-0.00199473 
-0.00137921 
-0.000899355 
-0.000562584 
-0.000368828 
-0.000326918 
-0.000440887 
-0.000720628 
-0.00117174 
-0.00180038 
-0.00260205 
-0.00356206 
-0.00464213 
-0.00579065 
-0.00692959 
-0.00798703 
-0.00884642 
-0.00942783 
-0.009427 
-0.00857368 
-0.00715004 
-0.00559025 
-0.00395707 
-0.00251868 
-0.000817876 
0.000817876 
0.00455905 
-0.00455905 
-0.0126367 
-0.0201785 
-0.0267119 
-0.0323054 
-0.0368549 
-0.0404329 
-0.0431182 
-0.0450461 
-0.0463419 
-0.0471045 
-0.047388 
-0.0472051 
-0.0465462 
-0.045408 
-0.0438228 
-0.0418762 
-0.0397008 
-0.0374448 
-0.0352259 
-0.0330966 
-0.0310496 
-0.0290362 
-0.0270367 
-0.0250407 
-0.0230446 
-0.0210504 
-0.0190657 
-0.0171026 
-0.0151767 
-0.0133047 
-0.0115068 
-0.00979904 
-0.00820156 
-0.00671986 
-0.00536873 
-0.00414586 
-0.00304926 
-0.00208154 
-0.0012328 
-0.000509284 
9.85622e-05 
0.000582969 
0.000951216 
0.00119742 
0.00132478 
0.00133064 
0.00122071 
0.00100101 
0.00069174 
0.000318254 
-7.37561e-05 
-0.000449652 
-0.000765508 
-0.00104015 
-0.00126243 
-0.00154043 
-0.00159788 
-0.00108707 
-0.000557763 
-0.000259395 
-4.30088e-05 
-0.000106036 
1.4058e-05 
-1.4058e-05 
0.00455665 
-0.00455665 
-0.0126883 
-0.0202832 
-0.0268344 
-0.0323711 
-0.0367757 
-0.0401255 
-0.0425043 
-0.04408 
-0.0450304 
-0.0455183 
-0.0456585 
-0.0455077 
-0.0450653 
-0.0442912 
-0.0431346 
-0.0415708 
-0.039632 
-0.0374186 
-0.0350796 
-0.0327643 
-0.0305665 
-0.028502 
-0.0265081 
-0.0245458 
-0.0225944 
-0.0206454 
-0.0186957 
-0.0167508 
-0.0148243 
-0.0129343 
-0.0111062 
-0.0093592 
-0.00771912 
-0.00618645 
-0.00478145 
-0.00349829 
-0.00232988 
-0.0012821 
-0.000335351 
0.000497841 
0.00123782 
0.00187787 
0.00243102 
0.00289502 
0.00327959 
0.00358932 
0.00384014 
0.00404934 
0.00425061 
0.00447804 
0.00478233 
0.00518394 
0.00570444 
0.00626056 
0.00679473 
0.00705506 
0.00713942 
0.00704557 
0.00641963 
0.00531357 
0.00399572 
0.00236982 
0.000855823 
-0.000855823 
0.00454535 
-0.00454535 
-0.0127333 
-0.0203978 
-0.0269975 
-0.0325222 
-0.0368117 
-0.0399441 
-0.0420067 
-0.0431832 
-0.0436913 
-0.0437473 
-0.0435275 
-0.0431516 
-0.0426751 
-0.0420912 
-0.0413406 
-0.0403339 
-0.0389883 
-0.0372688 
-0.0352181 
-0.0329563 
-0.0306424 
-0.0284085 
-0.0263096 
-0.024306 
-0.0223442 
-0.0203885 
-0.0184253 
-0.0164564 
-0.0144927 
-0.0125498 
-0.0106548 
-0.00883015 
-0.00711232 
-0.00550199 
-0.00403237 
-0.00269027 
-0.00145213 
-0.000331865 
0.000702322 
0.00163966 
0.00250874 
0.00330517 
0.00404589 
0.00473282 
0.00538066 
0.00600054 
0.0066162 
0.00725387 
0.00795555 
0.00875958 
0.00971489 
0.0108306 
0.0121049 
0.0134193 
0.0146485 
0.0155018 
0.0157666 
0.0149329 
0.0131915 
0.010738 
0.0079304 
0.00477304 
0.00166755 
-0.00166755 
0.00451817 
-0.00451817 
-0.012749 
-0.0204847 
-0.0271503 
-0.0326965 
-0.0369153 
-0.0398594 
-0.0416255 
-0.042409 
-0.0424554 
-0.0420222 
-0.0413276 
-0.0405369 
-0.0397566 
-0.0390393 
-0.0383836 
-0.0377318 
-0.0369768 
-0.0359889 
-0.0346605 
-0.032953 
-0.0309221 
-0.0287041 
-0.0264606 
-0.0243042 
-0.0222519 
-0.0202436 
-0.0182343 
-0.0162015 
-0.0141504 
-0.0121025 
-0.0101025 
-0.00818623 
-0.00640002 
-0.00471965 
-0.00318992 
-0.0017915 
-0.000478577 
0.000706659 
0.00182981 
0.00287245 
0.00387225 
0.00482724 
0.00575767 
0.00666945 
0.00758063 
0.00850742 
0.00947831 
0.0105251 
0.0116924 
0.0130182 
0.0145415 
0.0162577 
0.0181323 
0.0200202 
0.0217188 
0.0229108 
0.0231561 
0.0218177 
0.0192074 
0.0156251 
0.0115119 
0.00696909 
0.00241007 
-0.00241007 
0.00446497 
-0.00446497 
-0.0127031 
-0.0204899 
-0.0272182 
-0.0328018 
-0.0369795 
-0.0397709 
-0.0412637 
-0.0416815 
-0.041289 
-0.0403824 
-0.0392113 
-0.0379632 
-0.0367618 
-0.0356854 
-0.0347814 
-0.0340659 
-0.0335101 
-0.0330265 
-0.0324736 
-0.0316909 
-0.0305528 
-0.0290162 
-0.0271338 
-0.0250257 
-0.0228209 
-0.0206066 
-0.0184086 
-0.0162136 
-0.0140154 
-0.0118171 
-0.00965013 
-0.00755043 
-0.00558476 
-0.00374136 
-0.00212089 
-0.000684754 
0.000682233 
0.00191783 
0.00310144 
0.00422913 
0.00534034 
0.00644058 
0.00755012 
0.00867783 
0.00984212 
0.0110614 
0.0123649 
0.0137853 
0.0153638 
0.0171326 
0.0191135 
0.0212827 
0.0235689 
0.0257984 
0.0277102 
0.028949 
0.0290198 
0.0273438 
0.0241335 
0.0197103 
0.0145588 
0.00885889 
0.00305315 
-0.00305315 
0.00437311 
-0.00437311 
-0.012555 
-0.0203445 
-0.0271047 
-0.0327188 
-0.0368678 
-0.0395364 
-0.0407769 
-0.0408585 
-0.0400616 
-0.0387229 
-0.0371255 
-0.0354748 
-0.0338923 
-0.0324427 
-0.0311646 
-0.0300925 
-0.0292595 
-0.0286815 
-0.0283274 
-0.0280945 
-0.0278155 
-0.0273037 
-0.0264145 
-0.0250865 
-0.0233435 
-0.021265 
-0.0189429 
-0.0164578 
-0.0138824 
-0.0113124 
-0.00882615 
-0.00652391 
-0.00449785 
-0.002615 
-0.000970789 
0.000473506 
0.00188726 
0.00316911 
0.00441595 
0.00562722 
0.00684838 
0.00809107 
0.00937598 
0.0107136 
0.0121206 
0.0136148 
0.0152223 
0.0169725 
0.0188978 
0.0210193 
0.0233379 
0.0258073 
0.028322 
0.0306821 
0.0325933 
0.0336712 
0.0334629 
0.0315049 
0.0279028 
0.0229114 
0.0169997 
0.0103977 
0.0035825 
-0.0035825 
0.00422845 
-0.00422845 
-0.0122587 
-0.0199693 
-0.0266974 
-0.0323063 
-0.0364189 
-0.0389764 
-0.0399986 
-0.039774 
-0.0386156 
-0.0368946 
-0.0349326 
-0.0329572 
-0.0310919 
-0.0293816 
-0.0278308 
-0.026436 
-0.0252059 
-0.0241714 
-0.0233793 
-0.0228666 
-0.0226187 
-0.0225383 
-0.0224526 
-0.02217 
-0.0215448 
-0.0205099 
-0.019063 
-0.0172313 
-0.0150566 
-0.0125838 
-0.00987026 
-0.00701311 
-0.00423354 
-0.00168704 
0.000291885 
0.00183216 
0.00332195 
0.00467506 
0.00594144 
0.00719006 
0.00847462 
0.0098227 
0.0112534 
0.012776 
0.0144018 
0.0161434 
0.0180192 
0.0200495 
0.0222539 
0.0246379 
0.0271802 
0.0298117 
0.0323999 
0.0347266 
0.0364878 
0.0372995 
0.0367766 
0.0345533 
0.0306711 
0.0253032 
0.0188624 
0.0115933 
0.00399974 
-0.00399974 
0.00401677 
-0.00401677 
-0.0117671 
-0.0192816 
-0.0258772 
-0.0314143 
-0.0354622 
-0.0379136 
-0.0387433 
-0.0382497 
-0.0367866 
-0.0347493 
-0.0324956 
-0.0302763 
-0.0282221 
-0.0263682 
-0.0246953 
-0.0231654 
-0.0217407 
-0.0203981 
-0.0191396 
-0.0179997 
-0.0170396 
-0.0163219 
-0.0158639 
-0.0156086 
-0.0154238 
-0.015155 
-0.0146802 
-0.0139218 
-0.0128407 
-0.0113927 
-0.00947563 
-0.00703558 
-0.00422857 
-0.00109478 
0.001321 
0.0031008 
0.00472309 
0.00612915 
0.00744914 
0.00875356 
0.0101126 
0.0115647 
0.0131334 
0.0148285 
0.0166564 
0.018622 
0.0207332 
0.0229978 
0.0254192 
0.027985 
0.0306534 
0.0333349 
0.0358793 
0.0380605 
0.0395825 
0.0400856 
0.0392484 
0.0367726 
0.0326652 
0.0270365 
0.0202339 
0.0124893 
0.00431791 
-0.00431791 
0.0037254 
-0.0037254 
-0.0110366 
-0.018202 
-0.0245261 
-0.0298869 
-0.033812 
-0.0361471 
-0.0368096 
-0.0360955 
-0.0344055 
-0.0321439 
-0.0296956 
-0.0273282 
-0.0251793 
-0.0232786 
-0.0215946 
-0.0200734 
-0.0186576 
-0.0172975 
-0.0159534 
-0.0146028 
-0.0132468 
-0.0119243 
-0.0107097 
-0.00969817 
-0.00895098 
-0.00847858 
-0.00821819 
-0.00804543 
-0.00782676 
-0.00755363 
-0.00696762 
-0.00607637 
-0.00479407 
-0.00313936 
-0.00082312 
0.00219515 
0.00491244 
0.00715147 
0.00886937 
0.0103866 
0.0118759 
0.0134371 
0.0151213 
0.0169527 
0.0189411 
0.0210875 
0.0233887 
0.0258371 
0.028417 
0.0310959 
0.0338119 
0.0364595 
0.0388782 
0.0408441 
0.0420787 
0.0422611 
0.0411105 
0.0383973 
0.0340939 
0.0282724 
0.0212219 
0.0131458 
0.00455588 
-0.00455588 
0.00334515 
-0.00334515 
-0.0100331 
-0.0166658 
-0.0225418 
-0.0275796 
-0.0312852 
-0.0334734 
-0.0339946 
-0.0331241 
-0.0313091 
-0.0289454 
-0.0264288 
-0.0240337 
-0.0218979 
-0.0200468 
-0.01844 
-0.0170153 
-0.0157086 
-0.0144655 
-0.0132421 
-0.012009 
-0.0107469 
-0.00945309 
-0.0081352 
-0.00683819 
-0.00562756 
-0.0046179 
-0.00385794 
-0.00342481 
-0.00315685 
-0.0031579 
-0.00308038 
-0.00292341 
-0.00243429 
-0.00177154 
-0.000130359 
0.0023511 
0.00508794 
0.00754281 
0.00964299 
0.0115507 
0.0133706 
0.0151974 
0.0170975 
0.0191152 
0.0212757 
0.0235871 
0.0260445 
0.0286308 
0.0313153 
0.0340475 
0.0367484 
0.0393001 
0.0415379 
0.0432464 
0.0441692 
0.0440266 
0.042568 
0.0396198 
0.0351359 
0.0291609 
0.0219358 
0.0136278 
0.00473461 
-0.00473461 
0.00287232 
-0.00287232 
-0.00873949 
-0.0146349 
-0.0198581 
-0.0243881 
-0.0277324 
-0.029711 
-0.0301163 
-0.0291747 
-0.0273612 
-0.0250474 
-0.0226169 
-0.0203376 
-0.0183392 
-0.0166422 
-0.0151997 
-0.013946 
-0.0128142 
-0.0117492 
-0.0107068 
-0.00965951 
-0.00858972 
-0.00750051 
-0.00639756 
-0.00530843 
-0.00423738 
-0.00322572 
-0.00227483 
-0.00150655 
-0.000904482 
-0.00051157 
-0.000299054 
-0.000218627 
4.34812e-05 
0.000444196 
0.00120135 
0.0021427 
0.003372 
0.00530928 
0.00789884 
0.0106359 
0.0133528 
0.0159588 
0.0184809 
0.0209741 
0.0234923 
0.026072 
0.0287289 
0.0314559 
0.0342219 
0.0369695 
0.0396111 
0.0420228 
0.0440415 
0.0454647 
0.0460608 
0.0455869 
0.0438253 
0.0406291 
0.0359603 
0.0298445 
0.0224816 
0.0139989 
0.00487453 
-0.00487453 
0.0023102 
-0.0023102 
-0.00716059 
-0.0121107 
-0.0164651 
-0.020281 
-0.023082 
-0.024745 
-0.02505 
-0.024149 
-0.0224831 
-0.0203931 
-0.0182224 
-0.016218 
-0.0144915 
-0.0130577 
-0.0118667 
-0.0108533 
-0.00995242 
-0.00911228 
-0.00829138 
-0.00746527 
-0.00661618 
-0.00574596 
-0.00485443 
-0.00396956 
-0.00309927 
-0.00229143 
-0.00152927 
-0.000840946 
-0.000228528 
0.000352898 
0.000807255 
0.00110626 
0.00144511 
0.00181039 
0.0024801 
0.00331746 
0.00442175 
0.00617085 
0.00843156 
0.0110469 
0.0138572 
0.0167565 
0.0196913 
0.0226375 
0.0255897 
0.0285445 
0.0314953 
0.0344257 
0.0373011 
0.0400634 
0.0426254 
0.0448674 
0.0466359 
0.0477468 
0.0479952 
0.0471721 
0.0450935 
0.0416277 
0.0367402 
0.0304613 
0.0229577 
0.0143165 
0.00499347 
-0.00499347 
0.00166924 
-0.00166924 
-0.0053264 
-0.00914107 
-0.0124236 
-0.0153284 
-0.0173913 
-0.0185948 
-0.0187829 
-0.0180455 
-0.0166811 
-0.0149965 
-0.0132648 
-0.0116966 
-0.0103765 
-0.00931241 
-0.00845509 
-0.00774486 
-0.00712251 
-0.00654282 
-0.0059695 
-0.00538288 
-0.00476786 
-0.00412833 
-0.00346337 
-0.00279583 
-0.00212666 
-0.00148569 
-0.000864549 
-0.000289375 
0.000235042 
0.000748858 
0.00121946 
0.0016408 
0.00208458 
0.00259616 
0.00326944 
0.00413094 
0.00526812 
0.00675347 
0.00858513 
0.0107647 
0.0132846 
0.0161213 
0.0192265 
0.022526 
0.0259569 
0.0294558 
0.0329572 
0.0363888 
0.0396704 
0.0427123 
0.0454113 
0.0476465 
0.0492777 
0.0501469 
0.0500852 
0.0489248 
0.0465205 
0.0427671 
0.0376351 
0.0311429 
0.0234469 
0.0146235 
0.00510321 
-0.00510321 
0.000964863 
-0.000964863 
-0.00328759 
-0.00581852 
-0.00785806 
-0.009691 
-0.0108296 
-0.0114293 
-0.0114721 
-0.0110066 
-0.010081 
-0.00896247 
-0.00783205 
-0.00684541 
-0.00605249 
-0.00545222 
-0.00499987 
-0.00464521 
-0.00433947 
-0.004047 
-0.00373941 
-0.00340312 
-0.00302698 
-0.00261639 
-0.00217067 
-0.00170968 
-0.00123548 
-0.000772797 
-0.000317418 
0.000121742 
0.000543997 
0.000968644 
0.0013844 
0.00178397 
0.00223023 
0.00273228 
0.00338093 
0.0041959 
0.00522685 
0.00659205 
0.00829725 
0.0103337 
0.0126873 
0.0153458 
0.0182971 
0.0215265 
0.025007 
0.0286977 
0.0325267 
0.0363857 
0.040146 
0.0436579 
0.0467607 
0.049288 
0.0510736 
0.0519567 
0.0517872 
0.0504326 
0.0477899 
0.043792 
0.038436 
0.0317445 
0.0238774 
0.0148951 
0.00519518 
-0.00519518 
0.000211827 
-0.000211827 
-0.00110552 
-0.00227529 
-0.00294887 
-0.00359094 
-0.00368348 
-0.00364758 
-0.003525 
-0.00333811 
-0.00293142 
-0.00248335 
-0.00207403 
-0.0017803 
-0.0016096 
-0.00154697 
-0.00155414 
-0.00159335 
-0.00163016 
-0.00164102 
-0.00160802 
-0.00152471 
-0.00138589 
-0.00119903 
-0.00096608 
-0.000703615 
-0.000414417 
-0.000115769 
0.000193176 
0.000504372 
0.00081771 
0.00114489 
0.00148875 
0.00185289 
0.00227221 
0.00276744 
0.00338923 
0.00417067 
0.00515966 
0.00640914 
0.00794331 
0.00978436 
0.0119429 
0.0144245 
0.0172242 
0.0203332 
0.0237326 
0.0273876 
0.0312429 
0.0352149 
0.0391826 
0.0429784 
0.0464107 
0.0492694 
0.0513439 
0.0524373 
0.05238 
0.0510405 
0.0483357 
0.0442282 
0.0387455 
0.0319362 
0.0239766 
0.0149288 
0.00521785 
-0.00521785 
-0.000566416 
0.000566416 
0.00114288 
0.00135417 
0.00207602 
0.00269095 
0.00356253 
0.00415429 
0.00448488 
0.00452014 
0.00444031 
0.00420108 
0.00383207 
0.00336291 
0.00284509 
0.00231831 
0.00181582 
0.00136046 
0.000968817 
0.000649536 
0.000408007 
0.000242453 
0.000151088 
0.000123876 
0.000155408 
0.000230674 
0.000344587 
0.00048311 
0.000644849 
0.00082487 
0.00102449 
0.00124885 
0.00150468 
0.00179451 
0.0021484 
0.0025801 
0.00313371 
0.00383926 
0.00473417 
0.00587381 
0.00728373 
0.0089882 
0.011002 
0.0133389 
0.016007 
0.0190095 
0.0223368 
0.0259608 
0.0298276 
0.0338502 
0.0379017 
0.041819 
0.0453874 
0.0483896 
0.0506088 
0.0518369 
0.0518903 
0.0506272 
0.0479626 
0.0438682 
0.0383876 
0.03159 
0.0236674 
0.0147032 
0.00512225 
-0.00512225 
-0.00134547 
0.00134547 
0.00338589 
0.00496261 
0.00699492 
0.00880843 
0.0104849 
0.0115922 
0.0121837 
0.0121661 
0.011683 
0.0107874 
0.00963607 
0.00838298 
0.00715565 
0.00602559 
0.0050226 
0.00415247 
0.00341178 
0.00279265 
0.00228702 
0.00188419 
0.00157511 
0.0013466 
0.00118956 
0.00108972 
0.00104011 
0.00102894 
0.00105332 
0.00110809 
0.00119419 
0.00131434 
0.00147603 
0.00168437 
0.00196063 
0.00232047 
0.00279651 
0.00341669 
0.0042146 
0.0052292 
0.0064887 
0.008023 
0.00985572 
0.0120103 
0.0145056 
0.0173559 
0.0205642 
0.0241135 
0.0279568 
0.0320064 
0.0361277 
0.0401384 
0.043825 
0.0469285 
0.0492224 
0.0505009 
0.050589 
0.0493585 
0.0467381 
0.0427105 
0.0373283 
0.0306703 
0.0229354 
0.0142204 
0.00493677 
-0.00493677 
-0.00210884 
0.00210884 
0.00558405 
0.0084825 
0.0116823 
0.0145466 
0.0169378 
0.0185478 
0.0194024 
0.0193327 
0.01846 
0.0169267 
0.015021 
0.0130211 
0.0111266 
0.00943444 
0.00796768 
0.00671404 
0.00565101 
0.00475508 
0.00400593 
0.00338448 
0.00287513 
0.00246138 
0.00213086 
0.00186892 
0.00166679 
0.00151337 
0.00140446 
0.00133485 
0.00130494 
0.00131517 
0.00137247 
0.0014812 
0.00165952 
0.00192049 
0.00229274 
0.00280019 
0.00347161 
0.00434201 
0.00543791 
0.00679013 
0.00842616 
0.0103766 
0.0126709 
0.0153359 
0.0183881 
0.0218233 
0.0256037 
0.0296452 
0.0338088 
0.0379016 
0.0416848 
0.0449008 
0.0472532 
0.0485443 
0.0486121 
0.0473581 
0.0447498 
0.0408007 
0.0355798 
0.0291709 
0.0217687 
0.013471 
0.00466204 
-0.00466204 
-0.00284478 
0.00284478 
0.00771679 
0.0118848 
0.016106 
0.0198542 
0.0228833 
0.0249398 
0.0259865 
0.0257883 
0.024485 
0.0223226 
0.0197196 
0.0170599 
0.0145934 
0.0124255 
0.0105662 
0.00898563 
0.00764494 
0.00650808 
0.00554499 
0.00472988 
0.0040419 
0.00346172 
0.00297432 
0.00256452 
0.00222209 
0.00193619 
0.00170142 
0.00151203 
0.00136721 
0.00126636 
0.001215 
0.00121735 
0.00128788 
0.00143841 
0.00169266 
0.00206991 
0.00259496 
0.00329629 
0.00420005 
0.00533861 
0.00674382 
0.0084532 
0.0105053 
0.0129389 
0.0157834 
0.0190481 
0.0227064 
0.0266806 
0.0308321 
0.0349609 
0.0388127 
0.0421117 
0.0445277 
0.0458301 
0.0458666 
0.0445708 
0.0419665 
0.0381181 
0.033124 
0.0270746 
0.0201524 
0.0124442 
0.00429465 
-0.00429465 
-0.00354526 
0.00354526 
0.00976652 
0.015148 
0.0202692 
0.0247429 
0.0282962 
0.0306725 
0.0317604 
0.0312921 
0.0294871 
0.0267169 
0.0235152 
0.0203336 
0.0174352 
0.0149125 
0.0127572 
0.010924 
0.00936314 
0.00803037 
0.00688941 
0.00591009 
0.00506812 
0.00434223 
0.00371557 
0.00317249 
0.00270164 
0.00229209 
0.00193738 
0.00163124 
0.00137169 
0.00115714 
0.000991587 
0.00087807 
0.000829084 
0.00085405 
0.000972621 
0.00119983 
0.00155646 
0.00206756 
0.00275772 
0.00365957 
0.00480695 
0.00624226 
0.00801134 
0.0101623 
0.0127356 
0.0157529 
0.0191994 
0.023007 
0.0270449 
0.0311156 
0.034969 
0.0383097 
0.0408091 
0.0421358 
0.0421515 
0.0408269 
0.0382578 
0.0345715 
0.029902 
0.0243448 
0.0180647 
0.0111279 
0.00383075 
-0.00383075 
-0.0041955 
0.0041955 
0.0116926 
0.0182129 
0.0241286 
0.0291716 
0.0330774 
0.0355672 
0.0364787 
0.0355746 
0.0332177 
0.0299127 
0.0262691 
0.0227498 
0.0195902 
0.0168526 
0.0145096 
0.0125068 
0.0107895 
0.0093106 
0.00803131 
0.00691976 
0.00595013 
0.00510043 
0.00435292 
0.00369184 
0.00310517 
0.00258196 
0.0021148 
0.00169698 
0.0013253 
0.000997379 
0.000715544 
0.000481845 
0.000306625 
0.000196884 
0.000167197 
0.000229038 
0.000399414 
0.000699784 
0.00115323 
0.00179137 
0.00264892 
0.00377139 
0.00520837 
0.00701343 
0.0092346 
0.0119034 
0.0150157 
0.0185152 
0.0222861 
0.0261467 
0.0298742 
0.0331694 
0.0357629 
0.0371383 
0.0371631 
0.0358606 
0.0334163 
0.0300187 
0.0258277 
0.0209357 
0.0154841 
0.00951335 
0.00326811 
-0.00326811 
-0.00476736 
0.00476736 
0.0134116 
0.0209453 
0.0275262 
0.0329558 
0.0369839 
0.0393244 
0.0398261 
0.0383671 
0.0354926 
0.031812 
0.0279439 
0.0243009 
0.0210597 
0.0182471 
0.0158235 
0.0137332 
0.0119233 
0.0103482 
0.0089705 
0.00775903 
0.00668831 
0.00573677 
0.00488672 
0.00412276 
0.00343261 
0.00280539 
0.00223303 
0.0017085 
0.00122749 
0.000786717 
0.000387166 
3.00382e-05 
-0.00027638 
-0.000528749 
-0.000717667 
-0.000833874 
-0.000864265 
-0.000790826 
-0.000592888 
-0.000241534 
0.000297588 
0.00106877 
0.00212051 
0.00350811 
0.00528335 
0.00748364 
0.0101115 
0.0131246 
0.0164287 
0.0198711 
0.0232724 
0.0263665 
0.0289891 
0.0304224 
0.0305124 
0.0293496 
0.0272107 
0.0243169 
0.0208285 
0.0168197 
0.0124065 
0.0076043 
0.00260944 
-0.00260944 
-0.0052218 
0.0052218 
0.0147968 
0.0231309 
0.030178 
0.0357594 
0.03964 
0.041571 
0.0414918 
0.0394906 
0.0362641 
0.0324561 
0.0286165 
0.0250612 
0.0219007 
0.0191361 
0.0167263 
0.0146221 
0.0127776 
0.0111529 
0.00971441 
0.00843381 
0.00728747 
0.00625533 
0.00532058 
0.00446862 
0.0036874 
0.00296627 
0.00229681 
0.00167177 
0.00108578 
0.000534719 
1.88457e-05 
-0.000461452 
-0.000902559 
-0.00130395 
-0.00165976 
-0.00196334 
-0.00220508 
-0.002371 
-0.00244376 
-0.00239881 
-0.00220601 
-0.0018265 
-0.00121435 
-0.000317567 
0.00091535 
0.00251992 
0.00450339 
0.00683935 
0.00945543 
0.0122349 
0.0150463 
0.0176979 
0.020131 
0.0216425 
0.0218642 
0.0210454 
0.0195013 
0.0174129 
0.0149058 
0.0120256 
0.00886794 
0.00542939 
0.00186621 
-0.00186621 
-0.00551138 
0.00551138 
0.015694 
0.0245105 
0.0317364 
0.0371876 
0.0406592 
0.0420059 
0.0413227 
0.0389816 
0.0356846 
0.0320383 
0.0284617 
0.0251647 
0.0222089 
0.0195865 
0.017265 
0.0152071 
0.0133771 
0.011743 
0.010277 
0.00895498 
0.00775628 
0.00666315 
0.00566032 
0.00473439 
0.00387391 
0.00306867 
0.00231021 
0.00159106 
0.000904991 
0.000247286 
-0.000382006 
-0.00098544 
-0.00156367 
-0.00211713 
-0.00264334 
-0.00313894 
-0.0035982 
-0.0040119 
-0.00436769 
-0.00464735 
-0.00482706 
-0.00487454 
-0.00474998 
-0.00440767 
-0.00380472 
-0.0029081 
-0.00170613 
-0.000217833 
0.00150174 
0.0033782 
0.00531254 
0.00722798 
0.00895781 
0.0103992 
0.011053 
0.0109666 
0.0103981 
0.00944365 
0.00819476 
0.0066716 
0.00496181 
0.00305047 
0.00106137 
-0.00106137 
-0.0055889 
0.0055889 
0.0159553 
0.0248464 
0.0319002 
0.0369382 
0.0398271 
0.0405871 
0.0395077 
0.0371385 
0.0340925 
0.0308538 
0.0277031 
0.0247713 
0.0220975 
0.0196795 
0.0174988 
0.0155318 
0.0137545 
0.0121435 
0.0106776 
0.00933768 
0.00810687 
0.00697018 
0.00591435 
0.00492748 
0.00399902 
0.00311936 
0.0022803 
0.00147408 
0.000693714 
-6.49906e-05 
-0.00080399 
-0.00152923 
-0.00224269 
-0.00294702 
-0.00364314 
-0.0043311 
-0.00500937 
-0.00567407 
-0.00631905 
-0.00693397 
-0.00750387 
-0.00800681 
-0.00841359 
-0.00868806 
-0.00879251 
-0.00869487 
-0.00837893 
-0.00785337 
-0.00715221 
-0.00631693 
-0.005408 
-0.00445688 
-0.00362025 
-0.00256844 
-0.00124979 
-0.000297617 
0.000395621 
0.000798052 
0.000996103 
0.000984644 
0.000853446 
0.000575551 
0.000235633 
-0.000235633 
-0.00541742 
0.00541742 
0.0154784 
0.023998 
0.0305373 
0.034967 
0.0372733 
0.0376531 
0.0365281 
0.0344502 
0.0319032 
0.0292114 
0.0265588 
0.0240363 
0.02168 
0.0194995 
0.0174913 
0.0156449 
0.0139471 
0.0123832 
0.0109388 
0.00959993 
0.00835375 
0.00718833 
0.00609263 
0.00505647 
0.00407039 
0.00312552 
0.00221418 
0.00132801 
0.000460205 
-0.000393327 
-0.0012377 
-0.00208009 
-0.00292419 
-0.00377515 
-0.00463675 
-0.00551259 
-0.00640552 
-0.00731725 
-0.00824848 
-0.00919761 
-0.0101602 
-0.0111268 
-0.0120819 
-0.0130022 
-0.0138586 
-0.0146191 
-0.0152551 
-0.0157483 
-0.016094 
-0.0162975 
-0.016372 
-0.0163014 
-0.0160601 
-0.0152245 
-0.0136166 
-0.0117262 
-0.00981162 
-0.00802067 
-0.00633043 
-0.00477078 
-0.00327609 
-0.00188339 
-0.000573485 
0.000573485 
-0.00498422 
0.00498422 
0.0142558 
0.0220139 
0.0278135 
0.0316172 
0.0335292 
0.0338495 
0.0330037 
0.0314329 
0.0294815 
0.0273651 
0.0252101 
0.0230946 
0.0210599 
0.0191274 
0.0173056 
0.0155957 
0.0139937 
0.012493 
0.0110852 
0.00976152 
0.00851306 
0.00733098 
0.00620652 
0.0051313 
0.00409705 
0.00309578 
0.00212033 
0.0011617 
0.000214376 
-0.000727493 
-0.00167087 
-0.00262346 
-0.00359128 
-0.00458136 
-0.0056004 
-0.0066553 
-0.00775313 
-0.008901 
-0.0101063 
-0.0113762 
-0.0127167 
-0.0141316 
-0.0156197 
-0.0171717 
-0.0187672 
-0.0203723 
-0.0219411 
-0.0234194 
-0.0247519 
-0.025887 
-0.0267713 
-0.0273159 
-0.0273923 
-0.0266267 
-0.024874 
-0.0223831 
-0.0194992 
-0.0164758 
-0.0133916 
-0.0103181 
-0.00724574 
-0.00423362 
-0.0013414 
0.0013414 
-0.00432929 
0.00432929 
0.0124502 
0.0192264 
0.0242534 
0.0275776 
0.0293512 
0.0298686 
0.0294679 
0.0284606 
0.0270839 
0.0254951 
0.0237955 
0.0220569 
0.020327 
0.0186355 
0.0170004 
0.0154314 
0.0139324 
0.0125034 
0.0111416 
0.00984273 
0.00860152 
0.00741208 
0.00626787 
0.00516229 
0.00408822 
0.00303885 
0.00200691 
0.000983917 
-3.50224e-05 
-0.00105752 
-0.00209185 
-0.00314611 
-0.00422834 
-0.00534736 
-0.00651236 
-0.00773326 
-0.00902089 
-0.0103871 
-0.0118453 
-0.0134101 
-0.0150972 
-0.016922 
-0.0188969 
-0.0210259 
-0.0232977 
-0.0256766 
-0.0280972 
-0.0304651 
-0.0326659 
-0.0345812 
-0.0360907 
-0.0370541 
-0.037306 
-0.0365407 
-0.0346529 
-0.0317717 
-0.0281757 
-0.0241471 
-0.01985 
-0.0154088 
-0.0108877 
-0.00638735 
-0.00204408 
0.00204408 
-0.00356852 
0.00356852 
0.0104123 
0.0162 
0.0205675 
0.0235928 
0.0253971 
0.0262054 
0.0262513 
0.0257476 
0.0248633 
0.0237224 
0.0224163 
0.0210102 
0.0195552 
0.0180862 
0.0166275 
0.015195 
0.0137987 
0.0124438 
0.0111322 
0.00986353 
0.00863577 
0.00744566 
0.00628871 
0.00516005 
0.00405352 
0.00296372 
0.00188274 
0.000803867 
-0.000278647 
-0.00137329 
-0.00248917 
-0.00363501 
-0.00482043 
-0.00605582 
-0.00735247 
-0.00872281 
-0.0101808 
-0.011742 
-0.0134245 
-0.0152485 
-0.0172371 
-0.0194146 
-0.0218043 
-0.0244215 
-0.0272637 
-0.0302962 
-0.0334389 
-0.0365612 
-0.0394924 
-0.0420456 
-0.0440381 
-0.0452959 
-0.0456538 
-0.0448701 
-0.0428601 
-0.0396974 
-0.0355807 
-0.0307688 
-0.0254706 
-0.0198606 
-0.0140775 
-0.00827752 
-0.00266242 
0.00266242 
-0.00285113 
0.00285113 
0.00852683 
0.0134629 
0.0173153 
0.0201509 
0.0220269 
0.0230929 
0.0234997 
0.0233948 
0.022903 
0.0221263 
0.0211449 
0.0200209 
0.0188036 
0.0175312 
0.0162313 
0.0149243 
0.0136244 
0.0123408 
0.0110792 
0.00984258 
0.00863152 
0.00744508 
0.00628056 
0.00513465 
0.00400212 
0.00287875 
0.00175624 
0.000629795 
-0.00050793 
-0.00166549 
-0.00285254 
-0.00407857 
-0.00535439 
-0.00669167 
-0.00810336 
-0.00960383 
-0.0112093 
-0.012938 
-0.014811 
-0.0168522 
-0.0190888 
-0.0215505 
-0.0242671 
-0.0272623 
-0.0305416 
-0.034075 
-0.0377776 
-0.0414971 
-0.0450197 
-0.0480977 
-0.0504875 
-0.0519807 
-0.0524162 
-0.0516127 
-0.0495024 
-0.0461281 
-0.0416289 
-0.0362261 
-0.030141 
-0.0235861 
-0.016762 
-0.00988067 
-0.00319203 
0.00319203 
-0.00227532 
0.00227532 
0.0070173 
0.0112807 
0.0147321 
0.0174179 
0.0193371 
0.0205833 
0.0212494 
0.021439 
0.0212461 
0.0207537 
0.0200314 
0.0191375 
0.018118 
0.0170118 
0.0158485 
0.0146512 
0.0134368 
0.0122177 
0.0110026 
0.00979677 
0.00860316 
0.00742266 
0.00625416 
0.00509557 
0.00394268 
0.00279182 
0.00163538 
0.000469302 
-0.000714817 
-0.00192547 
-0.00317264 
-0.00446652 
-0.00581875 
-0.00724205 
-0.00875056 
-0.01036 
-0.0120881 
-0.0139546 
-0.015982 
-0.0181957 
-0.0206241 
-0.0232985 
-0.0262504 
-0.0295067 
-0.0330787 
-0.0369437 
-0.0410232 
-0.0451631 
-0.0491308 
-0.0526387 
-0.0553881 
-0.0571225 
-0.0576636 
-0.0568681 
-0.0546891 
-0.0511613 
-0.0463876 
-0.0405566 
-0.0338864 
-0.0266114 
-0.0189741 
-0.0112281 
-0.00364784 
0.00364784 
-0.00186039 
0.00186039 
0.00591764 
0.00967598 
0.0128144 
0.0153672 
0.0172929 
0.018649 
0.0194889 
0.0198863 
0.0199116 
0.0196327 
0.0191094 
0.0183949 
0.0175325 
0.0165602 
0.0155084 
0.0144016 
0.0132588 
0.0120945 
0.0109193 
0.00974067 
0.00856319 
0.00738919 
0.00621895 
0.00505117 
0.00388278 
0.00271007 
0.00152696 
0.000329008 
-0.000892468 
-0.00214599 
-0.00344171 
-0.00479037 
-0.00620423 
-0.00769673 
-0.00928284 
-0.0109791 
-0.0128041 
-0.014778 
-0.0169237 
-0.0192663 
-0.0218333 
-0.0246536 
-0.0277566 
-0.0311671 
-0.034897 
-0.03893 
-0.0431998 
-0.0475683 
-0.0518136 
-0.055641 
-0.0587197 
-0.0607421 
-0.0614796 
-0.0607808 
-0.058606 
-0.0550009 
-0.0500561 
-0.0439414 
-0.036868 
-0.0290783 
-0.0208335 
-0.0124041 
-0.00406282 
0.00406282 
-0.00158246 
0.00158246 
0.0051692 
0.00856797 
