0 
-0.000920196 
-0.000199185 
0.0030782 
0.00822028 
0.0147072 
0.022032 
0.0298342 
0.0378443 
0.0458709 
0.0537765 
0.0614585 
0.0688345 
0.0758319 
0.0823819 
0.0884162 
0.0938656 
0.098662 
0.102741 
0.106044 
0.108527 
0.110167 
0.110963 
0.110926 
0.110079 
0.108466 
0.106148 
0.103203 
0.0997242 
0.0958146 
0.0915812 
0.0871285 
0.0825495 
0.077916 
0.0732686 
0.0686094 
0.0639053 
0.0591101 
0.0542044 
0.049234 
0.0443135 
0.0395849 
0.0351625 
0.0311055 
0.0274235 
0.0240972 
0.0210957 
0.0183863 
0.0159392 
0.0137293 
0.0117359 
0.00994251 
0.00833582 
0.00690494 
0.00564089 
0.00453565 
0.00358146 
0.00277065 
0.00209418 
0.00154083 
0.00109742 
0.000748683 
0.000477 
0.000262518 
8.33913e-05 
0 
0.000920196 
-0.000920196 
-0.000199185 
0.0030782 
0.00822028 
0.0147072 
0.022032 
0.0298342 
0.0378443 
0.0458709 
0.0537765 
0.0614585 
0.0688345 
0.0758319 
0.0823819 
0.0884162 
0.0938656 
0.098662 
0.102741 
0.106044 
0.108527 
0.110167 
0.110963 
0.110926 
0.110079 
0.108466 
0.106148 
0.103203 
0.0997242 
0.0958146 
0.0915812 
0.0871285 
0.0825495 
0.077916 
0.0732686 
0.0686094 
0.0639053 
0.0591101 
0.0542044 
0.049234 
0.0443135 
0.0395849 
0.0351625 
0.0311055 
0.0274235 
0.0240972 
0.0210957 
0.0183863 
0.0159392 
0.0137293 
0.0117359 
0.00994251 
0.00833582 
0.00690494 
0.00564089 
0.00453565 
0.00358146 
0.00277065 
0.00209418 
0.00154083 
0.00109742 
0.000748683 
0.000477 
0.000262518 
8.33913e-05 
-8.33913e-05 
2.36577e-06 
-2.36577e-06 
0.00313296 
0.00778674 
0.0136806 
0.02044 
0.027745 
0.0353446 
0.0430474 
0.0507146 
0.0582452 
0.0655615 
0.0725979 
0.0792931 
0.0855846 
0.0914069 
0.0966914 
0.101368 
0.105369 
0.108629 
0.111094 
0.112721 
0.113476 
0.113372 
0.112427 
0.110682 
0.108197 
0.105054 
0.101345 
0.0971752 
0.092655 
0.0878926 
0.0829871 
0.0780202 
0.073047 
0.0680899 
0.0631388 
0.0581691 
0.0531751 
0.0482029 
0.043352 
0.0387376 
0.0344454 
0.0305127 
0.0269377 
0.0236977 
0.0207631 
0.0181046 
0.0156961 
0.0135154 
0.0115442 
0.00976741 
0.00817299 
0.00675131 
0.00549435 
0.00439527 
0.00344751 
0.00264377 
0.0019758 
0.0014337 
0.00100433 
0.000672488 
0.000420353 
0.000227569 
7.15674e-05 
-7.15674e-05 
-0.00173344 
0.00173344 
0.00641031 
0.0118609 
0.0179749 
0.0246 
0.0315297 
0.038604 
0.045702 
0.0527393 
0.0596554 
0.0664016 
0.0729312 
0.0791938 
0.0851323 
0.0906823 
0.0957734 
0.100332 
0.104284 
0.107559 
0.110095 
0.111846 
0.112742 
0.112791 
0.111997 
0.110384 
0.108005 
0.104927 
0.101238 
0.0970363 
0.0924295 
0.0875276 
0.0824356 
0.0772461 
0.0720308 
0.0668344 
0.0616747 
0.0565559 
0.0514954 
0.0465489 
0.0418046 
0.0373493 
0.0332352 
0.0294736 
0.0260488 
0.0229337 
0.0201 
0.0175219 
0.0151768 
0.0130461 
0.0111143 
0.00936898 
0.0078004 
0.00640074 
0.00516359 
0.00408342 
0.00315469 
0.0023715 
0.0017264 
0.00121027 
0.000811513 
0.00051523 
0.000303617 
0.000155574 
4.71995e-05 
-4.71995e-05 
-0.00242017 
0.00242017 
0.00788239 
0.0137946 
0.0199678 
0.0263268 
0.0327448 
0.0391518 
0.0455068 
0.0517889 
0.0579843 
0.0640748 
0.0700318 
0.0758133 
0.0813635 
0.0866155 
0.0914935 
0.095917 
0.0998049 
0.103081 
0.105675 
0.107543 
0.108607 
0.108869 
0.108323 
0.10698 
0.104874 
0.10206 
0.0986073 
0.0946013 
0.0901396 
0.0853273 
0.0802695 
0.0750648 
0.0697967 
0.0645281 
0.0593013 
0.0541497 
0.0491198 
0.0442834 
0.0397216 
0.0354927 
0.0316145 
0.028073 
0.0248398 
0.0218854 
0.0191835 
0.0167119 
0.0144523 
0.0123896 
0.0105118 
0.00880935 
0.00727505 
0.00590345 
0.00469038 
0.00363258 
0.00272651 
0.00196851 
0.0013536 
0.00087399 
0.000519678 
0.000276343 
0.000125887 
4.5697e-05 
9.92351e-06 
-9.92351e-06 
-0.00253293 
0.00253293 
0.00824539 
0.0142717 
0.020244 
0.0261308 
0.031875 
0.0374941 
0.0430226 
0.0484977 
0.0539446 
0.0593684 
0.0647509 
0.0700523 
0.0752145 
0.0801646 
0.0848197 
0.0890911 
0.0928895 
0.0961309 
0.0987411 
0.100675 
0.101861 
0.102298 
0.101981 
0.100916 
0.0991267 
0.0966544 
0.0935516 
0.0898865 
0.0857406 
0.0812066 
0.0763825 
0.0713649 
0.0662415 
0.0610857 
0.0559587 
0.0509217 
0.0460518 
0.0414382 
0.0371531 
0.0332248 
0.0296387 
0.0263595 
0.0233512 
0.0205843 
0.0180362 
0.0156894 
0.0135298 
0.0115467 
0.00973148 
0.00807817 
0.00658264 
0.00524248 
0.00405655 
0.00302437 
0.00214578 
0.00141991 
0.000843758 
0.000412491 
0.000118209 
-5.36192e-05 
-0.000120672 
-0.000107432 
-4.22384e-05 
4.22384e-05 
-0.00245791 
0.00245791 
0.00800994 
0.0137662 
0.0192419 
0.0244525 
0.0293989 
0.0341702 
0.0388576 
0.0435388 
0.0482633 
0.0530474 
0.0578761 
0.0627081 
0.0674814 
0.0721189 
0.0765323 
0.0806266 
0.0843051 
0.0874761 
0.0900593 
0.0920072 
0.0932547 
0.093802 
0.0936518 
0.092813 
0.0913107 
0.0891777 
0.0864553 
0.0831954 
0.0794626 
0.0753329 
0.0708906 
0.0662231 
0.0614136 
0.0565385 
0.0516722 
0.0469019 
0.0423329 
0.0380659 
0.0341571 
0.0306026 
0.0273595 
0.0243789 
0.0216223 
0.0190642 
0.0166872 
0.0144791 
0.0124306 
0.0105353 
0.00878881 
0.00718868 
0.00573445 
0.00442714 
0.00326905 
0.00226374 
0.00141353 
0.000722406 
0.000192122 
-0.00018071 
-0.000400657 
-0.00048242 
-0.00044317 
-0.000308772 
-0.000111099 
0.000111099 
-0.00225441 
0.00225441 
0.00734268 
0.012539 
0.0172951 
0.0216957 
0.0257866 
0.0297071 
0.0335806 
0.0375049 
0.0415384 
0.0456995 
0.0499724 
0.054315 
0.058665 
0.0629455 
0.0670681 
0.0709355 
0.074445 
0.0774978 
0.0800058 
0.0819192 
0.0831751 
0.0837807 
0.08375 
0.0830994 
0.0818569 
0.0800522 
0.0777182 
0.0748949 
0.0716313 
0.0679869 
0.0640299 
0.0598332 
0.0554699 
0.0510136 
0.0465502 
0.0421904 
0.0380613 
0.034262 
0.0308219 
0.0277036 
0.0248436 
0.0221877 
0.0197017 
0.0173668 
0.0151721 
0.0131113 
0.0111804 
0.00937731 
0.00770176 
0.00615531 
0.00474107 
0.00346403 
0.00233053 
0.00134738 
0.000524181 
-0.000131339 
-0.00061012 
-0.00091706 
-0.00105228 
-0.00102612 
-0.000855337 
-0.000567728 
-0.000200081 
0.000200081 
-0.0019625 
0.0019625 
0.00636693 
0.0107966 
0.0146969 
0.0182296 
0.0214633 
0.024563 
0.0276606 
0.0308567 
0.0342081 
0.0377311 
0.0414104 
0.0452069 
0.0490638 
0.0529109 
0.0566663 
0.0602357 
0.0635148 
0.0663983 
0.0687903 
0.0706361 
0.0718667 
0.0725004 
0.0725648 
0.072087 
0.0710985 
0.0696261 
0.0676954 
0.0653356 
0.0625827 
0.059481 
0.0560823 
0.0524435 
0.0486247 
0.0446968 
0.0407578 
0.0369398 
0.0333782 
0.0301519 
0.0272527 
0.0246132 
0.0221597 
0.0198424 
0.0176362 
0.0155311 
0.0135236 
0.0116134 
0.00980143 
0.00809013 
0.00648341 
0.00498649 
0.00360676 
0.0023528 
0.00123625 
0.000270021 
-0.000527646 
-0.00114632 
-0.00157829 
-0.00181631 
-0.00185712 
-0.00170527 
-0.00137541 
-0.000897346 
-0.000314084 
0.000314084 
-0.00160934 
0.00160934 
0.00518563 
0.00872409 
0.0117135 
0.014377 
0.0167831 
0.0190997 
0.02145 
0.0239259 
0.0265776 
0.0294199 
0.0324415 
0.0356111 
0.0388825 
0.0421971 
0.045485 
0.0486622 
0.0516282 
0.0542756 
0.0565023 
0.0582474 
0.059437 
0.0601036 
0.060285 
0.060012 
0.0593126 
0.058207 
0.0567133 
0.0548519 
0.0526484 
0.0501343 
0.0473468 
0.044327 
0.0411246 
0.0378123 
0.0345039 
0.0313449 
0.0284581 
0.025882 
0.023566 
0.0214227 
0.019381 
0.0174031 
0.0154766 
0.0136009 
0.0117798 
0.0100185 
0.0083229 
0.00669957 
0.00515614 
0.00370186 
0.00234709 
0.00110672 
-4.06005e-06 
-0.000957022 
-0.00174302 
-0.00233949 
-0.00273303 
-0.00290573 
-0.00284551 
-0.00255032 
-0.00203046 
-0.0013171 
-0.000460514 
0.000460514 
-0.00122004 
0.00122004 
0.00389109 
0.00648189 
0.00856666 
0.0103926 
0.0120138 
0.0135831 
0.0152041 
0.0169541 
0.0188772 
0.0209884 
0.0232845 
0.025745 
0.0283369 
0.0310151 
0.0337252 
0.0364005 
0.0389545 
0.0412857 
0.043293 
0.0449061 
0.0460533 
0.0467858 
0.0471418 
0.0471405 
0.046794 
0.0461106 
0.0451003 
0.0437769 
0.0421586 
0.0402671 
0.0381271 
0.0357679 
0.0332355 
0.030613 
0.0280301 
0.0256286 
0.023492 
0.0216036 
0.019877 
0.0182206 
0.0165777 
0.014928 
0.013272 
0.0116181 
0.00997659 
0.00835767 
0.00677131 
0.00522767 
0.00373771 
0.00231383 
0.000971048 
-0.000269631 
-0.00138237 
-0.00234647 
-0.00314003 
-0.00373354 
-0.00410189 
-0.00421674 
-0.00405384 
-0.00359975 
-0.00285624 
-0.00185362 
-0.000649839 
0.000649839 
-0.000815266 
0.000815266 
0.00256042 
0.00420107 
0.00542696 
0.00646296 
0.00734793 
0.00820396 
0.00911223 
0.0101327 
0.0113057 
0.0126486 
0.0141681 
0.015856 
0.0176932 
0.0196478 
0.0216797 
0.0237434 
0.0257778 
0.027701 
0.0294196 
0.0308642 
0.0320109 
0.0328907 
0.0335074 
0.0338518 
0.0339173 
0.0337026 
0.0332124 
0.0324563 
0.0314472 
0.0301988 
0.0287266 
0.0270553 
0.0252382 
0.0233753 
0.021601 
0.0200247 
0.0186668 
0.0174562 
0.0162888 
0.0150863 
0.0138147 
0.0124717 
0.0110697 
0.00962454 
0.00815146 
0.0066646 
0.0051772 
0.0037021 
0.00225307 
0.000845298 
-0.000499218 
-0.00175412 
-0.00289635 
-0.00389868 
-0.00472911 
-0.0053463 
-0.0057149 
-0.00579033 
-0.0055311 
-0.00490605 
-0.00390201 
-0.00254402 
-0.000896845 
0.000896845 
-0.000410918 
0.000410918 
0.00125343 
0.00198136 
0.00241445 
0.00271698 
0.002919 
0.00310081 
0.003322 
0.00362538 
0.00404948 
0.00461513 
0.0053396 
0.00622658 
0.00727115 
0.00845447 
0.00974917 
0.0111274 
0.0125599 
0.0140106 
0.0154045 
0.01669 
0.0179038 
0.018986 
0.019903 
0.0206183 
0.0211133 
0.0213807 
0.0214212 
0.0212406 
0.0208457 
0.0202439 
0.0194475 
0.0184869 
0.0174321 
0.0163942 
0.0154855 
0.0147517 
0.0141431 
0.0135532 
0.0128849 
0.0120863 
0.011148 
0.0100834 
0.0089136 
0.00765949 
0.00633996 
0.00497173 
0.00357001 
0.00214959 
0.000725671 
-0.000681391 
-0.002046 
-0.00334393 
-0.00454791 
-0.00562155 
-0.00652415 
-0.0072021 
-0.00760662 
-0.00767282 
-0.0073336 
-0.0065304 
-0.00522537 
-0.00343153 
-0.00121897 
0.00121897 
-1.54816e-05 
1.54816e-05 
9.65084e-06 
-0.00010688 
-0.000391937 
-0.000758412 
-0.00118074 
-0.00162455 
-0.00204933 
-0.00242722 
-0.0027209 
-0.00290522 
-0.00295383 
-0.00285098 
-0.0025873 
-0.00216615 
-0.0016009 
-0.000906289 
-9.17283e-05 
0.000872799 
0.00196983 
0.00317028 
0.0044629 
0.00571134 
0.00688205 
0.00792548 
0.00881603 
0.00953976 
0.0100908 
0.0104682 
0.0106717 
0.0107071 
0.0105927 
0.0103729 
0.0101311 
0.00996398 
0.00992565 
0.00998362 
0.0100362 
0.00997368 
0.00972614 
0.00927266 
0.00862442 
0.00780577 
0.00684295 
0.0057598 
0.0045769 
0.00331214 
0.00198166 
0.000600523 
-0.000814029 
-0.00223829 
-0.00364938 
-0.00502168 
-0.00632248 
-0.00750857 
-0.00853027 
-0.00932008 
-0.00981168 
-0.00991268 
-0.00951865 
-0.00853033 
-0.00687477 
-0.00454812 
-0.00162805 
0.00162805 
0.000373282 
-0.000373282 
-0.00115415 
-0.00201866 
-0.00294206 
-0.0039048 
-0.00488827 
-0.00589823 
-0.00691088 
-0.00791022 
-0.00886103 
-0.00973392 
-0.0104951 
-0.0111165 
-0.0115736 
-0.0118505 
-0.0119391 
-0.0118355 
-0.0115343 
-0.0109972 
-0.0101938 
-0.00914999 
-0.00787491 
-0.00654212 
-0.00518715 
-0.00387271 
-0.00263311 
-0.00149123 
-0.000461626 
0.000447622 
0.0012327 
0.00190215 
0.00248872 
0.00304741 
0.00365007 
0.00434094 
0.00509702 
0.00582474 
0.00640784 
0.00676159 
0.00685163 
0.00668309 
0.00628074 
0.00567442 
0.00489239 
0.00395905 
0.00289516 
0.00171827 
0.000443843 
-0.000914704 
-0.00233623 
-0.00380066 
-0.00528671 
-0.00676689 
-0.00820493 
-0.00955195 
-0.0107488 
-0.0117124 
-0.0123524 
-0.0125376 
-0.0121076 
-0.0109089 
-0.00883192 
-0.00586558 
-0.00210902 
0.00210902 
0.000746656 
-0.000746656 
-0.00221948 
-0.00372989 
-0.00521326 
-0.00669596 
-0.00816921 
-0.00967087 
-0.0111926 
-0.0127297 
-0.0142502 
-0.0157226 
-0.0171072 
-0.0183654 
-0.019458 
-0.0203496 
-0.0210087 
-0.0214079 
-0.0215234 
-0.0213258 
-0.020795 
-0.0199607 
-0.0187921 
-0.0174562 
-0.0159934 
-0.0144747 
-0.0129428 
-0.0114301 
-0.00995861 
-0.00854063 
-0.00717697 
-0.00585383 
-0.00453672 
-0.00318326 
-0.00176879 
-0.000319902 
0.0010758 
0.00230383 
0.00327165 
0.0039326 
0.00428262 
0.0043431 
0.00414473 
0.00371839 
0.00309162 
0.0022879 
0.00132604 
0.000222174 
-0.00101323 
-0.00236217 
-0.00380793 
-0.00533461 
-0.00692264 
-0.00854479 
-0.0101635 
-0.0117257 
-0.013161 
-0.0143664 
-0.0152122 
-0.0155071 
-0.0150143 
-0.0135284 
-0.0109317 
-0.00724112 
-0.00260025 
0.00260025 
0.00108824 
-0.00108824 
-0.00317 
-0.0052404 
-0.00720953 
-0.00913507 
-0.0110172 
-0.0129202 
-0.0148521 
-0.01682 
-0.0187973 
-0.0207523 
-0.0226421 
-0.024421 
-0.026039 
-0.0274454 
-0.0285914 
-0.0294315 
-0.0299266 
-0.030042 
-0.0297597 
-0.0291145 
-0.0280668 
-0.0267652 
-0.0252434 
-0.0235717 
-0.021796 
-0.0199536 
-0.0180698 
-0.0161584 
-0.0142194 
-0.0122433 
-0.0102159 
-0.00813679 
-0.00604346 
-0.00402009 
-0.00217927 
-0.000617899 
0.000606443 
0.00148261 
0.00202707 
0.0022679 
0.00223609 
0.00196043 
0.00146606 
0.000773287 
-0.000102206 
-0.0011499 
-0.00235587 
-0.00370675 
-0.00519163 
-0.00679929 
-0.00851367 
-0.0103106 
-0.0121532 
-0.0139842 
-0.015717 
-0.0172139 
-0.0182795 
-0.0186312 
-0.0179592 
-0.0160528 
-0.0128498 
-0.00843806 
-0.00301119 
0.00301119 
0.00139332 
-0.00139332 
-0.00400617 
-0.00656089 
-0.00894543 
-0.0112386 
-0.0134464 
-0.015655 
-0.0178884 
-0.0201678 
-0.0224735 
-0.0247766 
-0.0270336 
-0.0291957 
-0.0312068 
-0.0330075 
-0.0345366 
-0.0357361 
-0.036555 
-0.0369512 
-0.0369031 
-0.0364371 
-0.0355074 
-0.0342496 
-0.0326903 
-0.0308935 
-0.028904 
-0.0267597 
-0.0244883 
-0.0221078 
-0.0196291 
-0.017065 
-0.0144402 
-0.0118054 
-0.00924527 
-0.00686686 
-0.00476944 
-0.00301682 
-0.00163181 
-0.000605994 
8.32178e-05 
0.000464671 
0.00056794 
0.000417705 
3.57259e-05 
-0.000563942 
-0.00136766 
-0.00236628 
-0.00354909 
-0.00490942 
-0.00644273 
-0.00814373 
-0.0100024 
-0.0120002 
-0.014102 
-0.0162422 
-0.0183031 
-0.0200817 
-0.0212877 
-0.0215293 
-0.0204947 
-0.0180524 
-0.0142511 
-0.00925467 
-0.00327674 
0.00327674 
0.00166245 
-0.00166245 
-0.00473541 
-0.0077074 
-0.0104441 
-0.0130365 
-0.0154921 
-0.017913 
-0.0203398 
-0.0228087 
-0.0253099 
-0.0278193 
-0.0302954 
-0.0326896 
-0.0349448 
-0.0369982 
-0.0387836 
-0.0402357 
-0.0412948 
-0.0419107 
-0.0420543 
-0.0417397 
-0.040917 
-0.0397027 
-0.0381166 
-0.0362146 
-0.0340392 
-0.03163 
-0.029021 
-0.0262433 
-0.023331 
-0.0203299 
-0.0173044 
-0.0143409 
-0.0115415 
-0.00900355 
-0.00679691 
-0.00495486 
-0.00347997 
-0.00235702 
-0.00156243 
-0.00107036 
-0.000857068 
-0.000902265 
-0.00118901 
-0.00170611 
-0.00244398 
-0.00339591 
-0.00455712 
-0.00592792 
-0.00751081 
-0.00930807 
-0.011318 
-0.0135286 
-0.0159035 
-0.0183557 
-0.0207092 
-0.02266 
-0.0238215 
-0.0237316 
-0.0222013 
-0.0192302 
-0.0149709 
-0.00962545 
-0.00338531 
0.00338531 
0.00189853 
-0.00189853 
-0.00536872 
-0.00869972 
-0.0117343 
-0.0145685 
-0.0172052 
-0.0197568 
-0.0222785 
-0.0248232 
-0.0273941 
-0.0299739 
-0.0325251 
-0.0350013 
-0.0373477 
-0.0395029 
-0.041401 
-0.0429752 
-0.0441625 
-0.044908 
-0.0451752 
-0.0449638 
-0.0442239 
-0.0430454 
-0.0414421 
-0.0394623 
-0.0371483 
-0.0345448 
-0.0316976 
-0.0286573 
-0.0254841 
-0.0222524 
-0.0190509 
-0.0159772 
-0.0131253 
-0.0105686 
-0.00835064 
-0.00648602 
-0.00496986 
-0.00378673 
-0.00291662 
-0.00233928 
-0.00203606 
-0.00199134 
-0.00219318 
-0.00263341 
-0.00330627 
-0.0042091 
-0.00534377 
-0.00671741 
-0.00834008 
-0.0102228 
-0.0123728 
-0.0147824 
-0.017404 
-0.0201071 
-0.0226293 
-0.0245587 
-0.0254597 
-0.0249011 
-0.0228925 
-0.0195335 
-0.0150314 
-0.00959132 
-0.00335681 
0.00335681 
0.00210523 
-0.00210523 
-0.00591799 
-0.00955851 
-0.012847 
-0.0158785 
-0.0186459 
-0.0212645 
-0.0238009 
-0.0263253 
-0.0288568 
-0.0313885 
-0.0338886 
-0.0363143 
-0.0386143 
-0.0407314 
-0.042604 
-0.0441686 
-0.0453641 
-0.0461354 
-0.0464426 
-0.0462739 
-0.045584 
-0.0444319 
-0.0428277 
-0.0408138 
-0.0384344 
-0.0357413 
-0.0327938 
-0.0296597 
-0.0264179 
-0.023157 
-0.0199706 
-0.0169487 
-0.0141665 
-0.0116757 
-0.00950341 
-0.00765689 
-0.006131 
-0.00491375 
-0.0039905 
-0.00334629 
-0.00296748 
-0.00284306 
-0.00296548 
-0.00332953 
-0.00393323 
-0.00477875 
-0.00587404 
-0.00723255 
-0.00887178 
-0.0108112 
-0.0130647 
-0.0156219 
-0.0184088 
-0.0212324 
-0.0237395 
-0.0254523 
-0.0259631 
-0.0249604 
-0.0226178 
-0.0190664 
-0.0145328 
-0.00922046 
-0.00321464 
0.00321464 
0.00228611 
-0.00228611 
-0.00639429 
-0.0103028 
-0.0138108 
-0.0170089 
-0.0198748 
-0.0225191 
-0.0250142 
-0.0274461 
-0.0298531 
-0.032243 
-0.0345929 
-0.0368647 
-0.0390112 
-0.0409806 
-0.0427174 
-0.0441644 
-0.0452663 
-0.0459724 
-0.0462437 
-0.0460608 
-0.0453873 
-0.0442543 
-0.0426713 
-0.0406763 
-0.0383153 
-0.035646 
-0.0327362 
-0.0296628 
-0.0265106 
-0.0233682 
-0.020321 
-0.0174441 
-0.0147951 
-0.0124118 
-0.0103142 
-0.00850838 
-0.00699218 
-0.00575826 
-0.00479707 
-0.00409845 
-0.00365338 
-0.00345485 
-0.00349866 
-0.00378248 
-0.00430794 
-0.00508165 
-0.00611632 
-0.00743058 
-0.00904801 
-0.010994 
-0.0132838 
-0.0158952 
-0.0187167 
-0.0214921 
-0.0238099 
-0.0251943 
-0.0253217 
-0.0240203 
-0.0215249 
-0.0179615 
-0.0135716 
-0.0085705 
-0.00297685 
0.00297685 
0.00244411 
-0.00244411 
-0.00680648 
-0.0109475 
-0.0146485 
-0.0179942 
-0.020944 
-0.0235965 
-0.0260218 
-0.0283174 
-0.0305419 
-0.0327233 
-0.0348526 
-0.0368995 
-0.0388217 
-0.0405722 
-0.0421019 
-0.0433612 
-0.044302 
-0.0448807 
-0.0450622 
-0.0448248 
-0.044142 
-0.0430254 
-0.0414857 
-0.039557 
-0.0372857 
-0.0347304 
-0.0319603 
-0.0290518 
-0.0260857 
-0.0231414 
-0.0202917 
-0.0175975 
-0.0151045 
-0.0128433 
-0.0108316 
-0.00907722 
-0.00758147 
-0.00634127 
-0.00535141 
-0.00460582 
-0.00409926 
-0.00382785 
-0.00378975 
-0.00398529 
-0.00441894 
-0.00510045 
-0.00604545 
-0.00727567 
-0.00881786 
-0.0106989 
-0.0129292 
-0.0154682 
-0.018169 
-0.0207371 
-0.0227549 
-0.0238047 
-0.0236584 
-0.0222337 
-0.0197469 
-0.0163195 
-0.0122181 
-0.00768315 
-0.00265669 
0.00265669 
0.00258115 
-0.00258115 
-0.00716038 
-0.011502 
-0.0153741 
-0.0188563 
-0.0218893 
-0.0245537 
-0.0269086 
-0.0290545 
-0.0310678 
-0.033 
-0.0348633 
-0.0366409 
-0.0382978 
-0.0397919 
-0.0410793 
-0.0421171 
-0.0428647 
-0.0432857 
-0.0433505 
-0.0430383 
-0.0423312 
-0.0412309 
-0.0397494 
-0.0379172 
-0.0357781 
-0.0333872 
-0.0308088 
-0.0281125 
-0.0253695 
-0.0226476 
-0.0200076 
-0.0174995 
-0.015162 
-0.013022 
-0.0110971 
-0.00939694 
-0.00792593 
-0.00668435 
-0.0056703 
-0.00488092 
-0.00431369 
-0.00396702 
-0.00384062 
-0.00393678 
-0.00426154 
-0.00482591 
-0.00564608 
-0.00674396 
-0.00814536 
-0.00987341 
-0.011929 
-0.0142541 
-0.0166837 
-0.0189243 
-0.0206016 
-0.0213813 
-0.0211047 
-0.0197088 
-0.0173598 
-0.0141972 
-0.0105166 
-0.00658648 
-0.00226362 
0.00226362 
0.00269804 
-0.00269804 
-0.00745861 
-0.0119697 
-0.0159917 
-0.0196016 
-0.0227246 
-0.0254204 
-0.0277289 
-0.0297425 
-0.0315466 
-0.0332153 
-0.0347879 
-0.0362696 
-0.0376388 
-0.0388599 
-0.0398934 
-0.0407011 
-0.041248 
-0.0415039 
-0.0414444 
-0.0410514 
-0.0403139 
-0.0392299 
-0.0378118 
-0.0360865 
-0.0340927 
-0.0318794 
-0.0295027 
-0.0270228 
-0.0245 
-0.0219913 
-0.0195478 
-0.0172119 
-0.0150176 
-0.0129898 
-0.0111462 
-0.00949781 
-0.00805115 
-0.00680881 
-0.00577125 
-0.00493788 
-0.0043079 
-0.00388113 
-0.00365812 
-0.00364206 
-0.00383894 
-0.00425893 
-0.00491611 
-0.00582908 
-0.00701818 
-0.0084982 
-0.0102588 
-0.0122331 
-0.0142627 
-0.0160941 
-0.0174305 
-0.0180219 
-0.0177415 
-0.0164867 
-0.0143805 
-0.0116139 
-0.00849203 
-0.00529839 
-0.00180468 
0.00180468 
0.00279452 
-0.00279452 
-0.00770125 
-0.0123492 
-0.016497 
-0.0202225 
-0.0234411 
-0.0261937 
-0.0284966 
-0.0304228 
-0.0320526 
-0.0334737 
-0.0347525 
-0.0359243 
-0.0369905 
-0.0379287 
-0.0387053 
-0.0392849 
-0.0396358 
-0.0397316 
-0.0395515 
-0.0390804 
-0.0383112 
-0.0372416 
-0.0358832 
-0.0342592 
-0.0324028 
-0.0303555 
-0.0281648 
-0.0258812 
-0.0235553 
-0.0212352 
-0.0189641 
-0.0167791 
-0.0147105 
-0.0127817 
-0.0110102 
-0.00940746 
-0.00798126 
-0.00673558 
-0.00567235 
-0.00479238 
-0.0040957 
-0.00358283 
-0.00325427 
-0.0031129 
-0.003163 
-0.00341192 
-0.00386899 
-0.00454608 
-0.00545395 
-0.0065959 
-0.00795147 
-0.00945609 
-0.0109811 
-0.0123422 
-0.0133384 
-0.0137991 
-0.0136006 
-0.0125576 
-0.0107875 
-0.00857009 
-0.00616069 
-0.00383259 
-0.00128654 
0.00128654 
0.00286934 
-0.00286934 
-0.00788726 
-0.0126374 
-0.0168818 
-0.0207024 
-0.0240123 
-0.0268406 
-0.0291819 
-0.0310829 
-0.0326042 
-0.0338302 
-0.0348436 
-0.0357102 
-0.0364645 
-0.037109 
-0.0376229 
-0.0379754 
-0.0381356 
-0.0380777 
-0.0377824 
-0.0372362 
-0.0364338 
-0.035374 
-0.0340662 
-0.0325295 
-0.0307917 
-0.0288872 
-0.0268554 
-0.0247385 
-0.0225789 
-0.0204174 
-0.0182914 
-0.0162335 
-0.0142711 
-0.012426 
-0.0107149 
-0.00914932 
-0.00773744 
-0.00648385 
-0.00539112 
-0.0044608 
-0.0036929 
-0.00308796 
-0.00264555 
-0.00236726 
-0.00225417 
-0.00230926 
-0.00253492 
-0.00293384 
-0.0035043 
-0.00423661 
-0.0051021 
-0.00604676 
-0.00698526 
-0.00781598 
-0.00844105 
-0.00877102 
-0.00868646 
-0.00788613 
-0.00656174 
-0.00507734 
-0.00354827 
-0.00220802 
-0.000718316 
0.000718316 
0.00291984 
-0.00291984 
-0.00801663 
-0.0128338 
-0.0171413 
-0.0210262 
-0.0244068 
-0.02731 
-0.0297182 
-0.0316541 
-0.0331502 
-0.0342687 
-0.0350876 
-0.0356896 
-0.0361418 
-0.0364828 
-0.0367194 
-0.0368346 
-0.0368009 
-0.036591 
-0.036184 
-0.0355654 
-0.0347285 
-0.0336729 
-0.0324037 
-0.0309371 
-0.0292954 
-0.0275069 
-0.0256041 
-0.0236223 
-0.0215975 
-0.0195645 
-0.0175562 
-0.0156013 
-0.013725 
-0.011947 
-0.0102835 
-0.00874516 
-0.00734004 
-0.0060728 
-0.00494595 
-0.00396119 
-0.00311774 
-0.00241573 
-0.00185292 
-0.0014288 
-0.00114036 
-0.000985516 
-0.000958533 
-0.00105171 
-0.00124972 
-0.00152991 
-0.00185623 
-0.00218729 
-0.00248057 
-0.00271402 
-0.00288887 
-0.00302259 
-0.00303464 
-0.00247049 
-0.0017599 
-0.00120063 
-0.000710687 
-0.000460488 
-0.000115153 
0.000115153 
0.00294477 
-0.00294477 
-0.00809197 
-0.0129463 
-0.0172828 
-0.0211939 
-0.0246068 
-0.0275569 
-0.0300274 
-0.0320299 
-0.0335727 
-0.0346868 
-0.0354239 
-0.0358566 
-0.0360656 
-0.0361224 
-0.036073 
-0.035932 
-0.0356878 
-0.0353159 
-0.0347913 
-0.0340953 
-0.0332168 
-0.0321548 
-0.0309101 
-0.0294949 
-0.0279263 
-0.0262271 
-0.024424 
-0.0225467 
-0.020626 
-0.0186921 
-0.0167743 
-0.0148984 
-0.0130877 
-0.0113601 
-0.00973102 
-0.00820995 
-0.00680419 
-0.00551798 
-0.00435296 
-0.00331062 
-0.00238863 
-0.00158632 
-0.000899025 
-0.000324564 
0.000144374 
0.000515339 
0.000802644 
0.00102327 
0.00120481 
0.00138081 
0.00159451 
0.00187845 
0.00224546 
0.00265637 
0.00303403 
0.00326695 
0.00331802 
0.00352501 
0.0033973 
0.00290384 
0.00225133 
0.00134967 
0.000500271 
-0.000500271 
0.0029584 
-0.0029584 
-0.00812742 
-0.0129976 
-0.0173343 
-0.0212332 
-0.0246292 
-0.0275719 
-0.0300587 
-0.0321078 
-0.0337203 
-0.0349045 
-0.0356779 
-0.0360794 
-0.0361703 
-0.0360268 
-0.0357244 
-0.0353194 
-0.0348374 
-0.0342753 
-0.0336127 
-0.032826 
-0.0318971 
-0.0308176 
-0.029585 
-0.0282037 
-0.0266869 
-0.0250523 
-0.0233219 
-0.0215208 
-0.0196757 
-0.0178136 
-0.0159611 
-0.0141418 
-0.0123775 
-0.0106841 
-0.00907664 
-0.00756283 
-0.00614892 
-0.00483846 
-0.00363138 
-0.00252902 
-0.00152639 
-0.000622825 
0.00018828 
0.000911535 
0.00155993 
0.00214568 
0.00268988 
0.00321697 
0.00376383 
0.00437202 
0.00509004 
0.00594484 
0.00692966 
0.00796151 
0.0089109 
0.00958706 
0.00986974 
0.00951503 
0.00851559 
0.0069801 
0.00518954 
0.00313554 
0.00110138 
-0.00110138 
0.00296932 
-0.00296932 
-0.00815678 
-0.013027 
-0.0173472 
-0.0212049 
-0.0245375 
-0.0274069 
-0.0298315 
-0.0318516 
-0.0334836 
-0.0347363 
-0.0356084 
-0.0361036 
-0.0362409 
-0.0360636 
-0.0356372 
-0.035037 
-0.0343293 
-0.0335541 
-0.03272 
-0.0318126 
-0.0308089 
-0.0296898 
-0.0284469 
-0.0270772 
-0.0255879 
-0.0239915 
-0.0223058 
-0.0205518 
-0.0187532 
-0.0169345 
-0.0151203 
-0.0133332 
-0.0115946 
-0.0099188 
-0.00832152 
-0.00680754 
-0.00538041 
-0.00404323 
-0.00279282 
-0.00163078 
-0.000548859 
0.000451091 
0.00138152 
0.00224961 
0.00307196 
0.00386428 
0.00465256 
0.00546686 
0.0063499 
0.00734759 
0.00850888 
0.00985318 
0.0113544 
0.0128939 
0.0142927 
0.0152978 
0.0156938 
0.0148971 
0.0131806 
0.0107382 
0.00792028 
0.00479751 
0.00165969 
-0.00165969 
0.00298418 
-0.00298418 
-0.00820627 
-0.0130904 
-0.0173879 
-0.0211934 
-0.024433 
-0.027174 
-0.0294524 
-0.0313358 
-0.0328719 
-0.0340953 
-0.0350164 
-0.0356286 
-0.0359187 
-0.0358815 
-0.0355329 
-0.034917 
-0.0340996 
-0.0331521 
-0.0321302 
-0.0310604 
-0.0299402 
-0.0287508 
-0.0274726 
-0.0260958 
-0.0246137 
-0.0230333 
-0.021368 
-0.0196356 
-0.0178578 
-0.0160578 
-0.0142601 
-0.0124868 
-0.0107594 
-0.00908829 
-0.00749099 
-0.00596902 
-0.00452283 
-0.00315583 
-0.00185989 
-0.00063929 
0.00051721 
0.00160975 
0.00265522 
0.0036618 
0.00464833 
0.00563306 
0.00664469 
0.00771632 
0.00889249 
0.0102189 
0.011739 
0.0134612 
0.0153384 
0.0172225 
0.0188928 
0.0200465 
0.0203892 
0.0193196 
0.017086 
0.0139405 
0.0102823 
0.00624897 
0.00214934 
-0.00214934 
0.00300728 
-0.00300728 
-0.00829215 
-0.0132216 
-0.0175254 
-0.0212818 
-0.0244257 
-0.0270118 
-0.0290864 
-0.0307378 
-0.0320461 
-0.0330841 
-0.0338983 
-0.0345082 
-0.0349054 
-0.0350635 
-0.0349519 
-0.034553 
-0.0338768 
-0.0329645 
-0.0318792 
-0.0306857 
-0.0294298 
-0.0281278 
-0.0267716 
-0.0253436 
-0.0238314 
-0.0222309 
-0.0205506 
-0.0188055 
-0.0170151 
-0.0152008 
-0.0133867 
-0.011595 
-0.00985078 
-0.00816384 
-0.00655795 
-0.00502786 
-0.00356232 
-0.00216917 
-0.000832715 
0.000437144 
0.00166074 
0.00283961 
0.00399175 
0.00512639 
0.00626306 
0.00742108 
0.00862942 
0.00992128 
0.0113388 
0.012923 
0.0147069 
0.0166848 
0.0187891 
0.0208496 
0.0226162 
0.0237504 
0.0239295 
0.0226581 
0.0200934 
0.0164672 
0.0121868 
0.00743794 
0.00255415 
-0.00255415 
0.0030403 
-0.0030403 
-0.00841907 
-0.01343 
-0.0177843 
-0.0215252 
-0.0245902 
-0.0270293 
-0.0288849 
-0.0302569 
-0.0312476 
-0.0319618 
-0.0324853 
-0.0328794 
-0.033175 
-0.033371 
-0.0334376 
-0.033326 
-0.0329852 
-0.0323818 
-0.0315139 
-0.0304144 
-0.029139 
-0.0277456 
-0.0262757 
-0.024747 
-0.0231595 
-0.0215068 
-0.0197867 
-0.0180026 
-0.0161721 
-0.0143181 
-0.0124694 
-0.0106536 
-0.00889579 
-0.00719301 
-0.00557512 
-0.00403192 
-0.00254228 
-0.0011246 
0.000249995 
0.00156734 
0.00285562 
0.00411633 
0.00536782 
0.00662016 
0.00789216 
0.00920284 
0.0105791 
0.0120515 
0.0136565 
0.0154264 
0.0173808 
0.0194983 
0.0216936 
0.0237827 
0.0255022 
0.0265032 
0.0264724 
0.0250247 
0.0222498 
0.0183241 
0.0136224 
0.00835241 
0.00286983 
-0.00286983 
0.00308222 
-0.00308222 
-0.00858281 
-0.0137091 
-0.0181527 
-0.0219284 
-0.0249458 
-0.0272657 
-0.0289214 
-0.0300174 
-0.0306693 
-0.031002 
-0.0311256 
-0.0311317 
-0.0310886 
-0.0310403 
-0.0310028 
-0.03096 
-0.0308651 
-0.0306495 
-0.0302421 
-0.0295895 
-0.0286717 
-0.0275032 
-0.0261232 
-0.0245788 
-0.0229113 
-0.0211504 
-0.0193168 
-0.0174285 
-0.0155031 
-0.013559 
-0.0116194 
-0.009709 
-0.00786264 
-0.00608559 
-0.00444484 
-0.0029123 
-0.00140505 
2.48203e-05 
0.00142019 
0.00277341 
0.00411207 
0.00544158 
0.00677891 
0.00813425 
0.00952398 
0.0109648 
0.0124794 
0.014093 
0.0158334 
0.0177222 
0.0197637 
0.0219214 
0.0240968 
0.026101 
0.0276728 
0.0284756 
0.0282255 
0.0266195 
0.0237038 
0.0196016 
0.0146365 
0.00901363 
0.00310237 
-0.00310237 
0.00312967 
-0.00312967 
-0.00877246 
-0.0140401 
-0.0186048 
-0.0224522 
-0.0254659 
-0.0276953 
-0.029181 
-0.0300273 
-0.0303626 
-0.0303275 
-0.0300471 
-0.0296242 
-0.029138 
-0.0286503 
-0.02821 
-0.0278506 
-0.0275831 
-0.027387 
-0.0272068 
-0.0269613 
-0.0265621 
-0.0259359 
-0.0250388 
-0.0238594 
-0.0224125 
-0.0207287 
-0.0188481 
-0.0168183 
-0.0147 
-0.0125572 
-0.0104853 
-0.00851978 
-0.00668601 
-0.00492052 
-0.00328982 
-0.00176653 
-0.000244634 
0.00119448 
0.0026139 
0.00400285 
0.00539038 
0.00678436 
0.00820094 
0.00964965 
0.0111437 
0.012696 
0.0143232 
0.0160434 
0.0178743 
0.019825 
0.0218855 
0.0240062 
0.0260801 
0.0279218 
0.0292831 
0.0298568 
0.0293861 
0.027639 
0.0246225 
0.0204215 
0.0153055 
0.00946198 
0.00326417 
-0.00326417 
0.0031773 
-0.0031773 
-0.00897162 
-0.0143961 
-0.0191031 
-0.0230493 
-0.0260926 
-0.0282606 
-0.0296001 
-0.0302212 
-0.0302657 
-0.0298963 
-0.0292564 
-0.0284591 
-0.0275823 
-0.0266786 
-0.0257875 
-0.0249455 
-0.0241892 
-0.0235511 
-0.0230481 
-0.0226686 
-0.0223665 
-0.0220671 
-0.021685 
-0.0211436 
-0.0203885 
-0.0193881 
-0.0181293 
-0.016609 
-0.014835 
-0.0128226 
-0.0106097 
-0.00827229 
-0.00595949 
-0.003782 
-0.00198021 
-0.00050436 
0.00104099 
0.00251953 
0.00394466 
0.0053431 
0.00674991 
0.00818313 
0.00965762 
0.0111809 
0.0127608 
0.0144043 
0.0161202 
0.0179168 
0.0198007 
0.0217683 
0.0237961 
0.0258243 
0.0277423 
0.0293741 
0.030491 
0.0308228 
0.030137 
0.0282576 
0.0251629 
0.0209076 
0.0157143 
0.00974549 
0.00337051 
-0.00337051 
0.00321804 
-0.00321804 
-0.00915896 
-0.0147428 
-0.0196019 
-0.0236651 
-0.0267608 
-0.0288938 
-0.0301038 
-0.0305152 
-0.0302833 
-0.0295984 
-0.0286311 
-0.027514 
-0.0263327 
-0.0251329 
-0.0239361 
-0.0227534 
-0.0215961 
-0.0204829 
-0.0194416 
-0.0185052 
-0.0177012 
-0.0170384 
-0.0164983 
-0.016036 
-0.0155902 
-0.0150957 
-0.014492 
-0.0137218 
-0.0127311 
-0.0114509 
-0.00980711 
-0.00777292 
-0.00546481 
-0.00298117 
-0.000930802 
0.000714778 
0.00232162 
0.00381832 
0.00526392 
0.00668509 
0.00812095 
0.00959528 
0.0111245 
0.0127155 
0.0143718 
0.016094 
0.0178818 
0.0197336 
0.0216437 
0.0235962 
0.0255561 
0.0274563 
0.0291866 
0.0305839 
0.0314423 
0.0315289 
0.0306366 
0.0286247 
0.0254591 
0.0211702 
0.0159428 
0.00991193 
0.00343697 
-0.00343697 
0.00324314 
-0.00324314 
-0.00930817 
-0.0150378 
-0.0200451 
-0.0242329 
-0.0273965 
-0.0295146 
-0.0306117 
-0.0308246 
-0.0303258 
-0.0293338 
-0.0280526 
-0.0266409 
-0.0252005 
-0.0237815 
-0.0223998 
-0.0210537 
-0.0197349 
-0.0184364 
-0.0171576 
-0.0159084 
-0.0147107 
-0.0135967 
-0.0126 
-0.0117452 
-0.0110393 
-0.0104678 
-0.00999583 
-0.00957096 
-0.00913968 
-0.00864625 
-0.00797395 
-0.00708733 
-0.0059299 
-0.00445342 
-0.00247584 
0.000111301 
0.00252464 
0.0046752 
0.00644501 
0.00802772 
0.00954972 
0.011084 
0.012667 
0.0143144 
0.0160309 
0.0178133 
0.0196539 
0.0215405 
0.0234552 
0.0253699 
0.0272392 
0.0289909 
0.0305175 
0.0316703 
0.0322674 
0.0321092 
0.0310152 
0.0288643 
0.0256234 
0.0213042 
0.0160623 
0.0100054 
0.00347828 
-0.00347828 
0.00324235 
-0.00324235 
-0.00938809 
-0.0152306 
-0.0203647 
-0.0246719 
-0.0279099 
-0.0300271 
-0.0310279 
-0.0310541 
-0.0303004 
-0.0290119 
-0.0274286 
-0.0257381 
-0.0240617 
-0.0224563 
-0.0209374 
-0.0194977 
-0.0181221 
-0.0167949 
-0.0155043 
-0.014244 
-0.0130143 
-0.0118229 
-0.0106848 
-0.00962195 
-0.00865834 
-0.0078149 
-0.00710068 
-0.00651209 
-0.00601796 
-0.00561038 
-0.00518285 
-0.00469154 
-0.0040313 
-0.00316744 
-0.0016688 
0.000403925 
0.00272167 
0.00499147 
0.00703478 
0.00891761 
0.0106943 
0.0124279 
0.0141623 
0.0159266 
0.0177356 
0.0195907 
0.0214833 
0.023396 
0.0253023 
0.0271645 
0.0289295 
0.0305217 
0.0318379 
0.0327438 
0.0330807 
0.0326778 
0.0313816 
0.0290797 
0.025748 
0.0213896 
0.0161351 
0.0100656 
0.00350776 
-0.00350776 
0.00320419 
-0.00320419 
-0.00936324 
-0.015262 
-0.0204804 
-0.0248842 
-0.0281919 
-0.0303156 
-0.031235 
-0.0310885 
-0.0300993 
-0.0285339 
-0.02667 
-0.0247238 
-0.0228371 
-0.0210743 
-0.0194496 
-0.0179501 
-0.016554 
-0.0152392 
-0.0139875 
-0.0127873 
-0.0116332 
-0.0105256 
-0.00946757 
-0.00846387 
-0.00751678 
-0.00663095 
-0.00580929 
-0.00506495 
-0.00438758 
-0.00378999 
-0.00325915 
-0.00275707 
-0.00214609 
-0.00143157 
-0.000469251 
0.000592347 
0.00181673 
0.0034416 
0.00560647 
0.00798493 
0.0103983 
0.0127356 
0.014975 
0.0171336 
0.0192364 
0.0213012 
0.0233328 
0.025322 
0.0272458 
0.0290664 
0.0307295 
0.0321615 
0.0332665 
0.0339255 
0.0340019 
0.033351 
0.031843 
0.0293787 
0.0259266 
0.0215031 
0.0162202 
0.0101297 
0.00353748 
-0.00353748 
0.00311655 
-0.00311655 
-0.00919524 
-0.0150669 
-0.0203001 
-0.0247548 
-0.0281113 
-0.0302408 
-0.0310919 
-0.0307907 
-0.0295955 
-0.0277869 
-0.025679 
-0.0235142 
-0.0214547 
-0.0195711 
-0.0178756 
-0.0163495 
-0.0149638 
-0.0136899 
-0.0125034 
-0.0113868 
-0.0103281 
-0.00932206 
-0.00836661 
-0.00746423 
-0.00661477 
-0.00581936 
-0.00506773 
-0.0043584 
-0.00367328 
-0.00300518 
-0.00237091 
-0.00177524 
-0.00112217 
-0.000429794 
0.000482552 
0.00153036 
0.00268678 
0.00419799 
0.0060747 
0.00824795 
0.0106158 
0.0130818 
0.0155777 
0.0180571 
0.0204902 
0.0228536 
0.0251265 
0.0272855 
0.0293006 
0.0311321 
0.032728 
0.0340208 
0.0349261 
0.0353427 
0.0351566 
0.0342491 
0.0325134 
0.0298643 
0.0262741 
0.0217357 
0.0163801 
0.0102329 
0.00357794 
-0.00357794 
0.00296767 
-0.00296767 
-0.00884568 
-0.0145774 
-0.0197251 
-0.0241558 
-0.0275182 
-0.0296414 
-0.030436 
-0.0300027 
-0.0286449 
-0.0266458 
-0.0243506 
-0.0220236 
-0.0198443 
-0.0178888 
-0.0161665 
-0.0146521 
-0.0133094 
-0.0121035 
-0.0110045 
-0.00998988 
-0.00904314 
-0.00815456 
-0.00731685 
-0.00652749 
-0.00578071 
-0.00507538 
-0.00440113 
-0.00375689 
-0.00312679 
-0.0024988 
-0.00186949 
-0.00123539 
-0.000548099 
0.000209067 
0.00109724 
0.00211137 
0.00329995 
0.00473347 
0.00639189 
0.00828324 
0.0104104 
0.0127645 
0.0153097 
0.017983 
0.0207169 
0.0234431 
0.0260931 
0.0286002 
0.0308998 
0.0329279 
0.0346194 
0.0359055 
0.0367114 
0.0369546 
0.0365473 
0.0353997 
0.0334327 
0.030581 
0.0268254 
0.0221554 
0.0166719 
0.0104048 
0.00363579 
-0.00363579 
0.00274757 
-0.00274757 
-0.00828044 
-0.0137308 
-0.0186594 
-0.022956 
-0.0262511 
-0.0283398 
-0.0290886 
-0.028554 
-0.0270938 
-0.0249796 
-0.022578 
-0.0201676 
-0.0179403 
-0.015976 
-0.014281 
-0.0128238 
-0.0115617 
-0.0104542 
-0.00946672 
-0.0085727 
-0.00775163 
-0.00699045 
-0.00627832 
-0.00561046 
-0.00497871 
-0.00438069 
-0.00380415 
-0.00324507 
-0.00268798 
-0.0021242 
-0.00154281 
-0.000942877 
-0.000281953 
0.000444007 
0.00129168 
0.00227343 
0.00340296 
0.0047557 
0.00634852 
0.00818653 
0.0102561 
0.0125434 
0.015027 
0.0176765 
0.0204522 
0.0233005 
0.0261495 
0.0289147 
0.0315008 
0.0338078 
0.0357347 
0.0371844 
0.0380661 
0.0382959 
0.037798 
0.0365047 
0.0343635 
0.0313343 
0.0274143 
0.0226035 
0.0169934 
0.0106045 
0.00370443 
-0.00370443 
0.00244977 
-0.00244977 
-0.00747536 
-0.0124795 
-0.0170256 
-0.0210408 
-0.0241574 
-0.0261577 
-0.026868 
-0.0262746 
-0.0247912 
-0.0226633 
-0.0202623 
-0.017871 
-0.0156868 
-0.0137914 
-0.0121881 
-0.0108405 
-0.00970095 
-0.00872496 
-0.00787442 
-0.00712038 
-0.00643967 
-0.0058172 
-0.00523955 
-0.00469992 
-0.00418793 
-0.00369983 
-0.00322354 
-0.0027547 
-0.00227921 
-0.00178857 
-0.00126866 
-0.000712251 
-9.16808e-05 
0.00060749 
0.00141905 
0.00236318 
0.00346697 
0.00477069 
0.00628574 
0.00802836 
0.0100024 
0.0122057 
0.014623 
0.0172284 
0.0199847 
0.022843 
0.0257407 
0.0285998 
0.0313242 
0.0338029 
0.0359172 
0.037547 
0.0385781 
0.0389074 
0.0384494 
0.037138 
0.0349318 
0.0318082 
0.027782 
0.0228679 
0.0171674 
0.0107031 
0.00373912 
-0.00373912 
0.00207299 
-0.00207299 
-0.00642221 
-0.0108027 
-0.0147828 
-0.0183395 
-0.0211258 
-0.0229445 
-0.0236128 
-0.0230215 
-0.0216122 
-0.0195961 
-0.0173261 
-0.0150782 
-0.0130453 
-0.0113088 
-0.00986977 
-0.00868984 
-0.0077183 
-0.00690905 
-0.00622247 
-0.00562869 
-0.00510343 
-0.00463077 
-0.00419623 
-0.00379221 
-0.00340778 
-0.00303853 
-0.0026726 
-0.00230498 
-0.0019223 
-0.00151735 
-0.00107521 
-0.000588695 
-3.29492e-05 
0.000605419 
0.00135681 
0.00224452 
0.00328951 
0.00453001 
0.0059843 
0.00767016 
0.00959365 
0.0117564 
0.01415 
0.0167549 
0.0195368 
0.0224441 
0.0254066 
0.0283342 
0.0311216 
0.0336497 
0.0358045 
0.0374722 
0.0385414 
0.0389071 
0.0384773 
0.03718 
0.0349704 
0.0318276 
0.027773 
0.0228314 
0.0171135 
0.0106516 
0.00371143 
-0.00371143 
0.00162216 
-0.00162216 
-0.00513305 
-0.00871614 
-0.0119454 
-0.0148565 
-0.0171332 
-0.018633 
-0.0192228 
-0.0187151 
-0.0174887 
-0.0157244 
-0.0137303 
-0.0117634 
-0.0100009 
-0.00852118 
-0.00732414 
-0.00637238 
-0.00561565 
-0.00500878 
-0.00451305 
-0.00409957 
-0.00374467 
-0.00343286 
-0.00314989 
-0.00288809 
-0.00263678 
-0.00239128 
-0.00214077 
-0.00188028 
-0.00159787 
-0.00128639 
-0.00093171 
-0.000524286 
-4.39548e-05 
0.000525377 
0.00120888 
0.00202928 
0.00300939 
0.00417913 
0.0055578 
0.00716703 
0.00902074 
0.0111287 
0.0134901 
0.0160915 
0.0189018 
0.0218672 
0.024909 
0.0279243 
0.0307902 
0.033376 
0.0355498 
0.0371998 
0.0382246 
0.0385345 
0.0380535 
0.0367212 
0.0344982 
0.0313637 
0.0273373 
0.0224448 
0.0167989 
0.0104398 
0.00362774 
-0.00362774 
0.00110809 
-0.00110809 
-0.00364079 
-0.0062757 
-0.00858996 
-0.0106881 
-0.0122828 
-0.0133066 
-0.0137213 
-0.0133791 
-0.0124381 
-0.0110631 
-0.00948996 
-0.00794249 
-0.00657067 
-0.00544569 
-0.00456772 
-0.00390342 
-0.00340667 
-0.00303607 
-0.00275647 
-0.00254185 
-0.00237102 
-0.00223018 
-0.00210665 
-0.0019936 
-0.00188162 
-0.00176645 
-0.00163871 
-0.00149379 
-0.00132118 
-0.00111435 
-0.000859962 
-0.000548422 
-0.000160731 
0.000318729 
0.000913458 
0.00164548 
0.00253651 
0.00361585 
0.0049058 
0.00643153 
0.00821289 
0.0102666 
0.0125998 
0.0152056 
0.0180554 
0.0210932 
0.0242313 
0.0273528 
0.030318 
0.032977 
0.0351797 
0.0367948 
0.037732 
0.0379197 
0.0373089 
0.0358694 
0.0335852 
0.0304477 
0.0264775 
0.0216961 
0.0162088 
0.0100566 
0.00348522 
-0.00348522 
0.000544515 
-0.000544515 
-0.00199314 
-0.00357159 
-0.004844 
-0.00600374 
-0.00676838 
-0.00718358 
-0.00731974 
-0.00717867 
-0.00659905 
-0.00571661 
-0.00468584 
-0.00367857 
-0.00280624 
-0.00212531 
-0.00163666 
-0.00131318 
-0.00111641 
-0.00101162 
-0.000969706 
-0.000969492 
-0.000993954 
-0.00103223 
-0.00107433 
-0.001115 
-0.00114683 
-0.00116644 
-0.00116634 
-0.0011427 
-0.00108677 
-0.000992523 
-0.000847746 
-0.00064253 
-0.000359195 
1.69458e-05 
0.000507545 
0.00113313 
0.00191592 
0.00288439 
0.00406377 
0.00548405 
0.00717251 
0.00915395 
0.0114435 
0.0140405 
0.0169191 
0.0200196 
0.0232455 
0.0264662 
0.0295263 
0.0322556 
0.0344959 
0.0360769 
0.0369215 
0.0369673 
0.0361913 
0.0346025 
0.0322238 
0.0290736 
0.025183 
0.0205707 
0.015329 
0.00949171 
0.00328056 
-0.00328056 
-5.31215e-05 
5.31215e-05 
-0.000247218 
-0.000718915 
-0.000871379 
-0.00101658 
-0.000869828 
-0.000662053 
-0.000510666 
-0.000462399 
-0.000236444 
0.000125947 
0.000547765 
0.000932986 
0.00122082 
0.0013816 
0.00141942 
0.00135598 
0.00121963 
0.00103534 
0.000823403 
0.000598099 
0.000370654 
0.000147865 
-6.38916e-05 
-0.000261657 
-0.000440617 
-0.000598869 
-0.000731141 
-0.00083462 
-0.000902434 
-0.000929455 
-0.000904275 
-0.000817531 
-0.000652608 
-0.00039651 
-2.98671e-05 
0.000467849 
0.00111878 
0.00195288 
0.00299841 
0.00429052 
0.00586291 
0.00774751 
0.00996665 
0.0125252 
0.0153979 
0.0185215 
0.0217911 
0.0250671 
0.0281832 
0.0309607 
0.0332246 
0.0347916 
0.0355548 
0.0354655 
0.0345235 
0.0327835 
0.0303152 
0.0271732 
0.0234066 
0.0190352 
0.0141362 
0.00873083 
0.0030089 
-0.0030089 
-0.000665606 
0.000665606 
0.00153622 
0.00218445 
0.00315493 
0.0040449 
0.00504194 
0.00579052 
0.0062289 
0.00634677 
0.00633507 
0.0062298 
0.00603883 
0.00576044 
0.00540613 
0.00499051 
0.00453216 
0.00404914 
0.00355772 
0.00307017 
0.00259548 
0.00213924 
0.00170561 
0.00129645 
0.000913829 
0.0005579 
0.000230503 
-6.82301e-05 
-0.000335364 
-0.000569538 
-0.000765993 
-0.000920447 
-0.00102224 
-0.00106295 
-0.00102842 
-0.000907123 
-0.000681675 
-0.00033266 
0.000163269 
0.000836924 
0.00171916 
0.00285095 
0.00427057 
0.00601607 
0.00811563 
0.0105769 
0.0133735 
0.0164378 
0.0196599 
0.0228991 
0.0259893 
0.0287577 
0.0310156 
0.0325819 
0.0332807 
0.0330846 
0.0320153 
0.0301747 
0.0276792 
0.0246191 
0.0210636 
0.0170353 
0.0125973 
0.00775575 
0.00266452 
-0.00266452 
-0.00127527 
0.00127527 
0.00331157 
0.00506472 
0.0070974 
0.00896361 
0.0106964 
0.0119462 
0.0127115 
0.0129716 
0.0128276 
0.0123253 
0.0115478 
0.010599 
0.0095824 
0.00857068 
0.00760247 
0.00669228 
0.00584268 
0.00505145 
0.00431517 
0.00362992 
0.0029924 
0.00239906 
0.00184746 
0.00133461 
0.000859349 
0.000419789 
1.64285e-05 
-0.000350932 
-0.000679891 
-0.000966962 
-0.00120232 
-0.0013798 
-0.00148818 
-0.00151714 
-0.00145106 
-0.00127071 
-0.000953337 
-0.00046845 
0.000218399 
0.00115147 
0.00237044 
0.00391945 
0.00582838 
0.00810367 
0.0107156 
0.0135918 
0.0166241 
0.0196819 
0.0226146 
0.0252749 
0.0274712 
0.0290499 
0.0297223 
0.0294785 
0.0283561 
0.0265122 
0.0241077 
0.021261 
0.0180542 
0.0145099 
0.0106774 
0.00654902 
0.00224223 
-0.00224223 
-0.00187102 
0.00187102 
0.0050536 
0.00788015 
0.0108824 
0.0136267 
0.0160119 
0.0177514 
0.0188627 
0.019283 
0.0190334 
0.0181586 
0.0168157 
0.0152177 
0.0135626 
0.0119793 
0.0105245 
0.00920745 
0.00801682 
0.00693611 
0.00595003 
0.00504552 
0.00421223 
0.00344135 
0.00272617 
0.0020606 
0.00144054 
0.000861942 
0.000323041 
-0.000178111 
-0.000641464 
-0.00106409 
-0.00143819 
-0.00176074 
-0.00202315 
-0.00221622 
-0.00232612 
-0.00233503 
-0.00222055 
-0.00195285 
-0.00149664 
-0.000810262 
0.0001496 
0.00142952 
0.00305386 
0.00502561 
0.00730879 
0.00982922 
0.0124893 
0.0151812 
0.0177857 
0.0201995 
0.0222491 
0.023829 
0.0245117 
0.0242947 
0.023229 
0.0215337 
0.0194025 
0.0169627 
0.0142934 
0.0114114 
0.00835302 
0.0051013 
0.00174022 
-0.00174022 
-0.0024492 
0.0024492 
0.0067554 
0.0106186 
0.0144953 
0.0180102 
0.0209862 
0.0231914 
0.0246296 
0.0251705 
0.024778 
0.0235123 
0.0216163 
0.0194112 
0.0171775 
0.0150858 
0.0132007 
0.0115227 
0.0100269 
0.00868455 
0.00747029 
0.00636352 
0.00534797 
0.00441034 
0.00354023 
0.0027287 
0.00196904 
0.00125514 
0.000583104 
-5.09119e-05 
-0.000648941 
-0.0012086 
-0.00172584 
-0.00220047 
-0.00262592 
-0.002995 
-0.00329624 
-0.00351401 
-0.00362765 
-0.00360941 
-0.00342535 
-0.00303506 
-0.00239592 
-0.00147107 
-0.000241133 
0.00128976 
0.00307733 
0.00505338 
0.00713916 
0.00925714 
0.0113323 
0.013317 
0.0150782 
0.0166108 
0.0173874 
0.0172669 
0.0163848 
0.0150484 
0.0134384 
0.0116523 
0.00974744 
0.00773012 
0.00562751 
0.00342 
0.00116277 
-0.00116277 
-0.00300972 
0.00300972 
0.00841874 
0.0132844 
0.0179563 
0.0221427 
0.0256464 
0.0282636 
0.0299589 
0.0305169 
0.0298866 
0.0281818 
0.0257489 
0.0230065 
0.0202903 
0.0177868 
0.0155544 
0.0135811 
0.0118304 
0.0102646 
0.00885155 
0.00756534 
0.00638549 
0.00529542 
0.00428186 
0.00333359 
0.00244172 
0.00159826 
0.000797503 
3.34408e-05 
-0.000697325 
-0.00139387 
-0.00205674 
-0.00268745 
-0.00328211 
-0.00383625 
-0.00434155 
-0.00478579 
-0.00515179 
-0.00541579 
-0.00554761 
-0.00551106 
-0.00526858 
-0.00478976 
-0.00406418 
-0.00311133 
-0.00197702 
-0.000720969 
0.000597772 
0.00194112 
0.00328717 
0.00462816 
0.0059014 
0.00709662 
0.00784846 
0.00801318 
0.00764479 
0.0070119 
0.00623834 
0.00537918 
0.0044718 
0.00351909 
0.00254624 
0.00154016 
0.000525108 
-0.000525108 
-0.00355075 
0.00355075 
0.0100395 
0.0158759 
0.0212831 
0.0260555 
0.030006 
0.0329368 
0.0347493 
0.0351584 
0.0341602 
0.0319704 
0.0290474 
0.0258774 
0.0228099 
0.0200167 
0.0175372 
0.0153458 
0.013399 
0.0116543 
0.0100767 
0.00863766 
0.00731456 
0.00608886 
0.0049455 
0.00387163 
0.00285671 
0.00189115 
0.000967769 
7.82563e-05 
-0.000781292 
-0.001613 
-0.0024214 
-0.00320927 
-0.00397634 
-0.00472125 
-0.00543971 
-0.00612402 
-0.00676229 
-0.00733696 
-0.0078248 
-0.0081976 
-0.00842655 
-0.00849079 
-0.00838808 
-0.00814161 
-0.00779481 
-0.00739443 
-0.00697226 
-0.00652993 
-0.00605137 
-0.00552649 
-0.00496606 
-0.00442077 
-0.0038781 
-0.00318785 
-0.00266047 
-0.00225513 
-0.00192361 
-0.00163835 
-0.00136507 
-0.00109331 
-0.000796545 
-0.0004736 
-0.000147156 
0.000147156 
-0.00406486 
0.00406486 
0.0115942 
0.0183586 
0.0244471 
0.0297194 
0.0340018 
0.0370867 
0.0388043 
0.0388629 
0.0373792 
0.0347099 
0.0314044 
0.0279637 
0.024703 
0.0217544 
0.0191325 
0.016803 
0.0147203 
0.0128431 
0.0111368 
0.00957318 
0.00812937 
0.00678636 
0.00552826 
0.00434136 
0.003214 
0.00213544 
0.00109709 
8.88084e-05 
-0.000893775 
-0.00185667 
-0.00280741 
-0.00375047 
-0.00468952 
-0.00562676 
-0.00656269 
-0.00749521 
-0.00841914 
-0.00932507 
-0.0101993 
-0.0110245 
-0.0117835 
-0.012466 
-0.0130762 
-0.0136349 
-0.0141709 
-0.0147043 
-0.015233 
-0.0157294 
-0.0161539 
-0.0164703 
-0.0166418 
-0.016628 
-0.0161049 
-0.0149973 
-0.013586 
-0.012088 
-0.0105727 
-0.00905261 
-0.00750675 
-0.00591932 
-0.00426996 
-0.00254652 
-0.000830409 
0.000830409 
-0.00453579 
0.00453579 
0.0130289 
0.0206439 
0.0273345 
0.0329904 
0.0374364 
0.040449 
0.0418193 
0.0413531 
0.0393524 
0.03631 
0.0328055 
0.0292873 
0.0259987 
0.0230226 
0.0203549 
0.0179601 
0.0157977 
0.0138316 
0.0120311 
0.0103705 
0.00882853 
0.00738684 
0.00602968 
0.00474318 
0.00351501 
0.0023338 
0.00118953 
7.1065e-05 
-0.00102721 
-0.00211483 
-0.00320174 
-0.00429471 
-0.00540123 
-0.00652754 
-0.00767934 
-0.00886086 
-0.0100747 
-0.011321 
-0.0125973 
-0.0138989 
-0.015221 
-0.0165623 
-0.0179281 
-0.0193277 
-0.0207661 
-0.0222307 
-0.0236848 
-0.025069 
-0.0263107 
-0.0273261 
-0.0280063 
-0.0282139 
-0.027634 
-0.0262427 
-0.0241992 
-0.0217867 
-0.0191855 
-0.01647 
-0.013656 
-0.0107407 
-0.00772294 
-0.00459829 
-0.00150261 
0.00150261 
-0.0049367 
0.0049367 
0.0142547 
0.0225792 
0.0297297 
0.0355879 
0.039964 
0.0426361 
0.0434452 
0.0424085 
0.0400151 
0.0368235 
0.0333552 
0.0299536 
0.02678 
0.0238797 
0.021243 
0.0188423 
0.0166472 
0.0146298 
0.0127657 
0.0110336 
0.00941459 
0.00789223 
0.00645163 
0.0050793 
0.00376265 
0.00249011 
0.00125032 
3.19126e-05 
-0.00117291 
-0.00237634 
-0.00359028 
-0.00482432 
-0.00608954 
-0.00739637 
-0.00875586 
-0.0101788 
-0.0116759 
-0.0132575 
-0.014933 
-0.0167107 
-0.0185976 
-0.0205986 
-0.0227146 
-0.0249365 
-0.0272378 
-0.0295688 
-0.031856 
-0.0340071 
-0.0359134 
-0.0374441 
-0.03844 
-0.0387311 
-0.0380546 
-0.036424 
-0.033929 
-0.0308158 
-0.0273008 
-0.0235117 
-0.019511 
-0.0153285 
-0.0109951 
-0.0065383 
-0.0021365 
0.0021365 
-0.00523032 
0.00523032 
0.0151492 
0.0239511 
0.0313253 
0.0371248 
0.0411587 
0.043272 
0.043476 
0.0420369 
0.0395338 
0.0364781 
0.0332656 
0.0301268 
0.0271633 
0.0244055 
0.0218513 
0.0194866 
0.0172938 
0.0152548 
0.0133524 
0.0115703 
0.0098932 
0.00830684 
0.00679774 
0.00535321 
0.00396078 
0.00260883 
0.0012851 
-2.17348e-05 
-0.00132207 
-0.00262997 
-0.00395908 
-0.00532185 
-0.00673265 
-0.00820602 
-0.00975808 
-0.0114059 
-0.0131681 
-0.0150646 
-0.0171164 
-0.0193438 
-0.021764 
-0.0243855 
-0.027201 
-0.0301788 
-0.033258 
-0.0363492 
-0.0393425 
-0.0421131 
-0.0445225 
-0.0464096 
-0.0475954 
-0.04791 
-0.0471379 
-0.0453048 
-0.0424667 
-0.038818 
-0.0345618 
-0.0298541 
-0.024799 
-0.0194689 
-0.0139376 
-0.00828078 
-0.00270559 
0.00270559 
-0.00536757 
0.00536757 
0.0155585 
0.0245015 
0.0317761 
0.0372279 
0.0407266 
0.0422724 
0.0420876 
0.0405945 
0.0383095 
0.0356201 
0.0327946 
0.0299864 
0.027272 
0.0246856 
0.0222398 
0.0199353 
0.0177674 
0.0157276 
0.013806 
0.0119913 
0.0102721 
0.00863659 
0.00707292 
0.00556938 
0.00411394 
0.00269499 
0.00129984 
-8.28569e-05 
-0.00146589 
-0.00286473 
-0.00429455 
-0.00577042 
-0.00730961 
-0.00893039 
-0.0106533 
-0.0125011 
-0.0144991 
-0.0166756 
-0.0190615 
-0.0216874 
-0.0245789 
-0.0277471 
-0.0311755 
-0.0348103 
-0.0385565 
-0.0422861 
-0.0458526 
-0.0491026 
-0.0518766 
-0.0540011 
-0.0552975 
-0.0556046 
-0.0547463 
-0.0527429 
-0.0496313 
-0.0455626 
-0.0407136 
-0.0352483 
-0.029302 
-0.0229905 
-0.016434 
-0.00975968 
-0.00318993 
0.00318993 
-0.00528822 
0.00528822 
0.0153228 
0.0240127 
0.0308817 
0.0358291 
0.0388443 
0.0400897 
0.0398964 
0.038684 
0.0368255 
0.0345927 
0.032174 
0.0296905 
0.0272172 
0.0248004 
0.0224668 
0.020231 
0.0180989 
0.0160706 
0.0141425 
0.0123084 
0.01056 
0.00888818 
0.00728262 
0.00573269 
0.00422686 
0.00275363 
0.00130022 
-0.000144834 
-0.00159631 
-0.00307068 
-0.00458441 
-0.00615485 
-0.00780165 
-0.00954617 
-0.0114126 
-0.013428 
-0.0156231 
-0.0180324 
-0.0206942 
-0.023647 
-0.0269233 
-0.0305364 
-0.0344643 
-0.0386353 
-0.0429259 
-0.0471727 
-0.0511936 
-0.0548064 
-0.0578355 
-0.0601069 
-0.0614545 
-0.0617321 
-0.0607953 
-0.0586475 
-0.0553141 
-0.0509138 
-0.0456005 
-0.0395378 
-0.0328833 
-0.0257897 
-0.0184189 
-0.0109405 
-0.00357986 
0.00357986 
-0.00496444 
0.00496444 
0.0144274 
0.0225746 
