0 
-0.0014087 
-0.00144116 
0.000601423 
0.00387029 
0.00777201 
0.0120471 
0.0164941 
0.0210074 
0.0255264 
0.0300249 
0.0344958 
0.0389417 
0.0433677 
0.0477773 
0.0521692 
0.0565358 
0.0608627 
0.0651284 
0.069305 
0.0733586 
0.0772502 
0.080937 
0.0843738 
0.0875135 
0.0903093 
0.0927155 
0.094689 
0.0961914 
0.0971897 
0.0976615 
0.0975887 
0.0969574 
0.0957603 
0.0939979 
0.0916791 
0.0888225 
0.085457 
0.0816236 
0.0773761 
0.0727815 
0.06792 
0.0628827 
0.0577696 
0.0526852 
0.0477326 
0.0430037 
0.0385635 
0.0344306 
0.0305682 
0.0269057 
0.0233892 
0.0200219 
0.0168566 
0.0139527 
0.011345 
0.00904349 
0.00704437 
0.00533941 
0.00391724 
0.00276206 
0.00185075 
0.00115202 
0.000619188 
0.000192576 
0 
0.0014087 
-0.0014087 
-0.00144116 
0.000601423 
0.00387029 
0.00777201 
0.0120471 
0.0164941 
0.0210074 
0.0255264 
0.0300249 
0.0344958 
0.0389417 
0.0433677 
0.0477773 
0.0521692 
0.0565358 
0.0608627 
0.0651284 
0.069305 
0.0733586 
0.0772502 
0.080937 
0.0843738 
0.0875135 
0.0903093 
0.0927155 
0.094689 
0.0961914 
0.0971897 
0.0976615 
0.0975887 
0.0969574 
0.0957603 
0.0939979 
0.0916791 
0.0888225 
0.085457 
0.0816236 
0.0773761 
0.0727815 
0.06792 
0.0628827 
0.0577696 
0.0526852 
0.0477326 
0.0430037 
0.0385635 
0.0344306 
0.0305682 
0.0269057 
0.0233892 
0.0200219 
0.0168566 
0.0139527 
0.011345 
0.00904349 
0.00704437 
0.00533941 
0.00391724 
0.00276206 
0.00185075 
0.00115202 
0.000619188 
0.000192576 
-0.000192576 
-3.89791e-05 
3.89791e-05 
0.00213676 
0.00464478 
0.00782957 
0.0114671 
0.0153847 
0.0194391 
0.0235462 
0.0276607 
0.0317657 
0.0358607 
0.0399529 
0.0440505 
0.048159 
0.0522784 
0.0564018 
0.060515 
0.0645964 
0.0686174 
0.0725436 
0.0763351 
0.0799486 
0.0833379 
0.0864553 
0.0892537 
0.091687 
0.0937117 
0.0952886 
0.09638 
0.0969479 
0.0969752 
0.0964452 
0.095349 
0.0936861 
0.0914641 
0.0886994 
0.0854192 
0.0816622 
0.0774803 
0.0729387 
0.0681159 
0.0631018 
0.0579949 
0.0528973 
0.0479083 
0.043115 
0.03858 
0.0343268 
0.0303362 
0.0265645 
0.0229819 
0.0195984 
0.0164534 
0.0135851 
0.0110126 
0.00873936 
0.00676179 
0.00507467 
0.00366945 
0.00253594 
0.00165574 
0.000998496 
0.000519979 
0.00015784 
-0.00015784 
-0.0012445 
0.0012445 
0.0037947 
0.00657835 
0.00971306 
0.0131092 
0.0166512 
0.0202556 
0.0238749 
0.0274928 
0.0311126 
0.0347474 
0.038413 
0.0421227 
0.0458842 
0.0496977 
0.0535554 
0.0574412 
0.0613313 
0.0651946 
0.0689938 
0.0726868 
0.0762275 
0.0795678 
0.0826583 
0.0854504 
0.0878973 
0.0899559 
0.0915876 
0.0927621 
0.0934414 
0.0936099 
0.0932511 
0.0923542 
0.0909163 
0.0889404 
0.0864372 
0.083426 
0.0799371 
0.0760132 
0.0717111 
0.0671018 
0.0622693 
0.0573075 
0.052315 
0.0473883 
0.0426124 
0.0380499 
0.0337315 
0.0296545 
0.0258012 
0.0221669 
0.0187725 
0.0156494 
0.0128181 
0.0102842 
0.00804658 
0.00610357 
0.00445385 
0.00309537 
0.00202137 
0.00121541 
0.000655927 
0.000300001 
8.08206e-05 
-8.08206e-05 
-0.00118993 
0.00118993 
0.00400869 
0.00706344 
0.0101941 
0.0133735 
0.0165381 
0.0196754 
0.0227863 
0.0258917 
0.0290187 
0.0321954 
0.0354457 
0.0387857 
0.0422228 
0.0457552 
0.049372 
0.0530536 
0.0567725 
0.0604942 
0.0641784 
0.0677801 
0.0712508 
0.0745398 
0.0775961 
0.0803692 
0.0828111 
0.0848779 
0.0865311 
0.0877425 
0.0884814 
0.0887357 
0.0884942 
0.08775 
0.0865028 
0.0847562 
0.0825184 
0.0798034 
0.0766328 
0.0730382 
0.0690643 
0.0647697 
0.0602273 
0.0555216 
0.0507444 
0.0459868 
0.0413307 
0.0368383 
0.0325446 
0.0284606 
0.0245915 
0.0209573 
0.0175908 
0.014517 
0.011742 
0.00926104 
0.00707043 
0.00517059 
0.00356655 
0.00225925 
0.00125529 
0.000553089 
0.00013209 
-4.28113e-05 
-4.1404e-05 
4.1404e-05 
-0.00119822 
0.00119822 
0.00406289 
0.00707296 
0.00999051 
0.0128256 
0.0155491 
0.0181984 
0.0208089 
0.0234287 
0.0261012 
0.0288634 
0.0317415 
0.0347507 
0.0378955 
0.0411703 
0.0445605 
0.0480435 
0.0515893 
0.0551612 
0.0587172 
0.0622109 
0.0655925 
0.0688105 
0.0718122 
0.0745462 
0.0769631 
0.0790179 
0.0806714 
0.0818957 
0.082663 
0.0829638 
0.082793 
0.0821496 
0.081039 
0.0794695 
0.0774517 
0.0749985 
0.0721271 
0.0688611 
0.0652339 
0.0612913 
0.057093 
0.0527114 
0.0482275 
0.0437244 
0.0392773 
0.0349446 
0.0307618 
0.02675 
0.022935 
0.0193592 
0.0160641 
0.013067 
0.0103617 
0.00793694 
0.00579037 
0.00392742 
0.00235926 
0.0011069 
0.000187808 
-0.000377979 
-0.000613771 
-0.000541639 
-0.000222385 
0.000222385 
-0.00109027 
0.00109027 
0.00379967 
0.00661615 
0.00922315 
0.0116723 
0.0139568 
0.0161507 
0.0183115 
0.0205042 
0.0227802 
0.0251783 
0.027723 
0.0304259 
0.033288 
0.0363009 
0.0394487 
0.0427078 
0.0460483 
0.0494338 
0.052823 
0.0561699 
0.0594253 
0.0625379 
0.0654551 
0.0681245 
0.0704956 
0.0725219 
0.0741621 
0.0753876 
0.0761685 
0.0764973 
0.0763742 
0.0758037 
0.0747975 
0.0733698 
0.0715351 
0.0693086 
0.0667062 
0.0637472 
0.0604573 
0.056872 
0.0530389 
0.0490177 
0.0448776 
0.0406905 
0.0365219 
0.0324219 
0.0284232 
0.0245545 
0.0208607 
0.0174018 
0.0142216 
0.0113266 
0.00870067 
0.00633132 
0.00421926 
0.00238031 
0.000838981 
-0.00035084 
-0.00116961 
-0.00159651 
-0.00161587 
-0.00122744 
-0.000476365 
0.000476365 
-0.000976952 
0.000976952 
0.00342205 
0.00591471 
0.00813066 
0.0101664 
0.0120268 
0.013807 
0.0155714 
0.0173905 
0.0193144 
0.0213788 
0.0236035 
0.0259967 
0.0285575 
0.0312775 
0.0341419 
0.0371295 
0.0402127 
0.0433579 
0.0465261 
0.0496738 
0.0527538 
0.0557164 
0.05851 
0.0610822 
0.0633814 
0.0653596 
0.0669732 
0.0681921 
0.0689838 
0.0693415 
0.0692686 
0.0687735 
0.0678723 
0.066583 
0.0649237 
0.0629117 
0.0605638 
0.0578977 
0.054935 
0.0517044 
0.0482444 
0.044604 
0.0408405 
0.0370131 
0.0331745 
0.0293632 
0.0256065 
0.0219407 
0.0184279 
0.0151386 
0.0121098 
0.00933407 
0.00678921 
0.00446426 
0.00237036 
0.000534229 
-0.000974221 
-0.0021248 
-0.00286976 
-0.00316444 
-0.00293809 
-0.00214764 
-0.00082171 
0.00082171 
-0.000824022 
0.000824022 
0.00291923 
0.00502399 
0.00682662 
0.00846274 
0.00993652 
0.0113516 
0.0127676 
0.0142528 
0.0158502 
0.0175899 
0.0194876 
0.0215497 
0.0237759 
0.0261604 
0.0286922 
0.0313541 
0.034123 
0.0369697 
0.0398591 
0.0427515 
0.0456031 
0.0483673 
0.0509946 
0.0534338 
0.0556328 
0.0575424 
0.0591163 
0.0603227 
0.0611242 
0.061515 
0.0615016 
0.0610959 
0.0603163 
0.0591824 
0.0577129 
0.0559257 
0.0538375 
0.0514657 
0.0488303 
0.0459565 
0.0428768 
0.039632 
0.0362685 
0.0328322 
0.0293605 
0.0258782 
0.0224075 
0.0189941 
0.015714 
0.0126374 
0.00978508 
0.00713481 
0.0046624 
0.00236439 
0.000264748 
-0.00156973 
-0.00309008 
-0.00424604 
-0.00495681 
-0.00512492 
-0.00459553 
-0.00328884 
-0.0012448 
0.0012448 
-0.000661351 
0.000661351 
0.0023647 
0.0040469 
0.00543821 
0.00669748 
0.00782055 
0.00890897 
0.0100098 
0.0111833 
0.0124633 
0.0138743 
0.0154287 
0.0171334 
0.0189904 
0.0209981 
0.0231502 
0.0254354 
0.027836 
0.0303282 
0.0328823 
0.0354632 
0.0380318 
0.0405458 
0.0429592 
0.0452232 
0.0472866 
0.0490994 
0.0506144 
0.0517977 
0.0526086 
0.0530424 
0.053108 
0.0528184 
0.0521915 
0.0512445 
0.0499942 
0.0484567 
0.0466479 
0.0445849 
0.0422877 
0.0397802 
0.037092 
0.0342576 
0.0313134 
0.0282913 
0.025212 
0.0220864 
0.0189357 
0.0158165 
0.0128123 
0.00997936 
0.00731478 
0.00478474 
0.00236887 
7.4636e-05 
-0.00203918 
-0.00392118 
-0.00551238 
-0.00672389 
-0.00741899 
-0.00740897 
-0.0064508 
-0.00450211 
-0.00167413 
0.00167413 
-0.000489303 
0.000489303 
0.00178141 
0.0030359 
0.00403898 
0.00495077 
0.00575719 
0.00654903 
0.00735751 
0.00823238 
0.00919756 
0.0102731 
0.0114699 
0.012796 
0.0142568 
0.0158551 
0.01759 
0.0194562 
0.0214424 
0.0235312 
0.0256989 
0.0279164 
0.0301499 
0.0323624 
0.034513 
0.0365569 
0.038445 
0.0401284 
0.0415604 
0.0427061 
0.0435233 
0.0440103 
0.0441778 
0.044037 
0.0435998 
0.0428775 
0.0418815 
0.0406244 
0.0391207 
0.0373879 
0.0354465 
0.0333211 
0.0310398 
0.0286318 
0.0261236 
0.0235322 
0.0208612 
0.0181113 
0.015308 
0.0125195 
0.00982395 
0.0072502 
0.00477047 
0.00234589 
-3.60151e-05 
-0.00234075 
-0.00451338 
-0.00649932 
-0.00820828 
-0.00947992 
-0.010085 
-0.00971222 
-0.0081625 
-0.00553097 
-0.00201393 
0.00201393 
-0.000318172 
0.000318172 
0.0012016 
0.00203986 
0.00268471 
0.00327595 
0.00379397 
0.00431149 
0.00484431 
0.00542982 
0.00608345 
0.00682155 
0.00765427 
0.00859116 
0.00964059 
0.0108094 
0.0121019 
0.0135189 
0.0150559 
0.0167025 
0.0184421 
0.020252 
0.0221045 
0.023968 
0.025808 
0.0275857 
0.0292562 
0.0307722 
0.0320905 
0.0331765 
0.0339984 
0.034558 
0.0348604 
0.034906 
0.0346959 
0.0342326 
0.0335215 
0.0325718 
0.0313972 
0.0300157 
0.0284497 
0.0267247 
0.0248675 
0.0229019 
0.0208431 
0.0186921 
0.0164376 
0.0140771 
0.0116465 
0.00921913 
0.00685135 
0.00453628 
0.00222685 
-0.000114149 
-0.00248048 
-0.00482657 
-0.00710151 
-0.00922354 
-0.0110321 
-0.0122499 
-0.0125486 
-0.011587 
-0.00940328 
-0.0062078 
-0.00222215 
0.00222215 
-0.000150531 
0.000150531 
0.0006408 
0.00108621 
0.00140465 
0.00170023 
0.00195422 
0.00221593 
0.00248847 
0.00279578 
0.00314651 
0.00355354 
0.00402657 
0.00457604 
0.0052126 
0.00594625 
0.00678611 
0.00773841 
0.0088057 
0.00998509 
0.0112677 
0.0126381 
0.014075 
0.0155529 
0.0170435 
0.0185158 
0.0199324 
0.0212505 
0.0224307 
0.0234421 
0.0242788 
0.024934 
0.0253965 
0.0256511 
0.0256873 
0.0254996 
0.0250887 
0.0244617 
0.023632 
0.0226186 
0.0214455 
0.0201386 
0.0187218 
0.0172115 
0.0156096 
0.0139012 
0.0120662 
0.0101081 
0.00807441 
0.0060291 
0.00399133 
0.00191942 
-0.000243882 
-0.00252402 
-0.00489342 
-0.00730831 
-0.00970059 
-0.0119216 
-0.0136927 
-0.0146248 
-0.0143789 
-0.0127685 
-0.0100881 
-0.00654065 
-0.0023161 
0.0023161 
1.1321e-05 
-1.1321e-05 
0.000110394 
0.000193203 
0.000214512 
0.000237571 
0.000248712 
0.00027177 
0.000300581 
0.000345002 
0.000408547 
0.000500192 
0.000629069 
0.000805638 
0.00104185 
0.00134994 
0.00174267 
0.00223133 
0.00282498 
0.00352835 
0.00434081 
0.0052551 
0.00625746 
0.007329 
0.00844683 
0.00958831 
0.0107283 
0.0118382 
0.012883 
0.013832 
0.0146981 
0.0154518 
0.0160694 
0.0165241 
0.0167981 
0.0168801 
0.0167674 
0.0164655 
0.0159875 
0.0153532 
0.0145866 
0.0137118 
0.0127473 
0.0116983 
0.0105521 
0.00928194 
0.00786824 
0.00632755 
0.00471085 
0.00305273 
0.00132875 
-0.00052968 
-0.0025747 
-0.00480598 
-0.00719058 
-0.00967621 
-0.0121413 
-0.0143292 
-0.0158423 
-0.0162754 
-0.0153985 
-0.0132991 
-0.0103153 
-0.00661259 
-0.00232604 
0.00232604 
0.000172714 
-0.000172714 
-0.000390062 
-0.000630562 
-0.000879106 
-0.00110526 
-0.00131784 
-0.0015165 
-0.00171362 
-0.00191272 
-0.00211432 
-0.00231392 
-0.00250352 
-0.00267358 
-0.00281187 
-0.00290492 
-0.00293739 
-0.0028938 
-0.00275935 
-0.00252202 
-0.00217414 
-0.00171411 
-0.00114723 
-0.000485143 
0.000255239 
0.0010591 
0.00191255 
0.00280893 
0.00373127 
0.00464267 
0.00554063 
0.00637296 
0.00711804 
0.00774357 
0.0082294 
0.00856075 
0.0087327 
0.00874959 
0.00862397 
0.00837479 
0.00802374 
0.00758949 
0.00708059 
0.00648877 
0.0057882 
0.00494863 
0.00396081 
0.00285318 
0.00166102 
0.000374571 
-0.00107356 
-0.00275258 
-0.00469204 
-0.00687721 
-0.00927061 
-0.0117867 
-0.014216 
-0.0161906 
-0.0172638 
-0.0171265 
-0.0157284 
-0.0133369 
-0.0102079 
-0.00649322 
-0.00227353 
0.00227353 
0.000332425 
-0.000332425 
-0.000857905 
-0.00138329 
-0.0018778 
-0.00233084 
-0.00274936 
-0.00315094 
-0.00355347 
-0.00397177 
-0.00441057 
-0.00487007 
-0.00534425 
-0.00582528 
-0.0063016 
-0.00675948 
-0.00718201 
-0.00755048 
-0.00784509 
-0.00804706 
-0.00814047 
-0.00811441 
-0.00796451 
-0.00769326 
-0.00730921 
-0.00682071 
-0.00623587 
-0.00555631 
-0.00477938 
-0.00393763 
-0.00303781 
-0.0021541 
-0.00130802 
-0.000536811 
0.000138658 
0.000701689 
0.00114581 
0.00147473 
0.00170007 
0.00183826 
0.00190528 
0.00191007 
0.00184795 
0.00169733 
0.00142632 
0.00101184 
0.00045832 
-0.000210848 
-0.000997176 
-0.00195617 
-0.00316905 
-0.00468802 
-0.00652195 
-0.00864937 
-0.011017 
-0.0134806 
-0.0157358 
-0.0173502 
-0.0179189 
-0.017285 
-0.0155448 
-0.0130119 
-0.00985219 
-0.0062284 
-0.00217264 
0.00217264 
0.000482446 
-0.000482446 
-0.00128777 
-0.00207003 
-0.00278995 
-0.00345009 
-0.00405634 
-0.00463944 
-0.00522255 
-0.00583026 
-0.0064721 
-0.0071531 
-0.00786996 
-0.0086172 
-0.00938485 
-0.0101601 
-0.0109257 
-0.0116612 
-0.012343 
-0.0129466 
-0.0134482 
-0.0138273 
-0.0140688 
-0.014164 
-0.0141105 
-0.0139098 
-0.013566 
-0.0130834 
-0.0124605 
-0.0117266 
-0.0108768 
-0.00998284 
-0.0090728 
-0.00818529 
-0.00734307 
-0.00656431 
-0.0058566 
-0.00521929 
-0.00464464 
-0.00412207 
-0.00364488 
-0.00321653 
-0.00285435 
-0.00258703 
-0.00244256 
-0.0024323 
-0.00254984 
-0.00279906 
-0.00322525 
-0.00390683 
-0.00491405 
-0.00627714 
-0.00799251 
-0.0100317 
-0.0123106 
-0.0146174 
-0.0165804 
-0.0177706 
-0.0178838 
-0.0169006 
-0.0149804 
-0.012409 
-0.00930264 
-0.00584797 
-0.00203248 
0.00203248 
0.000621004 
-0.000621004 
-0.00168061 
-0.0026968 
-0.00362377 
-0.00447309 
-0.00524913 
-0.0059919 
-0.00672919 
-0.00749408 
-0.00830134 
-0.00916104 
-0.010073 
-0.0110344 
-0.0120377 
-0.0130718 
-0.0141206 
-0.0151636 
-0.0161755 
-0.0171276 
-0.0179899 
-0.0187335 
-0.0193331 
-0.019769 
-0.0200284 
-0.0201042 
-0.0199949 
-0.0197031 
-0.0192306 
-0.0186068 
-0.0178263 
-0.0169483 
-0.0160025 
-0.0150248 
-0.0140387 
-0.0130636 
-0.012109 
-0.011178 
-0.0102696 
-0.00938246 
-0.00852096 
-0.00769975 
-0.00694336 
-0.00627973 
-0.00572942 
-0.00530135 
-0.00500668 
-0.00488506 
-0.00500887 
-0.00545423 
-0.00626954 
-0.00746753 
-0.00903748 
-0.0109385 
-0.0130484 
-0.0151013 
-0.016706 
-0.017491 
-0.0172628 
-0.016089 
-0.0141123 
-0.0115748 
-0.00858979 
-0.0053694 
-0.00185843 
0.00185843 
0.000747877 
-0.000747877 
-0.00203865 
-0.00326892 
-0.00438652 
-0.00540926 
-0.00633866 
-0.0072206 
-0.00808636 
-0.00897631 
-0.00991078 
-0.0109049 
-0.0119621 
-0.0130824 
-0.0142607 
-0.0154886 
-0.0167521 
-0.0180324 
-0.0193044 
-0.0205382 
-0.0216999 
-0.0227543 
-0.0236677 
-0.0244102 
-0.0249585 
-0.0252963 
-0.0254154 
-0.0253146 
-0.0249961 
-0.0244863 
-0.0237818 
-0.0229319 
-0.0219664 
-0.0209171 
-0.0198068 
-0.0186558 
-0.0174766 
-0.0162774 
-0.0150647 
-0.0138471 
-0.0126387 
-0.011461 
-0.0103402 
-0.00930133 
-0.00836431 
-0.00755019 
-0.00689709 
-0.0064702 
-0.0063457 
-0.00658169 
-0.00720513 
-0.00821738 
-0.00960182 
-0.0113012 
-0.0131605 
-0.0148902 
-0.016126 
-0.0165787 
-0.0161422 
-0.0149057 
-0.0129665 
-0.0105233 
-0.00772377 
-0.00479933 
-0.00165257 
0.00165257 
0.000863679 
-0.000863679 
-0.00236442 
-0.00379079 
-0.00508419 
-0.00626666 
-0.00733532 
-0.00833879 
-0.00931016 
-0.0102957 
-0.0113213 
-0.0124074 
-0.013561 
-0.0147852 
-0.0160774 
-0.0174316 
-0.0188371 
-0.0202776 
-0.0217305 
-0.023167 
-0.0245525 
-0.025849 
-0.0270169 
-0.0280187 
-0.0288216 
-0.0293995 
-0.0297359 
-0.0298225 
-0.0296588 
-0.0292665 
-0.0286433 
-0.0278305 
-0.0268584 
-0.025754 
-0.0245402 
-0.023238 
-0.0218633 
-0.0204297 
-0.0189512 
-0.0174442 
-0.0159296 
-0.0144323 
-0.0129794 
-0.011598 
-0.0103175 
-0.00917845 
-0.00824005 
-0.00757393 
-0.00724265 
-0.00728219 
-0.00770319 
-0.00849979 
-0.0096489 
-0.0110781 
-0.0126164 
-0.0139855 
-0.0148802 
-0.0150938 
-0.0145702 
-0.0133694 
-0.0115282 
-0.00924373 
-0.00669933 
-0.00413601 
-0.00141458 
0.00141458 
0.000968977 
-0.000968977 
-0.00265977 
-0.00426534 
-0.00572086 
-0.00705132 
-0.00824793 
-0.00935916 
-0.0104178 
-0.0114743 
-0.0125595 
-0.0136994 
-0.014905 
-0.0161822 
-0.0175307 
-0.0189471 
-0.0204233 
-0.0219464 
-0.0234975 
-0.0250509 
-0.0265744 
-0.0280303 
-0.0293773 
-0.0305733 
-0.0315786 
-0.032359 
-0.0328886 
-0.0331507 
-0.0331382 
-0.0328652 
-0.0323288 
-0.0315627 
-0.0305974 
-0.0294566 
-0.028163 
-0.0267388 
-0.025203 
-0.0235746 
-0.0218731 
-0.0201209 
-0.0183437 
-0.0165701 
-0.0148315 
-0.0131633 
-0.0116094 
-0.0102256 
-0.00907758 
-0.00822704 
-0.00771599 
-0.00756121 
-0.00776227 
-0.00830775 
-0.00916801 
-0.0102622 
-0.0114249 
-0.0124178 
-0.0130111 
-0.0130672 
-0.012547 
-0.0114481 
-0.00975385 
-0.00770671 
-0.00550197 
-0.00337263 
-0.00114285 
0.00114285 
0.0010641 
-0.0010641 
-0.00292551 
-0.00469368 
-0.00629815 
-0.00776626 
-0.00908223 
-0.0102918 
-0.0114251 
-0.0125342 
-0.0136543 
-0.0148163 
-0.0160361 
-0.0173224 
-0.0186773 
-0.020099 
-0.0215818 
-0.0231161 
-0.0246866 
-0.026272 
-0.0278444 
-0.0293695 
-0.0308077 
-0.0321166 
-0.0332535 
-0.0341786 
-0.0348583 
-0.0352674 
-0.0353907 
-0.0352325 
-0.0347861 
-0.0340768 
-0.0331336 
-0.0319774 
-0.0306311 
-0.0291179 
-0.0274598 
-0.0256798 
-0.0238026 
-0.0218554 
-0.0198691 
-0.0178779 
-0.0159212 
-0.0140449 
-0.0123033 
-0.0107567 
-0.0094635 
-0.00846781 
-0.00779199 
-0.00743875 
-0.00739982 
-0.00765841 
-0.0081796 
-0.0088836 
-0.00962953 
-0.0102377 
-0.0105576 
-0.0105069 
-0.0100478 
-0.00909182 
-0.00759153 
-0.0058817 
-0.00411756 
-0.00250276 
-0.000836299 
0.000836299 
0.00114897 
-0.00114897 
-0.00316126 
-0.00507487 
-0.00681468 
-0.00841062 
-0.00983945 
-0.0111422 
-0.0123434 
-0.0134944 
-0.0146326 
-0.0157938 
-0.0169983 
-0.0182589 
-0.0195796 
-0.0209605 
-0.0223975 
-0.0238832 
-0.0254057 
-0.026948 
-0.028487 
-0.0299936 
-0.0314328 
-0.0327653 
-0.0339493 
-0.0349434 
-0.0357102 
-0.0362178 
-0.0364434 
-0.0363811 
-0.0360192 
-0.0353725 
-0.0344651 
-0.0333156 
-0.0319458 
-0.0303799 
-0.0286425 
-0.0267602 
-0.0247622 
-0.0226812 
-0.0205536 
-0.0184209 
-0.0163299 
-0.0143334 
-0.0124876 
-0.0108472 
-0.00945614 
-0.0083405 
-0.0075076 
-0.00695028 
-0.00665394 
-0.00659616 
-0.0067392 
-0.00701275 
-0.00731254 
-0.00752339 
-0.00757105 
-0.00742018 
-0.00703883 
-0.00624276 
-0.00500296 
-0.00375363 
-0.002543 
-0.00152643 
-0.000496222 
0.000496222 
0.00122313 
-0.00122313 
-0.00336544 
-0.00540589 
-0.007266 
-0.00897916 
-0.0105151 
-0.0119087 
-0.0131769 
-0.0143669 
-0.0155158 
-0.0166626 
-0.0178323 
-0.019042 
-0.0202989 
-0.0216048 
-0.0229569 
-0.0243495 
-0.0257728 
-0.0272134 
-0.0286526 
-0.0300668 
-0.0314268 
-0.0326984 
-0.0338443 
-0.0348256 
-0.0356045 
-0.0361467 
-0.0364244 
-0.0364232 
-0.0361259 
-0.0355367 
-0.0346721 
-0.033547 
-0.0321819 
-0.0306009 
-0.0288306 
-0.0269008 
-0.0248449 
-0.0227003 
-0.0205091 
-0.0183179 
-0.0161773 
-0.0141402 
-0.0122578 
-0.0105729 
-0.00911452 
-0.00789452 
-0.00690973 
-0.00614587 
-0.00558251 
-0.0051917 
-0.00493496 
-0.00475578 
-0.00458945 
-0.00438107 
-0.00412501 
-0.00383463 
-0.0035314 
-0.00286757 
-0.00200572 
-0.00134713 
-0.000799595 
-0.000457534 
-0.000128759 
0.000128759 
0.00128575 
-0.00128575 
-0.00353555 
-0.00568204 
-0.00764487 
-0.00946234 
-0.0110984 
-0.0125818 
-0.0139199 
-0.0151531 
-0.0163146 
-0.0174441 
-0.0185703 
-0.0197148 
-0.0208888 
-0.022097 
-0.0233383 
-0.024608 
-0.0258984 
-0.0271981 
-0.0284923 
-0.0297617 
-0.0309827 
-0.0321272 
-0.0331637 
-0.0340583 
-0.0347764 
-0.0352852 
-0.0355555 
-0.035568 
-0.0353024 
-0.0347534 
-0.0339285 
-0.0328386 
-0.0315015 
-0.0299404 
-0.0281828 
-0.0262606 
-0.02421 
-0.022072 
-0.0198911 
-0.0177156 
-0.0155949 
-0.0135767 
-0.0117027 
-0.0100037 
-0.00849651 
-0.00718298 
-0.00605305 
-0.00508708 
-0.00425959 
-0.00353794 
-0.00288621 
-0.0022634 
-0.00163615 
-0.000991001 
-0.000379481 
0.000159953 
0.000503242 
0.00101979 
0.00128348 
0.00125697 
0.00106028 
0.000671943 
0.000253736 
-0.000253736 
0.00133584 
-0.00133584 
-0.00366869 
-0.00589786 
-0.00794247 
-0.0098474 
-0.0115731 
-0.0131432 
-0.0145554 
-0.0158406 
-0.0170249 
-0.018145 
-0.0192308 
-0.0203075 
-0.0213909 
-0.0224896 
-0.0236053 
-0.0247354 
-0.0258737 
-0.0270108 
-0.0281343 
-0.0292287 
-0.0302749 
-0.0312504 
-0.0321295 
-0.0328843 
-0.0334856 
-0.0339045 
-0.0341138 
-0.0340926 
-0.0338203 
-0.0332847 
-0.0324866 
-0.0314327 
-0.0301376 
-0.0286227 
-0.0269148 
-0.0250461 
-0.0230538 
-0.0209787 
-0.0188651 
-0.0167585 
-0.0147033 
-0.0127395 
-0.0108989 
-0.00920216 
-0.00765744 
-0.00626037 
-0.00499642 
-0.00384214 
-0.00276873 
-0.00174177 
-0.00072735 
0.000307559 
0.00137339 
0.00244855 
0.00344158 
0.00426963 
0.00481087 
0.00500744 
0.0046333 
0.00390433 
0.00295001 
0.00181111 
0.000634958 
-0.000634958 
0.00137244 
-0.00137244 
-0.00376242 
-0.00604858 
-0.00815044 
-0.010121 
-0.0119198 
-0.0135682 
-0.0150552 
-0.0164017 
-0.0176238 
-0.0187514 
-0.0198117 
-0.0208311 
-0.0218288 
-0.0228179 
-0.0238042 
-0.0247883 
-0.0257667 
-0.0267323 
-0.027675 
-0.0285824 
-0.0294388 
-0.0302263 
-0.0309243 
-0.0315103 
-0.0319606 
-0.0322512 
-0.0323592 
-0.032265 
-0.0319505 
-0.0314013 
-0.0306129 
-0.0295889 
-0.0283406 
-0.0268866 
-0.0252518 
-0.0234667 
-0.0215663 
-0.0195893 
-0.0175761 
-0.0155671 
-0.0135998 
-0.0117059 
-0.00990906 
-0.0082225 
-0.00664871 
-0.00517954 
-0.00379781 
-0.00247801 
-0.00118998 
0.000101916 
0.00143443 
0.00283628 
0.00429436 
0.00574677 
0.007066 
0.00811087 
0.0087579 
0.00864576 
0.00776377 
0.00640104 
0.00474642 
0.00289372 
0.000995769 
-0.000995769 
0.0013949 
-0.0013949 
-0.00381577 
-0.00613211 
-0.00826403 
-0.0102732 
-0.0121214 
-0.0138306 
-0.0153848 
-0.0167959 
-0.0180695 
-0.0192257 
-0.0202845 
-0.0212695 
-0.0222006 
-0.0230937 
-0.0239591 
-0.0248016 
-0.0256216 
-0.0264156 
-0.0271767 
-0.0278954 
-0.0285597 
-0.0291554 
-0.029666 
-0.030074 
-0.0303605 
-0.0305066 
-0.0304936 
-0.0303048 
-0.029925 
-0.0293401 
-0.028544 
-0.0275386 
-0.0263325 
-0.0249415 
-0.0233873 
-0.0216971 
-0.019902 
-0.0180361 
-0.0161344 
-0.014231 
-0.0123561 
-0.0105347 
-0.00878363 
-0.00711119 
-0.00551629 
-0.00398864 
-0.00250976 
-0.00105367 
0.000410559 
0.00192215 
0.00351726 
0.00521505 
0.00698093 
0.00871579 
0.0102582 
0.0114154 
0.0120343 
0.0116984 
0.0104398 
0.00856902 
0.00632772 
0.00385467 
0.00131685 
-0.00131685 
0.00140336 
-0.00140336 
-0.00383067 
-0.00615155 
-0.0082859 
-0.0103033 
-0.0121699 
-0.0139118 
-0.0155122 
-0.0169783 
-0.0183068 
-0.0195074 
-0.0205905 
-0.0215723 
-0.0224687 
-0.0232952 
-0.0240639 
-0.0247836 
-0.025459 
-0.0260913 
-0.0266782 
-0.0272146 
-0.0276925 
-0.0281016 
-0.0284295 
-0.0286621 
-0.0287848 
-0.0287824 
-0.0286402 
-0.028345 
-0.0278849 
-0.0272503 
-0.0264339 
-0.0254367 
-0.024265 
-0.0229315 
-0.0214545 
-0.0198568 
-0.0181648 
-0.0164072 
-0.0146131 
-0.0128101 
-0.0110225 
-0.00926911 
-0.00756237 
-0.00590694 
-0.00429963 
-0.00272917 
-0.00117701 
0.000382477 
0.00198206 
0.00366037 
0.00544973 
0.00735803 
0.00933174 
0.0112413 
0.0128969 
0.0140685 
0.0145641 
0.014044 
0.0125325 
0.0103026 
0.00761704 
0.00464928 
0.00158419 
-0.00158419 
0.00139823 
-0.00139823 
-0.00381252 
-0.00611711 
-0.00822967 
-0.0102255 
-0.0120755 
-0.0138126 
-0.0154236 
-0.0169163 
-0.0182835 
-0.0195274 
-0.0206489 
-0.0216548 
-0.022553 
-0.0233535 
-0.0240661 
-0.0246997 
-0.0252614 
-0.0257564 
-0.0261875 
-0.026555 
-0.0268565 
-0.0270872 
-0.0272393 
-0.0273033 
-0.0272683 
-0.027123 
-0.026856 
-0.0264572 
-0.025917 
-0.0252282 
-0.0243834 
-0.023384 
-0.0222354 
-0.0209479 
-0.0195364 
-0.0180193 
-0.0164182 
-0.0147564 
-0.0130575 
-0.0113434 
-0.0096332 
-0.00794126 
-0.00627647 
-0.00464121 
-0.00303116 
-0.00143501 
0.000165081 
0.00179493 
0.00348616 
0.00527433 
0.00718547 
0.00921567 
0.011296 
0.013276 
0.0149464 
0.0160591 
0.016401 
0.0157249 
0.0140425 
0.0115793 
0.0085875 
0.00525837 
0.00179135 
-0.00179135 
0.00138395 
-0.00138395 
-0.00377259 
-0.00604779 
-0.00812228 
-0.0100728 
-0.0118739 
-0.0135653 
-0.0151406 
-0.0166134 
-0.0179785 
-0.0192368 
-0.0203843 
-0.0214199 
-0.022343 
-0.0231552 
-0.0238593 
-0.0244589 
-0.0249587 
-0.0253638 
-0.0256794 
-0.0259101 
-0.0260597 
-0.02613 
-0.0261203 
-0.0260268 
-0.0258433 
-0.0255618 
-0.0251736 
-0.0246706 
-0.0240457 
-0.0232953 
-0.0224159 
-0.0214072 
-0.0202733 
-0.0190219 
-0.0176642 
-0.0162147 
-0.0146902 
-0.0131096 
-0.0114916 
-0.00985369 
-0.00821081 
-0.00657387 
-0.00494935 
-0.00333823 
-0.00173587 
-0.000131518 
0.0014924 
0.00315944 
0.00489874 
0.00674067 
0.00870368 
0.0107725 
0.0128674 
0.0148271 
0.0164348 
0.0174411 
0.0176304 
0.016828 
0.0150337 
0.0124327 
0.00925249 
0.00568545 
0.00193888 
-0.00193888 
0.00137192 
-0.00137192 
-0.00372849 
-0.00597096 
-0.00800284 
-0.00989663 
-0.0116276 
-0.0132396 
-0.0147334 
-0.0161308 
-0.0174341 
-0.0186493 
-0.0197745 
-0.0208073 
-0.0217426 
-0.0225755 
-0.0233005 
-0.023913 
-0.0244099 
-0.0247898 
-0.0250536 
-0.025205 
-0.0252495 
-0.025194 
-0.025045 
-0.0248076 
-0.0244838 
-0.0240725 
-0.0235699 
-0.0229714 
-0.0222719 
-0.0214681 
-0.0205566 
-0.0195342 
-0.0184062 
-0.0171785 
-0.0158603 
-0.0144629 
-0.0129988 
-0.0114833 
-0.00993137 
-0.00835685 
-0.00677158 
-0.00518389 
-0.00359862 
-0.0020161 
-0.000431603 
0.00116522 
0.00278967 
0.0044626 
0.00620914 
0.00805325 
0.0100054 
0.012041 
0.0140737 
0.0159414 
0.0174296 
0.0183009 
0.0183492 
0.0174484 
0.0155888 
0.0129223 
0.00964812 
0.00594868 
0.00203216 
-0.00203216 
0.00136546 
-0.00136546 
-0.00370344 
-0.00591823 
-0.00791712 
-0.00975881 
-0.0114167 
-0.0129343 
-0.0143168 
-0.0155929 
-0.0167742 
-0.0178758 
-0.0189041 
-0.019863 
-0.0207508 
-0.0215626 
-0.0222904 
-0.0229237 
-0.0234513 
-0.0238623 
-0.0241477 
-0.0243017 
-0.0243233 
-0.024216 
-0.023988 
-0.0236503 
-0.0232142 
-0.0226889 
-0.0220792 
-0.0213855 
-0.0206053 
-0.0197358 
-0.0187779 
-0.017733 
-0.0166041 
-0.0153942 
-0.0141083 
-0.0127534 
-0.011338 
-0.00987565 
-0.00837871 
-0.00685796 
-0.00532332 
-0.00378107 
-0.00223534 
-0.000685952 
0.000871825 
0.0024462 
0.00404999 
0.00570078 
0.00741854 
0.00922043 
0.0111093 
0.0130536 
0.0149652 
0.0166882 
0.0180189 
0.0187391 
0.0186589 
0.0176833 
0.0157949 
0.0131167 
0.00982137 
0.00607426 
0.00207939 
-0.00207939 
0.0013665 
-0.0013665 
-0.00371398 
-0.00592135 
-0.00790721 
-0.00971733 
-0.0113192 
-0.0127519 
-0.014021 
-0.0151585 
-0.0161826 
-0.0171169 
-0.0179777 
-0.0187791 
-0.0195295 
-0.0202324 
-0.0208853 
-0.0214808 
-0.0220065 
-0.0224465 
-0.022783 
-0.0229985 
-0.023078 
-0.0230112 
-0.0227947 
-0.0224331 
-0.0219386 
-0.0213287 
-0.0206227 
-0.019837 
-0.0189823 
-0.0180619 
-0.0170762 
-0.0160207 
-0.0148917 
-0.013692 
-0.012426 
-0.0111013 
-0.00972138 
-0.00829818 
-0.00684346 
-0.00536615 
-0.00387464 
-0.00237399 
-0.000867275 
0.000646124 
0.00216922 
0.00370817 
0.00527342 
0.00687838 
0.00853756 
0.0102614 
0.0120461 
0.0138557 
0.0156043 
0.0171471 
0.0182971 
0.0188585 
0.0186611 
0.0176247 
0.0157365 
0.0130851 
0.00982177 
0.00609118 
0.00208994 
-0.00208994 
0.00138006 
-0.00138006 
-0.00376533 
-0.00600404 
-0.00800191 
-0.00981118 
-0.0113872 
-0.0127643 
-0.0139452 
-0.0149613 
-0.0158332 
-0.0165893 
-0.0172524 
-0.0178453 
-0.0183864 
-0.0188908 
-0.0193675 
-0.01982 
-0.0202449 
-0.0206319 
-0.020965 
-0.0212231 
-0.0213822 
-0.0214181 
-0.0213093 
-0.0210405 
-0.020606 
-0.0200121 
-0.0192774 
-0.018429 
-0.0174965 
-0.0165018 
-0.0154553 
-0.0143548 
-0.0132062 
-0.0120125 
-0.0107699 
-0.00947345 
-0.00811972 
-0.00672847 
-0.0053115 
-0.00387331 
-0.00242246 
-0.000961727 
0.000505958 
0.00197988 
0.00346114 
0.0049542 
0.00646632 
0.00800652 
0.00958389 
0.0112027 
0.0128537 
0.0144989 
0.0160577 
0.0173992 
0.0183568 
0.0187569 
0.0184509 
0.0173629 
0.0154917 
0.0128924 
0.00969697 
0.00602804 
0.00207316 
-0.00207316 
0.00140656 
-0.00140656 
-0.00385958 
-0.00616375 
-0.00821093 
-0.0100497 
-0.0116342 
-0.0129914 
-0.0141215 
-0.0150537 
-0.015809 
-0.016417 
-0.0169034 
-0.0172948 
-0.0176152 
-0.0178866 
-0.0181276 
-0.0183529 
-0.0185717 
-0.0187866 
-0.0189931 
-0.0191795 
-0.0193267 
-0.0194097 
-0.019399 
-0.0192633 
-0.0189727 
-0.0185044 
-0.0178483 
-0.0170132 
-0.0160301 
-0.0149491 
-0.0138275 
-0.012704 
-0.0115846 
-0.0104119 
-0.00917796 
-0.00790068 
-0.00656739 
-0.00519502 
-0.00380138 
-0.0023923 
-0.000973805 
0.000452456 
0.00188278 
0.00331565 
0.00475086 
0.0061907 
0.00763903 
0.0091006 
0.0105795 
0.0120747 
0.0135728 
0.0150359 
0.0163902 
0.0175208 
0.018282 
0.0185224 
0.0181136 
0.0169825 
0.0151323 
0.012598 
0.0094903 
0.00591112 
0.00203777 
-0.00203777 
0.00144539 
-0.00144539 
-0.00399445 
-0.00639097 
-0.0085241 
-0.0104195 
-0.0120424 
-0.0134094 
-0.0145214 
-0.015405 
-0.0160823 
-0.016584 
-0.016938 
-0.0171725 
-0.0173132 
-0.0173843 
-0.0174074 
-0.0174018 
-0.017384 
-0.017366 
-0.0173551 
-0.017353 
-0.0173546 
-0.0173483 
-0.0173154 
-0.0172303 
-0.017061 
-0.0167713 
-0.016324 
-0.0156874 
-0.0148446 
-0.0138038 
-0.0126064 
-0.0113234 
-0.010034 
-0.00879763 
-0.00759091 
-0.00634381 
-0.00499721 
-0.00362952 
-0.00226878 
-0.000891739 
0.00049102 
0.00188163 
0.00327299 
0.004663 
0.00604891 
0.00743018 
0.0088071 
0.0101804 
0.0115497 
0.0129097 
0.0142441 
0.0155166 
0.0166613 
0.0175789 
0.0181451 
0.0182291 
0.0177205 
0.01655 
0.0147184 
0.0122517 
0.00923883 
0.00576312 
0.00199138 
-0.00199138 
0.00149565 
-0.00149565 
-0.00416509 
-0.00667848 
-0.00892016 
-0.0109017 
-0.0125826 
-0.0139814 
-0.0150961 
-0.0159526 
-0.0165746 
-0.016996 
-0.0172483 
-0.017363 
-0.0173684 
-0.0172896 
-0.017149 
-0.0169659 
-0.016757 
-0.0165364 
-0.0163147 
-0.0160995 
-0.0158942 
-0.0156984 
-0.0155068 
-0.0153093 
-0.0150894 
-0.0148235 
-0.0144795 
-0.0140172 
-0.0133915 
-0.0125591 
-0.0114956 
-0.0102113 
-0.00879054 
-0.00735168 
-0.00608245 
-0.00480843 
-0.00347628 
-0.00211406 
-0.000756044 
0.000604922 
0.00196472 
0.00332534 
0.00468151 
0.00603001 
0.0073661 
0.00868634 
0.00998767 
0.0112672 
0.0125207 
0.0137395 
0.014906 
0.015986 
0.0169221 
0.0176302 
0.0180056 
0.0179369 
0.0173293 
0.0161181 
0.0142992 
0.0118927 
0.00897244 
0.00560261 
0.00194029 
-0.00194029 
0.00155594 
-0.00155594 
-0.00436693 
-0.00701787 
-0.00938769 
-0.0114768 
-0.0132346 
-0.0146818 
-0.0158116 
-0.0166516 
-0.0172265 
-0.0175743 
-0.0177324 
-0.017738 
-0.0176242 
-0.0174201 
-0.0171497 
-0.0168331 
-0.0164864 
-0.0161226 
-0.0157515 
-0.0153798 
-0.0150115 
-0.0146481 
-0.0142887 
-0.0139306 
-0.0135694 
-0.0131978 
-0.0128054 
-0.0123764 
-0.0118878 
-0.0113089 
-0.0106016 
-0.00972021 
-0.00861749 
-0.00725911 
-0.00566629 
-0.00392038 
-0.00219082 
-0.000611234 
0.000771209 
0.00213131 
0.0034717 
0.00480697 
0.0061313 
0.00743991 
0.008726 
0.00998337 
0.0112061 
0.0123881 
0.0135221 
0.0145972 
0.0155951 
0.0164847 
0.0172167 
0.017721 
0.0179108 
0.0176923 
0.0169847 
0.0157281 
0.0139136 
0.011552 
0.00871528 
0.0054446 
0.00188971 
-0.00188971 
0.00162467 
-0.00162467 
-0.00459552 
-0.00740236 
-0.00991903 
-0.0121333 
-0.0139894 
-0.0154961 
-0.0166525 
-0.017482 
-0.0180118 
-0.0182838 
-0.0183423 
-0.0182321 
-0.0179939 
-0.0176623 
-0.0172655 
-0.0168259 
-0.0163606 
-0.0158826 
-0.0154008 
-0.0149205 
-0.0144443 
-0.0139716 
-0.0135001 
-0.0130259 
-0.0125441 
-0.0120494 
-0.0115363 
-0.0109975 
-0.0104225 
-0.00979512 
-0.00909216 
-0.00827987 
-0.00731317 
-0.00613044 
-0.00467397 
-0.00302286 
-0.00126982 
0.000409153 
0.00198431 
0.00347465 
0.00489563 
0.00626834 
0.00759953 
0.008891 
0.0101397 
0.0113403 
0.0124865 
0.0135707 
0.0145843 
0.0155154 
0.0163461 
0.0170488 
0.0175823 
0.0178888 
0.0178978 
0.0175311 
0.0167203 
0.0154104 
0.0135894 
0.0112588 
0.00848519 
0.00530177 
0.00184383 
-0.00184383 
0.00169976 
-0.00169976 
-0.00484507 
-0.00782346 
-0.0105035 
-0.0128603 
-0.0148315 
-0.0164139 
-0.0176082 
-0.0184335 
-0.0189194 
-0.0191112 
-0.0190611 
-0.0188229 
-0.0184467 
-0.017975 
-0.0174418 
-0.0168731 
-0.0162879 
-0.0156996 
-0.015117 
-0.0145447 
-0.0139842 
-0.0134337 
-0.0128891 
-0.0123446 
-0.0117928 
-0.0112262 
-0.010637 
-0.0100173 
-0.00935861 
-0.00864943 
-0.00787466 
-0.00701538 
-0.00605561 
-0.00498745 
-0.00383013 
-0.00260977 
-0.00131656 
0.000199365 
0.0020403 
0.00387278 
0.00564001 
0.00728353 
0.00880606 
0.0102129 
0.011514 
0.0127154 
0.0138197 
0.014826 
0.01573 
0.0165231 
0.0171912 
0.0177118 
0.0180519 
0.0181656 
0.0179965 
0.0174808 
0.0165614 
0.0151887 
0.0133482 
0.0110342 
0.00830149 
0.00518442 
0.00180672 
-0.00180672 
0.00177848 
-0.00177848 
-0.00510802 
-0.00826987 
-0.0111272 
-0.013643 
-0.0157459 
-0.0174226 
-0.0186648 
-0.0194938 
-0.0199379 
-0.0200457 
-0.0198773 
-0.0194974 
-0.0189671 
-0.0183393 
-0.0176557 
-0.0169469 
-0.0162347 
-0.015533 
-0.0148503 
-0.0141906 
-0.0135539 
-0.0129374 
-0.0123355 
-0.0117409 
-0.011145 
-0.0105381 
-0.00991052 
-0.00925238 
-0.00855384 
-0.00780448 
-0.00699265 
-0.00610491 
-0.00512763 
-0.00404835 
-0.00286112 
-0.00159615 
-0.000293723 
0.00115893 
0.00277972 
0.00451575 
0.00629639 
0.00805342 
0.00973158 
0.0112927 
0.0127167 
0.0139941 
0.0151229 
0.0161034 
0.0169356 
0.017617 
0.0181404 
0.0184915 
0.0186474 
0.0185741 
0.0182293 
0.0175624 
0.0165274 
0.0150802 
0.0132065 
0.0108926 
0.00818793 
0.00510514 
0.00178267 
-0.00178267 
0.0018571 
-0.0018571 
-0.00537381 
-0.00872537 
-0.0117694 
-0.0144578 
-0.0167077 
-0.0184946 
-0.019799 
-0.0206412 
-0.0210483 
-0.0210703 
-0.0207754 
-0.0202401 
-0.019539 
-0.0187379 
-0.0178882 
-0.0170272 
-0.0161794 
-0.0153598 
-0.0145764 
-0.0138317 
-0.0131241 
-0.0124489 
-0.0117988 
-0.0111648 
-0.0105363 
-0.00990206 
-0.00925049 
-0.00856988 
-0.00784844 
-0.00707434 
-0.00623532 
-0.00531933 
-0.0043161 
-0.00321929 
-0.00202896 
-0.000756407 
0.000599007 
0.0020734 
0.00361401 
0.00521663 
0.00691032 
0.00865387 
0.0103945 
0.0120686 
0.0136248 
0.0150244 
0.0162433 
0.0172684 
0.0180945 
0.0187199 
0.0191429 
0.019358 
0.0193537 
0.0191093 
0.0185968 
0.0177798 
0.0166235 
0.0150909 
0.0131691 
0.01084 
0.00814436 
0.00508243 
0.00177334 
-0.00177334 
0.00193067 
-0.00193067 
-0.00562814 
-0.00916754 
-0.0124011 
-0.0152708 
-0.0176809 
-0.019593 
-0.0209763 
-0.0218423 
-0.0222197 
-0.0221574 
-0.0217307 
-0.0210286 
-0.0201411 
-0.0191494 
-0.0181178 
-0.0170919 
-0.0161003 
-0.015159 
-0.0142749 
-0.0134485 
-0.0126761 
-0.0119505 
-0.0112621 
-0.0105997 
-0.00995072 
-0.00930203 
-0.00864008 
-0.00795148 
-0.00722281 
-0.00644112 
-0.00559351 
-0.00466839 
-0.00365493 
-0.00254656 
-0.00133611 
-3.19455e-05 
0.00135814 
0.00285076 
0.00443593 
0.00609625 
0.00780446 
0.00952503 
0.0112309 
0.0128884 
0.0144586 
0.0158988 
0.0171706 
0.0182427 
0.0190933 
0.0197093 
0.0200838 
0.0202128 
0.0200913 
0.0197095 
0.0190526 
0.018098 
0.0168233 
0.0151998 
0.0132183 
0.0108582 
0.00815427 
0.00509438 
0.00178342 
-0.00178342 
0.00199281 
-0.00199281 
-0.00585219 
-0.00956627 
-0.0129824 
-0.0160344 
-0.0186125 
-0.0206623 
-0.02214 
-0.0230437 
-0.0234021 
-0.0232621 
-0.0227037 
-0.0218284 
-0.0207424 
-0.0195454 
-0.0183175 
-0.0171153 
-0.0159729 
-0.0149074 
-0.0139242 
-0.0130214 
-0.012192 
-0.0114257 
-0.0107102 
-0.0100314 
-0.0093742 
-0.00872318 
-0.00806258 
-0.00737693 
-0.00665064 
-0.00586886 
-0.00501697 
-0.00408235 
-0.00305353 
-0.00192326 
-0.000685835 
0.000658123 
0.00210086 
0.00364989 
0.00527959 
0.00697053 
0.00869695 
0.0104214 
0.0121161 
0.0137523 
0.0152965 
0.0167151 
0.0179746 
0.0190429 
0.0198916 
0.020498 
0.0208465 
0.0209268 
0.0207323 
0.020257 
0.0194938 
0.0184303 
0.017055 
0.015348 
0.0133055 
0.0109072 
0.00818358 
0.00511387 
0.00179415 
-0.00179415 
0.00203558 
-0.00203558 
-0.00602213 
-0.00988257 
-0.0134604 
-0.0166837 
-0.0194283 
-0.0216231 
-0.0232076 
-0.0241659 
-0.0245197 
-0.0243155 
-0.0236334 
-0.022587 
-0.021298 
-0.0198868 
-0.0184522 
-0.0170654 
-0.0157679 
-0.0145786 
-0.0135011 
-0.01253 
-0.0116543 
-0.0108601 
-0.0101313 
-0.00945077 
-0.00880046 
-0.00816237 
-0.0075183 
-0.00685052 
-0.00614113 
-0.00537314 
-0.00452989 
-0.00359718 
-0.00256181 
-0.00141434 
-0.000148972 
0.00124119 
0.00274288 
0.00435927 
0.00606849 
0.00784618 
0.00965613 
0.0114556 
0.0132008 
0.0148471 
0.0163595 
0.0177127 
0.018887 
0.0198641 
0.020626 
0.0211548 
0.0214341 
0.0214494 
0.0211894 
0.0206444 
0.019807 
0.0186679 
0.0172207 
0.0154517 
0.0133616 
0.0109323 
0.0081923 
0.00511661 
0.00179525 
-0.00179525 
0.00204959 
-0.00204959 
-0.00610926 
-0.0100687 
-0.0137688 
-0.0171365 
-0.020033 
-0.0223709 
-0.0240695 
-0.0250992 
-0.0254645 
-0.0252168 
-0.0244297 
-0.023227 
-0.0217432 
-0.0201196 
-0.0184762 
-0.0169026 
-0.0154506 
-0.0141423 
-0.0129793 
-0.0119518 
-0.0110443 
-0.0102379 
-0.00951249 
-0.00884719 
-0.00822079 
-0.00761234 
-0.00700091 
-0.00636626 
-0.00568782 
-0.00494604 
-0.00412189 
-0.00319895 
-0.00216186 
-0.00099859 
0.000297782 
0.0017374 
0.00330936 
0.00501251 
0.00682082 
0.00870369 
0.0106172 
0.012509 
0.0143241 
0.0160077 
0.0175179 
0.0188254 
0.0199121 
0.0207686 
0.0213895 
0.0217724 
0.0219141 
0.0218087 
0.0214478 
0.0208204 
0.0199157 
0.0187214 
0.0172294 
0.0154265 
0.0133144 
0.0108762 
0.00813974 
0.00507919 
0.00178017 
-0.00178017 
0.00202436 
-0.00202436 
-0.00608083 
-0.0100691 
-0.0138296 
-0.0172928 
-0.0203082 
-0.0227732 
-0.0245836 
-0.0256977 
-0.0260895 
-0.0258255 
-0.0249653 
-0.0236386 
-0.0219869 
-0.0201699 
-0.0183296 
-0.0165774 
-0.0149796 
-0.0135636 
-0.0123295 
-0.0112629 
-0.0103422 
-0.00954357 
-0.00884184 
-0.00821215 
-0.00762977 
-0.00707071 
-0.00651119 
-0.00592829 
-0.00529868 
-0.00460014 
-0.0038111 
-0.00291254 
-0.00188603 
-0.000716627 
0.000606845 
0.00209492 
0.003742 
0.00554297 
0.00747002 
0.00948498 
0.0115336 
0.0135525 
0.015475 
0.0172359 
0.0187789 
0.0200603 
0.0210641 
0.0217865 
0.0222333 
0.0224182 
0.0223575 
0.0220636 
0.021542 
0.020789 
0.0197947 
0.0185431 
0.0170206 
0.0152085 
0.0131046 
0.0106902 
0.00799071 
0.00498124 
0.00174298 
-0.00174298 
0.00194887 
-0.00194887 
-0.00590174 
-0.00982298 
-0.013555 
-0.0170388 
-0.0201152 
-0.0226704 
-0.024575 
-0.025777 
-0.0262069 
-0.0259581 
-0.0250709 
-0.0236736 
-0.0219062 
-0.0199396 
-0.0179355 
-0.0160293 
-0.0143062 
-0.012803 
-0.0115198 
-0.0104373 
-0.00952777 
-0.00876112 
-0.00810713 
-0.00753654 
-0.00702099 
-0.00653337 
-0.00604701 
-0.00553631 
-0.00497509 
-0.00433848 
-0.00360228 
-0.00274433 
-0.00174263 
-0.000578328 
0.000764415 
0.0022982 
0.00402171 
0.00592659 
0.0079801 
0.0101344 
0.0123243 
0.0144753 
0.0165097 
0.0183528 
0.0199385 
0.0212124 
0.0221499 
0.0227517 
0.0230282 
0.0230044 
0.0227146 
0.0221928 
0.021465 
0.0205441 
0.0194293 
0.0181061 
0.0165564 
0.0147542 
0.012689 
0.0103366 
0.00771708 
0.00480593 
0.0016786 
-0.0016786 
0.00181252 
-0.00181252 
-0.00553735 
-0.00926898 
-0.0128545 
-0.0162525 
-0.0193017 
-0.0218825 
-0.0238414 
-0.0251102 
-0.0255914 
-0.0253893 
-0.0245356 
-0.0231445 
-0.0213437 
-0.0193032 
-0.0171974 
-0.0151851 
-0.0133745 
-0.011817 
-0.010516 
-0.00944859 
-0.00858051 
-0.00787532 
-0.00729732 
-0.00681287 
-0.00639005 
-0.00599876 
-0.00560963 
-0.00519451 
-0.0047246 
-0.00417258 
-0.00351156 
-0.00271578 
-0.00175916 
-0.000618068 
0.000727641 
0.00229436 
0.00408231 
0.00607836 
0.00824206 
0.0105145 
0.0128203 
0.0150775 
0.0172032 
0.0191184 
0.020749 
0.022039 
0.0229296 
0.0234329 
0.0235578 
0.0233387 
0.0228262 
0.0220738 
0.021129 
0.0200246 
0.0187748 
0.017373 
0.0158012 
0.014028 
0.0120335 
0.00978581 
0.00729633 
0.00453941 
0.0015827 
-0.0015827 
0.00160632 
-0.00160632 
-0.00495734 
-0.00835172 
-0.0116431 
-0.0148161 
-0.0177144 
-0.020223 
-0.0221683 
-0.0234659 
-0.0239971 
-0.0238707 
-0.0231208 
-0.021834 
-0.0201128 
-0.0181099 
-0.0159998 
-0.0139592 
-0.0121215 
-0.0105588 
-0.00928316 
-0.00827051 
-0.00748103 
-0.00687204 
-0.00640244 
-0.00603446 
-0.00573293 
-0.00546518 
-0.00519948 
-0.00490549 
-0.00455222 
-0.00411032 
-0.00355019 
-0.00284223 
-0.001956 
-0.0008628 
0.000460776 
0.00203363 
0.003854 
0.00589972 
0.00811912 
0.010443 
0.0127912 
0.0150819 
0.0172361 
0.0191774 
0.0208291 
0.0221341 
0.023002 
0.0234429 
0.0234617 
0.0230957 
0.0224084 
0.0214697 
0.0203461 
0.0190887 
0.0177283 
0.0162699 
0.0147007 
0.0129878 
0.0111044 
0.00901078 
0.00670862 
0.00416954 
0.00145128 
-0.00145128 
0.00132407 
-0.00132407 
-0.00414016 
-0.00703037 
-0.00985529 
-0.0126329 
-0.0152205 
-0.0175238 
-0.0193588 
-0.0206254 
-0.0211855 
-0.0211574 
-0.0205862 
-0.0195172 
-0.0180143 
-0.0161939 
-0.0142136 
-0.0122567 
-0.0104799 
-0.00898085 
-0.00778731 
-0.0068789 
-0.00621236 
-0.00573967 
-0.00541493 
-0.00519682 
-0.00504757 
-0.00493264 
-0.0048186 
-0.00467352 
-0.00446497 
-0.00416215 
-0.00373298 
-0.00314417 
-0.00236104 
-0.00135089 
-8.83852e-05 
0.00144153 
0.003231 
0.00524255 
0.00741313 
0.00966924 
0.0119359 
0.0141438 
0.0162286 
0.018124 
0.019759 
0.0210658 
0.0219498 
0.0223712 
0.0223451 
0.021904 
0.0211226 
0.0200836 
0.018867 
0.0175376 
0.0161389 
0.0146873 
0.0131775 
0.0115792 
0.00986301 
0.00798408 
0.00593516 
0.00368523 
0.00128081 
-0.00128081 
0.000963359 
-0.000963359 
-0.00307743 
-0.0052882 
-0.00745959 
-0.00964899 
-0.011732 
-0.013655 
-0.0152461 
-0.0164039 
-0.0169651 
-0.0170559 
-0.0167362 
-0.0160012 
-0.0148657 
-0.0133944 
-0.0117082 
-0.00998003 
-0.00838134 
-0.00703713 
-0.00599788 
-0.00525361 
-0.00476156 
-0.00447028 
-0.00433033 
-0.00429782 
-0.00433349 
-0.00440193 
-0.00446893 
-0.00450189 
-0.00446809 
-0.00433608 
-0.00407188 
-0.00363928 
-0.00300041 
-0.00212091 
-0.000976179 
0.000434133 
0.00209121 
0.00393945 
0.00591009 
0.00793739 
0.00996474 
0.0119475 
0.0138447 
0.0156056 
0.01717 
0.0184583 
0.0193817 
0.0198335 
0.0198375 
0.0194112 
0.0186405 
0.0176188 
0.0164339 
0.0151573 
0.0138381 
0.0124991 
0.0111416 
0.00974069 
0.00826795 
0.00667834 
0.00495852 
0.00307671 
0.00106826 
-0.00106826 
0.000525098 
-0.000525098 
-0.00177554 
-0.00313927 
-0.00447186 
-0.00587749 
-0.00724707 
-0.00858498 
-0.00974786 
-0.0106934 
-0.0112399 
-0.0114729 
-0.0114714 
-0.0111731 
-0.0105429 
-0.0095863 
-0.0083716 
-0.00704073 
-0.00576372 
-0.00468777 
-0.00389085 
-0.00338106 
-0.00312176 
-0.00306131 
-0.00314861 
-0.00333882 
-0.00359264 
-0.00387532 
-0.00415307 
-0.00439381 
-0.00456612 
-0.00463896 
-0.00457768 
-0.0043447 
-0.00390131 
-0.00321502 
-0.00226998 
-0.00108137 
0.000303721 
0.00182374 
0.00341696 
0.00503981 
0.00666545 
0.00828146 
0.00987173 
0.0114038 
0.012832 
0.0140713 
0.0150445 
0.0155649 
0.0156619 
0.015342 
0.0147011 
0.0138377 
0.0128388 
0.0117724 
0.0106841 
0.00959653 
0.00851415 
0.00741768 
0.00628341 
0.00507116 
0.00376548 
0.00233764 
0.00081221 
-0.00081221 
1.13398e-05 
-1.13398e-05 
-0.000254061 
-0.000634831 
-0.000967668 
-0.00141962 
-0.00187966 
-0.002425 
-0.00293208 
-0.00347521 
-0.0040307 
-0.00448687 
-0.00484926 
-0.00505433 
-0.00502634 
-0.00471887 
-0.00413864 
-0.00337678 
-0.00258034 
-0.00190448 
-0.00145277 
-0.00125727 
-0.00129438 
-0.00151701 
-0.00187518 
-0.00232517 
-0.0028296 
-0.00335628 
-0.00387341 
-0.00435098 
-0.00476079 
-0.00507369 
-0.00525632 
-0.00527219 
-0.0050856 
-0.00467179 
-0.00403059 
-0.00319736 
-0.00223695 
-0.00121398 
-0.000167217 
0.000893438 
0.00198004 
0.00310724 
0.00427774 
0.0054769 
0.00667677 
0.00780225 
0.00880865 
0.00945261 
0.00970841 
0.00957666 
0.00917476 
0.00861342 
0.00796739 
0.00728561 
0.00659756 
0.00591749 
0.00524917 
0.00457869 
0.00388953 
0.00315152 
0.00235092 
0.0014669 
0.000513236 
-0.000513236 
-0.000567716 
0.000567716 
0.00144933 
0.00215581 
0.00292762 
0.00354787 
0.00410818 
0.00448273 
0.00471563 
0.00466278 
0.00421824 
0.00357777 
0.00287419 
0.00217148 
0.00156976 
0.00115618 
0.000984676 
0.00103061 
0.00119264 
0.00132847 
0.00131969 
0.00111094 
0.000708009 
0.000148524 
-0.000522766 
-0.00126717 
-0.00205219 
-0.00284977 
-0.00363222 
-0.0043734 
-0.00505055 
-0.00563832 
-0.0061072 
-0.00642531 
-0.00656489 
-0.00651539 
-0.00629743 
-0.00596486 
-0.00558419 
-0.00520115 
-0.00482381 
-0.00442637 
-0.00396965 
-0.00342379 
-0.00277401 
-0.00202041 
-0.00117631 
-0.000291835 
0.000607602 
0.00132414 
0.0017882 
0.00199863 
0.00202183 
0.00195439 
0.00184816 
0.00172825 
0.00160435 
0.00148005 
0.00135817 
0.00123121 
0.00109259 
0.000926529 
0.000722897 
0.000475514 
0.000178373 
-0.000178373 
-0.0011965 
0.0011965 
0.00329554 
0.00516928 
0.00709315 
0.00883132 
0.0104194 
0.011705 
0.0126191 
0.0130146 
0.0128307 
0.0121835 
0.0112466 
0.0101377 
0.00896978 
0.00785755 
0.00690024 
0.00614095 
0.00554367 
0.00500673 
0.00441835 
0.00370908 
0.00286645 
0.00191432 
0.000888029 
-0.000181701 
-0.00127142 
-0.00236202 
-0.00343106 
-0.00445841 
-0.00542904 
-0.0063237 
-0.00711975 
-0.00779391 
-0.00833129 
-0.00873998 
-0.00906036 
-0.00935425 
-0.00967323 
-0.0100294 
-0.0103936 
-0.010716 
-0.0109475 
-0.0110515 
-0.0110054 
-0.0107999 
-0.0104373 
-0.00994511 
-0.00934411 
-0.00870479 
-0.00799615 
-0.00727605 
-0.00659764 
-0.00595661 
-0.00534123 
-0.00474573 
-0.00417197 
-0.00362131 
-0.00308924 
-0.0025735 
-0.00206896 
-0.00157365 
-0.00109438 
-0.000617158 
-0.000183425 
0.000183425 
-0.00186362 
0.00186362 
0.00525573 
0.00835314 
0.0114317 
0.014272 
0.0168378 
0.0189618 
0.0205041 
0.0213417 
0.0214519 
0.0209073 
0.0198667 
0.0184639 
0.0168278 
0.0150897 
0.0133793 
0.0117939 
0.0103668 
0.00905828 
0.00778935 
0.00649348 
0.00514489 
0.00375093 
0.0023328 
0.00091035 
-0.000502419 
-0.00190021 
-0.00327055 
-0.00460022 
-0.00588441 
-0.00711235 
-0.00827139 
-0.00935054 
-0.0103512 
-0.0112998 
-0.0122486 
-0.0132516 
-0.0143316 
-0.0154654 
-0.0165985 
-0.0176691 
-0.018624 
-0.0194231 
-0.0200377 
-0.020448 
-0.02064 
-0.0206016 
-0.0203064 
-0.0196709 
-0.0186856 
-0.0174482 
-0.0160778 
-0.0146643 
-0.0132557 
-0.011874 
-0.0105319 
-0.00923428 
-0.0079747 
-0.00674138 
-0.00551848 
-0.00428826 
-0.00305368 
-0.00178576 
-0.000565904 
0.000565904 
-0.00256236 
0.00256236 
0.00731124 
0.01167 
0.015879 
0.0197634 
0.0232299 
0.0261058 
0.0282337 
0.029511 
0.0299357 
0.0295539 
0.0284913 
0.0268817 
0.0248598 
0.0225672 
0.0201536 
0.0177588 
0.0154797 
0.0133458 
0.0113294 
0.0093843 
0.00748045 
0.00560987 
0.00377699 
0.0019853 
0.000238018 
-0.00147276 
-0.00314974 
-0.00478957 
-0.00639862 
-0.00797748 
-0.00952588 
-0.0110478 
-0.0125613 
-0.0141061 
-0.0157334 
-0.017476 
-0.0193235 
-0.0212244 
-0.0231097 
-0.0249126 
-0.0265764 
-0.0280537 
-0.0293038 
-0.0302884 
-0.0309656 
-0.0312801 
-0.0311581 
-0.0304756 
-0.0292673 
-0.0276271 
-0.0256926 
-0.0236032 
-0.0214593 
-0.0193188 
-0.0172123 
-0.0151516 
-0.013132 
-0.0111367 
-0.0091436 
-0.00712648 
-0.00508546 
-0.00299133 
-0.000958662 
0.000958662 
-0.00328769 
0.00328769 
0.00944803 
0.0150949 
0.0204027 
0.0252553 
0.0295361 
0.0330821 
0.0357474 
0.0374441 
0.0381718 
0.0379662 
0.0369253 
0.0351671 
0.0328206 
0.0300314 
0.0269642 
0.023793 
0.0206709 
0.0176966 
0.0149025 
0.012276 
0.00979185 
0.0074293 
0.00517438 
0.00301266 
0.000932121 
-0.00108843 
-0.00306616 
-0.00501351 
-0.00694765 
-0.00888304 
-0.0108334 
-0.0128186 
-0.0148703 
-0.0170325 
-0.019343 
-0.021806 
-0.0243813 
-0.0269994 
-0.029584 
-0.0320641 
-0.0343751 
-0.0364568 
-0.0382501 
-0.0396934 
-0.0407175 
-0.0412437 
-0.0411937 
-0.0404703 
-0.0391169 
-0.0372083 
-0.0348784 
-0.0322776 
-0.0295328 
-0.0267303 
-0.023921 
-0.0211283 
-0.0183542 
-0.0155842 
-0.0127973 
-0.00996867 
-0.00710105 
-0.00418143 
-0.00134565 
0.00134565 
-0.00403177 
0.00403177 
0.0116431 
0.0185955 
0.0249761 
0.030725 
0.0357379 
0.0398771 
0.0430217 
0.0450968 
0.0461001 
0.0460568 
0.0450391 
0.0431453 
0.0404958 
0.0372384 
0.0335518 
0.0296397 
0.0257045 
0.0219085 
0.0183453 
0.0150414 
0.0119822 
0.00913709 
0.00647314 
0.00395704 
0.00155915 
-0.000754679 
-0.00301583 
-0.00525563 
-0.00750207 
-0.00978487 
-0.0121324 
-0.0145791 
-0.0171648 
-0.019928 
-0.0228842 
-0.0260079 
-0.0292365 
-0.0324902 
-0.0356889 
-0.0387557 
-0.0416162 
-0.0441951 
-0.0464154 
-0.048198 
-0.0494602 
-0.050121 
-0.0501147 
-0.0493717 
-0.0479341 
-0.0458642 
-0.0432809 
-0.0403242 
-0.0371234 
-0.0337784 
-0.0303553 
-0.0268906 
-0.0233971 
-0.0198705 
-0.0162989 
-0.0126699 
-0.00899723 
-0.00529537 
-0.00170782 
0.00170782 
-0.00477847 
0.00477847 
0.0138473 
0.0221029 
0.0295357 
0.0361271 
0.0418049 
0.0464693 
0.0500296 
0.0524256 
0.0536517 
0.0537192 
0.052683 
0.0506257 
0.0476593 
0.0439353 
0.039648 
0.0350303 
0.0303287 
0.0257613 
0.0214768 
0.0175392 
0.0139452 
0.0106553 
0.00761806 
0.00478152 
0.00209833 
-0.000478267 
-0.0029931 
-0.00549684 
-0.00802825 
-0.0106326 
-0.0133523 
-0.0162338 
-0.0193188 
-0.0226321 
-0.0261623 
-0.0298575 
-0.0336398 
-0.0374245 
-0.0411291 
-0.0446723 
-0.047971 
-0.0509387 
-0.0534867 
-0.0555256 
-0.0569682 
-0.0577376 
-0.0577791 
-0.0570431 
-0.0555682 
-0.0534097 
-0.0506691 
-0.0474682 
-0.0439271 
-0.0401465 
-0.0362006 
-0.0321379 
-0.0279846 
-0.0237518 
-0.019445 
-0.0150718 
-0.0106657 
-0.00627041 
-0.00202531 
0.00202531 
-0.00549421 
0.00549421 
0.0159584 
0.0254636 
