0 
-0.00150566 
-0.00176927 
-0.000131299 
0.00267981 
0.00599239 
0.00963215 
0.0133948 
0.0172008 
0.0209975 
0.0247687 
0.0285146 
0.0322452 
0.0359735 
0.0397116 
0.043468 
0.0472458 
0.0510422 
0.0548479 
0.0586473 
0.0624189 
0.0661355 
0.0697654 
0.0732726 
0.0766183 
0.0797617 
0.0826608 
0.0852737 
0.0875595 
0.0894794 
0.0909978 
0.0920829 
0.0927093 
0.0928586 
0.0925148 
0.0916662 
0.0903064 
0.0884351 
0.0860579 
0.0831875 
0.0798453 
0.0760623 
0.071881 
0.0673564 
0.0625565 
0.0575622 
0.0524658 
0.0473686 
0.0423767 
0.0375935 
0.0331048 
0.0289559 
0.0251345 
0.0215863 
0.0182653 
0.0151731 
0.0123482 
0.00982767 
0.00762801 
0.00574702 
0.00417362 
0.00288519 
0.00184927 
0.00101785 
0.000320777 
0 
0.00150566 
-0.00150566 
-0.00176927 
-0.000131299 
0.00267981 
0.00599239 
0.00963215 
0.0133948 
0.0172008 
0.0209975 
0.0247687 
0.0285146 
0.0322452 
0.0359735 
0.0397116 
0.043468 
0.0472458 
0.0510422 
0.0548479 
0.0586473 
0.0624189 
0.0661355 
0.0697654 
0.0732726 
0.0766183 
0.0797617 
0.0826608 
0.0852737 
0.0875595 
0.0894794 
0.0909978 
0.0920829 
0.0927093 
0.0928586 
0.0925148 
0.0916662 
0.0903064 
0.0884351 
0.0860579 
0.0831875 
0.0798453 
0.0760623 
0.071881 
0.0673564 
0.0625565 
0.0575622 
0.0524658 
0.0473686 
0.0423767 
0.0375935 
0.0331048 
0.0289559 
0.0251345 
0.0215863 
0.0182653 
0.0151731 
0.0123482 
0.00982767 
0.00762801 
0.00574702 
0.00417362 
0.00288519 
0.00184927 
0.00101785 
0.000320777 
-0.000320777 
0.000112136 
-0.000112136 
0.00160047 
0.00356977 
0.00619216 
0.00921533 
0.0124931 
0.0158793 
0.0193029 
0.0227232 
0.0261292 
0.0295257 
0.0329254 
0.0363435 
0.0397934 
0.0432845 
0.0468205 
0.0503989 
0.0540103 
0.0576391 
0.061263 
0.0648544 
0.0683808 
0.0718054 
0.0750886 
0.0781887 
0.0810631 
0.0836695 
0.0859668 
0.0879161 
0.0894813 
0.0906321 
0.0913325 
0.0915611 
0.0913021 
0.0905425 
0.089275 
0.0874986 
0.085218 
0.0824447 
0.0791982 
0.0755077 
0.0714135 
0.0669688 
0.06224 
0.0573067 
0.05226 
0.0471995 
0.0422283 
0.0374444 
0.0329282 
0.0287247 
0.024833 
0.0212217 
0.0178664 
0.0147743 
0.0119728 
0.00948292 
0.00731241 
0.00545763 
0.00391088 
0.00265623 
0.0016674 
0.000898312 
0.00027821 
-0.00027821 
-0.00102488 
0.00102488 
0.00304553 
0.00528049 
0.00783926 
0.010633 
0.0135608 
0.0165369 
0.0195195 
0.0224932 
0.025463 
0.028445 
0.0314587 
0.0345233 
0.037654 
0.0408602 
0.0441449 
0.047504 
0.0509264 
0.0543941 
0.0578828 
0.0613626 
0.0647986 
0.0681521 
0.0713815 
0.0744433 
0.0772936 
0.0798887 
0.0821869 
0.0841492 
0.0857401 
0.0869307 
0.0876931 
0.0880055 
0.0878535 
0.0872252 
0.0861139 
0.0845174 
0.0824382 
0.0798839 
0.0768688 
0.0734156 
0.0695575 
0.0653402 
0.0608233 
0.0560808 
0.0511995 
0.0462754 
0.0414082 
0.0366928 
0.0322062 
0.0279947 
0.0240679 
0.0204152 
0.0170344 
0.0139431 
0.011163 
0.00870545 
0.00657364 
0.00476695 
0.00328552 
0.00211538 
0.00124028 
0.000619879 
0.000179433 
-0.000179433 
-0.000946256 
0.000946256 
0.00321892 
0.00570512 
0.00826873 
0.0108768 
0.0134734 
0.0160413 
0.0185798 
0.0211061 
0.0236457 
0.0262271 
0.0288765 
0.0316153 
0.0344581 
0.0374125 
0.0404784 
0.0436487 
0.0469091 
0.0502388 
0.053611 
0.0569932 
0.0603486 
0.0636365 
0.0668137 
0.0698354 
0.0726561 
0.0752312 
0.0775177 
0.0794762 
0.0810708 
0.0822728 
0.0830576 
0.0834071 
0.0833115 
0.0827629 
0.0817588 
0.0803007 
0.078393 
0.0760433 
0.0732632 
0.0700699 
0.0664887 
0.0625556 
0.0583199 
0.0538458 
0.0492115 
0.0445062 
0.039824 
0.0352549 
0.0308726 
0.0267225 
0.0228218 
0.0191782 
0.0158113 
0.0127497 
0.010012 
0.00760194 
0.00552234 
0.00377491 
0.00236862 
0.00130936 
0.000592093 
0.000184853 
2.10913e-05 
-2.10913e-05 
-0.000960564 
0.000960564 
0.00329761 
0.00576111 
0.00814675 
0.010462 
0.0126804 
0.014831 
0.0169417 
0.0190537 
0.0212059 
0.023434 
0.0257661 
0.0282221 
0.0308133 
0.0335434 
0.036409 
0.0393998 
0.0424994 
0.0456853 
0.0489291 
0.0521978 
0.0554536 
0.0586554 
0.0617592 
0.0647198 
0.0674912 
0.0700279 
0.0722863 
0.0742258 
0.0758101 
0.07701 
0.0778015 
0.0781673 
0.0781014 
0.0776 
0.0766658 
0.0753053 
0.0735277 
0.0713436 
0.0687656 
0.0658089 
0.0624937 
0.0588482 
0.054912 
0.0507383 
0.0463948 
0.0419612 
0.0375236 
0.0331645 
0.0289507 
0.0249237 
0.0211051 
0.0175191 
0.0142049 
0.0111987 
0.00851457 
0.0061526 
0.00411594 
0.00241968 
0.00109534 
0.000174091 
-0.000334586 
-0.000454007 
-0.000217315 
0.000217315 
-0.000865774 
0.000865774 
0.00308843 
0.00540496 
0.00753987 
0.00953879 
0.0113931 
0.0131659 
0.014903 
0.0166611 
0.0184853 
0.020413 
0.0224699 
0.0246718 
0.0270263 
0.0295339 
0.0321888 
0.0349802 
0.0378913 
0.0409 
0.0439791 
0.047096 
0.0502139 
0.0532923 
0.0562881 
0.0591563 
0.0618511 
0.0643268 
0.0665391 
0.0684465 
0.0700113 
0.0712031 
0.0719963 
0.0723723 
0.0723282 
0.0718636 
0.0709856 
0.0697057 
0.0680376 
0.065996 
0.0635957 
0.0608525 
0.0577844 
0.0544147 
0.0507755 
0.0469111 
0.0428789 
0.0387487 
0.0345966 
0.0304948 
0.0264999 
0.0226457 
0.0189566 
0.0154721 
0.0122464 
0.00931733 
0.00669223 
0.00436879 
0.00236068 
0.00071063 
-0.000512169 
-0.0012889 
-0.00156905 
-0.00132382 
-0.000547541 
0.000547541 
-0.000780741 
0.000780741 
0.00280002 
0.00485632 
0.00667177 
0.0083327 
0.00983993 
0.0112758 
0.0126913 
0.0141481 
0.0156898 
0.0173506 
0.019151 
0.0211028 
0.0232105 
0.0254735 
0.0278865 
0.0304397 
0.0331188 
0.0359039 
0.03877 
0.0416868 
0.0446197 
0.0475298 
0.0503757 
0.0531137 
0.0556988 
0.0580856 
0.0602294 
0.0620877 
0.0636213 
0.0647987 
0.0655927 
0.0659831 
0.065969 
0.0655519 
0.0647413 
0.0635519 
0.0619999 
0.0601029 
0.0578778 
0.0553415 
0.0525119 
0.0494102 
0.0460641 
0.0425115 
0.0388019 
0.0349955 
0.0311576 
0.027348 
0.0236088 
0.0199643 
0.0164417 
0.0130945 
0.00998512 
0.00714451 
0.00457092 
0.00226641 
0.000272547 
-0.00132675 
-0.00248394 
-0.00313239 
-0.00315546 
-0.00242946 
-0.000961649 
0.000961649 
-0.000657809 
0.000657809 
0.00239804 
0.00414163 
0.00562236 
0.00696138 
0.00815838 
0.00930403 
0.0104448 
0.0116406 
0.0129285 
0.0143371 
0.0158818 
0.0175716 
0.0194102 
0.0213978 
0.0235314 
0.0258045 
0.0282059 
0.0307196 
0.0333239 
0.035992 
0.0386921 
0.0413882 
0.0440412 
0.0466097 
0.0490507 
0.0513195 
0.0533714 
0.0551634 
0.0566548 
0.0578125 
0.0586065 
0.059015 
0.0590393 
0.0586828 
0.0579574 
0.0568786 
0.0554635 
0.0537298 
0.0516947 
0.0493754 
0.04679 
0.043959 
0.0409085 
0.0376727 
0.0342956 
0.0308293 
0.0273275 
0.0238348 
0.0203768 
0.0169677 
0.0136398 
0.0104581 
0.00748253 
0.00472945 
0.00218885 
-0.000114193 
-0.00209779 
-0.00370307 
-0.00482988 
-0.00532986 
-0.00497535 
-0.003618 
-0.00138058 
0.00138058 
-0.000530595 
0.000530595 
0.00195662 
0.00335686 
0.00450411 
0.00554059 
0.00645924 
0.00734979 
0.00824764 
0.00920617 
0.0102531 
0.0114113 
0.0126922 
0.0141035 
0.0156494 
0.0173325 
0.0191529 
0.0211079 
0.0231906 
0.0253892 
0.0276864 
0.0300597 
0.0324809 
0.0349177 
0.0373344 
0.0396926 
0.0419517 
0.0440692 
0.046001 
0.0477038 
0.0491364 
0.0502645 
0.0510559 
0.0514885 
0.051565 
0.0512902 
0.0506762 
0.0497375 
0.0484892 
0.0469471 
0.0451268 
0.043045 
0.0407196 
0.0381715 
0.0354268 
0.0325185 
0.0294868 
0.0263763 
0.0232286 
0.0200706 
0.0169102 
0.0137544 
0.0106435 
0.00764787 
0.00481299 
0.0021339 
-0.000391722 
-0.0027033 
-0.00473011 
-0.00636767 
-0.00741483 
-0.00761531 
-0.00667001 
-0.00462003 
-0.00170441 
0.00170441 
-0.000393731 
0.000393731 
0.00148654 
0.00253859 
0.00337191 
0.00413107 
0.00480127 
0.00546396 
0.00614085 
0.00687607 
0.00768778 
0.00859395 
0.0096031 
0.0107228 
0.0119587 
0.0133156 
0.0147972 
0.0164044 
0.0181349 
0.0199819 
0.021933 
0.0239706 
0.0260713 
0.0282071 
0.030346 
0.0324537 
0.0344931 
0.0364246 
0.0382057 
0.0397941 
0.0411486 
0.0422351 
0.0430189 
0.043479 
0.043621 
0.0434504 
0.042977 
0.042211 
0.0411627 
0.0398437 
0.0382669 
0.0364473 
0.0344029 
0.0321557 
0.0297331 
0.0271682 
0.0244983 
0.0217605 
0.018982 
0.0161705 
0.0133173 
0.0104281 
0.00755271 
0.004756 
0.00205609 
-0.000567175 
-0.00309095 
-0.00544581 
-0.00752264 
-0.00910784 
-0.00988176 
-0.00953527 
-0.00789458 
-0.00527565 
-0.00189982 
0.00189982 
-0.000258049 
0.000258049 
0.00101791 
0.00172964 
0.00227296 
0.00277622 
0.00322113 
0.00367458 
0.00414508 
0.0046659 
0.00524658 
0.00590096 
0.00663552 
0.00745801 
0.00837519 
0.0093941 
0.0105211 
0.0117608 
0.0131155 
0.0145832 
0.0161572 
0.0178256 
0.0195703 
0.0213682 
0.0231918 
0.025011 
0.0267933 
0.028503 
0.0301007 
0.0315452 
0.0327973 
0.0338237 
0.0345922 
0.0350885 
0.0353175 
0.0352807 
0.0349804 
0.0344192 
0.0336014 
0.0325335 
0.0312256 
0.0296913 
0.0279493 
0.0260233 
0.0239425 
0.0217404 
0.0194513 
0.0171028 
0.0147054 
0.0122464 
0.00970589 
0.00709572 
0.00447116 
0.00187655 
-0.000704202 
-0.00328838 
-0.00582752 
-0.00821548 
-0.0102435 
-0.0115651 
-0.0118211 
-0.0107877 
-0.00859893 
-0.00561531 
-0.00199489 
0.00199489 
-0.000124009 
0.000124009 
0.000561106 
0.000950439 
0.00122901 
0.00149565 
0.00173425 
0.0019925 
0.00226846 
0.00258333 
0.00293978 
0.00334767 
0.00381199 
0.00434029 
0.00494 
0.00561946 
0.00638722 
0.00725107 
0.0082172 
0.00928881 
0.0104652 
0.0117403 
0.0131022 
0.0145332 
0.0160113 
0.0175108 
0.0190038 
0.02046 
0.0218453 
0.0231206 
0.0242492 
0.0251984 
0.0259485 
0.026495 
0.0268336 
0.0269553 
0.0268515 
0.0265164 
0.0259481 
0.0251493 
0.0241276 
0.0228964 
0.0214753 
0.0198903 
0.0181723 
0.0163544 
0.0144654 
0.0125203 
0.0105104 
0.00840502 
0.00618221 
0.00386385 
0.00150041 
-0.000902455 
-0.00338628 
-0.00594104 
-0.00848002 
-0.0108127 
-0.0126049 
-0.0134434 
-0.0130594 
-0.0114321 
-0.00890614 
-0.0057306 
-0.0020203 
0.0020203 
5.93267e-06 
-5.93267e-06 
0.000126424 
0.000216396 
0.000252775 
0.000299644 
0.00034705 
0.000421509 
0.00051395 
0.000632916 
0.00077592 
0.000948497 
0.00115432 
0.00140001 
0.00169304 
0.00204222 
0.00245744 
0.0029488 
0.00352606 
0.00419711 
0.00496705 
0.00583613 
0.00679892 
0.00784474 
0.00895737 
0.0101163 
0.0112977 
0.0124776 
0.0136297 
0.0147217 
0.0157211 
0.016593 
0.0173361 
0.0179462 
0.0184032 
0.0186874 
0.0187818 
0.0186741 
0.0183578 
0.0178325 
0.0171046 
0.0161875 
0.0151024 
0.0138768 
0.0125424 
0.0111291 
0.00965662 
0.00812323 
0.00650052 
0.00474699 
0.00284832 
0.000835484 
-0.00127027 
-0.00350582 
-0.00590478 
-0.00841604 
-0.010887 
-0.0130163 
-0.0143874 
-0.0146335 
-0.0136613 
-0.0116351 
-0.00892802 
-0.00568621 
-0.00199443 
0.00199443 
0.000137247 
-0.000137247 
-0.000287388 
-0.000465981 
-0.000651344 
-0.000807621 
-0.000938776 
-0.00103796 
-0.00111824 
-0.00118327 
-0.00123917 
-0.00128535 
-0.00131965 
-0.00133716 
-0.00133109 
-0.00129298 
-0.00121243 
-0.00107786 
-0.000876834 
-0.0005975 
-0.000229849 
0.000233086 
0.000793508 
0.00144835 
0.00218809 
0.00299808 
0.00385919 
0.00475269 
0.00566101 
0.00656458 
0.00744438 
0.00826228 
0.00901388 
0.00968152 
0.0102416 
0.0106697 
0.0109449 
0.0110501 
0.0109758 
0.010719 
0.0102856 
0.00968954 
0.00895296 
0.008104 
0.00717207 
0.00618001 
0.00513312 
0.00401038 
0.00276839 
0.0013664 
-0.000198424 
-0.00190367 
-0.00377199 
-0.00585936 
-0.00816561 
-0.0105864 
-0.0128817 
-0.0146608 
-0.0155077 
-0.0151872 
-0.0137747 
-0.0115272 
-0.00873891 
-0.00552294 
-0.00192887 
0.00192887 
0.000269561 
-0.000269561 
-0.000678167 
-0.00109465 
-0.00148443 
-0.00182841 
-0.00212744 
-0.00238954 
-0.0026309 
-0.0028653 
-0.00310225 
-0.00334617 
-0.00359696 
-0.00385207 
-0.00410609 
-0.00435163 
-0.00457855 
-0.00477456 
-0.00492532 
-0.00501567 
-0.005031 
-0.00495838 
-0.0047879 
-0.00451504 
-0.00414166 
-0.00367527 
-0.00312883 
-0.00251649 
-0.00185042 
-0.00114207 
-0.000392806 
0.000368169 
0.0011301 
0.00184661 
0.00249396 
0.00304502 
0.00347977 
0.00377899 
0.00393203 
0.00393549 
0.00379509 
0.00352556 
0.00314915 
0.00269199 
0.0021772 
0.00161506 
0.00099235 
0.000269873 
-0.000602635 
-0.00165293 
-0.00287891 
-0.00429025 
-0.00594482 
-0.00788565 
-0.0100683 
-0.0123252 
-0.0143347 
-0.0156737 
-0.0160001 
-0.0152291 
-0.0135352 
-0.0111904 
-0.00838889 
-0.00526698 
-0.00183182 
0.00183182 
0.000395596 
-0.000395596 
-0.00104073 
-0.0016733 
-0.00225308 
-0.00277169 
-0.00322809 
-0.00364087 
-0.00402915 
-0.00441492 
-0.00481138 
-0.00522781 
-0.00566676 
-0.00612844 
-0.00660946 
-0.00710422 
-0.00760371 
-0.0080959 
-0.00856546 
-0.00899466 
-0.00936439 
-0.00965588 
-0.00985247 
-0.00994176 
-0.00991717 
-0.00977812 
-0.00952988 
-0.00918097 
-0.00873981 
-0.00821652 
-0.00760953 
-0.00693987 
-0.00621038 
-0.00547085 
-0.00475778 
-0.00410105 
-0.00352238 
-0.00304168 
-0.00266938 
-0.00240847 
-0.0022526 
-0.00218709 
-0.00219181 
-0.00224667 
-0.0023402 
-0.00247918 
-0.00269473 
-0.00303527 
-0.00354485 
-0.00424132 
-0.00513699 
-0.00627771 
-0.00772996 
-0.00950621 
-0.0115148 
-0.0135271 
-0.0151737 
-0.0160603 
-0.0159515 
-0.0148771 
-0.0130373 
-0.0106654 
-0.00790707 
-0.00493319 
-0.00170802 
0.00170802 
0.00051307 
-0.00051307 
-0.00137488 
-0.00220626 
-0.00296323 
-0.00364492 
-0.00424843 
-0.00479948 
-0.00531951 
-0.00583713 
-0.00636938 
-0.00693025 
-0.0075253 
-0.00815776 
-0.00882663 
-0.00952865 
-0.0102568 
-0.0110002 
-0.0117441 
-0.0124695 
-0.0131544 
-0.0137754 
-0.0143093 
-0.0147358 
-0.0150393 
-0.0152105 
-0.0152461 
-0.0151477 
-0.0149192 
-0.0145682 
-0.0140961 
-0.0135239 
-0.012856 
-0.0121276 
-0.0113799 
-0.010642 
-0.00993838 
-0.00928897 
-0.0087042 
-0.00818704 
-0.00773173 
-0.00732631 
-0.00695665 
-0.00661332 
-0.00629992 
-0.00603967 
-0.00587422 
-0.00585031 
-0.00600252 
-0.00635218 
-0.00693779 
-0.00782672 
-0.00907122 
-0.0106477 
-0.0124215 
-0.0141217 
-0.0153769 
-0.0158625 
-0.015442 
-0.014203 
-0.0123106 
-0.00996574 
-0.00730268 
-0.00452661 
-0.00155911 
0.00155911 
0.000621414 
-0.000621414 
-0.00168165 
-0.00269669 
-0.00361909 
-0.00445361 
-0.0051947 
-0.00587248 
-0.00650962 
-0.00713987 
-0.00778404 
-0.00846059 
-0.00917838 
-0.00994368 
-0.0107581 
-0.0116211 
-0.012528 
-0.0134704 
-0.0144349 
-0.0154032 
-0.0163523 
-0.0172556 
-0.0180851 
-0.0188134 
-0.0194166 
-0.019876 
-0.0201796 
-0.0203217 
-0.0203013 
-0.0201227 
-0.0197884 
-0.0193175 
-0.0187176 
-0.0180143 
-0.0172496 
-0.0164482 
-0.0156345 
-0.0148279 
-0.014039 
-0.0132715 
-0.0125226 
-0.011786 
-0.011057 
-0.0103392 
-0.00965023 
-0.00902398 
-0.00850394 
-0.0081309 
-0.00793754 
-0.00796053 
-0.00826041 
-0.00890505 
-0.00992049 
-0.0112504 
-0.0127296 
-0.0140749 
-0.014953 
-0.0151236 
-0.014518 
-0.0132284 
-0.0113462 
-0.00908011 
-0.00656942 
-0.00404387 
-0.00138415 
0.00138415 
0.00072074 
-0.00072074 
-0.00196211 
-0.00314656 
-0.00422319 
-0.00520116 
-0.00607138 
-0.0068659 
-0.00760732 
-0.00833292 
-0.00906682 
-0.00983165 
-0.0106396 
-0.0115001 
-0.0124173 
-0.0133933 
-0.0144263 
-0.0155107 
-0.0166358 
-0.0177854 
-0.0189375 
-0.0200648 
-0.0211366 
-0.0221203 
-0.0229849 
-0.0237031 
-0.0242538 
-0.0246229 
-0.0248031 
-0.0247942 
-0.0245984 
-0.0242323 
-0.0237053 
-0.0230351 
-0.0222635 
-0.0214102 
-0.0204987 
-0.0195468 
-0.018566 
-0.0175624 
-0.0165381 
-0.0154945 
-0.0144378 
-0.0133832 
-0.0123582 
-0.0114007 
-0.0105518 
-0.00985018 
-0.00933582 
-0.00906193 
-0.00909632 
-0.00949113 
-0.0102445 
-0.0112766 
-0.0124103 
-0.0133819 
-0.0139211 
-0.0138666 
-0.0131817 
-0.0119304 
-0.0101077 
-0.00797973 
-0.00569051 
-0.0034759 
-0.00118039 
0.00118039 
0.000811135 
-0.000811135 
-0.00221663 
-0.00355629 
-0.00477587 
-0.00588835 
-0.00688029 
-0.00778362 
-0.00861921 
-0.00942612 
-0.0102309 
-0.0110599 
-0.0119286 
-0.0128493 
-0.0138289 
-0.0148718 
-0.0159789 
-0.0171478 
-0.018371 
-0.0196357 
-0.0209225 
-0.0222059 
-0.0234549 
-0.0246349 
-0.0257099 
-0.0266458 
-0.027413 
-0.0279885 
-0.0283574 
-0.028513 
-0.0284541 
-0.0281937 
-0.0277413 
-0.0271093 
-0.0263381 
-0.0254433 
-0.0244467 
-0.0233654 
-0.0222124 
-0.0209971 
-0.0197277 
-0.0184142 
-0.0170719 
-0.0157246 
-0.014405 
-0.0131517 
-0.012005 
-0.0110071 
-0.0102083 
-0.00966941 
-0.00945015 
-0.00957948 
-0.0100327 
-0.0107183 
-0.0114682 
-0.0120622 
-0.0123035 
-0.0120961 
-0.0114081 
-0.0102501 
-0.00853691 
-0.00662562 
-0.00464456 
-0.00281165 
-0.000944803 
0.000944803 
0.000892464 
-0.000892464 
-0.00244465 
-0.00392454 
-0.00527502 
-0.00651289 
-0.0076198 
-0.00862597 
-0.0095488 
-0.0104271 
-0.0112887 
-0.0121627 
-0.0130675 
-0.0140185 
-0.0150247 
-0.0160931 
-0.0172268 
-0.0184262 
-0.0196873 
-0.021001 
-0.022352 
-0.0237183 
-0.0250714 
-0.0263773 
-0.0275986 
-0.028697 
-0.0296363 
-0.0303856 
-0.0309216 
-0.0312293 
-0.0313019 
-0.0311466 
-0.0307706 
-0.030182 
-0.0294192 
-0.0284948 
-0.0274294 
-0.0262401 
-0.0249418 
-0.023548 
-0.022073 
-0.0205338 
-0.0189528 
-0.0173593 
-0.0157886 
-0.0142803 
-0.0128773 
-0.0116275 
-0.0105865 
-0.00981088 
-0.0093421 
-0.00918605 
-0.00930287 
-0.00960164 
-0.00994018 
-0.0101557 
-0.0101257 
-0.00980565 
-0.00916322 
-0.00813448 
-0.00658308 
-0.00498847 
-0.00341641 
-0.00204379 
-0.000675721 
0.000675721 
0.000964267 
-0.000964267 
-0.00264457 
-0.00424822 
-0.005716 
-0.00706901 
-0.00828404 
-0.00938842 
-0.0103945 
-0.011339 
-0.0122488 
-0.0131547 
-0.0140776 
-0.0150354 
-0.0160397 
-0.0170991 
-0.0182191 
-0.0194025 
-0.0206481 
-0.0219506 
-0.023299 
-0.0246759 
-0.0260573 
-0.0274126 
-0.0287059 
-0.0298984 
-0.0309507 
-0.031826 
-0.0324934 
-0.0329298 
-0.0331205 
-0.033065 
-0.0327661 
-0.0322272 
-0.0314832 
-0.0305446 
-0.0294314 
-0.0281609 
-0.0267504 
-0.0252173 
-0.0235808 
-0.0218637 
-0.0200935 
-0.0183031 
-0.0165303 
-0.0148172 
-0.01321 
-0.0117595 
-0.0105179 
-0.00952826 
-0.00881066 
-0.00835224 
-0.0081057 
-0.00799048 
-0.00790058 
-0.0077329 
-0.0074327 
-0.00699863 
-0.00641268 
-0.00552666 
-0.00421719 
-0.00305922 
-0.00200554 
-0.0011736 
-0.000374549 
0.000374549 
0.00102579 
-0.00102579 
-0.00281394 
-0.00452276 
-0.00609188 
-0.00754761 
-0.00886248 
-0.0100606 
-0.0111481 
-0.0121573 
-0.0131126 
-0.0140443 
-0.014975 
-0.0159243 
-0.0169061 
-0.0179311 
-0.0190065 
-0.0201371 
-0.0213242 
-0.0225657 
-0.0238545 
-0.0251779 
-0.0265171 
-0.0278467 
-0.029135 
-0.0303459 
-0.0314404 
-0.0323794 
-0.0331275 
-0.0336544 
-0.033938 
-0.0339688 
-0.033743 
-0.0332583 
-0.0325438 
-0.0316085 
-0.0304712 
-0.02915 
-0.0276639 
-0.0260339 
-0.0242832 
-0.0224389 
-0.0205323 
-0.0185995 
-0.016681 
-0.0148211 
-0.013067 
-0.0114666 
-0.0100613 
-0.00887662 
-0.00791323 
-0.00714522 
-0.00652411 
-0.00598492 
-0.00545954 
-0.00489756 
-0.00430303 
-0.00371031 
-0.00315255 
-0.00236816 
-0.0014724 
-0.000872292 
-0.000438684 
-0.000217844 
-4.81162e-05 
4.81162e-05 
0.0010761 
-0.0010761 
-0.00294989 
-0.00474279 
-0.00639421 
-0.00793692 
-0.00934047 
-0.0106261 
-0.0117934 
-0.0128686 
-0.0138713 
-0.0148298 
-0.0157658 
-0.0167003 
-0.0176488 
-0.0186237 
-0.019634 
-0.0206864 
-0.0217843 
-0.0229281 
-0.0241141 
-0.0253339 
-0.0265734 
-0.0278128 
-0.0290261 
-0.030182 
-0.0312452 
-0.0321782 
-0.0329441 
-0.0335094 
-0.0338458 
-0.0339365 
-0.0337698 
-0.0333378 
-0.0326603 
-0.0317445 
-0.0306071 
-0.0292664 
-0.0277429 
-0.02606 
-0.0242442 
-0.0223257 
-0.0203392 
-0.0183229 
-0.0163192 
-0.0143722 
-0.0125263 
-0.0108207 
-0.00928325 
-0.00792221 
-0.00672368 
-0.00565438 
-0.004669 
-0.00372155 
-0.00277996 
-0.00182595 
-0.000902324 
-6.1063e-05 
0.000596429 
0.00126332 
0.00151403 
0.00148159 
0.00122867 
0.000789506 
0.000290803 
-0.000290803 
0.00111425 
-0.00111425 
-0.0030497 
-0.00490316 
-0.00661456 
-0.00822438 
-0.0097009 
-0.0110639 
-0.0123066 
-0.0134489 
-0.0145039 
-0.0154951 
-0.016442 
-0.0173646 
-0.018279 
-0.0191989 
-0.0201349 
-0.0210954 
-0.022086 
-0.0231094 
-0.0241647 
-0.025247 
-0.0263466 
-0.0274486 
-0.0285326 
-0.0295731 
-0.0305403 
-0.031401 
-0.0321207 
-0.0326659 
-0.0330061 
-0.0331187 
-0.0329859 
-0.0325939 
-0.0319524 
-0.0310656 
-0.0299477 
-0.0286157 
-0.0270908 
-0.0253977 
-0.0235651 
-0.0216255 
-0.019615 
-0.0175732 
-0.0155415 
-0.0135612 
-0.0116699 
-0.00989609 
-0.00825385 
-0.00673832 
-0.00532651 
-0.00398284 
-0.00267087 
-0.0013601 
-3.49015e-05 
0.00129439 
0.00255026 
0.00364346 
0.00446381 
0.0048515 
0.00451497 
0.00384102 
0.00290809 
0.00179708 
0.00062653 
-0.00062653 
0.00113959 
-0.00113959 
-0.00311172 
-0.00500055 
-0.00674683 
-0.00839956 
-0.00992775 
-0.0113517 
-0.0126599 
-0.0138663 
-0.014977 
-0.0160091 
-0.0169774 
-0.017899 
-0.0187886 
-0.0196601 
-0.0205247 
-0.0213921 
-0.0222701 
-0.0231636 
-0.0240747 
-0.0250019 
-0.0259391 
-0.0268758 
-0.0277965 
-0.0286811 
-0.0295055 
-0.0302419 
-0.0308605 
-0.0313307 
-0.0316232 
-0.0317135 
-0.0315807 
-0.0312066 
-0.0305911 
-0.0297351 
-0.0286486 
-0.0273472 
-0.0258511 
-0.0241852 
-0.0223789 
-0.0204651 
-0.0184801 
-0.0164621 
-0.0144495 
-0.012478 
-0.0105768 
-0.00876383 
-0.00704231 
-0.00539891 
-0.00380663 
-0.00223284 
-0.000646996 
0.000977442 
0.00264312 
0.00429683 
0.00581777 
0.00707042 
0.00790793 
0.00800984 
0.00725334 
0.00602333 
0.00447865 
0.00274209 
0.000940953 
-0.000940953 
0.00115187 
-0.00115187 
-0.00313626 
-0.00503531 
-0.00679017 
-0.00845839 
-0.0100114 
-0.0114723 
-0.0128275 
-0.014087 
-0.0152502 
-0.0163279 
-0.0173284 
-0.018264 
-0.019146 
-0.0199859 
-0.0207941 
-0.0215805 
-0.022354 
-0.0231217 
-0.0238886 
-0.0246568 
-0.0254241 
-0.0261841 
-0.0269259 
-0.0276343 
-0.0282899 
-0.0288707 
-0.0293519 
-0.0297078 
-0.0299122 
-0.0299417 
-0.0297745 
-0.0293907 
-0.0287834 
-0.0279503 
-0.026898 
-0.025639 
-0.0241919 
-0.0225803 
-0.0208324 
-0.0189798 
-0.0170567 
-0.0150981 
-0.0131374 
-0.0112035 
-0.00931731 
-0.00748825 
-0.00571226 
-0.00397165 
-0.00223966 
-0.000486467 
0.00132142 
0.00320212 
0.00513039 
0.00701462 
0.0086996 
0.0100076 
0.0107515 
0.0106182 
0.00954624 
0.00788531 
0.00583996 
0.00356935 
0.00121725 
-0.00121725 
0.0011518 
-0.0011518 
-0.00312672 
-0.0050134 
-0.0067522 
-0.00840799 
-0.00995556 
-0.0114228 
-0.0127968 
-0.0140866 
-0.0152877 
-0.0164052 
-0.0174417 
-0.0184034 
-0.0192964 
-0.0201278 
-0.0209047 
-0.0216351 
-0.0223267 
-0.0229875 
-0.0236248 
-0.0242437 
-0.0248469 
-0.0254325 
-0.0259947 
-0.0265226 
-0.0270018 
-0.0274144 
-0.0277406 
-0.0279591 
-0.0280481 
-0.0279871 
-0.0277568 
-0.0273386 
-0.0267211 
-0.0258998 
-0.0248778 
-0.0236646 
-0.0222762 
-0.0207338 
-0.0190629 
-0.0172924 
-0.0154526 
-0.0135739 
-0.0116838 
-0.0098046 
-0.00795024 
-0.00612414 
-0.00431821 
-0.00251349 
-0.000685086 
0.00119991 
0.00316969 
0.00522882 
0.0073274 
0.00934332 
0.0110938 
0.0123718 
0.0129626 
0.0126246 
0.0113259 
0.0093571 
0.0069358 
0.00424451 
0.00144443 
-0.00144443 
0.00114016 
-0.00114016 
-0.00308989 
-0.00494767 
-0.00665132 
-0.00827063 
-0.00978352 
-0.0112234 
-0.0125808 
-0.0138669 
-0.0150766 
-0.0162127 
-0.0172736 
-0.0182608 
-0.0191749 
-0.0200177 
-0.020791 
-0.0214979 
-0.0221427 
-0.0227307 
-0.0232687 
-0.0237638 
-0.024222 
-0.024647 
-0.0250387 
-0.0253922 
-0.0256982 
-0.0259437 
-0.0261131 
-0.0261892 
-0.0261543 
-0.0259911 
-0.0256829 
-0.025213 
-0.0245689 
-0.0237458 
-0.0227445 
-0.0215722 
-0.0202417 
-0.0187712 
-0.0171827 
-0.015501 
-0.0137521 
-0.0119607 
-0.010149 
-0.00833314 
-0.00652216 
-0.00471562 
-0.00290377 
-0.00106834 
0.000816809 
0.00278231 
0.00484686 
0.00700259 
0.00917986 
0.0112351 
0.0129671 
0.0141558 
0.0145809 
0.0140734 
0.0126103 
0.0104338 
0.00775186 
0.00475544 
0.00161809 
-0.00161809 
0.00112072 
-0.00112072 
-0.00303736 
-0.00485829 
-0.00651727 
-0.00808509 
-0.00954152 
-0.0109245 
-0.0122293 
-0.0134715 
-0.0146489 
-0.0157659 
-0.0168203 
-0.0178117 
-0.0187375 
-0.0195951 
-0.0203812 
-0.0210931 
-0.0217285 
-0.0222874 
-0.0227717 
-0.023186 
-0.0235368 
-0.0238312 
-0.024075 
-0.0242706 
-0.0244158 
-0.0245034 
-0.0245222 
-0.0244588 
-0.0242986 
-0.0240275 
-0.0236318 
-0.0231003 
-0.0224205 
-0.0215867 
-0.020598 
-0.0194595 
-0.0181811 
-0.0167779 
-0.0152683 
-0.0136728 
-0.0120127 
-0.0103079 
-0.0085753 
-0.00682679 
-0.00506775 
-0.00329574 
-0.00150098 
0.000335448 
0.00223829 
0.00423114 
0.00632502 
0.00850008 
0.0106726 
0.0126875 
0.0143364 
0.0154 
0.0156676 
0.0150254 
0.01345 
0.0111453 
0.00830214 
0.00510701 
0.00173934 
-0.00173934 
0.00110451 
-0.00110451 
-0.00298539 
-0.00477175 
-0.00638842 
-0.00790312 
-0.00929515 
-0.0106044 
-0.0118301 
-0.0129929 
-0.0140957 
-0.0151472 
-0.0161485 
-0.0171014 
-0.0180039 
-0.0188525 
-0.0196415 
-0.0203639 
-0.0210116 
-0.0215771 
-0.0220546 
-0.0224412 
-0.0227379 
-0.0229496 
-0.023084 
-0.0231494 
-0.0231523 
-0.0230945 
-0.0229729 
-0.0227793 
-0.0225031 
-0.0221329 
-0.0216569 
-0.0210649 
-0.0203454 
-0.0194931 
-0.0185075 
-0.0173922 
-0.0161551 
-0.0148086 
-0.0133679 
-0.0118497 
-0.0102709 
-0.00864698 
-0.00699096 
-0.00531126 
-0.00361105 
-0.00188718 
-0.000129229 
0.00168156 
0.00356314 
0.00553397 
0.00759758 
0.00972407 
0.0118218 
0.0137333 
0.0152528 
0.0161715 
0.016297 
0.0155484 
0.0139079 
0.0115391 
0.00861705 
0.00531518 
0.001813 
-0.001813 
0.00109649 
-0.00109649 
-0.00295351 
-0.00471574 
-0.00630534 
-0.0077799 
-0.00911688 
-0.0103544 
-0.0114938 
-0.0125591 
-0.0135581 
-0.0145048 
-0.0154059 
-0.0162681 
-0.0170939 
-0.0178833 
-0.0186327 
-0.0193353 
-0.0199812 
-0.0205583 
-0.0210536 
-0.0214551 
-0.0217534 
-0.0219443 
-0.0220292 
-0.0220153 
-0.0219137 
-0.0217356 
-0.0214888 
-0.0211748 
-0.0207885 
-0.0203211 
-0.0197628 
-0.0191058 
-0.0183441 
-0.0174711 
-0.0164845 
-0.015386 
-0.0141817 
-0.0128826 
-0.0115011 
-0.0100505 
-0.00854444 
-0.00699497 
-0.00541214 
-0.00380202 
-0.00216671 
-0.000501971 
0.00120332 
0.00296167 
0.00478724 
0.00669303 
0.00867562 
0.010698 
0.0126664 
0.0144278 
0.0157873 
0.0165516 
0.0165512 
0.0157164 
0.0140509 
0.0116697 
0.00873499 
0.00540188 
0.00184603 
-0.00184603 
0.00109615 
-0.00109615 
-0.00295895 
-0.00471557 
-0.0063023 
-0.00776141 
-0.00906752 
-0.0102541 
-0.0113221 
-0.0122963 
-0.0131874 
-0.0140135 
-0.014786 
-0.0155174 
-0.016216 
-0.0168881 
-0.0175358 
-0.0181577 
-0.0187474 
-0.0192944 
-0.0197844 
-0.0202003 
-0.0205239 
-0.0207389 
-0.0208335 
-0.0208029 
-0.0206515 
-0.0203914 
-0.0200401 
-0.019614 
-0.0191231 
-0.0185682 
-0.0179428 
-0.0172374 
-0.0164428 
-0.0155486 
-0.0145549 
-0.0134643 
-0.012281 
-0.011016 
-0.00968066 
-0.00828608 
-0.00684315 
-0.00536103 
-0.00384758 
-0.0023073 
-0.000740912 
0.000857165 
0.00249315 
0.00417593 
0.00591645 
0.00772193 
0.00958329 
0.0114596 
0.0132592 
0.0148391 
0.0160208 
0.0166286 
0.0165159 
0.0156176 
0.0139514 
0.0115964 
0.00869812 
0.00539199 
0.00184647 
-0.00184647 
0.00110664 
-0.00110664 
-0.00300419 
-0.00478882 
-0.00639884 
-0.00787294 
-0.00917942 
-0.0103467 
-0.0113735 
-0.0122833 
-0.0130874 
-0.0138056 
-0.014452 
-0.0150427 
-0.0155907 
-0.0161079 
-0.0166031 
-0.0170818 
-0.0175451 
-0.0179897 
-0.0184068 
-0.0187826 
-0.0190986 
-0.0193333 
-0.0194638 
-0.0194703 
-0.0193393 
-0.0190683 
-0.0186676 
-0.0181588 
-0.0175682 
-0.0169165 
-0.0162107 
-0.015443 
-0.0146025 
-0.0136842 
-0.0126835 
-0.0115967 
-0.0104275 
-0.00919062 
-0.00789564 
-0.00655033 
-0.00516452 
-0.00374477 
-0.00229812 
-0.000827187 
0.000668467 
0.00219078 
0.00374292 
0.0053317 
0.00696414 
0.00864234 
0.010353 
0.0120538 
0.0136592 
0.0150391 
0.0160342 
0.0164879 
0.0162739 
0.0153302 
0.0136792 
0.0113762 
0.00854767 
0.00531012 
0.00182236 
-0.00182236 
0.00112972 
-0.00112972 
-0.00308805 
-0.00493632 
-0.00659765 
-0.00811567 
-0.00945184 
-0.010631 
-0.0116491 
-0.0125272 
-0.0132765 
-0.0139165 
-0.0144626 
-0.0149321 
-0.0153403 
-0.0157022 
-0.0160307 
-0.0163364 
-0.0166274 
-0.0169077 
-0.0171774 
-0.0174315 
-0.0176593 
-0.0178447 
-0.0179658 
-0.0179968 
-0.0179106 
-0.0176831 
-0.0173004 
-0.0167645 
-0.0160973 
-0.0153379 
-0.0145294 
-0.0136974 
-0.0128374 
-0.0119119 
-0.0109011 
-0.00981402 
-0.00864873 
-0.00742366 
-0.00615406 
-0.00484693 
-0.00350921 
-0.00214568 
-0.000761265 
0.000642868 
0.00206422 
0.0035027 
0.00496031 
0.00644123 
0.00794869 
0.0094806 
0.0110209 
0.0125283 
0.013925 
0.0150963 
0.0159029 
0.0162069 
0.0158997 
0.0149222 
0.0132949 
0.0110599 
0.00832131 
0.00517911 
0.00178129 
-0.00178129 
0.00116403 
-0.00116403 
-0.00320879 
-0.00514428 
-0.00688884 
-0.00847214 
-0.00986195 
-0.0110764 
-0.0121105 
-0.0129827 
-0.013704 
-0.0142937 
-0.0147679 
-0.015145 
-0.0154413 
-0.015673 
-0.0158546 
-0.0159991 
-0.0161178 
-0.0162191 
-0.016309 
-0.0163899 
-0.0164606 
-0.0165151 
-0.0165424 
-0.0165253 
-0.0164403 
-0.0162587 
-0.0159497 
-0.0154862 
-0.014854 
-0.014061 
-0.0131431 
-0.0121578 
-0.0111618 
-0.0101729 
-0.00915211 
-0.00805379 
-0.00687157 
-0.00565724 
-0.00442083 
-0.00315216 
-0.00186232 
-0.0005514 
0.000773702 
0.00210995 
0.00345294 
0.00480201 
0.00615743 
0.00752067 
0.00889168 
0.0102652 
0.0116238 
0.0129287 
0.0141113 
0.0150725 
0.0156928 
0.0158524 
0.0154573 
0.0144523 
0.0128503 
0.0106895 
0.00805078 
0.00501838 
0.00172985 
-0.00172985 
0.0012085 
-0.0012085 
-0.00336107 
-0.00540327 
-0.00725234 
-0.00892128 
-0.0103829 
-0.0116484 
-0.012714 
-0.0135952 
-0.0143033 
-0.0148577 
-0.0152765 
-0.0155793 
-0.0157844 
-0.0159095 
-0.0159704 
-0.0159813 
-0.0159544 
-0.0158998 
-0.0158252 
-0.0157358 
-0.0156346 
-0.0155218 
-0.0153948 
-0.0152472 
-0.0150682 
-0.0148407 
-0.0145408 
-0.0141375 
-0.013596 
-0.0128845 
-0.0119874 
-0.0109204 
-0.00975181 
-0.00857067 
-0.0074751 
-0.00636046 
-0.00517217 
-0.00394737 
-0.00271528 
-0.00147227 
-0.000218872 
0.00104533 
0.00231311 
0.0035809 
0.00484399 
0.0061005 
0.00734887 
0.00858821 
0.00981588 
0.0110245 
0.0121964 
0.0132965 
0.0142658 
0.0150203 
0.0154591 
0.0154795 
0.0150001 
0.0139692 
0.0123923 
0.0102999 
0.00776338 
0.00484453 
0.00167359 
-0.00167359 
0.0012621 
-0.0012621 
-0.0035408 
-0.00570738 
-0.00767566 
-0.00945075 
-0.0109964 
-0.0123262 
-0.0134332 
-0.0143318 
-0.0150325 
-0.0155561 
-0.0159226 
-0.0161547 
-0.0162736 
-0.0162999 
-0.0162518 
-0.0161456 
-0.0159947 
-0.0158103 
-0.0156006 
-0.0153715 
-0.0151264 
-0.0148666 
-0.0145916 
-0.0142993 
-0.0139862 
-0.0136464 
-0.013271 
-0.0128468 
-0.0123548 
-0.0117696 
-0.0110602 
-0.0101918 
-0.00913725 
-0.00788971 
-0.00648862 
-0.00499533 
-0.00352737 
-0.00219724 
-0.000990977 
0.000227902 
0.0014438 
0.0026622 
0.00387312 
0.0050725 
0.00625458 
0.00741604 
0.00855377 
0.00966501 
0.0107453 
0.0117862 
0.0127708 
0.0136681 
0.0144286 
0.0149822 
0.0152454 
0.0151311 
0.0145686 
0.0135099 
0.0119537 
0.00992184 
0.00747936 
0.00467072 
0.00161701 
-0.00161701 
0.00132358 
-0.00132358 
-0.00374455 
-0.00605103 
-0.00815384 
-0.0100489 
-0.0116945 
-0.0131006 
-0.0142582 
-0.0151805 
-0.0158772 
-0.0163698 
-0.016681 
-0.0168372 
-0.0168642 
-0.0167866 
-0.0166265 
-0.0164034 
-0.016133 
-0.0158283 
-0.0154986 
-0.0151504 
-0.014787 
-0.0144093 
-0.0140162 
-0.0136048 
-0.013171 
-0.0127097 
-0.0122147 
-0.0116781 
-0.0110891 
-0.0104333 
-0.00969196 
-0.00883934 
-0.00784429 
-0.00667047 
-0.00529622 
-0.00378612 
-0.00224488 
-0.000794073 
0.000553588 
0.00183999 
0.00307736 
0.00428214 
0.00545457 
0.00659506 
0.00770017 
0.00876715 
0.00979275 
0.0107735 
0.0117045 
0.0125769 
0.0133756 
0.0140742 
0.014632 
0.0149918 
0.0150852 
0.0148391 
0.0141929 
0.0131017 
0.0115593 
0.0095774 
0.00721376 
0.00450801 
0.00156361 
-0.00156361 
0.00139155 
-0.00139155 
-0.00396854 
-0.00642886 
-0.0086806 
-0.0107099 
-0.0124723 
-0.0139662 
-0.0151856 
-0.0161383 
-0.0168348 
-0.0172957 
-0.017547 
-0.0176194 
-0.0175441 
-0.0173517 
-0.0170694 
-0.016721 
-0.0163256 
-0.0158984 
-0.0154505 
-0.0149892 
-0.0145182 
-0.0140383 
-0.0135478 
-0.0130427 
-0.0125176 
-0.011966 
-0.0113804 
-0.0107525 
-0.0100728 
-0.00933036 
-0.00851384 
-0.00761215 
-0.00662096 
-0.00554422 
-0.00440564 
-0.00321273 
-0.00194179 
-0.000448705 
0.00122293 
0.00281829 
0.00430336 
0.00566456 
0.00691731 
0.0080749 
0.00914904 
0.0101473 
0.0110739 
0.0119302 
0.0127144 
0.0134204 
0.0140362 
0.014541 
0.0149022 
0.0150744 
0.0150027 
0.0146265 
0.0138942 
0.0127638 
0.0112262 
0.00928273 
0.00698451 
0.00436255 
0.00151763 
-0.00151763 
0.00146419 
-0.00146419 
-0.00420782 
-0.00683378 
-0.00924744 
-0.0114257 
-0.0133191 
-0.0149173 
-0.0162095 
-0.0172018 
-0.0179031 
-0.018333 
-0.0185202 
-0.0185001 
-0.0183108 
-0.0179899 
-0.0175718 
-0.0170857 
-0.0165555 
-0.0159991 
-0.0154293 
-0.0148545 
-0.0142787 
-0.0137025 
-0.0131236 
-0.0125371 
-0.0119364 
-0.0113137 
-0.0106603 
-0.00996689 
-0.00922386 
-0.00842144 
-0.00755044 
-0.00660227 
-0.00557137 
-0.00445559 
-0.00326308 
-0.00201822 
-0.000738488 
0.000656598 
0.00217968 
0.00375406 
0.00531057 
0.00679049 
0.00815767 
0.00939637 
0.0105051 
0.0114896 
0.0123579 
0.0131175 
0.0137729 
0.0143245 
0.0147665 
0.0150851 
0.0152571 
0.0152478 
0.0150146 
0.0145085 
0.0136862 
0.0125088 
0.0109654 
0.00904884 
0.00680305 
0.00424448 
0.00147996 
-0.00147996 
0.00153895 
-0.00153895 
-0.00445527 
-0.00725505 
-0.00984093 
-0.0121815 
-0.0142202 
-0.015939 
-0.0173172 
-0.0183607 
-0.0190745 
-0.0194766 
-0.0195971 
-0.0194766 
-0.0191608 
-0.0186965 
-0.0181267 
-0.0174886 
-0.0168114 
-0.0161169 
-0.01542 
-0.0147297 
-0.0140501 
-0.0133813 
-0.0127198 
-0.0120595 
-0.0113923 
-0.0107087 
-0.00999833 
-0.00925016 
-0.0084533 
-0.00759709 
-0.00667224 
-0.00567116 
-0.00459082 
-0.00343148 
-0.00220274 
-0.000915967 
0.000423018 
0.00182651 
0.00324554 
0.00470649 
0.00621786 
0.00771737 
0.00915242 
0.0104747 
0.0116551 
0.0126793 
0.0135456 
0.0142588 
0.0148267 
0.0152557 
0.0155479 
0.0156988 
0.0156952 
0.0155142 
0.0151252 
0.01449 
0.0135737 
0.0123414 
0.0107811 
0.00887964 
0.00667209 
0.00416602 
0.0014519 
-0.0014519 
0.00161231 
-0.00161231 
-0.00470081 
-0.00767697 
-0.0104409 
-0.0129539 
-0.0151513 
-0.0170057 
-0.0184877 
-0.0195953 
-0.0203318 
-0.0207124 
-0.0207665 
-0.0205399 
-0.0200863 
-0.0194632 
-0.0187249 
-0.0179184 
-0.0170806 
-0.016238 
-0.0154079 
-0.0146 
-0.013818 
-0.0130607 
-0.0123231 
-0.0115973 
-0.0108732 
-0.0101392 
-0.00938292 
-0.0085915 
-0.00775239 
-0.00685388 
-0.00588601 
-0.00484116 
-0.00371532 
-0.00250816 
-0.00122362 
0.000123471 
0.00151896 
0.00296453 
0.00444541 
0.00593485 
0.00740539 
0.00883942 
0.0102183 
0.0115118 
0.0126882 
0.0137191 
0.0145851 
0.015277 
0.0157939 
0.0161396 
0.0163191 
0.0163341 
0.016181 
0.0158477 
0.0153155 
0.0145571 
0.0135466 
0.0122535 
0.0106668 
0.00876819 
0.00658617 
0.00411636 
0.00144021 
-0.00144021 
0.00167953 
-0.00167953 
-0.00493057 
-0.00807746 
-0.0110183 
-0.0137083 
-0.0160744 
-0.0180783 
-0.0196811 
-0.0208686 
-0.0216414 
-0.0220111 
-0.0220038 
-0.0216695 
-0.0210698 
-0.0202744 
-0.019351 
-0.0183595 
-0.0173466 
-0.0163455 
-0.0153762 
-0.0144492 
-0.013567 
-0.0127267 
-0.0119209 
-0.0111393 
-0.010369 
-0.0095957 
-0.0088043 
-0.00797937 
-0.00710583 
-0.0061698 
-0.00515956 
-0.00406627 
-0.00288519 
-0.00161532 
-0.000263103 
0.00116128 
0.00263649 
0.00415516 
0.00568187 
0.00718965 
0.00865059 
0.0100496 
0.0113704 
0.012595 
0.0137052 
0.01468 
0.0154995 
0.0161478 
0.0166149 
0.0168968 
0.0169941 
0.0169085 
0.0166403 
0.016185 
0.0155331 
0.0146674 
0.0135704 
0.0122174 
0.0105993 
0.00869525 
0.00652781 
0.00408252 
0.00143299 
-0.00143299 
0.00173448 
-0.00173448 
-0.00512625 
-0.00842679 
-0.0115328 
-0.0143958 
-0.0169337 
-0.0190973 
-0.0208351 
-0.0221216 
-0.0229459 
-0.0233198 
-0.0232623 
-0.0228255 
-0.0220782 
-0.021102 
-0.0199804 
-0.0187886 
-0.017587 
-0.0164173 
-0.0153039 
-0.0142577 
-0.0132796 
-0.0123641 
-0.0115007 
-0.0106756 
-0.00987264 
-0.00907427 
-0.00826201 
-0.00741728 
-0.00652194 
-0.00555949 
-0.00451571 
-0.0033799 
-0.00214508 
-0.0008093 
0.000621109 
0.00213587 
0.00371024 
0.00532531 
0.00694543 
0.0085335 
0.010052 
0.0114655 
0.0127493 
0.0138912 
0.0148874 
0.0157345 
0.0164279 
0.0169607 
0.0173254 
0.017515 
0.0175246 
0.0173511 
0.0169923 
0.0164444 
0.0157017 
0.014753 
0.0135872 
0.0121848 
0.0105395 
0.00862936 
0.00647309 
0.0040486 
0.00142303 
-0.00142303 
0.00176957 
-0.00176957 
-0.00526483 
-0.00868685 
-0.011932 
-0.0149509 
-0.0176533 
-0.019979 
-0.0218619 
-0.023264 
-0.0241562 
-0.0245524 
-0.0244632 
-0.0239387 
-0.023053 
-0.0218979 
-0.0205729 
-0.0191714 
-0.0177709 
-0.0164251 
-0.0151649 
-0.014002 
-0.0129352 
-0.0119553 
-0.0110478 
-0.0101946 
-0.00937555 
-0.00856892 
-0.00775227 
-0.0069032 
-0.0059998 
-0.00502224 
-0.00395294 
-0.00277859 
-0.00148879 
-8.17801e-05 
0.00144068 
0.00306055 
0.00475503 
0.00649222 
0.00822689 
0.00991162 
0.0114985 
0.0129428 
0.0142133 
0.0152968 
0.01619 
0.0168972 
0.0174265 
0.0177875 
0.0179874 
0.0180291 
0.0179116 
0.0176309 
0.017181 
0.0165547 
0.0157441 
0.014738 
0.0135275 
0.0120954 
0.0104372 
0.00853116 
0.00639334 
0.00399746 
0.00140519 
-0.00140519 
0.00177592 
-0.00177592 
-0.00531886 
-0.00881134 
-0.0121507 
-0.0152906 
-0.0181335 
-0.0206095 
-0.0226363 
-0.0241608 
-0.0251398 
-0.0255776 
-0.0254829 
-0.0248976 
-0.0238986 
-0.0225835 
-0.0210656 
-0.0194571 
-0.0178557 
-0.0163322 
-0.0149269 
-0.0136539 
-0.0125097 
-0.0114804 
-0.0105465 
-0.00968478 
-0.00887011 
-0.0080761 
-0.00727568 
-0.0064421 
-0.00554918 
-0.00457316 
-0.00349239 
-0.00228998 
-0.000951522 
0.000526146 
0.00214429 
0.00388035 
0.0057075 
0.00758289 
0.00945291 
0.0112595 
0.0129447 
0.0144556 
0.01575 
0.0167983 
0.0176007 
0.0181664 
0.0185131 
0.0186656 
0.0186494 
0.0184853 
0.0181859 
0.0177548 
0.017188 
0.0164753 
0.0156042 
0.0145588 
0.0133268 
0.0118894 
0.0102412 
0.00835975 
0.00625922 
0.00391166 
0.0013741 
-0.0013741 
0.0017437 
-0.0017437 
-0.0052574 
-0.00874724 
-0.012113 
-0.0153154 
-0.0182524 
-0.0208458 
-0.0229986 
-0.0246404 
-0.0257184 
-0.0262136 
-0.0261442 
-0.0255375 
-0.0244702 
-0.0230379 
-0.0213623 
-0.0195705 
-0.0177825 
-0.0160905 
-0.0145496 
-0.0131796 
-0.011975 
-0.0109168 
-0.0099791 
-0.00913298 
-0.00834756 
-0.00759113 
-0.00683149 
-0.00603701 
-0.00517679 
-0.00422253 
-0.00314788 
-0.00193115 
-0.000554301 
0.000989761 
0.00270054 
0.00455344 
0.0065131 
0.00852621 
0.0105298 
0.012457 
0.0142422 
0.0158245 
0.0171537 
0.0181886 
0.0189224 
0.0193681 
0.0195466 
0.0194925 
0.0192472 
0.0188499 
0.0183325 
0.0177137 
0.0169989 
0.0161808 
0.0152445 
0.0141685 
0.0129339 
0.0115163 
0.00990588 
0.008078 
0.00604375 
0.00377519 
0.00132477 
-0.00132477 
0.00166279 
-0.00166279 
-0.00504807 
-0.00843794 
-0.011736 
-0.0149148 
-0.0178708 
-0.0205219 
-0.0227589 
-0.0244937 
-0.0256695 
-0.0262269 
-0.0262126 
-0.0256343 
-0.0245648 
-0.0230883 
-0.0213237 
-0.019405 
-0.0174709 
-0.0156384 
-0.0139845 
-0.0125397 
-0.0112994 
-0.0102393 
-0.0093267 
-0.00852578 
-0.00779958 
-0.00711061 
-0.00642117 
-0.00569443 
-0.00489458 
-0.00398835 
-0.00294411 
-0.00173486 
-0.000339307 
0.00125268 
0.00303647 
0.00498215 
0.00704372 
0.00915863 
0.0112585 
0.0132733 
0.0151353 
0.0167816 
0.0181539 
0.0192085 
0.0199042 
0.0202642 
0.0203059 
0.0200719 
0.0196165 
0.0189955 
0.0182587 
0.0174427 
0.0165671 
0.015633 
0.0146282 
0.0135282 
0.0123078 
0.0109353 
0.00939391 
0.00765455 
0.00572383 
0.0035741 
0.00125279 
-0.00125279 
0.00152369 
-0.00152369 
-0.00465985 
-0.00782821 
-0.0109372 
-0.0139761 
-0.0168438 
-0.0194607 
-0.0217103 
-0.0234877 
-0.0247343 
-0.0253457 
-0.0254074 
-0.0249126 
-0.0239254 
-0.0225083 
-0.0207632 
-0.0188154 
-0.0168134 
-0.0148976 
-0.013173 
-0.0116894 
-0.0104481 
-0.00942127 
-0.00856928 
-0.0078492 
-0.00721754 
-0.0066309 
-0.00604589 
-0.00542052 
-0.00471411 
-0.0038882 
-0.00290576 
-0.00173493 
-0.000352406 
0.0012503 
0.00306141 
0.00504117 
0.0071329 
0.0092698 
0.0113855 
0.0134153 
0.015297 
0.0169704 
0.0183719 
0.0194589 
0.0201498 
0.0204724 
0.0204348 
0.0200808 
0.0194742 
0.0186832 
0.0177728 
0.0167951 
0.0157842 
0.0147531 
0.0136961 
0.0125905 
0.0114077 
0.0101101 
0.00867328 
0.00706298 
0.00527986 
0.00329645 
0.00115435 
-0.00115435 
0.00131858 
-0.00131858 
-0.00406675 
-0.00687078 
-0.00964425 
-0.0123974 
-0.0150371 
-0.0174937 
-0.0196498 
-0.0213878 
-0.0226399 
-0.0232889 
-0.0234324 
-0.0230749 
-0.0222641 
-0.0210342 
-0.0194535 
-0.0176201 
-0.0156742 
-0.0137711 
-0.0120463 
-0.0105784 
-0.00938359 
-0.00843494 
-0.00768693 
-0.0070897 
-0.00659349 
-0.00614919 
-0.0057079 
-0.0052229 
-0.00464915 
-0.00394328 
-0.00306355 
-0.00197513 
-0.000655949 
0.000893381 
0.00264944 
0.00456042 
0.00656366 
0.00859823 
0.0106102 
0.0125489 
0.0143655 
0.0160073 
0.0174116 
0.0185291 
0.0192586 
0.0195963 
0.0195495 
0.019156 
0.0184863 
0.0176165 
0.0166215 
0.015564 
0.0144892 
0.0134202 
0.0123602 
0.0112912 
0.0101855 
0.00900321 
0.00771428 
0.00628008 
0.00469511 
0.0029321 
0.00102619 
-0.00102619 
0.00104217 
-0.00104217 
-0.00325144 
-0.0055339 
-0.00780635 
-0.0101042 
-0.0123466 
-0.0144846 
-0.0164099 
-0.0179982 
-0.0191726 
-0.0198146 
-0.0200303 
-0.0198538 
-0.0193111 
-0.0184039 
-0.0171546 
-0.0156151 
-0.0138947 
-0.0121452 
-0.0105264 
-0.0091533 
-0.00806824 
-0.00725343 
-0.00666084 
-0.00623491 
-0.00592031 
-0.00566307 
-0.00540936 
-0.00510873 
-0.0047129 
-0.0041746 
-0.0034494 
-0.00250309 
-0.00132072 
8.04402e-05 
0.0016611 
0.00336162 
0.00512446 
0.00690732 
0.0086776 
0.0104054 
0.0120599 
0.0135977 
0.0149628 
0.0160921 
0.0168889 
0.0172893 
0.0173066 
0.0169626 
0.0163338 
0.0155005 
0.0145419 
0.0135247 
0.0124979 
0.0114907 
0.0105126 
0.00955218 
0.00858572 
0.00757493 
0.00648804 
0.00528495 
0.00395516 
0.00247263 
0.000865653 
-0.000865653 
0.000692252 
-0.000692252 
-0.00220845 
-0.0038084 
-0.00540637 
-0.0070667 
-0.00872194 
-0.0103554 
-0.0118838 
-0.0131938 
-0.0141925 
-0.0147659 
-0.0150426 
-0.0150801 
-0.0148825 
-0.0144186 
-0.0136622 
-0.0126076 
-0.0113119 
-0.00989723 
-0.00852994 
-0.00735961 
-0.00646624 
-0.00585281 
-0.00547523 
-0.00527491 
-0.00519265 
-0.00517104 
-0.00515254 
-0.00508462 
-0.00491762 
-0.00460251 
-0.00409577 
-0.0033693 
-0.0024229 
-0.00129169 
-3.47998e-05 
0.00129333 
0.00265648 
0.00404022 
0.00543679 
0.00683862 
0.00823273 
0.00958701 
0.0108566 
0.011969 
0.0128401 
0.0133331 
0.0134696 
0.013257 
0.0127766 
0.0121075 
0.0113254 
0.0104923 
0.00965321 
0.0088364 
0.00805393 
0.00729945 
0.00655514 
0.00578814 
0.00496893 
0.00406028 
0.00304888 
0.00191214 
0.000671298 
-0.000671298 
0.000267048 
-0.000267048 
-0.000942517 
-0.00171354 
-0.0024714 
-0.0033181 
-0.0041923 
-0.00511696 
-0.00604497 
-0.00690036 
-0.00763894 
-0.00812707 
-0.00846277 
-0.0087457 
-0.00894685 
-0.00900947 
-0.00886898 
-0.00846522 
-0.00779123 
-0.00691345 
-0.00597544 
-0.0051461 
-0.00454694 
-0.00421483 
-0.00411931 
-0.00420367 
-0.00440759 
-0.00467255 
-0.00493908 
-0.005155 
-0.00527203 
-0.00524279 
-0.00502983 
-0.0046181 
-0.00402731 
-0.00330899 
-0.00252497 
-0.00171521 
-0.000884934 
-2.30599e-05 
0.000888716 
0.00186305 
0.00289862 
0.00397605 
0.00506637 
0.00610028 
0.0070258 
0.00764854 
0.00795509 
0.00794055 
0.0077008 
0.00731798 
0.00685538 
0.00635903 
0.00585919 
0.00537537 
0.00491725 
0.00448129 
0.00405596 
0.00361651 
0.00313947 
0.00259523 
0.00197008 
0.0012483 
0.000443131 
-0.000443131 
-0.000231404 
0.000231404 
0.000528093 
0.000704519 
0.000920993 
0.00103178 
0.00109834 
0.00106512 
0.000944298 
0.000761793 
0.000455737 
1.69535e-05 
-0.000474875 
-0.00104676 
-0.00167166 
-0.00228829 
-0.00281908 
-0.00316824 
-0.00326902 
-0.0031162 
-0.00279774 
-0.00247109 
-0.00228884 
-0.00233 
-0.0025898 
-0.00302075 
-0.00356584 
-0.00416836 
-0.00476968 
-0.00532102 
-0.00577913 
-0.0061027 
-0.00626644 
-0.006274 
-0.00616514 
-0.00599864 
-0.00582012 
-0.00563951 
-0.0054343 
-0.00517238 
-0.00482151 
-0.00435842 
-0.003776 
-0.00308021 
-0.00228561 
-0.0014434 
-0.000581195 
0.000127174 
0.000641478 
0.00094323 
0.00108775 
0.00114419 
0.00115441 
0.00114538 
0.00112876 
0.00111202 
0.00110026 
0.0010915 
0.00108094 
0.00105398 
0.00099598 
0.000889217 
0.000720637 
0.000486838 
0.000185697 
-0.000185697 
-0.000792235 
0.000792235 
0.00217131 
0.00339057 
0.00466476 
0.0058217 
0.00690594 
0.00784098 
0.0085972 
0.00912269 
0.00930171 
0.00902198 
0.00840898 
0.00758466 
0.00657974 
0.00545208 
0.00427794 
0.00316364 
0.00221651 
0.00151085 
0.00103844 
0.000692387 
0.000317981 
-0.000200096 
-0.000893137 
-0.00173319 
-0.00267261 
-0.00366085 
-0.0046436 
-0.00557902 
-0.00643327 
-0.00717603 
-0.00779916 
-0.00832667 
-0.00881114 
-0.00930326 
-0.00982048 
-0.0103404 
-0.0108185 
-0.0112098 
-0.011478 
-0.0115971 
-0.011551 
-0.0113344 
-0.0109512 
-0.0104308 
-0.00979486 
-0.00912336 
-0.00838965 
-0.00764802 
-0.0069415 
-0.00627184 
-0.00563376 
-0.00502052 
-0.00443336 
-0.00387348 
-0.00333911 
-0.00282961 
-0.00234258 
-0.00188044 
-0.00144717 
-0.00104548 
-0.000688004 
-0.000359916 
-9.39742e-05 
9.39742e-05 
-0.00140259 
0.00140259 
0.00395632 
0.00629335 
0.00866193 
0.0108925 
0.012993 
0.0148695 
0.0164408 
0.0175912 
0.018197 
0.0181933 
0.0176338 
0.0166597 
0.0153552 
0.0137929 
0.0120526 
0.0102386 
0.00847248 
0.00687243 
0.00550552 
0.00434322 
0.00327 
0.0021602 
0.000949874 
-0.000359492 
-0.00173935 
-0.0031548 
-0.00455858 
-0.00591975 
-0.0072184 
-0.00843955 
-0.00959457 
-0.0107237 
-0.0118796 
-0.0130912 
-0.014344 
-0.0155917 
-0.016779 
-0.0178578 
-0.018789 
-0.0195424 
-0.0200947 
-0.0204297 
-0.0205356 
-0.0204056 
-0.0200208 
-0.0193377 
-0.0183615 
-0.0171737 
-0.0158724 
-0.0145336 
-0.0132022 
-0.011901 
-0.0106452 
-0.00944342 
-0.00829708 
-0.007203 
-0.00615244 
-0.0051362 
-0.00414714 
-0.00317382 
-0.00222676 
-0.00127602 
-0.000391991 
0.000391991 
-0.00205315 
0.00205315 
0.0058589 
0.00936736 
0.0128281 
0.0161046 
0.0191634 
0.0218963 
0.0241853 
0.0258923 
0.0269068 
0.0271946 
0.0267747 
0.0257624 
0.0242577 
0.0223514 
0.0201324 
0.0177042 
0.0151921 
0.0127353 
0.0104543 
0.00839885 
0.00652124 
0.00471814 
0.0029097 
0.00107239 
-0.000786496 
-0.00265768 
-0.00451104 
-0.00632795 
-0.00810702 
-0.00985136 
-0.0115902 
-0.0133713 
-0.0152343 
-0.0171798 
-0.0191669 
-0.0211355 
-0.0230264 
-0.024789 
-0.0263802 
-0.0277623 
-0.0289018 
-0.0297664 
-0.0303206 
-0.0305183 
-0.0302986 
-0.0295734 
-0.0283928 
-0.0268442 
-0.0250454 
-0.0231132 
-0.0211362 
-0.0191712 
-0.0172528 
-0.0153999 
-0.0136189 
-0.011906 
-0.0102486 
-0.00862897 
-0.00703128 
-0.00543475 
-0.00384672 
-0.00223493 
-0.000702388 
0.000702388 
-0.00273634 
0.00273634 
0.00785877 
0.0125761 
0.0171055 
0.0213631 
0.0252902 
0.0287725 
0.03168 
0.0338803 
0.0352777 
0.0358514 
0.035607 
0.0346271 
0.0330071 
0.0308412 
0.0282239 
0.0252607 
0.0220786 
0.0188275 
0.0156619 
0.0126962 
0.00995926 
0.00739669 
0.00493414 
0.00252559 
0.000159504 
-0.00218027 
-0.00449578 
-0.00678266 
-0.00906057 
-0.0113518 
-0.0136981 
-0.0161438 
-0.0187067 
-0.0213601 
-0.0240457 
-0.026697 
-0.0292522 
-0.0316559 
-0.0338565 
-0.0358044 
-0.0374506 
-0.0387441 
-0.0396267 
-0.0400328 
-0.0398981 
-0.0391503 
-0.0378452 
-0.0360577 
-0.0339082 
-0.0315269 
-0.0290267 
-0.0264914 
-0.0239755 
-0.0215111 
-0.0191119 
-0.0167766 
-0.0144924 
-0.0122388 
-0.00999588 
-0.00774114 
-0.00548126 
-0.00319696 
-0.00101325 
0.00101325 
-0.00344204 
0.00344204 
0.00992818 
0.0158781 
0.0214469 
0.0266072 
0.0313008 
0.0354231 
0.0388534 
0.0414777 
0.043215 
0.044046 
0.0439761 
0.0430619 
0.04138 
0.0390161 
0.0360648 
0.0326335 
0.0288517 
0.024876 
0.0208828 
0.0170351 
0.0134327 
0.0100849 
0.00694239 
0.00394829 
0.00106822 
-0.00173816 
-0.00450657 
-0.00725815 
-0.0100312 
-0.0128671 
-0.0158118 
-0.0188973 
-0.0221156 
-0.0254188 
-0.0287385 
-0.0320056 
-0.0351548 
-0.0381232 
-0.0408481 
-0.0432664 
-0.0453143 
-0.0469268 
-0.0480367 
-0.0485787 
-0.0485018 
-0.0477555 
-0.0463895 
-0.0444684 
-0.0421031 
-0.0394195 
-0.0365368 
-0.0335514 
-0.0305325 
-0.027524 
-0.0245484 
-0.0216104 
-0.0187013 
-0.015804 
-0.0129019 
-0.00997882 
-0.00704765 
-0.00411319 
-0.00130941 
0.00130941 
-0.00415331 
0.00415331 
0.0120182 
0.0192045 
0.0257863 
0.0317805 
0.0371508 
0.0418183 
0.045687 
0.0486664 
0.0506904 
0.0517399 
0.0518138 
0.0509505 
0.0492112 
0.0466709 
0.0434202 
0.0395665 
0.0352415 
0.0306078 
0.0258567 
0.0211869 
0.0167579 
0.0126443 
0.00883475 
0.00527281 
0.00189949 
-0.00134777 
-0.00453711 
-0.00772474 
-0.0109643 
-0.0143139 
-0.0178155 
-0.0214824 
-0.0252818 
-0.0291509 
-0.0330172 
-0.0368101 
-0.0404607 
-0.0438991 
-0.0470528 
-0.0498483 
-0.0522114 
-0.0540701 
-0.0553554 
-0.0560085 
-0.0559906 
-0.055269 
-0.0538882 
-0.0519065 
-0.0494215 
-0.0465475 
-0.0433974 
-0.0400695 
-0.0366394 
-0.0331596 
-0.029661 
-0.0261567 
-0.0226465 
-0.0191227 
-0.0155791 
-0.0120137 
-0.0084534 
-0.0049298 
-0.00157378 
0.00157378 
-0.004837 
0.004837 
0.0140302 
0.0224087 
