0 
-0.00157461 
-0.00242155 
-0.00169843 
-2.33709e-05 
0.00203838 
0.00434476 
0.00670791 
0.0090813 
0.0114141 
0.0137009 
0.0159433 
0.0181553 
0.0203536 
0.0225567 
0.0247821 
0.0270451 
0.0293583 
0.031731 
0.0341689 
0.0366741 
0.0392449 
0.0418755 
0.0445565 
0.0472744 
0.0500123 
0.0527495 
0.0554626 
0.0581255 
0.06071 
0.0631865 
0.0655246 
0.0676938 
0.069664 
0.0714065 
0.072894 
0.0741016 
0.0750073 
0.0755909 
0.0758372 
0.0757349 
0.0752752 
0.0744525 
0.0732646 
0.0717124 
0.0697996 
0.0675328 
0.0649217 
0.0619793 
0.0587229 
0.0551744 
0.0513622 
0.0473216 
0.0430964 
0.0387394 
0.0343124 
0.0298867 
0.0255417 
0.0213609 
0.0174173 
0.0137475 
0.0103459 
0.00717881 
0.0042096 
0.00137828 
0 
0.00157461 
-0.00157461 
-0.00242155 
-0.00169843 
-2.33709e-05 
0.00203838 
0.00434476 
0.00670791 
0.0090813 
0.0114141 
0.0137009 
0.0159433 
0.0181553 
0.0203536 
0.0225567 
0.0247821 
0.0270451 
0.0293583 
0.031731 
0.0341689 
0.0366741 
0.0392449 
0.0418755 
0.0445565 
0.0472744 
0.0500123 
0.0527495 
0.0554626 
0.0581255 
0.06071 
0.0631865 
0.0655246 
0.0676938 
0.069664 
0.0714065 
0.072894 
0.0741016 
0.0750073 
0.0755909 
0.0758372 
0.0757349 
0.0752752 
0.0744525 
0.0732646 
0.0717124 
0.0697996 
0.0675328 
0.0649217 
0.0619793 
0.0587229 
0.0551744 
0.0513622 
0.0473216 
0.0430964 
0.0387394 
0.0343124 
0.0298867 
0.0255417 
0.0213609 
0.0174173 
0.0137475 
0.0103459 
0.00717881 
0.0042096 
0.00137828 
-0.00137828 
0.000593321 
-0.000593321 
0.000174876 
0.00099132 
0.002515 
0.00429832 
0.00630959 
0.00837482 
0.010454 
0.0125024 
0.0145155 
0.0164966 
0.0184599 
0.0204226 
0.022403 
0.0244187 
0.0264849 
0.0286144 
0.0308165 
0.033097 
0.0354581 
0.037898 
0.0404109 
0.0429871 
0.0456126 
0.04827 
0.0509381 
0.0535926 
0.0562066 
0.0587509 
0.0611954 
0.0635086 
0.0656595 
0.0676174 
0.0693531 
0.0708393 
0.0720509 
0.0729662 
0.0735668 
0.0738345 
0.0737587 
0.0733301 
0.0725432 
0.071396 
0.0698896 
0.0680279 
0.0658176 
0.0632684 
0.0603933 
0.0572088 
0.0537367 
0.0500043 
0.0460468 
0.0419075 
0.0376399 
0.033307 
0.0289818 
0.024745 
0.0206789 
0.016852 
0.0132962 
0.0100057 
0.00694544 
0.00407594 
0.00133487 
-0.00133487 
-0.000426649 
0.000426649 
0.0013212 
0.00243496 
0.00384734 
0.00545012 
0.0071729 
0.00892377 
0.0106714 
0.0123925 
0.0140898 
0.0157734 
0.0174603 
0.0191695 
0.0209196 
0.0227278 
0.0246085 
0.0265732 
0.0286298 
0.0307829 
0.0330333 
0.0353776 
0.037809 
0.0403161 
0.042884 
0.0454937 
0.0481228 
0.0507458 
0.0533344 
0.0558586 
0.0582868 
0.0605868 
0.0627266 
0.0646748 
0.0664016 
0.0678794 
0.0690832 
0.0699913 
0.0705866 
0.0708541 
0.0707839 
0.0703683 
0.069603 
0.0684875 
0.067024 
0.0652175 
0.0630755 
0.0606079 
0.0578273 
0.0547493 
0.0513939 
0.0477866 
0.04396 
0.0399559 
0.0358267 
0.0316359 
0.027458 
0.0233759 
0.0194721 
0.0158121 
0.0124239 
0.00930391 
0.00642337 
0.00375038 
0.00122212 
-0.00122212 
-0.000511546 
0.000511546 
0.00163245 
0.00293348 
0.00434648 
0.00580625 
0.0072864 
0.0087461 
0.0101823 
0.0115951 
0.0129995 
0.0144136 
0.015858 
0.0173523 
0.0189144 
0.0205591 
0.0222983 
0.0241405 
0.0260911 
0.0281523 
0.0303226 
0.0325973 
0.034968 
0.0374226 
0.0399449 
0.0425153 
0.0451106 
0.0477044 
0.0502677 
0.0527696 
0.0551778 
0.0574595 
0.0595819 
0.0615132 
0.0632231 
0.0646836 
0.0658695 
0.0667587 
0.0673344 
0.0675815 
0.0674914 
0.0670579 
0.066279 
0.0651565 
0.0636955 
0.061904 
0.0597923 
0.0573726 
0.0546589 
0.0516675 
0.0484176 
0.0449328 
0.0412433 
0.0373882 
0.033418 
0.0293957 
0.0253971 
0.021507 
0.0178083 
0.0143624 
0.011193 
0.00830051 
0.005666 
0.00327069 
0.00105289 
-0.00105289 
-0.000494552 
0.000494552 
0.00176087 
0.00312428 
0.00444497 
0.00572579 
0.00695191 
0.00813359 
0.00928533 
0.0104277 
0.0115839 
0.0127771 
0.0140283 
0.0153556 
0.0167732 
0.0182921 
0.0199201 
0.0216625 
0.0235219 
0.0254984 
0.0275896 
0.02979 
0.0320909 
0.0344801 
0.0369417 
0.0394558 
0.0419992 
0.0445454 
0.0470649 
0.0495265 
0.0518973 
0.0541443 
0.0562342 
0.0581347 
0.0598154 
0.0612477 
0.0624063 
0.0632687 
0.0638184 
0.0640388 
0.0639222 
0.0634632 
0.062661 
0.0615195 
0.0600463 
0.0582522 
0.0561505 
0.0537564 
0.0510865 
0.0481591 
0.0449943 
0.0416155 
0.0380516 
0.0343403 
0.0305304 
0.026685 
0.022881 
0.0192054 
0.0157398 
0.0125387 
0.00962111 
0.00699403 
0.00465519 
0.00260875 
0.00081093 
-0.00081093 
-0.000447343 
0.000447343 
0.00169844 
0.00300974 
0.00419414 
0.00528306 
0.00627991 
0.0072248 
0.00814532 
0.00907492 
0.0100405 
0.0110668 
0.012172 
0.0133704 
0.0146716 
0.0160824 
0.0176074 
0.0192494 
0.0210096 
0.0228877 
0.0248814 
0.0269858 
0.029193 
0.0314917 
0.0338667 
0.0362987 
0.0387648 
0.0412386 
0.0436907 
0.0460897 
0.0484025 
0.0505958 
0.0526361 
0.0544911 
0.0561298 
0.0575235 
0.0586465 
0.059476 
0.0599953 
0.0601857 
0.0600407 
0.0595551 
0.0587293 
0.0575686 
0.0560825 
0.0542839 
0.0521885 
0.049814 
0.0471796 
0.0443056 
0.0412137 
0.0379284 
0.0344787 
0.030902 
0.0272475 
0.0235792 
0.0199768 
0.0165285 
0.0133116 
0.0103696 
0.00771673 
0.00537001 
0.00335633 
0.00172634 
0.000480281 
-0.000480281 
-0.000409527 
0.000409527 
0.00158059 
0.00275796 
0.00375457 
0.00464107 
0.0054265 
0.00617186 
0.00690742 
0.00767274 
0.00849277 
0.00938986 
0.0103774 
0.0114649 
0.0126579 
0.0139601 
0.0153741 
0.0169019 
0.0185447 
0.0203028 
0.022175 
0.0241578 
0.0262447 
0.0284256 
0.0306866 
0.0330092 
0.0353713 
0.0377468 
0.0401065 
0.0424192 
0.0446518 
0.0467711 
0.0487435 
0.0505367 
0.0521194 
0.0534628 
0.0545407 
0.05533 
0.0558142 
0.0559733 
0.0558017 
0.0552943 
0.0544521 
0.0532813 
0.0517923 
0.049999 
0.0479187 
0.0455704 
0.0429753 
0.0401553 
0.0371338 
0.0339367 
0.0305945 
0.0271458 
0.0236418 
0.0201497 
0.0167526 
0.0135386 
0.0105752 
0.00788947 
0.00549147 
0.00341704 
0.00175432 
0.000619754 
6.54252e-05 
-6.54252e-05 
-0.000343044 
0.000343044 
0.00136781 
0.00236814 
0.00316653 
0.00386355 
0.00446957 
0.00505559 
0.00564858 
0.00628856 
0.00699485 
0.00778567 
0.00866889 
0.00965042 
0.0107327 
0.0119181 
0.0132085 
0.0146061 
0.0161129 
0.0177304 
0.0194588 
0.0212963 
0.0232381 
0.0252757 
0.0273966 
0.0295837 
0.0318157 
0.0340673 
0.03631 
0.0385129 
0.0406437 
0.0426691 
0.0445561 
0.0462722 
0.0477863 
0.0490693 
0.0500946 
0.050839 
0.0512847 
0.0514114 
0.0512139 
0.0506877 
0.0498349 
0.0486627 
0.047182 
0.0454072 
0.0433557 
0.041047 
0.0385024 
0.035745 
0.0327991 
0.0296921 
0.0264564 
0.0231335 
0.0197784 
0.0164635 
0.0132757 
0.0102994 
0.00758422 
0.00513533 
0.002968 
0.0011694 
-7.39032e-05 
-0.000606789 
-0.000377343 
0.000377343 
-0.000278655 
0.000278655 
0.00112731 
0.00192177 
0.00251789 
0.00303797 
0.00348838 
0.00394308 
0.00442081 
0.00495846 
0.00556749 
0.0062616 
0.00704368 
0.00791716 
0.00888277 
0.00994234 
0.0110978 
0.0123518 
0.0137073 
0.0151672 
0.016733 
0.0184046 
0.020179 
0.0220498 
0.024006 
0.0260323 
0.0281087 
0.0302113 
0.0323124 
0.0343823 
0.0363891 
0.0383006 
0.0400841 
0.0417075 
0.0431398 
0.0443514 
0.0453156 
0.046009 
0.0464129 
0.0465073 
0.0462874 
0.0457493 
0.0448958 
0.0437346 
0.0422767 
0.0405363 
0.0385301 
0.0362771 
0.0337981 
0.0311158 
0.0282552 
0.0252447 
0.0221195 
0.0189249 
0.0157221 
0.0125899 
0.00961847 
0.00688141 
0.00440021 
0.00216363 
0.000231854 
-0.00120318 
-0.00191522 
-0.00175956 
-0.00075582 
0.00075582 
-0.000202868 
0.000202868 
0.000852185 
0.00143254 
0.00183898 
0.00220004 
0.00251741 
0.00286176 
0.00324224 
0.00369058 
0.00421016 
0.00481075 
0.00549129 
0.00625379 
0.00709795 
0.00802545 
0.0090382 
0.0101394 
0.0113327 
0.0126218 
0.0140099 
0.0154983 
0.0170861 
0.0187688 
0.0205377 
0.0223796 
0.0242764 
0.0262058 
0.0281419 
0.0300561 
0.031918 
0.0336963 
0.0353593 
0.0368754 
0.0382134 
0.0393441 
0.0402402 
0.0408782 
0.0412383 
0.0413004 
0.0410608 
0.0405169 
0.0396726 
0.0385356 
0.0371165 
0.0354281 
0.0334855 
0.0313061 
0.0289093 
0.0263166 
0.0235532 
0.0206486 
0.0176414 
0.0145822 
0.0115405 
0.00860302 
0.00585788 
0.00335877 
0.00109614 
-0.000917489 
-0.00252606 
-0.00347612 
-0.00354496 
-0.00267096 
-0.00102042 
0.00102042 
-0.000129229 
0.000129229 
0.000573059 
0.000939361 
0.00117058 
0.00138574 
0.00158477 
0.0018299 
0.00212179 
0.0024857 
0.002918 
0.0034252 
0.00400315 
0.004653 
0.00537351 
0.00616606 
0.00703229 
0.00797547 
0.00899952 
0.0101089 
0.0113078 
0.0125993 
0.0139843 
0.0154606 
0.0170221 
0.018658 
0.0203528 
0.0220866 
0.0238355 
0.0255727 
0.0272695 
0.0288959 
0.0304214 
0.031815 
0.0330461 
0.034085 
0.0349045 
0.0354815 
0.035795 
0.0358268 
0.035574 
0.0350351 
0.0342143 
0.0331185 
0.0317564 
0.030139 
0.028279 
0.0261911 
0.0238929 
0.0214045 
0.0187508 
0.015963 
0.013084 
0.0101724 
0.00730692 
0.00458025 
0.00207591 
-0.000183089 
-0.0022198 
-0.00394594 
-0.00511033 
-0.00544493 
-0.00480923 
-0.00329356 
-0.00118744 
0.00118744 
-5.34097e-05 
5.34097e-05 
0.000291871 
0.000453741 
0.000526861 
0.000607952 
0.000699549 
0.000851345 
0.00105855 
0.0013391 
0.00168446 
0.00209813 
0.00257373 
0.00311147 
0.00370901 
0.00436705 
0.00508651 
0.00587026 
0.00672209 
0.00764675 
0.00864919 
0.00973384 
0.0109036 
0.0121586 
0.0134957 
0.0149072 
0.0163805 
0.0178986 
0.0194403 
0.020981 
0.022494 
0.0239512 
0.0253232 
0.0265804 
0.0276924 
0.0286294 
0.0293643 
0.0298746 
0.0301387 
0.0301423 
0.0298842 
0.0293639 
0.0285841 
0.0275488 
0.0262639 
0.0247369 
0.0229776 
0.0209982 
0.0188138 
0.0164431 
0.0139113 
0.0112522 
0.00851517 
0.00576565 
0.00309736 
0.000612512 
-0.0016279 
-0.00364902 
-0.00542512 
-0.00675533 
-0.00734208 
-0.00698122 
-0.00568143 
-0.0036834 
-0.00129124 
0.00129124 
2.08408e-05 
-2.08408e-05 
2.04915e-05 
-8.02461e-06 
-7.82607e-05 
-0.000122117 
-0.000131413 
-7.13306e-05 
5.18177e-05 
0.000247923 
0.000506056 
0.000826413 
0.00120121 
0.00162928 
0.00210693 
0.00263369 
0.00320932 
0.0038358 
0.00451624 
0.00525522 
0.00605807 
0.00693029 
0.00787658 
0.00889978 
0.00999963 
0.0111719 
0.0124076 
0.013693 
0.0150099 
0.0163369 
0.0176494 
0.0189214 
0.0201252 
0.0212327 
0.0222144 
0.0230401 
0.0236825 
0.0241192 
0.0243323 
0.0243149 
0.024066 
0.0235827 
0.0228636 
0.0219083 
0.0207189 
0.0192994 
0.0176566 
0.0157996 
0.0137418 
0.0115007 
0.00910276 
0.00658431 
0.00400405 
0.00144454 
-0.000983844 
-0.00319105 
-0.00517539 
-0.0069507 
-0.00838324 
-0.00919095 
-0.00910886 
-0.00806499 
-0.00622908 
-0.00391573 
-0.00135412 
0.00135412 
0.000102081 
-0.000102081 
-0.000244108 
-0.000439364 
-0.000639279 
-0.000799002 
-0.000905209 
-0.000936959 
-0.000899152 
-0.000789593 
-0.000618987 
-0.000391028 
-0.000113968 
0.000208673 
0.000571514 
0.000972529 
0.00141003 
0.00188452 
0.00239801 
0.00295438 
0.00355886 
0.00421772 
0.00493729 
0.00572281 
0.00657728 
0.00750005 
0.00848597 
0.00952521 
0.0106034 
0.0117023 
0.0128004 
0.0138741 
0.0148974 
0.0158442 
0.0166868 
0.0173956 
0.0179432 
0.0183041 
0.0184716 
0.0184459 
0.0182224 
0.0177927 
0.0171498 
0.0162891 
0.0152086 
0.0139091 
0.0123941 
0.0106702 
0.0087493 
0.0066474 
0.00439346 
0.00203353 
-0.000359667 
-0.00267991 
-0.00482964 
-0.00676604 
-0.00850358 
-0.00998018 
-0.0109603 
-0.0111498 
-0.0103875 
-0.00875864 
-0.00654571 
-0.00404526 
-0.00139121 
0.00139121 
0.000188029 
-0.000188029 
-0.000495345 
-0.000834285 
-0.00115414 
-0.00142264 
-0.00162431 
-0.00174765 
-0.00179632 
-0.00177363 
-0.00168977 
-0.00155188 
-0.00136867 
-0.00114661 
-0.000892157 
-0.000609533 
-0.000302171 
2.84718e-05 
0.000382819 
0.000763428 
0.00117513 
0.00162451 
0.00211915 
0.00266651 
0.00327265 
0.00394054 
0.00466919 
0.00545327 
0.00628277 
0.00714343 
0.00801688 
0.00888249 
0.00971634 
0.0104948 
0.0111926 
0.0117836 
0.0122423 
0.0125374 
0.0126758 
0.0126566 
0.0124701 
0.0121027 
0.0115438 
0.0107847 
0.0098202 
0.00864752 
0.00726718 
0.00568255 
0.0039055 
0.00195449 
-0.000137575 
-0.00230747 
-0.00446649 
-0.00651181 
-0.00837959 
-0.0100588 
-0.0115269 
-0.0126231 
-0.013059 
-0.0126007 
-0.0112274 
-0.00915717 
-0.00670718 
-0.00410581 
-0.00140767 
0.00140767 
0.000270018 
-0.000270018 
-0.000725705 
-0.00119339 
-0.00162475 
-0.0019959 
-0.00229063 
-0.0025039 
-0.00263851 
-0.00270153 
-0.0027028 
-0.00265198 
-0.0025586 
-0.00243125 
-0.0022778 
-0.00210494 
-0.00191815 
-0.00172118 
-0.0015156 
-0.00130036 
-0.0010716 
-0.000822926 
-0.000546068 
-0.000231931 
0.00012821 
0.000541104 
0.00101045 
0.00153575 
0.00211171 
0.00272847 
0.00337133 
0.00402322 
0.00466271 
0.00526952 
0.00582021 
0.00629518 
0.00667591 
0.006929 
0.00706003 
0.00705656 
0.0069111 
0.00660723 
0.00613284 
0.00547632 
0.00462946 
0.00358654 
0.00234459 
0.000906698 
-0.000718543 
-0.00250234 
-0.00440073 
-0.00633881 
-0.00822833 
-0.00998625 
-0.0115816 
-0.0130013 
-0.0141497 
-0.0147876 
-0.0146381 
-0.0135761 
-0.0117153 
-0.00934886 
-0.00676172 
-0.00411494 
-0.00140643 
0.00140643 
0.000345351 
-0.000345351 
-0.000933078 
-0.0015161 
-0.00204961 
-0.00251655 
-0.00290058 
-0.00320114 
-0.00342012 
-0.00356694 
-0.003651 
-0.00368374 
-0.0036754 
-0.00363652 
-0.00357661 
-0.00350467 
-0.00342837 
-0.00335382 
-0.00328477 
-0.00322212 
-0.00316344 
-0.0031031 
-0.00303256 
-0.00294143 
-0.00281868 
-0.0026539 
-0.00243884 
-0.00216916 
-0.00184528 
-0.0014723 
-0.00106061 
-0.000623467 
-0.000178957 
0.00025584 
0.000660312 
0.00101929 
0.00132203 
0.00154576 
0.00168535 
0.00170783 
0.00160926 
0.00137129 
0.000982121 
0.000428029 
-0.000302404 
-0.00121591 
-0.00231655 
-0.00359906 
-0.00505097 
-0.0066379 
-0.00830596 
-0.00997702 
-0.0115752 
-0.0130473 
-0.0143772 
-0.0155149 
-0.0162868 
-0.0164224 
-0.0157105 
-0.0141469 
-0.0119398 
-0.00939584 
-0.00673449 
-0.00407957 
-0.00139032 
0.00139032 
0.00041254 
-0.00041254 
-0.00111595 
-0.00180107 
-0.00242635 
-0.00298105 
-0.00344879 
-0.0038323 
-0.00413243 
-0.00435999 
-0.00452381 
-0.00463645 
-0.00470865 
-0.00475247 
-0.00477882 
-0.00479878 
-0.00482214 
-0.00485747 
-0.00491096 
-0.00498589 
-0.00508183 
-0.00519445 
-0.00531554 
-0.00543377 
-0.00553575 
-0.00560773 
-0.00563733 
-0.00561529 
-0.00553684 
-0.00540215 
-0.00521677 
-0.00498992 
-0.0047352 
-0.00446685 
-0.00420058 
-0.0039514 
-0.00372612 
-0.00354516 
-0.00340532 
-0.00335765 
-0.00340696 
-0.00357591 
-0.0038769 
-0.00432506 
-0.00493244 
-0.00570753 
-0.00665315 
-0.00776159 
-0.00901414 
-0.0103702 
-0.0117719 
-0.0131492 
-0.0144486 
-0.0156415 
-0.0167019 
-0.0175232 
-0.0178795 
-0.0175198 
-0.0163253 
-0.0143911 
-0.0119658 
-0.00932741 
-0.00663546 
-0.00400079 
-0.00135996 
0.00135996 
0.000470923 
-0.000470923 
-0.0012731 
-0.002046 
-0.00275093 
-0.00338346 
-0.0039272 
-0.00438748 
-0.00476399 
-0.00506824 
-0.00530825 
-0.00549713 
-0.00564578 
-0.00576726 
-0.00587351 
-0.00597715 
-0.0060898 
-0.00622226 
-0.00638316 
-0.00657842 
-0.00681009 
-0.00707588 
-0.00736873 
-0.00767726 
-0.00798667 
-0.00828032 
-0.00854166 
-0.00875637 
-0.00891415 
-0.00900966 
-0.00904297 
-0.00901858 
-0.00894516 
-0.00883311 
-0.00869465 
-0.008543 
-0.00838621 
-0.00824809 
-0.00812229 
-0.00805879 
-0.00806548 
-0.00816792 
-0.00838069 
-0.00872023 
-0.00919903 
-0.009825 
-0.0105986 
-0.0115087 
-0.0125307 
-0.0136213 
-0.0147272 
-0.0157963 
-0.0167986 
-0.0177154 
-0.0184901 
-0.0189654 
-0.0189016 
-0.0181038 
-0.0165423 
-0.0143689 
-0.0118246 
-0.00914175 
-0.00645857 
-0.00387432 
-0.00131381 
0.00131381 
0.000520041 
-0.000520041 
-0.00140325 
-0.00224824 
-0.00301879 
-0.00371707 
-0.00432673 
-0.00485544 
-0.00530169 
-0.00567731 
-0.00598931 
-0.00625083 
-0.00647253 
-0.00666781 
-0.00684902 
-0.00702969 
-0.00722262 
-0.00744037 
-0.00769378 
-0.00799142 
-0.00833819 
-0.00873442 
-0.00917513 
-0.00964992 
-0.0101436 
-0.0106375 
-0.0111115 
-0.0115466 
-0.0119268 
-0.0122408 
-0.012483 
-0.0126526 
-0.0127533 
-0.0127918 
-0.0127771 
-0.0127202 
-0.0126304 
-0.0125324 
-0.0124216 
-0.0123458 
-0.0123135 
-0.0123513 
-0.0124751 
-0.0127018 
-0.0130431 
-0.0135052 
-0.0140853 
-0.014769 
-0.015529 
-0.0163251 
-0.0171166 
-0.0178734 
-0.0185817 
-0.0192163 
-0.0196851 
-0.0198028 
-0.019353 
-0.0182096 
-0.0164074 
-0.0141087 
-0.011517 
-0.00882374 
-0.00618965 
-0.00369249 
-0.00124864 
0.00124864 
0.000559539 
-0.000559539 
-0.00150523 
-0.0024052 
-0.0032255 
-0.00397526 
-0.00463841 
-0.00522499 
-0.00573242 
-0.00617268 
-0.00655163 
-0.00688209 
-0.00717396 
-0.00744037 
-0.00769331 
-0.00794637 
-0.0082127 
-0.00850583 
-0.00883826 
-0.00922091 
-0.00966159 
-0.0101638 
-0.0107254 
-0.0113384 
-0.0119882 
-0.0126555 
-0.0133179 
-0.0139519 
-0.0145362 
-0.0150536 
-0.0154923 
-0.015846 
-0.0161135 
-0.0162973 
-0.0164034 
-0.0164401 
-0.0164179 
-0.0163597 
-0.0162641 
-0.0161766 
-0.016106 
-0.0160783 
-0.0161095 
-0.0162156 
-0.0164068 
-0.0166866 
-0.0170496 
-0.0174797 
-0.0179511 
-0.0184334 
-0.0189027 
-0.0193474 
-0.01976 
-0.020099 
-0.0202467 
-0.0200191 
-0.0192463 
-0.0178643 
-0.0159371 
-0.0135982 
-0.0110108 
-0.00834821 
-0.0058087 
-0.00344442 
-0.00116057 
0.00116057 
0.000589241 
-0.000589241 
-0.00157839 
-0.00251524 
-0.00336804 
-0.00415325 
-0.00485545 
-0.00548733 
-0.00604552 
-0.00654219 
-0.00698204 
-0.00737727 
-0.00773666 
-0.00807237 
-0.0083953 
-0.00871813 
-0.0090534 
-0.00941459 
-0.00981498 
-0.0102672 
-0.0107816 
-0.0113652 
-0.0120195 
-0.0127394 
-0.0135131 
-0.014322 
-0.0151423 
-0.0159479 
-0.0167127 
-0.0174137 
-0.0180328 
-0.018558 
-0.0189829 
-0.0193059 
-0.0195296 
-0.0196597 
-0.0197061 
-0.0196885 
-0.0196086 
-0.0195086 
-0.0193981 
-0.0193013 
-0.0192334 
-0.0192087 
-0.019235 
-0.0193137 
-0.019438 
-0.019593 
-0.0197592 
-0.019919 
-0.0200648 
-0.0201971 
-0.0203057 
-0.0203333 
-0.0201551 
-0.0196135 
-0.0185933 
-0.0170749 
-0.0151174 
-0.0127984 
-0.0102513 
-0.00768106 
-0.00529301 
-0.00311794 
-0.00104549 
0.00104549 
0.000609231 
-0.000609231 
-0.001623 
-0.0025785 
-0.00344608 
-0.00424987 
-0.00497551 
-0.0056388 
-0.00623591 
-0.00677946 
-0.00727303 
-0.00772806 
-0.00815188 
-0.0085552 
-0.00894711 
-0.00933851 
-0.00974031 
-0.0101648 
-0.010625 
-0.0111341 
-0.0117046 
-0.0123465 
-0.0130652 
-0.01386 
-0.0147225 
-0.0156367 
-0.0165798 
-0.017524 
-0.0184399 
-0.0192993 
-0.0200782 
-0.0207583 
-0.0213279 
-0.021781 
-0.0221165 
-0.0223369 
-0.0224511 
-0.0224742 
-0.02241 
-0.0222965 
-0.0221436 
-0.0219731 
-0.0217989 
-0.0216329 
-0.0214812 
-0.0213438 
-0.0212145 
-0.0210826 
-0.0209378 
-0.0207753 
-0.0205996 
-0.0204159 
-0.0202076 
-0.0199099 
-0.0194106 
-0.0185935 
-0.0173969 
-0.0158269 
-0.0139163 
-0.0116698 
-0.00918014 
-0.0067888 
-0.00462195 
-0.00270195 
-0.000900075 
0.000900075 
0.000620012 
-0.000620012 
-0.0016408 
-0.00259778 
-0.00346338 
-0.00426946 
-0.00500318 
-0.00568382 
-0.00630754 
-0.00688764 
-0.00742676 
-0.00793553 
-0.00841964 
-0.00888799 
-0.0093474 
-0.00980633 
-0.0102732 
-0.0107581 
-0.0112724 
-0.011829 
-0.0124412 
-0.0131212 
-0.0138783 
-0.0147163 
-0.0156317 
-0.0166126 
-0.0176389 
-0.0186835 
-0.0197154 
-0.0207023 
-0.0216148 
-0.0224286 
-0.023126 
-0.023696 
-0.0241336 
-0.0244379 
-0.024616 
-0.0246775 
-0.0246277 
-0.0244992 
-0.0243014 
-0.0240532 
-0.0237669 
-0.0234524 
-0.0231146 
-0.0227535 
-0.0223658 
-0.0219467 
-0.021495 
-0.0210163 
-0.0205218 
-0.0200161 
-0.0194776 
-0.0188453 
-0.0180333 
-0.0169721 
-0.0156455 
-0.0140736 
-0.0122616 
-0.0101421 
-0.00777066 
-0.00564926 
-0.00378594 
-0.00219075 
-0.000723004 
0.000723004 
0.000622555 
-0.000622555 
-0.00163519 
-0.00257913 
-0.00342869 
-0.00422329 
-0.00495183 
-0.00563732 
-0.00627623 
-0.00688279 
-0.00745879 
-0.00801411 
-0.00855273 
-0.00908162 
-0.00960513 
-0.010129 
-0.0106586 
-0.0112011 
-0.0117654 
-0.0123626 
-0.0130053 
-0.013707 
-0.0144799 
-0.0153323 
-0.0162659 
-0.0172744 
-0.0183421 
-0.019445 
-0.0205523 
-0.0216301 
-0.0226446 
-0.0235656 
-0.0243692 
-0.0250389 
-0.0255651 
-0.0259432 
-0.0261776 
-0.0262724 
-0.0262342 
-0.0260884 
-0.0258438 
-0.025516 
-0.0251155 
-0.0246508 
-0.0241264 
-0.023544 
-0.0229038 
-0.0222073 
-0.0214609 
-0.0206764 
-0.0198668 
-0.0190341 
-0.0181563 
-0.0171854 
-0.0160678 
-0.0147766 
-0.013329 
-0.0117533 
-0.0100425 
-0.00808272 
-0.00599 
-0.00425237 
-0.00278529 
-0.00158553 
-0.00051555 
0.00051555 
0.000618396 
-0.000618396 
-0.00161151 
-0.0025321 
-0.00335628 
-0.00413021 
-0.00484452 
-0.00552586 
-0.00617116 
-0.00679558 
-0.00740017 
-0.00799405 
-0.00857954 
-0.0091618 
-0.00974283 
-0.0103257 
-0.0109129 
-0.0115084 
-0.0121178 
-0.0127495 
-0.0134141 
-0.014125 
-0.0148955 
-0.0157376 
-0.0166583 
-0.0176572 
-0.0187246 
-0.0198415 
-0.0209802 
-0.0221071 
-0.0231861 
-0.0241825 
-0.0250663 
-0.0258146 
-0.0264125 
-0.0268508 
-0.0271311 
-0.0272522 
-0.027221 
-0.0270557 
-0.0267637 
-0.0263574 
-0.0258456 
-0.0252359 
-0.0245332 
-0.0237413 
-0.0228643 
-0.0219088 
-0.0208859 
-0.0198098 
-0.0186924 
-0.0175339 
-0.016317 
-0.0150116 
-0.0135966 
-0.0120776 
-0.0104949 
-0.00887916 
-0.00724795 
-0.0054501 
-0.00386679 
-0.00261741 
-0.00164076 
-0.000899008 
-0.000282725 
0.000282725 
0.0006094 
-0.0006094 
-0.00157658 
-0.00246929 
-0.00326512 
-0.00401566 
-0.00471289 
-0.00538644 
-0.00603357 
-0.00667019 
-0.00729651 
-0.00792088 
-0.00854408 
-0.00916972 
-0.00979784 
-0.0104295 
-0.0110645 
-0.0117042 
-0.012351 
-0.0130099 
-0.0136887 
-0.0143985 
-0.0151527 
-0.0159649 
-0.0168465 
-0.0178029 
-0.0188314 
-0.0199191 
-0.0210436 
-0.0221743 
-0.0232757 
-0.0243103 
-0.0252433 
-0.0260454 
-0.0266955 
-0.0271789 
-0.0274935 
-0.0276325 
-0.0276031 
-0.0274164 
-0.0270783 
-0.026598 
-0.0259831 
-0.0252402 
-0.0243752 
-0.0233939 
-0.0223034 
-0.0211136 
-0.0198376 
-0.0184894 
-0.017079 
-0.015607 
-0.0140647 
-0.0124424 
-0.0107472 
-0.00900835 
-0.00727948 
-0.00559943 
-0.0040181 
-0.00246692 
-0.00153986 
-0.000835146 
-0.000405669 
-0.000162126 
-3.44921e-05 
3.44921e-05 
0.000597859 
-0.000597859 
-0.00153855 
-0.00240551 
-0.0031774 
-0.00390936 
-0.00459394 
-0.00526251 
-0.00591232 
-0.00655941 
-0.00720311 
-0.00785077 
-0.00850189 
-0.00915879 
-0.0098202 
-0.0104858 
-0.0111539 
-0.0118238 
-0.0124954 
-0.0131707 
-0.0138541 
-0.0145536 
-0.0152803 
-0.016048 
-0.0168701 
-0.0177572 
-0.0187131 
-0.0197321 
-0.0207987 
-0.0218877 
-0.0229663 
-0.0239976 
-0.0249439 
-0.0257708 
-0.0264505 
-0.0269623 
-0.0272987 
-0.0274477 
-0.0274157 
-0.0272074 
-0.026827 
-0.026281 
-0.0255756 
-0.024717 
-0.0237118 
-0.022567 
-0.0212919 
-0.0198977 
-0.0183974 
-0.0168038 
-0.0151258 
-0.0133671 
-0.0115303 
-0.00962608 
-0.00768598 
-0.00575801 
-0.00390769 
-0.00217493 
-0.000638698 
0.00045976 
0.000820876 
0.000969173 
0.000856418 
0.000586678 
0.00021564 
-0.00021564 
0.000585034 
-0.000585034 
-0.00150577 
-0.0023559 
-0.00311573 
-0.00384128 
-0.00452473 
-0.00519752 
-0.0058563 
-0.00651648 
-0.00717628 
-0.00784194 
-0.00851181 
-0.00918725 
-0.00986628 
-0.010548 
-0.0112302 
-0.0119113 
-0.01259 
-0.0132659 
-0.0139408 
-0.0146189 
-0.0153082 
-0.01602 
-0.016768 
-0.0175655 
-0.0184219 
-0.0193391 
-0.0203089 
-0.0213131 
-0.0223242 
-0.0233084 
-0.0242283 
-0.0250467 
-0.0257305 
-0.0262522 
-0.0265979 
-0.0267498 
-0.0267118 
-0.0264833 
-0.0260669 
-0.0254664 
-0.024687 
-0.0237343 
-0.022615 
-0.0213371 
-0.0199102 
-0.0183457 
-0.0166558 
-0.014852 
-0.0129439 
-0.0109403 
-0.00885741 
-0.00672477 
-0.00459831 
-0.00253584 
-0.000601759 
0.00114115 
0.0024893 
0.0031242 
0.00305124 
0.00269392 
0.00207571 
0.0013092 
0.000454994 
-0.000454994 
0.000575562 
-0.000575562 
-0.00148736 
-0.00233504 
-0.00310031 
-0.00383722 
-0.00453635 
-0.00522736 
-0.00590568 
-0.00658519 
-0.00726291 
-0.00794375 
-0.00862512 
-0.00930766 
-0.00998912 
-0.0106686 
-0.0113443 
-0.0120148 
-0.0126787 
-0.0133351 
-0.0139838 
-0.0146263 
-0.0152668 
-0.0159132 
-0.0165765 
-0.0172705 
-0.0180081 
-0.0187974 
-0.0196385 
-0.0205209 
-0.0214238 
-0.0223185 
-0.0231707 
-0.0239435 
-0.0246008 
-0.0251101 
-0.0254506 
-0.0255984 
-0.0255527 
-0.0253079 
-0.0248644 
-0.0242237 
-0.0233897 
-0.0223673 
-0.021163 
-0.0197847 
-0.0182419 
-0.0165453 
-0.0147063 
-0.012736 
-0.0106463 
-0.00845339 
-0.00618682 
-0.00389617 
-0.00164767 
0.000509605 
0.00247727 
0.00412593 
0.0051852 
0.00545608 
0.0050224 
0.00423718 
0.0031774 
0.00196498 
0.000672241 
-0.000672241 
0.000574844 
-0.000574844 
-0.00149054 
-0.00235461 
-0.00314599 
-0.0039147 
-0.00464868 
-0.00537399 
-0.00608448 
-0.0067917 
-0.00749148 
-0.00818724 
-0.00887565 
-0.00955676 
-0.0102283 
-0.0108897 
-0.0115399 
-0.0121785 
-0.012805 
-0.0134192 
-0.0140205 
-0.0146093 
-0.0151869 
-0.0157574 
-0.016328 
-0.0169098 
-0.0175161 
-0.0181596 
-0.0188476 
-0.0195782 
-0.0203388 
-0.0211067 
-0.0218526 
-0.0225425 
-0.0231409 
-0.0236125 
-0.0239307 
-0.0240653 
-0.0240093 
-0.0237522 
-0.0232915 
-0.0226263 
-0.0217587 
-0.0206926 
-0.0194338 
-0.0179897 
-0.0163692 
-0.0145821 
-0.0126395 
-0.0105531 
-0.00833908 
-0.006021 
-0.0036435 
-0.00126267 
0.00106546 
0.00326838 
0.00518566 
0.00664937 
0.00741732 
0.007393 
0.00666657 
0.00553736 
0.00411448 
0.00252639 
0.000858569 
-0.000858569 
0.0005841 
-0.0005841 
-0.00152145 
-0.00242193 
-0.00326025 
-0.00408065 
-0.00486766 
-0.00564257 
-0.00639749 
-0.00714114 
-0.00786826 
-0.00858074 
-0.00927467 
-0.00994951 
-0.0106031 
-0.0112351 
-0.0118453 
-0.0124345 
-0.0130036 
-0.0135538 
-0.0140859 
-0.0146005 
-0.0150981 
-0.0155801 
-0.0160499 
-0.0165143 
-0.0169837 
-0.0174716 
-0.0179903 
-0.0185467 
-0.0191377 
-0.0197486 
-0.0203554 
-0.020928 
-0.0214337 
-0.0218382 
-0.0221119 
-0.0222214 
-0.0221513 
-0.0218859 
-0.0214186 
-0.0207453 
-0.0198661 
-0.0187831 
-0.0175012 
-0.0160268 
-0.0143681 
-0.0125344 
-0.0105369 
-0.00838929 
-0.00611204 
-0.00373717 
-0.00131664 
0.00110815 
0.00346581 
0.00563474 
0.00742963 
0.00867584 
0.0091834 
0.00891363 
0.00795892 
0.00656469 
0.00486099 
0.00297683 
0.00100858 
-0.00100858 
0.000601327 
-0.000601327 
-0.00158608 
-0.00253967 
-0.00344381 
-0.00433186 
-0.00518669 
-0.00602343 
-0.00683287 
-0.0076206 
-0.00838044 
-0.00911272 
-0.00981304 
-0.0104803 
-0.0111121 
-0.0117085 
-0.0122699 
-0.0127978 
-0.0132947 
-0.0137635 
-0.014207 
-0.0146273 
-0.0150261 
-0.0154044 
-0.0157632 
-0.0161054 
-0.0164368 
-0.0167671 
-0.0171097 
-0.0174774 
-0.0178776 
-0.0183066 
-0.0187485 
-0.0191776 
-0.0195641 
-0.0198758 
-0.0200831 
-0.0201508 
-0.0200574 
-0.0197835 
-0.019317 
-0.0186502 
-0.01778 
-0.0167062 
-0.0154321 
-0.0139628 
-0.0123056 
-0.0104698 
-0.00846708 
-0.0063135 
-0.0040336 
-0.00166605 
0.000749536 
0.00316914 
0.00548483 
0.00755116 
0.00918166 
0.0102087 
0.0104932 
0.0100252 
0.00890159 
0.00731591 
0.00541084 
0.00331134 
0.0011205 
-0.0011205 
0.000625515 
-0.000625515 
-0.00168022 
-0.00270456 
-0.00368926 
-0.00465719 
-0.00559021 
-0.00649766 
-0.00736912 
-0.00820715 
-0.00900473 
-0.0097606 
-0.0104698 
-0.0111305 
-0.0117403 
-0.012299 
-0.0128072 
-0.0132675 
-0.0136831 
-0.0140587 
-0.0143989 
-0.0147082 
-0.0149904 
-0.0152482 
-0.0154829 
-0.0156958 
-0.0158885 
-0.0160658 
-0.0162365 
-0.0164137 
-0.0166113 
-0.0168381 
-0.0170914 
-0.0173537 
-0.0175978 
-0.0177929 
-0.0179108 
-0.0179206 
-0.0177953 
-0.0175114 
-0.0170519 
-0.0164045 
-0.0155621 
-0.0145219 
-0.0132849 
-0.0118546 
-0.0102375 
-0.00844263 
-0.00648269 
-0.00437504 
-0.00214941 
0.000163233 
0.00253073 
0.00488247 
0.00709258 
0.00900934 
0.0104541 
0.0112757 
0.0113747 
0.0107543 
0.00951479 
0.00780443 
0.0057713 
0.00353326 
0.00119532 
-0.00119532 
0.000656963 
-0.000656963 
-0.00179488 
-0.00290999 
-0.00398686 
-0.00504217 
-0.00606029 
-0.00704458 
-0.00798373 
-0.00887738 
-0.00971755 
-0.0105013 
-0.011223 
-0.0118798 
-0.012469 
-0.01299 
-0.0134437 
-0.0138331 
-0.0141625 
-0.0144375 
-0.0146647 
-0.0148508 
-0.0150018 
-0.0151232 
-0.0152187 
-0.0152904 
-0.0153393 
-0.0153666 
-0.0153753 
-0.0153727 
-0.0153711 
-0.0153861 
-0.01543 
-0.0155033 
-0.0155892 
-0.0156575 
-0.015676 
-0.0156119 
-0.0154411 
-0.0151408 
-0.0146892 
-0.0140693 
-0.0132696 
-0.0122838 
-0.0111098 
-0.0097494 
-0.00820778 
-0.00649354 
-0.00461968 
-0.0026055 
-0.000478213 
0.00174413 
0.00401198 
0.00623847 
0.0082961 
0.0100331 
0.0112858 
0.0119222 
0.0118709 
0.0111405 
0.00983149 
0.00805576 
0.00595968 
0.00365231 
0.00123616 
-0.00123616 
0.000695091 
-0.000695091 
-0.00192619 
-0.00314591 
-0.00432313 
-0.00547297 
-0.00658102 
-0.00764741 
-0.0086595 
-0.00961421 
-0.0105023 
-0.0113191 
-0.0120576 
-0.012714 
-0.0132848 
-0.013769 
-0.0141676 
-0.0144841 
-0.0147235 
-0.0148929 
-0.0150004 
-0.0150545 
-0.0150638 
-0.015036 
-0.0149778 
-0.014894 
-0.0147878 
-0.0146609 
-0.0145138 
-0.0143483 
-0.0141693 
-0.013987 
-0.0138176 
-0.0136773 
-0.0135721 
-0.0134875 
-0.0133903 
-0.013248 
-0.0130327 
-0.0127175 
-0.0122784 
-0.0116944 
-0.0109503 
-0.0100364 
-0.00894777 
-0.00768393 
-0.00624848 
-0.00464911 
-0.00289854 
-0.00101571 
0.000985269 
0.00307708 
0.00519664 
0.00725503 
0.00912721 
0.0106683 
0.0117325 
0.0122059 
0.0120363 
0.0112336 
0.00989279 
0.00810361 
0.00600004 
0.0036824 
0.0012476 
-0.0012476 
0.00073786 
-0.00073786 
-0.00207206 
-0.00339937 
-0.00468684 
-0.00593853 
-0.00714134 
-0.00829579 
-0.00938674 
-0.010409 
-0.0113515 
-0.0122075 
-0.0129684 
-0.0136286 
-0.0141838 
-0.0146322 
-0.0149749 
-0.0152158 
-0.0153611 
-0.0154195 
-0.0154009 
-0.0153157 
-0.0151747 
-0.0149879 
-0.0147642 
-0.0145114 
-0.0142354 
-0.0139408 
-0.0136303 
-0.0133054 
-0.0129667 
-0.0126163 
-0.0122609 
-0.0119149 
-0.0116006 
-0.0113369 
-0.0111199 
-0.0108982 
-0.0106259 
-0.0102921 
-0.00986698 
-0.00932397 
-0.00864477 
-0.00781623 
-0.00683061 
-0.0056847 
-0.00438016 
-0.00292306 
-0.00132475 
0.00040521 
0.00225117 
0.00417331 
0.00610818 
0.00796797 
0.00963444 
0.0109741 
0.0118591 
0.0121919 
0.0119315 
0.0110892 
0.00974504 
0.00798679 
0.00591977 
0.00363959 
0.001235 
-0.001235 
0.000784335 
-0.000784335 
-0.00222819 
-0.00366678 
-0.00506955 
-0.00643139 
-0.00773654 
-0.00898466 
-0.010162 
-0.0112595 
-0.0122645 
-0.0131674 
-0.0139575 
-0.0146272 
-0.0151702 
-0.0155842 
-0.0158698 
-0.0160316 
-0.0160776 
-0.016018 
-0.0158653 
-0.0156326 
-0.0153328 
-0.0149783 
-0.0145802 
-0.014148 
-0.0136903 
-0.0132144 
-0.0127265 
-0.0122319 
-0.0117344 
-0.0112357 
-0.0107359 
-0.0102354 
-0.00973898 
-0.0092637 
-0.00883609 
-0.00848717 
-0.00818638 
-0.00786234 
-0.00746926 
-0.00698075 
-0.00637775 
-0.00564708 
-0.00477877 
-0.00376751 
-0.00261257 
-0.00131708 
0.000114087 
0.00167325 
0.00333472 
0.00505784 
0.00678234 
0.00842435 
0.00987548 
0.0110159 
0.0117341 
0.011947 
0.0116199 
0.0107643 
0.00944382 
0.00774416 
0.00574825 
0.0035407 
0.00120404 
-0.00120404 
0.000833817 
-0.000833817 
-0.00239213 
-0.00394672 
-0.00546642 
-0.00694539 
-0.008362 
-0.0097123 
-0.0109839 
-0.012166 
-0.0132432 
-0.0142026 
-0.0150308 
-0.0157169 
-0.0162528 
-0.0166343 
-0.0168619 
-0.0169408 
-0.0168807 
-0.0166946 
-0.016398 
-0.0160072 
-0.0155385 
-0.0150066 
-0.0144248 
-0.0138045 
-0.0131555 
-0.0124871 
-0.0118082 
-0.0111273 
-0.0104531 
-0.00979238 
-0.0091495 
-0.00852406 
-0.00791004 
-0.00730176 
-0.00670981 
-0.00619242 
-0.00581566 
-0.00547362 
-0.00511226 
-0.00468177 
-0.00416385 
-0.00354128 
-0.00280204 
-0.00193731 
-0.000943138 
0.000182547 
0.0014358 
0.00280278 
0.00425766 
0.00576246 
0.00726101 
0.00867599 
0.00991041 
0.0108586 
0.0114241 
0.0115352 
0.0111611 
0.0103115 
0.00903601 
0.00741115 
0.00551031 
0.00340108 
0.00115986 
-0.00115986 
0.000885239 
-0.000885239 
-0.0025614 
-0.00423521 
-0.00587631 
-0.00747542 
-0.00901159 
-0.0104747 
-0.0118504 
-0.0131274 
-0.0142882 
-0.0153156 
-0.0161926 
-0.0169045 
-0.0174398 
-0.0177924 
-0.0179618 
-0.0179541 
-0.0177808 
-0.0174584 
-0.0170063 
-0.0164453 
-0.0157954 
-0.0150748 
-0.0142992 
-0.0134814 
-0.0126327 
-0.0117633 
-0.0108842 
-0.0100071 
-0.00914527 
-0.00831229 
-0.00752188 
-0.00678683 
-0.00611454 
-0.00550291 
-0.0049295 
-0.00436102 
-0.0037716 
-0.00326523 
-0.00284871 
-0.00244999 
-0.00201239 
-0.00150239 
-0.000898488 
-0.000186322 
0.000642499 
0.00158976 
0.0026497 
0.00380905 
0.00504432 
0.00632058 
0.00758681 
0.00877376 
0.00979628 
0.0105626 
0.0109892 
0.011014 
0.0106084 
0.00977807 
0.0085623 
0.00702228 
0.00522909 
0.00323557 
0.00110705 
-0.00110705 
0.000937384 
-0.000937384 
-0.00273249 
-0.00452731 
-0.00629222 
-0.00801602 
-0.00967713 
-0.0112631 
-0.0127548 
-0.0141384 
-0.0153949 
-0.0165035 
-0.0174421 
-0.018191 
-0.0187346 
-0.0190636 
-0.0191763 
-0.0190792 
-0.018786 
-0.0183173 
-0.0176973 
-0.0169523 
-0.0161077 
-0.0151859 
-0.0142053 
-0.0131802 
-0.0121223 
-0.0110422 
-0.00995215 
-0.0088662 
-0.00780139 
-0.00677624 
-0.00581073 
-0.00492538 
-0.0041363 
-0.00344847 
-0.00285045 
-0.00230051 
-0.00174191 
-0.0011983 
-0.000727915 
-0.000324785 
5.7036e-05 
0.000466451 
0.000937448 
0.00149417 
0.00214888 
0.00290642 
0.003763 
0.00470709 
0.00571769 
0.00676331 
0.00779867 
0.00876307 
0.00958302 
0.0101795 
0.0104807 
0.0104317 
0.0100058 
0.00920342 
0.00805528 
0.00660738 
0.00492563 
0.00305447 
0.00104975 
-0.00104975 
0.000988533 
-0.000988533 
-0.00290053 
-0.00481524 
-0.00670428 
-0.00855522 
-0.0103462 
-0.0120624 
-0.0136821 
-0.0151851 
-0.01655 
-0.0177533 
-0.0187673 
-0.0195663 
-0.0201289 
-0.020442 
-0.0205017 
-0.0203145 
-0.0198967 
-0.0192728 
-0.0184732 
-0.0175309 
-0.016478 
-0.0153424 
-0.0141462 
-0.0129049 
-0.01163 
-0.0103312 
-0.00902091 
-0.00771488 
-0.00643376 
-0.00520048 
-0.00404151 
-0.00298683 
-0.00206048 
-0.00127496 
-0.000628206 
-0.000102056 
0.000330063 
0.000756693 
0.00119983 
0.00160508 
0.00196422 
0.00230581 
0.00266541 
0.00307597 
0.0035591 
0.00412637 
0.00477862 
0.00550769 
0.00629596 
0.00711593 
0.00792827 
0.00868073 
0.00931069 
0.00975073 
0.00993894 
0.00982658 
0.0093877 
0.00861829 
0.00754035 
0.00618849 
0.00461662 
0.00286806 
0.000990495 
-0.000990495 
0.00103638 
-0.00103638 
-0.00305871 
-0.005088 
-0.00709745 
-0.00907463 
-0.0109975 
-0.0128492 
-0.0146053 
-0.0162409 
-0.0177266 
-0.0190364 
-0.0201391 
-0.021001 
-0.0215944 
-0.0219011 
-0.0219145 
-0.0216404 
-0.0210972 
-0.0203135 
-0.0193262 
-0.0181759 
-0.0169032 
-0.0155432 
-0.0141229 
-0.0126596 
-0.0111635 
-0.00964195 
-0.00810626 
-0.00657326 
-0.00506719 
-0.00361485 
-0.00225105 
-0.0010188 
4.71209e-05 
0.000926107 
0.0016188 
0.00214128 
0.00253191 
0.00284504 
0.00313795 
0.00343125 
0.00371007 
0.0039734 
0.00423383 
0.00451601 
0.00484307 
0.00523199 
0.00568958 
0.00621284 
0.00678882 
0.0073948 
0.00799754 
0.00855286 
0.009008 
0.00930576 
0.00939287 
0.00922572 
0.00877897 
0.00804443 
0.0070363 
0.00577958 
0.00431606 
0.002686 
0.00093001 
-0.00093001 
0.00107794 
-0.00107794 
-0.00319805 
-0.00533069 
-0.00745106 
-0.00954801 
-0.0115994 
-0.013587 
-0.0154829 
-0.017258 
-0.0188766 
-0.0203018 
-0.0215018 
-0.0224372 
-0.0230721 
-0.0233827 
-0.0233593 
-0.0230068 
-0.0223446 
-0.0214047 
-0.0202297 
-0.0188684 
-0.0173704 
-0.0157807 
-0.0141329 
-0.0124473 
-0.0107323 
-0.00899143 
-0.00723319 
-0.00547494 
-0.00374423 
-0.00207093 
-0.000501369 
0.000905273 
0.00211233 
0.00310334 
0.00386996 
0.00441936 
0.0047731 
0.00497836 
0.00511034 
0.00522276 
0.00534185 
0.00547222 
0.00561257 
0.00577012 
0.00595741 
0.00618836 
0.00647183 
0.00680898 
0.00719183 
0.00760297 
0.00801546 
0.00839274 
0.00869098 
0.00886197 
0.00885998 
0.00864587 
0.00819496 
0.00749544 
0.00655497 
0.00538941 
0.00403181 
0.00251236 
0.000871563 
-0.000871563 
0.00110949 
-0.00110949 
-0.00330714 
-0.00552403 
-0.00773773 
-0.00993969 
-0.0121081 
-0.0142235 
-0.0162549 
-0.0181677 
-0.0199202 
-0.0214676 
-0.0227652 
-0.023778 
-0.0244606 
-0.0247842 
-0.0247362 
-0.0243202 
-0.0235556 
-0.0224762 
-0.0211282 
-0.0195667 
-0.0178509 
-0.0160364 
-0.014167 
-0.012268 
-0.0103467 
-0.00840129 
-0.00643595 
-0.00446857 
-0.00252958 
-0.000652733 
0.00109919 
0.00266466 
0.00402078 
0.00513917 
0.00600244 
0.00660435 
0.00696131 
0.00710511 
0.00710685 
0.00703099 
0.00693822 
0.00686712 
0.00683124 
0.00683394 
0.00687609 
0.00696098 
0.0070917 
0.00726824 
0.00748469 
0.00772762 
0.0079756 
0.00819897 
0.00836181 
0.00842381 
0.00834601 
0.0080933 
0.00764193 
0.00697716 
0.00610138 
0.00502221 
0.00376558 
0.00235096 
0.000818685 
-0.000818685 
0.00112663 
-0.00112663 
-0.00337229 
-0.00564458 
-0.00792356 
-0.0102045 
-0.0124664 
-0.0146891 
-0.0168385 
-0.0188751 
-0.020749 
-0.0224092 
-0.0237994 
-0.0248811 
-0.0256103 
-0.0259516 
-0.025892 
-0.0254341 
-0.0245965 
-0.0234119 
-0.0219265 
-0.020198 
-0.0182924 
-0.0162762 
-0.0142061 
-0.0121162 
-0.0100152 
-0.00789557 
-0.00575557 
-0.0036144 
-0.00150363 
0.000533665 
0.00242883 
0.00414099 
0.00564074 
0.00689278 
0.00787128 
0.00855788 
0.00895712 
0.00907611 
0.00898877 
0.0087599 
0.0084644 
0.00816866 
0.00791457 
0.00772231 
0.00759494 
0.00752892 
0.00751854 
0.00755719 
0.007636 
0.00774187 
0.00785643 
0.00795508 
0.00800832 
0.00798258 
0.00784484 
0.00756382 
0.00711707 
0.00648776 
0.00567421 
0.00467702 
0.0035159 
0.00220122 
0.000770171 
-0.000770171 
0.00112444 
-0.00112444 
-0.00337806 
-0.0056655 
-0.00796911 
-0.0102891 
-0.0126051 
-0.0148974 
-0.0171289 
-0.0192556 
-0.0212218 
-0.0229674 
-0.0244357 
-0.025562 
-0.0263258 
-0.0266831 
-0.0266238 
-0.0261512 
-0.0252826 
-0.024047 
-0.0224853 
-0.0206517 
-0.0186133 
-0.0164448 
-0.0142167 
-0.0119774 
-0.00974154 
-0.00749685 
-0.00523526 
-0.00297797 
-0.000757289 
0.00137463 
0.00336544 
0.00518474 
0.00679652 
0.00816628 
0.00926154 
0.0100536 
0.0105362 
0.0106924 
0.0105815 
0.0102634 
0.00981509 
0.00932038 
0.00884628 
0.00843905 
0.0081188 
0.00788723 
0.00773523 
0.0076493 
0.00761422 
0.00761314 
0.00762697 
0.00763316 
0.00760627 
0.00751771 
0.00733937 
0.00704343 
0.00660903 
0.00601816 
0.00526612 
0.00434791 
0.00327787 
0.00205874 
0.000723755 
-0.000723755 
0.00109785 
-0.00109785 
-0.00330826 
-0.0055583 
-0.00783199 
-0.0101351 
-0.012448 
-0.0147523 
-0.0170092 
-0.0191715 
-0.0211791 
-0.0229645 
-0.0244664 
-0.0256124 
-0.0263846 
-0.0267495 
-0.0266992 
-0.0262424 
-0.0253948 
-0.0241798 
-0.022628 
-0.0207823 
-0.0187021 
-0.0164634 
-0.014149 
-0.0118254 
-0.00952048 
-0.00722086 
-0.00491258 
-0.00261848 
-0.000373427 
0.0017748 
0.0037931 
0.00565656 
0.00733173 
0.00878653 
0.00998423 
0.0108888 
0.0114812 
0.0117238 
0.0116528 
0.0113209 
0.010797 
0.0101713 
0.00952523 
0.00892727 
0.00842005 
0.00802099 
0.00772758 
0.0075252 
0.00739376 
0.00731112 
0.00725459 
0.00720045 
0.0071244 
0.00700056 
0.00680415 
0.00651013 
0.00609922 
0.00555296 
0.00486462 
0.00402503 
0.00304401 
0.00191849 
0.000677512 
-0.000677512 
0.00104203 
-0.00104203 
-0.00314735 
-0.00529538 
-0.00747068 
-0.00968474 
-0.011919 
-0.0141573 
-0.0163605 
-0.0184812 
-0.0204564 
-0.0222159 
-0.0236923 
-0.0248257 
-0.0255713 
-0.0259299 
-0.0258939 
-0.0254834 
-0.0247134 
-0.0236016 
-0.0221638 
-0.0204248 
-0.0184262 
-0.0162342 
-0.0139371 
-0.0116213 
-0.0093357 
-0.00707224 
-0.00481243 
-0.00258024 
-0.000410842 
0.00166102 
0.00362064 
0.00545073 
0.00712354 
0.00861164 
0.00987625 
0.0108776 
0.0115844 
0.0119483 
0.0119731 
0.011703 
0.0111906 
0.0105242 
0.00978943 
0.00906768 
0.00841996 
0.00788216 
0.00746549 
0.00716188 
0.00695178 
0.00681003 
0.00671012 
0.00662539 
0.00653032 
0.00639945 
0.00620949 
0.00593708 
0.00556416 
0.00507224 
0.0044533 
0.00369542 
0.00280476 
0.0017743 
0.000629261 
-0.000629261 
0.000952901 
-0.000952901 
-0.0028822 
-0.00485321 
-0.00684961 
-0.00888866 
-0.0109525 
-0.0130293 
-0.0150818 
-0.0170659 
-0.01892 
-0.0205765 
-0.0219645 
-0.0230407 
-0.0237207 
-0.0240548 
-0.0240356 
-0.0236994 
-0.0230621 
-0.0221364 
-0.0209224 
-0.019422 
-0.0176501 
-0.0156506 
-0.0135053 
-0.011316 
-0.00915976 
-0.00704214 
-0.00494249 
-0.00288489 
-0.00089892 
0.000996169 
0.0028008 
0.00451099 
0.00610484 
0.00756173 
0.00884331 
0.00990892 
0.0107146 
0.0112089 
0.0113595 
0.0112067 
0.0107832 
0.0101698 
0.00944658 
0.00869733 
0.00799222 
0.00738073 
0.00688856 
0.00651888 
0.00625846 
0.00608385 
0.00596733 
0.00587998 
0.00579433 
0.00568392 
0.00552543 
0.00529606 
0.00497827 
0.00455373 
0.0040135 
0.00334424 
0.00254925 
0.00161937 
0.000576683 
-0.000576683 
0.000827604 
-0.000827604 
-0.00250364 
-0.00421549 
-0.00594431 
-0.00771303 
-0.00950425 
-0.0113127 
-0.0131059 
-0.014848 
-0.016484 
-0.0179557 
-0.0191907 
-0.0201533 
-0.0207438 
-0.0210359 
-0.021038 
-0.0208016 
-0.0203463 
-0.0196811 
-0.0187918 
-0.0176575 
-0.016262 
-0.0146159 
-0.0127789 
-0.0108568 
-0.0089573 
-0.00710906 
-0.00529225 
-0.00352884 
-0.00183676 
-0.000221648 
0.00132796 
0.00282549 
0.00425573 
0.00560542 
0.00684039 
0.0079216 
0.00879398 
0.00940926 
0.009696 
0.0096942 
0.00941694 
0.00893652 
0.00832234 
0.00765121 
0.00699229 
0.0063997 
0.00590867 
0.00553312 
0.00526908 
0.00509908 
0.00499815 
0.00493774 
0.00488964 
0.00482645 
0.0047242 
0.00456002 
0.00431627 
0.00397482 
0.00352599 
0.00295606 
0.00226617 
0.00144675 
0.000517436 
-0.000517436 
0.000664617 
-0.000664617 
-0.00200757 
-0.00337559 
-0.00474535 
-0.00614569 
-0.00755888 
-0.00898902 
-0.0104107 
-0.0118027 
-0.0131225 
-0.0143273 
-0.0153485 
-0.0161505 
-0.0166369 
-0.0168758 
-0.0169096 
-0.0168003 
-0.0165711 
-0.0162277 
-0.0157449 
-0.0150831 
-0.014198 
-0.0130616 
-0.0116971 
-0.0101955 
-0.00869081 
-0.00724261 
-0.00583578 
-0.00448668 
-0.00319996 
-0.00196565 
-0.000766167 
0.000421241 
0.0015965 
0.0027538 
0.00386771 
0.0049039 
0.00579984 
0.00651231 
0.00692718 
0.00708734 
0.00699425 
0.00671058 
0.0062918 
0.00580027 
0.00529549 
0.00482691 
0.00443185 
0.00413065 
0.00392786 
0.00381402 
0.0037701 
0.00377121 
0.0037908 
0.00380204 
0.00378085 
0.00370438 
0.00355469 
0.00331408 
0.00297211 
0.00251573 
0.00194439 
0.00124964 
0.000449364 
-0.000449364 
0.000463422 
-0.000463422 
-0.00139489 
-0.00233771 
-0.00326062 
-0.00419995 
-0.00513528 
-0.00608299 
-0.00702576 
-0.00796272 
-0.00886864 
-0.00972621 
-0.0104772 
-0.0110905 
-0.0114586 
-0.0116469 
-0.0117365 
-0.0117923 
-0.0118332 
-0.0118617 
-0.0118447 
-0.0117317 
-0.0114588 
-0.0109638 
-0.0102254 
-0.00929786 
-0.00832719 
-0.00740889 
-0.00653635 
-0.0057167 
-0.00494299 
-0.00418889 
-0.00343196 
-0.00264539 
-0.00181696 
-0.000944728 
-4.26126e-05 
0.0008678 
0.00172449 
0.00249875 
0.00304419 
0.00337196 
0.00348617 
0.00344472 
0.00329164 
0.0030685 
0.00281834 
0.00257757 
0.00237825 
0.00224135 
0.00217675 
0.00218238 
0.00224663 
0.00235064 
0.00247213 
0.00258697 
0.00267247 
0.00270684 
0.00267222 
0.0025519 
0.00233475 
0.0020094 
0.00157373 
0.00102187 
0.000370518 
-0.000370518 
0.000223112 
-0.000223112 
-0.000669646 
-0.00111602 
-0.00151434 
-0.00191386 
-0.00228631 
-0.00266332 
-0.00303308 
-0.00341847 
-0.00381353 
-0.0042398 
-0.00466445 
-0.00506922 
-0.00529016 
-0.00545795 
-0.00565477 
-0.00593273 
-0.00629473 
-0.0067389 
-0.00722802 
-0.00770903 
-0.00811107 
-0.00834937 
-0.00836263 
-0.008149 
-0.00784334 
-0.00757581 
-0.00735227 
-0.00716704 
-0.00700441 
-0.00682616 
-0.00660373 
-0.00630415 
-0.00590921 
-0.00540825 
-0.00480658 
-0.00411669 
-0.00338804 
-0.00264348 
-0.002002 
-0.00148474 
-0.0011109 
-0.000848749 
-0.000665139 
-0.00054031 
-0.000449067 
-0.000371406 
-0.000285065 
-0.000172751 
-2.28338e-05 
0.000168115 
0.000395599 
0.000647848 
0.000908653 
0.00115856 
0.0013779 
0.00154733 
0.00164978 
0.00167068 
0.00159835 
0.0014245 
0.00114514 
0.00075872 
0.000280042 
-0.000280042 
-5.9974e-05 
5.9974e-05 
0.000165639 
0.000268965 
0.000456089 
0.000653885 
0.000904026 
0.00115885 
0.00142843 
0.00166926 
0.00187533 
0.00199059 
0.00202999 
0.00195204 
0.00181483 
0.00154873 
0.00115141 
0.000576705 
-0.000161456 
-0.00105787 
-0.00207718 
-0.00317132 
-0.00427404 
-0.00529299 
-0.00614196 
-0.0067561 
-0.00722951 
-0.00771727 
-0.00824217 
-0.00878157 
-0.00931528 
-0.00979536 
-0.0101899 
-0.0104605 
-0.0105817 
-0.0105341 
-0.0103136 
-0.00992673 
-0.00940839 
-0.00878054 
-0.00812104 
-0.00742895 
-0.00675286 
-0.00611808 
-0.00552609 
-0.0049798 
-0.00447339 
-0.00400184 
-0.00355425 
-0.00311922 
-0.00268607 
-0.00224823 
-0.00180428 
-0.00135875 
-0.000920861 
-0.000503814 
-0.000122652 
0.00020715 
0.000470057 
0.000655191 
0.00075018 
0.00075165 
0.000652286 
0.00045733 
0.000177675 
-0.000177675 
-0.000384461 
0.000384461 
0.0011039 
0.00180141 
0.00261402 
0.0034469 
0.00434746 
0.00526161 
0.00619016 
0.00708208 
0.00791281 
0.00861919 
0.00917394 
0.00948344 
0.00942469 
0.00902784 
0.00837471 
0.00746714 
0.00632509 
0.00496274 
0.00340944 
0.00170566 
-9.46328e-05 
-0.00190277 
-0.00362554 
-0.00514623 
-0.00648949 
-0.00781518 
-0.009168 
-0.0105035 
-0.0118009 
-0.0130041 
-0.0140792 
-0.0149836 
-0.0156875 
-0.0161646 
-0.0164 
-0.0163882 
-0.0161411 
-0.0156671 
-0.0150003 
-0.0141523 
-0.0131836 
-0.0121615 
-0.0111324 
-0.0101283 
-0.0091652 
-0.0082533 
-0.00739362 
-0.00658221 
-0.00581172 
-0.00507486 
-0.00436648 
-0.00368526 
-0.00303378 
-0.00241842 
-0.00184828 
-0.00133324 
-0.000885275 
-0.000511116 
-0.00022316 
-1.84514e-05 
9.06811e-05 
0.000121422 
6.87153e-05 
-6.87153e-05 
-0.000744701 
0.000744701 
0.00213712 
0.0034719 
0.00493163 
0.00641609 
0.00796681 
0.00953128 
0.0110955 
0.012605 
0.0140132 
0.015247 
0.016228 
0.0168377 
0.016947 
0.0165239 
0.0156788 
0.0144673 
0.0129356 
0.0111145 
0.00903694 
0.00674052 
0.00427102 
0.00169914 
-0.000893352 
-0.00336063 
-0.00563847 
-0.00785962 
-0.0100965 
-0.0122775 
-0.0143835 
-0.0163509 
-0.0181441 
-0.0197182 
-0.0210399 
-0.0220779 
-0.0228077 
-0.0232085 
-0.0232647 
-0.0229603 
-0.0222847 
-0.0212892 
-0.0200587 
-0.018682 
-0.0172382 
-0.0157869 
-0.0143675 
-0.0130063 
-0.0117168 
-0.0105037 
-0.00936494 
-0.0082947 
-0.00728658 
-0.00633535 
-0.0054382 
-0.00459516 
-0.00380904 
-0.00308356 
-0.00242567 
-0.00183733 
-0.00132883 
-0.000891304 
-0.00054107 
-0.000246395 
-4.37331e-05 
4.37331e-05 
-0.00113919 
0.00113919 
0.00326494 
0.00527677 
0.00738845 
0.0095175 
0.0116918 
0.0138639 
0.0160051 
0.0180563 
0.0199521 
0.021605 
0.0229088 
0.0237388 
0.023994 
0.0236218 
0.0226929 
0.0212716 
0.0194234 
0.017198 
0.0146371 
0.011782 
0.00867614 
0.00537939 
0.00196141 
-0.00144821 
-0.00469989 
-0.0078485 
-0.011 
-0.0140518 
-0.0169857 
-0.0197303 
-0.0222478 
-0.0244904 
-0.0264219 
-0.0280057 
-0.0292078 
-0.0299923 
-0.0303226 
-0.0301683 
-0.0295118 
-0.0284238 
-0.0270018 
-0.0253472 
-0.0235588 
-0.021718 
-0.0198859 
-0.0181054 
-0.0164034 
-0.0147943 
-0.0132826 
-0.0118664 
-0.01054 
-0.00929642 
-0.00812922 
-0.00703314 
-0.00600514 
-0.00504291 
-0.00414771 
-0.00331684 
-0.0025569 
-0.00185535 
-0.00123027 
-0.0006426 
-0.000162718 
0.000162718 
-0.00156794 
0.00156794 
0.00449095 
0.00722001 
0.00997978 
0.012727 
0.0154782 
0.0181922 
0.0208301 
0.023328 
0.0256083 
0.0275739 
0.0291122 
0.0301069 
0.0304767 
0.0301678 
0.0292186 
0.027677 
0.0256039 
0.0230543 
0.0200754 
0.0167124 
0.0130102 
0.00902776 
0.00483368 
0.000531004 
-0.00370136 
-0.00778751 
-0.0118568 
-0.0157807 
-0.0195354 
-0.0230433 
-0.0262609 
-0.0291372 
-0.0316315 
-0.0337027 
-0.0353103 
-0.036412 
-0.0369671 
-0.0369491 
-0.0363494 
-0.0352368 
-0.0337086 
-0.0318711 
-0.0298335 
-0.0276912 
-0.0255221 
-0.023384 
-0.0213166 
-0.0193448 
-0.0174806 
-0.0157274 
-0.0140818 
-0.0125369 
-0.0110843 
-0.00971489 
-0.00842083 
-0.00719467 
-0.00603237 
-0.00492739 
-0.00388244 
-0.00288456 
-0.00195219 
-0.00105343 
-0.000286396 
0.000286396 
-0.0020287 
0.0020287 
0.0058131 
0.00930192 
0.0127069 
0.0160355 
0.0193045 
0.0224825 
0.0255272 
0.0283733 
0.0309392 
0.0331268 
0.0348293 
0.0359436 
0.0364001 
0.0361511 
0.0352103 
0.0336048 
0.0313784 
0.0285783 
0.0252496 
0.0214386 
0.0171909 
0.012567 
0.0076364 
0.00250423 
-0.00267145 
-0.00768832 
-0.0126517 
-0.0174253 
-0.02197 
-0.0262039 
-0.0300757 
-0.0335301 
-0.0365224 
-0.0390088 
-0.0409486 
-0.0423029 
-0.04304 
-0.0431462 
-0.0426267 
-0.041542 
-0.0399826 
-0.0380528 
-0.0358635 
-0.033517 
-0.0311009 
-0.0286844 
-0.0263181 
-0.0240362 
-0.0218585 
-0.0197936 
-0.017842 
-0.0159977 
-0.0142517 
-0.0125927 
-0.0110097 
-0.00949165 
-0.00803079 
-0.00661849 
-0.00525532 
-0.00393193 
-0.00266953 
-0.00145663 
-0.000408549 
0.000408549 
-0.00251365 
0.00251365 
0.00721301 
0.0115027 
0.0155591 
0.0194369 
0.023167 
0.0267343 
0.0301022 
0.0332105 
0.0359812 
0.0383226 
0.0401382 
0.0413377 
0.0418579 
0.0416531 
0.0407198 
0.0390672 
0.0367216 
0.0337172 
0.0300907 
0.0258837 
0.0211399 
0.0159239 
0.0103028 
0.00440161 
-0.0016507 
-0.00756682 
-0.0133754 
-0.018952 
-0.0242339 
-0.0291385 
-0.0336051 
-0.0375757 
-0.0410025 
-0.043843 
-0.046061 
-0.0476269 
-0.0485219 
-0.0487459 
-0.0483164 
-0.0472898 
-0.0457501 
-0.0437957 
-0.0415343 
-0.0390684 
-0.0364895 
-0.0338732 
-0.0312774 
-0.0287433 
-0.0262974 
-0.0239531 
-0.0217144 
-0.0195775 
-0.0175337 
-0.0155714 
-0.0136781 
-0.0118416 
-0.0100529 
-0.00830409 
-0.00659709 
-0.00493077 
-0.00333466 
-0.00182437 
-0.00052065 
0.00052065 
-0.00300096 
0.00300096 
0.00862981 
0.0137386 
