0 
-0.000512512 
0.000828033 
0.00462008 
0.0106202 
0.0183689 
0.0273034 
0.0369425 
0.0468851 
0.0568129 
0.0664757 
0.0756741 
0.0842455 
0.0920542 
0.0989854 
0.104944 
0.109858 
0.113677 
0.116384 
0.117998 
0.118559 
0.118129 
0.116782 
0.114608 
0.111702 
0.108158 
0.104051 
0.0994311 
0.094323 
0.0887371 
0.0827052 
0.0763235 
0.0697739 
0.0632933 
0.0571007 
0.051339 
0.0460662 
0.0412827 
0.0369601 
0.0330588 
0.0295366 
0.0263523 
0.0234681 
0.0208503 
0.01847 
0.0163026 
0.0143276 
0.0125279 
0.0108894 
0.00940057 
0.00805198 
0.0068358 
0.0057452 
0.00477396 
0.00391673 
0.00316831 
0.00252292 
0.00197392 
0.00151374 
0.00113396 
0.000825047 
0.000576311 
0.00037592 
0.000211013 
6.78357e-05 
0 
0.000512512 
-0.000512512 
0.000828033 
0.00462008 
0.0106202 
0.0183689 
0.0273034 
0.0369425 
0.0468851 
0.0568129 
0.0664757 
0.0756741 
0.0842455 
0.0920542 
0.0989854 
0.104944 
0.109858 
0.113677 
0.116384 
0.117998 
0.118559 
0.118129 
0.116782 
0.114608 
0.111702 
0.108158 
0.104051 
0.0994311 
0.094323 
0.0887371 
0.0827052 
0.0763235 
0.0697739 
0.0632933 
0.0571007 
0.051339 
0.0460662 
0.0412827 
0.0369601 
0.0330588 
0.0295366 
0.0263523 
0.0234681 
0.0208503 
0.01847 
0.0163026 
0.0143276 
0.0125279 
0.0108894 
0.00940057 
0.00805198 
0.0068358 
0.0057452 
0.00477396 
0.00391673 
0.00316831 
0.00252292 
0.00197392 
0.00151374 
0.00113396 
0.000825047 
0.000576311 
0.00037592 
0.000211013 
6.78357e-05 
-6.78357e-05 
0.000274164 
-0.000274164 
0.00252962 
0.00778522 
0.0148953 
0.0233437 
0.0326345 
0.0423692 
0.0522248 
0.0619462 
0.0713313 
0.0802157 
0.0884607 
0.0959449 
0.102561 
0.108214 
0.112828 
0.116346 
0.118741 
0.120014 
0.120204 
0.119372 
0.117596 
0.114976 
0.111621 
0.107644 
0.103144 
0.0981987 
0.0928561 
0.0871411 
0.0810825 
0.0747574 
0.0683194 
0.0619793 
0.0559381 
0.0503287 
0.0452032 
0.0405562 
0.0363548 
0.0325568 
0.0291198 
0.0260041 
0.0231744 
0.0205996 
0.0182533 
0.0161128 
0.0141591 
0.0123762 
0.0107512 
0.00927296 
0.00793264 
0.00672268 
0.00563693 
0.00467015 
0.00381719 
0.00307288 
0.00243191 
0.00188863 
0.00143562 
0.00106444 
0.000765595 
0.000528325 
0.000340643 
0.000189421 
6.05617e-05 
-6.05617e-05 
-0.00110469 
0.00110469 
0.00603784 
0.0126168 
0.0204099 
0.0290573 
0.0382046 
0.0475648 
0.0569067 
0.0660482 
0.0748425 
0.0831648 
0.0909021 
0.097947 
0.104196 
0.109553 
0.113931 
0.117259 
0.119496 
0.120602 
0.120588 
0.119511 
0.11744 
0.114476 
0.110739 
0.106358 
0.101458 
0.09615 
0.0905194 
0.0846232 
0.0785063 
0.0722397 
0.0659539 
0.0598259 
0.0540242 
0.0486563 
0.0437585 
0.0393171 
0.0352955 
0.0316508 
0.0283421 
0.0253326 
0.02259 
0.0200866 
0.0177985 
0.0157054 
0.0137902 
0.0120388 
0.0104392 
0.00898206 
0.00765938 
0.00646479 
0.00539289 
0.00443889 
0.0035983 
0.00286675 
0.00223955 
0.00171083 
0.00127414 
0.000921559 
0.000643901 
0.000430354 
0.000268727 
0.000145428 
4.57368e-05 
-4.57368e-05 
-0.0025143 
0.0025143 
0.00891594 
0.0162839 
0.0243166 
0.0327963 
0.041474 
0.0501646 
0.0587311 
0.0670692 
0.0750915 
0.0827139 
0.089847 
0.0963937 
0.102251 
0.107314 
0.111484 
0.114677 
0.11684 
0.1179 
0.117858 
0.116752 
0.114636 
0.111597 
0.10775 
0.103223 
0.0981542 
0.0926763 
0.0869073 
0.0809395 
0.0748474 
0.0687162 
0.0626682 
0.0568515 
0.0513945 
0.0463682 
0.0417857 
0.037623 
0.0338413 
0.0304002 
0.0272623 
0.0243953 
0.0217709 
0.0193653 
0.0171577 
0.0151308 
0.0132698 
0.0115626 
0.00999906 
0.00857126 
0.0072727 
0.00609821 
0.00504357 
0.00410523 
0.00327992 
0.00256407 
0.00195402 
0.00144505 
0.00103177 
0.000706497 
0.000460287 
0.000282274 
0.0001599 
7.87969e-05 
2.32659e-05 
-2.32659e-05 
-0.0031429 
0.0031429 
0.0103183 
0.0180915 
0.0260733 
0.0341242 
0.0420941 
0.0499087 
0.0575321 
0.06494 
0.0721012 
0.0789657 
0.0854602 
0.0914906 
0.096947 
0.101713 
0.105675 
0.108734 
0.110832 
0.111882 
0.111885 
0.11087 
0.108875 
0.105973 
0.102263 
0.09786 
0.0928963 
0.0875098 
0.0818334 
0.0759851 
0.0700719 
0.0642062 
0.0585161 
0.0531263 
0.0481217 
0.043532 
0.039344 
0.0355242 
0.0320348 
0.02884 
0.0259089 
0.0232145 
0.0207339 
0.0184474 
0.0163382 
0.014392 
0.0125969 
0.0109431 
0.0094229 
0.00803012 
0.00676012 
0.00560942 
0.00457537 
0.00365594 
0.00284937 
0.00215355 
0.00156645 
0.00108402 
0.000701747 
0.000413056 
0.000209379 
7.95322e-05 
1.0565e-05 
-1.28522e-05 
-7.70145e-06 
7.70145e-06 
-0.00328122 
0.00328122 
0.0106208 
0.0183473 
0.0259208 
0.0332605 
0.0403109 
0.047105 
0.0536977 
0.0601308 
0.0664148 
0.0725212 
0.0783838 
0.0839055 
0.0889671 
0.0934374 
0.0971884 
0.100107 
0.102131 
0.103165 
0.103218 
0.102321 
0.100508 
0.0978464 
0.0944195 
0.0903278 
0.0856867 
0.0806226 
0.0752656 
0.0697456 
0.0641959 
0.0587583 
0.0535704 
0.0487333 
0.0442871 
0.0402196 
0.0364944 
0.0330722 
0.0299192 
0.0270075 
0.0243135 
0.0218174 
0.019502 
0.0173526 
0.0153565 
0.0135033 
0.011784 
0.0101916 
0.00872092 
0.00736799 
0.00613024 
0.00500612 
0.00399491 
0.00309637 
0.00231072 
0.00163759 
0.00107649 
0.000625276 
0.000281055 
3.75019e-05 
-0.000112826 
-0.000181604 
-0.000182294 
-0.000131505 
-4.78688e-05 
4.78688e-05 
-0.00316362 
0.00316362 
0.010175 
0.0174088 
0.024216 
0.0305929 
0.0365698 
0.0422662 
0.0478017 
0.0532603 
0.0586758 
0.0640294 
0.0692566 
0.0742575 
0.078905 
0.0830554 
0.0865645 
0.0893058 
0.0912166 
0.0922029 
0.0922953 
0.0915297 
0.0899422 
0.0875936 
0.0845554 
0.0809099 
0.0767526 
0.0721903 
0.0673409 
0.0623373 
0.0573331 
0.0524938 
0.0479588 
0.0437981 
0.0400051 
0.0365301 
0.0333204 
0.0303369 
0.0275536 
0.0249523 
0.0225185 
0.02024 
0.018106 
0.0161072 
0.0142356 
0.0124843 
0.0108479 
0.00932243 
0.00790513 
0.00659455 
0.00539033 
0.00429317 
0.00330444 
0.00242639 
0.00166128 
0.00101102 
0.000478345 
6.20811e-05 
-0.000237753 
-0.000427603 
-0.000514184 
-0.000508498 
-0.000424692 
-0.000281025 
-9.85708e-05 
9.85708e-05 
-0.00286914 
0.00286914 
0.00916142 
0.0155381 
0.021302 
0.0265501 
0.0313761 
0.0359542 
0.040438 
0.0449302 
0.049473 
0.0540514 
0.0586043 
0.0630354 
0.067219 
0.0710042 
0.0742327 
0.0767651 
0.0785361 
0.0794474 
0.0795638 
0.0789326 
0.0776009 
0.0756249 
0.0730597 
0.0699662 
0.0664156 
0.0624923 
0.0582997 
0.0539721 
0.0496797 
0.0456003 
0.0418582 
0.0384797 
0.0354113 
0.0325754 
0.0299132 
0.0273925 
0.0249987 
0.0227245 
0.0205652 
0.0185165 
0.0165744 
0.0147349 
0.0129946 
0.0113508 
0.00980122 
0.00834505 
0.00698228 
0.00571401 
0.00454229 
0.00347033 
0.00250212 
0.00164224 
0.000896469 
0.000269434 
-0.000232664 
-0.000610163 
-0.00086221 
-0.000991531 
-0.00100386 
-0.000909581 
-0.000723535 
-0.000466059 
-0.000161472 
0.000161472 
-0.0024493 
0.0024493 
0.00773178 
0.0129846 
0.0175325 
0.0215721 
0.025228 
0.0286952 
0.0321351 
0.035651 
0.0392856 
0.0430272 
0.0468232 
0.050591 
0.0542182 
0.0575581 
0.0604429 
0.062722 
0.0643232 
0.0651568 
0.0653267 
0.0648862 
0.0638832 
0.0623599 
0.0603526 
0.0579002 
0.0550512 
0.0518699 
0.0484499 
0.0449318 
0.0414982 
0.0383206 
0.0354841 
0.0329604 
0.0306546 
0.0284755 
0.0263697 
0.0243182 
0.0223198 
0.0203786 
0.0184996 
0.0166862 
0.0149408 
0.0132648 
0.0116593 
0.0101252 
0.00866385 
0.00727729 
0.00596823 
0.00474029 
0.00359806 
0.00254742 
0.00159481 
0.000749015 
1.8271e-05 
-0.000587151 
-0.00106291 
-0.00140407 
-0.00160622 
-0.00166929 
-0.00159677 
-0.00139844 
-0.0010898 
-0.000693844 
-0.000239147 
0.000239147 
-0.0019407 
0.0019407 
0.00601894 
0.00998234 
0.0132423 
0.0160605 
0.0185634 
0.0209375 
0.0233353 
0.0258488 
0.0285196 
0.031341 
0.0342738 
0.0372558 
0.0402007 
0.0429857 
0.0454483 
0.0474332 
0.0488447 
0.0496325 
0.049929 
0.049782 
0.0492149 
0.0482421 
0.0468775 
0.0451412 
0.0430644 
0.0407007 
0.0381454 
0.0355509 
0.0331012 
0.0309344 
0.0290727 
0.0274297 
0.0258843 
0.0243484 
0.0227848 
0.0211914 
0.0195806 
0.0179678 
0.0163663 
0.0147867 
0.0132373 
0.0117243 
0.0102527 
0.00882711 
0.00745202 
0.00613219 
0.00487282 
0.00368013 
0.00256113 
0.00152475 
0.000580931 
-0.000256597 
-0.000976882 
-0.00157011 
-0.0020248 
-0.00233308 
-0.00248504 
-0.00247705 
-0.00230956 
-0.00199081 
-0.00153669 
-0.000973344 
-0.000334826 
0.000334826 
-0.00137701 
0.00137701 
0.00414791 
0.00674638 
0.00872508 
0.0103518 
0.011741 
0.0130483 
0.0144083 
0.0158955 
0.0175524 
0.0193791 
0.021351 
0.0234272 
0.0255487 
0.0276424 
0.0295823 
0.0312161 
0.0324506 
0.0333096 
0.0338785 
0.0341553 
0.0341259 
0.0337802 
0.0331159 
0.0321414 
0.0308806 
0.029389 
0.0277754 
0.0262024 
0.024831 
0.0237338 
0.0228562 
0.0220655 
0.0212369 
0.0203018 
0.0192456 
0.0180838 
0.0168415 
0.015543 
0.014209 
0.012856 
0.011497 
0.0101423 
0.00880071 
0.00747973 
0.00618662 
0.00492852 
0.00371301 
0.00254841 
0.00144476 
0.000413817 
-0.000528373 
-0.00136865 
-0.00209327 
-0.00268668 
-0.00313155 
-0.00341445 
-0.00351973 
-0.0034385 
-0.00316666 
-0.00270979 
-0.00208357 
-0.00131768 
-0.000453278 
0.000453278 
-0.000786413 
0.000786413 
0.00222641 
0.00345971 
0.00421638 
0.00471003 
0.00504331 
0.00532578 
0.00567054 
0.0061335 
0.00676042 
0.00755983 
0.00852241 
0.00962435 
0.0108258 
0.0121074 
0.01344 
0.014679 
0.0158207 
0.0169114 
0.0178705 
0.0186458 
0.0191977 
0.0195033 
0.0195536 
0.0193536 
0.0189316 
0.0183577 
0.0177564 
0.0172799 
0.0170302 
0.0169903 
0.0170359 
0.017016 
0.0168254 
0.0164258 
0.0158267 
0.0150587 
0.0141563 
0.013151 
0.0120684 
0.0109295 
0.00975107 
0.00854672 
0.00732793 
0.00610482 
0.00488676 
0.00368279 
0.00250233 
0.00135626 
0.000256881 
-0.000777984 
-0.0017344 
-0.00259487 
-0.00334063 
-0.00394945 
-0.00439858 
-0.00466803 
-0.00473444 
-0.00458125 
-0.0041975 
-0.00358405 
-0.00275503 
-0.00174391 
-0.000600784 
0.000600784 
-0.000187807 
0.000187807 
0.000335805 
0.000266307 
-0.000108189 
-0.000664853 
-0.00131117 
-0.00198834 
-0.00260646 
-0.00312372 
-0.00348985 
-0.00368447 
-0.00369897 
-0.00354048 
-0.00322819 
-0.00276117 
-0.00204072 
-0.00110646 
0.000100021 
0.00141853 
0.0027225 
0.00393774 
0.00501944 
0.0059338 
0.00666876 
0.00723217 
0.00766563 
0.00805448 
0.00851853 
0.00916311 
0.00999841 
0.0109176 
0.0117592 
0.0123869 
0.0127324 
0.0127896 
0.0125879 
0.0121683 
0.0115715 
0.0108327 
0.00998104 
0.0090402 
0.00802949 
0.00696475 
0.00585953 
0.00472571 
0.00357405 
0.00241497 
0.00125958 
0.000120641 
-0.000984966 
-0.00204144 
-0.00303141 
-0.00393265 
-0.00472089 
-0.00536786 
-0.00584333 
-0.00611875 
-0.00616075 
-0.0059421 
-0.00544166 
-0.00465239 
-0.00358469 
-0.00227551 
-0.000786072 
0.000786072 
0.000413884 
-0.000413884 
-0.00147501 
-0.00272909 
-0.00412336 
-0.00562454 
-0.00715512 
-0.00870096 
-0.0101963 
-0.0116052 
-0.0128727 
-0.0139621 
-0.014842 
-0.0154919 
-0.0158956 
-0.0160282 
-0.015787 
-0.0151248 
-0.0140049 
-0.0126046 
-0.011083 
-0.0095234 
-0.00798591 
-0.00651363 
-0.00511929 
-0.00378751 
-0.00246612 
-0.00107474 
0.000464013 
0.00216792 
0.0039461 
0.00564334 
0.00710644 
0.00823788 
0.00900934 
0.00944051 
0.0095732 
0.0094537 
0.00912478 
0.0086231 
0.00797913 
0.00721786 
0.00635985 
0.00542226 
0.00441977 
0.00336507 
0.00226965 
0.0011447 
2.47125e-06 
-0.00114162 
-0.00227166 
-0.00337026 
-0.00441612 
-0.00538277 
-0.00624056 
-0.00695432 
-0.00748492 
-0.00779383 
-0.0078343 
-0.00756407 
-0.00694679 
-0.00596278 
-0.0046149 
-0.00294262 
-0.00102053 
0.00102053 
0.00100509 
-0.00100509 
-0.00316165 
-0.00545058 
-0.00774299 
-0.0100693 
-0.0123701 
-0.0146693 
-0.0169218 
-0.0190963 
-0.0211335 
-0.0229807 
-0.0245836 
-0.0258906 
-0.0268503 
-0.0274065 
-0.0274884 
-0.0270824 
-0.0261471 
-0.0247782 
-0.023142 
-0.0213248 
-0.0193974 
-0.017406 
-0.015363 
-0.0132516 
-0.011031 
-0.00866107 
-0.0061426 
-0.00355932 
-0.00106017 
0.00119563 
0.00309402 
0.00458761 
0.00568008 
0.00640614 
0.00681215 
0.00694463 
0.00684547 
0.00655059 
0.00609006 
0.0054888 
0.00476759 
0.00394388 
0.00303253 
0.0020462 
0.000996176 
-0.000106343 
-0.00124794 
-0.0024133 
-0.00358698 
-0.00474935 
-0.00587647 
-0.00693827 
-0.00789954 
-0.00871785 
-0.00934277 
-0.0097238 
-0.00979663 
-0.00949819 
-0.00877008 
-0.00757315 
-0.00589736 
-0.00378253 
-0.00131852 
0.00131852 
0.00155696 
-0.00155696 
-0.00468219 
-0.00786488 
-0.0109318 
-0.0139562 
-0.0168944 
-0.0198031 
-0.0226578 
-0.0254357 
-0.0280758 
-0.0305144 
-0.0326803 
-0.0345016 
-0.0359064 
-0.0368216 
-0.0371814 
-0.036972 
-0.0361662 
-0.0348336 
-0.0331131 
-0.0310768 
-0.0287925 
-0.0263056 
-0.0236337 
-0.0207777 
-0.0177372 
-0.0145398 
-0.0112702 
-0.00807209 
-0.00510392 
-0.00249515 
-0.000313892 
0.00142318 
0.00274702 
0.00369798 
0.00432156 
0.00466104 
0.00475521 
0.00463761 
0.0043366 
0.00387597 
0.00327569 
0.00255263 
0.00172087 
0.000791866 
-0.000224539 
-0.00131678 
-0.00247119 
-0.00367471 
-0.0049116 
-0.00616148 
-0.00739877 
-0.0085904 
-0.00969557 
-0.0106644 
-0.0114329 
-0.0119368 
-0.0120883 
-0.0117959 
-0.0109697 
-0.00954249 
-0.00748473 
-0.00483351 
-0.00169524 
0.00169524 
0.00205196 
-0.00205196 
-0.00601945 
-0.00996897 
-0.0136896 
-0.017283 
-0.0207174 
-0.0240771 
-0.0273605 
-0.0305578 
-0.0336118 
-0.0364541 
-0.0390039 
-0.0411774 
-0.0428907 
-0.0440625 
-0.0446292 
-0.0445714 
-0.0438537 
-0.0425314 
-0.0407185 
-0.0384725 
-0.0358556 
-0.0329167 
-0.0296915 
-0.0262173 
-0.0225499 
-0.0187828 
-0.0150529 
-0.011517 
-0.00831095 
-0.00552271 
-0.00318546 
-0.00128889 
0.000198288 
0.0013157 
0.00210848 
0.00261464 
0.0028688 
0.0029011 
0.00273721 
0.00239894 
0.00190489 
0.00127008 
0.000506732 
-0.000376861 
-0.00137034 
-0.00246236 
-0.00364261 
-0.00489973 
-0.00621909 
-0.00758105 
-0.00895966 
-0.01032 
-0.0116161 
-0.0127904 
-0.0137635 
-0.0144524 
-0.0147399 
-0.0144951 
-0.0135856 
-0.0119071 
-0.00940535 
-0.00611406 
-0.00215807 
0.00215807 
0.00248728 
-0.00248728 
-0.00717674 
-0.0117764 
-0.0160384 
-0.0200801 
-0.0238745 
-0.0275277 
-0.031063 
-0.0344892 
-0.0377597 
-0.0408076 
-0.04355 
-0.0458995 
-0.0477677 
-0.0490698 
-0.0497408 
-0.0497536 
-0.0490684 
-0.0477281 
-0.0458179 
-0.0433868 
-0.0404962 
-0.0372076 
-0.033585 
-0.0297078 
-0.0256801 
-0.0216349 
-0.0177225 
-0.014082 
-0.0108148 
-0.00797412 
-0.00557034 
-0.00358616 
-0.00199192 
-0.000750621 
0.00017226 
0.000810505 
0.00119549 
0.00135336 
0.00130659 
0.0010746 
0.000673309 
0.000115282 
-0.000592031 
-0.00143876 
-0.00241626 
-0.0035168 
-0.00473349 
-0.00605766 
-0.0074774 
-0.00897548 
-0.0105273 
-0.0120975 
-0.0136361 
-0.0150764 
-0.0163227 
-0.0172638 
-0.0177454 
-0.0175835 
-0.0165909 
-0.0146222 
-0.0116039 
-0.00757529 
-0.00268648 
0.00268648 
0.00286515 
-0.00286515 
-0.00816706 
-0.0133132 
-0.0180183 
-0.0224045 
-0.0264407 
-0.0302472 
-0.0338716 
-0.0373473 
-0.0406454 
-0.0437078 
-0.0464554 
-0.0488031 
-0.0506651 
-0.0519595 
-0.0526228 
-0.0526224 
-0.0519177 
-0.0505382 
-0.0485455 
-0.0459865 
-0.0429276 
-0.0394468 
-0.0356354 
-0.031604 
-0.0274824 
-0.0234126 
-0.0195316 
-0.0159497 
-0.0127379 
-0.00992768 
-0.00752048 
-0.00550045 
-0.00384235 
-0.00251757 
-0.00149734 
-0.000753366 
-0.000260936 
2.2967e-06 
5.5524e-05 
-8.45638e-05 
-0.000405921 
-0.000898649 
-0.0015559 
-0.00236996 
-0.00333598 
-0.00445046 
-0.00571041 
-0.00711129 
-0.00864565 
-0.0103007 
-0.0120552 
-0.0138753 
-0.0157078 
-0.0174749 
-0.0190598 
-0.0203095 
-0.0210196 
-0.0209368 
-0.0198141 
-0.0174801 
-0.0138696 
-0.00905262 
-0.0032138 
0.0032138 
0.00319067 
-0.00319067 
-0.00900852 
-0.014612 
-0.0196796 
-0.0243293 
-0.0285171 
-0.0323676 
-0.0359485 
-0.0393217 
-0.0424847 
-0.0453965 
-0.0479879 
-0.0501811 
-0.0518974 
-0.0530627 
-0.053619 
-0.0535333 
-0.0527714 
-0.0513491 
-0.0493118 
-0.046708 
-0.0436103 
-0.0401096 
-0.0363131 
-0.032344 
-0.0283348 
-0.0244158 
-0.0207004 
-0.0172726 
-0.014183 
-0.0114532 
-0.00908424 
-0.00706487 
-0.00537679 
-0.00399864 
-0.002908 
-0.00208317 
-0.00150419 
-0.00115278 
-0.00101347 
-0.0010731 
-0.00132258 
-0.00175454 
-0.00236372 
-0.00314632 
-0.00410173 
-0.00523095 
-0.00653573 
-0.00801715 
-0.00967401 
-0.0115 
-0.0134797 
-0.0155821 
-0.0177504 
-0.0198907 
-0.0218538 
-0.0234299 
-0.0243376 
-0.0242507 
-0.0228826 
-0.020084 
-0.015845 
-0.0102933 
-0.00364414 
0.00364414 
0.00346964 
-0.00346964 
-0.00972021 
-0.0157061 
-0.0210736 
-0.0259307 
-0.0302136 
-0.034039 
-0.0374866 
-0.0406461 
-0.0435495 
-0.0461829 
-0.0484955 
-0.0504212 
-0.0518915 
-0.0528429 
-0.0532255 
-0.05301 
-0.0521718 
-0.0507168 
-0.0486821 
-0.0461176 
-0.0430986 
-0.0397195 
-0.0360897 
-0.0323286 
-0.028556 
-0.0248825 
-0.0213986 
-0.0181694 
-0.0152342 
-0.012612 
-0.0103068 
-0.00831304 
-0.00661924 
-0.00521057 
-0.00407095 
-0.00318412 
-0.0025347 
-0.00210868 
-0.00189401 
-0.0018809 
-0.00206277 
-0.00243502 
-0.00299522 
-0.00374392 
-0.00468472 
-0.00582349 
-0.0071676 
-0.00872491 
-0.0105021 
-0.0125012 
-0.0147143 
-0.0171131 
-0.0196339 
-0.0221573 
-0.0244822 
-0.0263298 
-0.0273063 
-0.02705 
-0.0252955 
-0.0219789 
-0.0171787 
-0.011081 
-0.00390436 
0.00390436 
0.00370745 
-0.00370745 
-0.0103192 
-0.0166245 
-0.022244 
-0.0272744 
-0.0316281 
-0.035403 
-0.0386777 
-0.0415627 
-0.044127 
-0.0463953 
-0.0483457 
-0.0499308 
-0.0510946 
-0.0517842 
-0.0519589 
-0.0515943 
-0.0506756 
-0.0492048 
-0.0472136 
-0.0447515 
-0.0418908 
-0.0387208 
-0.0353422 
-0.0318603 
-0.0283771 
-0.0249827 
-0.0217499 
-0.0187313 
-0.015961 
-0.0134582 
-0.0112306 
-0.009278 
-0.0075948 
-0.006172 
-0.00499894 
-0.00406412 
-0.00335638 
-0.00286535 
-0.00258201 
-0.00249984 
-0.00261476 
-0.00292516 
-0.00343195 
-0.00413972 
-0.00505616 
-0.00619214 
-0.00756106 
-0.00917831 
-0.0110593 
-0.0132154 
-0.0156458 
-0.0183223 
-0.0211661 
-0.0240195 
-0.0266104 
-0.0285767 
-0.0294331 
-0.0288393 
-0.0266342 
-0.0228649 
-0.0176903 
-0.011331 
-0.00397299 
0.00397299 
0.00390813 
-0.00390813 
-0.0108187 
-0.0173879 
-0.0232208 
-0.0284043 
-0.032829 
-0.0365665 
-0.0396794 
-0.042284 
-0.0444801 
-0.0463366 
-0.0478737 
-0.0490732 
-0.0498965 
-0.0503019 
-0.050256 
-0.0497393 
-0.048743 
-0.0472697 
-0.0453466 
-0.0430198 
-0.040354 
-0.0374275 
-0.0343268 
-0.0311401 
-0.0279507 
-0.0248318 
-0.021843 
-0.0190291 
-0.0164213 
-0.0140396 
-0.011895 
-0.00999171 
-0.00832901 
-0.00690263 
-0.00570648 
-0.00473303 
-0.00397461 
-0.00342393 
-0.00307486 
-0.0029239 
-0.00296941 
-0.00321274 
-0.0036578 
-0.00431266 
-0.00518866 
-0.00630137 
-0.00766996 
-0.00931714 
-0.0112667 
-0.0135381 
-0.0161346 
-0.019022 
-0.0220975 
-0.0251529 
-0.0278396 
-0.0297241 
-0.0303008 
-0.0293081 
-0.0267244 
-0.0226785 
-0.017381 
-0.0110677 
-0.00386367 
0.00386367 
0.0040736 
-0.0040736 
-0.011227 
-0.0180078 
-0.024018 
-0.029338 
-0.033844 
-0.0375809 
-0.0405847 
-0.0429577 
-0.0448123 
-0.0462552 
-0.0473563 
-0.0481415 
-0.0486011 
-0.0487081 
-0.0484356 
-0.047766 
-0.0466926 
-0.0452214 
-0.0433724 
-0.0411864 
-0.0387179 
-0.0360319 
-0.033199 
-0.0302905 
-0.0273738 
-0.0245083 
-0.0217438 
-0.0191191 
-0.0166638 
-0.0143982 
-0.0123358 
-0.0104841 
-0.00884616 
-0.00742153 
-0.00620778 
-0.00520047 
-0.00439488 
-0.00378641 
-0.00337156 
-0.00314945 
-0.00312052 
-0.00328858 
-0.00365979 
-0.00424489 
-0.00505801 
-0.0061185 
-0.00745012 
-0.00908136 
-0.011042 
-0.0133561 
-0.0160256 
-0.019004 
-0.0221587 
-0.0252332 
-0.0278216 
-0.0294674 
-0.0297138 
-0.0284011 
-0.0256084 
-0.0215046 
-0.0163358 
-0.010353 
-0.0035987 
0.0035987 
0.00420427 
-0.00420427 
-0.0115492 
-0.0184892 
-0.0246369 
-0.03007 
-0.0346605 
-0.0384352 
-0.0414023 
-0.0436349 
-0.0452322 
-0.0463158 
-0.046997 
-0.0473555 
-0.047428 
-0.047216 
-0.0467035 
-0.0458739 
-0.0447185 
-0.0432426 
-0.0414587 
-0.0394002 
-0.0371102 
-0.0346405 
-0.0320466 
-0.0293849 
-0.0267092 
-0.0240679 
-0.0215025 
-0.0190475 
-0.0167302 
-0.0145711 
-0.0125853 
-0.0107825 
-0.00916898 
-0.00774683 
-0.00651668 
-0.00547647 
-0.00462399 
-0.00395697 
-0.00347401 
-0.0031763 
-0.00306561 
-0.0031475 
-0.00342935 
-0.00392353 
-0.00464563 
-0.00561711 
-0.00686409 
-0.0084178 
-0.01031 
-0.0125637 
-0.0151741 
-0.0180799 
-0.0211245 
-0.0240244 
-0.0263602 
-0.0277081 
-0.0276895 
-0.0262188 
-0.0234114 
-0.0194608 
-0.0146474 
-0.00924693 
-0.00319808 
0.00319808 
0.00428682 
-0.00428682 
-0.0117841 
-0.0188344 
-0.0250752 
-0.0305852 
-0.0352423 
-0.0390701 
-0.0420601 
-0.0442551 
-0.0457222 
-0.046565 
-0.0469066 
-0.0468677 
-0.0465419 
-0.0459809 
-0.0451982 
-0.0441853 
-0.0429298 
-0.0414289 
-0.0396903 
-0.0377342 
-0.035594 
-0.0333079 
-0.0309182 
-0.0284681 
-0.0259996 
-0.0235517 
-0.0211592 
-0.0188521 
-0.0166556 
-0.0145899 
-0.0126709 
-0.0109102 
-0.00931622 
-0.0078933 
-0.00664453 
-0.00556967 
-0.00466851 
-0.0039406 
-0.00338579 
-0.00300666 
-0.00280534 
-0.00278834 
-0.002963 
-0.00334211 
-0.00394089 
-0.00478072 
-0.00588683 
-0.00728908 
-0.00901569 
-0.0110835 
-0.0134778 
-0.0161266 
-0.0188672 
-0.0214259 
-0.0234206 
-0.0244969 
-0.0243408 
-0.0228851 
-0.0202401 
-0.0166392 
-0.012391 
-0.00779815 
-0.00267862 
0.00267862 
0.00432919 
-0.00432919 
-0.011928 
-0.0190545 
-0.0253413 
-0.0308813 
-0.0355609 
-0.0394162 
-0.0424419 
-0.0446675 
-0.0461292 
-0.0468917 
-0.0470497 
-0.0467246 
-0.0460448 
-0.0451205 
-0.0440224 
-0.0427777 
-0.0413832 
-0.0398267 
-0.0381065 
-0.0362239 
-0.0342012 
-0.0320646 
-0.029844 
-0.0275709 
-0.0252769 
-0.0229928 
-0.0207468 
-0.018565 
-0.0164702 
-0.014482 
-0.0126172 
-0.0108884 
-0.00930643 
-0.00787681 
-0.00660504 
-0.00549197 
-0.00453883 
-0.00374641 
-0.00311477 
-0.00264727 
-0.00234524 
-0.0022155 
-0.00226396 
-0.00250252 
-0.00294391 
-0.00360684 
-0.00451198 
-0.0056833 
-0.00714028 
-0.00888942 
-0.0109062 
-0.0131181 
-0.0153792 
-0.0174665 
-0.0190759 
-0.0199394 
-0.0197739 
-0.0184746 
-0.0161462 
-0.0130974 
-0.00962577 
-0.0060469 
-0.00205585 
0.00205585 
0.00435326 
-0.00435326 
-0.0120028 
-0.0191746 
-0.0254702 
-0.0309906 
-0.0356317 
-0.0394489 
-0.0424595 
-0.044707 
-0.0462212 
-0.0470368 
-0.0472019 
-0.0467933 
-0.0459202 
-0.0447127 
-0.0432969 
-0.0417658 
-0.0401644 
-0.0384954 
-0.0367438 
-0.0348971 
-0.0329553 
-0.0309332 
-0.0288477 
-0.0267191 
-0.0245689 
-0.0224196 
-0.0202938 
-0.0182133 
-0.0161989 
-0.0142695 
-0.0124427 
-0.0107322 
-0.00915136 
-0.00770655 
-0.00640576 
-0.00525012 
-0.00424138 
-0.00338092 
-0.00266762 
-0.00210523 
-0.00169302 
-0.0014374 
-0.00134145 
-0.00141508 
-0.00166647 
-0.00210932 
-0.00275631 
-0.00362166 
-0.00471185 
-0.00602108 
-0.0075167 
-0.00913578 
-0.010769 
-0.0122744 
-0.013454 
-0.0141415 
-0.0140569 
-0.0130056 
-0.0111449 
-0.00887884 
-0.00640818 
-0.00403239 
-0.00134628 
0.00134628 
0.0043662 
-0.0043662 
-0.012054 
-0.0192443 
-0.0255256 
-0.0309889 
-0.0355335 
-0.0392298 
-0.0421257 
-0.0443011 
-0.0458138 
-0.0467037 
-0.0469931 
-0.0467055 
-0.0458866 
-0.0446196 
-0.043024 
-0.0412352 
-0.0393711 
-0.0375022 
-0.0356446 
-0.0337814 
-0.0318811 
-0.0299364 
-0.0279518 
-0.0259354 
-0.0238989 
-0.0218567 
-0.0198248 
-0.0178212 
-0.0158645 
-0.0139735 
-0.0121672 
-0.0104606 
-0.00886976 
-0.00740082 
-0.0060645 
-0.00486121 
-0.00379227 
-0.00285951 
-0.00205898 
-0.00139502 
-0.000862944 
-0.000469215 
-0.000212568 
-0.000100073 
-0.00013351 
-0.000319997 
-0.000661537 
-0.00116028 
-0.00180721 
-0.00258426 
-0.00345194 
-0.00436327 
-0.00525184 
-0.00606999 
-0.00673955 
-0.00722379 
-0.00724109 
-0.00647659 
-0.00527836 
-0.00405653 
-0.00281598 
-0.00180557 
-0.000570742 
0.000570742 
0.00437372 
-0.00437372 
-0.012107 
-0.0193265 
-0.0255913 
-0.0309799 
-0.035392 
-0.0389002 
-0.0415761 
-0.0435418 
-0.0449057 
-0.0457512 
-0.0461207 
-0.0460224 
-0.0454486 
-0.0444038 
-0.04293 
-0.041119 
-0.039102 
-0.0370159 
-0.0349615 
-0.0329764 
-0.0310462 
-0.0291269 
-0.0272009 
-0.0252605 
-0.0233049 
-0.0213384 
-0.0193708 
-0.0174159 
-0.0154907 
-0.0136134 
-0.0118045 
-0.0100809 
-0.00846292 
-0.00695665 
-0.00557694 
-0.00432201 
-0.00319014 
-0.00218389 
-0.0012936 
-0.000524995 
0.000131677 
0.000669683 
0.00109747 
0.00141086 
0.00161514 
0.00171027 
0.00170521 
0.00160961 
0.00144749 
0.00124708 
0.00105519 
0.00090365 
0.000829065 
0.000795031 
0.00078911 
0.000663709 
0.000629089 
0.00102215 
0.00126731 
0.00120481 
0.00102515 
0.000556792 
0.000240643 
-0.000240643 
0.00437809 
-0.00437809 
-0.0121704 
-0.0194432 
-0.0257236 
-0.0310525 
-0.035326 
-0.0386167 
-0.0410038 
-0.0426425 
-0.0436923 
-0.0442972 
-0.0445554 
-0.0445116 
-0.0441598 
-0.0434614 
-0.0423744 
-0.0408869 
-0.0390433 
-0.0369496 
-0.0347493 
-0.0325761 
-0.0305048 
-0.0285393 
-0.0266204 
-0.0247134 
-0.022802 
-0.0208804 
-0.0189485 
-0.0170137 
-0.0150913 
-0.0132005 
-0.0113667 
-0.00960961 
-0.00795431 
-0.00640229 
-0.0049735 
-0.00366275 
-0.00246343 
-0.00138116 
-0.000396986 
0.000477053 
0.00126127 
0.00195002 
0.0025573 
0.00308243 
0.00353683 
0.00392732 
0.00427231 
0.00459179 
0.0049219 
0.00529881 
0.00577397 
0.00636795 
0.00709611 
0.00786803 
0.00860414 
0.00904562 
0.00919805 
0.0089299 
0.0080325 
0.00660228 
0.00492932 
0.00294646 
0.00105033 
-0.00105033 
0.00437732 
-0.00437732 
-0.0122376 
-0.0195856 
-0.0259159 
-0.0312311 
-0.0353891 
-0.0384695 
-0.0405515 
-0.0418074 
-0.0424363 
-0.0426349 
-0.0425619 
-0.0423228 
-0.0419629 
-0.0414695 
-0.0407834 
-0.0398223 
-0.0385166 
-0.0368472 
-0.034869 
-0.0327042 
-0.0305012 
-0.0283733 
-0.0263587 
-0.0244158 
-0.0224956 
-0.0205687 
-0.0186256 
-0.0166701 
-0.0147146 
-0.0127759 
-0.0108811 
-0.0090526 
-0.00732574 
-0.00570193 
-0.00421359 
-0.00284847 
-0.00158369 
-0.000432815 
0.000634638 
0.00160807 
0.002516 
0.00335502 
0.00414266 
0.0048822 
0.00558955 
0.00627758 
0.00697159 
0.00769967 
0.00850513 
0.00942794 
0.0105166 
0.0117801 
0.0132085 
0.0146788 
0.0160415 
0.0170098 
0.0173084 
0.0163674 
0.0144419 
0.0117504 
0.00866919 
0.00522947 
0.00182061 
-0.00182061 
0.00436559 
-0.00436559 
-0.0122896 
-0.0197222 
-0.0261261 
-0.0314652 
-0.035553 
-0.0384496 
-0.0402438 
-0.0411171 
-0.0412962 
-0.0410176 
-0.0404826 
-0.0398436 
-0.0391989 
-0.0385946 
-0.038024 
-0.0374265 
-0.0366981 
-0.0357194 
-0.0343993 
-0.0327158 
-0.0307346 
-0.0285897 
-0.0264278 
-0.0243422 
-0.0223411 
-0.0203669 
-0.0183805 
-0.0163644 
-0.0143268 
-0.0122903 
-0.0102986 
-0.00838611 
-0.00659656 
-0.00490803 
-0.00336412 
-0.00194672 
-0.000611543 
0.000600566 
0.00175209 
0.00282566 
0.003858 
0.00484816 
0.00581657 
0.00677027 
0.00772799 
0.00870702 
0.00973657 
0.0108493 
0.01209 
0.0134974 
0.0151088 
0.0169186 
0.0188843 
0.020856 
0.022615 
0.0238394 
0.0240799 
0.0227063 
0.0200082 
0.0162926 
0.0120097 
0.00728164 
0.00251484 
-0.00251484 
0.00433386 
-0.00433386 
-0.0122976 
-0.0198053 
-0.0262882 
-0.0316732 
-0.0357251 
-0.038473 
-0.0400033 
-0.0405188 
-0.0402661 
-0.0395179 
-0.0385057 
-0.0374054 
-0.0363358 
-0.0353737 
-0.0345653 
-0.0339231 
-0.0334136 
-0.0329468 
-0.0323854 
-0.031581 
-0.0304254 
-0.02889 
-0.0270333 
-0.0249702 
-0.0228169 
-0.020648 
-0.0184853 
-0.0163175 
-0.0141413 
-0.0119623 
-0.00981227 
-0.00772615 
-0.00576681 
-0.00392385 
-0.00229528 
-0.000845317 
0.000540702 
0.00179953 
0.00300791 
0.00416174 
0.00529926 
0.00642667 
0.00756425 
0.00872171 
0.00991772 
0.0111712 
0.0125113 
0.0139707 
0.0155899 
0.0174005 
0.0194228 
0.0216316 
0.0239497 
0.0261993 
0.0281116 
0.0293257 
0.0293688 
0.0276913 
0.0244734 
0.0200177 
0.0148024 
0.00901978 
0.00310736 
-0.00310736 
0.00427048 
-0.00427048 
-0.0122247 
-0.0197725 
-0.026316 
-0.0317491 
-0.0357832 
-0.0384138 
-0.0397007 
-0.0398861 
-0.0392322 
-0.0380508 
-0.0366051 
-0.0350883 
-0.033618 
-0.0322609 
-0.0310598 
-0.0300526 
-0.029272 
-0.0287295 
-0.0283871 
-0.028139 
-0.027823 
-0.0272659 
-0.0263392 
-0.0249934 
-0.0232554 
-0.0212002 
-0.0189126 
-0.0164675 
-0.0139346 
-0.0114058 
-0.00895909 
-0.0066884 
-0.00467677 
-0.00279946 
-0.00115084 
0.000305213 
0.00173451 
0.00303657 
0.00430432 
0.00553676 
0.00677758 
0.00803878 
0.00934091 
0.010695 
0.0121178 
0.0136271 
0.0152483 
0.01701 
0.0189437 
0.0210693 
0.0233864 
0.0258478 
0.0283451 
0.030677 
0.0325488 
0.0335782 
0.0333382 
0.0313952 
0.0278359 
0.022889 
0.0170043 
0.0104141 
0.00358838 
-0.00358838 
0.004162 
-0.004162 
-0.0120276 
-0.0195503 
-0.0261058 
-0.0315637 
-0.0355799 
-0.0381101 
-0.0391838 
-0.0390657 
-0.0380466 
-0.0364744 
-0.0346503 
-0.0327896 
-0.0310121 
-0.0293652 
-0.0278593 
-0.0264973 
-0.0252935 
-0.0242819 
-0.0235078 
-0.0230014 
-0.0227397 
-0.022622 
-0.0224822 
-0.0221432 
-0.0214741 
-0.0204155 
-0.0189662 
-0.017151 
-0.0150076 
-0.0125766 
-0.0099118 
-0.00710613 
-0.00437189 
-0.00185709 
0.000112816 
0.00164886 
0.00314758 
0.00451804 
0.00580424 
0.00707088 
0.00836987 
0.00972853 
0.011166 
0.0126918 
0.0143174 
0.016055 
0.0179221 
0.0199381 
0.0221211 
0.0244756 
0.02698 
0.0295652 
0.0320993 
0.0343658 
0.0360659 
0.0368246 
0.0362792 
0.0340864 
0.0302774 
0.0250057 
0.0186613 
0.0114828 
0.00396272 
-0.00396272 
0.00399436 
-0.00399436 
-0.0116604 
-0.0190592 
-0.025545 
-0.0309772 
-0.0349574 
-0.0373954 
-0.0382815 
-0.0378912 
-0.0365537 
-0.0346447 
-0.0325038 
-0.0303712 
-0.0283754 
-0.0265545 
-0.0248955 
-0.0233663 
-0.0219347 
-0.020583 
-0.0193173 
-0.0181741 
-0.0172122 
-0.0164863 
-0.0160058 
-0.0157109 
-0.0154766 
-0.0151613 
-0.0146532 
-0.0138786 
-0.0127968 
-0.0113605 
-0.00946951 
-0.00707184 
-0.00431717 
-0.00125165 
0.00113249 
0.00290319 
0.00452912 
0.00595002 
0.00728631 
0.00860503 
0.00997292 
0.0114278 
0.0129931 
0.0146785 
0.0164905 
0.018434 
0.0205157 
0.0227425 
0.0251168 
0.0276254 
0.0302271 
0.0328342 
0.0352994 
0.0374019 
0.038854 
0.0393086 
0.0384612 
0.0360301 
0.0320179 
0.026521 
0.0198658 
0.0122737 
0.00424498 
-0.00424498 
0.00375418 
-0.00375418 
-0.0110782 
-0.0182193 
-0.024517 
-0.0298388 
-0.03374 
-0.0360816 
-0.0368032 
-0.0361815 
-0.0345903 
-0.0324208 
-0.0300448 
-0.027723 
-0.0255935 
-0.0236903 
-0.0219886 
-0.02044 
-0.0189922 
-0.0175991 
-0.0162245 
-0.0148494 
-0.0134783 
-0.0121515 
-0.0109405 
-0.00993109 
-0.00917583 
-0.00867949 
-0.00838247 
-0.00816972 
-0.00791993 
-0.00761764 
-0.00702082 
-0.00613093 
-0.00486554 
-0.00323737 
-0.000966135 
0.00200634 
0.00469766 
0.00693831 
0.00866951 
0.0101976 
0.0116919 
0.0132505 
0.0149237 
0.0167354 
0.0186953 
0.020804 
0.0230579 
0.0254487 
0.0279603 
0.0305603 
0.0331884 
0.0357423 
0.0380666 
0.0399447 
0.0411081 
0.0412497 
0.0400995 
0.0374453 
0.0332549 
0.0275906 
0.0207241 
0.0128472 
0.00445423 
-0.00445423 
0.00343061 
-0.00343061 
-0.0102427 
-0.0169593 
-0.0229126 
-0.027999 
-0.0317439 
-0.0339683 
-0.0345496 
-0.0337497 
-0.0319916 
-0.0296657 
-0.0271637 
-0.0247582 
-0.0225916 
-0.0206948 
-0.0190341 
-0.0175523 
-0.0161894 
-0.014894 
-0.0136245 
-0.012353 
-0.0110621 
-0.00975003 
-0.00842677 
-0.00713593 
-0.00594029 
-0.00494026 
-0.00417969 
-0.00372031 
-0.00342117 
-0.00336902 
-0.00324952 
-0.00305422 
-0.00254942 
-0.00187211 
-0.000255178 
0.00217608 
0.00486522 
0.00731044 
0.00940986 
0.0113194 
0.0131366 
0.0149541 
0.0168364 
0.0188264 
0.0209487 
0.0232108 
0.0256074 
0.0281213 
0.0307219 
0.0333598 
0.0359588 
0.0384052 
0.0405409 
0.0421592 
0.0430143 
0.0428393 
0.0413943 
0.0385155 
0.0341572 
0.0283569 
0.0213412 
0.0132662 
0.0046109 
-0.0046109 
0.00301726 
-0.00301726 
-0.00912855 
-0.0152283 
-0.0206479 
-0.0253334 
-0.0288029 
-0.0308631 
-0.031328 
-0.030421 
-0.0286071 
-0.026259 
-0.0237688 
-0.0214095 
-0.01932 
-0.0175271 
-0.0159902 
-0.014647 
-0.0134335 
-0.012296 
-0.0111917 
-0.0100933 
-0.00898424 
-0.00786667 
-0.00674665 
-0.00564846 
-0.00457732 
-0.00356916 
-0.00262763 
-0.00185773 
-0.00124305 
-0.000821616 
-0.000568583 
-0.000437584 
-0.00013626 
0.000297542 
0.00107504 
0.00202529 
0.00324968 
0.00513563 
0.00767857 
0.0103766 
0.0130642 
0.0156443 
0.0181385 
0.0205973 
0.0230717 
0.0255963 
0.0281857 
0.0308323 
0.0335059 
0.0361511 
0.0386836 
0.0409851 
0.0429001 
0.0442354 
0.04477 
0.0442726 
0.042536 
0.0394179 
0.0348839 
0.0289545 
0.0218179 
0.0135917 
0.0047346 
-0.0047346 
0.00251402 
-0.00251402 
-0.00772972 
-0.0130083 
-0.0176847 
-0.0217731 
-0.0248035 
-0.0266137 
-0.0269816 
-0.0260635 
-0.0243272 
-0.0221174 
-0.0198007 
-0.017637 
-0.0157524 
-0.0141685 
-0.0128401 
-0.011704 
-0.0106956 
-0.009763 
-0.00886438 
-0.00797433 
-0.00707489 
-0.00616619 
-0.00524808 
-0.00434517 
-0.00346537 
-0.00264986 
-0.00188267 
-0.00118815 
-0.000564916 
2.92314e-05 
0.000506537 
0.000841639 
0.00121755 
0.00161923 
0.00231351 
0.0031728 
0.0042746 
0.0059863 
0.00819679 
0.0107584 
0.0135195 
0.0163721 
0.0192608 
0.0221584 
0.0250566 
0.0279497 
0.0308292 
0.0336772 
0.0364595 
0.0391195 
0.0415739 
0.0437087 
0.0453784 
0.0464084 
0.0466043 
0.0457679 
0.0437242 
0.040347 
0.0356006 
0.0295147 
0.0222475 
0.013878 
0.00484211 
-0.00484211 
0.00192791 
-0.00192791 
-0.00606416 
-0.0103242 
-0.0140496 
-0.0173377 
-0.0197379 
-0.0211686 
-0.0214352 
-0.0206234 
-0.0191125 
-0.0172165 
-0.0152476 
-0.0134384 
-0.0118919 
-0.0106239 
-0.00958764 
-0.00872292 
-0.00796892 
-0.00727821 
-0.0066127 
-0.00595046 
-0.00527513 
-0.00458815 
-0.0038877 
-0.00319329 
-0.00250511 
-0.00184914 
-0.00121668 
-0.000630442 
-9.19578e-05 
0.000436278 
0.000925578 
0.00137203 
0.00184339 
0.002382 
0.00307721 
0.00395215 
0.0050902 
0.00656382 
0.00836897 
0.01051 
0.0129814 
0.015761 
0.0188024 
0.0220325 
0.0253874 
0.0288032 
0.0322139 
0.0355474 
0.0387246 
0.041658 
0.044248 
0.046379 
0.0479181 
0.0487159 
0.0486131 
0.0474511 
0.0450927 
0.0414375 
0.036456 
0.0301632 
0.0227101 
0.0141665 
0.00494467 
-0.00494467 
0.00127227 
-0.00127227 
-0.00417315 
-0.0072472 
-0.00983735 
-0.0121478 
-0.013729 
-0.0146271 
-0.0147574 
-0.0141659 
-0.0130237 
-0.0116126 
-0.0101618 
-0.00885935 
-0.00777783 
-0.00692513 
-0.00625709 
-0.00572058 
-0.0052628 
-0.004844 
-0.00443242 
-0.00401107 
-0.00356652 
-0.00310126 
-0.00261298 
-0.00211856 
-0.00161864 
-0.00113491 
-0.000661655 
-0.000206374 
0.000232533 
0.000673662 
0.0011081 
0.00153002 
0.00199943 
0.00252497 
0.00319301 
0.0040231 
0.00505976 
0.00641688 
0.00810316 
0.0101118 
0.0124292 
0.0150428 
0.0179394 
0.0211023 
0.0245029 
0.0280995 
0.0318199 
0.0355592 
0.0391922 
0.0425743 
0.045551 
0.0479628 
0.0496514 
0.0504641 
0.0502592 
0.0489116 
0.046324 
0.0424326 
0.0372341 
0.0307489 
0.0231269 
0.0144304 
0.00503249 
-0.00503249 
0.000562844 
-0.000562844 
-0.00211354 
-0.0038894 
-0.00520014 
-0.00639649 
-0.0069931 
-0.00725298 
-0.00721672 
-0.00691098 
-0.00624992 
-0.00545646 
-0.00466396 
-0.0039951 
-0.00348499 
-0.00313044 
-0.0028928 
-0.00272937 
-0.00259933 
-0.00247328 
-0.00232831 
-0.00215374 
-0.00194109 
-0.00169474 
-0.00141431 
-0.00111378 
-0.000793983 
-0.000470065 
-0.000139453 
0.000191125 
0.000523364 
0.000868924 
0.00123172 
0.00161631 
0.00205622 
0.00257168 
0.00321108 
0.00400621 
0.00500268 
0.00625213 
0.0077778 
0.00960172 
0.0117341 
0.0141799 
0.0169333 
0.0199832 
0.0233091 
0.0268746 
0.0306236 
0.0344729 
0.0383039 
0.0419559 
0.0452451 
0.0479713 
0.0499344 
0.0509476 
0.05085 
0.0495172 
0.0468702 
0.0428731 
0.0375516 
0.0309502 
0.0232367 
0.0144697 
0.00505595 
-0.00505595 
-0.000182263 
0.000182263 
4.6378e-05 
-0.0003896 
-0.000339826 
-0.000331966 
8.54569e-05 
0.000421338 
0.000650259 
0.000751619 
0.000917824 
0.00104213 
0.00109205 
0.00103743 
0.000894083 
0.000685774 
0.000446292 
0.000205281 
-1.21208e-05 
-0.000189742 
-0.000316051 
-0.000387941 
-0.000403246 
-0.000368823 
-0.000287366 
-0.000171537 
-2.42815e-05 
0.000142151 
0.000328111 
0.000529672 
0.000749508 
0.000993271 
0.00126839 
0.00157821 
0.00195187 
0.00240319 
0.00297447 
0.00369519 
0.00460082 
0.00574493 
0.00715282 
0.00884822 
0.0108453 
0.0131567 
0.015789 
0.0187432 
0.0220073 
0.0255511 
0.0293189 
0.0332234 
0.0371392 
0.0409078 
0.0443228 
0.0471805 
0.0492756 
0.0504118 
0.050416 
0.0491537 
0.0465438 
0.0425576 
0.0372359 
0.030642 
0.0229593 
0.0142655 
0.00496892 
-0.00496892 
-0.000940478 
0.000940478 
0.00223225 
0.00313646 
0.00451437 
0.00573646 
0.00702081 
0.00788053 
0.00835618 
0.00839069 
0.00814112 
0.00761404 
0.0068958 
0.00607241 
0.00522987 
0.00442323 
0.00368397 
0.0030266 
0.00245753 
0.00197716 
0.0015841 
0.0012728 
0.0010383 
0.000870608 
0.000763347 
0.000704406 
0.000688829 
0.000706395 
0.000755753 
0.000832792 
0.000939579 
0.00107943 
0.00126033 
0.00148809 
0.00178354 
0.00216243 
0.00265643 
0.00329294 
0.00410441 
0.00512876 
0.00639352 
0.00792781 
0.00975458 
0.0118962 
0.0143697 
0.0171873 
0.0203488 
0.0238339 
0.0275924 
0.0315345 
0.0355261 
0.0393885 
0.0429165 
0.0458634 
0.0480203 
0.0491945 
0.0492227 
0.0479844 
0.0454115 
0.0414852 
0.0362534 
0.0297882 
0.0222788 
0.0138163 
0.00479613 
-0.00479613 
-0.00168806 
0.00168806 
0.00438777 
0.00660038 
0.00919132 
0.0115188 
0.0135487 
0.0149187 
0.0156741 
0.0156867 
0.0150748 
0.0139264 
0.0124539 
0.0108699 
0.0093386 
0.00794696 
0.00672336 
0.00566539 
0.00476021 
0.00399215 
0.00334703 
0.00281052 
0.00237075 
0.00201415 
0.00173081 
0.00150804 
0.00133885 
0.00121355 
0.00112925 
0.00108169 
0.0010722 
0.00110189 
0.00117814 
0.00130595 
0.00150329 
0.00178352 
0.0021746 
0.00270023 
0.00338838 
0.00427335 
0.00538144 
0.00674299 
0.00838506 
0.0103373 
0.0126274 
0.0152797 
0.0183071 
0.0217007 
0.0254178 
0.0293702 
0.0334171 
0.0373676 
0.0409911 
0.0440387 
0.0462403 
0.0474125 
0.0474068 
0.0461335 
0.043562 
0.0397023 
0.0346172 
0.0283829 
0.0211839 
0.0131124 
0.0045377 
-0.0045377 
-0.00241295 
0.00241295 
0.006486 
0.00995901 
0.0136193 
0.0168967 
0.019598 
0.0214516 
0.0224592 
0.0224175 
0.0214289 
0.0196691 
0.0174806 
0.0151943 
0.0130404 
0.0111261 
0.0094713 
0.00805608 
0.00684994 
0.00582308 
0.00495028 
0.00420953 
0.00358301 
0.00305379 
0.00260887 
0.00223472 
0.00192261 
0.00166284 
0.00145114 
0.00128259 
0.00115717 
0.00107493 
0.00104181 
0.00106258 
0.00115184 
0.00132175 
0.00159564 
0.00199287 
0.00253783 
0.00325892 
0.00418231 
0.00534028 
0.00676456 
0.00849206 
0.01056 
0.0130045 
0.0158507 
0.0191021 
0.0227254 
0.0266362 
0.0306917 
0.034692 
0.0383878 
0.0415173 
0.0437653 
0.0449315 
0.0448782 
0.0435486 
0.0409663 
0.03719 
0.0323104 
0.0264094 
0.0196595 
0.0121427 
0.00419022 
-0.00419022 
-0.00310976 
0.00310976 
0.00851568 
0.0131956 
0.017795 
0.0218665 
0.0251546 
0.0274125 
0.0285695 
0.0283632 
0.0269338 
0.0245674 
0.021732 
0.0188505 
0.0161893 
0.0138551 
0.0118527 
0.0101455 
0.00868911 
0.00744338 
0.00637507 
0.00545646 
0.00466536 
0.0039822 
0.00339163 
0.00287923 
0.0024348 
0.00204834 
0.00171426 
0.00142698 
0.00118521 
0.000987906 
0.000839511 
0.000743585 
0.000712912 
0.000757311 
0.000896235 
0.00114508 
0.00152465 
0.00206032 
0.00277722 
0.00370831 
0.00488783 
0.0063582 
0.00816424 
0.0103515 
0.0129559 
0.0159925 
0.019438 
0.0232152 
0.0271864 
0.0311515 
0.0348621 
0.0380364 
0.0403523 
0.0415258 
0.0414352 
0.040061 
0.0374957 
0.0338582 
0.0292736 
0.02383 
0.0176826 
0.0108945 
0.00374953 
-0.00374953 
-0.00376756 
0.00376756 
0.0104543 
0.0162832 
0.0217169 
0.0264372 
0.0301821 
0.0326891 
0.0338142 
0.0332808 
0.0313343 
0.0283928 
0.0250274 
0.0217062 
0.0186912 
0.0160673 
0.0138197 
0.0118991 
0.010253 
0.00883536 
0.00760877 
0.00654237 
0.00561139 
0.00479478 
0.00407572 
0.00343926 
0.00287414 
0.00237008 
0.00192034 
0.00151873 
0.00116263 
0.00085006 
0.000583841 
0.000366515 
0.000208884 
0.000118277 
0.000109259 
0.000193967 
0.000389805 
0.000718969 
0.00120548 
0.00188176 
0.00278377 
0.00395753 
0.00545195 
0.00731854 
0.00960111 
0.0123239 
0.0154727 
0.0189806 
0.0227226 
0.0265113 
0.0301222 
0.0332668 
0.0356669 
0.0368766 
0.0367808 
0.0354109 
0.0329458 
0.0295643 
0.0254187 
0.0205957 
0.0152289 
0.00935668 
0.00321264 
-0.00321264 
-0.00436925 
0.00436925 
0.0122512 
0.019144 
0.0253096 
0.0305249 
0.0345378 
0.0370635 
0.0379222 
0.0368989 
0.0344047 
0.0309876 
0.0272707 
0.0237065 
0.020513 
0.01774 
0.0153555 
0.0133042 
0.0115318 
0.00999186 
0.00864626 
0.00746363 
0.00641856 
0.00548971 
0.00465974 
0.00391361 
0.00323949 
0.00262687 
0.00206817 
0.00155669 
0.00108858 
0.000660841 
0.000274971 
-6.72517e-05 
-0.000357198 
-0.000591354 
-0.000759861 
-0.00085272 
-0.000856075 
-0.000750837 
-0.000514964 
-0.000118232 
0.000475935 
0.00131195 
0.00243903 
0.0039111 
0.00577649 
0.00806417 
0.0107666 
0.0138306 
0.0171505 
0.0205645 
0.0238932 
0.0268718 
0.029326 
0.030581 
0.0305344 
0.0292791 
0.0270822 
0.0241587 
0.0206643 
0.0166709 
0.0122875 
0.00752893 
0.00258076 
-0.00258076 
-0.00488507 
0.00488507 
0.0138124 
0.0216221 
0.0283748 
0.0338906 
0.0379261 
0.0401988 
0.0405671 
0.0389699 
0.0360067 
0.032308 
0.0284734 
0.0248811 
0.0216821 
0.0188928 
0.0164726 
0.0143685 
0.0125307 
0.0109165 
0.00949027 
0.00822251 
0.00708885 
0.00606883 
0.00514551 
0.00430427 
0.00353318 
0.00282172 
0.00216176 
0.0015462 
0.000970035 
0.000429304 
-7.51324e-05 
-0.000542399 
-0.000968949 
-0.00135362 
-0.00169 
-0.0019706 
-0.00218484 
-0.0023174 
-0.00234931 
-0.00225405 
-0.00199963 
-0.00154545 
-0.000844164 
0.000155651 
0.00150236 
0.00322275 
0.00531595 
0.00774355 
0.01042 
0.0132196 
0.0160164 
0.018609 
0.0209552 
0.0222811 
0.0223529 
0.0214021 
0.0197459 
0.0175681 
0.0149946 
0.0120705 
0.00888462 
0.00543379 
0.00186336 
-0.00186336 
-0.00527375 
0.00527375 
0.0150042 
0.0234898 
0.0306029 
0.0361657 
0.0399476 
0.0417233 
0.0414714 
0.0393831 
0.0361679 
0.0324594 
0.0287576 
0.0253332 
0.0222747 
0.0195786 
0.0172075 
0.0151176 
0.0132678 
0.0116225 
0.0101508 
0.00882668 
0.00762837 
0.00653715 
0.00553724 
0.0046149 
0.00375855 
0.00295788 
0.00220454 
0.00149107 
0.000811453 
0.000161115 
-0.000459289 
-0.00105231 
-0.00161833 
-0.00215717 
-0.00266582 
-0.00314 
-0.00357289 
-0.00395379 
-0.0042685 
-0.00449652 
-0.00461147 
-0.00457853 
-0.00435596 
-0.00389859 
-0.00316662 
-0.00213328 
-0.000797195 
0.000810203 
0.0026249 
0.00456826 
0.00654754 
0.00847582 
0.0102255 
0.0115519 
0.0120111 
0.0117354 
0.0109916 
0.00988799 
0.0085142 
0.00689162 
0.00509956 
0.00312504 
0.00108065 
-0.00108065 
-0.00548815 
0.00548815 
0.015673 
0.0244893 
0.0316489 
0.0369655 
0.0402497 
0.041406 
0.0405989 
0.0382801 
0.0351238 
0.0316865 
0.0283252 
0.0252118 
0.0223958 
0.0198715 
0.017613 
0.0155895 
0.0137713 
0.0121308 
0.0106437 
0.00928864 
0.00804707 
0.00690284 
0.00584188 
0.00485174 
0.00392151 
0.00304134 
0.00220296 
0.00139849 
0.000621009 
-0.000133454 
-0.000866608 
-0.00158443 
-0.0022885 
-0.00298107 
-0.00366246 
-0.00433185 
-0.00498666 
-0.00562154 
-0.00622841 
-0.00679453 
-0.00730198 
-0.00772575 
-0.00803381 
-0.00818917 
-0.00815642 
-0.00791004 
-0.00744508 
-0.00678339 
-0.00596432 
-0.00503062 
-0.00404491 
-0.00303448 
-0.00216263 
-0.00112159 
2.98406e-05 
0.000772519 
0.00125556 
0.00146806 
0.00149645 
0.00134108 
0.00108349 
0.000702215 
0.000270552 
-0.000270552 
-0.00548181 
0.00548181 
0.0156773 
0.0243995 
0.0312468 
0.0360527 
0.0387222 
0.0393433 
0.0382662 
0.0360532 
0.0332608 
0.0303 
0.0274021 
0.0246765 
0.0221595 
0.0198544 
0.0177502 
0.0158301 
0.0140755 
0.0124678 
0.0109895 
0.00962442 
0.00835776 
0.00717634 
0.00606818 
0.00502235 
0.00402892 
0.00307863 
0.00216358 
0.00127523 
0.000406711 
-0.000445925 
-0.00128776 
-0.00212601 
-0.00296409 
-0.00380678 
-0.00465739 
-0.00551881 
-0.00639295 
-0.00728021 
-0.00817957 
-0.00908714 
-0.00999558 
-0.0108921 
-0.0117578 
-0.0125675 
-0.0132925 
-0.0139058 
-0.0143882 
-0.0147334 
-0.0149473 
-0.0150415 
-0.0150328 
-0.0149063 
-0.0146506 
-0.013807 
-0.0122711 
-0.0105347 
-0.00881157 
-0.00721611 
-0.00571495 
-0.00432684 
-0.002988 
-0.00172575 
-0.000529791 
0.000529791 
-0.00521954 
0.00521954 
0.0149304 
0.0231226 
0.0293485 
0.0335143 
0.0356559 
0.0360212 
0.0350422 
0.0332249 
0.0309857 
0.0285897 
0.0261916 
0.0238738 
0.0216747 
0.0196099 
0.0176823 
0.0158878 
0.014218 
0.0126629 
0.0112114 
0.00985243 
0.00857534 
0.00736996 
0.00622654 
0.00513587 
0.00408912 
0.00307782 
0.00209445 
0.00112983 
0.000178206 
-0.000766211 
-0.00171053 
-0.00266252 
-0.00362803 
-0.00461391 
-0.00562648 
-0.00667219 
-0.00775741 
-0.00888826 
-0.0100708 
-0.0113103 
-0.0126104 
-0.0139716 
-0.0153893 
-0.0168508 
-0.0183344 
-0.0198082 
-0.021233 
-0.0225659 
-0.0237646 
-0.0247885 
-0.0255906 
-0.0260819 
-0.0261332 
-0.0253459 
-0.023623 
-0.0212225 
-0.0184864 
-0.0156377 
-0.0127376 
-0.009842 
-0.00693617 
-0.00406554 
-0.00129502 
0.00129502 
-0.00470032 
0.00470032 
0.0134734 
0.0208035 
0.0262628 
0.0298559 
0.0317155 
0.0321466 
0.0315374 
0.0302654 
0.0286173 
0.0267766 
0.0248545 
0.0229268 
0.0210381 
0.0192145 
0.01747 
0.0158106 
0.014237 
0.0127463 
0.0113334 
0.00999219 
0.00871572 
0.00749686 
0.0063281 
0.005202 
0.0041108 
0.00304716 
0.00200341 
0.000970765 
-5.59184e-05 
-0.00108438 
-0.00212319 
-0.00318051 
-0.0042644 
-0.00538363 
-0.00654726 
-0.00776497 
-0.00904726 
-0.0104055 
-0.0118521 
-0.0134007 
-0.0150651 
-0.0168585 
-0.0187898 
-0.0208589 
-0.0230505 
-0.0253269 
-0.0276247 
-0.0298574 
-0.0319249 
-0.0337246 
-0.0351469 
-0.0360515 
-0.0362675 
-0.0354668 
-0.0335818 
-0.030745 
-0.02725 
-0.0233616 
-0.0192268 
-0.0149521 
-0.010591 
-0.00622766 
-0.00200041 
0.00200041 
-0.00399524 
0.00399524 
0.011556 
0.017898 
0.0226384 
0.0258454 
0.0276628 
0.028354 
0.0282051 
0.0274753 
0.0263641 
0.0250108 
0.0235108 
0.0219344 
0.0203315 
0.0187354 
0.0171681 
0.0156434 
0.0141688 
0.0127475 
0.0113796 
0.0100633 
0.00879509 
0.0075706 
0.00638442 
0.00523088 
0.00410319 
0.00299533 
0.00189903 
0.000807113 
-0.000286395 
-0.00139031 
-0.00251411 
-0.00366666 
-0.00485777 
-0.00609793 
-0.00739855 
-0.00877211 
-0.0102326 
-0.0117955 
-0.0134787 
-0.0153021 
-0.0172882 
-0.0194597 
-0.0218374 
-0.0244323 
-0.0272358 
-0.0302061 
-0.0332587 
-0.0362653 
-0.0390667 
-0.041495 
-0.0433853 
-0.0445693 
-0.0448759 
-0.0440432 
-0.0420148 
-0.0388642 
-0.0348075 
-0.0300969 
-0.0249287 
-0.0194608 
-0.013818 
-0.00813891 
-0.0026248 
0.0026248 
-0.00324859 
0.00324859 
0.00958128 
0.0150074 
0.0191734 
0.0221548 
0.0240429 
0.0250238 
0.0252877 
0.0250121 
0.0243427 
0.0233922 
0.0222477 
0.0209734 
0.0196216 
0.0182296 
0.0168247 
0.015426 
0.0140464 
0.0126938 
0.0113726 
0.0100845 
0.00882903 
0.00760429 
0.00640675 
0.00523232 
0.00407519 
0.00293048 
0.00178957 
0.000647028 
-0.000504682 
-0.0016746 
-0.00287279 
-0.00410903 
-0.00539443 
-0.00674095 
-0.00816189 
-0.00967192 
-0.0112876 
-0.0130278 
-0.0149137 
-0.0169699 
-0.0192239 
-0.0217054 
-0.0244427 
-0.0274557 
-0.0307428 
-0.0342633 
-0.0379205 
-0.0415555 
-0.0449587 
-0.047901 
-0.0501633 
-0.0515548 
-0.0519167 
-0.0510489 
-0.0489007 
-0.0455119 
-0.0410372 
-0.0356967 
-0.0297041 
-0.0232583 
-0.0165464 
-0.00976429 
-0.00315975 
0.00315975 
-0.00260072 
0.00260072 
0.00788985 
0.0125695 
0.0162971 
0.0191277 
0.0210879 
0.0222963 
0.0228733 
0.0229433 
0.022616 
0.0219846 
0.0211261 
0.0201012 
0.0189604 
0.0177432 
0.0164797 
0.0151927 
0.0138988 
0.0126096 
0.0113328 
0.0100729 
0.00883199 
0.0076102 
0.00640568 
0.00521564 
0.00403531 
0.00286037 
0.00168287 
0.000498074 
-0.00070267 
-0.00192843 
-0.00318965 
-0.00449692 
-0.00586231 
-0.007299 
-0.00882166 
-0.0104466 
-0.0121921 
-0.0140789 
-0.0161304 
-0.0183732 
-0.0208369 
-0.0235537 
-0.0265556 
-0.0298672 
-0.0334932 
-0.0373985 
-0.0414876 
-0.0455898 
-0.0494656 
-0.0528367 
-0.0554303 
-0.0570204 
-0.0574472 
-0.0565599 
-0.0543187 
-0.0507497 
-0.0459673 
-0.0401604 
-0.0335436 
-0.0263418 
-0.0187868 
-0.0111202 
-0.00361464 
0.00361464 
-0.00211506 
0.00211506 
0.00661702 
0.0107308 
0.0141219 
0.0168266 
0.0188215 
0.0201791 
0.0209723 
0.0212899 
0.0212153 
0.0208257 
0.0201881 
0.0193597 
0.0183878 
0.0173126 
0.0161656 
0.0149719 
0.0137505 
0.0125158 
0.0112778 
0.0100434 
0.00881664 
0.00759916 
0.00639062 
0.00518914 
0.00399105 
0.00279208 
0.0015857 
0.000366881 
-0.00087344 
-0.0021444 
-0.00345666 
-0.00482144 
-0.00625157 
-0.00776106 
-0.00936558 
-0.0110825 
-0.012931 
-0.0149328 
-0.0171119 
-0.019495 
-0.0221113 
-0.024992 
-0.0281676 
-0.0316628 
-0.0354852 
-0.0396076 
-0.0439453 
-0.0483373 
-0.0525424 
-0.0562601 
-0.0591743 
-0.0610094 
-0.0615716 
-0.0607253 
-0.0584433 
-0.0547583 
-0.0497662 
-0.0436359 
-0.0365771 
-0.0288265 
-0.020639 
-0.0122785 
-0.00401831 
0.00401831 
-0.00178586 
0.00178586 
0.00574236 
0.00945194 
