0 
-0.00101411 
-0.000438814 
0.0026633 
0.00745637 
0.0134244 
0.0200999 
0.0271727 
0.0344187 
0.0416872 
0.0488756 
0.0559108 
0.0627357 
0.0693 
0.0755536 
0.0814439 
0.0869141 
0.0919035 
0.0963497 
0.10019 
0.103367 
0.105829 
0.107541 
0.108487 
0.108664 
0.108077 
0.106748 
0.104714 
0.102032 
0.0987733 
0.0950238 
0.0908815 
0.0864507 
0.0818375 
0.0771427 
0.0724529 
0.0678307 
0.063304 
0.0588589 
0.0544458 
0.0500051 
0.0455114 
0.0410066 
0.0365948 
0.0323957 
0.0284967 
0.0249354 
0.0217102 
0.0187996 
0.0161765 
0.0138149 
0.0116932 
0.00979359 
0.00810202 
0.006607 
0.005299 
0.00416921 
0.00320861 
0.00240788 
0.00175533 
0.00123597 
0.000832012 
0.000522753 
0.000284194 
8.95861e-05 
0 
0.00101411 
-0.00101411 
-0.000438814 
0.0026633 
0.00745637 
0.0134244 
0.0200999 
0.0271727 
0.0344187 
0.0416872 
0.0488756 
0.0559108 
0.0627357 
0.0693 
0.0755536 
0.0814439 
0.0869141 
0.0919035 
0.0963497 
0.10019 
0.103367 
0.105829 
0.107541 
0.108487 
0.108664 
0.108077 
0.106748 
0.104714 
0.102032 
0.0987733 
0.0950238 
0.0908815 
0.0864507 
0.0818375 
0.0771427 
0.0724529 
0.0678307 
0.063304 
0.0588589 
0.0544458 
0.0500051 
0.0455114 
0.0410066 
0.0365948 
0.0323957 
0.0284967 
0.0249354 
0.0217102 
0.0187996 
0.0161765 
0.0138149 
0.0116932 
0.00979359 
0.00810202 
0.006607 
0.005299 
0.00416921 
0.00320861 
0.00240788 
0.00175533 
0.00123597 
0.000832012 
0.000522753 
0.000284194 
8.95861e-05 
-8.95861e-05 
-0.000100479 
0.000100479 
0.00319951 
0.00747792 
0.0128079 
0.018876 
0.0254082 
0.0321935 
0.0390754 
0.0459466 
0.052734 
0.0593846 
0.0658551 
0.0721038 
0.0780863 
0.0837526 
0.089047 
0.0939087 
0.0982735 
0.102077 
0.105256 
0.107753 
0.109524 
0.110509 
0.110707 
0.110121 
0.108764 
0.106675 
0.103908 
0.100536 
0.0966445 
0.092331 
0.0877011 
0.0828619 
0.0779158 
0.0729531 
0.0680432 
0.0632266 
0.0585083 
0.0538629 
0.0492552 
0.0446762 
0.040169 
0.0358207 
0.0317221 
0.0279321 
0.0244694 
0.0213247 
0.0184761 
0.0158996 
0.0135729 
0.0114769 
0.00959622 
0.00791845 
0.00643371 
0.00513364 
0.00401107 
0.00305856 
0.00226733 
0.00162677 
0.00112328 
0.000739015 
0.000453146 
0.000241029 
7.49379e-05 
-7.49379e-05 
-0.00175792 
0.00175792 
0.00607974 
0.0109796 
0.0164231 
0.0222966 
0.0284234 
0.034674 
0.0409543 
0.047205 
0.0533884 
0.0594763 
0.0654418 
0.0712527 
0.076869 
0.0822416 
0.0873137 
0.0920216 
0.0962978 
0.100074 
0.103284 
0.105865 
0.10777 
0.108934 
0.109333 
0.108963 
0.107827 
0.105951 
0.103377 
0.100167 
0.0963963 
0.0921559 
0.0875459 
0.0826715 
0.0776362 
0.072535 
0.0674462 
0.0624248 
0.057497 
0.0526644 
0.0479213 
0.0432826 
0.0388 
0.0345465 
0.0305832 
0.0269382 
0.0236091 
0.0205774 
0.0178202 
0.0153157 
0.0130452 
0.0109932 
0.00914736 
0.00749809 
0.00603784 
0.00476032 
0.00366014 
0.00273103 
0.00196601 
0.00135556 
0.000887618 
0.000545383 
0.00030847 
0.000151356 
4.45002e-05 
-4.45002e-05 
-0.00218344 
0.00218344 
0.00709953 
0.0123849 
0.017852 
0.0234497 
0.0290755 
0.0346851 
0.0402581 
0.0457923 
0.0512909 
0.0567526 
0.0621655 
0.0675043 
0.0727301 
0.0777913 
0.0826265 
0.0871665 
0.091338 
0.0950669 
0.098282 
0.100918 
0.102926 
0.104248 
0.104853 
0.104735 
0.103889 
0.102329 
0.100084 
0.0971989 
0.0937348 
0.0897667 
0.0853828 
0.08068 
0.0757579 
0.0707124 
0.0656277 
0.0605696 
0.0555817 
0.0506895 
0.0459172 
0.0413076 
0.0369247 
0.0328296 
0.0290548 
0.0255987 
0.02244 
0.0195528 
0.0169139 
0.0145045 
0.0123093 
0.0103167 
0.00851762 
0.00690562 
0.00547604 
0.00422546 
0.00315117 
0.00224987 
0.00151804 
0.00094813 
0.00053086 
0.000250941 
8.77661e-05 
1.4015e-05 
-2.30334e-06 
2.30334e-06 
-0.00222338 
0.00222338 
0.00728226 
0.0126025 
0.0178325 
0.0229618 
0.0279473 
0.0328222 
0.037631 
0.0424208 
0.0472277 
0.0520691 
0.0569414 
0.0618206 
0.066665 
0.0714185 
0.0760137 
0.0803756 
0.0844248 
0.0880808 
0.091267 
0.0939144 
0.0959723 
0.0973916 
0.0981431 
0.0982226 
0.0976266 
0.0963655 
0.0944616 
0.0919471 
0.0888665 
0.0852782 
0.0812536 
0.0768755 
0.0722338 
0.0674189 
0.0625147 
0.0575916 
0.0527042 
0.0478981 
0.0432264 
0.0387599 
0.0345731 
0.0307131 
0.0271834 
0.0239569 
0.0209986 
0.018279 
0.0157769 
0.013477 
0.0113682 
0.00944299 
0.00769615 
0.00612492 
0.00472852 
0.00350704 
0.00246234 
0.00159468 
0.000903879 
0.00038738 
3.82888e-05 
-0.000157596 
-0.000220176 
-0.00017872 
-6.83488e-05 
6.83488e-05 
-0.00212167 
0.00212167 
0.006977 
0.0120038 
0.0167486 
0.0212468 
0.0255036 
0.0296128 
0.0336649 
0.0377399 
0.0418928 
0.0461491 
0.0505068 
0.05494 
0.0594037 
0.0638385 
0.068174 
0.0723318 
0.0762285 
0.0797786 
0.0829003 
0.0855193 
0.087582 
0.0890422 
0.0898734 
0.0900801 
0.0896657 
0.0886444 
0.0870382 
0.0848734 
0.0821834 
0.0790117 
0.0754129 
0.0714534 
0.0672086 
0.062758 
0.0581784 
0.053538 
0.0488969 
0.0443175 
0.0398798 
0.0356787 
0.0317916 
0.0282454 
0.0250153 
0.0220549 
0.0193222 
0.0167888 
0.0144373 
0.0122574 
0.0102426 
0.00838954 
0.00669757 
0.0051681 
0.00380459 
0.00261212 
0.00159607 
0.000762937 
0.000119528 
-0.000333394 
-0.000598793 
-0.000690509 
-0.00062546 
-0.000434254 
-0.000156411 
0.000156411 
-0.00192257 
0.00192257 
0.00632913 
0.0108243 
0.0149074 
0.0186785 
0.0221767 
0.0255364 
0.0288715 
0.0322765 
0.0358116 
0.0395025 
0.0433455 
0.0473135 
0.0513617 
0.0554316 
0.0594546 
0.0633535 
0.0670447 
0.0704397 
0.0734514 
0.0759999 
0.0780268 
0.079486 
0.0803525 
0.0806415 
0.0803649 
0.0795439 
0.0782027 
0.0763653 
0.0740584 
0.0713145 
0.0681745 
0.0646893 
0.0609187 
0.056928 
0.0527819 
0.0485415 
0.0442688 
0.0400419 
0.0359653 
0.0321489 
0.0286602 
0.025498 
0.0226125 
0.0199458 
0.0174564 
0.0151212 
0.0129289 
0.0108743 
0.00895629 
0.00717607 
0.00553724 
0.00404588 
0.00271034 
0.00153947 
0.000547965 
-0.000252052 
-0.000842938 
-0.00122848 
-0.00140171 
-0.00137034 
-0.00114812 
-0.000766905 
-0.000271877 
0.000271877 
-0.00165501 
0.00165501 
0.00543863 
0.00924155 
0.0125664 
0.0155803 
0.0183357 
0.0209859 
0.0236477 
0.0264153 
0.0293451 
0.0324595 
0.0357543 
0.0392051 
0.0427718 
0.0464022 
0.0500344 
0.0535977 
0.0570125 
0.0601908 
0.0630419 
0.0654797 
0.0674408 
0.0688734 
0.0697517 
0.070103 
0.0699495 
0.0693188 
0.0682369 
0.0667257 
0.0648062 
0.0625029 
0.0598458 
0.0568731 
0.05363 
0.0501663 
0.0465326 
0.0427806 
0.038975 
0.0352111 
0.0316122 
0.0282876 
0.0252792 
0.0225531 
0.020041 
0.0176834 
0.0154459 
0.0133138 
0.0112828 
0.00935372 
0.00753014 
0.00581793 
0.00422535 
0.00276262 
0.00144411 
0.000285429 
-0.000684913 
-0.00145434 
-0.00200372 
-0.0023233 
-0.00239816 
-0.00222635 
-0.00181526 
-0.00119681 
-0.000422596 
0.000422596 
-0.00134243 
0.00134243 
0.00439513 
0.00741575 
0.00995319 
0.0122234 
0.0142731 
0.0162558 
0.0182759 
0.0204182 
0.0227314 
0.0252352 
0.027928 
0.0307921 
0.0337964 
0.0368988 
0.0400474 
0.043182 
0.0462321 
0.0491145 
0.0517389 
0.0540159 
0.0558773 
0.0572642 
0.0581525 
0.0585806 
0.0585761 
0.0581664 
0.0573739 
0.0562156 
0.0547077 
0.0528684 
0.0507204 
0.0482916 
0.0456149 
0.0427251 
0.0396588 
0.0364611 
0.0332044 
0.0300013 
0.0269826 
0.024236 
0.0217636 
0.019501 
0.0173723 
0.0153262 
0.0133401 
0.0114093 
0.00953657 
0.00772838 
0.00599283 
0.00434039 
0.00278257 
0.00133634 
1.96979e-05 
-0.00113122 
-0.00210032 
-0.0028609 
-0.00338561 
-0.00365129 
-0.00362747 
-0.00330047 
-0.00266628 
-0.00175381 
-0.000620462 
0.000620462 
-0.0010054 
0.0010054 
0.00327488 
0.00547924 
0.00724806 
0.008811 
0.0101996 
0.0115512 
0.0129504 
0.0144676 
0.016144 
0.0179984 
0.0200355 
0.0222463 
0.0246113 
0.0271 
0.0296726 
0.0322809 
0.034868 
0.0373625 
0.0396814 
0.041738 
0.0434621 
0.0447875 
0.0457001 
0.0462452 
0.0464447 
0.046314 
0.0458635 
0.0451024 
0.0440423 
0.0426974 
0.0410856 
0.0392276 
0.0371451 
0.0348599 
0.0323983 
0.0298063 
0.0271702 
0.0246153 
0.0222586 
0.0201444 
0.0182295 
0.0164301 
0.0146758 
0.012931 
0.0111873 
0.00944921 
0.00772619 
0.00602938 
0.00437082 
0.00276436 
0.00122594 
-0.000221484 
-0.00154575 
-0.00271983 
-0.00371528 
-0.00449695 
-0.00502023 
-0.00525055 
-0.00513684 
-0.00464521 
-0.00375222 
-0.00247734 
-0.00088159 
0.00088159 
-0.000660463 
0.000660463 
0.00213982 
0.00353666 
0.00458415 
0.00548582 
0.00625936 
0.00701295 
0.00780947 
0.00870298 
0.00972946 
0.0109085 
0.0122521 
0.0137615 
0.0154291 
0.0172369 
0.0191568 
0.0211526 
0.0231822 
0.0251932 
0.0271196 
0.0288854 
0.0304208 
0.0316802 
0.0326681 
0.0334007 
0.033873 
0.0340795 
0.0340181 
0.0336922 
0.0331102 
0.0322847 
0.0312301 
0.0299605 
0.0284878 
0.0268244 
0.0249942 
0.0230539 
0.0211056 
0.0192707 
0.0176252 
0.0161559 
0.0147832 
0.0134207 
0.012016 
0.0105527 
0.00903523 
0.0074763 
0.00589034 
0.004292 
0.00269626 
0.00111961 
-0.000416498 
-0.00188017 
-0.00324337 
-0.00447506 
-0.00553505 
-0.00637559 
-0.00693725 
-0.0071667 
-0.00698406 
-0.00632418 
-0.00513284 
-0.00341175 
-0.00122373 
0.00122373 
-0.000319752 
0.000319752 
0.00103606 
0.00166437 
0.00205078 
0.00234148 
0.00254742 
0.0027382 
0.00295691 
0.00324102 
0.0036232 
0.0041244 
0.00476424 
0.0055531 
0.00649574 
0.00758626 
0.00880953 
0.0101397 
0.011548 
0.0130046 
0.0144742 
0.0159073 
0.017236 
0.0184603 
0.0195706 
0.0205271 
0.0212972 
0.0218586 
0.0222005 
0.0223219 
0.0222293 
0.0219329 
0.0214425 
0.0207651 
0.0199051 
0.0188719 
0.017698 
0.016457 
0.0152557 
0.0141824 
0.0132499 
0.0123914 
0.0115117 
0.0105407 
0.00944991 
0.00824103 
0.0069289 
0.00553165 
0.00406689 
0.0025514 
0.00100142 
-0.000563587 
-0.00211591 
-0.00362643 
-0.00506626 
-0.00639611 
-0.00756622 
-0.00851595 
-0.00916754 
-0.00944307 
-0.00922012 
-0.00838562 
-0.00684346 
-0.00457514 
-0.0016519 
0.0016519 
1.08219e-05 
-1.08219e-05 
-7.31005e-06 
-8.59338e-05 
-0.000296525 
-0.00056205 
-0.000873861 
-0.00120427 
-0.00152702 
-0.00181995 
-0.002053 
-0.00220352 
-0.0022459 
-0.00216116 
-0.00193345 
-0.0015559 
-0.00103009 
-0.000369602 
0.000410501 
0.00129756 
0.00229043 
0.00339151 
0.00455518 
0.00578456 
0.00700057 
0.00814488 
0.00917281 
0.0100559 
0.0107762 
0.0113269 
0.0117108 
0.011934 
0.0119985 
0.0119038 
0.0116518 
0.0112589 
0.0107736 
0.0102787 
0.00985732 
0.00953602 
0.00926198 
0.00893806 
0.00847943 
0.00784347 
0.00702544 
0.0060406 
0.00491022 
0.00365522 
0.00229458 
0.000845169 
-0.000677185 
-0.00224833 
-0.00384239 
-0.00543325 
-0.00698868 
-0.00846352 
-0.00979943 
-0.010921 
-0.0117264 
-0.0120975 
-0.0118471 
-0.0107997 
-0.0088232 
-0.00590025 
-0.00213322 
0.00213322 
0.000335058 
-0.000335058 
-0.000980527 
-0.00168292 
-0.00242432 
-0.00318633 
-0.00396414 
-0.00476677 
-0.00558239 
-0.00640177 
-0.00719813 
-0.00794766 
-0.00862053 
-0.00918999 
-0.00962986 
-0.00991957 
-0.0100451 
-0.0100018 
-0.0097884 
-0.00940319 
-0.0088372 
-0.00805898 
-0.00708855 
-0.0059233 
-0.00466982 
-0.00339978 
-0.00216678 
-0.00100511 
5.88116e-05 
0.00101251 
0.00184882 
0.00256786 
0.00316538 
0.00363783 
0.00399283 
0.00426036 
0.0044981 
0.00477053 
0.00510547 
0.00545994 
0.00573859 
0.00584683 
0.00572818 
0.00536883 
0.00478168 
0.00398983 
0.0030172 
0.00188497 
0.000611338 
-0.000790763 
-0.00230151 
-0.00389859 
-0.00556178 
-0.00726651 
-0.00897915 
-0.0106506 
-0.0122134 
-0.0135706 
-0.0145826 
-0.015059 
-0.0147265 
-0.0133598 
-0.0108386 
-0.00719554 
-0.00258814 
0.00258814 
0.000646221 
-0.000646221 
-0.00187111 
-0.00311271 
-0.00432175 
-0.00551869 
-0.00670547 
-0.00792014 
-0.00916433 
-0.0104409 
-0.0117275 
-0.0130009 
-0.0142287 
-0.0153783 
-0.0164144 
-0.0173031 
-0.0180136 
-0.0185205 
-0.0188031 
-0.018845 
-0.0186318 
-0.0181409 
-0.0173899 
-0.0163701 
-0.0151549 
-0.013832 
-0.0124553 
-0.0110681 
-0.00970434 
-0.00838383 
-0.00712301 
-0.00593277 
-0.00481878 
-0.00378093 
-0.0028023 
-0.00184816 
-0.000877981 
0.000123519 
0.00111616 
0.00200952 
0.00270577 
0.0031379 
0.00328159 
0.00314453 
0.00274923 
0.00212147 
0.00128396 
0.000256526 
-0.000949639 
-0.00231742 
-0.00382979 
-0.00547128 
-0.00722718 
-0.00907612 
-0.0109857 
-0.0129036 
-0.0147478 
-0.0163804 
-0.0175949 
-0.0180856 
-0.0175131 
-0.0156744 
-0.0125377 
-0.00822222 
-0.00293126 
0.00293126 
0.000930673 
-0.000930673 
-0.00266735 
-0.00437956 
-0.00599763 
-0.00756861 
-0.00910063 
-0.0106554 
-0.0122484 
-0.0138949 
-0.0155782 
-0.0172772 
-0.0189593 
-0.0205883 
-0.0221228 
-0.0235189 
-0.0247322 
-0.0257208 
-0.0264467 
-0.0268787 
-0.0269921 
-0.0267673 
-0.0262208 
-0.0253534 
-0.0242118 
-0.022882 
-0.0214122 
-0.0198498 
-0.0182335 
-0.0165904 
-0.0149424 
-0.0133051 
-0.0116848 
-0.0100781 
-0.0084703 
-0.00684576 
-0.00520756 
-0.00359982 
-0.00210996 
-0.000836062 
0.000148492 
0.000809456 
0.00114988 
0.00118878 
0.000951334 
0.000461636 
-0.000261537 
-0.00120368 
-0.00235226 
-0.00369357 
-0.00521729 
-0.00691605 
-0.0087816 
-0.0107982 
-0.0129359 
-0.0151341 
-0.0172779 
-0.0191532 
-0.0204521 
-0.0207535 
-0.0197443 
-0.0173451 
-0.0136479 
-0.00883914 
-0.00312431 
0.00312431 
0.00118569 
-0.00118569 
-0.00337162 
-0.00549442 
-0.00746658 
-0.00935307 
-0.0111658 
-0.0129851 
-0.0148405 
-0.0167601 
-0.0187347 
-0.020747 
-0.0227658 
-0.0247543 
-0.0266685 
-0.0284589 
-0.0300725 
-0.0314554 
-0.0325568 
-0.0333329 
-0.0337483 
-0.0337799 
-0.0334365 
-0.0327195 
-0.0316617 
-0.0303462 
-0.0288136 
-0.027111 
-0.0252782 
-0.0233461 
-0.0213395 
-0.0192769 
-0.0171685 
-0.0150194 
-0.0128364 
-0.0106423 
-0.008489 
-0.00646076 
-0.00465422 
-0.00314662 
-0.00197921 
-0.00115839 
-0.000670033 
-0.000491609 
-0.000599574 
-0.000973979 
-0.00159917 
-0.00246432 
-0.00355923 
-0.00487667 
-0.00641454 
-0.00817395 
-0.0101546 
-0.0123475 
-0.0147216 
-0.0171924 
-0.01958 
-0.0215602 
-0.0227266 
-0.0226234 
-0.0210848 
-0.018187 
-0.0141058 
-0.00904618 
-0.00317741 
0.00317741 
0.00141199 
-0.00141199 
-0.00399063 
-0.00647133 
-0.00874853 
-0.0108979 
-0.0129311 
-0.0149423 
-0.0169743 
-0.0190688 
-0.0212261 
-0.0234338 
-0.0256637 
-0.0278806 
-0.0300409 
-0.0320942 
-0.0339841 
-0.0356512 
-0.0370362 
-0.0380859 
-0.0387549 
-0.0390125 
-0.0388566 
-0.0382833 
-0.0373142 
-0.0360251 
-0.0344499 
-0.032633 
-0.0306136 
-0.0284251 
-0.0260964 
-0.023653 
-0.0211183 
-0.0185192 
-0.0158956 
-0.0133081 
-0.0108394 
-0.00858196 
-0.00661488 
-0.00498617 
-0.00371159 
-0.00278428 
-0.00218636 
-0.00189695 
-0.00189635 
-0.00216968 
-0.00270512 
-0.00349543 
-0.00453489 
-0.0058239 
-0.0073687 
-0.00917907 
-0.0112631 
-0.013616 
-0.0161938 
-0.0188639 
-0.0213534 
-0.0232323 
-0.024061 
-0.0234624 
-0.0214682 
-0.0182437 
-0.0139917 
-0.00890948 
-0.00311566 
0.00311566 
0.00161205 
-0.00161205 
-0.00453338 
-0.0073262 
-0.00986641 
-0.0122343 
-0.0144369 
-0.0165766 
-0.0187075 
-0.0208856 
-0.0231226 
-0.0254129 
-0.0277319 
-0.030047 
-0.0323172 
-0.0344944 
-0.0365233 
-0.0383441 
-0.0398952 
-0.0411185 
-0.0419617 
-0.0423865 
-0.0423795 
-0.0419274 
-0.041042 
-0.0397848 
-0.0381843 
-0.0362812 
-0.0341149 
-0.0317226 
-0.0291417 
-0.026411 
-0.0235738 
-0.0206835 
-0.0178076 
-0.0150282 
-0.0124331 
-0.0101006 
-0.00808474 
-0.00641057 
-0.00508042 
-0.0040836 
-0.0034037 
-0.00302404 
-0.00292979 
-0.00311072 
-0.00355899 
-0.00427094 
-0.00524654 
-0.00649348 
-0.00802557 
-0.00986058 
-0.0120128 
-0.014474 
-0.0171716 
-0.0199059 
-0.0223143 
-0.0239146 
-0.0243206 
-0.0232947 
-0.0210154 
-0.0176517 
-0.0134139 
-0.00849554 
-0.00296048 
0.00296048 
0.00178875 
-0.00178875 
-0.00500909 
-0.00807487 
-0.0108436 
-0.0133958 
-0.0157289 
-0.0179474 
-0.0201138 
-0.0222981 
-0.0245254 
-0.0267989 
-0.0290992 
-0.0313965 
-0.0336528 
-0.0358238 
-0.0378583 
-0.0397001 
-0.04129 
-0.0425698 
-0.0434857 
-0.043995 
-0.0440752 
-0.043705 
-0.0428869 
-0.041663 
-0.0400575 
-0.0381079 
-0.0358551 
-0.0333428 
-0.0306192 
-0.0277386 
-0.0247632 
-0.0217648 
-0.0188242 
-0.016025 
-0.0134435 
-0.0111376 
-0.00914141 
-0.00746771 
-0.00611473 
-0.00507308 
-0.00433033 
-0.00387463 
-0.00369596 
-0.00378776 
-0.00414585 
-0.00477021 
-0.00566626 
-0.00684747 
-0.00833362 
-0.010148 
-0.0123061 
-0.0147868 
-0.0174782 
-0.0201171 
-0.022291 
-0.0235353 
-0.0235673 
-0.0222714 
-0.0198832 
-0.0165365 
-0.0124583 
-0.00785393 
-0.00272708 
0.00272708 
0.00194478 
-0.00194478 
-0.00542594 
-0.00873123 
-0.0117012 
-0.0144132 
-0.0168515 
-0.0191164 
-0.0212737 
-0.0234056 
-0.0255524 
-0.0277295 
-0.0299245 
-0.0321114 
-0.0342551 
-0.0363148 
-0.0382447 
-0.039994 
-0.0415091 
-0.0427364 
-0.0436247 
-0.0441313 
-0.0442292 
-0.0438929 
-0.043117 
-0.0419254 
-0.0403388 
-0.0383923 
-0.0361286 
-0.0335979 
-0.0308577 
-0.0279731 
-0.0250169 
-0.0220669 
-0.0192027 
-0.0164978 
-0.0140122 
-0.0117876 
-0.00984708 
-0.00819909 
-0.00684264 
-0.00577172 
-0.00497838 
-0.00445512 
-0.00419592 
-0.00419698 
-0.00445707 
-0.00497935 
-0.00577319 
-0.00685553 
-0.00824931 
-0.00997927 
-0.0120561 
-0.0144399 
-0.0169826 
-0.0193859 
-0.0212416 
-0.022152 
-0.0219379 
-0.0205406 
-0.0181865 
-0.0149812 
-0.0111822 
-0.00701866 
-0.00242626 
0.00242626 
0.00208222 
-0.00208222 
-0.00579012 
-0.0093057 
-0.0124548 
-0.0153109 
-0.0178424 
-0.020139 
-0.0222636 
-0.0243065 
-0.0263237 
-0.0283464 
-0.0303732 
-0.0323837 
-0.0343461 
-0.0362227 
-0.0379722 
-0.0395499 
-0.0409092 
-0.0420029 
-0.0427859 
-0.043219 
-0.0432748 
-0.0429283 
-0.0421691 
-0.0410081 
-0.0394634 
-0.0375678 
-0.035365 
-0.032908 
-0.0302584 
-0.0274848 
-0.0246603 
-0.0218589 
-0.0191507 
-0.0165964 
-0.0142429 
-0.012122 
-0.0102522 
-0.00864168 
-0.00729188 
-0.00620038 
-0.0053631 
-0.00477594 
-0.00443572 
-0.00434055 
-0.00449118 
-0.00489275 
-0.00555624 
-0.00649915 
-0.00774382 
-0.00931167 
-0.0112041 
-0.0133636 
-0.0156246 
-0.0176927 
-0.0192101 
-0.0198638 
-0.0195453 
-0.0181901 
-0.0159797 
-0.0130258 
-0.00961797 
-0.0060106 
-0.0020652 
0.0020652 
0.00220228 
-0.00220228 
-0.00610529 
-0.00980413 
-0.0131134 
-0.0161034 
-0.0187261 
-0.021056 
-0.0231458 
-0.0250872 
-0.026949 
-0.0287807 
-0.0305972 
-0.0323883 
-0.0341273 
-0.0357795 
-0.0373072 
-0.0386707 
-0.03983 
-0.040745 
-0.0413775 
-0.041694 
-0.0416691 
-0.0412816 
-0.0405192 
-0.0393863 
-0.0378992 
-0.0360882 
-0.0339954 
-0.0316727 
-0.0291797 
-0.0265815 
-0.023945 
-0.0213354 
-0.0188117 
-0.0164236 
-0.0142093 
-0.0121955 
-0.0103991 
-0.00882919 
-0.00748972 
-0.00638114 
-0.0055022 
-0.00485109 
-0.00442625 
-0.00422689 
-0.00425453 
-0.00451453 
-0.00501676 
-0.00577604 
-0.00681001 
-0.00813245 
-0.00973402 
-0.0115483 
-0.0134166 
-0.0150861 
-0.0162779 
-0.01676 
-0.0164516 
-0.0152428 
-0.0132639 
-0.0106762 
-0.00777984 
-0.00484107 
-0.00164861 
0.00164861 
0.00230532 
-0.00230532 
-0.00637254 
-0.0102276 
-0.0136781 
-0.0167932 
-0.0195108 
-0.0218877 
-0.0239597 
-0.0258109 
-0.0275162 
-0.0291424 
-0.0307248 
-0.0322703 
-0.0337618 
-0.0351696 
-0.0364586 
-0.037593 
-0.0385375 
-0.0392582 
-0.0397232 
-0.039905 
-0.0397815 
-0.0393364 
-0.0385589 
-0.0374508 
-0.0360271 
-0.034315 
-0.0323531 
-0.0301886 
-0.0278755 
-0.0254714 
-0.0230344 
-0.0206199 
-0.0182773 
-0.0160481 
-0.0139649 
-0.0120514 
-0.0103239 
-0.00879249 
-0.00746263 
-0.00633672 
-0.00541523 
-0.00469766 
-0.00418297 
-0.00387062 
-0.00376153 
-0.00385933 
-0.00417022 
-0.0047032 
-0.00546741 
-0.006466 
-0.00768013 
-0.00904533 
-0.0104328 
-0.0116572 
-0.0125328 
-0.0129005 
-0.0126809 
-0.0116767 
-0.0100081 
-0.00792296 
-0.00567495 
-0.00351775 
-0.00118092 
0.00118092 
0.00239086 
-0.00239086 
-0.00659096 
-0.0105736 
-0.0141434 
-0.0173719 
-0.0201872 
-0.0226298 
-0.0247146 
-0.0265088 
-0.0280828 
-0.0295134 
-0.030857 
-0.0321431 
-0.0333722 
-0.0345246 
-0.0355697 
-0.036474 
-0.0372053 
-0.0377338 
-0.0380328 
-0.0380793 
-0.0378553 
-0.0373478 
-0.0365495 
-0.0354612 
-0.0340972 
-0.0324815 
-0.0306478 
-0.0286375 
-0.026497 
-0.0242759 
-0.0220233 
-0.019786 
-0.0176056 
-0.0155175 
-0.0135503 
-0.0117255 
-0.0100586 
-0.00856005 
-0.00723609 
-0.0060901 
-0.00512328 
-0.00433553 
-0.00372552 
-0.0032921 
-0.00303428 
-0.00295241 
-0.00304694 
-0.00331861 
-0.00376544 
-0.00437832 
-0.00513091 
-0.00596894 
-0.00680681 
-0.00753803 
-0.0080749 
-0.00832894 
-0.00822566 
-0.00745028 
-0.00618595 
-0.00476841 
-0.00331952 
-0.00205356 
-0.00066887 
0.00066887 
0.00245777 
-0.00245777 
-0.00675879 
-0.0108378 
-0.0145007 
-0.0178239 
-0.0207322 
-0.0232546 
-0.0253861 
-0.0271713 
-0.028664 
-0.0299383 
-0.0310637 
-0.0320934 
-0.0330531 
-0.0339419 
-0.0347391 
-0.0354155 
-0.0359403 
-0.0362853 
-0.0364264 
-0.0363439 
-0.0360227 
-0.0354522 
-0.0346296 
-0.0335547 
-0.0322408 
-0.0307085 
-0.0289869 
-0.0271111 
-0.0251207 
-0.0230573 
-0.0209627 
-0.0188762 
-0.0168335 
-0.0148652 
-0.0129964 
-0.0112466 
-0.00963021 
-0.00815713 
-0.00683377 
-0.00566371 
-0.00464805 
-0.0037865 
-0.00307675 
-0.00251641 
-0.00210154 
-0.00182819 
-0.00168983 
-0.0016779 
-0.00177818 
-0.00196915 
-0.00221807 
-0.00248312 
-0.00272226 
-0.00290416 
-0.00303452 
-0.00311456 
-0.00311465 
-0.00255318 
-0.00184003 
-0.00126389 
-0.000758087 
-0.000477223 
-0.000124849 
0.000124849 
0.00250488 
-0.00250488 
-0.00687554 
-0.0110184 
-0.0147438 
-0.018134 
-0.0211174 
-0.0237191 
-0.0259212 
-0.0277458 
-0.0292226 
-0.0304082 
-0.0313694 
-0.0321738 
-0.0328729 
-0.0334931 
-0.0340345 
-0.0344786 
-0.0347982 
-0.0349656 
-0.0349569 
-0.0347532 
-0.0343409 
-0.0337109 
-0.0328616 
-0.0317931 
-0.0305167 
-0.0290504 
-0.027419 
-0.0256523 
-0.0237838 
-0.0218487 
-0.0198826 
-0.017919 
-0.0159887 
-0.0141181 
-0.0123296 
-0.0106402 
-0.00906311 
-0.00760721 
-0.00627836 
-0.00507983 
-0.00401198 
-0.00307397 
-0.00226196 
-0.00157178 
-0.000996219 
-0.000527276 
-0.000151542 
0.000148156 
0.000397614 
0.000629255 
0.000882236 
0.00119006 
0.0015631 
0.00197475 
0.00234399 
0.00259368 
0.00264048 
0.00288975 
0.00284226 
0.00245768 
0.00192396 
0.00115992 
0.000431601 
-0.000431601 
0.00252968 
-0.00252968 
-0.00694326 
-0.0111202 
-0.0148759 
-0.0182983 
-0.0213234 
-0.023982 
-0.0262533 
-0.0281464 
-0.0296677 
-0.0308473 
-0.0317319 
-0.032384 
-0.0328682 
-0.0332373 
-0.0335212 
-0.0337246 
-0.0338326 
-0.0338211 
-0.0336649 
-0.0333434 
-0.0328418 
-0.032151 
-0.0312687 
-0.0301966 
-0.0289431 
-0.0275236 
-0.025959 
-0.0242747 
-0.0224993 
-0.0206631 
-0.0187965 
-0.0169286 
-0.0150862 
-0.0132923 
-0.0115668 
-0.00992405 
-0.00837558 
-0.00692905 
-0.00558919 
-0.00435865 
-0.00323648 
-0.0022211 
-0.00130673 
-0.000488068 
0.000244597 
0.000904045 
0.0015102 
0.00208755 
0.0026707 
0.00330031 
0.0040211 
0.00486162 
0.00581203 
0.00680086 
0.00769868 
0.00834697 
0.00862896 
0.00836178 
0.00751279 
0.00617134 
0.00459648 
0.00278173 
0.000976923 
-0.000976923 
0.00253996 
-0.00253996 
-0.00697092 
-0.0111594 
-0.0149167 
-0.0183346 
-0.0213571 
-0.0240267 
-0.026332 
-0.0282829 
-0.0298748 
-0.0311146 
-0.0320202 
-0.0326288 
-0.0329938 
-0.0331763 
-0.0332308 
-0.0331938 
-0.0330771 
-0.032872 
-0.0325582 
-0.0321136 
-0.0315201 
-0.0307662 
-0.0298466 
-0.0287635 
-0.0275201 
-0.0261298 
-0.0246105 
-0.022984 
-0.0212753 
-0.0195108 
-0.0177171 
-0.0159199 
-0.0141431 
-0.0124061 
-0.010727 
-0.00911752 
-0.00758734 
-0.00614267 
-0.00478662 
-0.00352118 
-0.00234349 
-0.00125164 
-0.000238175 
0.000701798 
0.00158377 
0.0024238 
0.00324664 
0.00408176 
0.00496983 
0.00595643 
0.00708846 
0.00838769 
0.00982656 
0.0112947 
0.0126215 
0.0135746 
0.0139933 
0.0133099 
0.0117946 
0.00961378 
0.0070926 
0.00429776 
0.00148527 
-0.00148527 
0.0025466 
-0.0025466 
-0.00698311 
-0.011167 
-0.0149069 
-0.0182897 
-0.0212644 
-0.0238855 
-0.0261586 
-0.0281089 
-0.0297391 
-0.0310497 
-0.0320381 
-0.0327105 
-0.0330887 
-0.0332127 
-0.0331358 
-0.0329133 
-0.032588 
-0.0321821 
-0.0316955 
-0.0311136 
-0.0304169 
-0.029589 
-0.0286201 
-0.0275076 
-0.0262555 
-0.0248727 
-0.0233743 
-0.0217794 
-0.0201099 
-0.0183894 
-0.0166418 
-0.0148902 
-0.0131568 
-0.0114584 
-0.00981191 
-0.00822561 
-0.00670619 
-0.00525862 
-0.00388366 
-0.00258294 
-0.00135113 
-0.000187492 
0.000916533 
0.00197006 
0.00299071 
0.00399647 
0.00501485 
0.00607818 
0.00722968 
0.00851575 
0.00998056 
0.011636 
0.0134366 
0.01524 
0.0168392 
0.0179455 
0.0183355 
0.0173996 
0.0153985 
0.0125609 
0.00926016 
0.0056264 
0.00193241 
-0.00193241 
0.00255547 
-0.00255547 
-0.00700916 
-0.0111882 
-0.0149036 
-0.018236 
-0.0211297 
-0.0236468 
-0.0258097 
-0.0276662 
-0.0292416 
-0.0305527 
-0.0315987 
-0.0323713 
-0.0328618 
-0.0330725 
-0.0330233 
-0.0327521 
-0.0323082 
-0.0317389 
-0.0310772 
-0.0303356 
-0.0295094 
-0.0285849 
-0.0275487 
-0.0263932 
-0.0251187 
-0.0237289 
-0.0222336 
-0.02065 
-0.0189982 
-0.0172998 
-0.0155774 
-0.0138526 
-0.012146 
-0.0104709 
-0.00884402 
-0.00727044 
-0.00575387 
-0.0042983 
-0.00290119 
-0.00156518 
-0.000282168 
0.000946105 
0.00213465 
0.00329265 
0.00443864 
0.00559151 
0.00677943 
0.00803517 
0.00940084 
0.0109195 
0.0126279 
0.0145258 
0.0165504 
0.0185361 
0.0202484 
0.0213606 
0.0216112 
0.0204926 
0.0181799 
0.0148908 
0.0110105 
0.006716 
0.00230229 
-0.00230229 
0.0025727 
-0.0025727 
-0.00706767 
-0.0112702 
-0.0149694 
-0.0182545 
-0.0210574 
-0.0234383 
-0.0254296 
-0.0270989 
-0.0284991 
-0.0296768 
-0.0306573 
-0.0314466 
-0.0320328 
-0.0323949 
-0.0325138 
-0.0323827 
-0.032015 
-0.0314428 
-0.0307086 
-0.0298523 
-0.0289006 
-0.0278628 
-0.0267354 
-0.0255104 
-0.0241821 
-0.0227517 
-0.0212265 
-0.0196211 
-0.0179545 
-0.0162464 
-0.0145182 
-0.0127904 
-0.0110852 
-0.00941495 
-0.00779925 
-0.00623633 
-0.0047203 
-0.00325759 
-0.00184072 
-0.000475341 
0.000850103 
0.00213694 
0.00340125 
0.00465215 
0.00590775 
0.00718658 
0.0085154 
0.00992499 
0.0114531 
0.0131359 
0.0149993 
0.0170295 
0.019149 
0.0211782 
0.0228687 
0.0238815 
0.0239475 
0.0226718 
0.0201643 
0.0165957 
0.0123247 
0.00755101 
0.00258957 
-0.00258957 
0.00260108 
-0.00260108 
-0.00716969 
-0.0114306 
-0.0151559 
-0.0184092 
-0.0211364 
-0.0233803 
-0.025177 
-0.0266035 
-0.0277334 
-0.0286416 
-0.0293866 
-0.0300082 
-0.0305227 
-0.0309233 
-0.031184 
-0.0312683 
-0.0311417 
-0.0307838 
-0.0301957 
-0.0293987 
-0.0284263 
-0.0273128 
-0.0260847 
-0.0247578 
-0.0233401 
-0.0218383 
-0.0202598 
-0.0186172 
-0.0169209 
-0.0151886 
-0.013443 
-0.0117081 
-0.0100049 
-0.00833588 
-0.00672384 
-0.00516359 
-0.00364236 
-0.00217111 
-0.000733458 
0.000657951 
0.00202379 
0.00336523 
0.00469803 
0.00603115 
0.00738121 
0.00876524 
0.0102068 
0.0117326 
0.0133736 
0.0151568 
0.0170951 
0.0191619 
0.0212682 
0.0232307 
0.0248 
0.0256487 
0.0255168 
0.0241076 
0.0214757 
0.0177492 
0.0132398 
0.00814717 
0.00279857 
-0.00279857 
0.0026414 
-0.0026414 
-0.00731604 
-0.011672 
-0.0154664 
-0.0187318 
-0.0214093 
-0.0235424 
-0.0251583 
-0.0263386 
-0.027167 
-0.0277355 
-0.0281249 
-0.0284039 
-0.0286231 
-0.0288137 
-0.0289834 
-0.0291152 
-0.0291705 
-0.0290977 
-0.0288457 
-0.0283771 
-0.0276754 
-0.0267459 
-0.02561 
-0.0242966 
-0.0228357 
-0.0212561 
-0.0195842 
-0.0178442 
-0.016059 
-0.0142472 
-0.0124284 
-0.0106223 
-0.00885783 
-0.00714495 
-0.00553319 
-0.0039969 
-0.00247344 
-0.00100162 
0.000443088 
0.0018521 
0.00324762 
0.0046332 
0.00602287 
0.00742495 
0.00885327 
0.0103218 
0.0118495 
0.0134569 
0.0151665 
0.0169947 
0.0189415 
0.0209686 
0.0229802 
0.0247973 
0.0261805 
0.0268303 
0.0265017 
0.0249755 
0.0222635 
0.0184589 
0.0138227 
0.00853934 
0.00293986 
-0.00293986 
0.00269226 
-0.00269226 
-0.00750132 
-0.0119847 
-0.0158837 
-0.0192065 
-0.02187 
-0.0239252 
-0.0253922 
-0.0263544 
-0.0269027 
-0.0271396 
-0.0271568 
-0.0270337 
-0.0268348 
-0.0266129 
-0.026409 
-0.0262487 
-0.0261369 
-0.0260532 
-0.0259527 
-0.0257741 
-0.0254531 
-0.0249358 
-0.0241863 
-0.0231897 
-0.0219485 
-0.0204797 
-0.0188117 
-0.0169848 
-0.0150563 
-0.0130934 
-0.0111752 
-0.00935165 
-0.00761842 
-0.00593206 
-0.00433704 
-0.00281444 
-0.00128866 
0.000180762 
0.00163557 
0.0030647 
0.00449012 
0.00591708 
0.00735832 
0.00882113 
0.010316 
0.0118529 
0.0134449 
0.0151055 
0.0168477 
0.0186769 
0.0205813 
0.0225135 
0.0243746 
0.0259961 
0.0271562 
0.0275902 
0.0270736 
0.0254397 
0.0226736 
0.0188387 
0.0141506 
0.00877084 
0.00302715 
-0.00302715 
0.00275055 
-0.00275055 
-0.00771573 
-0.0123519 
-0.0163845 
-0.0197968 
-0.0224858 
-0.0244895 
-0.0258367 
-0.0266098 
-0.0269108 
-0.0268557 
-0.0265482 
-0.0260735 
-0.0254956 
-0.0248629 
-0.0242157 
-0.0235909 
-0.023022 
-0.0225348 
-0.022139 
-0.0218222 
-0.0215477 
-0.0212614 
-0.0209022 
-0.0204133 
-0.0197491 
-0.0188765 
-0.0177733 
-0.0164262 
-0.0148332 
-0.0130062 
-0.0109843 
-0.00884045 
-0.00670738 
-0.00469508 
-0.00299567 
-0.00155066 
-9.48543e-06 
0.0014872 
0.00294023 
0.00436983 
0.00580207 
0.00725065 
0.00872668 
0.0102353 
0.011782 
0.0133712 
0.0150085 
0.016699 
0.0184458 
0.0202434 
0.0220694 
0.0238699 
0.0255468 
0.026945 
0.0278649 
0.0280771 
0.0273809 
0.0256422 
0.0228332 
0.0189924 
0.0142979 
0.00888552 
0.00307469 
-0.00307469 
0.00281171 
-0.00281171 
-0.00794552 
-0.0127513 
-0.0169383 
-0.0204646 
-0.0232072 
-0.0251846 
-0.0264311 
-0.0270333 
-0.0271051 
-0.0267824 
-0.0261889 
-0.0254241 
-0.0245569 
-0.0236304 
-0.0226714 
-0.0216997 
-0.020735 
-0.0198007 
-0.0189237 
-0.0181305 
-0.0174395 
-0.0168537 
-0.0163571 
-0.015916 
-0.015485 
-0.0150131 
-0.0144473 
-0.0137322 
-0.0128102 
-0.0116116 
-0.010076 
-0.00818225 
-0.0060458 
-0.00377538 
-0.00188991 
-0.000303971 
0.001271 
0.00277155 
0.00423566 
0.00567823 
0.00712788 
0.00860153 
0.0101113 
0.0116614 
0.0132533 
0.0148857 
0.0165564 
0.0182617 
0.0199945 
0.0217393 
0.0234648 
0.0251128 
0.0265885 
0.0277518 
0.0284267 
0.0284168 
0.0275462 
0.0257 
0.0228482 
0.0190088 
0.0143306 
0.00892368 
0.00309588 
-0.00309588 
0.00286979 
-0.00286979 
-0.00817313 
-0.0131552 
-0.0175088 
-0.0211675 
-0.0239847 
-0.0259589 
-0.0271185 
-0.02756 
-0.0274086 
-0.0268237 
-0.0259548 
-0.0249234 
-0.0238125 
-0.0226699 
-0.0215192 
-0.02037 
-0.0192266 
-0.0180932 
-0.0169781 
-0.0158953 
-0.0148651 
-0.0139105 
-0.0130521 
-0.0123024 
-0.0116614 
-0.0111149 
-0.0106359 
-0.010186 
-0.00972219 
-0.00918807 
-0.00850049 
-0.00761625 
-0.00648281 
-0.00503155 
-0.00312624 
-0.000690671 
0.00160322 
0.0036721 
0.00541109 
0.0069858 
0.00850179 
0.0100187 
0.0115647 
0.0131506 
0.0147779 
0.0164417 
0.0181332 
0.0198399 
0.0215448 
0.0232228 
0.024835 
0.0263204 
0.0275888 
0.0285154 
0.028947 
0.0287164 
0.0276728 
0.0257102 
0.0228053 
0.0189618 
0.0143052 
0.0089209 
0.00310275 
-0.00310275 
0.00291736 
-0.00291736 
-0.00837659 
-0.0135288 
-0.0180502 
-0.0218517 
-0.0247591 
-0.0267487 
-0.0278355 
-0.0281244 
-0.0277538 
-0.0269067 
-0.0257622 
-0.0244672 
-0.0231234 
-0.0217873 
-0.0204841 
-0.0192204 
-0.0179947 
-0.0168036 
-0.0156446 
-0.0145182 
-0.0134281 
-0.0123817 
-0.0113896 
-0.0104637 
-0.00961565 
-0.00885321 
-0.00817777 
-0.00758229 
-0.00704919 
-0.00656034 
-0.00604939 
-0.00547039 
-0.00474457 
-0.00379793 
-0.00230872 
-0.000338208 
0.00186322 
0.00403411 
0.00602374 
0.00786784 
0.00961019 
0.0113005 
0.0129742 
0.0146543 
0.0163505 
0.0180619 
0.0197788 
0.0214847 
0.0231559 
0.0247601 
0.026253 
0.0275723 
0.0286333 
0.0293253 
0.029517 
0.0290662 
0.0278453 
0.0257571 
0.0227776 
0.0189139 
0.0142703 
0.00890856 
0.00310592 
-0.00310592 
0.00294547 
-0.00294547 
-0.00852919 
-0.0138291 
-0.0185059 
-0.02245 
-0.0254562 
-0.0274747 
-0.0285031 
-0.0286482 
-0.0280653 
-0.0269589 
-0.0255407 
-0.023985 
-0.0224147 
-0.0208961 
-0.0194561 
-0.0180983 
-0.0168162 
-0.0156002 
-0.0144421 
-0.0133363 
-0.0122803 
-0.0112739 
-0.0103176 
-0.0094115 
-0.00855418 
-0.00774434 
-0.00697994 
-0.00626182 
-0.00558284 
-0.0049496 
-0.00434761 
-0.00374071 
-0.00303479 
-0.00222161 
-0.0011952 
-8.80797e-05 
0.00115103 
0.00273339 
0.00479922 
0.00706719 
0.00937034 
0.0115996 
0.0137274 
0.0157616 
0.0177195 
0.019613 
0.021444 
0.0232038 
0.0248728 
0.0264201 
0.0278021 
0.02896 
0.0298172 
0.0302776 
0.0302302 
0.0295562 
0.0281479 
0.0259203 
0.0228452 
0.0189271 
0.0142731 
0.00891653 
0.00311513 
-0.00311513 
0.0029438 
-0.0029438 
-0.00859956 
-0.0140047 
-0.0188062 
-0.0228786 
-0.0259829 
-0.0280382 
-0.0290214 
-0.029033 
-0.0282501 
-0.0268947 
-0.0252126 
-0.0234064 
-0.0216216 
-0.0199348 
-0.0183748 
-0.016941 
-0.0156211 
-0.0143994 
-0.0132611 
-0.0121944 
-0.0111906 
-0.0102443 
-0.00935163 
-0.00850998 
-0.00771499 
-0.00696158 
-0.00623954 
-0.00554193 
-0.00485291 
-0.00417018 
-0.00349563 
-0.00282493 
-0.0020914 
-0.0012993 
-0.000311846 
0.000801197 
0.0019961 
0.00347998 
0.00527832 
0.00734143 
0.00958132 
0.0119092 
0.0142564 
0.0165736 
0.0188252 
0.0209843 
0.0230281 
0.0249341 
0.0266767 
0.0282239 
0.029535 
0.0305581 
0.0312278 
0.031465 
0.0311796 
0.0302754 
0.0286657 
0.0262777 
0.0230871 
0.0190819 
0.0143673 
0.008975 
0.00313929 
-0.00313929 
0.00290101 
-0.00290101 
-0.00855241 
-0.0139964 
-0.0188691 
-0.0230362 
-0.0262245 
-0.0283173 
-0.0292669 
-0.0291576 
-0.0281949 
-0.0266121 
-0.0246887 
-0.0226543 
-0.0206777 
-0.018846 
-0.0171892 
-0.0157019 
-0.0143652 
-0.0131564 
-0.0120547 
-0.0110424 
-0.0101057 
-0.00923409 
-0.00841893 
-0.00765343 
-0.00692936 
-0.00624014 
-0.00557462 
-0.00492623 
-0.00427908 
-0.00362535 
-0.00295509 
-0.00226199 
-0.00150463 
-0.000672899 
0.000286129 
0.00135836 
0.00258144 
0.00402251 
0.00565713 
0.00748748 
0.00951804 
0.0117417 
0.0141247 
0.0166047 
0.0191149 
0.0215862 
0.0239517 
0.0261506 
0.0281271 
0.029829 
0.0312057 
0.0322055 
0.0327727 
0.0328455 
0.0323569 
0.0312365 
0.0294213 
0.026856 
0.0235245 
0.0194117 
0.0146017 
0.00911047 
0.00318393 
-0.00318393 
0.00280544 
-0.00280544 
-0.00835047 
-0.0137399 
-0.0186026 
-0.0228058 
-0.0260458 
-0.0281667 
-0.0290919 
-0.028877 
-0.0277658 
-0.0259927 
-0.0238681 
-0.0216447 
-0.0195138 
-0.0175725 
-0.0158517 
-0.0143409 
-0.0130138 
-0.0118412 
-0.0107956 
-0.00985422 
-0.00899812 
-0.00821293 
-0.00748619 
-0.00680867 
-0.00616975 
-0.00556159 
-0.00497113 
-0.00439058 
-0.00380386 
-0.00320345 
-0.00257501 
-0.00191462 
-0.00118604 
-0.000386395 
0.000533671 
0.00158048 
0.00276126 
0.0041388 
0.00572658 
0.00752972 
0.00953355 
0.0117229 
0.0140716 
0.0165448 
0.0190999 
0.0216792 
0.0242145 
0.0266281 
0.0288375 
0.0307591 
0.0323128 
0.033425 
0.0340288 
0.0340635 
0.0334743 
0.0322106 
0.0302326 
0.0275063 
0.0240293 
0.0197943 
0.014879 
0.00928525 
0.00324552 
-0.00324552 
0.00264626 
-0.00264626 
-0.00795789 
-0.0131707 
-0.0179114 
-0.0220611 
-0.0252951 
-0.0274209 
-0.0283282 
-0.0280266 
-0.0268116 
-0.0249053 
-0.0226414 
-0.0202896 
-0.0180602 
-0.0160594 
-0.0143189 
-0.0128229 
-0.0115385 
-0.0104296 
-0.0094631 
-0.00861153 
-0.00785182 
-0.00716627 
-0.00653931 
-0.00595936 
-0.00541362 
-0.00489317 
-0.00438434 
-0.00387906 
-0.00336177 
-0.00282396 
-0.00224934 
-0.00162999 
-0.000939435 
-0.000166653 
0.000719764 
0.00173425 
0.00289794 
0.00424615 
0.00578481 
0.00752532 
0.00946729 
0.0116043 
0.0139152 
0.0163682 
0.0189207 
0.0215212 
0.024108 
0.0266079 
0.0289344 
0.0309947 
0.0326937 
0.033939 
0.034645 
0.034737 
0.0341544 
0.0328503 
0.0307957 
0.027972 
0.0243916 
0.0200589 
0.0150569 
0.00939099 
0.00328373 
-0.00328373 
0.00241494 
-0.00241494 
-0.00734492 
-0.0122332 
-0.0167079 
-0.0206786 
-0.0238155 
-0.0259028 
-0.0267957 
-0.0264323 
-0.0251731 
-0.0232141 
-0.0208977 
-0.0185024 
-0.016251 
-0.0142572 
-0.0125534 
-0.01112 
-0.0099178 
-0.00890525 
-0.00804455 
-0.00730443 
-0.0066587 
-0.00608731 
-0.00557258 
-0.0051016 
-0.00466031 
-0.00423915 
-0.00382405 
-0.0034065 
-0.00297127 
-0.00250994 
-0.00200571 
-0.00145018 
-0.000818979 
-0.000100467 
0.000733916 
0.00170328 
0.00282421 
0.00412911 
0.0056315 
0.00734506 
0.0092707 
0.0114039 
0.0137278 
0.0162137 
0.0188178 
0.0214819 
0.0241325 
0.0266844 
0.0290439 
0.0311217 
0.0328306 
0.0340851 
0.0348023 
0.034905 
0.0343269 
0.0330158 
0.03094 
0.028083 
0.0244624 
0.0200911 
0.0150585 
0.00937826 
0.00327108 
-0.00327108 
0.00210701 
-0.00210701 
-0.00649378 
-0.0108904 
-0.0149296 
-0.0185613 
-0.0214693 
-0.0234414 
-0.0243066 
-0.0239271 
-0.0226994 
-0.0207929 
-0.0185364 
-0.0162068 
-0.0140306 
-0.0121263 
-0.0105275 
-0.00921251 
-0.00813798 
-0.00725854 
-0.00653309 
-0.00592811 
-0.00541544 
-0.00497377 
-0.00458423 
-0.00423321 
-0.00390612 
-0.0035931 
-0.00328036 
-0.00295933 
-0.00261559 
-0.00224022 
-0.00181682 
-0.00133489 
-0.000773001 
-0.000116874 
0.000658303 
0.00157221 
0.00264435 
0.00390135 
0.00535818 
0.00703187 
0.00893025 
0.011055 
0.0133944 
0.0159219 
0.0185919 
0.0213384 
0.0240762 
0.0267045 
0.0291169 
0.0312093 
0.0328925 
0.0340886 
0.0347292 
0.0347533 
0.0341087 
0.0327513 
0.0306507 
0.0277882 
0.0241778 
0.0198331 
0.014844 
0.00923156 
0.00321158 
-0.00321158 
0.00172346 
-0.00172346 
-0.00540389 
-0.00913561 
-0.0125569 
-0.0156669 
-0.0181765 
-0.0199105 
-0.0207146 
-0.0203836 
-0.0192776 
-0.017548 
-0.0154835 
-0.0133486 
-0.0113616 
-0.00964255 
-0.00822638 
-0.007092 
-0.0061948 
-0.00548791 
-0.00492901 
-0.00448395 
-0.00412417 
-0.00382825 
-0.00357731 
-0.0033579 
-0.00315579 
-0.00296137 
-0.00276161 
-0.00254816 
-0.00230755 
-0.0020309 
-0.00170215 
-0.00131023 
-0.000834223 
-0.000259647 
0.000437029 
0.00127661 
0.00227874 
0.00347065 
0.0048715 
0.00650265 
0.00837762 
0.0105035 
0.0128735 
0.0154626 
0.018222 
0.0210771 
0.0239291 
0.0266618 
0.0291509 
0.0312758 
0.0329262 
0.0340333 
0.0345413 
0.0344112 
0.0336187 
0.0321453 
0.0299772 
0.0271011 
0.0235277 
0.0192644 
0.0143936 
0.00893785 
0.00310143 
-0.00310143 
0.00127126 
-0.00127126 
-0.00409496 
-0.00699999 
-0.00962924 
-0.0120381 
-0.0139696 
-0.0153092 
-0.0159704 
-0.0157533 
-0.0148669 
-0.0134422 
-0.0117096 
-0.0099069 
-0.00823233 
-0.00680187 
-0.00565129 
-0.00476302 
-0.0040945 
-0.00360033 
-0.00323936 
-0.00297874 
-0.0027912 
-0.00265648 
-0.00255683 
-0.00247976 
-0.0024122 
-0.00234529 
-0.0022673 
-0.00217043 
-0.00204255 
-0.00187478 
-0.00165167 
-0.00136137 
-0.000984238 
-0.000505175 
9.67963e-05 
0.000844281 
0.00175818 
0.00286706 
0.0041941 
0.00576648 
0.00760463 
0.00972223 
0.0121172 
0.0147656 
0.0176139 
0.0205774 
0.0235438 
0.0263809 
0.0289481 
0.0311104 
0.0327383 
0.0337573 
0.0341199 
0.0338054 
0.0328218 
0.0311866 
0.0289167 
0.0260165 
0.0225001 
0.0183689 
0.0136921 
0.00848649 
0.00293723 
-0.00293723 
0.000762101 
-0.000762101 
-0.00260474 
-0.0045509 
-0.0062423 
-0.00780212 
-0.00899878 
-0.00979135 
-0.0101854 
-0.0101177 
-0.00953053 
-0.00852006 
-0.00724784 
-0.00590739 
-0.00466521 
-0.00362532 
-0.0028229 
-0.00224518 
-0.00185516 
-0.00161199 
-0.00147842 
-0.00142494 
-0.00142735 
-0.00146786 
-0.00153104 
-0.00160617 
-0.00168207 
-0.00175124 
-0.00180372 
-0.00183262 
-0.0018274 
-0.00177948 
-0.00167388 
-0.00149892 
-0.00123633 
-0.000871196 
-0.000383607 
0.000249469 
0.0010518 
0.00205466 
0.003286 
0.00477941 
0.0065613 
0.00865147 
0.0110514 
0.0137359 
0.0166452 
0.0196846 
0.0227305 
0.0256402 
0.0282646 
0.0304534 
0.0320749 
0.0330124 
0.0332367 
0.0327402 
0.0315627 
0.029761 
0.0273893 
0.0244791 
0.0210555 
0.0171171 
0.0127179 
0.00786404 
0.00271435 
-0.00271435 
0.000208109 
-0.000208109 
-0.00098077 
-0.00188536 
-0.00253484 
-0.00314209 
-0.00348109 
-0.00362648 
-0.00368211 
-0.00371814 
-0.00346224 
-0.00292606 
-0.00220417 
-0.00142812 
-0.000719076 
-0.000159199 
0.000220438 
0.000428227 
0.000494051 
0.000451806 
0.000332169 
0.000159178 
-4.78457e-05 
-0.000274876 
-0.00050996 
-0.000744933 
-0.000971298 
-0.00118332 
-0.00137315 
-0.00153519 
-0.0016608 
-0.00174169 
-0.00176374 
-0.00171629 
-0.00158302 
-0.00134943 
-0.00099563 
-0.000498793 
0.000167079 
0.00103674 
0.00214276 
0.00352495 
0.00521447 
0.00723641 
0.00959276 
0.0122546 
0.0151542 
0.0181896 
0.0212323 
0.0241393 
0.0267641 
0.028947 
0.0305645 
0.0314326 
0.031547 
0.0309047 
0.0295755 
0.0276557 
0.0252366 
0.0223782 
0.0191199 
0.0154606 
0.0114407 
0.00705333 
0.00242723 
-0.00242723 
-0.000374532 
0.000374532 
0.000721628 
0.000894572 
0.00133369 
0.00173133 
0.00227771 
0.00274618 
0.00300337 
0.00301493 
0.00302806 
0.00312454 
0.00327834 
0.00343417 
0.00353409 
0.00353648 
0.00342634 
0.00321178 
0.00291463 
0.00255895 
0.00216595 
0.0017519 
0.00132955 
0.000907837 
0.000494356 
9.4e-05 
-0.000287763 
-0.000647611 
-0.000980255 
-0.00128173 
-0.00154545 
-0.00176341 
-0.00192325 
-0.00201626 
-0.00202817 
-0.00194463 
-0.00174617 
-0.00140926 
-0.000905948 
-0.000202249 
0.000742792 
0.00196965 
0.00351512 
0.00540545 
0.00763868 
0.0101788 
0.0129505 
0.0158503 
0.0187552 
0.0215372 
0.0240661 
0.0261893 
0.02779 
0.0286244 
0.028684 
0.0279625 
0.0265624 
0.0246222 
0.022266 
0.0195756 
0.0166008 
0.0133416 
0.00982606 
0.00603635 
0.00207043 
-0.00207043 
-0.000966534 
0.000966534 
0.00244992 
0.00370859 
0.00521647 
0.00660337 
0.00795161 
0.00895554 
0.00953503 
0.00970677 
0.00962175 
0.00937127 
0.0089941 
0.00851804 
0.00796699 
0.00736012 
0.00671313 
0.00604027 
0.00535504 
0.004669 
0.00399132 
0.00332849 
0.0026854 
0.00206501 
0.00146997 
0.000901501 
0.000361686 
-0.000148852 
-0.000627472 
-0.00107266 
-0.00147978 
-0.00184133 
-0.00214811 
-0.00239361 
-0.00256541 
-0.00264985 
-0.00262821 
-0.00247692 
-0.00216725 
-0.00166315 
-0.00092431 
9.0459e-05 
0.00142339 
0.00309236 
0.00508985 
0.00736906 
0.00985132 
0.0124403 
0.0150313 
0.0175288 
0.0198336 
0.0218213 
0.0233785 
0.0242278 
0.0242874 
0.0235721 
0.0222214 
0.0204127 
0.0182887 
0.0159384 
0.0134122 
0.0107084 
0.00784594 
0.00480009 
0.00164053 
-0.00164053 
-0.00155492 
0.00155492 
0.00417307 
0.00650551 
0.0090185 
0.0113249 
0.0133804 
0.0148925 
0.0158284 
0.0162026 
0.0160897 
0.0155573 
0.0146867 
0.0135896 
0.0123828 
0.011157 
0.00996451 
0.00882742 
0.00775098 
0.00673344 
0.00577123 
0.00486048 
0.00399783 
0.00317996 
0.0024044 
0.00166836 
0.000970401 
0.000308429 
-0.000317543 
-0.000908807 
-0.00146278 
-0.0019732 
-0.00243503 
-0.00284359 
-0.00318864 
-0.00345806 
-0.00363481 
-0.00369642 
-0.00361441 
-0.00335303 
-0.00287207 
-0.00213045 
-0.00109656 
0.000239811 
0.00186181 
0.00371161 
0.00571549 
0.00779267 
0.00987016 
0.0118989 
0.0138211 
0.0155606 
0.017017 
0.0179448 
0.0180863 
0.0174764 
0.0163248 
0.0148483 
0.0131775 
0.0113842 
0.00950584 
0.00753743 
0.00549182 
0.00334399 
0.00113888 
-0.00113888 
-0.00213513 
0.00213513 
0.00588033 
0.00926333 
0.0127016 
0.0158359 
0.0185265 
0.0205284 
0.0218268 
0.02241 
0.0222829 
0.0214835 
0.0201346 
0.0184353 
0.0165965 
0.0147777 
0.0130651 
0.0114862 
0.0100371 
0.00870308 
0.00746843 
0.00631948 
0.00524518 
0.00423622 
0.00328528 
0.0023857 
0.00153267 
0.000721177 
-5.11946e-05 
-0.000788707 
-0.0014906 
-0.00215331 
-0.00277602 
-0.00335568 
-0.0038851 
-0.00435464 
-0.00475006 
-0.0050516 
-0.00523326 
-0.00526192 
-0.00510002 
-0.00471124 
-0.00407206 
-0.00318548 
-0.0020876 
-0.000837391 
0.000497043 
0.00186504 
0.00323946 
0.00461661 
0.00597815 
0.00730096 
0.00851902 
0.00946845 
0.00973012 
0.00941197 
0.00871816 
0.00785804 
0.00691113 
0.00591773 
0.00489924 
0.00385155 
0.00278678 
0.00168802 
0.000574902 
-0.000574902 
-0.00270657 
0.00270657 
0.00757295 
0.0119837 
0.0162733 
0.0201435 
0.0234103 
0.0258711 
0.0275077 
0.028258 
0.0280681 
0.0269658 
0.0251311 
0.0228554 
0.0204349 
0.0180837 
0.0159089 
0.0139369 
0.0121537 
0.0105328 
0.00904864 
0.00767934 
0.00640746 
0.00521868 
0.00410144 
0.00304566 
0.00204345 
0.00108705 
0.000171617 
-0.000710044 
-0.00155866 
-0.00237491 
-0.00316148 
-0.00391747 
-0.00463953 
-0.00532143 
-0.00595309 
-0.0065192 
-0.00699869 
-0.00736418 
-0.00758504 
-0.00763379 
-0.00749807 
-0.00719218 
-0.00675971 
-0.00625863 
-0.00573917 
-0.00521661 
-0.00467648 
-0.00409247 
-0.00345334 
-0.00276139 
-0.00205968 
-0.00142837 
-0.00093785 
-0.000589051 
-0.00045009 
-0.000373037 
-0.000339651 
-0.000319688 
-0.000296411 
-0.000262532 
-0.000203347 
-0.000119084 
-3.05223e-05 
3.05223e-05 
-0.00327054 
0.00327054 
0.00925649 
0.0146784 
0.0197639 
0.0242899 
0.0280729 
0.0309367 
0.0328444 
0.0336606 
0.033301 
0.0318219 
0.029486 
0.026677 
0.0237556 
0.0209642 
0.0184118 
0.0161161 
0.0140525 
0.0121859 
0.0104835 
0.0089182 
0.0074679 
0.00611464 
0.00484362 
0.00364199 
0.00249918 
0.00140513 
0.000352367 
-0.000668561 
-0.0016604 
-0.00262849 
-0.00357858 
-0.00451268 
-0.0054318 
-0.00633411 
-0.00721496 
-0.00806527 
-0.0088713 
-0.00961442 
-0.0102743 
-0.0108354 
-0.0112977 
-0.0116837 
-0.0120351 
-0.0123928 
-0.0127755 
-0.0131663 
-0.0135239 
-0.0138013 
-0.0139682 
-0.0140052 
-0.0139197 
-0.0135981 
-0.0128025 
-0.0117057 
-0.0105508 
-0.0093841 
-0.00822854 
-0.00706868 
-0.0058859 
-0.00465962 
-0.00337514 
-0.00201586 
-0.00065691 
0.00065691 
-0.00382654 
0.00382654 
0.0109285 
0.0173475 
0.0231909 
0.0283063 
0.0325329 
0.0357072 
0.0377596 
0.0384747 
0.0377962 
0.0358584 
0.0330279 
0.029765 
0.0264591 
0.0233468 
0.0205202 
0.0179827 
0.0157015 
0.0136367 
0.0117527 
0.0100198 
0.00841379 
0.00691445 
0.00550485 
0.00417019 
0.0028977 
0.00167554 
0.000493631 
-0.000659063 
-0.00178815 
-0.00290323 
-0.0040129 
-0.00512284 
-0.00623869 
-0.00736389 
-0.00850026 
-0.00964648 
-0.0107982 
-0.0119477 
-0.0130874 
-0.0142141 
-0.0153373 
-0.0164802 
-0.0176718 
-0.0189273 
-0.020232 
-0.0215384 
-0.0227799 
-0.0238876 
-0.0247982 
-0.0254411 
-0.025726 
-0.0254317 
-0.0244028 
-0.0227674 
-0.0207608 
-0.0185816 
-0.0163216 
-0.0140036 
-0.0116218 
-0.00915618 
-0.00659965 
-0.00393437 
-0.00128621 
0.00128621 
-0.00436768 
0.00436768 
0.0125648 
0.0199544 
0.0265191 
0.0321557 
0.0367249 
0.0400664 
0.0420644 
0.0424679 
0.0413232 
0.0388873 
0.0356289 
0.0320446 
0.0285043 
0.025207 
0.0222158 
0.0195208 
0.0170859 
0.0148721 
0.0128446 
0.0109743 
0.00923701 
0.00761179 
0.00608066 
0.00462768 
0.00323844 
0.00189978 
0.000599234 
-0.000675253 
-0.00193287 
-0.00318672 
-0.00444819 
-0.00572714 
-0.00703391 
-0.00837778 
-0.00976768 
-0.0112111 
-0.0127142 
-0.0142819 
-0.0159194 
-0.017635 
-0.0194425 
-0.0213577 
-0.0233874 
-0.0255147 
-0.0276909 
-0.0298399 
-0.03187 
-0.0336833 
-0.0351744 
-0.0362197 
-0.0366788 
-0.0363384 
-0.035111 
-0.0330811 
-0.0304426 
-0.0274279 
-0.0241826 
-0.0207755 
-0.0172292 
-0.013543 
-0.00972896 
-0.00579081 
-0.00189324 
0.00189324 
-0.00487751 
0.00487751 
0.0141095 
0.0224068 
0.0296266 
0.0356842 
0.0404458 
0.0437486 
0.04544 
0.0453398 
0.0436549 
0.0407828 
0.0372503 
0.033527 
0.0299189 
0.0265695 
0.0235146 
0.0207382 
0.0182079 
0.0158905 
0.0137559 
0.0117779 
0.00993389 
0.0082036 
0.00656899 
0.00501364 
0.00352212 
0.00208027 
0.000673716 
-0.000710388 
-0.00208498 
-0.00346598 
-0.0048676 
-0.00630383 
-0.00778974 
-0.00934056 
-0.0109725 
-0.0127021 
-0.0145465 
-0.0165231 
-0.0186496 
-0.0209428 
-0.0234157 
-0.0260699 
-0.0288844 
-0.0318077 
-0.0347581 
-0.0376327 
-0.0403153 
-0.0426801 
-0.0445875 
-0.0458838 
-0.0464172 
-0.046008 
-0.0446106 
-0.0422838 
-0.0391799 
-0.0355072 
-0.03143 
-0.027053 
-0.0224342 
-0.0176066 
-0.0126132 
-0.00749819 
-0.00245095 
0.00245095 
-0.00532876 
0.00532876 
0.0154717 
0.0245473 
0.0322898 
0.0386012 
0.0433386 
0.0463473 
0.0475058 
0.0468217 
0.0446793 
0.0415665 
0.0379864 
0.0343222 
0.0307953 
0.0275006 
0.0244597 
0.0216612 
0.0190828 
0.0167003 
0.0144906 
0.012432 
0.0105046 
0.00868967 
0.00696987 
0.00532884 
0.00375061 
0.0022203 
0.000722208 
-0.000757327 
-0.00223462 
-0.00372795 
-0.00525414 
-0.00683111 
-0.00847833 
-0.0102167 
-0.0120693 
-0.0140611 
-0.0162198 
-0.0185741 
-0.0211527 
-0.0239783 
-0.0270598 
-0.0303807 
-0.0338901 
-0.0375018 
-0.0411031 
-0.0445661 
-0.0477545 
-0.0505233 
-0.0527152 
-0.0541671 
-0.0547322 
-0.0542588 
-0.052721 
-0.0501619 
-0.0467012 
-0.0425109 
-0.0377507 
-0.0325463 
-0.0269893 
-0.0211527 
-0.0151191 
-0.00897984 
-0.00293561 
0.00293561 
-0.00568221 
0.00568221 
0.0165234 
0.0261534 
0.0341887 
0.0405025 
0.0449548 
0.0474515 
0.048015 
0.0468862 
0.0445474 
0.0414737 
0.0380715 
0.0346182 
0.0312675 
0.0280901 
0.0251098 
0.0223275 
0.0197342 
0.0173161 
0.0150575 
0.0129417 
0.0109521 
0.00907192 
0.00728491 
0.00557515 
0.0039265 
0.00232361 
0.000749887 
-0.000809068 
-0.00237242 
-0.00396029 
-0.00559188 
-0.00728852 
-0.00907355 
-0.0109728 
-0.0130151 
-0.015233 
-0.0176626 
-0.0203427 
-0.0233106 
-0.0265936 
-0.0301954 
-0.0340822 
-0.0381747 
-0.0423542 
-0.0464777 
-0.0503939 
-0.0539508 
-0.0569943 
-0.0593644 
-0.0609031 
-0.0614736 
-0.0609449 
-0.0592943 
-0.0565515 
-0.0528105 
-0.0482129 
-0.0429069 
-0.0370296 
-0.030701 
-0.024033 
-0.0171486 
-0.0101807 
-0.0033304 
0.0033304 
-0.00588262 
0.00588262 
0.017097 
0.02695 
