0 
-0.00154616 
-0.00196443 
-0.000570635 
0.00195098 
0.0049187 
0.00818874 
0.0115574 
0.0149579 
0.0183394 
0.0216899 
0.025012 
0.0283182 
0.0316244 
0.0349463 
0.0382967 
0.0416838 
0.0451107 
0.0485747 
0.0520672 
0.055574 
0.0590753 
0.0625465 
0.0659585 
0.0692786 
0.0724711 
0.0754983 
0.0783216 
0.0809018 
0.0832006 
0.0851812 
0.086809 
0.0880532 
0.0888855 
0.0892856 
0.089237 
0.0887259 
0.0877426 
0.0862824 
0.0843451 
0.0819357 
0.0790652 
0.0757517 
0.072022 
0.067913 
0.063473 
0.058763 
0.0538569 
0.0488409 
0.043812 
0.0388748 
0.0341354 
0.0296881 
0.0255907 
0.0218449 
0.0184092 
0.0152484 
0.0123656 
0.0097877 
0.00753162 
0.00559641 
0.00396335 
0.00260026 
0.00145858 
0.000464743 
0 
0.00154616 
-0.00154616 
-0.00196443 
-0.000570635 
0.00195098 
0.0049187 
0.00818874 
0.0115574 
0.0149579 
0.0183394 
0.0216899 
0.025012 
0.0283182 
0.0316244 
0.0349463 
0.0382967 
0.0416838 
0.0451107 
0.0485747 
0.0520672 
0.055574 
0.0590753 
0.0625465 
0.0659585 
0.0692786 
0.0724711 
0.0754983 
0.0783216 
0.0809018 
0.0832006 
0.0851812 
0.086809 
0.0880532 
0.0888855 
0.0892856 
0.089237 
0.0887259 
0.0877426 
0.0862824 
0.0843451 
0.0819357 
0.0790652 
0.0757517 
0.072022 
0.067913 
0.063473 
0.058763 
0.0538569 
0.0488409 
0.043812 
0.0388748 
0.0341354 
0.0296881 
0.0255907 
0.0218449 
0.0184092 
0.0152484 
0.0123656 
0.0097877 
0.00753162 
0.00559641 
0.00396335 
0.00260026 
0.00145858 
0.000464743 
-0.000464743 
0.000221888 
-0.000221888 
0.00124983 
0.00289902 
0.00520106 
0.00787354 
0.0107896 
0.0137982 
0.016836 
0.0198624 
0.0228691 
0.0258619 
0.0288554 
0.0318671 
0.0349136 
0.0380083 
0.0411602 
0.0443723 
0.0476422 
0.0509612 
0.0543147 
0.0576826 
0.0610395 
0.0643557 
0.0675976 
0.0707288 
0.0737107 
0.0765039 
0.0790687 
0.0813664 
0.08336 
0.085015 
0.0863005 
0.0871887 
0.0876503 
0.0876696 
0.0872319 
0.0863268 
0.0849493 
0.083099 
0.0807801 
0.0780026 
0.0747833 
0.0711473 
0.0671295 
0.0627765 
0.0581478 
0.0533161 
0.0483667 
0.0433955 
0.0385048 
0.0337963 
0.0293583 
0.0252462 
0.0214698 
0.018007 
0.0148406 
0.0119768 
0.00943178 
0.00721192 
0.00531262 
0.00371906 
0.00240648 
0.00133074 
0.000418928 
-0.000418928 
-0.000883674 
0.000883674 
0.00258831 
0.00451089 
0.00674254 
0.00919642 
0.011779 
0.0144028 
0.0170287 
0.0196399 
0.0222416 
0.0248496 
0.0274843 
0.0301666 
0.0329143 
0.0357411 
0.0386549 
0.0416577 
0.0447452 
0.0479069 
0.0511263 
0.0543813 
0.0576444 
0.060884 
0.0640647 
0.0671482 
0.0700945 
0.0728628 
0.0754122 
0.0777033 
0.0796986 
0.0813636 
0.082668 
0.0835877 
0.0840973 
0.0841824 
0.0838301 
0.0830313 
0.0817815 
0.0800802 
0.0779303 
0.0753393 
0.07232 
0.0688924 
0.0650855 
0.0609397 
0.0565083 
0.0518592 
0.0470738 
0.0422448 
0.0374719 
0.0328535 
0.028474 
0.0243875 
0.0206106 
0.0171388 
0.0139742 
0.0111312 
0.00862383 
0.00645472 
0.00462422 
0.00312257 
0.00193319 
0.00102015 
0.000308124 
-0.000308124 
-0.000812607 
0.000812607 
0.00276922 
0.00492776 
0.00716872 
0.0094538 
0.0117324 
0.0139826 
0.0162022 
0.018405 
0.0206142 
0.0228569 
0.0251593 
0.027544 
0.0300285 
0.0326243 
0.0353365 
0.0381641 
0.0410999 
0.0441309 
0.0472381 
0.0503973 
0.0535794 
0.0567509 
0.059875 
0.0629123 
0.0658215 
0.0685606 
0.0710882 
0.0733635 
0.0753486 
0.0770085 
0.0783126 
0.0792373 
0.07976 
0.0798693 
0.0795559 
0.0788147 
0.0776452 
0.0760503 
0.0740356 
0.0716093 
0.068783 
0.0655727 
0.0620015 
0.0581018 
0.0539184 
0.0495107 
0.0449525 
0.0403307 
0.0357401 
0.0312748 
0.0270144 
0.02301 
0.0192827 
0.0158434 
0.0127138 
0.00991771 
0.00746861 
0.00536921 
0.00362453 
0.00224017 
0.00121983 
0.000537666 
0.000130551 
-0.000130551 
-0.000827262 
0.000827262 
0.0028644 
0.00501919 
0.00710542 
0.00912917 
0.0110659 
0.0129393 
0.0147726 
0.0166021 
0.0184629 
0.0203887 
0.0224072 
0.0245393 
0.0267991 
0.0291943 
0.0317262 
0.034391 
0.037179 
0.0400757 
0.043061 
0.0461099 
0.0491928 
0.0522759 
0.0553219 
0.0582912 
0.0611421 
0.0638324 
0.0663199 
0.0685635 
0.0705245 
0.0721674 
0.0734607 
0.0743809 
0.0749051 
0.0750231 
0.0747288 
0.0740203 
0.0729019 
0.071381 
0.0694672 
0.0671721 
0.0645087 
0.0614923 
0.0581425 
0.0544857 
0.0505591 
0.0464129 
0.0421123 
0.0377363 
0.0333728 
0.0291088 
0.0250166 
0.0211409 
0.0175046 
0.014133 
0.0110646 
0.00832972 
0.00594139 
0.00390441 
0.00224447 
0.00100004 
0.000195374 
-0.000177488 
-0.000141749 
0.000141749 
-0.000743007 
0.000743007 
0.0026921 
0.00472706 
0.0065968 
0.00834267 
0.00995656 
0.0114948 
0.012997 
0.0145137 
0.0160858 
0.0177485 
0.019527 
0.0214382 
0.023492 
0.0256923 
0.0280382 
0.0305245 
0.0331413 
0.0358744 
0.0387044 
0.0416073 
0.0445544 
0.0475126 
0.0504455 
0.0533138 
0.0560765 
0.0586915 
0.0611167 
0.0633108 
0.0652341 
0.0668504 
0.0681269 
0.0690398 
0.0695629 
0.0696874 
0.0694088 
0.0687285 
0.0676541 
0.0661972 
0.0643712 
0.0621913 
0.0596728 
0.0568319 
0.053687 
0.0502613 
0.0465862 
0.0427047 
0.0386743 
0.0345657 
0.0304585 
0.0264307 
0.0225433 
0.0188312 
0.0153183 
0.0120428 
0.00905595 
0.00638801 
0.00404979 
0.00206444 
0.000497163 
-0.000587702 
-0.00115262 
-0.0011401 
-0.000511468 
0.000511468 
-0.000673703 
0.000673703 
0.00245477 
0.00426603 
0.00585593 
0.00730483 
0.00861319 
0.00985608 
0.0110774 
0.0123332 
0.0136624 
0.0150972 
0.0166576 
0.0183561 
0.020199 
0.0221885 
0.0243233 
0.026599 
0.0290074 
0.0315361 
0.0341681 
0.0368815 
0.0396494 
0.0424405 
0.0452197 
0.0479492 
0.050589 
0.053098 
0.0554344 
0.0575569 
0.0594253 
0.0610026 
0.0622545 
0.0631566 
0.0636807 
0.0638185 
0.0635665 
0.0629275 
0.0619112 
0.0605311 
0.0588032 
0.0567446 
0.0543726 
0.0517047 
0.0487594 
0.0455587 
0.042131 
0.0385146 
0.034761 
0.0309337 
0.0271037 
0.0233369 
0.0196796 
0.0161548 
0.0127871 
0.00962735 
0.00673062 
0.00412035 
0.0018124 
-0.000124177 
-0.0015998 
-0.00254665 
-0.0028375 
-0.00231168 
-0.000938389 
0.000938389 
-0.000567503 
0.000567503 
0.00210892 
0.00364853 
0.0049458 
0.00611397 
0.00715258 
0.00814533 
0.00913192 
0.0101671 
0.0112835 
0.0125081 
0.0138554 
0.0153347 
0.0169505 
0.0187052 
0.0205988 
0.0226292 
0.024791 
0.0270749 
0.0294668 
0.0319478 
0.0344938 
0.0370758 
0.039661 
0.0422136 
0.0446955 
0.0470671 
0.0492879 
0.0513168 
0.0531134 
0.0546398 
0.0558604 
0.0567497 
0.0572761 
0.0574324 
0.0572165 
0.0566329 
0.0556928 
0.0544104 
0.0528018 
0.0508841 
0.0486748 
0.0461916 
0.0434534 
0.0404819 
0.0373043 
0.0339572 
0.030488 
0.0269544 
0.0234178 
0.0199299 
0.0165186 
0.0131946 
0.00998636 
0.00695285 
0.00414388 
0.00156969 
-0.000711117 
-0.0026127 
-0.0040287 
-0.00479161 
-0.00466242 
-0.00344836 
-0.00132103 
0.00132103 
-0.00045956 
0.00045956 
0.0017288 
0.00296738 
0.00397204 
0.00487655 
0.00567479 
0.00645041 
0.00723301 
0.00807152 
0.00898975 
0.0100089 
0.011139 
0.0123874 
0.0137585 
0.0152558 
0.0168815 
0.0186363 
0.0205181 
0.022521 
0.0246348 
0.0268439 
0.0291277 
0.0314604 
0.0338121 
0.0361498 
0.0384379 
0.0406392 
0.0427147 
0.0446245 
0.0463282 
0.0477874 
0.0489657 
0.0498365 
0.0503666 
0.0505497 
0.0503848 
0.0498773 
0.0490384 
0.047881 
0.0464197 
0.0446698 
0.0426472 
0.0403691 
0.037854 
0.0351241 
0.0322072 
0.0291395 
0.0259664 
0.0227404 
0.0195122 
0.0163158 
0.0131591 
0.0100432 
0.00700332 
0.0041003 
0.00136405 
-0.00117793 
-0.00344269 
-0.00531945 
-0.00659043 
-0.00697953 
-0.00620618 
-0.0042895 
-0.001581 
0.001581 
-0.000341391 
0.000341391 
0.00131877 
0.00225093 
0.0029803 
0.00364402 
0.00422941 
0.0048134 
0.00541316 
0.00606934 
0.00679639 
0.00761063 
0.00851859 
0.00952691 
0.0106403 
0.011864 
0.0132023 
0.0146585 
0.016234 
0.0179265 
0.01973 
0.0216329 
0.0236186 
0.0256654 
0.0277471 
0.0298338 
0.0318935 
0.0338918 
0.0357922 
0.0375565 
0.0391448 
0.0405191 
0.041643 
0.0424888 
0.0430217 
0.0432378 
0.043138 
0.0427281 
0.0420171 
0.0410145 
0.0397309 
0.038178 
0.0363692 
0.0343198 
0.0320483 
0.0295779 
0.0269379 
0.0241654 
0.0213049 
0.0184029 
0.0154971 
0.0126006 
0.00970157 
0.00679798 
0.00393279 
0.00115539 
-0.00151476 
-0.00402972 
-0.00626619 
-0.00800849 
-0.00891543 
-0.00870021 
-0.00721717 
-0.00479814 
-0.00172587 
0.00172587 
-0.000224503 
0.000224503 
0.000908596 
0.00153991 
0.00201458 
0.00245599 
0.0028489 
0.00325773 
0.00368781 
0.00416991 
0.00471003 
0.0053202 
0.00600442 
0.00676895 
0.00761892 
0.0085606 
0.00960018 
0.0107434 
0.0119945 
0.0133551 
0.0148232 
0.016392 
0.0180496 
0.0197789 
0.021558 
0.0233613 
0.0251602 
0.0269237 
0.0286187 
0.0302094 
0.0316571 
0.0329243 
0.0339763 
0.0347851 
0.0353206 
0.0355815 
0.0355683 
0.0352833 
0.0347298 
0.0339116 
0.0328342 
0.031505 
0.0299345 
0.0281366 
0.0261299 
0.0239392 
0.0215961 
0.0191392 
0.0166114 
0.0140516 
0.0114803 
0.00888747 
0.00624628 
0.0035587 
0.000871938 
-0.00178623 
-0.00439738 
-0.00686327 
-0.00896599 
-0.0103651 
-0.0106945 
-0.00979482 
-0.00777247 
-0.00505971 
-0.00179426 
0.00179426 
-0.000108085 
0.000108085 
0.000505959 
0.000851344 
0.00109333 
0.00132889 
0.00154551 
0.00179074 
0.0020608 
0.00237549 
0.00273403 
0.00314438 
0.00360859 
0.00413229 
0.00472062 
0.00538039 
0.00611891 
0.00694368 
0.00786161 
0.00887771 
0.00999413 
0.0112091 
0.012516 
0.0139032 
0.015354 
0.0168471 
0.0183578 
0.019859 
0.0213212 
0.0227127 
0.0239971 
0.0251374 
0.0261007 
0.0268605 
0.0274014 
0.027722 
0.0278178 
0.0276823 
0.0273103 
0.0266989 
0.0258483 
0.0247622 
0.0234486 
0.0219209 
0.0201985 
0.0183082 
0.0162843 
0.0141662 
0.0119934 
0.00979332 
0.00756472 
0.00527493 
0.00289058 
0.00042556 
-0.00208549 
-0.00463694 
-0.00717289 
-0.00950519 
-0.0113018 
-0.012166 
-0.0118392 
-0.0103554 
-0.00801809 
-0.00514643 
-0.00181064 
0.00181064 
5.10931e-06 
-5.10931e-06 
0.000121106 
0.000199969 
0.000228556 
0.000272035 
0.000324366 
0.000414279 
0.000532242 
0.000686424 
0.000871161 
0.00109002 
0.00134339 
0.00163568 
0.00197154 
0.00235756 
0.00280144 
0.00331177 
0.00389738 
0.00456623 
0.00532455 
0.00617563 
0.00711874 
0.00814812 
0.0092528 
0.0104166 
0.0116191 
0.012837 
0.014045 
0.0152169 
0.0163208 
0.0173227 
0.0181894 
0.0188993 
0.0194593 
0.019855 
0.0200732 
0.0200974 
0.0199152 
0.0195181 
0.0189021 
0.0180679 
0.0170222 
0.0157783 
0.0143572 
0.0127881 
0.0111072 
0.00935281 
0.00755706 
0.00573013 
0.00384545 
0.00185492 
-0.000270115 
-0.00251143 
-0.00485985 
-0.0073018 
-0.0097046 
-0.0117747 
-0.0131074 
-0.0133559 
-0.0124392 
-0.0105541 
-0.00804768 
-0.00510989 
-0.00178841 
0.00178841 
0.000120866 
-0.000120866 
-0.000247683 
-0.000408456 
-0.000575939 
-0.000711083 
-0.000813634 
-0.00087248 
-0.000899714 
-0.000898349 
-0.000877183 
-0.000837666 
-0.000780997 
-0.000704822 
-0.000605491 
-0.000477396 
-0.000313206 
-0.000104113 
0.000159949 
0.000489366 
0.000894134 
0.00138239 
0.00195917 
0.00262499 
0.00337524 
0.00419956 
0.00508273 
0.00600585 
0.00694771 
0.007888 
0.00880284 
0.00966914 
0.0104544 
0.0111332 
0.01172 
0.0121879 
0.0125207 
0.0126951 
0.012694 
0.0125047 
0.0121197 
0.0115379 
0.0107649 
0.00981505 
0.00871109 
0.00748414 
0.00617043 
0.00480247 
0.00340086 
0.00195375 
0.000410034 
-0.00128763 
-0.00315183 
-0.00517764 
-0.00737192 
-0.00967162 
-0.011852 
-0.0135362 
-0.0143241 
-0.0139946 
-0.0126322 
-0.0105063 
-0.00791341 
-0.00498099 
-0.00173584 
0.00173584 
0.000239048 
-0.000239048 
-0.000598037 
-0.000971291 
-0.00132061 
-0.00162221 
-0.00187242 
-0.00207331 
-0.0022387 
-0.0023807 
-0.00251074 
-0.00263524 
-0.0027574 
-0.00287747 
-0.00299337 
-0.0031011 
-0.00319432 
-0.00326467 
-0.0033016 
-0.00329289 
-0.00322554 
-0.0030871 
-0.00286711 
-0.00255876 
-0.00216003 
-0.0016747 
-0.00111209 
-0.000485956 
0.000186113 
0.000889503 
0.00160727 
0.00233205 
0.00304413 
0.0037132 
0.00433281 
0.00486557 
0.00529847 
0.00560627 
0.00577019 
0.00577523 
0.00561198 
0.00527839 
0.00478056 
0.00413395 
0.00336326 
0.00250009 
0.00157728 
0.000616872 
-0.000381855 
-0.00145675 
-0.00267297 
-0.00407902 
-0.00568599 
-0.00750702 
-0.00953481 
-0.0116348 
-0.0135003 
-0.0147237 
-0.0149774 
-0.0141823 
-0.0125274 
-0.0102725 
-0.00765035 
-0.00477924 
-0.00165844 
0.00165844 
0.000352507 
-0.000352507 
-0.000924535 
-0.00149134 
-0.00201088 
-0.00246904 
-0.00286005 
-0.00319519 
-0.00348989 
-0.00376332 
-0.00402972 
-0.00430009 
-0.00458006 
-0.00487282 
-0.00517841 
-0.00549494 
-0.00581767 
-0.00613924 
-0.00644923 
-0.00673452 
-0.00697981 
-0.00716892 
-0.00728632 
-0.007319 
-0.00725812 
-0.00710033 
-0.00684817 
-0.00650928 
-0.0060959 
-0.00561846 
-0.00508933 
-0.00451249 
-0.0038951 
-0.00326043 
-0.00262224 
-0.00203637 
-0.00151517 
-0.00108653 
-0.000769818 
-0.000580688 
-0.00052872 
-0.00061512 
-0.000832274 
-0.00116288 
-0.00158166 
-0.00205977 
-0.00257403 
-0.0031191 
-0.00372259 
-0.00444311 
-0.00534324 
-0.00646068 
-0.00781679 
-0.0094326 
-0.0112604 
-0.0130942 
-0.0145789 
-0.0153329 
-0.0151329 
-0.0140115 
-0.0121886 
-0.00988257 
-0.00727618 
-0.00451395 
-0.00155895 
0.00155895 
0.000458666 
-0.000458666 
-0.0012263 
-0.0019718 
-0.00265115 
-0.00325711 
-0.00378218 
-0.00424368 
-0.00465814 
-0.00505006 
-0.00543644 
-0.00583247 
-0.00624657 
-0.00668496 
-0.00715018 
-0.00764285 
-0.00816045 
-0.00869749 
-0.0092447 
-0.00978908 
-0.0103142 
-0.010801 
-0.0112295 
-0.0115809 
-0.0118391 
-0.011993 
-0.0120375 
-0.0119726 
-0.0118036 
-0.0115368 
-0.0111809 
-0.0107418 
-0.0102256 
-0.00965649 
-0.00903429 
-0.00842245 
-0.00783484 
-0.0073025 
-0.00684516 
-0.00647887 
-0.00621246 
-0.00604591 
-0.00597035 
-0.00596847 
-0.00601808 
-0.00609888 
-0.00620351 
-0.00634774 
-0.00657952 
-0.00696361 
-0.00755375 
-0.00838598 
-0.00949433 
-0.0108883 
-0.012469 
-0.0139796 
-0.0150598 
-0.015394 
-0.0148581 
-0.0135439 
-0.0116444 
-0.00934064 
-0.00679499 
-0.00418604 
-0.00143784 
0.00143784 
0.000556719 
-0.000556719 
-0.0015036 
-0.00241451 
-0.00324375 
-0.00398953 
-0.00464213 
-0.00522257 
-0.00574754 
-0.00624533 
-0.0067354 
-0.00723669 
-0.00776047 
-0.00831603 
-0.00890856 
-0.0095414 
-0.0102147 
-0.0109254 
-0.0116664 
-0.0124259 
-0.0131878 
-0.0139316 
-0.0146344 
-0.015272 
-0.0158219 
-0.0162652 
-0.0165884 
-0.0167839 
-0.01685 
-0.0167883 
-0.0166038 
-0.0163019 
-0.0158884 
-0.0153904 
-0.0148011 
-0.0141822 
-0.0135465 
-0.0129257 
-0.0123388 
-0.0118014 
-0.0113211 
-0.0108976 
-0.0105222 
-0.010181 
-0.00985937 
-0.00955027 
-0.00926429 
-0.00903555 
-0.00892152 
-0.00898324 
-0.00926872 
-0.00981999 
-0.0106747 
-0.0118155 
-0.0130996 
-0.0142508 
-0.014943 
-0.0149425 
-0.0141943 
-0.0127971 
-0.0108825 
-0.0086286 
-0.00619606 
-0.00378906 
-0.00129307 
0.00129307 
0.000646489 
-0.000646489 
-0.0017567 
-0.00282008 
-0.00378916 
-0.0046669 
-0.00544079 
-0.00613356 
-0.00676093 
-0.00735343 
-0.00793233 
-0.00851971 
-0.00912964 
-0.00977428 
-0.0104615 
-0.0111974 
-0.011985 
-0.0128241 
-0.0137105 
-0.0146349 
-0.0155826 
-0.0165338 
-0.0174639 
-0.0183456 
-0.0191509 
-0.0198537 
-0.0204323 
-0.0208709 
-0.0211601 
-0.0212961 
-0.02128 
-0.021116 
-0.0208098 
-0.0203878 
-0.0198396 
-0.0192242 
-0.0185519 
-0.0178527 
-0.017144 
-0.0164405 
-0.0157491 
-0.01507 
-0.0143979 
-0.0137253 
-0.0130486 
-0.0123754 
-0.0117319 
-0.0111631 
-0.0107272 
-0.0104796 
-0.010468 
-0.01074 
-0.0113238 
-0.0121714 
-0.0131156 
-0.0138934 
-0.0142387 
-0.0139964 
-0.0131451 
-0.0117508 
-0.00986333 
-0.00771501 
-0.00546022 
-0.00331208 
-0.00112137 
0.00112137 
0.000727791 
-0.000727791 
-0.00198516 
-0.00318744 
-0.00428558 
-0.00528702 
-0.00617594 
-0.00697528 
-0.00769854 
-0.00837686 
-0.00903235 
-0.00968945 
-0.0103646 
-0.0110727 
-0.011824 
-0.0126273 
-0.0134883 
-0.01441 
-0.0153914 
-0.0164264 
-0.0175035 
-0.0186046 
-0.0197062 
-0.0207795 
-0.0217932 
-0.0227157 
-0.0235179 
-0.0241758 
-0.0246719 
-0.0249956 
-0.025143 
-0.0251153 
-0.0249171 
-0.024573 
-0.0240703 
-0.0234644 
-0.0227628 
-0.0219929 
-0.0211701 
-0.0203081 
-0.0194143 
-0.0184913 
-0.0175392 
-0.0165594 
-0.0155599 
-0.0145613 
-0.0135998 
-0.0127242 
-0.0119895 
-0.0114477 
-0.0111485 
-0.0111374 
-0.0114243 
-0.0119376 
-0.0125085 
-0.0129138 
-0.0129583 
-0.0125527 
-0.0116814 
-0.0103548 
-0.00852975 
-0.00656038 
-0.00456451 
-0.00274264 
-0.000919116 
0.000919116 
0.000800249 
-0.000800249 
-0.00218766 
-0.00351398 
-0.00472892 
-0.00584463 
-0.0068418 
-0.00774245 
-0.00855666 
-0.00931458 
-0.0100379 
-0.0107522 
-0.0114759 
-0.0122258 
-0.0130146 
-0.0138533 
-0.0147503 
-0.0157114 
-0.0167389 
-0.0178306 
-0.0189784 
-0.0201681 
-0.0213785 
-0.0225823 
-0.0237473 
-0.0248388 
-0.025822 
-0.0266657 
-0.0273443 
-0.0278394 
-0.0281405 
-0.028244 
-0.0281519 
-0.0278853 
-0.0274303 
-0.0268377 
-0.0261131 
-0.0252805 
-0.0243541 
-0.0233471 
-0.0222685 
-0.021125 
-0.0199232 
-0.0186735 
-0.0173943 
-0.0161149 
-0.0148763 
-0.013727 
-0.0127185 
-0.0119014 
-0.011324 
-0.0110214 
-0.010983 
-0.0111258 
-0.0113001 
-0.0113371 
-0.011113 
-0.0105914 
-0.00975285 
-0.00854908 
-0.00683028 
-0.00513241 
-0.00349168 
-0.00207168 
-0.000684015 
0.000684015 
0.000863229 
-0.000863229 
-0.00236208 
-0.00379564 
-0.00511296 
-0.00633151 
-0.00742872 
-0.00842511 
-0.00932637 
-0.0101601 
-0.0109461 
-0.0117099 
-0.0124705 
-0.0132465 
-0.014052 
-0.0149002 
-0.0158016 
-0.0167645 
-0.0177944 
-0.0188926 
-0.0200552 
-0.0212723 
-0.0225268 
-0.0237949 
-0.0250461 
-0.0262454 
-0.0273556 
-0.02834 
-0.0291659 
-0.0298071 
-0.0302452 
-0.03047 
-0.0304788 
-0.0302879 
-0.0298821 
-0.0293072 
-0.028567 
-0.027683 
-0.0266684 
-0.025537 
-0.0243004 
-0.0229696 
-0.0215581 
-0.0200839 
-0.0185725 
-0.0170584 
-0.0155839 
-0.0141959 
-0.012943 
-0.011873 
-0.011027 
-0.0104239 
-0.0100366 
-0.00978338 
-0.00954664 
-0.00921663 
-0.00873309 
-0.00810149 
-0.00730948 
-0.00625482 
-0.00472854 
-0.00341545 
-0.00223685 
-0.00129792 
-0.000416487 
0.000416487 
0.000915902 
-0.000915902 
-0.00250576 
-0.00402741 
-0.00542993 
-0.00673701 
-0.00792352 
-0.00900851 
-0.00999273 
-0.0109 
-0.0117468 
-0.0125569 
-0.0133489 
-0.0141417 
-0.0149506 
-0.01579 
-0.0166721 
-0.0176074 
-0.0186041 
-0.0196666 
-0.0207952 
-0.0219842 
-0.0232216 
-0.024488 
-0.0257573 
-0.026997 
-0.0281703 
-0.0292385 
-0.0301643 
-0.0309147 
-0.0314637 
-0.0317932 
-0.0318939 
-0.0317751 
-0.0314201 
-0.0308684 
-0.0301226 
-0.0292022 
-0.0281202 
-0.0268914 
-0.02553 
-0.0240518 
-0.0224756 
-0.0208251 
-0.0191304 
-0.0174283 
-0.0157609 
-0.0141729 
-0.0127095 
-0.0114118 
-0.0103087 
-0.00940194 
-0.00865426 
-0.00799504 
-0.00734337 
-0.00664188 
-0.00588146 
-0.00509933 
-0.00433264 
-0.00338498 
-0.00223958 
-0.00143259 
-0.000819925 
-0.000434399 
-0.000121833 
0.000121833 
0.000957386 
-0.000957386 
-0.00261597 
-0.00420416 
-0.00567165 
-0.00704936 
-0.00831075 
-0.00947407 
-0.0105352 
-0.0115135 
-0.0124208 
-0.0132779 
-0.0141011 
-0.0149086 
-0.0157155 
-0.0165367 
-0.0173855 
-0.0182739 
-0.0192122 
-0.0202078 
-0.0212642 
-0.02238 
-0.023548 
-0.0247541 
-0.0259774 
-0.02719 
-0.0283587 
-0.0294461 
-0.0304136 
-0.0312241 
-0.0318457 
-0.0322529 
-0.0324289 
-0.0323746 
-0.0320707 
-0.0315485 
-0.0308096 
-0.0298711 
-0.0287462 
-0.0274509 
-0.0260021 
-0.0244192 
-0.022725 
-0.0209473 
-0.0191186 
-0.0172764 
-0.0154617 
-0.0137162 
-0.0120792 
-0.0105819 
-0.00923851 
-0.00803633 
-0.00693514 
-0.00588056 
-0.00482688 
-0.00376236 
-0.00270889 
-0.00170707 
-0.000852294 
4.38617e-05 
0.000525118 
0.000739077 
0.000709896 
0.000488636 
0.000188776 
-0.000188776 
0.000986949 
-0.000986949 
-0.00269066 
-0.00432188 
-0.00583132 
-0.00725799 
-0.00857531 
-0.00980197 
-0.0109298 
-0.0119738 
-0.0129407 
-0.0138468 
-0.014705 
-0.015531 
-0.0163385 
-0.0171416 
-0.0179536 
-0.0187872 
-0.0196541 
-0.0205638 
-0.0215231 
-0.0225341 
-0.023594 
-0.0246938 
-0.0258181 
-0.0269447 
-0.0280454 
-0.0290871 
-0.0300332 
-0.0308466 
-0.0314923 
-0.0319394 
-0.0321645 
-0.0321595 
-0.0319017 
-0.0314124 
-0.0306914 
-0.0297532 
-0.0286109 
-0.0272813 
-0.0257831 
-0.0241385 
-0.0223731 
-0.0205168 
-0.0186034 
-0.0166701 
-0.0147554 
-0.0128962 
-0.011124 
-0.00945818 
-0.00789952 
-0.00642616 
-0.00500091 
-0.00359057 
-0.00217891 
-0.000772745 
0.000582735 
0.00180983 
0.00281525 
0.00347701 
0.00335684 
0.00294812 
0.00227402 
0.00142476 
0.000500689 
-0.000500689 
0.00100427 
-0.00100427 
-0.00272927 
-0.00437928 
-0.00590596 
-0.00735677 
-0.0087065 
-0.00997587 
-0.0111542 
-0.0122532 
-0.0132745 
-0.0142296 
-0.0151271 
-0.0159789 
-0.0167957 
-0.0175892 
-0.0183713 
-0.0191541 
-0.0199493 
-0.0207681 
-0.0216194 
-0.0225089 
-0.0234377 
-0.0244014 
-0.0253898 
-0.0263863 
-0.0273685 
-0.0283087 
-0.0291751 
-0.0299334 
-0.030549 
-0.0309895 
-0.031227 
-0.031246 
-0.0310213 
-0.0305621 
-0.0298659 
-0.0289435 
-0.027807 
-0.0264731 
-0.0249618 
-0.0232964 
-0.0215044 
-0.0196164 
-0.0176662 
-0.0156891 
-0.01372 
-0.0117896 
-0.0099204 
-0.00812062 
-0.00638126 
-0.00467684 
-0.00298046 
-0.00127331 
0.000448775 
0.00216457 
0.0037777 
0.0051578 
0.00616678 
0.00651055 
0.00597951 
0.00502405 
0.00376087 
0.00231595 
0.000796777 
-0.000796777 
0.00100957 
-0.00100957 
-0.00273352 
-0.00437937 
-0.00589902 
-0.00734799 
-0.00870341 
-0.00998964 
-0.0111954 
-0.0123309 
-0.013394 
-0.0143922 
-0.0153293 
-0.0162128 
-0.0170495 
-0.0178473 
-0.0186147 
-0.0193614 
-0.0200976 
-0.0208343 
-0.0215815 
-0.0223477 
-0.0231378 
-0.0239519 
-0.0247848 
-0.0256251 
-0.0264559 
-0.0272553 
-0.027997 
-0.0286517 
-0.0291885 
-0.0295761 
-0.0297858 
-0.0297969 
-0.0295829 
-0.0291419 
-0.0284689 
-0.0275704 
-0.0264564 
-0.0251427 
-0.0236489 
-0.0219988 
-0.0202197 
-0.0183419 
-0.0163977 
-0.0144193 
-0.0124367 
-0.0104737 
-0.00854396 
-0.0066474 
-0.00476941 
-0.00288677 
-0.000980865 
0.000969014 
0.00295112 
0.00490027 
0.00666982 
0.00809598 
0.00898961 
0.0090615 
0.0082097 
0.00682337 
0.00506978 
0.00310759 
0.00106066 
-0.00106066 
0.00100405 
-0.00100405 
-0.00270835 
-0.00433097 
-0.00582291 
-0.00724618 
-0.00858055 
-0.00985502 
-0.0110598 
-0.0122056 
-0.0132887 
-0.014314 
-0.015282 
-0.0161962 
-0.0170589 
-0.0178739 
-0.0186449 
-0.0193771 
-0.0200772 
-0.0207534 
-0.021415 
-0.0220714 
-0.0227304 
-0.0233968 
-0.0240703 
-0.0247452 
-0.02541 
-0.026048 
-0.0266383 
-0.0271567 
-0.0275772 
-0.0278723 
-0.0280155 
-0.0279844 
-0.0277541 
-0.0273139 
-0.0266558 
-0.0257819 
-0.0246997 
-0.0234229 
-0.0219696 
-0.0203626 
-0.018628 
-0.0167941 
-0.0148903 
-0.012945 
-0.0109824 
-0.00901965 
-0.00706353 
-0.00510835 
-0.00313804 
-0.0011334 
0.000928226 
0.00306024 
0.00522022 
0.00730402 
0.00913265 
0.0105176 
0.0112382 
0.0110775 
0.00998377 
0.00827666 
0.00614421 
0.00376517 
0.00128121 
-0.00128121 
0.000988752 
-0.000988752 
-0.00266163 
-0.00424918 
-0.00569998 
-0.0070802 
-0.00837163 
-0.00960786 
-0.0107819 
-0.0119071 
-0.0129805 
-0.0140067 
-0.0149847 
-0.0159159 
-0.0167995 
-0.0176352 
-0.0184221 
-0.0191602 
-0.0198505 
-0.020496 
-0.021102 
-0.0216759 
-0.0222263 
-0.0227609 
-0.0232848 
-0.0237984 
-0.0242964 
-0.0247678 
-0.0251969 
-0.0255646 
-0.0258495 
-0.0260289 
-0.0260796 
-0.0259803 
-0.0257081 
-0.0252478 
-0.0245901 
-0.0237337 
-0.0226835 
-0.0214505 
-0.0200506 
-0.0185043 
-0.016835 
-0.015068 
-0.0132291 
-0.0113416 
-0.00942443 
-0.00748902 
-0.00553725 
-0.00356058 
-0.00154437 
0.00053344 
0.00269468 
0.00493196 
0.0071796 
0.00930622 
0.0111125 
0.0123963 
0.0129341 
0.012582 
0.0113039 
0.00936899 
0.00696369 
0.00427347 
0.00145315 
-0.00145315 
0.000967627 
-0.000967627 
-0.0026055 
-0.00415506 
-0.00556169 
-0.00689218 
-0.00812907 
-0.0093091 
-0.0104285 
-0.0115041 
-0.0125357 
-0.0135299 
-0.0144866 
-0.0154073 
-0.0162904 
-0.0171337 
-0.0179332 
-0.0186846 
-0.019383 
-0.020025 
-0.0206093 
-0.0211374 
-0.0216145 
-0.0220479 
-0.0224459 
-0.0228149 
-0.023157 
-0.0234682 
-0.0237388 
-0.0239543 
-0.0240975 
-0.0241495 
-0.0240914 
-0.0239045 
-0.0235712 
-0.0230745 
-0.0224041 
-0.0215564 
-0.0205338 
-0.0193448 
-0.0180026 
-0.0165248 
-0.0149315 
-0.0132443 
-0.0114844 
-0.0096706 
-0.00781694 
-0.00593052 
-0.00401015 
-0.00204695 
-2.49183e-05 
0.00208046 
0.00427761 
0.00654351 
0.00879586 
0.010886 
0.0126067 
0.0137543 
0.0141206 
0.0136109 
0.0122039 
0.0101181 
0.00753462 
0.00463327 
0.0015763 
-0.0015763 
0.000951058 
-0.000951058 
-0.00255513 
-0.00407381 
-0.00544464 
-0.00673182 
-0.00791677 
-0.00903693 
-0.0100908 
-0.0110986 
-0.0120631 
-0.0129944 
-0.0138951 
-0.014769 
-0.0156163 
-0.0164357 
-0.0172231 
-0.0179723 
-0.0186753 
-0.0193234 
-0.0199082 
-0.0204233 
-0.0208662 
-0.0212385 
-0.0215465 
-0.0217989 
-0.0220044 
-0.022168 
-0.0222884 
-0.0223583 
-0.0223648 
-0.0222929 
-0.0221267 
-0.0218499 
-0.0214474 
-0.020903 
-0.0202074 
-0.0193569 
-0.0183524 
-0.0172008 
-0.0159129 
-0.0145028 
-0.0129872 
-0.0113836 
-0.00970899 
-0.00797767 
-0.0061998 
-0.00437941 
-0.00251395 
-0.000593701 
0.00140105 
0.00348513 
0.00565706 
0.00788291 
0.0100689 
0.0120591 
0.0136493 
0.0146426 
0.0148559 
0.014216 
0.01273 
0.0105594 
0.00787932 
0.00485606 
0.00165405 
-0.00165405 
0.000944199 
-0.000944199 
-0.00252731 
-0.00402978 
-0.00538397 
-0.00664645 
-0.00779659 
-0.00886944 
-0.00986437 
-0.010803 
-0.0116909 
-0.0125411 
-0.0133595 
-0.0141533 
-0.0149259 
-0.0156794 
-0.0164124 
-0.0171207 
-0.0177971 
-0.0184314 
-0.0190116 
-0.019525 
-0.0199603 
-0.0203097 
-0.0205708 
-0.0207477 
-0.0208497 
-0.0208886 
-0.0208733 
-0.0208069 
-0.0206838 
-0.0204926 
-0.020219 
-0.0198489 
-0.0193713 
-0.0187741 
-0.0180477 
-0.0171877 
-0.0161947 
-0.0150742 
-0.0138348 
-0.012488 
-0.0110471 
-0.0095259 
-0.00793754 
-0.00629287 
-0.00459903 
-0.00285808 
-0.00106648 
0.00078921 
0.00272229 
0.00473966 
0.00683328 
0.0089611 
0.0110241 
0.0128677 
0.0142981 
0.0151313 
0.0152097 
0.0144711 
0.0129428 
0.0107413 
0.00803059 
0.0049604 
0.00169222 
-0.00169222 
0.000945605 
-0.000945605 
-0.0025382 
-0.00404278 
-0.0054065 
-0.00667055 
-0.00781283 
-0.00886339 
-0.00982099 
-0.0107066 
-0.0115272 
-0.0122972 
-0.013025 
-0.0137207 
-0.0143911 
-0.015042 
-0.0156765 
-0.0162949 
-0.0168941 
-0.0174675 
-0.0180045 
-0.0184916 
-0.0189129 
-0.0192524 
-0.0194969 
-0.0196386 
-0.019678 
-0.0196239 
-0.0194915 
-0.0192959 
-0.0190465 
-0.0187419 
-0.018372 
-0.0179223 
-0.0173804 
-0.0167338 
-0.0159725 
-0.0150955 
-0.0141035 
-0.0130032 
-0.0118025 
-0.0105106 
-0.00913759 
-0.00769409 
-0.00619004 
-0.0046333 
-0.00302889 
-0.00137726 
0.000328336 
0.00209805 
0.00393761 
0.00585017 
0.00782197 
0.00980619 
0.0117043 
0.0133693 
0.014623 
0.0152971 
0.0152577 
0.0144486 
0.0129066 
0.0107159 
0.0080255 
0.00496794 
0.0016978 
-0.0016978 
0.000956841 
-0.000956841 
-0.00258755 
-0.00412493 
-0.00552444 
-0.00681823 
-0.00798176 
-0.00903938 
-0.00998811 
-0.0108469 
-0.0116226 
-0.0123297 
-0.0129777 
-0.013578 
-0.0141396 
-0.0146715 
-0.0151804 
-0.0156712 
-0.0161464 
-0.016605 
-0.0170426 
-0.0174502 
-0.0178149 
-0.0181197 
-0.0183455 
-0.0184738 
-0.0184907 
-0.0183911 
-0.0181814 
-0.0178792 
-0.0175071 
-0.0170822 
-0.0166082 
-0.0160731 
-0.0154593 
-0.0147578 
-0.0139603 
-0.0130633 
-0.0120688 
-0.0109852 
-0.00981875 
-0.00857618 
-0.00726595 
-0.0058958 
-0.00447359 
-0.00300499 
-0.0014933 
6.41084e-05 
0.0016724 
0.00333504 
0.0050554 
0.00683292 
0.00864973 
0.0104574 
0.0121623 
0.0136292 
0.0146981 
0.0152183 
0.0150754 
0.0142175 
0.0126836 
0.0105346 
0.00790149 
0.00490102 
0.00167814 
-0.00167814 
0.000979985 
-0.000979985 
-0.00267246 
-0.00427715 
-0.00573521 
-0.00708398 
-0.00829316 
-0.00938329 
-0.0103489 
-0.0112064 
-0.0119618 
-0.012629 
-0.0132174 
-0.013739 
-0.0142039 
-0.0146224 
-0.0150035 
-0.0153554 
-0.0156842 
-0.0159943 
-0.0162872 
-0.0165613 
-0.0168106 
-0.0170245 
-0.0171876 
-0.0172797 
-0.0172786 
-0.0171638 
-0.0169219 
-0.0165532 
-0.0160748 
-0.0155175 
-0.0149145 
-0.0142825 
-0.0136115 
-0.0128736 
-0.0120461 
-0.011126 
-0.010118 
-0.00903646 
-0.00789198 
-0.00668956 
-0.00543444 
-0.00413213 
-0.00278828 
-0.00140634 
1.30039e-05 
0.00147165 
0.00296961 
0.00450876 
0.00609049 
0.00771078 
0.00934946 
0.0109591 
0.0124539 
0.0137131 
0.0145959 
0.0149688 
0.0147337 
0.0138425 
0.0123279 
0.0102435 
0.00769296 
0.00478055 
0.00164021 
-0.00164021 
0.0010134 
-0.0010134 
-0.00279031 
-0.00448329 
-0.00602588 
-0.00744875 
-0.00872191 
-0.00986263 
-0.0108633 
-0.0117377 
-0.012491 
-0.0131361 
-0.0136828 
-0.0141433 
-0.0145285 
-0.0148496 
-0.0151169 
-0.0153401 
-0.0155277 
-0.0156866 
-0.0158223 
-0.015938 
-0.0160342 
-0.0161081 
-0.016153 
-0.0161566 
-0.0161017 
-0.0159658 
-0.0157241 
-0.0153548 
-0.0148469 
-0.014208 
-0.0134689 
-0.0126752 
-0.0118658 
-0.0110416 
-0.0101694 
-0.00921322 
-0.00818334 
-0.00710976 
-0.00599389 
-0.00483177 
-0.00363063 
-0.00239327 
-0.00112499 
0.000173147 
0.00149891 
0.00285097 
0.00422851 
0.00563239 
0.00706181 
0.00851015 
0.00995645 
0.0113563 
0.0126336 
0.0136827 
0.0143821 
0.0146151 
0.0142966 
0.013382 
0.0118945 
0.00988351 
0.00743097 
0.00462525 
0.00159031 
-0.00159031 
0.0010558 
-0.0010558 
-0.00293614 
-0.0047329 
-0.00638061 
-0.00789238 
-0.00924435 
-0.0104474 
-0.0114948 
-0.0123967 
-0.0131578 
-0.0137903 
-0.0143046 
-0.0147136 
-0.0150295 
-0.0152649 
-0.0154317 
-0.0155409 
-0.0156026 
-0.0156253 
-0.0156158 
-0.0155796 
-0.0155199 
-0.0154381 
-0.0153333 
-0.0152015 
-0.0150347 
-0.01482 
-0.0145387 
-0.0141663 
-0.0136759 
-0.0130435 
-0.0122599 
-0.0113421 
-0.0103442 
-0.00933313 
-0.00836955 
-0.00739049 
-0.00633425 
-0.00524154 
-0.00413236 
-0.00300157 
-0.00184683 
-0.000669042 
0.000528373 
0.00174297 
0.0029709 
0.00421064 
0.00546111 
0.00672186 
0.00799032 
0.00925825 
0.0105052 
0.011691 
0.01275 
0.013592 
0.0141133 
0.0142135 
0.0138178 
0.0128847 
0.0114282 
0.00949021 
0.00714312 
0.00445172 
0.001534 
-0.001534 
0.00110629 
-0.00110629 
-0.00310581 
-0.00502138 
-0.00678544 
-0.00840275 
-0.00984443 
-0.0111205 
-0.0122231 
-0.0131597 
-0.0139339 
-0.0145574 
-0.0150414 
-0.0154002 
-0.0156481 
-0.0158 
-0.01587 
-0.0158716 
-0.0158167 
-0.0157155 
-0.0155763 
-0.0154053 
-0.015207 
-0.0149836 
-0.0147357 
-0.0144625 
-0.0141609 
-0.0138261 
-0.0134503 
-0.013022 
-0.0125251 
-0.011939 
-0.0112396 
-0.0104022 
-0.00941269 
-0.00827564 
-0.00703072 
-0.00572894 
-0.00447048 
-0.00333328 
-0.00226224 
-0.00116649 
-5.91604e-05 
0.00106099 
0.00218651 
0.0033144 
0.00444084 
0.0055642 
0.00668283 
0.00779525 
0.00889774 
0.0099814 
0.0110272 
0.0120002 
0.0128449 
0.0134856 
0.0138356 
0.0138088 
0.0133398 
0.0123895 
0.0109634 
0.00909507 
0.00684885 
0.00427305 
0.00147559 
-0.00147559 
0.00116372 
-0.00116372 
-0.00329615 
-0.00534341 
-0.00723579 
-0.00897129 
-0.0105153 
-0.0118762 
-0.0130421 
-0.0140202 
-0.0148118 
-0.015428 
-0.0158808 
-0.0161864 
-0.0163617 
-0.016425 
-0.0163937 
-0.0162844 
-0.0161119 
-0.0158889 
-0.0156255 
-0.0153294 
-0.0150055 
-0.0146565 
-0.014283 
-0.0138836 
-0.0134552 
-0.0129935 
-0.0124926 
-0.011945 
-0.011341 
-0.0106688 
-0.00991353 
-0.00905624 
-0.00807532 
-0.00694676 
-0.0056663 
-0.0042854 
-0.00292541 
-0.00166454 
-0.000499445 
0.000623311 
0.00171808 
0.00279554 
0.0038557 
0.0048989 
0.00592324 
0.00692783 
0.00791132 
0.00887197 
0.0098058 
0.0107042 
0.0115505 
0.0123149 
0.0129517 
0.0133988 
0.0135843 
0.0134353 
0.0128947 
0.011925 
0.0105262 
0.00871962 
0.00656315 
0.00409993 
0.00141873 
-0.00141873 
0.00122699 
-0.00122699 
-0.00350424 
-0.00569508 
-0.00772826 
-0.00959357 
-0.0112556 
-0.012711 
-0.013951 
-0.0149779 
-0.0157924 
-0.0164036 
-0.0168241 
-0.0170721 
-0.017168 
-0.017134 
-0.0169921 
-0.0167632 
-0.016466 
-0.0161161 
-0.0157263 
-0.0153058 
-0.0148607 
-0.0143944 
-0.0139071 
-0.0133972 
-0.0128609 
-0.012293 
-0.0116869 
-0.0110352 
-0.0103297 
-0.00956176 
-0.00872398 
-0.00781093 
-0.0068248 
-0.00577369 
-0.00467932 
-0.00353444 
-0.0023119 
-0.000880395 
0.000606885 
0.00198663 
0.00324501 
0.00439813 
0.00546647 
0.00646712 
0.00741165 
0.00830775 
0.00915971 
0.00996913 
0.0107342 
0.0114485 
0.0120985 
0.01266 
0.0130964 
0.0133575 
0.0133848 
0.013117 
0.0125046 
0.0115115 
0.0101336 
0.00838033 
0.00630381 
0.00393773 
0.00136775 
-0.00136775 
0.00129458 
-0.00129458 
-0.00372604 
-0.00607068 
-0.00825584 
-0.0102639 
-0.0120556 
-0.0136207 
-0.0149464 
-0.0160321 
-0.0168769 
-0.017487 
-0.0178753 
-0.0180616 
-0.0180702 
-0.0179285 
-0.0176642 
-0.017304 
-0.0168712 
-0.0163858 
-0.0158632 
-0.0153148 
-0.014748 
-0.0141663 
-0.0135702 
-0.0129573 
-0.0123231 
-0.0116614 
-0.0109649 
-0.0102256 
-0.00943559 
-0.00858747 
-0.00767543 
-0.00669552 
-0.00564804 
-0.00453691 
-0.00337502 
-0.00218137 
-0.000955854 
0.000358657 
0.00177038 
0.00318146 
0.00453309 
0.0057828 
0.00691569 
0.00793393 
0.00884799 
0.0096708 
0.0104139 
0.0110858 
0.0116907 
0.0122272 
0.0126871 
0.013053 
0.0132969 
0.0133794 
0.013254 
0.0128697 
0.012184 
0.0111621 
0.00979694 
0.00808861 
0.00608038 
0.00379554 
0.00132226 
-0.00132226 
0.00136442 
-0.00136442 
-0.00395574 
-0.00646152 
-0.00880774 
-0.0109702 
-0.0129046 
-0.0145949 
-0.0160194 
-0.0171765 
-0.0180611 
-0.018677 
-0.0190351 
-0.0191569 
-0.0190708 
-0.0188101 
-0.01841 
-0.0179041 
-0.0173227 
-0.0166906 
-0.0160271 
-0.0153458 
-0.0146551 
-0.0139589 
-0.013257 
-0.0125462 
-0.0118206 
-0.0110726 
-0.0102934 
-0.00947347 
-0.00860395 
-0.00767685 
-0.00668652 
-0.00563 
-0.00450955 
-0.00333062 
-0.00210737 
-0.000853166 
0.000424796 
0.0017165 
0.00300182 
0.00432828 
0.00566236 
0.00694718 
0.0081366 
0.00920177 
0.0101325 
0.0109317 
0.0116096 
0.0121787 
0.0126493 
0.0130275 
0.0133127 
0.0134958 
0.0135582 
0.0134712 
0.013199 
0.0127003 
0.0119391 
0.0108826 
0.00952137 
0.00784816 
0.00589707 
0.00368327 
0.00128233 
-0.00128233 
0.00143357 
-0.00143357 
-0.00418499 
-0.00685459 
-0.00936729 
-0.0116932 
-0.0137826 
-0.0156118 
-0.0171528 
-0.0183949 
-0.0193317 
-0.0199631 
-0.0202964 
-0.0203536 
-0.0201668 
-0.0197764 
-0.019226 
-0.0185589 
-0.0178136 
-0.017022 
-0.016208 
-0.0153878 
-0.0145709 
-0.0137609 
-0.0129569 
-0.0121539 
-0.0113443 
-0.0105182 
-0.00966473 
-0.00877259 
-0.0078312 
-0.00683165 
-0.00576776 
-0.00463678 
-0.00344042 
-0.00218487 
-0.000882051 
0.000447508 
0.00178487 
0.00312722 
0.00445942 
0.0057567 
0.00700786 
0.00820788 
0.00933664 
0.0103679 
0.0112778 
0.0120514 
0.0126846 
0.0131818 
0.0135515 
0.0138026 
0.0139404 
0.0139636 
0.0138633 
0.0136211 
0.0132118 
0.0126031 
0.011766 
0.0106701 
0.00930474 
0.00765656 
0.00575246 
0.00359579 
0.00125638 
-0.00125638 
0.00149805 
-0.00149805 
-0.00440207 
-0.00723117 
-0.00990965 
-0.0124035 
-0.014657 
-0.0166384 
-0.0183119 
-0.0196561 
-0.0206599 
-0.0213201 
-0.021638 
-0.0216346 
-0.021345 
-0.0208164 
-0.0201026 
-0.0192582 
-0.0183328 
-0.0173675 
-0.0163925 
-0.0154272 
-0.0144822 
-0.0135605 
-0.0126593 
-0.0117716 
-0.0108867 
-0.00999198 
-0.0090734 
-0.00811685 
-0.00710905 
-0.00603896 
-0.00489873 
-0.00368475 
-0.00239849 
-0.0010472 
0.000352268 
0.00177664 
0.00320163 
0.00460831 
0.00596469 
0.00724619 
0.00844868 
0.00956794 
0.010599 
0.0115333 
0.0123577 
0.0130581 
0.0136234 
0.0140485 
0.0143343 
0.0144851 
0.0145064 
0.0144007 
0.0141656 
0.0137912 
0.0132618 
0.0125539 
0.0116453 
0.0105088 
0.00913413 
0.00750302 
0.00563622 
0.00352648 
0.00123715 
-0.00123715 
0.00155261 
-0.00155261 
-0.00459129 
-0.00756572 
-0.0104003 
-0.0130586 
-0.0154793 
-0.0176223 
-0.0194417 
-0.0209068 
-0.0219939 
-0.0226986 
-0.0230156 
-0.0229614 
-0.0225731 
-0.0219038 
-0.0210178 
-0.0199827 
-0.0188621 
-0.017709 
-0.0165624 
-0.0154465 
-0.0143727 
-0.013343 
-0.0123521 
-0.0113896 
-0.0104413 
-0.00949067 
-0.0085197 
-0.00751052 
-0.00644643 
-0.00531345 
-0.00410118 
-0.00280459 
-0.00142333 
3.18024e-05 
0.00154326 
0.00308119 
0.00461668 
0.00611739 
0.00754772 
0.00887627 
0.0100768 
0.0111377 
0.0120605 
0.0128537 
0.013524 
0.0140745 
0.014504 
0.014809 
0.0149862 
0.0150341 
0.0149527 
0.0147419 
0.0144003 
0.0139218 
0.0132966 
0.012508 
0.0115397 
0.0103684 
0.00898467 
0.00736743 
0.00553246 
0.00346361 
0.00121799 
-0.00121799 
0.00159066 
-0.00159066 
-0.00473267 
-0.00782507 
-0.0107932 
-0.013601 
-0.0161817 
-0.0184872 
-0.0204604 
-0.0220595 
-0.0232486 
-0.0240144 
-0.0243495 
-0.0242615 
-0.0237881 
-0.022986 
-0.0219288 
-0.0206974 
-0.0193714 
-0.0180196 
-0.0166929 
-0.0154224 
-0.0142214 
-0.0130903 
-0.0120202 
-0.0109965 
-0.0100003 
-0.0090099 
-0.00800242 
-0.00695521 
-0.00584711 
-0.0046601 
-0.00338032 
-0.00200009 
-0.000517821 
0.00105408 
0.00269368 
0.00436651 
0.00603319 
0.00764988 
0.00916999 
0.0105523 
0.0117626 
0.0127841 
0.0136204 
0.0142822 
0.0147854 
0.0151484 
0.0153878 
0.0155146 
0.015534 
0.0154462 
0.0152487 
0.014937 
0.0145058 
0.0139472 
0.0132522 
0.0124067 
0.0113979 
0.0102055 
0.00882097 
0.00722197 
0.00542058 
0.00339452 
0.00119513 
-0.00119513 
0.00160439 
-0.00160439 
-0.00480205 
-0.00796842 
-0.0110308 
-0.0139565 
-0.0166742 
-0.0191291 
-0.0212533 
-0.0229911 
-0.0242981 
-0.0251378 
-0.0255118 
-0.0254142 
-0.0248812 
-0.0239699 
-0.0227594 
-0.0213418 
-0.0198128 
-0.0182596 
-0.0167497 
-0.0153248 
-0.0140022 
-0.0127804 
-0.0116463 
-0.0105796 
-0.00955564 
-0.00854661 
-0.00752358 
-0.00645816 
-0.00532382 
-0.00409748 
-0.00276115 
-0.00130325 
0.000277065 
0.00196951 
0.00374271 
0.00555797 
0.00736425 
0.00910848 
0.010736 
0.0121975 
0.0134518 
0.01447 
0.0152427 
0.0157873 
0.0161246 
0.0162847 
0.0163008 
0.0162028 
0.0160128 
0.0157425 
0.0153946 
0.0149639 
0.0144414 
0.0138142 
0.0130694 
0.0121906 
0.0111645 
0.00997108 
0.00860214 
0.00703438 
0.00527723 
0.00330498 
0.00116396 
-0.00116396 
0.00158504 
-0.00158504 
-0.00477193 
-0.00794857 
-0.0110451 
-0.0140354 
-0.0168458 
-0.0194168 
-0.0216708 
-0.0235381 
-0.0249629 
-0.0258859 
-0.0263156 
-0.026238 
-0.0256837 
-0.024707 
-0.0233859 
-0.0218178 
-0.0201106 
-0.0183706 
-0.016686 
-0.015115 
-0.0136824 
-0.0123866 
-0.0112093 
-0.0101237 
-0.00909785 
-0.0080969 
-0.00708479 
-0.00602645 
-0.00488908 
-0.00364369 
-0.00226727 
-0.000745029 
0.00092416 
0.00272662 
0.00462403 
0.00656903 
0.00850218 
0.0103638 
0.0120938 
0.0136368 
0.0149433 
0.0159794 
0.0167137 
0.0171705 
0.0173694 
0.0173457 
0.017145 
0.0168134 
0.0163914 
0.0159083 
0.0153792 
0.0148058 
0.0141796 
0.0134841 
0.012701 
0.0118082 
0.0107883 
0.00961806 
0.00828753 
0.0067722 
0.00507897 
0.00318099 
0.00112004 
-0.00112004 
0.00152347 
-0.00152347 
-0.00461316 
-0.0077146 
-0.0107615 
-0.0137374 
-0.0165688 
-0.0191951 
-0.0215306 
-0.0234934 
-0.0250127 
-0.0260219 
-0.0265138 
-0.0264866 
-0.0259594 
-0.0249827 
-0.0236242 
-0.0219767 
-0.0201509 
-0.0182676 
-0.016438 
-0.0147432 
-0.0132225 
-0.0118774 
-0.0106852 
-0.00961167 
-0.00861677 
-0.00765743 
-0.00668954 
-0.00567069 
-0.00456122 
-0.00332577 
-0.00193639 
-0.000377041 
0.00135245 
0.00322968 
0.00520916 
0.00723538 
0.00924543 
0.0111793 
0.0129775 
0.0145838 
0.0159447 
0.0170203 
0.0177601 
0.0181722 
0.018278 
0.0181126 
0.0177312 
0.0171927 
0.016554 
0.0158615 
0.0151462 
0.0144215 
0.013685 
0.0129211 
0.0121079 
0.0112176 
0.0102261 
0.00910533 
0.00784073 
0.0064057 
0.00480421 
0.00300953 
0.00105924 
-0.00105924 
0.00141093 
-0.00141093 
-0.00429745 
-0.0072163 
-0.0101049 
-0.0129599 
-0.0157104 
-0.0182994 
-0.0206364 
-0.0226314 
-0.0241984 
-0.0252739 
-0.0258182 
-0.0258638 
-0.0254159 
-0.0245217 
-0.023229 
-0.0216132 
-0.019773 
-0.017832 
-0.0159202 
-0.0141468 
-0.012575 
-0.0112164 
-0.0100469 
-0.00902467 
-0.00810117 
-0.00722439 
-0.00634148 
-0.00540243 
-0.00436056 
-0.00317448 
-0.00181293 
-0.000261902 
0.00147215 
0.00335585 
0.00533638 
0.00735516 
0.00935396 
0.0112806 
0.0130831 
0.0147085 
0.0161043 
0.0172194 
0.0179996 
0.0184134 
0.0184886 
0.0182505 
0.0177586 
0.0170805 
0.0162848 
0.0154321 
0.0145676 
0.0137175 
0.0128892 
0.0120725 
0.0112459 
0.0103783 
0.00944015 
0.00839755 
0.00723043 
0.00590916 
0.004434 
0.00277914 
0.000977874 
-0.000977874 
0.00124003 
-0.00124003 
-0.00380053 
-0.00640999 
-0.00900894 
-0.01161 
-0.0141477 
-0.0165745 
-0.0188 
-0.0207335 
-0.0222742 
-0.0233726 
-0.0239372 
-0.0240623 
-0.0237407 
-0.0230177 
-0.0219143 
-0.0204763 
-0.0187717 
-0.0169083 
-0.0150219 
-0.0132487 
-0.0116846 
-0.0103632 
-0.00926485 
-0.00834252 
-0.00753927 
-0.00679404 
-0.006045 
-0.0052349 
-0.00431078 
-0.00322676 
-0.00195206 
-0.000479539 
0.00117014 
0.00295356 
0.00481464 
0.00670108 
0.00856931 
0.0103826 
0.0121016 
0.0136814 
0.0150738 
0.0162179 
0.017063 
0.0175246 
0.0176356 
0.0174048 
0.0168927 
0.0161711 
0.0153148 
0.0143927 
0.0134596 
0.0125519 
0.0116863 
0.0108603 
0.0100565 
0.00924466 
0.00839269 
0.00746266 
0.00642943 
0.00526059 
0.00395225 
0.00248004 
0.000872797 
-0.000872797 
0.00100544 
-0.00100544 
-0.00310529 
-0.00526485 
-0.00742587 
-0.00961953 
-0.0117879 
-0.013901 
-0.0158748 
-0.0176276 
-0.0190445 
-0.0200862 
-0.0206259 
-0.0208208 
-0.0206612 
-0.0201917 
-0.019403 
-0.0183043 
-0.0169178 
-0.015313 
-0.0136091 
-0.0119572 
-0.0104895 
-0.0092744 
-0.00830863 
-0.0075447 
-0.0069191 
-0.00636238 
-0.00580414 
-0.00518115 
-0.00443604 
-0.00352177 
-0.00241352 
-0.0011168 
0.000329012 
0.00187483 
0.00347215 
0.00508561 
0.00669447 
0.00828076 
0.00982024 
0.0112787 
0.0126144 
0.0137601 
0.0146698 
0.0152122 
0.0154152 
0.0152695 
0.0148314 
0.014175 
0.0133757 
0.0125046 
0.0116186 
0.0107581 
0.009946 
0.00918616 
0.00846738 
0.00776353 
0.00704379 
0.00626974 
0.00541337 
0.00444115 
0.00334541 
0.00210412 
0.000741471 
-0.000741471 
0.000704293 
-0.000704293 
-0.00220432 
-0.00376894 
-0.00533626 
-0.00695896 
-0.0085861 
-0.010214 
-0.011773 
-0.0132043 
-0.0143824 
-0.0152732 
-0.0157451 
-0.015992 
-0.0160205 
-0.0158674 
-0.0154982 
-0.0148861 
-0.0140021 
-0.01286 
-0.0115362 
-0.0101709 
-0.00892347 
-0.00790671 
-0.00714898 
-0.0066119 
-0.00622933 
-0.00592531 
-0.00562204 
-0.00525275 
-0.00475887 
-0.00409734 
-0.00325551 
-0.00225627 
-0.00115092 
9.14178e-06 
0.00119671 
0.0024042 
0.00363414 
0.00488586 
0.00614988 
0.00740467 
0.00861634 
0.00972086 
0.0106746 
0.0113166 
0.0116427 
0.0116417 
0.011363 
0.0108809 
0.0102646 
0.0095792 
0.00887559 
0.008191 
0.00754856 
0.0069557 
0.00640683 
0.00588186 
0.00535465 
0.00479027 
0.00416107 
0.00343543 
0.00260299 
0.00164554 
0.00058236 
-0.00058236 
0.000334542 
-0.000334542 
-0.00109911 
-0.00193298 
-0.00275583 
-0.00364878 
-0.00456158 
-0.00552527 
-0.00649065 
-0.00744493 
-0.00827748 
-0.00894008 
-0.00928547 
-0.00958917 
-0.00982965 
-0.0100353 
-0.0101523 
-0.0101297 
-0.00989573 
-0.00940532 
-0.00867092 
-0.00778971 
-0.00692138 
-0.00621996 
-0.00576062 
-0.00552795 
-0.00546024 
-0.0054786 
-0.00549986 
-0.00545725 
-0.00529571 
-0.00498231 
-0.00452191 
-0.00395368 
-0.00332959 
-0.00268567 
-0.00202476 
-0.00132778 
-0.000575971 
0.000243943 
0.00113735 
0.00209612 
0.00309468 
0.00408598 
0.00502614 
0.00577744 
0.00625782 
0.00645311 
0.00640112 
0.0061881 
0.0058742 
0.00550951 
0.00512868 
0.00475708 
0.00441195 
0.00410012 
0.00381992 
0.00355778 
0.00329444 
0.00300209 
0.00265681 
0.00223278 
0.00171822 
0.00110132 
0.0003952 
-0.0003952 
-0.000105307 
0.000105307 
0.000200744 
0.000208939 
0.00025791 
0.000227478 
0.000177018 
4.20924e-05 
-0.000140347 
-0.000407475 
-0.000681803 
-0.0010326 
-0.00137728 
-0.0018031 
-0.00229636 
-0.00288216 
-0.00350649 
-0.00411149 
-0.00460463 
-0.00489633 
-0.00493128 
-0.0047348 
-0.00442752 
-0.00418209 
-0.00412576 
-0.00428237 
-0.00460525 
-0.00501821 
-0.00543577 
-0.00579564 
-0.00605188 
-0.00618719 
-0.00622538 
-0.00621395 
-0.00619247 
-0.00616801 
-0.00611743 
-0.00600626 
-0.00580501 
-0.00549242 
-0.00505439 
-0.00448801 
-0.00380724 
-0.00303994 
-0.00222674 
-0.00145232 
-0.00083022 
-0.000369193 
-7.71021e-05 
0.000109273 
0.00023138 
0.000320712 
0.000393949 
0.000461257 
0.000531275 
0.000607828 
0.00069188 
0.000776198 
0.000849862 
0.000894816 
0.000893475 
0.000829592 
0.000690283 
0.00047463 
0.000183196 
-0.000183196 
-0.000608491 
0.000608491 
0.00167183 
0.00261357 
0.00361964 
0.00454333 
0.00543815 
0.00622905 
0.00692202 
0.00745791 
0.00782041 
0.00785281 
0.00751572 
0.00695177 
0.00619067 
0.00523719 
0.00413127 
0.00292705 
0.00171318 
0.000594513 
-0.00031966 
-0.000971249 
-0.00140621 
-0.00177374 
-0.00223753 
-0.00287306 
-0.00366271 
-0.00454092 
-0.00542446 
-0.00626013 
-0.00701692 
-0.00769598 
-0.00833573 
-0.00897957 
-0.00964336 
-0.0103057 
-0.0109245 
-0.0114564 
-0.0118661 
-0.0121268 
-0.0122193 
-0.0121323 
-0.0118667 
-0.0114364 
-0.0108683 
-0.0102111 
-0.00949826 
-0.00872977 
-0.00796775 
-0.00723391 
-0.00653509 
-0.00586617 
-0.00522617 
-0.0046162 
-0.00403504 
-0.00348131 
-0.00295211 
-0.00244794 
-0.00197072 
-0.00152672 
-0.00112514 
-0.0007698 
-0.000475192 
-0.000225319 
-4.72667e-05 
4.72667e-05 
-0.00116321 
0.00116321 
0.00328786 
0.00524009 
0.00724921 
0.00916821 
0.011026 
0.0127449 
0.0142868 
0.0155628 
0.0164724 
0.0168878 
0.0167482 
0.0161311 
0.0151582 
0.013879 
0.0123431 
0.0106037 
0.00873819 
0.00684663 
0.00505316 
0.00347393 
0.00215203 
0.00101166 
-0.000101279 
-0.00130855 
-0.00263772 
-0.00404528 
-0.0054572 
-0.00683333 
-0.00816256 
-0.00946335 
-0.0107798 
-0.0121394 
-0.0135306 
-0.0149105 
-0.0162277 
-0.0174359 
-0.0184975 
-0.0193815 
-0.0200624 
-0.0205208 
-0.0207436 
-0.0207223 
-0.0204488 
-0.0198996 
-0.0190605 
-0.0179792 
-0.0167414 
-0.0154304 
-0.014107 
-0.0128038 
-0.0115408 
-0.0103305 
-0.00917915 
-0.0080881 
-0.00705355 
-0.00607029 
-0.0051319 
-0.00423297 
-0.00337292 
-0.00254337 
-0.00175855 
-0.000987426 
-0.000293448 
0.000293448 
-0.00176091 
0.00176091 
0.00502802 
0.00804982 
0.0110714 
0.013975 
0.0167569 
0.0193363 
0.0216371 
0.0235442 
0.0249297 
0.0256864 
0.0257747 
0.0252297 
0.024161 
0.0226457 
0.0207539 
0.01855 
0.016109 
0.0135259 
0.0109221 
0.00843375 
0.00616929 
0.00414336 
0.0022578 
0.000385598 
-0.00154609 
-0.00353385 
-0.00552318 
-0.00748892 
-0.00944328 
-0.011417 
-0.0134496 
-0.0155459 
-0.0176709 
-0.0197693 
-0.021786 
-0.0236728 
-0.0253882 
-0.0268956 
-0.0281617 
-0.029156 
-0.0298474 
-0.030199 
-0.0301645 
-0.0296756 
-0.0287201 
-0.0273796 
-0.0257484 
-0.0239389 
-0.022048 
-0.0201451 
-0.0182753 
-0.0164665 
-0.0147342 
-0.0130839 
-0.0115126 
-0.0100114 
-0.00856743 
-0.00716608 
-0.00579785 
-0.00444588 
-0.00312199 
-0.00179207 
-0.000552006 
0.000552006 
-0.00239469 
0.00239469 
0.00687468 
0.0110103 
0.0150306 
0.0188686 
0.0224975 
0.0258338 
0.0287806 
0.0312148 
0.0330124 
0.0340848 
0.0344067 
0.0339826 
0.0328997 
0.031236 
0.0290709 
0.0264779 
0.0235347 
0.0203344 
0.0169946 
0.0136583 
0.0104702 
0.00751944 
0.00478536 
0.00216825 
-0.000417141 
-0.00301486 
-0.0056109 
-0.00819374 
-0.0107997 
-0.0134651 
-0.0162157 
-0.0190336 
-0.0218673 
-0.0246559 
-0.0273418 
-0.0298733 
-0.0322019 
-0.0342818 
-0.0360682 
-0.037516 
-0.0385763 
-0.039193 
-0.0393081 
-0.0388595 
-0.0378455 
-0.0363425 
-0.0344432 
-0.0322689 
-0.0299342 
-0.0275333 
-0.0251338 
-0.0227806 
-0.0205002 
-0.0183043 
-0.0161927 
-0.0141555 
-0.0121767 
-0.0102367 
-0.00832047 
-0.00640857 
-0.00451155 
-0.0026069 
-0.000813439 
0.000813439 
-0.00305498 
0.00305498 
0.00880251 
0.0140832 
0.0190799 
0.0237821 
0.028161 
0.0321387 
0.0356172 
0.0384816 
0.0406243 
0.0419694 
0.0424974 
0.0422054 
0.041156 
0.0394121 
0.0370468 
0.0341357 
0.03076 
0.0270139 
0.0230137 
0.0189034 
0.0148465 
0.010986 
0.0073805 
0.0039815 
0.00071025 
-0.00250598 
-0.00570965 
-0.00891085 
-0.012164 
-0.0155049 
-0.0189405 
-0.0224336 
-0.0259235 
-0.0293466 
-0.0326426 
-0.0357535 
-0.0386221 
-0.0411913 
-0.0434044 
-0.0452044 
-0.0465329 
-0.0473311 
-0.0475483 
-0.0471408 
-0.0461135 
-0.0445311 
-0.0424789 
-0.0400737 
-0.0374325 
-0.0346599 
-0.0318376 
-0.0290237 
-0.0262553 
-0.0235516 
-0.0209167 
-0.0183431 
-0.0158157 
-0.0133153 
-0.0108272 
-0.00833626 
-0.00585725 
-0.00339042 
-0.00106503 
0.00106503 
-0.00372561 
0.00372561 
0.0107661 
0.0172051 
0.0231569 
0.0286571 
0.0336938 
0.0382091 
0.0421201 
0.0453314 
0.0477547 
0.0493262 
0.0500273 
0.0498473 
0.0488296 
0.0470231 
0.0444916 
0.0413077 
0.0375524 
0.0333204 
0.0287285 
0.0239215 
0.0190726 
0.01436 
0.00990898 
0.005738 
0.0017869 
-0.00203137 
-0.00581103 
-0.00960145 
-0.0134641 
-0.0174309 
-0.0214873 
-0.0255826 
-0.0296515 
-0.0336295 
-0.0374534 
-0.041059 
-0.0443809 
-0.0473527 
-0.0499089 
-0.0519858 
-0.0535223 
-0.0544639 
-0.0547703 
-0.0544143 
-0.0534051 
-0.051801 
-0.0496789 
-0.0471447 
-0.0443089 
-0.0412756 
-0.0381312 
-0.0349414 
-0.0317512 
-0.0285864 
-0.0254574 
-0.022362 
-0.0192904 
-0.0162295 
-0.0131714 
-0.0101122 
-0.007078 
-0.00409542 
-0.00129186 
0.00129186 
-0.00437461 
0.00437461 
0.0126717 
0.0202378 
