0 
-0.00144613 
-0.00155772 
0.000344001 
0.00344918 
0.00713961 
0.0111843 
0.0153829 
0.019639 
0.0238957 
0.028131 
0.0323408 
0.0365307 
0.0407092 
0.0448832 
0.0490552 
0.0532218 
0.0573728 
0.0614914 
0.0655539 
0.0695309 
0.0733875 
0.0770848 
0.0805804 
0.0838299 
0.0867883 
0.0894104 
0.0916531 
0.0934756 
0.0948421 
0.0957215 
0.096093 
0.0959392 
0.0952463 
0.0940071 
0.0922214 
0.0898964 
0.0870478 
0.0837015 
0.079894 
0.0756747 
0.0711058 
0.0662626 
0.0612326 
0.0561132 
0.0510082 
0.0460226 
0.0412535 
0.0367753 
0.0326182 
0.0287559 
0.0251229 
0.0216652 
0.0183821 
0.0153204 
0.0125329 
0.01005 
0.00787881 
0.0060152 
0.00444882 
0.00316536 
0.00214074 
0.0013441 
0.000727645 
0.000227162 
0 
0.00144613 
-0.00144613 
-0.00155772 
0.000344001 
0.00344918 
0.00713961 
0.0111843 
0.0153829 
0.019639 
0.0238957 
0.028131 
0.0323408 
0.0365307 
0.0407092 
0.0448832 
0.0490552 
0.0532218 
0.0573728 
0.0614914 
0.0655539 
0.0695309 
0.0733875 
0.0770848 
0.0805804 
0.0838299 
0.0867883 
0.0894104 
0.0916531 
0.0934756 
0.0948421 
0.0957215 
0.096093 
0.0959392 
0.0952463 
0.0940071 
0.0922214 
0.0898964 
0.0870478 
0.0837015 
0.079894 
0.0756747 
0.0711058 
0.0662626 
0.0612326 
0.0561132 
0.0510082 
0.0460226 
0.0412535 
0.0367753 
0.0326182 
0.0287559 
0.0251229 
0.0216652 
0.0183821 
0.0153204 
0.0125329 
0.01005 
0.00787881 
0.0060152 
0.00444882 
0.00316536 
0.00214074 
0.0013441 
0.000727645 
0.000227162 
-0.000227162 
9.49557e-06 
-9.49557e-06 
0.00195204 
0.00426742 
0.00724795 
0.0106616 
0.014345 
0.018155 
0.022012 
0.0258731 
0.0297238 
0.0335661 
0.0374093 
0.0412648 
0.0451411 
0.0490419 
0.0529645 
0.0568989 
0.060828 
0.0647281 
0.0685689 
0.0723148 
0.0759261 
0.0793597 
0.0825705 
0.0855126 
0.0881409 
0.0904118 
0.0922842 
0.0937222 
0.0946885 
0.0951509 
0.0950923 
0.0944971 
0.093357 
0.0916706 
0.0894439 
0.0866911 
0.0834359 
0.0797131 
0.0755695 
0.0710657 
0.0662755 
0.0612849 
0.05619 
0.0510923 
0.0460933 
0.041285 
0.0367377 
0.0324842 
0.0285129 
0.0247842 
0.0212679 
0.017971 
0.0149283 
0.0121732 
0.00972176 
0.00757636 
0.00573382 
0.00418672 
0.00292555 
0.001933 
0.00118004 
0.000620684 
0.000189535 
-0.000189535 
-0.00116812 
0.00116812 
0.00352863 
0.00611203 
0.0090366 
0.0122124 
0.0155291 
0.0189029 
0.0222885 
0.0256705 
0.0290531 
0.0324508 
0.0358813 
0.0393603 
0.0428985 
0.0464998 
0.0501606 
0.0538693 
0.0576066 
0.0613463 
0.0650556 
0.0686966 
0.0722269 
0.0756015 
0.0787733 
0.0816949 
0.08432 
0.0866046 
0.0885081 
0.0899952 
0.0910363 
0.0915997 
0.0916699 
0.0912315 
0.0902754 
0.0887983 
0.0868029 
0.0842981 
0.0813008 
0.0778379 
0.0739479 
0.0696831 
0.06511 
0.0603087 
0.0553704 
0.0503934 
0.0454755 
0.0407063 
0.0361545 
0.0318574 
0.0278177 
0.0240195 
0.0204575 
0.0171502 
0.014126 
0.0114029 
0.00898611 
0.00687568 
0.00507095 
0.00357114 
0.00237192 
0.00145697 
0.000807863 
0.000380324 
0.000105002 
-0.000105002 
-0.00109985 
0.00109985 
0.00372038 
0.00656847 
0.009492 
0.0124621 
0.0154178 
0.0183456 
0.0212458 
0.0241385 
0.0270505 
0.0300105 
0.0330435 
0.0361679 
0.0393941 
0.042724 
0.0461509 
0.0496597 
0.0532279 
0.0568261 
0.0604185 
0.0639645 
0.0674195 
0.0707362 
0.0738657 
0.076759 
0.0793683 
0.0816485 
0.0835587 
0.0850634 
0.0861363 
0.0867501 
0.0868947 
0.0865593 
0.0857387 
0.0844329 
0.0826457 
0.0803846 
0.0776624 
0.0744984 
0.0709215 
0.0669724 
0.0627058 
0.0581911 
0.0535104 
0.0487543 
0.0440156 
0.0393794 
0.0349128 
0.0306554 
0.0266207 
0.0228141 
0.0192542 
0.0159721 
0.0129913 
0.0103177 
0.00794876 
0.00588343 
0.00412627 
0.00267961 
0.00155152 
0.000743037 
0.000239821 
5.14599e-06 
-2.97813e-05 
2.97813e-05 
-0.00111078 
0.00111078 
0.00378248 
0.00659216 
0.00931436 
0.0119583 
0.0144956 
0.016961 
0.0193873 
0.0218202 
0.0243019 
0.0268693 
0.0295495 
0.0323599 
0.0353077 
0.038391 
0.0415996 
0.0449155 
0.0483137 
0.0517627 
0.0552254 
0.0586599 
0.0620205 
0.0652591 
0.068326 
0.071171 
0.0737454 
0.0760029 
0.0779017 
0.0794056 
0.0804895 
0.0811266 
0.0813112 
0.0810373 
0.0803054 
0.0791213 
0.0774934 
0.0754322 
0.0729502 
0.0700635 
0.0667939 
0.0631724 
0.0592419 
0.0550591 
0.0506944 
0.0462282 
0.0417444 
0.0373213 
0.0330207 
0.0288807 
0.0249226 
0.0211706 
0.0176649 
0.0144459 
0.011531 
0.00891592 
0.00659429 
0.00456842 
0.00284733 
0.00145365 
0.000408792 
-0.000260828 
-0.000570768 
-0.000542346 
-0.000230693 
0.000230693 
-0.00100695 
0.00100695 
0.0035374 
0.00617018 
0.00860344 
0.0108869 
0.0130128 
0.0150514 
0.0170559 
0.0190885 
0.0211986 
0.0234248 
0.0257922 
0.0283145 
0.0309952 
0.0338296 
0.0368057 
0.0399049 
0.0431021 
0.0463662 
0.0496608 
0.0529447 
0.0561729 
0.0592977 
0.0622697 
0.0650388 
0.0675553 
0.069772 
0.0716456 
0.0731381 
0.0742237 
0.074873 
0.0750832 
0.0748529 
0.0741875 
0.0730986 
0.0716003 
0.0697071 
0.0674338 
0.0647961 
0.0618126 
0.0585075 
0.0549146 
0.0510795 
0.0470608 
0.0429274 
0.0387523 
0.0346036 
0.0305338 
0.0265764 
0.0227578 
0.0191196 
0.0157194 
0.0126006 
0.00977094 
0.00721907 
0.00493798 
0.00293776 
0.00124139 
-9.52165e-05 
-0.00103904 
-0.00156904 
-0.00165866 
-0.00129464 
-0.00051234 
0.00051234 
-0.00090394 
0.00090394 
0.00319205 
0.00552404 
0.00759255 
0.00949052 
0.0112209 
0.0128744 
0.01451 
0.0161956 
0.017979 
0.0198955 
0.0219655 
0.0241988 
0.0265968 
0.0291543 
0.0318604 
0.0346981 
0.037645 
0.0406724 
0.0437465 
0.0468282 
0.0498748 
0.0528404 
0.0556768 
0.0583348 
0.0607645 
0.0629176 
0.0647493 
0.0662195 
0.0673016 
0.0679631 
0.0682029 
0.068022 
0.0674292 
0.0664401 
0.0650722 
0.0633431 
0.0612701 
0.0588699 
0.0561601 
0.0531617 
0.0499027 
0.0464207 
0.0427644 
0.0389915 
0.035163 
0.0313339 
0.0275442 
0.0238199 
0.0201927 
0.0167201 
0.0134704 
0.0104807 
0.0077471 
0.0052524 
0.00299621 
0.000999273 
-0.000670429 
-0.00196599 
-0.00284265 
-0.00324253 
-0.00308419 
-0.00229069 
-0.000887457 
0.000887457 
-0.000762023 
0.000762023 
0.00272626 
0.00469815 
0.00638261 
0.00791006 
0.00928244 
0.0105987 
0.0119133 
0.0132918 
0.0147752 
0.0163932 
0.0181616 
0.020088 
0.022174 
0.0244163 
0.026807 
0.0293334 
0.0319768 
0.0347129 
0.0375115 
0.0403372 
0.0431506 
0.0459087 
0.0485661 
0.0510752 
0.0533867 
0.0554519 
0.0572246 
0.0586626 
0.0597373 
0.0604117 
0.0606868 
0.0605662 
0.0600616 
0.0591906 
0.0579717 
0.0564232 
0.0545628 
0.0524073 
0.0499743 
0.0472836 
0.0443604 
0.0412376 
0.0379562 
0.0345642 
0.0311099 
0.0276329 
0.0241582 
0.0207045 
0.0173107 
0.0140476 
0.0109838 
0.00814125 
0.00550215 
0.00305032 
0.000793846 
-0.0012028 
-0.0028816 
-0.00418822 
-0.00503811 
-0.0053089 
-0.00482429 
-0.00347432 
-0.00132057 
0.00132057 
-0.000612494 
0.000612494 
0.00221371 
0.0037926 
0.005095 
0.00627355 
0.00732243 
0.00833876 
0.00936514 
0.0104595 
0.0116535 
0.0129711 
0.0144247 
0.0160217 
0.0177651 
0.0196553 
0.0216887 
0.0238574 
0.0261479 
0.028541 
0.0310114 
0.0335284 
0.0360568 
0.0385577 
0.0409894 
0.0433071 
0.0454634 
0.0474098 
0.0490996 
0.0504894 
0.0515488 
0.0522381 
0.0525599 
0.0525197 
0.0521301 
0.0514077 
0.0503691 
0.0490304 
0.0474077 
0.0455171 
0.043376 
0.0410044 
0.0384269 
0.0356738 
0.0327813 
0.029788 
0.0267289 
0.0236267 
0.0204908 
0.0173357 
0.0142102 
0.0111926 
0.00833878 
0.00564769 
0.00309233 
0.00065932 
-0.00160503 
-0.00364111 
-0.00538912 
-0.00675205 
-0.00757401 
-0.00763173 
-0.00665827 
-0.00463709 
-0.00172021 
0.00172021 
-0.000453615 
0.000453615 
0.00167282 
0.00285387 
0.00379609 
0.00465365 
0.00541158 
0.00615712 
0.00691781 
0.00774141 
0.00864983 
0.00966247 
0.0107895 
0.012039 
0.0134167 
0.0149264 
0.0165693 
0.0183426 
0.0202388 
0.0222444 
0.02434 
0.0265004 
0.0286955 
0.0308913 
0.0330508 
0.0351333 
0.0370947 
0.0388878 
0.0404667 
0.0417888 
0.0428216 
0.0435253 
0.043905 
0.0439678 
0.0437244 
0.0431861 
0.0423638 
0.0412689 
0.039914 
0.0383139 
0.036486 
0.0344514 
0.0322354 
0.0298677 
0.02738 
0.0248022 
0.0221544 
0.0194414 
0.0166597 
0.0138254 
0.0109982 
0.00825292 
0.00561914 
0.00307201 
0.000578653 
-0.00184905 
-0.00415625 
-0.00628384 
-0.00813605 
-0.00952855 
-0.0101991 
-0.00981949 
-0.00820639 
-0.0055288 
-0.00200429 
0.00200429 
-0.000295777 
0.000295777 
0.00113481 
0.00192829 
0.00253811 
0.00309955 
0.00359292 
0.00408863 
0.00459958 
0.0051617 
0.0057883 
0.0064949 
0.0072904 
0.00818382 
0.00918316 
0.0102955 
0.0115264 
0.0128783 
0.0143495 
0.015933 
0.017616 
0.0193796 
0.0211994 
0.0230471 
0.0248904 
0.0266942 
0.0284191 
0.030021 
0.0314558 
0.0326839 
0.0336728 
0.0343931 
0.0348508 
0.0350482 
0.0349867 
0.034668 
0.0340949 
0.0332733 
0.0322127 
0.0309266 
0.0294332 
0.0277554 
0.0259198 
0.0239556 
0.0218899 
0.0197421 
0.0175161 
0.0151998 
0.0127826 
0.0102893 
0.00778619 
0.00532837 
0.00291077 
0.000488732 
-0.00196241 
-0.00440854 
-0.00679426 
-0.00902975 
-0.0109346 
-0.0121969 
-0.0124721 
-0.0114512 
-0.00922501 
-0.0060591 
-0.00216188 
0.00216188 
-0.000140795 
0.000140795 
0.000613265 
0.00104056 
0.0013473 
0.0016354 
0.00188655 
0.00214929 
0.00242464 
0.00273551 
0.00308837 
0.00349503 
0.00396354 
0.00450336 
0.00512408 
0.00583531 
0.00664619 
0.00756387 
0.00859255 
0.00973197 
0.0109764 
0.0123142 
0.0137275 
0.0151936 
0.0166853 
0.0181731 
0.0196254 
0.0210037 
0.0222673 
0.0233795 
0.0243128 
0.0250619 
0.02562 
0.0259772 
0.0261205 
0.026041 
0.0257346 
0.0252027 
0.0244523 
0.0234968 
0.0223554 
0.0210526 
0.0196164 
0.0180738 
0.0164455 
0.0147378 
0.0129373 
0.0110195 
0.0089763 
0.00684416 
0.00468336 
0.00251368 
0.000295085 
-0.00202831 
-0.00445395 
-0.00693783 
-0.00940368 
-0.0116845 
-0.0134747 
-0.0143654 
-0.014045 
-0.0123881 
-0.00973155 
-0.00628714 
-0.00222237 
0.00222237 
9.02215e-06 
-9.02215e-06 
0.000119039 
0.000207659 
0.00023802 
0.000273507 
0.000301334 
0.000346139 
0.000400411 
0.000473448 
0.000566529 
0.000687373 
0.000843155 
0.00104295 
0.00129715 
0.00161681 
0.00201386 
0.00249942 
0.00308311 
0.00377126 
0.00456563 
0.00546224 
0.00645098 
0.00751526 
0.00863309 
0.00978063 
0.0109357 
0.012071 
0.0131556 
0.0141545 
0.0150436 
0.0158352 
0.0164984 
0.0170134 
0.0173562 
0.0175109 
0.0174683 
0.017226 
0.0167899 
0.0161731 
0.0153959 
0.0144837 
0.0134635 
0.0123576 
0.0111765 
0.00991104 
0.00853276 
0.0070132 
0.00535564 
0.00360222 
0.00178933 
-0.000108269 
-0.00216009 
-0.0044009 
-0.00680869 
-0.00932337 
-0.0118099 
-0.0139883 
-0.0154472 
-0.0157909 
-0.0148529 
-0.0127489 
-0.00984845 
-0.00629648 
-0.00221258 
0.00221258 
0.000159028 
-0.000159028 
-0.000348638 
-0.000562686 
-0.00078409 
-0.000980489 
-0.00115933 
-0.00131807 
-0.00146965 
-0.00161781 
-0.0017652 
-0.00190879 
-0.0020427 
-0.0021591 
-0.00224776 
-0.00229702 
-0.00229324 
-0.00222216 
-0.00206954 
-0.00182299 
-0.0014735 
-0.00101709 
-0.0004563 
0.000200264 
0.0009382 
0.00173966 
0.00258941 
0.00347232 
0.00437778 
0.00528032 
0.00614929 
0.00698267 
0.0077325 
0.00838019 
0.00889653 
0.00926279 
0.00946662 
0.00950348 
0.00937785 
0.00910272 
0.00869829 
0.00818872 
0.0075967 
0.00693591 
0.00620267 
0.00537224 
0.00440755 
0.0032878 
0.00202943 
0.000664518 
-0.000816202 
-0.00247726 
-0.00438413 
-0.00654648 
-0.00892567 
-0.0114244 
-0.0138173 
-0.0157211 
-0.016698 
-0.0164705 
-0.0150451 
-0.012695 
-0.00968305 
-0.00614508 
-0.00214984 
0.00214984 
0.000308354 
-0.000308354 
-0.000787384 
-0.0012687 
-0.00172053 
-0.00212916 
-0.00249963 
-0.00284619 
-0.00318645 
-0.0035351 
-0.00389875 
-0.00427922 
-0.00467268 
-0.00507329 
-0.00547179 
-0.00585682 
-0.00621394 
-0.00652668 
-0.00677699 
-0.00694698 
-0.00702069 
-0.00698609 
-0.00683712 
-0.00657385 
-0.0062013 
-0.00573003 
-0.00517042 
-0.0045325 
-0.00381615 
-0.00303012 
-0.0022026 
-0.00134806 
-0.000532934 
0.000224985 
0.000892499 
0.00144902 
0.00188153 
0.00218518 
0.00236446 
0.00243191 
0.00240593 
0.0023062 
0.00214684 
0.00192829 
0.00163135 
0.0012205 
0.000661392 
-5.37869e-05 
-0.00090661 
-0.00189751 
-0.00308171 
-0.00453686 
-0.00630625 
-0.00837869 
-0.0106933 
-0.0130934 
-0.015263 
-0.0167694 
-0.0172337 
-0.0165334 
-0.0148015 
-0.012336 
-0.00930762 
-0.00587048 
-0.0020458 
0.0020458 
0.000449306 
-0.000449306 
-0.00119197 
-0.00191498 
-0.00257908 
-0.00318276 
-0.00372962 
-0.00424613 
-0.00475431 
-0.00527811 
-0.00582859 
-0.00641248 
-0.00702863 
-0.00767376 
-0.00834037 
-0.0090184 
-0.00969374 
-0.010349 
-0.0109634 
-0.0115146 
-0.0119802 
-0.0123399 
-0.0125777 
-0.0126836 
-0.0126535 
-0.0124894 
-0.0121958 
-0.0117795 
-0.0112438 
-0.0105921 
-0.00985202 
-0.00902227 
-0.00817929 
-0.00734223 
-0.00654765 
-0.00581738 
-0.00516714 
-0.00460226 
-0.00411898 
-0.00370678 
-0.0033519 
-0.00304312 
-0.0027788 
-0.00257315 
-0.00245668 
-0.00246567 
-0.00262292 
-0.00292967 
-0.00338892 
-0.00404217 
-0.00496843 
-0.00623373 
-0.00785739 
-0.00981087 
-0.0120007 
-0.0142054 
-0.0160509 
-0.0171211 
-0.0171424 
-0.0161198 
-0.0142302 
-0.0117374 
-0.00876494 
-0.0054962 
-0.00190776 
0.00190776 
0.00057994 
-0.00057994 
-0.00156294 
-0.00250695 
-0.00336716 
-0.00415048 
-0.0048588 
-0.00552705 
-0.00618102 
-0.00685253 
-0.00755744 
-0.00830744 
-0.0091045 
-0.00994817 
-0.0108333 
-0.0117519 
-0.0126913 
-0.0136346 
-0.0145602 
-0.0154429 
-0.0162553 
-0.01697 
-0.0175621 
-0.0180115 
-0.0183041 
-0.0184322 
-0.0183937 
-0.0181906 
-0.0178271 
-0.0173077 
-0.0166632 
-0.0158841 
-0.0150416 
-0.0141541 
-0.0132582 
-0.0123754 
-0.0115223 
-0.0107064 
-0.00992686 
-0.00917823 
-0.00845482 
-0.00775671 
-0.00709527 
-0.00649541 
-0.00599065 
-0.00561076 
-0.00537157 
-0.00528526 
-0.00538741 
-0.00574771 
-0.00644366 
-0.00751926 
-0.00897433 
-0.0107627 
-0.0127539 
-0.0146781 
-0.0161507 
-0.0168208 
-0.0165204 
-0.0153271 
-0.013388 
-0.0109321 
-0.00807654 
-0.00503457 
-0.00173957 
0.00173957 
0.000699912 
-0.000699912 
-0.00190208 
-0.00304914 
-0.00409092 
-0.00504032 
-0.00589639 
-0.00669935 
-0.00747764 
-0.00826962 
-0.00909612 
-0.00997377 
-0.010908 
-0.0119014 
-0.0129513 
-0.0140522 
-0.0151939 
-0.0163614 
-0.017534 
-0.0186858 
-0.0197867 
-0.0208044 
-0.0217066 
-0.022464 
-0.0230526 
-0.0234552 
-0.0236615 
-0.0236686 
-0.0234782 
-0.0230952 
-0.0225496 
-0.02183 
-0.0210013 
-0.02008 
-0.0191001 
-0.0180821 
-0.0170432 
-0.0159931 
-0.0149362 
-0.0138741 
-0.0128112 
-0.0117583 
-0.0107366 
-0.00977535 
-0.00890566 
-0.00815317 
-0.00753959 
-0.00709981 
-0.0068956 
-0.00700302 
-0.00748193 
-0.00835429 
-0.00960511 
-0.0111702 
-0.0128894 
-0.0144752 
-0.0155763 
-0.0159258 
-0.0154334 
-0.0141943 
-0.0122855 
-0.00992282 
-0.00724537 
-0.00448795 
-0.00154199 
0.00154199 
0.000809655 
-0.000809655 
-0.00221142 
-0.00354507 
-0.0047551 
-0.00585865 
-0.00685062 
-0.00777365 
-0.00865726 
-0.00954485 
-0.010462 
-0.0114304 
-0.0124591 
-0.0135536 
-0.0147138 
-0.0159369 
-0.0172155 
-0.0185374 
-0.0198844 
-0.0212323 
-0.0225509 
-0.0238058 
-0.0249601 
-0.0259777 
-0.0268257 
-0.0274773 
-0.0279133 
-0.0281234 
-0.0281043 
-0.0278595 
-0.0274158 
-0.0267618 
-0.0259558 
-0.0250131 
-0.0239644 
-0.0228291 
-0.0216255 
-0.0203664 
-0.0190618 
-0.0177215 
-0.0163586 
-0.0149925 
-0.0136494 
-0.0123596 
-0.0111532 
-0.0100604 
-0.00911828 
-0.00838241 
-0.00792384 
-0.00780697 
-0.00806892 
-0.00871404 
-0.00971585 
-0.0109956 
-0.0123804 
-0.0135986 
-0.0143609 
-0.0144811 
-0.0139106 
-0.0127115 
-0.0108965 
-0.00868935 
-0.00626073 
-0.00385135 
-0.0013137 
0.0013137 
0.000909562 
-0.000909562 
-0.00249224 
-0.00399675 
-0.00536239 
-0.00660956 
-0.00772775 
-0.00875943 
-0.0097332 
-0.0106958 
-0.0116769 
-0.012703 
-0.0137871 
-0.0149376 
-0.016157 
-0.0174446 
-0.0187959 
-0.0202018 
-0.0216478 
-0.0231128 
-0.0245691 
-0.0259833 
-0.0273174 
-0.0285314 
-0.0295864 
-0.0304475 
-0.0310866 
-0.0314843 
-0.0316303 
-0.031523 
-0.0311836 
-0.0306005 
-0.0298257 
-0.028874 
-0.0277731 
-0.0265421 
-0.0252006 
-0.0237648 
-0.0222502 
-0.0206737 
-0.0190553 
-0.0174198 
-0.0157965 
-0.014218 
-0.0127191 
-0.0113404 
-0.0101341 
-0.00916439 
-0.00849494 
-0.00816979 
-0.00820541 
-0.00859319 
-0.00929806 
-0.0102344 
-0.0112371 
-0.0120774 
-0.0125414 
-0.0125096 
-0.0119449 
-0.0108463 
-0.00917097 
-0.00719943 
-0.00510534 
-0.00311625 
-0.00105252 
0.00105252 
0.000999785 
-0.000999785 
-0.00274484 
-0.00440437 
-0.00591305 
-0.00729411 
-0.00853081 
-0.00966319 
-0.0107168 
-0.0117392 
-0.0127634 
-0.0138202 
-0.0149267 
-0.0160943 
-0.0173278 
-0.0186287 
-0.0199945 
-0.0214193 
-0.022892 
-0.0243958 
-0.0259071 
-0.027396 
-0.0288267 
-0.0301592 
-0.0313519 
-0.032365 
-0.0331631 
-0.0337185 
-0.034012 
-0.0340348 
-0.0337995 
-0.033293 
-0.0325594 
-0.0316134 
-0.0304803 
-0.0291793 
-0.0277316 
-0.0261565 
-0.0244745 
-0.0227078 
-0.0208816 
-0.0190254 
-0.0171725 
-0.0153607 
-0.0136327 
-0.0120393 
-0.0106388 
-0.00949083 
-0.00864184 
-0.00811492 
-0.00791044 
-0.00801021 
-0.00837365 
-0.00891757 
-0.0095029 
-0.00995967 
-0.0101517 
-0.0100125 
-0.00950647 
-0.00854773 
-0.00705771 
-0.00542311 
-0.00376475 
-0.00227589 
-0.000757136 
0.000757136 
0.0010801 
-0.0010801 
-0.00296838 
-0.00476618 
-0.00640446 
-0.00790963 
-0.0092584 
-0.0104867 
-0.0116146 
-0.0126885 
-0.0137422 
-0.0148101 
-0.0159136 
-0.0170673 
-0.0182786 
-0.0195505 
-0.0208826 
-0.022271 
-0.0237078 
-0.0251802 
-0.0266694 
-0.0281504 
-0.0295919 
-0.0309571 
-0.0322061 
-0.0332974 
-0.0341921 
-0.0348561 
-0.0352626 
-0.0353944 
-0.0352543 
-0.0348257 
-0.0341427 
-0.0332186 
-0.0320759 
-0.0307341 
-0.0292156 
-0.0275428 
-0.02574 
-0.0238339 
-0.0218547 
-0.0198367 
-0.0178185 
-0.0158441 
-0.013963 
-0.0122295 
-0.0106982 
-0.00941487 
-0.00840704 
-0.00768034 
-0.00722327 
-0.00701039 
-0.00699889 
-0.00711622 
-0.00725991 
-0.00732282 
-0.00724221 
-0.00699716 
-0.00656104 
-0.00575474 
-0.00452301 
-0.00334825 
-0.00223743 
-0.00133114 
-0.000429012 
0.000429012 
0.00114994 
-0.00114994 
-0.00316092 
-0.00507855 
-0.00683118 
-0.00844938 
-0.00990376 
-0.0112252 
-0.0124264 
-0.0135496 
-0.0146272 
-0.0156958 
-0.0167798 
-0.0178979 
-0.01906 
-0.0202715 
-0.0215331 
-0.0228429 
-0.0241951 
-0.0255802 
-0.0269837 
-0.0283856 
-0.0297603 
-0.0310763 
-0.0322979 
-0.0333864 
-0.0343029 
-0.0350109 
-0.0354788 
-0.0356825 
-0.0356149 
-0.0352555 
-0.0346257 
-0.0337358 
-0.0326049 
-0.031252 
-0.0297002 
-0.0279743 
-0.0261018 
-0.0241136 
-0.0220443 
-0.0199331 
-0.0178234 
-0.0157634 
-0.013804 
-0.0119958 
-0.0103826 
-0.0089943 
-0.00784183 
-0.00691801 
-0.00620267 
-0.00566482 
-0.00526195 
-0.00493618 
-0.00462363 
-0.0042743 
-0.00389162 
-0.00349526 
-0.00311744 
-0.00243068 
-0.00159543 
-0.00100607 
-0.000548382 
-0.000297879 
-7.4848e-05 
7.4848e-05 
0.0012084 
-0.0012084 
-0.00331978 
-0.00533642 
-0.00718544 
-0.00890286 
-0.0104545 
-0.0118663 
-0.0131426 
-0.0143184 
-0.0154224 
-0.0164902 
-0.0175486 
-0.0186195 
-0.019716 
-0.0208462 
-0.0220127 
-0.023215 
-0.0244492 
-0.0257081 
-0.0269805 
-0.0282509 
-0.0294988 
-0.0306989 
-0.031821 
-0.0328316 
-0.0336952 
-0.0343768 
-0.0348435 
-0.0350681 
-0.0350356 
-0.0347232 
-0.034139 
-0.0332881 
-0.0321852 
-0.0308481 
-0.0292995 
-0.0275657 
-0.0256766 
-0.0236662 
-0.0215729 
-0.0194387 
-0.0173095 
-0.0152332 
-0.013257 
-0.0114228 
-0.00976161 
-0.00828919 
-0.0070044 
-0.00589122 
-0.00492339 
-0.00406624 
-0.00328046 
-0.00252602 
-0.00176912 
-0.000996324 
-0.000261913 
0.000390368 
0.00083919 
0.00137963 
0.00159366 
0.00151585 
0.00124721 
0.000790237 
0.000292513 
-0.000292513 
0.0012545 
-0.0012545 
-0.00344202 
-0.0055343 
-0.00745832 
-0.00925712 
-0.0108938 
-0.0123906 
-0.0137431 
-0.0149782 
-0.0161173 
-0.0171921 
-0.0182292 
-0.0192524 
-0.0202781 
-0.0213172 
-0.0223751 
-0.0234534 
-0.0245499 
-0.0256595 
-0.0267737 
-0.0278804 
-0.0289634 
-0.0300026 
-0.0309739 
-0.0318497 
-0.0325998 
-0.0331934 
-0.0336002 
-0.0337926 
-0.0337515 
-0.0334535 
-0.0328954 
-0.0320775 
-0.0310099 
-0.0297077 
-0.0281926 
-0.0264907 
-0.024633 
-0.0226551 
-0.0205962 
-0.0184991 
-0.0164082 
-0.0143674 
-0.0124166 
-0.0105877 
-0.00890029 
-0.00735957 
-0.00595651 
-0.00466965 
-0.00346919 
-0.00232044 
-0.00118832 
-4.13471e-05 
0.00113337 
0.00231504 
0.00341606 
0.00434403 
0.00498455 
0.0052151 
0.00481273 
0.00405673 
0.00305992 
0.00188095 
0.00065682 
-0.00065682 
0.00128734 
-0.00128734 
-0.00352539 
-0.00566776 
-0.007642 
-0.00949945 
-0.0112031 
-0.0127735 
-0.0141995 
-0.015499 
-0.0166844 
-0.0177807 
-0.0188106 
-0.0197974 
-0.0207591 
-0.0217094 
-0.0226569 
-0.0236058 
-0.0245568 
-0.0255071 
-0.0264508 
-0.0273789 
-0.0282787 
-0.0291346 
-0.0299272 
-0.0306345 
-0.031232 
-0.0316939 
-0.0319943 
-0.0321085 
-0.0320168 
-0.0316983 
-0.031142 
-0.0303443 
-0.0293108 
-0.0280537 
-0.0265922 
-0.0249512 
-0.0231608 
-0.0212555 
-0.0192735 
-0.0172547 
-0.0152393 
-0.013265 
-0.0113634 
-0.00955723 
-0.00785757 
-0.00626262 
-0.00475878 
-0.00332181 
-0.00192136 
-0.000523025 
0.000908108 
0.00240158 
0.00394671 
0.00548084 
0.00688002 
0.00799952 
0.00870793 
0.00865052 
0.00778104 
0.00642543 
0.00476558 
0.00290871 
0.000999162 
-0.000999162 
0.0013064 
-0.0013064 
-0.00356925 
-0.00573534 
-0.00773275 
-0.00962155 
-0.011367 
-0.0129912 
-0.0144789 
-0.0158411 
-0.0170808 
-0.0182143 
-0.0192572 
-0.0202288 
-0.0211458 
-0.0220229 
-0.022871 
-0.0236975 
-0.0245062 
-0.0252977 
-0.0260694 
-0.0268158 
-0.0275278 
-0.0281934 
-0.0287978 
-0.0293235 
-0.029751 
-0.0300598 
-0.0302287 
-0.0302369 
-0.0300662 
-0.0296987 
-0.0291205 
-0.0283261 
-0.027318 
-0.0261058 
-0.0247056 
-0.0231397 
-0.0214354 
-0.0196245 
-0.0177413 
-0.0158213 
-0.0138986 
-0.0120039 
-0.0101615 
-0.00838674 
-0.00668484 
-0.00504992 
-0.00346615 
-0.00190859 
-0.000347688 
0.00125422 
0.00293099 
0.00470155 
0.0065326 
0.00832514 
0.0099201 
0.0111267 
0.0117791 
0.0115014 
0.0102864 
0.00845956 
0.00625207 
0.00381274 
0.00130126 
-0.00130126 
0.00131196 
-0.00131196 
-0.00357591 
-0.00574091 
-0.0077346 
-0.00962488 
-0.0113809 
-0.0130295 
-0.014555 
-0.0159651 
-0.0172558 
-0.0184348 
-0.0195089 
-0.0204904 
-0.0213913 
-0.0222237 
-0.0229985 
-0.0237243 
-0.0244079 
-0.0250535 
-0.0256626 
-0.0262339 
-0.0267632 
-0.0272426 
-0.0276614 
-0.0280062 
-0.0282617 
-0.0284113 
-0.028438 
-0.0283252 
-0.0280575 
-0.0276216 
-0.0270046 
-0.0261996 
-0.0252073 
-0.0240344 
-0.0226941 
-0.0212052 
-0.0195913 
-0.0178799 
-0.0161005 
-0.0142828 
-0.0124551 
-0.0106415 
-0.00885997 
-0.00712077 
-0.00542531 
-0.00376561 
-0.00212522 
-0.000480022 
0.00120092 
0.0029545 
0.00481039 
0.00677505 
0.00879493 
0.0107419 
0.012428 
0.0136299 
0.0141467 
0.0136792 
0.0122282 
0.0100702 
0.00745231 
0.00455331 
0.00155059 
-0.00155059 
0.00130457 
-0.00130457 
-0.00355116 
-0.00569539 
-0.00766252 
-0.00952594 
-0.0112591 
-0.0128951 
-0.0144221 
-0.0158487 
-0.0171686 
-0.0183836 
-0.0194936 
-0.0205024 
-0.0214148 
-0.0222373 
-0.0229765 
-0.0236392 
-0.0242319 
-0.0247606 
-0.0252303 
-0.0256444 
-0.0260038 
-0.0263067 
-0.0265477 
-0.0267182 
-0.0268073 
-0.0268023 
-0.0266901 
-0.0264574 
-0.0260917 
-0.0255819 
-0.0249173 
-0.0240908 
-0.0231031 
-0.0219591 
-0.0206695 
-0.0192495 
-0.0177187 
-0.0160998 
-0.0144171 
-0.0126949 
-0.0109557 
-0.00921814 
-0.00749548 
-0.00579434 
-0.00411387 
-0.00244537 
-0.000772945 
0.000927612 
0.00268604 
0.00453557 
0.00649985 
0.00857289 
0.0106846 
0.0126865 
0.0143719 
0.0155021 
0.0158615 
0.0152353 
0.0136209 
0.0112463 
0.00834718 
0.00511541 
0.00174191 
-0.00174191 
0.00128825 
-0.00128825 
-0.00350626 
-0.00561806 
-0.00754424 
-0.00935956 
-0.0110405 
-0.0126261 
-0.0141107 
-0.0155083 
-0.0168149 
-0.0180324 
-0.0191571 
-0.0201878 
-0.0211225 
-0.0219606 
-0.0227018 
-0.0233471 
-0.0238985 
-0.0243594 
-0.0247345 
-0.0250291 
-0.0252489 
-0.025398 
-0.0254782 
-0.0254877 
-0.0254211 
-0.02527 
-0.0250243 
-0.0246734 
-0.0242075 
-0.0236179 
-0.0228995 
-0.0220455 
-0.0210554 
-0.0199325 
-0.0186844 
-0.0173231 
-0.0158639 
-0.0143256 
-0.0127278 
-0.0110898 
-0.00942944 
-0.00776098 
-0.00609434 
-0.00443367 
-0.00277708 
-0.00111597 
0.000565387 
0.00228948 
0.00408272 
0.0059735 
0.00797791 
0.0100786 
0.0121941 
0.0141652 
0.0157781 
0.0167947 
0.0170013 
0.016248 
0.0145256 
0.0120229 
0.00895218 
0.00550417 
0.00187632 
-0.00187632 
0.00127441 
-0.00127441 
-0.0034583 
-0.00553599 
-0.00741865 
-0.00917733 
-0.0107888 
-0.0122956 
-0.0136978 
-0.0150166 
-0.0162547 
-0.0174189 
-0.0185084 
-0.019522 
-0.0204557 
-0.0213044 
-0.022062 
-0.0227224 
-0.0232799 
-0.0237306 
-0.0240728 
-0.024308 
-0.0244409 
-0.0244781 
-0.0244275 
-0.0242955 
-0.0240855 
-0.0237972 
-0.0234265 
-0.0229667 
-0.022411 
-0.0217521 
-0.0209848 
-0.0201021 
-0.0191033 
-0.0179914 
-0.0167726 
-0.0154563 
-0.0140542 
-0.0125815 
-0.011054 
-0.0094872 
-0.0078951 
-0.00628864 
-0.00467529 
-0.00305776 
-0.00143376 
0.00020541 
0.00187421 
0.00359122 
0.00537949 
0.00726123 
0.00924465 
0.0113032 
0.0133488 
0.0152214 
0.01671 
0.0175883 
0.0176555 
0.0168046 
0.0150193 
0.0124562 
0.00930258 
0.00573775 
0.00195926 
-0.00195926 
0.00126702 
-0.00126702 
-0.00342926 
-0.00547944 
-0.00732999 
-0.00903928 
-0.0105824 
-0.0120008 
-0.0132983 
-0.0145017 
-0.0156212 
-0.0166714 
-0.0176589 
-0.0185887 
-0.0194607 
-0.0202719 
-0.0210157 
-0.0216826 
-0.0222613 
-0.0227398 
-0.023107 
-0.0233543 
-0.0234774 
-0.0234772 
-0.0233597 
-0.0231352 
-0.0228153 
-0.0224102 
-0.0219255 
-0.0213617 
-0.0207152 
-0.0199806 
-0.0191543 
-0.0182359 
-0.0172241 
-0.016119 
-0.0149235 
-0.0136435 
-0.0122874 
-0.0108685 
-0.0093998 
-0.00789357 
-0.00636129 
-0.0048113 
-0.0032497 
-0.00167836 
-9.44328e-05 
0.00150998 
0.00314567 
0.00482834 
0.00657654 
0.0084059 
0.0103173 
0.0122774 
0.0141967 
0.0159211 
0.0172508 
0.0179779 
0.0179192 
0.0169933 
0.0151822 
0.0126104 
0.00944268 
0.00584112 
0.00199862 
-0.00199862 
0.00126698 
-0.00126698 
-0.00343624 
-0.00547815 
-0.0073181 
-0.00899996 
-0.0104943 
-0.011838 
-0.013035 
-0.0141144 
-0.0150915 
-0.0159878 
-0.0168179 
-0.0175954 
-0.0183289 
-0.0190233 
-0.0196782 
-0.0202884 
-0.0208439 
-0.0213304 
-0.0217309 
-0.0220271 
-0.0222022 
-0.0222428 
-0.0221422 
-0.0219012 
-0.0215294 
-0.0210426 
-0.0204598 
-0.0197976 
-0.0190665 
-0.0182689 
-0.0174025 
-0.0164624 
-0.0154413 
-0.0143376 
-0.0131552 
-0.0119001 
-0.0105767 
-0.0091972 
-0.00777387 
-0.0063168 
-0.00483556 
-0.00333661 
-0.00182503 
-0.000301522 
0.00123655 
0.00279388 
0.00437903 
0.00600439 
0.00768339 
0.00942536 
0.0112248 
0.0130446 
0.0147975 
0.0163405 
0.0174904 
0.01806 
0.0178877 
0.0168992 
0.0150921 
0.0125494 
0.00941896 
0.00584169 
0.00200326 
-0.00200326 
0.00127894 
-0.00127894 
-0.00348374 
-0.0055545 
-0.00740889 
-0.00909434 
-0.0105708 
-0.0118706 
-0.0129947 
-0.0139717 
-0.0148185 
-0.0155601 
-0.0162161 
-0.016807 
-0.0173495 
-0.0178575 
-0.0183405 
-0.0188033 
-0.0192445 
-0.0196566 
-0.0200262 
-0.0203347 
-0.0205594 
-0.0206763 
-0.0206623 
-0.0204997 
-0.0201793 
-0.0197037 
-0.0190885 
-0.0183593 
-0.0175447 
-0.0166668 
-0.0157353 
-0.014746 
-0.0136988 
-0.0125935 
-0.0114262 
-0.0101926 
-0.00889286 
-0.00754563 
-0.00616225 
-0.00474872 
-0.00331445 
-0.00186368 
-0.00040086 
0.00107358 
0.00255923 
0.00405924 
0.00557984 
0.0071295 
0.00871663 
0.0103448 
0.0120036 
0.0136542 
0.0152151 
0.016557 
0.0175169 
0.0179284 
0.0176511 
0.0166141 
0.0148245 
0.012336 
0.00927678 
0.00576666 
0.00198211 
-0.00198211 
0.00130377 
-0.00130377 
-0.00357264 
-0.00570709 
-0.0076098 
-0.00932939 
-0.0108209 
-0.0121116 
-0.0131994 
-0.0141108 
-0.0148628 
-0.0154814 
-0.0159883 
-0.0164067 
-0.0167575 
-0.0170603 
-0.0173319 
-0.0175856 
-0.0178305 
-0.0180701 
-0.0183019 
-0.0185168 
-0.0186987 
-0.0188258 
-0.0188707 
-0.0188033 
-0.0185939 
-0.0182185 
-0.0176647 
-0.0169384 
-0.0160676 
-0.0150985 
-0.0140844 
-0.0130594 
-0.0120265 
-0.0109344 
-0.00977044 
-0.00855131 
-0.0072678 
-0.00593791 
-0.00457938 
-0.00319858 
-0.00180262 
-0.000393981 
0.00102351 
0.0024475 
0.00387643 
0.00531207 
0.00675779 
0.00821822 
0.00969714 
0.0111932 
0.0126926 
0.0141568 
0.0155117 
0.0166436 
0.0174104 
0.0176664 
0.0172905 
0.0162147 
0.0144477 
0.0120262 
0.00905714 
0.00564091 
0.00194336 
-0.00194336 
0.00134058 
-0.00134058 
-0.00370123 
-0.0059251 
-0.00791234 
-0.00969053 
-0.0112255 
-0.0125346 
-0.0136166 
-0.014495 
-0.0151874 
-0.0157205 
-0.0161177 
-0.0164035 
-0.0166005 
-0.0167298 
-0.0168107 
-0.0168603 
-0.016893 
-0.0169197 
-0.0169471 
-0.0169772 
-0.0170065 
-0.0170255 
-0.0170182 
-0.0169619 
-0.0168277 
-0.0165813 
-0.0161872 
-0.0156148 
-0.0148478 
-0.0138942 
-0.0127942 
-0.0116147 
-0.0104279 
-0.00927828 
-0.00813233 
-0.00692902 
-0.00563122 
-0.00430912 
-0.00298439 
-0.00163826 
-0.000282325 
0.00108545 
0.0024566 
0.00382845 
0.00519772 
0.00656393 
0.0079274 
0.00928916 
0.0106489 
0.0120016 
0.013331 
0.0146005 
0.0157444 
0.0166648 
0.0172401 
0.0173445 
0.0168736 
0.0157631 
0.0140176 
0.0116666 
0.00879506 
0.00548583 
0.00189427 
-0.00189427 
0.0013885 
-0.0013885 
-0.00386436 
-0.0062008 
-0.00829446 
-0.0101576 
-0.0117554 
-0.0131033 
-0.0141986 
-0.0150634 
-0.0157164 
-0.0161862 
-0.0164991 
-0.0166825 
-0.0167609 
-0.0167571 
-0.016691 
-0.0165805 
-0.0164404 
-0.0162833 
-0.0161186 
-0.0159526 
-0.0157885 
-0.0156259 
-0.0154605 
-0.0152835 
-0.0150806 
-0.0148304 
-0.0145038 
-0.0140636 
-0.013468 
-0.0126777 
-0.0116711 
-0.0104608 
-0.00912629 
-0.00777733 
-0.00656749 
-0.00534344 
-0.00405521 
-0.00273299 
-0.00141143 
-8.45539e-05 
0.00124419 
0.00257584 
0.00390375 
0.0052247 
0.00653377 
0.00782806 
0.00910502 
0.0103625 
0.0115969 
0.0128003 
0.0139553 
0.0150284 
0.0159626 
0.0166749 
0.0170632 
0.0170201 
0.0164558 
0.0153101 
0.013582 
0.0112941 
0.00851884 
0.00531894 
0.00184074 
-0.00184074 
0.00144624 
-0.00144624 
-0.00405768 
-0.00652642 
-0.00874443 
-0.0107143 
-0.0123913 
-0.0137934 
-0.0149135 
-0.0157745 
-0.0163955 
-0.0168079 
-0.0170425 
-0.017131 
-0.0171026 
-0.0169832 
-0.016795 
-0.0165569 
-0.0162843 
-0.0159894 
-0.0156813 
-0.0153661 
-0.0150473 
-0.0147261 
-0.0144015 
-0.0140709 
-0.01373 
-0.0133722 
-0.0129878 
-0.0125617 
-0.0120727 
-0.0114916 
-0.0107824 
-0.00990245 
-0.00881068 
-0.00748309 
-0.00595113 
-0.00428882 
-0.00264346 
-0.00114371 
0.000181018 
0.00149759 
0.00279963 
0.00409849 
0.00538599 
0.00665738 
0.00790594 
0.00912641 
0.0103138 
0.0114632 
0.0125685 
0.01362 
0.0146003 
0.0154791 
0.016208 
0.0167181 
0.0169249 
0.0167376 
0.0160795 
0.0148945 
0.0131766 
0.0109388 
0.00825104 
0.00515439 
0.00178767 
-0.00178767 
0.00151239 
-0.00151239 
-0.00427726 
-0.00689592 
-0.00925608 
-0.011349 
-0.0131246 
-0.0145924 
-0.0157481 
-0.0166114 
-0.0172027 
-0.0175561 
-0.0177075 
-0.0176951 
-0.0175538 
-0.0173152 
-0.0170055 
-0.0166461 
-0.0162541 
-0.0158422 
-0.0154196 
-0.0149919 
-0.0145616 
-0.0141286 
-0.0136906 
-0.0132439 
-0.0127837 
-0.0123048 
-0.0118012 
-0.0112655 
-0.0106869 
-0.0100496 
-0.00933184 
-0.00850224 
-0.00752017 
-0.00633341 
-0.00489833 
-0.00329026 
-0.00160372 
3.20928e-06 
0.00150585 
0.00293148 
0.0042934 
0.00561174 
0.00689019 
0.00812997 
0.00932747 
0.0104781 
0.0115766 
0.012617 
0.013592 
0.0144911 
0.015298 
0.0159862 
0.0165157 
0.0168299 
0.01686 
0.0165305 
0.0157761 
0.0145453 
0.0128277 
0.0106279 
0.00800831 
0.00500416 
0.00173893 
-0.00173893 
0.00158516 
-0.00158516 
-0.00451813 
-0.00730206 
-0.00982039 
-0.0120528 
-0.013944 
-0.0154918 
-0.0166944 
-0.0175665 
-0.0181302 
-0.0184214 
-0.018482 
-0.0183575 
-0.0180908 
-0.0177207 
-0.0172789 
-0.0167911 
-0.0162765 
-0.0157493 
-0.0152191 
-0.0146914 
-0.0141682 
-0.0136486 
-0.0131289 
-0.012604 
-0.0120669 
-0.0115104 
-0.0109268 
-0.0103078 
-0.0096443 
-0.00892462 
-0.00813465 
-0.00725806 
-0.00628306 
-0.0052064 
-0.00405009 
-0.00283438 
-0.00154359 
-3.14612e-05 
0.00176409 
0.00352526 
0.00520338 
0.00675495 
0.00818716 
0.0095082 
0.0107288 
0.0118554 
0.0128916 
0.0138373 
0.0146893 
0.0154404 
0.0160776 
0.0165799 
0.0169152 
0.0170388 
0.0168957 
0.016424 
0.0155689 
0.0142834 
0.0125546 
0.010379 
0.00780879 
0.00487664 
0.00169851 
-0.00169851 
0.00166221 
-0.00166221 
-0.00477384 
-0.00773535 
-0.0104257 
-0.0128138 
-0.0148366 
-0.0164824 
-0.0177423 
-0.0186313 
-0.0191705 
-0.019397 
-0.0193589 
-0.0191099 
-0.0187028 
-0.0181856 
-0.0175975 
-0.0169696 
-0.0163242 
-0.0156771 
-0.0150385 
-0.0144136 
-0.0138038 
-0.0132073 
-0.0126194 
-0.0120336 
-0.0114417 
-0.0108347 
-0.010203 
-0.00953691 
-0.00882649 
-0.00806115 
-0.00722977 
-0.00632024 
-0.00532167 
-0.00422504 
-0.00303047 
-0.00176641 
-0.000465723 
0.000973535 
0.00256738 
0.00425625 
0.0059686 
0.00763924 
0.00921686 
0.0106704 
0.0119855 
0.0131582 
0.0141903 
0.0150851 
0.0158449 
0.0164687 
0.0169507 
0.0172774 
0.0174267 
0.0173653 
0.0170515 
0.0164361 
0.0154743 
0.0141238 
0.0123713 
0.0102048 
0.00767133 
0.00478373 
0.00166959 
-0.00166959 
0.00174028 
-0.00174028 
-0.00503526 
-0.00818183 
-0.0110546 
-0.013612 
-0.0157817 
-0.0175419 
-0.0188727 
-0.0197891 
-0.0203094 
-0.020471 
-0.0203275 
-0.019942 
-0.0193788 
-0.0186973 
-0.0179469 
-0.0171652 
-0.0163791 
-0.0156061 
-0.0148567 
-0.0141356 
-0.013443 
-0.0127758 
-0.0121278 
-0.0114908 
-0.0108549 
-0.0102095 
-0.00954306 
-0.00884413 
-0.008101 
-0.00730192 
-0.00643539 
-0.00549051 
-0.00445956 
-0.00333816 
-0.00213023 
-0.000846631 
0.000510426 
0.00197032 
0.00347901 
0.00503827 
0.00667873 
0.00834779 
0.00999153 
0.0115504 
0.0129795 
0.014248 
0.0153393 
0.0162474 
0.0169721 
0.0175157 
0.0178789 
0.0180575 
0.0180404 
0.0178071 
0.0173295 
0.016571 
0.0154972 
0.0140718 
0.012282 
0.0101107 
0.00759649 
0.00474138 
0.00165373 
-0.00165373 
0.001815 
-0.001815 
-0.00528978 
-0.00862184 
-0.0116815 
-0.014418 
-0.0167481 
-0.0186379 
-0.0200569 
-0.0210122 
-0.021522 
-0.0216216 
-0.0213689 
-0.0208369 
-0.0201026 
-0.0192396 
-0.0183097 
-0.01736 
-0.0164226 
-0.0155175 
-0.0146551 
-0.0138393 
-0.0130685 
-0.0123376 
-0.0116383 
-0.0109604 
-0.0102919 
-0.00962019 
-0.00893192 
-0.00821378 
-0.00745245 
-0.00663506 
-0.00574948 
-0.00478503 
-0.00373313 
-0.00258891 
-0.00134907 
-2.40659e-05 
0.00137655 
0.00286394 
0.00442552 
0.00604068 
0.00768026 
0.00931154 
0.0109119 
0.0124493 
0.0138864 
0.015185 
0.0163125 
0.0172451 
0.0179686 
0.0184768 
0.0187681 
0.0188418 
0.0186947 
0.0183174 
0.0176946 
0.0168027 
0.0156182 
0.0141119 
0.0122737 
0.0100832 
0.00757254 
0.00473166 
0.0016564 
-0.0016564 
0.00188063 
-0.00188063 
-0.00552056 
-0.00902849 
-0.0122708 
-0.0151895 
-0.017689 
-0.0197217 
-0.0212455 
-0.0222543 
-0.022765 
-0.0228105 
-0.0224498 
-0.0217658 
-0.0208487 
-0.0197888 
-0.0186632 
-0.0175314 
-0.0164326 
-0.0153899 
-0.0144137 
-0.0135061 
-0.0126631 
-0.011877 
-0.0111366 
-0.010429 
-0.00973988 
-0.00905387 
-0.00835536 
-0.00762872 
-0.00685837 
-0.00602939 
-0.00512793 
-0.00414215 
-0.00306275 
-0.00188413 
-0.000604232 
0.000773686 
0.00223712 
0.00378904 
0.00539938 
0.00704538 
0.00869858 
0.0103232 
0.011901 
0.0134019 
0.0147988 
0.0160631 
0.017166 
0.0180811 
0.0187865 
0.0192666 
0.0195121 
0.0195182 
0.0192821 
0.0187997 
0.0180642 
0.0170623 
0.0157808 
0.0141982 
0.0123086 
0.0100908 
0.0075721 
0.00473308 
0.00166103 
-0.00166103 
0.00192991 
-0.00192991 
-0.00570591 
-0.0093664 
-0.0127748 
-0.015868 
-0.0185379 
-0.0207224 
-0.0223641 
-0.0234441 
-0.0239707 
-0.0239757 
-0.0235156 
-0.0226818 
-0.0215773 
-0.0203103 
-0.0189764 
-0.0176506 
-0.0163822 
-0.0151984 
-0.0141096 
-0.0131156 
-0.0122092 
-0.011379 
-0.0106104 
-0.00988733 
-0.00919218 
-0.00850694 
-0.0078132 
-0.00709277 
-0.00632748 
-0.00550006 
-0.0045945 
-0.0035972 
-0.00249694 
-0.00128595 
3.76089e-05 
0.00147736 
0.00301463 
0.00464667 
0.00634556 
0.00808158 
0.00981504 
0.011504 
0.0131068 
0.0145879 
0.0159237 
0.0170984 
0.0180989 
0.0189119 
0.0195236 
0.0199205 
0.0200906 
0.0200242 
0.019714 
0.0191534 
0.018337 
0.0172555 
0.0159017 
0.01426 
0.0123287 
0.0100875 
0.00756117 
0.00472462 
0.00165885 
-0.00165885 
0.00195412 
-0.00195412 
-0.00581918 
-0.00959143 
-0.0131324 
-0.0163776 
-0.0192068 
-0.0215435 
-0.0233122 
-0.0244812 
-0.0250389 
-0.0250231 
-0.0244814 
-0.0235116 
-0.0222269 
-0.0207531 
-0.0192059 
-0.0176798 
-0.0162376 
-0.0149128 
-0.0137163 
-0.0126449 
-0.0116871 
-0.0108271 
-0.0100461 
-0.00932413 
-0.00864002 
-0.00797244 
-0.00729987 
-0.00660112 
-0.00585499 
-0.00504142 
-0.00414167 
-0.00313977 
-0.00202175 
-0.000777799 
0.000596397 
0.0021042 
0.00373061 
0.00546533 
0.00727444 
0.00911963 
0.0109522 
0.0127194 
0.0143695 
0.0158584 
0.0171591 
0.0182547 
0.0191384 
0.0198084 
0.020266 
0.0205126 
0.0205467 
0.0203638 
0.0199566 
0.0193159 
0.0184324 
0.0172949 
0.0158956 
0.0142203 
0.0122688 
0.0100219 
0.00750287 
0.00468472 
0.00164362 
-0.00164362 
0.00194328 
-0.00194328 
-0.00582943 
-0.00965124 
-0.0132702 
-0.0166249 
-0.0195847 
-0.0220606 
-0.0239558 
-0.0252266 
-0.0258293 
-0.0258166 
-0.0252224 
-0.0241463 
-0.0227066 
-0.0210431 
-0.019292 
-0.0175697 
-0.0159571 
-0.0144974 
-0.0132031 
-0.0120679 
-0.0110753 
-0.010204 
-0.00943035 
-0.00872971 
-0.00807704 
-0.00744739 
-0.00681583 
-0.00615795 
-0.00544927 
-0.00466669 
-0.00378848 
-0.00279565 
-0.00167055 
-0.000400859 
0.00102299 
0.00260263 
0.00432694 
0.0061789 
0.00811984 
0.0101016 
0.0120643 
0.0139444 
0.0156796 
0.0172151 
0.0185066 
0.0195349 
0.0202983 
0.0208035 
0.0210662 
0.0211056 
0.0209394 
0.0205782 
0.0200247 
0.0192727 
0.0183112 
0.0171239 
0.0156978 
0.0140146 
0.012071 
0.00984692 
0.00736342 
0.0045937 
0.00160948 
-0.00160948 
0.00188666 
-0.00188666 
-0.00570273 
-0.00948741 
-0.0131042 
-0.0165005 
-0.0195385 
-0.0221188 
-0.0241234 
-0.0254915 
-0.026157 
-0.0261722 
-0.0255669 
-0.0244327 
-0.0228872 
-0.0210764 
-0.0191527 
-0.0172559 
-0.015489 
-0.0139097 
-0.012535 
-0.0113561 
-0.0103507 
-0.00949146 
-0.00874891 
-0.00809352 
-0.00749592 
-0.00692733 
-0.00635923 
-0.00576383 
-0.00511322 
-0.00438111 
-0.00354243 
-0.00257446 
-0.0014553 
-0.000169032 
0.00129911 
0.0029509 
0.00477651 
0.00675214 
0.00883098 
0.0109539 
0.0130502 
0.0150465 
0.0168714 
0.01846 
0.0197611 
0.0207398 
0.0214007 
0.0217521 
0.0218179 
0.0216332 
0.0212349 
0.0206543 
0.0199116 
0.0190126 
0.0179505 
0.0167074 
0.0152641 
0.013595 
0.0116898 
0.00952407 
0.00711443 
0.00443464 
0.00155127 
-0.00155127 
0.00177365 
-0.00177365 
-0.00540462 
-0.00903933 
-0.0125455 
-0.0158857 
-0.0189195 
-0.021542 
-0.023615 
-0.0250602 
-0.0257949 
-0.0258608 
-0.025295 
-0.0241708 
-0.0225972 
-0.0207134 
-0.01868 
-0.0166562 
-0.0147702 
-0.0131003 
-0.0116728 
-0.0104782 
-0.00948895 
-0.00867074 
-0.00798801 
-0.00740597 
-0.00689081 
-0.00640991 
-0.00593117 
-0.00542344 
-0.00485549 
-0.00419789 
-0.00342194 
-0.00250051 
-0.00140708 
-0.000121187 
0.00137569 
0.00308669 
0.00499903 
0.00708011 
0.00927322 
0.0115093 
0.0137106 
0.0157991 
0.0176997 
0.0193417 
0.020672 
0.0216258 
0.0222094 
0.0224307 
0.0223192 
0.0219231 
0.0212967 
0.0204913 
0.0195467 
0.0184851 
0.0173107 
0.0160088 
0.0145575 
0.0129243 
0.0110897 
0.00902268 
0.00673287 
0.0041935 
0.00146459 
-0.00146459 
0.00159474 
-0.00159474 
-0.0049036 
-0.00825018 
-0.0115082 
-0.0146622 
-0.0175754 
-0.020145 
-0.0222176 
-0.0236978 
-0.024492 
-0.0246228 
-0.0241506 
-0.0231213 
-0.0216254 
-0.0197793 
-0.0177369 
-0.0156682 
-0.0137256 
-0.0120135 
-0.0105741 
-0.00940201 
-0.00846538 
-0.00772349 
-0.00713434 
-0.00665791 
-0.00625609 
-0.00589263 
-0.00553211 
-0.00514024 
-0.00468287 
-0.00412755 
-0.00344186 
-0.00259389 
-0.00155258 
-0.000292761 
0.00120451 
0.00294213 
0.00489909 
0.00703078 
0.00927074 
0.011545 
0.0137764 
0.0158914 
0.0178178 
0.0194863 
0.0208338 
0.0217914 
0.0223314 
0.0224698 
0.0222321 
0.0216763 
0.0208707 
0.0198829 
0.0187708 
0.0175729 
0.0163068 
0.0149659 
0.0135301 
0.0119631 
0.0102379 
0.00831614 
0.00619901 
0.0038582 
0.0013455 
-0.0013455 
0.00134279 
-0.00134279 
-0.00417525 
-0.00707456 
-0.00992114 
-0.012728 
-0.0153694 
-0.0177571 
-0.019731 
-0.0211768 
-0.0219976 
-0.0221937 
-0.021868 
-0.0210285 
-0.0197382 
-0.0180734 
-0.0161629 
-0.0141712 
-0.0122685 
-0.0105875 
-0.00919457 
-0.00809503 
-0.00725649 
-0.00663291 
-0.00617634 
-0.00584192 
-0.00558773 
-0.00537449 
-0.00516393 
-0.00491924 
-0.00460403 
-0.00418328 
-0.00362098 
-0.00288076 
-0.00192775 
-0.000733733 
0.000715544 
0.00241684 
0.00433593 
0.00641476 
0.00858293 
0.0107715 
0.0129152 
0.0149554 
0.0168313 
0.0184807 
0.0198312 
0.0208181 
0.021355 
0.0214701 
0.0211774 
0.0205423 
0.0196435 
0.0185606 
0.017364 
0.0161045 
0.0148111 
0.0134867 
0.0121164 
0.0106644 
0.00909974 
0.00737892 
0.00549501 
0.00341812 
0.0011906 
-0.0011906 
0.00101389 
-0.00101389 
-0.00320641 
-0.00548746 
-0.00774145 
-0.0100156 
-0.0122005 
-0.014239 
-0.015982 
-0.0173017 
-0.018101 
-0.0183525 
-0.0182194 
-0.0176641 
-0.0167151 
-0.015395 
-0.0137884 
-0.0120342 
-0.0103047 
-0.00875787 
-0.00749037 
-0.00652722 
-0.00584163 
-0.00538513 
-0.00510507 
-0.00495266 
-0.00488314 
-0.00485515 
-0.00482847 
-0.00476466 
-0.00462625 
-0.00437639 
-0.00397623 
-0.00338614 
-0.00256922 
-0.00149884 
-0.000170654 
0.0013954 
0.00315049 
0.00502849 
0.00696681 
0.00891416 
0.0108286 
0.0126743 
0.0144074 
0.015976 
0.0173015 
0.0183257 
0.0189028 
0.0190623 
0.0187996 
0.0181846 
0.0173057 
0.0162493 
0.0150918 
0.0138891 
0.0126761 
0.0114625 
0.0102393 
0.00897511 
0.00763891 
0.0061864 
0.00460475 
0.00286405 
0.000997056 
-0.000997056 
0.000607847 
-0.000607847 
-0.00199826 
-0.00349171 
-0.00496831 
-0.00651492 
-0.00803813 
-0.00952763 
-0.0108672 
-0.0119508 
-0.0126736 
-0.0129689 
-0.0130718 
-0.012884 
-0.0123996 
-0.011584 
-0.0104641 
-0.00913214 
-0.00774095 
-0.00646138 
-0.00542109 
-0.00467334 
-0.00420535 
-0.00397113 
-0.0039157 
-0.00398804 
-0.00414206 
-0.00433572 
-0.00452809 
-0.0046805 
-0.004756 
-0.00471713 
-0.00452381 
-0.00413541 
-0.00351678 
-0.00264937 
-0.00154377 
-0.000245004 
0.00118598 
0.00269044 
0.00422839 
0.00577639 
0.00732239 
0.00885505 
0.0103491 
0.0117645 
0.0130256 
0.014079 
0.0147308 
0.0149838 
0.0148309 
0.0143424 
0.0136132 
0.0127289 
0.0117629 
0.0107669 
0.00977418 
0.00879633 
0.00782902 
0.00684705 
0.00582346 
0.00471815 
0.00351588 
0.00218984 
0.000763407 
-0.000763407 
0.000124147 
-0.000124147 
-0.000563028 
-0.00112474 
-0.00165584 
-0.00229611 
-0.00295494 
-0.00367936 
-0.00438511 
-0.00503738 
-0.0056608 
-0.00607895 
-0.00645034 
-0.00669006 
-0.00675513 
-0.00656939 
-0.00609886 
-0.00537313 
-0.00450096 
-0.00364461 
-0.00295447 
-0.00251621 
-0.00233985 
-0.0023886 
-0.00260896 
-0.00295018 
-0.00336694 
-0.00381853 
-0.00426496 
-0.00466915 
-0.00499681 
-0.0052117 
-0.00527505 
-0.00514894 
-0.00480567 
-0.00424172 
-0.00348819 
-0.00260641 
-0.00166138 
-0.0006909 
0.000295758 
0.00131065 
0.00237091 
0.00348161 
0.00463457 
0.00580233 
0.00692869 
0.00796675 
0.00873369 
0.00913442 
0.00916243 
0.00889283 
0.00843904 
0.00787875 
0.00726961 
0.00664577 
0.00602964 
0.00542896 
0.00484182 
0.00425012 
0.0036341 
0.00296306 
0.00222277 
0.00139391 
0.000490017 
-0.000490017 
-0.00043034 
0.00043034 
0.00106909 
0.00155145 
0.00208785 
0.00248788 
0.00283434 
0.00303348 
0.00312129 
0.00304326 
0.00264089 
0.00207123 
0.00141995 
0.000739382 
9.73856e-05 
-0.000409094 
-0.000694809 
-0.000723849 
-0.00054159 
-0.000273052 
-7.12881e-05 
-5.0011e-05 
-0.000247659 
-0.000643899 
-0.00119247 
-0.00184643 
-0.00256359 
-0.00330746 
-0.00404097 
-0.00473096 
-0.00534835 
-0.00586061 
-0.00623376 
-0.00643742 
-0.00645768 
-0.00631138 
-0.00604894 
-0.00573498 
-0.00541563 
-0.00509823 
-0.00476006 
-0.00436344 
-0.00387561 
-0.00328122 
-0.00257576 
-0.00177379 
-0.000905127 
-1.58684e-05 
0.000785626 
0.00134609 
0.00166949 
0.00178212 
0.00177978 
0.0017198 
0.00163856 
0.00154854 
0.00145793 
0.00136877 
0.00128134 
0.00118595 
0.00107283 
0.000925031 
0.000730965 
0.000485166 
0.000182962 
-0.000182962 
-0.00104034 
0.00104034 
0.00285834 
0.00447318 
0.00614124 
0.00764775 
0.0090375 
0.0101875 
0.0110514 
0.011506 
0.0114346 
0.0108895 
0.0100404 
0.00899957 
0.00784636 
0.00668625 
0.0056329 
0.00477646 
0.00414307 
0.00367179 
0.00323872 
0.00272186 
0.00205753 
0.00124427 
0.000315199 
-0.000691502 
-0.00174198 
-0.00280803 
-0.00385727 
-0.00486316 
-0.0058046 
-0.00665581 
-0.00739156 
-0.007994 
-0.00846758 
-0.00884933 
-0.00919915 
-0.00956855 
-0.00997126 
-0.0103797 
-0.010746 
-0.0110224 
-0.0111721 
-0.0111719 
-0.0110093 
-0.0106856 
-0.0102164 
-0.00963144 
-0.00898406 
-0.00828978 
-0.00755759 
-0.00686108 
-0.00620392 
-0.00557969 
-0.00497708 
-0.00439752 
-0.00384197 
-0.00331057 
-0.00279927 
-0.00230686 
-0.00183142 
-0.00137288 
-0.000940365 
-0.000519814 
-0.000149603 
0.000149603 
-0.00169303 
0.00169303 
0.00477303 
0.00758532 
0.0104008 
0.0130153 
0.0154143 
0.0174557 
0.0190201 
0.0199695 
0.0202349 
0.0198482 
0.0189451 
0.0176595 
0.0160973 
0.0143723 
0.0126106 
0.0109372 
0.00943995 
0.0081313 
0.00694382 
0.00577546 
0.00455199 
0.00325149 
0.00188999 
0.000493417 
-0.000917092 
-0.00232732 
-0.00371411 
-0.00505928 
-0.00635285 
-0.00757891 
-0.00872478 
-0.00978883 
-0.0107945 
-0.0117917 
-0.0128351 
-0.0139488 
-0.0151121 
-0.0162725 
-0.017371 
-0.0183561 
-0.019188 
-0.019838 
-0.0202849 
-0.0205152 
-0.0205174 
-0.0202771 
-0.0197404 
-0.0188644 
-0.0177162 
-0.0164079 
-0.0150344 
-0.0136553 
-0.0122979 
-0.0109792 
-0.00970784 
-0.00848512 
-0.00730337 
-0.00615103 
-0.00501498 
-0.00387967 
-0.00275081 
-0.00159921 
-0.000502314 
0.000502314 
-0.00238035 
0.00238035 
0.00679117 
0.0108448 
0.0147905 
0.0184647 
0.0217986 
0.02464 
0.0268387 
0.0282666 
0.0288831 
0.0287107 
0.0278427 
0.0264097 
0.0245295 
0.0223241 
0.0199279 
0.0174864 
0.0151323 
0.0129464 
0.0109313 
0.00902901 
0.00717425 
0.00533175 
0.00349828 
0.00168191 
-0.000107688 
-0.00187358 
-0.00361018 
-0.00530866 
-0.00697281 
-0.0085998 
-0.0101922 
-0.0117657 
-0.0133584 
-0.0150217 
-0.0167905 
-0.0186572 
-0.0205733 
-0.0224725 
-0.0242911 
-0.0259747 
-0.027478 
-0.0287618 
-0.0297902 
-0.0305262 
-0.0309233 
-0.0309199 
-0.0304121 
-0.0293754 
-0.0278979 
-0.0260957 
-0.0241054 
-0.0220365 
-0.0199589 
-0.0179126 
-0.0159178 
-0.0139796 
-0.0120897 
-0.0102302 
-0.00838036 
-0.00651563 
-0.0046385 
-0.00271863 
-0.000866387 
0.000866387 
-0.00309605 
0.00309605 
0.00889546 
0.0142206 
0.0192658 
0.023925 
0.0281027 
0.0316494 
0.0344175 
0.0362958 
0.0372508 
0.0373016 
0.0365159 
0.0350054 
0.0328828 
0.0302708 
0.0273088 
0.0241566 
0.0209806 
0.0179197 
0.0150479 
0.0123659 
0.00983484 
0.00741621 
0.00508939 
0.00284137 
0.00066571 
-0.0014575 
-0.00354256 
-0.00559648 
-0.0076367 
-0.00967668 
-0.011735 
-0.0138431 
-0.0160451 
-0.0183817 
-0.0208604 
-0.0234448 
-0.0260684 
-0.0286587 
-0.0311482 
-0.0334762 
-0.0355861 
-0.0374228 
-0.03893 
-0.0400464 
-0.0407007 
-0.0408189 
-0.0403122 
-0.0391754 
-0.0374819 
-0.0353407 
-0.0328961 
-0.0302794 
-0.0275897 
-0.02489 
-0.0222155 
-0.0195791 
-0.0169762 
-0.0143892 
-0.0117963 
-0.0091729 
-0.0065227 
-0.0038302 
-0.00122723 
0.00122723 
-0.00383134 
0.00383134 
0.0110605 
0.0176756 
0.023791 
0.0293579 
0.0342871 
0.038449 
0.041717 
0.0439982 
0.045262 
0.0455236 
0.0448297 
0.0432689 
0.0409412 
0.0379661 
0.0344868 
0.030675 
0.0267238 
0.02282 
0.019103 
0.0156367 
0.0124198 
0.00941979 
0.00660117 
0.00393002 
0.00137846 
-0.00108947 
-0.00350704 
-0.00590383 
-0.00831004 
-0.0107574 
-0.0132797 
-0.0159191 
-0.0187169 
-0.0216931 
-0.0248269 
-0.0280596 
-0.0313153 
-0.0345179 
-0.0375954 
-0.0404777 
-0.0430948 
-0.0453752 
-0.0472457 
-0.0486306 
-0.0494534 
-0.0496472 
-0.0491477 
-0.0479584 
-0.0461409 
-0.0437917 
-0.0410443 
-0.0380296 
-0.0348575 
-0.0316059 
-0.0283234 
-0.0250337 
-0.0217402 
-0.0184328 
-0.0150967 
-0.0117173 
-0.00830732 
-0.00487733 
-0.00156713 
0.00156713 
-0.00456977 
0.00456977 
0.0132372 
0.0211405 
0.0283017 
0.0347146 
0.0403185 
0.0450181 
0.0487171 
0.0513423 
0.0528659 
0.0532944 
0.0526584 
0.0510295 
0.0484947 
0.045169 
0.0411987 
0.0367672 
0.0320912 
0.0273977 
0.0228825 
0.0186692 
0.014797 
0.0112444 
0.0079637 
0.00490024 
0.00200353 
-0.00077851 
-0.00349775 
-0.00620833 
-0.00895295 
-0.0117818 
-0.0147417 
-0.0178798 
-0.0212256 
-0.0247741 
-0.0284785 
-0.0322652 
-0.0360542 
-0.0397675 
-0.0433288 
-0.04666 
-0.0496803 
-0.0523064 
-0.054455 
-0.0560442 
-0.0569993 
-0.0572633 
-0.0567894 
-0.0555864 
-0.053709 
-0.0512411 
-0.048299 
-0.0450024 
-0.0414589 
-0.0377523 
-0.0339404 
-0.0300579 
-0.0261203 
-0.0221307 
-0.0180889 
-0.0139984 
-0.00988911 
-0.00580007 
-0.0018671 
0.0018671 
-0.00527779 
0.00527779 
0.0153241 
0.0244636 
