0 
-0.00154135 
-0.00193676 
-0.000508065 
0.0020563 
0.00507316 
0.00839601 
0.0118206 
0.0152786 
0.018719 
0.0221293 
0.0255117 
0.0288786 
0.0322455 
0.0356277 
0.0390373 
0.042482 
0.0459641 
0.04948 
0.05302 
0.056569 
0.0601061 
0.0636057 
0.0670375 
0.0703681 
0.0735608 
0.0765774 
0.0793786 
0.0819249 
0.0841777 
0.0861003 
0.0876583 
0.0888216 
0.0895623 
0.0898618 
0.0897041 
0.0890759 
0.0879688 
0.0863791 
0.0843081 
0.0817625 
0.0787556 
0.0753083 
0.0714509 
0.0672243 
0.0626815 
0.0578884 
0.0529236 
0.0478778 
0.0428511 
0.0379498 
0.0332781 
0.028921 
0.024919 
0.0212554 
0.017883 
0.0147757 
0.0119474 
0.00942771 
0.00723118 
0.00535467 
0.00377853 
0.00247049 
0.00138189 
0.000439577 
0 
0.00154135 
-0.00154135 
-0.00193676 
-0.000508065 
0.0020563 
0.00507316 
0.00839601 
0.0118206 
0.0152786 
0.018719 
0.0221293 
0.0255117 
0.0288786 
0.0322455 
0.0356277 
0.0390373 
0.042482 
0.0459641 
0.04948 
0.05302 
0.056569 
0.0601061 
0.0636057 
0.0670375 
0.0703681 
0.0735608 
0.0765774 
0.0793786 
0.0819249 
0.0841777 
0.0861003 
0.0876583 
0.0888216 
0.0895623 
0.0898618 
0.0897041 
0.0890759 
0.0879688 
0.0863791 
0.0843081 
0.0817625 
0.0787556 
0.0753083 
0.0714509 
0.0672243 
0.0626815 
0.0578884 
0.0529236 
0.0478778 
0.0428511 
0.0379498 
0.0332781 
0.028921 
0.024919 
0.0212554 
0.017883 
0.0147757 
0.0119474 
0.00942771 
0.00723118 
0.00535467 
0.00377853 
0.00247049 
0.00138189 
0.000439577 
-0.000439577 
0.000205274 
-0.000205274 
0.00130169 
0.00299671 
0.00534385 
0.00806605 
0.0110332 
0.0140952 
0.0171874 
0.0202694 
0.0233326 
0.0263827 
0.029434 
0.032504 
0.0356086 
0.038761 
0.0419693 
0.0452359 
0.0485573 
0.051924 
0.0553202 
0.0587247 
0.0621113 
0.0654489 
0.0687032 
0.0718368 
0.0748106 
0.0775845 
0.0801187 
0.0823742 
0.0843142 
0.0859042 
0.0871143 
0.0879149 
0.0882798 
0.0881934 
0.0876417 
0.0866157 
0.0851116 
0.08313 
0.0806768 
0.0777642 
0.0744116 
0.0706475 
0.0665107 
0.0620526 
0.0573375 
0.0524432 
0.0474593 
0.0424845 
0.0376221 
0.0329709 
0.0286104 
0.0245816 
0.0208803 
0.0174805 
0.0143712 
0.0115647 
0.00907815 
0.00691637 
0.00507402 
0.0035362 
0.00227794 
0.00125482 
0.000394091 
-0.000394091 
-0.000904423 
0.000904423 
0.00265447 
0.00462139 
0.0068993 
0.00940111 
0.0120324 
0.0147058 
0.0173819 
0.0200442 
0.0226979 
0.0253587 
0.0280473 
0.0307842 
0.033587 
0.0364687 
0.0394368 
0.0424924 
0.0456303 
0.0488389 
0.0521006 
0.0553922 
0.0586851 
0.0619466 
0.0651404 
0.0682273 
0.0711667 
0.0739173 
0.0764379 
0.078689 
0.0806332 
0.0822365 
0.0834696 
0.0843081 
0.0847281 
0.084716 
0.0842592 
0.0833497 
0.081984 
0.0801622 
0.0778885 
0.0751718 
0.0720271 
0.0684772 
0.0645547 
0.0603047 
0.0557855 
0.0510701 
0.0462443 
0.0414041 
0.0366497 
0.0320764 
0.0277602 
0.0237429 
0.020031 
0.0166187 
0.0135123 
0.0107285 
0.00827999 
0.00616837 
0.00439417 
0.00294711 
0.00181061 
0.00094839 
0.000284875 
-0.000284875 
-0.000831241 
0.000831241 
0.00283293 
0.00503811 
0.00732478 
0.00965556 
0.011979 
0.014274 
0.0165384 
0.0187867 
0.0210424 
0.0233329 
0.0256844 
0.0281196 
0.0306556 
0.0333032 
0.036067 
0.0389453 
0.0419298 
0.0450063 
0.048155 
0.0513503 
0.0545619 
0.0577555 
0.0608931 
0.0639343 
0.0668374 
0.0695599 
0.0720598 
0.0742965 
0.0762321 
0.0778321 
0.079067 
0.0799138 
0.0803512 
0.0803694 
0.0799594 
0.0791172 
0.0778433 
0.0761411 
0.0740169 
0.0714796 
0.0685419 
0.0652219 
0.0615454 
0.0575487 
0.0532814 
0.048808 
0.0442072 
0.039569 
0.0349891 
0.0305582 
0.0263478 
0.0223985 
0.0187253 
0.0153404 
0.0122683 
0.00953133 
0.00714006 
0.0050963 
0.00340572 
0.00207464 
0.00110557 
0.000471557 
0.000109425 
-0.000109425 
-0.00084608 
0.00084608 
0.00292573 
0.00512423 
0.0072528 
0.00931771 
0.0112941 
0.0132065 
0.0150788 
0.016948 
0.0188497 
0.0208182 
0.022881 
0.0250592 
0.0273664 
0.0298099 
0.0323904 
0.0351032 
0.0379377 
0.0408783 
0.0439038 
0.046988 
0.0501001 
0.0532052 
0.0562651 
0.059239 
0.0620848 
0.0647596 
0.0672209 
0.0694275 
0.0713408 
0.0729257 
0.0741519 
0.0749968 
0.0754383 
0.0754693 
0.0750837 
0.0742816 
0.0730681 
0.0714512 
0.0694412 
0.0670498 
0.0642904 
0.0611794 
0.0577382 
0.0539963 
0.0499946 
0.0457884 
0.0414474 
0.037054 
0.0326967 
0.0284592 
0.0244054 
0.0205716 
0.0169786 
0.0136557 
0.0106426 
0.00796456 
0.00563079 
0.00364644 
0.00203953 
0.000847741 
9.31758e-05 
-0.000233971 
-0.000158537 
0.000158537 
-0.000760185 
0.000760185 
0.00274796 
0.00482277 
0.00673003 
0.00851172 
0.0101596 
0.0117309 
0.0132661 
0.0148167 
0.0164242 
0.0181242 
0.0199419 
0.0218944 
0.0239911 
0.0262355 
0.0286262 
0.0311572 
0.0338177 
0.0365924 
0.0394608 
0.0423978 
0.0453734 
0.0483534 
0.0513003 
0.0541741 
0.0569329 
0.0595341 
0.0619351 
0.0640944 
0.0659725 
0.0675334 
0.0687454 
0.0695856 
0.0700284 
0.0700692 
0.069704 
0.0689359 
0.067774 
0.0662306 
0.0643198 
0.0620565 
0.0594564 
0.0565359 
0.0533144 
0.0498171 
0.0460787 
0.0421464 
0.0380818 
0.0339587 
0.029857 
0.0258504 
0.0219917 
0.0183097 
0.0148305 
0.0115987 
0.00866344 
0.00604743 
0.00375899 
0.00182391 
0.000310635 
-0.000723449 
-0.00124084 
-0.00118509 
-0.000522716 
0.000522716 
-0.0006887 
0.0006887 
0.00250343 
0.00434938 
0.00597127 
0.00745028 
0.00878683 
0.010057 
0.0113057 
0.0125897 
0.0139487 
0.0154152 
0.0170094 
0.0187437 
0.0206242 
0.0226528 
0.0248277 
0.0271438 
0.0295921 
0.0321592 
0.0348271 
0.0375725 
0.0403675 
0.0431796 
0.0459728 
0.0487084 
0.0513456 
0.0538427 
0.0561574 
0.0582481 
0.0600745 
0.0615997 
0.0627907 
0.0636239 
0.0640713 
0.0641298 
0.0637962 
0.0630755 
0.0619789 
0.0605209 
0.058718 
0.0565872 
0.0541461 
0.051412 
0.048404 
0.0451456 
0.0416674 
0.0380116 
0.0342329 
0.0303973 
0.0265747 
0.0228259 
0.0191889 
0.0156838 
0.0123423 
0.00922156 
0.00637082 
0.00380548 
0.00154222 
-0.000343257 
-0.00176947 
-0.00266905 
-0.00291452 
-0.00234906 
-0.000948856 
0.000948856 
-0.000580153 
0.000580153 
0.00214971 
0.00371829 
0.00504172 
0.00623433 
0.00729556 
0.00831004 
0.00931841 
0.0103761 
0.0115166 
0.012767 
0.014142 
0.0156508 
0.0172981 
0.0190859 
0.0210139 
0.0230794 
0.0252762 
0.0275942 
0.0300184 
0.0325285 
0.0350994 
0.037701 
0.0402997 
0.0428587 
0.0453392 
0.0477011 
0.049903 
0.0519035 
0.0536621 
0.0551406 
0.0563049 
0.0571296 
0.0575839 
0.0576665 
0.0573753 
0.0567173 
0.0557051 
0.0543537 
0.0526796 
0.0507002 
0.0484328 
0.0458953 
0.043107 
0.0400908 
0.036876 
0.0335018 
0.0300184 
0.0264845 
0.022959 
0.0194866 
0.0160878 
0.0127749 
0.00958754 
0.00658833 
0.00381742 
0.00127972 
-0.000958494 
-0.00281718 
-0.00418972 
-0.00491142 
-0.00474132 
-0.00349311 
-0.00133719 
0.00133719 
-0.000469531 
0.000469531 
0.00176107 
0.00302277 
0.00404797 
0.00497157 
0.00578719 
0.00657931 
0.00737828 
0.0082337 
0.00916996 
0.0102086 
0.0113597 
0.0126309 
0.0140265 
0.0155499 
0.0172033 
0.0189868 
0.0208977 
0.0229294 
0.0250707 
0.027305 
0.0296107 
0.0319609 
0.0343249 
0.0366688 
0.0389564 
0.0411499 
0.0432095 
0.0450946 
0.0467646 
0.0481809 
0.0493084 
0.0501201 
0.0505846 
0.0507011 
0.0504691 
0.0498963 
0.0489947 
0.0477779 
0.0462608 
0.044459 
0.0423886 
0.0400669 
0.0375131 
0.0347507 
0.0318094 
0.0287275 
0.025552 
0.0223347 
0.0191215 
0.0159379 
0.0127863 
0.00967528 
0.00665264 
0.00377789 
0.00106923 
-0.00144254 
-0.00367494 
-0.00551885 
-0.00675558 
-0.00711234 
-0.00630168 
-0.0043545 
-0.00160456 
0.00160456 
-0.000348779 
0.000348779 
0.00134275 
0.00229227 
0.00303688 
0.00371467 
0.00431255 
0.00490804 
0.0055189 
0.00618629 
0.00692523 
0.00775226 
0.00867425 
0.009698 
0.0108284 
0.0120706 
0.013429 
0.0149066 
0.0165042 
0.0182192 
0.0200445 
0.0219678 
0.0239716 
0.026033 
0.028125 
0.0302172 
0.0322768 
0.0342688 
0.036156 
0.0378992 
0.0394585 
0.0407954 
0.0418749 
0.0426681 
0.0431433 
0.0433022 
0.0431458 
0.0426816 
0.0419188 
0.0408674 
0.039538 
0.0379428 
0.0360956 
0.0340125 
0.031713 
0.0292218 
0.0265701 
0.0237964 
0.0209454 
0.0180608 
0.0151728 
0.0122852 
0.00938473 
0.00648226 
0.00363157 
0.000873573 
-0.00177928 
-0.00427517 
-0.00649171 
-0.00821215 
-0.00909492 
-0.00885236 
-0.0073344 
-0.00487887 
-0.0017544 
0.0017544 
-0.000229291 
0.000229291 
0.000924522 
0.00156778 
0.00205284 
0.0025037 
0.0029046 
0.00332023 
0.00375635 
0.00424409 
0.00478994 
0.00540623 
0.00609732 
0.0068697 
0.00772877 
0.00868093 
0.00973246 
0.010889 
0.0121546 
0.0135304 
0.0150139 
0.0165975 
0.0182684 
0.0200087 
0.0217956 
0.0236029 
0.0254013 
0.0271594 
0.0288434 
0.0304165 
0.0318396 
0.0330752 
0.0340896 
0.0348542 
0.0353431 
0.0355589 
0.0355021 
0.0351752 
0.0345815 
0.033725 
0.0326115 
0.0312492 
0.0296494 
0.0278272 
0.0258029 
0.0236031 
0.0212609 
0.0188158 
0.016309 
0.0137739 
0.0112209 
0.00863168 
0.00598398 
0.00329658 
0.00062026 
-0.00202983 
-0.00463538 
-0.00709408 
-0.00918772 
-0.0105732 
-0.0108842 
-0.00995741 
-0.0079013 
-0.0051461 
-0.00182487 
0.00182487 
-0.000110442 
0.000110442 
0.000514439 
0.000866764 
0.00111472 
0.0013555 
0.00157597 
0.00182366 
0.00209503 
0.00241003 
0.00276838 
0.00317834 
0.00364237 
0.00416639 
0.00475587 
0.00541789 
0.00615993 
0.00698962 
0.00791382 
0.00893741 
0.0100621 
0.0112856 
0.0126005 
0.0139945 
0.01545 
0.0169449 
0.0184543 
0.0199503 
0.0214032 
0.0227804 
0.0240447 
0.0251595 
0.0260924 
0.0268189 
0.027328 
0.0276185 
0.0276846 
0.0275197 
0.0271185 
0.0264787 
0.0256011 
0.0244905 
0.0231565 
0.021614 
0.0198846 
0.0179972 
0.0159872 
0.0138937 
0.0117522 
0.00958118 
0.00736833 
0.00507623 
0.00268333 
0.000218731 
-0.00228983 
-0.00484525 
-0.00738611 
-0.00972093 
-0.0115157 
-0.0123704 
-0.0120275 
-0.0105158 
-0.0081489 
-0.00523235 
-0.0018413 
0.0018413 
5.06632e-06 
-5.06632e-06 
0.000122727 
0.000204012 
0.000234589 
0.00027945 
0.000331925 
0.000420401 
0.000535355 
0.000684985 
0.000864063 
0.00107643 
0.00132295 
0.00160834 
0.00193768 
0.00231787 
0.00275695 
0.00326375 
0.00384732 
0.00451569 
0.00527487 
0.0061278 
0.00707321 
0.00810471 
0.00921061 
0.010374 
0.0115739 
0.0127866 
0.0139868 
0.0151481 
0.0162375 
0.0172213 
0.018066 
0.0187578 
0.019302 
0.0196819 
0.0198827 
0.0198882 
0.0196866 
0.01927 
0.0186356 
0.0177857 
0.0167286 
0.0154801 
0.0140635 
0.01251 
0.0108563 
0.00913821 
0.00738123 
0.00558395 
0.00370971 
0.0017124 
-0.000420155 
-0.0026631 
-0.00501957 
-0.00747515 
-0.00989081 
-0.0119697 
-0.0133043 
-0.0135463 
-0.0126161 
-0.0107078 
-0.00817261 
-0.00519161 
-0.0018176 
0.0018176 
0.000122957 
-0.000122957 
-0.000252259 
-0.000414631 
-0.000583705 
-0.000720883 
-0.000826568 
-0.000890261 
-0.000924264 
-0.000931721 
-0.000921083 
-0.000893526 
-0.000849773 
-0.000787109 
-0.00070143 
-0.00058673 
-0.00043523 
-0.000237732 
1.62228e-05 
0.000337251 
0.000735407 
0.00121877 
0.00179209 
0.00245541 
0.00320347 
0.00402521 
0.00490488 
0.00582292 
0.00675873 
0.00769255 
0.00860034 
0.00945933 
0.0102333 
0.0109086 
0.0114914 
0.011955 
0.0122803 
0.0124456 
0.0124341 
0.012234 
0.0118394 
0.0112509 
0.0104768 
0.0095336 
0.00844684 
0.00724895 
0.00597512 
0.00465322 
0.00329389 
0.00187255 
0.000332454 
-0.00137309 
-0.00324275 
-0.00527606 
-0.00748748 
-0.00980736 
-0.0120055 
-0.0137018 
-0.0144942 
-0.0141615 
-0.0127899 
-0.0106459 
-0.0080266 
-0.00505531 
-0.00176237 
0.00176237 
0.000243077 
-0.000243077 
-0.000608206 
-0.000986628 
-0.00134071 
-0.00164734 
-0.00190349 
-0.00211211 
-0.0022874 
-0.00244177 
-0.00258644 
-0.00272758 
-0.00286791 
-0.0030073 
-0.0031432 
-0.00327112 
-0.0033842 
-0.00347352 
-0.00352803 
-0.00353511 
-0.00348135 
-0.00335413 
-0.00314303 
-0.00284148 
-0.00244793 
-0.00196679 
-0.0014078 
-0.00078534 
-0.000116447 
0.000584661 
0.00130192 
0.00203058 
0.00274425 
0.00342155 
0.00404403 
0.00458135 
0.00501499 
0.00532253 
0.00548458 
0.00548777 
0.00532432 
0.00499445 
0.00450696 
0.00388005 
0.00314044 
0.00231995 
0.00144802 
0.000539117 
-0.00041971 
-0.00147628 
-0.00269337 
-0.00410511 
-0.00571788 
-0.00755342 
-0.00960435 
-0.0117282 
-0.013614 
-0.0148515 
-0.0151125 
-0.0143188 
-0.0126598 
-0.0103927 
-0.00774777 
-0.0048438 
-0.00168145 
0.00168145 
0.000358279 
-0.000358279 
-0.000939751 
-0.00151492 
-0.00204205 
-0.00250779 
-0.00290709 
-0.00325223 
-0.00355926 
-0.0038478 
-0.00413201 
-0.0044227 
-0.00472507 
-0.00504192 
-0.00537279 
-0.0057153 
-0.0060641 
-0.0064112 
-0.00674548 
-0.00705318 
-0.00731838 
-0.00752448 
-0.00765569 
-0.00769899 
-0.00764578 
-0.00749316 
-0.00724399 
-0.00690629 
-0.00649214 
-0.00601184 
-0.00547756 
-0.00488913 
-0.00426112 
-0.00360828 
-0.00296104 
-0.00236314 
-0.00183406 
-0.00139753 
-0.00107404 
-0.000877218 
-0.000814782 
-0.000885454 
-0.00107887 
-0.00137546 
-0.0017491 
-0.00217292 
-0.00262977 
-0.00312437 
-0.00369514 
-0.00440399 
-0.00530508 
-0.0064257 
-0.00779068 
-0.00942667 
-0.0112805 
-0.0131397 
-0.0146463 
-0.015417 
-0.0152286 
-0.0141144 
-0.0122915 
-0.00997982 
-0.00735515 
-0.00456695 
-0.00157784 
0.00157784 
0.000466026 
-0.000466026 
-0.00124611 
-0.00200287 
-0.00269233 
-0.0033081 
-0.00384332 
-0.00431653 
-0.00474498 
-0.00515384 
-0.00556021 
-0.00597916 
-0.00641873 
-0.00688476 
-0.00737929 
-0.0079024 
-0.00845095 
-0.00901874 
-0.00959569 
-0.010168 
-0.0107184 
-0.0112272 
-0.0116738 
-0.0120392 
-0.0123072 
-0.012467 
-0.0125136 
-0.0124476 
-0.0122742 
-0.0119993 
-0.0116321 
-0.0111756 
-0.0106429 
-0.0100492 
-0.00941013 
-0.00877932 
-0.00817622 
-0.00762768 
-0.00715433 
-0.00676989 
-0.00648125 
-0.00628598 
-0.00617296 
-0.00612375 
-0.00611715 
-0.00613717 
-0.0061843 
-0.0062841 
-0.00649085 
-0.0068662 
-0.007455 
-0.00829004 
-0.00941132 
-0.0108286 
-0.012436 
-0.0139724 
-0.015076 
-0.0154308 
-0.014912 
-0.0136113 
-0.0117169 
-0.00941181 
-0.00685362 
-0.00422615 
-0.00145214 
0.00145214 
0.000565544 
-0.000565544 
-0.00152766 
-0.00245252 
-0.00329417 
-0.0040517 
-0.00471598 
-0.00530929 
-0.00584921 
-0.0063649 
-0.00687607 
-0.00740171 
-0.0079528 
-0.00853822 
-0.00916268 
-0.00982898 
-0.0105366 
-0.0112818 
-0.0120565 
-0.0128481 
-0.0136394 
-0.0144092 
-0.0151335 
-0.0157879 
-0.0163494 
-0.0167991 
-0.0171237 
-0.017316 
-0.0173742 
-0.0173001 
-0.0170993 
-0.0167753 
-0.01634 
-0.0158126 
-0.0151991 
-0.0145542 
-0.0138949 
-0.013249 
-0.012636 
-0.0120692 
-0.0115546 
-0.0110897 
-0.0106648 
-0.0102662 
-0.0098823 
-0.00951188 
-0.00917334 
-0.00890776 
-0.00877377 
-0.00882658 
-0.00910894 
-0.00966483 
-0.0105356 
-0.0117003 
-0.0130102 
-0.0141872 
-0.0149047 
-0.0149292 
-0.0142041 
-0.0128265 
-0.0109214 
-0.00867124 
-0.0062327 
-0.00381523 
-0.00130246 
0.00130246 
0.000656702 
-0.000656702 
-0.0017848 
-0.00286465 
-0.00384835 
-0.00473963 
-0.00552646 
-0.00623285 
-0.00687553 
-0.00748606 
-0.00808619 
-0.00869822 
-0.00933601 
-0.0100114 
-0.0107317 
-0.0115026 
-0.0123263 
-0.0132019 
-0.0141243 
-0.0150833 
-0.0160631 
-0.0170429 
-0.017997 
-0.0188975 
-0.0197157 
-0.0204254 
-0.0210047 
-0.0214383 
-0.0217167 
-0.0218366 
-0.0217997 
-0.0216094 
-0.0212763 
-0.0208203 
-0.020241 
-0.0195928 
-0.0188886 
-0.0181551 
-0.0174103 
-0.0166666 
-0.0159297 
-0.0151988 
-0.0144685 
-0.0137334 
-0.0129937 
-0.0122633 
-0.0115742 
-0.0109748 
-0.0105211 
-0.0102635 
-0.0102492 
-0.0105285 
-0.0111298 
-0.0119999 
-0.012968 
-0.0137713 
-0.0141437 
-0.0139303 
-0.0131076 
-0.0117392 
-0.00986557 
-0.00772676 
-0.00547339 
-0.00332342 
-0.00112555 
0.00112555 
0.000739351 
-0.000739351 
-0.00201718 
-0.00323844 
-0.00435336 
-0.0053701 
-0.00627313 
-0.00708661 
-0.0078251 
-0.00852092 
-0.00919691 
-0.00987787 
-0.0105803 
-0.0113186 
-0.0121028 
-0.012941 
-0.0138383 
-0.0147969 
-0.0158149 
-0.0168853 
-0.0179953 
-0.0191261 
-0.0202527 
-0.0213456 
-0.0223729 
-0.0233023 
-0.0241046 
-0.0247559 
-0.025239 
-0.0255435 
-0.0256663 
-0.0256083 
-0.0253782 
-0.0249953 
-0.0244553 
-0.0238098 
-0.0230684 
-0.0222557 
-0.0213875 
-0.0204761 
-0.0195282 
-0.0185464 
-0.017532 
-0.0164891 
-0.0154301 
-0.0143805 
-0.0133798 
-0.0124775 
-0.0117258 
-0.0111744 
-0.0108747 
-0.0108734 
-0.0111775 
-0.0117106 
-0.0123032 
-0.0127329 
-0.0128053 
-0.0124311 
-0.0115917 
-0.0102971 
-0.00849194 
-0.00653887 
-0.00455289 
-0.00273844 
-0.000917861 
0.000917861 
0.000813146 
-0.000813146 
-0.00222359 
-0.00357142 
-0.0048054 
-0.00593826 
-0.00695078 
-0.00786608 
-0.00869526 
-0.00946972 
-0.0102121 
-0.0109486 
-0.0116977 
-0.0124762 
-0.0132964 
-0.0141686 
-0.0151006 
-0.0160974 
-0.0171604 
-0.0182864 
-0.0194663 
-0.0206849 
-0.0219198 
-0.0231428 
-0.0243207 
-0.0254183 
-0.0264006 
-0.0272363 
-0.0278997 
-0.028373 
-0.0286463 
-0.028716 
-0.0285875 
-0.0282778 
-0.0277796 
-0.0271415 
-0.02637 
-0.0254875 
-0.0245084 
-0.0234453 
-0.0223073 
-0.0211019 
-0.0198376 
-0.0185277 
-0.0171943 
-0.0158699 
-0.0145971 
-0.0134238 
-0.0124 
-0.011576 
-0.0110015 
-0.0107102 
-0.0106874 
-0.010847 
-0.0110402 
-0.0110997 
-0.0109027 
-0.0104128 
-0.00960751 
-0.00843912 
-0.00674907 
-0.00507555 
-0.00345433 
-0.00205152 
-0.000677221 
0.000677221 
0.000877473 
-0.000877473 
-0.00240196 
-0.00385964 
-0.00519843 
-0.00643621 
-0.00755027 
-0.00856204 
-0.00947811 
-0.0103273 
-0.0111306 
-0.0119142 
-0.0126977 
-0.0134994 
-0.0143336 
-0.0152126 
-0.0161463 
-0.0171423 
-0.0182051 
-0.0193351 
-0.0205274 
-0.0217709 
-0.0230477 
-0.0243328 
-0.025595 
-0.0267986 
-0.0279058 
-0.0288801 
-0.0296887 
-0.0303056 
-0.0307132 
-0.0309012 
-0.0308701 
-0.0306323 
-0.0301788 
-0.0295535 
-0.0287611 
-0.0278219 
-0.0267499 
-0.0255587 
-0.0242605 
-0.022868 
-0.0213964 
-0.0198664 
-0.0183065 
-0.0167529 
-0.0152485 
-0.01384 
-0.0125755 
-0.0115031 
-0.0106636 
-0.0100725 
-0.00969869 
-0.00945926 
-0.00923853 
-0.00892835 
-0.00846947 
-0.00786781 
-0.00710952 
-0.00608644 
-0.0046016 
-0.0033222 
-0.00217361 
-0.0012619 
-0.000404228 
0.000404228 
0.000931509 
-0.000931509 
-0.00254965 
-0.00409814 
-0.00552475 
-0.00685344 
-0.00805872 
-0.00916028 
-0.0101595 
-0.0110815 
-0.0119437 
-0.0127711 
-0.0135826 
-0.0143977 
-0.0152314 
-0.0160977 
-0.0170083 
-0.017973 
-0.0189987 
-0.0200893 
-0.0212438 
-0.0224555 
-0.0237114 
-0.0249912 
-0.0262681 
-0.0275088 
-0.0286761 
-0.0297312 
-0.0306368 
-0.0313603 
-0.031876 
-0.0321662 
-0.0322241 
-0.0320557 
-0.0316499 
-0.0310444 
-0.0302431 
-0.0292645 
-0.0281228 
-0.0268331 
-0.0254108 
-0.0238732 
-0.0222409 
-0.0205399 
-0.0188024 
-0.0170663 
-0.0153742 
-0.013771 
-0.0123017 
-0.0110071 
-0.00991368 
-0.00901911 
-0.00828318 
-0.00763514 
-0.00699643 
-0.00631113 
-0.00557161 
-0.00481676 
-0.00408357 
-0.00316415 
-0.00206908 
-0.00130542 
-0.00073233 
-0.000383538 
-0.000104531 
0.000104531 
0.000974353 
-0.000974353 
-0.00266388 
-0.00428169 
-0.00577605 
-0.00717809 
-0.00846066 
-0.00964235 
-0.0107195 
-0.0117123 
-0.0126338 
-0.0135056 
-0.014345 
-0.0151706 
-0.0159978 
-0.0168412 
-0.0177136 
-0.0186265 
-0.0195891 
-0.0206079 
-0.0216854 
-0.0228193 
-0.0240011 
-0.025216 
-0.0264423 
-0.0276517 
-0.0288103 
-0.0298806 
-0.0308243 
-0.0316045 
-0.0321898 
-0.0325551 
-0.0326857 
-0.0325797 
-0.0322231 
-0.0316453 
-0.0308493 
-0.0298517 
-0.0286671 
-0.0273121 
-0.0258049 
-0.0241665 
-0.0224214 
-0.0205992 
-0.018734 
-0.0168645 
-0.0150319 
-0.0132781 
-0.0116421 
-0.0101532 
-0.00882223 
-0.0076326 
-0.00654227 
-0.00549712 
-0.00445479 
-0.00340347 
-0.00236502 
-0.00138513 
-0.000559053 
0.000297978 
0.000731068 
0.000895038 
0.000819049 
0.000552519 
0.000210353 
-0.000210353 
0.00100523 
-0.00100523 
-0.00274246 
-0.00440605 
-0.00594522 
-0.00739914 
-0.00874048 
-0.00998799 
-0.0111336 
-0.0121931 
-0.0131737 
-0.0140928 
-0.0149642 
-0.0158043 
-0.0166272 
-0.017447 
-0.0182769 
-0.0191292 
-0.0200146 
-0.0209421 
-0.021917 
-0.0229408 
-0.0240094 
-0.0251131 
-0.0262354 
-0.0273538 
-0.0284398 
-0.02946 
-0.0303782 
-0.0311575 
-0.0317634 
-0.0321657 
-0.032343 
-0.0322843 
-0.0319726 
-0.0314266 
-0.0306483 
-0.0296517 
-0.0284513 
-0.0270648 
-0.0255123 
-0.0238173 
-0.0220073 
-0.0201135 
-0.0181712 
-0.0162183 
-0.0142936 
-0.012434 
-0.0106694 
-0.00901671 
-0.0074729 
-0.00601295 
-0.00459893 
-0.00319848 
-0.00179658 
-0.000397588 
0.000947046 
0.00215567 
0.00313472 
0.00374837 
0.0035858 
0.00312518 
0.00239967 
0.0014988 
0.000525581 
-0.000525581 
0.00102377 
-0.00102377 
-0.00278464 
-0.00446956 
-0.00602868 
-0.00750968 
-0.00888648 
-0.0101797 
-0.0113785 
-0.0124948 
-0.0135306 
-0.0144984 
-0.0154072 
-0.0162698 
-0.0170973 
-0.0179021 
-0.0186959 
-0.0194908 
-0.0202981 
-0.0211282 
-0.0219892 
-0.0228858 
-0.023818 
-0.0247806 
-0.0257623 
-0.0267462 
-0.0277092 
-0.0286238 
-0.0294582 
-0.0301786 
-0.030751 
-0.0311438 
-0.0313308 
-0.0312947 
-0.0310148 
-0.0304986 
-0.0297454 
-0.0287662 
-0.0275742 
-0.0261873 
-0.0246267 
-0.0229173 
-0.0210877 
-0.0191701 
-0.0171991 
-0.0152108 
-0.0132399 
-0.0113162 
-0.00946022 
-0.00767714 
-0.00595471 
-0.00426526 
-0.00258169 
-0.000883923 
0.000833038 
0.00254477 
0.00414663 
0.00550776 
0.00648878 
0.00679034 
0.00621843 
0.0052121 
0.00389598 
0.00239635 
0.00082385 
-0.00082385 
0.0010301 
-0.0010301 
-0.0027919 
-0.00447478 
-0.00602918 
-0.0075109 
-0.00889626 
-0.0102094 
-0.0114387 
-0.0125942 
-0.013674 
-0.0146857 
-0.0156337 
-0.0165262 
-0.0173703 
-0.0181746 
-0.0189479 
-0.0197 
-0.0204413 
-0.0211823 
-0.0219326 
-0.0226998 
-0.0234879 
-0.0242961 
-0.025118 
-0.0259418 
-0.02675 
-0.0275205 
-0.0282273 
-0.0288414 
-0.0293324 
-0.0296701 
-0.0298274 
-0.0297822 
-0.0295118 
-0.0290137 
-0.0282845 
-0.027331 
-0.0261649 
-0.0248026 
-0.0232651 
-0.0215775 
-0.0197682 
-0.0178685 
-0.0159115 
-0.0139295 
-0.0119519 
-0.0100011 
-0.00808853 
-0.00621115 
-0.00435175 
-0.00248599 
-0.000593173 
0.00134973 
0.00332788 
0.00527012 
0.00702708 
0.00843465 
0.00930203 
0.00933864 
0.00844879 
0.0070141 
0.00520831 
0.00319084 
0.00108878 
-0.00108878 
0.00102535 
-0.00102535 
-0.00276892 
-0.00443008 
-0.00595835 
-0.00741616 
-0.0087826 
-0.0100865 
-0.0113175 
-0.0124862 
-0.0135887 
-0.0146297 
-0.0156097 
-0.0165328 
-0.0174014 
-0.0182198 
-0.0189922 
-0.0197242 
-0.0204228 
-0.0210964 
-0.0217542 
-0.0224052 
-0.0230566 
-0.0237122 
-0.0243709 
-0.0250262 
-0.0256659 
-0.0262731 
-0.0268269 
-0.0273034 
-0.027677 
-0.0279214 
-0.0280111 
-0.0279239 
-0.0276371 
-0.0271402 
-0.0264271 
-0.0255006 
-0.0243695 
-0.0230485 
-0.0215569 
-0.0199185 
-0.0181602 
-0.0163112 
-0.0144012 
-0.012458 
-0.0105051 
-0.00855796 
-0.00662106 
-0.0046863 
-0.00273582 
-0.000748614 
0.00130132 
0.00342479 
0.00557793 
0.0076526 
0.00946837 
0.0108355 
0.0115328 
0.011342 
0.010214 
0.00846272 
0.00628083 
0.00384809 
0.00130937 
-0.00130937 
0.00101052 
-0.00101052 
-0.00272343 
-0.00435023 
-0.00583797 
-0.00725338 
-0.00857768 
-0.00984446 
-0.0110464 
-0.0121965 
-0.0132914 
-0.0143356 
-0.0153277 
-0.0162691 
-0.0171591 
-0.0179975 
-0.0187837 
-0.0195181 
-0.0202022 
-0.0208395 
-0.0214355 
-0.0219979 
-0.0225349 
-0.023054 
-0.0235593 
-0.0240507 
-0.0245219 
-0.0249616 
-0.0253539 
-0.0256799 
-0.0259186 
-0.0260481 
-0.0260464 
-0.0258924 
-0.0255647 
-0.0250492 
-0.0243385 
-0.0234322 
-0.0223365 
-0.0210633 
-0.0196297 
-0.0180569 
-0.0163691 
-0.014592 
-0.012751 
-0.0108691 
-0.00896399 
-0.00704542 
-0.00511335 
-0.0031574 
-0.00116117 
0.000900358 
0.00304852 
0.00527417 
0.00751188 
0.00962741 
0.0114207 
0.012688 
0.0132057 
0.0128278 
0.0115197 
0.00954551 
0.00709465 
0.00435375 
0.00148056 
-0.00148056 
0.00098953 
-0.00098953 
-0.0026675 
-0.00425618 
-0.00569931 
-0.00706427 
-0.00833321 
-0.00954305 
-0.0106899 
-0.0117904 
-0.0128441 
-0.0138573 
-0.0148295 
-0.0157621 
-0.0166531 
-0.0175004 
-0.0182998 
-0.0190471 
-0.0197379 
-0.020369 
-0.0209395 
-0.0214517 
-0.0219108 
-0.0223243 
-0.0227004 
-0.0230447 
-0.0233587 
-0.0236379 
-0.0238723 
-0.0240474 
-0.0241462 
-0.0241505 
-0.0240423 
-0.0238035 
-0.0234175 
-0.0228686 
-0.0221482 
-0.0212537 
-0.020189 
-0.0189634 
-0.0175913 
-0.0160906 
-0.0144821 
-0.0127875 
-0.0110277 
-0.00922067 
-0.00737934 
-0.00550934 
-0.00360791 
-0.00166473 
0.000338849 
0.00242733 
0.00460895 
0.00686067 
0.00910029 
0.0111777 
0.0128853 
0.0140182 
0.0143672 
0.0138369 
0.0124027 
0.0102825 
0.00765768 
0.00470943 
0.00160247 
-0.00160247 
0.00097286 
-0.00097286 
-0.00261647 
-0.00417341 
-0.00557937 
-0.0068991 
-0.00811369 
-0.00926094 
-0.0103395 
-0.0113695 
-0.012354 
-0.0133028 
-0.0142185 
-0.0151045 
-0.0159608 
-0.0167859 
-0.0175752 
-0.0183225 
-0.0190197 
-0.019658 
-0.0202293 
-0.0207276 
-0.0211507 
-0.0215009 
-0.0217845 
-0.0220104 
-0.0221869 
-0.0223186 
-0.022404 
-0.0224353 
-0.0224001 
-0.0222837 
-0.0220709 
-0.0217462 
-0.021295 
-0.0207022 
-0.0199605 
-0.0190668 
-0.0180237 
-0.0168387 
-0.0155236 
-0.0140931 
-0.0125641 
-0.0109541 
-0.00927975 
-0.00755464 
-0.00578791 
-0.00398232 
-0.00213424 
-0.000231933 
0.00174513 
0.00381112 
0.00596556 
0.00817499 
0.0103459 
0.0123222 
0.0138993 
0.0148794 
0.0150778 
0.0144208 
0.0129115 
0.0107107 
0.00799356 
0.00492737 
0.00167873 
-0.00167873 
0.000965706 
-0.000965706 
-0.00258757 
-0.00412683 
-0.00551424 
-0.00680657 
-0.00798291 
-0.00907875 
-0.0100937 
-0.0110498 
-0.011953 
-0.0128164 
-0.0136461 
-0.0144495 
-0.0152299 
-0.0159891 
-0.0167254 
-0.0174346 
-0.0181086 
-0.0187372 
-0.0193079 
-0.0198079 
-0.0202259 
-0.0205546 
-0.0207921 
-0.0209427 
-0.0210161 
-0.0210239 
-0.0209752 
-0.0208726 
-0.0207107 
-0.0204782 
-0.0201617 
-0.0197476 
-0.0192261 
-0.0185853 
-0.0178171 
-0.0169181 
-0.0158898 
-0.0147388 
-0.0134743 
-0.0121085 
-0.0106549 
-0.00912711 
-0.00753809 
-0.005898 
-0.00421319 
-0.00248481 
-0.000707963 
0.001132 
0.00304731 
0.00504595 
0.0071207 
0.00923035 
0.0112766 
0.0131053 
0.0145227 
0.0153437 
0.0154092 
0.0146559 
0.0131075 
0.0108798 
0.00813608 
0.00502675 
0.00171536 
-0.00171536 
0.000966728 
-0.000966728 
-0.00259723 
-0.00413712 
-0.00553194 
-0.00682304 
-0.00798785 
-0.00905695 
-0.0100294 
-0.0109267 
-0.0117563 
-0.0125333 
-0.0132666 
-0.0139666 
-0.0146404 
-0.0152942 
-0.0159308 
-0.0165505 
-0.0171497 
-0.0177212 
-0.0182539 
-0.0187336 
-0.0191438 
-0.0194683 
-0.0196939 
-0.019813 
-0.0198265 
-0.0197437 
-0.0195801 
-0.0193511 
-0.0190661 
-0.0187243 
-0.0183159 
-0.0178271 
-0.017246 
-0.0165603 
-0.0157617 
-0.0148496 
-0.0138257 
-0.0126974 
-0.0114733 
-0.0101631 
-0.0087773 
-0.00732635 
-0.00582002 
-0.00426565 
-0.00266774 
-0.00102571 
0.000668247 
0.00242321 
0.00424549 
0.00613931 
0.0080916 
0.0100566 
0.0119369 
0.0135864 
0.0148269 
0.0154895 
0.0154385 
0.0146163 
0.0130569 
0.0108431 
0.00812311 
0.00502978 
0.00171952 
-0.00171952 
0.000977707 
-0.000977707 
-0.00264558 
-0.0042172 
-0.00564583 
-0.0069643 
-0.00814719 
-0.00921944 
-0.0101783 
-0.0110434 
-0.0118222 
-0.01253 
-0.0131769 
-0.0137751 
-0.0143343 
-0.0148637 
-0.0153706 
-0.0158599 
-0.016334 
-0.0167917 
-0.0172278 
-0.0176328 
-0.0179928 
-0.0182901 
-0.0185048 
-0.0186181 
-0.0186159 
-0.0184931 
-0.0182569 
-0.0179253 
-0.0175214 
-0.0170632 
-0.0165546 
-0.0159844 
-0.0153355 
-0.0146 
-0.0137698 
-0.0128416 
-0.011818 
-0.0107085 
-0.00952005 
-0.00825968 
-0.00693622 
-0.00555737 
-0.00413093 
-0.00266225 
-0.00115403 
0.000397182 
0.00199554 
0.00364476 
0.00534905 
0.00710844 
0.00890587 
0.010694 
0.0123806 
0.0138316 
0.0148873 
0.0153962 
0.0152425 
0.0143726 
0.0128227 
0.0106527 
0.0079927 
0.00495909 
0.0016987 
-0.0016987 
0.00100074 
-0.00100074 
-0.00272998 
-0.00436821 
-0.00585409 
-0.00722586 
-0.00845201 
-0.00955382 
-0.010526 
-0.0113856 
-0.0121395 
-0.0128021 
-0.0133841 
-0.013898 
-0.0143547 
-0.0147652 
-0.015139 
-0.0154846 
-0.0158085 
-0.016115 
-0.0164055 
-0.0166778 
-0.0169254 
-0.0171368 
-0.0172955 
-0.0173807 
-0.0173692 
-0.0172398 
-0.016979 
-0.016587 
-0.0160816 
-0.0154949 
-0.0148615 
-0.0141995 
-0.0134994 
-0.012732 
-0.0118753 
-0.0109278 
-0.00989361 
-0.00878795 
-0.00762225 
-0.00640205 
-0.00513292 
-0.00382039 
-0.00247017 
-0.00108529 
0.000333875 
0.00178838 
0.00327828 
0.004806 
0.00637339 
0.00797685 
0.00959698 
0.0111875 
0.0126642 
0.0139072 
0.0147766 
0.0151382 
0.0148924 
0.0139894 
0.0124599 
0.0103555 
0.00777973 
0.00483591 
0.00165991 
-0.00165991 
0.0010342 
-0.0010342 
-0.00284798 
-0.00457417 
-0.00614421 
-0.00758871 
-0.00887737 
-0.0100276 
-0.0110323 
-0.0119057 
-0.012654 
-0.0132909 
-0.0138272 
-0.0142759 
-0.0146486 
-0.0149574 
-0.0152131 
-0.0154259 
-0.0156045 
-0.0157562 
-0.0158863 
-0.0159979 
-0.0160914 
-0.0161636 
-0.0162068 
-0.0162085 
-0.0161503 
-0.0160086 
-0.015758 
-0.0153756 
-0.0148499 
-0.0141885 
-0.0134231 
-0.0126011 
-0.0117641 
-0.0109146 
-0.0100184 
-0.00903836 
-0.00798325 
-0.00688638 
-0.00575026 
-0.00457028 
-0.00335436 
-0.00210507 
-0.000827963 
0.000475958 
0.00180367 
0.00315377 
0.00452573 
0.00592062 
0.0073379 
0.00877125 
0.0102004 
0.0115821 
0.0128417 
0.0138748 
0.0145604 
0.0147817 
0.0144521 
0.0135253 
0.0120229 
0.00999232 
0.00751516 
0.00467898 
0.00160949 
-0.00160949 
0.00107683 
-0.00107683 
-0.0029945 
-0.00482475 
-0.00649969 
-0.00803255 
-0.00939905 
-0.01061 
-0.0116594 
-0.0125578 
-0.0133111 
-0.0139324 
-0.0144331 
-0.0148272 
-0.0151277 
-0.0153481 
-0.0155006 
-0.0155968 
-0.015647 
-0.0156599 
-0.0156424 
-0.0155999 
-0.0155354 
-0.0154504 
-0.0153434 
-0.0152102 
-0.0150425 
-0.0148266 
-0.014543 
-0.0141665 
-0.0136686 
-0.0130244 
-0.0122236 
-0.0112832 
-0.0102596 
-0.00922266 
-0.00823763 
-0.00723636 
-0.00615801 
-0.00504314 
-0.00391332 
-0.00276393 
-0.001593 
-0.000401244 
0.000807309 
0.00202979 
0.00326204 
0.00450259 
0.00575035 
0.0070049 
0.00826376 
0.00951896 
0.0107506 
0.0119197 
0.0129618 
0.0137879 
0.0142951 
0.0143827 
0.0139749 
0.0130287 
0.0115565 
0.00959846 
0.00722654 
0.00450483 
0.00155298 
-0.00155298 
0.0011277 
-0.0011277 
-0.00316545 
-0.00511519 
-0.00690681 
-0.00854528 
-0.0100007 
-0.0112835 
-0.0123861 
-0.0133169 
-0.0140805 
-0.0146898 
-0.0151572 
-0.0154983 
-0.0157282 
-0.0158628 
-0.0159167 
-0.0159039 
-0.0158365 
-0.0157247 
-0.0155768 
-0.0153991 
-0.0151956 
-0.0149684 
-0.0147181 
-0.0144434 
-0.0141413 
-0.0138067 
-0.0134316 
-0.0130043 
-0.0125082 
-0.0119218 
-0.0112199 
-0.0103765 
-0.00937523 
-0.00821971 
-0.00694974 
-0.00561756 
-0.00432565 
-0.00315833 
-0.00206581 
-0.000950044 
0.000175054 
0.001311 
0.00244977 
0.00358807 
0.00472179 
0.00584908 
0.00696811 
0.00807734 
0.00917301 
0.0102464 
0.0112791 
0.0122369 
0.0130655 
0.0136906 
0.0140259 
0.0139855 
0.013503 
0.012538 
0.011095 
0.00920534 
0.0069333 
0.00432656 
0.00149472 
-0.00149472 
0.00118569 
-0.00118569 
-0.00335761 
-0.00544014 
-0.00736092 
-0.00911775 
-0.0106751 
-0.0120416 
-0.0132058 
-0.0141756 
-0.0149537 
-0.0155524 
-0.0159852 
-0.0162698 
-0.0164244 
-0.016468 
-0.016419 
-0.0162943 
-0.0161089 
-0.0158755 
-0.015604 
-0.015302 
-0.014974 
-0.0146226 
-0.0142479 
-0.0138483 
-0.0134206 
-0.0129602 
-0.0124613 
-0.0119159 
-0.0113145 
-0.0106444 
-0.00989039 
-0.00903234 
-0.0080473 
-0.00690966 
-0.00561288 
-0.00421029 
-0.0028205 
-0.00152897 
-0.000334799 
0.000813787 
0.001931 
0.00302817 
0.0041053 
0.00516258 
0.00619782 
0.00720989 
0.00819717 
0.00915778 
0.0100877 
0.0109784 
0.0118136 
0.0125644 
0.0131861 
0.0136175 
0.0137877 
0.0136237 
0.0130678 
0.0120816 
0.0106638 
0.00883419 
0.00665031 
0.00415479 
0.00143826 
-0.00143826 
0.00124963 
-0.00124963 
-0.00356796 
-0.00579551 
-0.00785821 
-0.00974545 
-0.0114206 
-0.0128808 
-0.0141173 
-0.0151335 
-0.0159313 
-0.0165212 
-0.0169178 
-0.017141 
-0.0172127 
-0.0171564 
-0.016995 
-0.0167497 
-0.0164394 
-0.0160796 
-0.0156828 
-0.015258 
-0.0148109 
-0.0143443 
-0.0138584 
-0.013351 
-0.012818 
-0.0122539 
-0.0116522 
-0.011005 
-0.010304 
-0.00953995 
-0.00870484 
-0.0077924 
-0.00680392 
-0.00574706 
-0.00464421 
-0.00348998 
-0.00225851 
-0.000813085 
0.00070584 
0.0021211 
0.00341511 
0.00459994 
0.00569557 
0.00671864 
0.00768085 
0.00858993 
0.00945022 
0.0102634 
0.0110277 
0.0117369 
0.0123778 
0.0129272 
0.0133491 
0.0135944 
0.0136054 
0.013321 
0.0126913 
0.0116792 
0.0102799 
0.00850139 
0.00639537 
0.00399499 
0.001388 
-0.001388 
0.00131799 
-0.00131799 
-0.00379234 
-0.00617542 
-0.00839154 
-0.0104225 
-0.0122275 
-0.0137966 
-0.0151171 
-0.0161894 
-0.0170138 
-0.0175985 
-0.0179583 
-0.0181153 
-0.0180958 
-0.0179286 
-0.0176425 
-0.0172647 
-0.0168188 
-0.0163242 
-0.0157962 
-0.0152456 
-0.0146792 
-0.0141002 
-0.0135085 
-0.0129014 
-0.0122739 
-0.0116197 
-0.0109311 
-0.0101999 
-0.00941786 
-0.00857703 
-0.00767105 
-0.00669519 
-0.00564886 
-0.00453514 
-0.00336643 
-0.00216257 
-0.000926241 
0.000403077 
0.00183488 
0.003274 
0.00465973 
0.0059461 
0.00711489 
0.00816556 
0.00910702 
0.00995137 
0.0107099 
0.0113912 
0.0119996 
0.0125342 
0.0129874 
0.0133424 
0.0135724 
0.0136388 
0.0134958 
0.0130928 
0.0123873 
0.0113438 
0.00995444 
0.00821813 
0.00617804 
0.00385629 
0.0013436 
-0.0013436 
0.00138861 
-0.00138861 
-0.0040248 
-0.00657093 
-0.0089498 
-0.0111363 
-0.0130845 
-0.0147782 
-0.0161958 
-0.0173366 
-0.0181971 
-0.0187827 
-0.0191071 
-0.0191943 
-0.0190752 
-0.0187852 
-0.0183607 
-0.017836 
-0.0172414 
-0.0166012 
-0.0159342 
-0.0152532 
-0.0145659 
-0.0138756 
-0.0131817 
-0.0124804 
-0.0117655 
-0.011029 
-0.0102618 
-0.00945416 
-0.00859674 
-0.00768106 
-0.00670083 
-0.00565229 
-0.00453687 
-0.00335919 
-0.00213282 
-0.000870661 
0.000420073 
0.0017327 
0.00304058 
0.00439026 
0.0057543 
0.00707417 
0.00830232 
0.0094065 
0.0103736 
0.0112041 
0.0119067 
0.0124931 
0.0129737 
0.0133549 
0.0136367 
0.0138109 
0.01386 
0.0137564 
0.0134653 
0.0129457 
0.0121619 
0.0110808 
0.00969222 
0.00798803 
0.00600228 
0.00374887 
0.0013054 
-0.0013054 
0.00145851 
-0.00145851 
-0.00425677 
-0.00696872 
-0.0095159 
-0.0118673 
-0.0139711 
-0.0158034 
-0.0173357 
-0.0185588 
-0.0194673 
-0.0200633 
-0.0203567 
-0.0203731 
-0.0201476 
-0.0197232 
-0.0191453 
-0.0184578 
-0.0176994 
-0.0169012 
-0.0160861 
-0.0152693 
-0.0144594 
-0.0136592 
-0.0128672 
-0.0120778 
-0.0112831 
-0.0104729 
-0.00963602 
-0.00876084 
-0.00783639 
-0.00685319 
-0.00580441 
-0.0046864 
-0.00349995 
-0.00225008 
-0.000947446 
0.000388386 
0.00173897 
0.00310155 
0.00446113 
0.00579143 
0.00707821 
0.00831522 
0.00948275 
0.0105539 
0.0115033 
0.0123137 
0.0129788 
0.013501 
0.0138879 
0.0141481 
0.0142871 
0.0143046 
0.0141926 
0.013934 
0.0135045 
0.0128729 
0.0120104 
0.0108865 
0.00949054 
0.00780809 
0.00586616 
0.00366684 
0.00128154 
-0.00128154 
0.0015236 
-0.0015236 
-0.00447625 
-0.00734963 
-0.0100645 
-0.0125853 
-0.0148542 
-0.0168385 
-0.0185019 
-0.019824 
-0.0207953 
-0.0214143 
-0.0216858 
-0.0216345 
-0.0212995 
-0.0207313 
-0.0199861 
-0.0191194 
-0.0181811 
-0.0172111 
-0.016238 
-0.0152799 
-0.0143461 
-0.0134386 
-0.0125539 
-0.0116843 
-0.0108189 
-0.00994476 
-0.00904763 
-0.00811308 
-0.00712747 
-0.00607919 
-0.00495967 
-0.0037643 
-0.00249353 
-0.00115295 
0.000242203 
0.00167105 
0.00310905 
0.00453881 
0.00592723 
0.00724814 
0.00849313 
0.00965684 
0.0107322 
0.0117098 
0.012576 
0.0133154 
0.0139159 
0.0143706 
0.0146789 
0.0148442 
0.0148717 
0.0147641 
0.0145198 
0.01413 
0.0135802 
0.0128478 
0.0119113 
0.0107439 
0.00933519 
0.00766643 
0.00575844 
0.00360277 
0.00126409 
-0.00126409 
0.0015785 
-0.0015785 
-0.00466722 
-0.0076876 
-0.0105603 
-0.0132473 
-0.0156843 
-0.0178303 
-0.0196383 
-0.0210786 
-0.0221286 
-0.0227867 
-0.02305 
-0.0229401 
-0.0224988 
-0.0217832 
-0.020861 
-0.0198012 
-0.0186677 
-0.0175121 
-0.0163713 
-0.0152671 
-0.0142095 
-0.013199 
-0.0122295 
-0.0112901 
-0.0103662 
-0.00944112 
-0.00849672 
-0.00751495 
-0.00647877 
-0.00537367 
-0.0041885 
-0.00291713 
-0.00155795 
-0.000119281 
0.00138363 
0.00292321 
0.00447153 
0.00599724 
0.00746419 
0.00883908 
0.0100929 
0.01121 
0.0121876 
0.0130319 
0.0137487 
0.0143403 
0.0148056 
0.0151405 
0.0153412 
0.0154054 
0.0153326 
0.0151226 
0.0147741 
0.0142817 
0.0136364 
0.0128226 
0.0118247 
0.0106201 
0.00919944 
0.00754146 
0.00566217 
0.00354434 
0.00124636 
-0.00124636 
0.00161651 
-0.00161651 
-0.00480929 
-0.0079488 
-0.0109565 
-0.0137944 
-0.0163927 
-0.0187016 
-0.0206627 
-0.0222344 
-0.0233821 
-0.0240959 
-0.0243703 
-0.0242186 
-0.0236838 
-0.0228277 
-0.0217282 
-0.0204687 
-0.0191295 
-0.0177775 
-0.0164609 
-0.0152076 
-0.0140286 
-0.0129223 
-0.0118792 
-0.0108838 
-0.00991704 
-0.00895729 
-0.00798166 
-0.00696745 
-0.00589328 
-0.0047407 
-0.00349504 
-0.00214747 
-0.000694395 
0.000854162 
0.00248075 
0.0041522 
0.0058319 
0.00747656 
0.00903893 
0.0104757 
0.0117497 
0.0128386 
0.0137409 
0.0144646 
0.015023 
0.0154328 
0.01571 
0.0158661 
0.0159071 
0.0158335 
0.0156432 
0.0153317 
0.0148937 
0.0143216 
0.0136069 
0.0127359 
0.0116967 
0.0104693 
0.00904581 
0.00740373 
0.00555558 
0.00347825 
0.00122437 
-0.00122437 
0.00162964 
-0.00162964 
-0.00487781 
-0.00809165 
-0.0111944 
-0.0141514 
-0.016888 
-0.0193471 
-0.0214586 
-0.0231672 
-0.0244288 
-0.0252126 
-0.0255199 
-0.0253511 
-0.0247484 
-0.0237747 
-0.0225146 
-0.0210638 
-0.0195197 
-0.0179681 
-0.016473 
-0.0150716 
-0.0137776 
-0.012587 
-0.0114856 
-0.0104527 
-0.00946336 
-0.00849004 
-0.00750411 
-0.00647734 
-0.00538315 
-0.00419816 
-0.00290349 
-0.00148625 
5.7298e-05 
0.00172004 
0.00347564 
0.00528795 
0.00710848 
0.00888436 
0.01056 
0.0120836 
0.0134107 
0.0145088 
0.0153601 
0.0159784 
0.0163813 
0.0165958 
0.0166539 
0.0165857 
0.0164144 
0.0161538 
0.015808 
0.015373 
0.0148404 
0.0141977 
0.013432 
0.0125271 
0.0114699 
0.0102407 
0.00883175 
0.00721966 
0.00541441 
0.00338977 
0.0011934 
-0.0011934 
0.00160897 
-0.00160897 
-0.00484478 
-0.00806807 
-0.0112049 
-0.0142272 
-0.0170576 
-0.0196338 
-0.0218757 
-0.0237132 
-0.0250927 
-0.0259543 
-0.0263137 
-0.0261588 
-0.0255278 
-0.0244804 
-0.0231013 
-0.0214928 
-0.0197665 
-0.018028 
-0.0163622 
-0.0148212 
-0.0134245 
-0.0121668 
-0.0110284 
-0.00998199 
-0.00899573 
-0.00803531 
-0.00706525 
-0.00605095 
-0.00495982 
-0.00376264 
-0.00243552 
-0.000961495 
0.000663585 
0.00243196 
0.00430948 
0.0062525 
0.00820305 
0.0101009 
0.0118845 
0.0134958 
0.0148827 
0.0160067 
0.0168318 
0.0173723 
0.0176469 
0.017686 
0.0175328 
0.0172329 
0.016828 
0.0163497 
0.0158162 
0.0152315 
0.0145888 
0.0138729 
0.0130656 
0.0121449 
0.0110928 
0.00988644 
0.00851564 
0.00695587 
0.00521458 
0.00326453 
0.00114888 
-0.00114888 
0.00154521 
-0.00154521 
-0.00468052 
-0.00782624 
-0.010912 
-0.0139199 
-0.0167721 
-0.0194051 
-0.0217304 
-0.0236646 
-0.0251396 
-0.0260845 
-0.0265055 
-0.0263983 
-0.0257907 
-0.0247369 
-0.0233118 
-0.0216147 
-0.0197621 
-0.017877 
-0.0160678 
-0.0144086 
-0.0129311 
-0.0116313 
-0.0104843 
-0.00945506 
-0.00850423 
-0.0075896 
-0.00666808 
-0.00569805 
-0.00464032 
-0.00345936 
-0.00212599 
-0.00062076 
0.00106016 
0.00290234 
0.00486414 
0.00689296 
0.00892553 
0.0109001 
0.0127554 
0.0144324 
0.0158769 
0.0170416 
0.0178832 
0.0183859 
0.0185757 
0.0184803 
0.0181513 
0.0176469 
0.0170244 
0.0163329 
0.0156068 
0.0148631 
0.0141025 
0.0133116 
0.0124691 
0.0115475 
0.0105224 
0.00936507 
0.00806069 
0.00658228 
0.00493416 
0.00308932 
0.00108664 
-0.00108664 
0.00142946 
-0.00142946 
-0.00435623 
-0.00731505 
-0.0102394 
-0.0131249 
-0.0158965 
-0.018494 
-0.0208237 
-0.0227928 
-0.0243183 
-0.0253295 
-0.0258069 
-0.0257753 
-0.0252485 
-0.024275 
-0.0229094 
-0.0212339 
-0.0193556 
-0.0174041 
-0.0155096 
-0.0137746 
-0.0122521 
-0.0109457 
-0.00982705 
-0.00885376 
-0.00797795 
-0.00714904 
-0.00631572 
-0.00542911 
-0.00444327 
-0.00331646 
-0.00201537 
-0.000520931 
0.00116551 
0.00301892 
0.00498916 
0.00701813 
0.0090448 
0.0110145 
0.0128732 
0.0145667 
0.0160427 
0.0172443 
0.0181283 
0.0186352 
0.018799 
0.0186356 
0.0181996 
0.0175572 
0.0167773 
0.0159228 
0.0150427 
0.0141674 
0.0133082 
0.0124578 
0.0115965 
0.010694 
0.00972045 
0.00864116 
0.00743545 
0.00607298 
0.00455407 
0.0028526 
0.00100297 
-0.00100297 
0.00125422 
-0.00125422 
-0.00384727 
-0.00649006 
-0.00911957 
-0.0117479 
-0.0143058 
-0.0167427 
-0.0189645 
-0.0208762 
-0.0223799 
-0.0234168 
-0.0239241 
-0.0239818 
-0.02359 
-0.0227927 
-0.021615 
-0.0201087 
-0.0183524 
-0.016464 
-0.0145848 
-0.012847 
-0.0113355 
-0.0100715 
-0.00902887 
-0.00815894 
-0.00740566 
-0.00670994 
-0.00601206 
-0.00525624 
-0.00439037 
-0.00336773 
-0.00215396 
-0.00073499 
0.000875186 
0.00263913 
0.00450108 
0.00640558 
0.0083043 
0.0101581 
0.0119265 
0.0135652 
0.015027 
0.0162487 
0.0171903 
0.0177449 
0.0179443 
0.01779 
0.0173344 
0.0166485 
0.015807 
0.0148813 
0.0139298 
0.0129931 
0.0120922 
0.0112281 
0.0103859 
0.00953653 
0.00864813 
0.00768208 
0.00661243 
0.00540581 
0.0040581 
0.0025445 
0.000894707 
-0.000894707 
0.00101408 
-0.00101408 
-0.00313626 
-0.00531998 
-0.00750375 
-0.00971908 
-0.011905 
-0.0140286 
-0.0160026 
-0.0177394 
-0.0191252 
-0.0201193 
-0.020608 
-0.0207532 
-0.0205399 
-0.0200094 
-0.0191529 
-0.0179829 
-0.016532 
-0.0148836 
-0.013169 
-0.0115414 
-0.0101236 
-0.00896825 
-0.00806113 
-0.00735134 
-0.00677611 
-0.00626848 
-0.00576071 
-0.00519135 
-0.00450371 
-0.0036489 
-0.00259646 
-0.0013435 
7.77282e-05 
0.0016191 
0.00322815 
0.00486387 
0.00650031 
0.00811838 
0.00969416 
0.0111962 
0.0125835 
0.0137934 
0.0147818 
0.0154157 
0.0157012 
0.0156308 
0.0152467 
0.0146234 
0.0138367 
0.0129602 
0.0120548 
0.0111646 
0.0103165 
0.00951779 
0.00876001 
0.0080187 
0.00726358 
0.00645586 
0.00556676 
0.00456173 
0.00343265 
0.00215691 
0.000759292 
-0.000759292 
0.000706229 
-0.000706229 
-0.00221587 
-0.00379284 
-0.00537229 
-0.00700817 
-0.00864741 
-0.0102843 
-0.0118466 
-0.0132694 
-0.0144247 
-0.0152831 
-0.0157143 
-0.0159361 
-0.0159336 
-0.0157414 
-0.0153202 
-0.0146426 
-0.0136879 
-0.0124843 
-0.011126 
-0.00976456 
-0.00855586 
-0.00759591 
-0.00689674 
-0.00641315 
-0.0060789 
-0.00582091 
-0.00556462 
-0.00524508 
-0.00480396 
-0.00419478 
-0.00339722 
-0.0024255 
-0.00132656 
-0.000155928 
0.00105006 
0.00227744 
0.00352615 
0.00479579 
0.0060788 
0.00735755 
0.00859889 
0.0097491 
0.0107533 
0.0114851 
0.0118834 
0.0119519 
0.0117203 
0.0112654 
0.0106576 
0.0099651 
0.00924266 
0.00853068 
0.00785553 
0.00722743 
0.00664325 
0.00608458 
0.00552613 
0.00493291 
0.00427676 
0.00352511 
0.00266713 
0.00168397 
0.000595216 
-0.000595216 
0.000328591 
-0.000328591 
-0.00108784 
-0.00192013 
-0.00274181 
-0.0036364 
-0.00455243 
-0.00551978 
-0.00648819 
-0.00743923 
-0.00825972 
-0.00890507 
-0.00923125 
-0.00953791 
-0.00977456 
-0.00996767 
-0.010056 
-0.00998417 
-0.00968381 
-0.00912127 
-0.00832882 
-0.0074237 
-0.0065732 
-0.00591816 
-0.0055128 
-0.00532979 
-0.00530542 
-0.00536362 
-0.00542502 
-0.00542451 
-0.00530642 
-0.00503254 
-0.00459891 
-0.00403811 
-0.00340352 
-0.00273981 
-0.00206039 
-0.00135123 
-0.000592847 
0.000229306 
0.00112359 
0.00208568 
0.00309116 
0.00410444 
0.00506637 
0.0058881 
0.00642917 
0.00668503 
0.00666938 
0.00647279 
0.00616059 
0.00578655 
0.00538916 
0.00499557 
0.00462502 
0.00428608 
0.00397873 
0.00369079 
0.00340391 
0.0030905 
0.00272646 
0.0022853 
0.00175488 
0.00112282 
0.000402247 
-0.000402247 
-0.000119895 
0.000119895 
0.000237208 
0.000262595 
0.000327879 
0.000309938 
0.000267958 
0.000139139 
-4.19641e-05 
-0.000305264 
-0.000579345 
-0.000944285 
-0.00130157 
-0.00175189 
-0.0022665 
-0.00286466 
-0.00348643 
-0.00406607 
-0.00450934 
-0.00473118 
-0.00469268 
-0.00444386 
-0.00412543 
-0.00390685 
-0.00389392 
-0.00409244 
-0.00445023 
-0.00489342 
-0.00534065 
-0.00573089 
-0.00601648 
-0.00617333 
-0.00621709 
-0.00619336 
-0.00614926 
-0.00610329 
-0.00604011 
-0.0059268 
-0.00573166 
-0.00543112 
-0.00500845 
-0.00445765 
-0.00379093 
-0.00302723 
-0.00221636 
-0.00140827 
-0.000752291 
-0.000256129 
5.80735e-05 
0.00025043 
0.000369711 
0.000450205 
0.000512408 
0.000566791 
0.000622608 
0.000684132 
0.000753092 
0.000823157 
0.00088424 
0.00091868 
0.000909168 
0.000839091 
0.000695452 
0.000476971 
0.000183784 
-0.000183784 
-0.000631893 
0.000631893 
0.0017346 
0.00271034 
0.00374849 
0.00469948 
0.00561513 
0.00642145 
0.00711972 
0.00765377 
0.00799668 
0.0079839 
0.00760426 
0.0070014 
0.00620289 
0.00521836 
0.00409244 
0.00288754 
0.00169818 
0.000632964 
-0.000207579 
-0.000787283 
-0.00117976 
-0.00154613 
-0.00203547 
-0.00270051 
-0.00351287 
-0.00440814 
-0.00530714 
-0.00615749 
-0.00692528 
-0.00760443 
-0.00822812 
-0.00884388 
-0.00947921 
-0.010123 
-0.0107368 
-0.0112761 
-0.0117026 
-0.0119874 
-0.0121092 
-0.0120547 
-0.0118224 
-0.0114205 
-0.010879 
-0.0102315 
-0.00953729 
-0.00877826 
-0.00801712 
-0.00728341 
-0.00658512 
-0.00591768 
-0.00527822 
-0.00466823 
-0.00408684 
-0.00353315 
-0.0030042 
-0.00250011 
-0.00202209 
-0.00157588 
-0.00116997 
-0.000808164 
-0.000504767 
-0.000243976 
-5.37217e-05 
5.37217e-05 
-0.0011954 
0.0011954 
0.00337726 
0.00538056 
0.00743692 
0.00939686 
0.0112862 
0.0130264 
0.0145736 
0.0158358 
0.0167063 
0.0170621 
0.0168572 
0.0161849 
0.0151618 
0.0138377 
0.0122647 
0.0105024 
0.00863526 
0.00677118 
0.00503516 
0.00353113 
0.002276 
0.00116854 
5.53518e-05 
-0.00116364 
-0.00249948 
-0.00390747 
-0.0053171 
-0.00668874 
-0.00800747 
-0.00928572 
-0.010567 
-0.0118879 
-0.0132496 
-0.0146155 
-0.0159343 
-0.0171573 
-0.0182442 
-0.0191623 
-0.0198848 
-0.0203905 
-0.0206656 
-0.0206996 
-0.0204867 
-0.0200059 
-0.019233 
-0.0181995 
-0.0169884 
-0.0156867 
-0.0143617 
-0.0130513 
-0.0117768 
-0.0105525 
-0.00938568 
-0.00827882 
-0.00722869 
-0.00623012 
-0.00527622 
-0.00436087 
-0.00348261 
-0.00263269 
-0.00182484 
-0.00102825 
-0.000307381 
0.000307381 
-0.00180164 
0.00180164 
0.00514364 
0.00823315 
0.0113159 
0.014272 
0.0170937 
0.0196973 
0.0220009 
0.023885 
0.0252208 
0.02591 
0.0259218 
0.0253061 
0.0241718 
0.0225969 
0.0206526 
0.0184071 
0.0159413 
0.0133587 
0.0107875 
0.00836231 
0.00617393 
0.00420794 
0.00235212 
0.000491736 
-0.00142686 
-0.00339499 
-0.00536123 
-0.0073006 
-0.00922132 
-0.0111509 
-0.0131331 
-0.0151848 
-0.0172812 
-0.0193696 
-0.0213931 
-0.0233008 
-0.0250496 
-0.0266012 
-0.0279215 
-0.0289793 
-0.0297439 
-0.0301797 
-0.0302424 
-0.0298684 
-0.029013 
-0.0277502 
-0.0261691 
-0.0243827 
-0.0224943 
-0.0205802 
-0.0186905 
-0.0168563 
-0.0150953 
-0.0134149 
-0.0118131 
-0.0102816 
-0.00880725 
-0.00737486 
-0.00597392 
-0.00458704 
-0.00322543 
-0.00185526 
-0.000573474 
0.000573474 
-0.00244358 
0.00244358 
0.00701546 
0.0112346 
0.0153285 
0.0192284 
0.0229032 
0.0262652 
0.0292128 
0.0316196 
0.0333635 
0.0343651 
0.0346043 
0.034098 
0.0329355 
0.0311973 
0.0289636 
0.0263106 
0.0233212 
0.0200963 
0.0167626 
0.0134684 
0.0103515 
0.00747719 
0.00480176 
0.00222467 
-0.000324017 
-0.00287942 
-0.00542927 
-0.00796224 
-0.0105113 
-0.0131133 
-0.0158023 
-0.0185725 
-0.0213788 
-0.0241604 
-0.0268574 
-0.0294163 
-0.0317873 
-0.0339236 
-0.0357796 
-0.03731 
-0.0384667 
-0.0391943 
-0.0394332 
-0.039122 
-0.0382287 
-0.0368258 
-0.0349964 
-0.0328611 
-0.0305385 
-0.0281293 
-0.0257075 
-0.0233226 
-0.0210045 
-0.0187676 
-0.0166132 
-0.0145324 
-0.0125094 
-0.0105242 
-0.00856104 
-0.0065999 
-0.00465077 
-0.00269162 
-0.00084215 
0.00084215 
-0.00311144 
0.00311144 
0.00896677 
0.0143457 
0.0194273 
0.0241992 
0.0286284 
0.0326334 
0.0361123 
0.0389489 
0.0410379 
0.0423115 
0.0427541 
0.0423725 
0.041232 
0.0393986 
0.0369475 
0.0339575 
0.0305144 
0.02672 
0.0227 
0.0186078 
0.0146086 
0.0108307 
0.00730775 
0.00397874 
0.000771393 
-0.00237853 
-0.00551142 
-0.00863871 
-0.0118128 
-0.0150742 
-0.0184403 
-0.0218838 
-0.025347 
-0.0287651 
-0.0320763 
-0.0352214 
-0.0381424 
-0.0407816 
-0.0430811 
-0.0449831 
-0.0464287 
-0.0473575 
-0.0477145 
-0.047455 
-0.0465599 
-0.045091 
-0.0431235 
-0.0407716 
-0.0381542 
-0.0353809 
-0.0325394 
-0.0296928 
-0.0268826 
-0.0241308 
-0.0214441 
-0.0188163 
-0.0162329 
-0.0136748 
-0.0111268 
-0.00857336 
-0.00602908 
-0.00349477 
-0.00110035 
0.00110035 
-0.0037889 
0.0037889 
0.0109515 
0.0175018 
0.0235486 
0.0291253 
0.0342165 
0.0387612 
0.0426741 
0.0458592 
0.0482309 
0.0497314 
0.0503456 
0.0500698 
0.0489507 
0.0470408 
0.0444069 
0.0411253 
0.037282 
0.0329792 
0.0283435 
0.0235311 
0.0187228 
0.0140915 
0.00974125 
0.00566942 
0.00181124 
-0.00191547 
-0.00559966 
-0.00929259 
-0.0130562 
-0.0169305 
-0.0209117 
-0.0249559 
-0.028998 
-0.0329724 
-0.0368148 
-0.0404608 
-0.0438443 
-0.0468982 
-0.0495556 
-0.0517506 
-0.0534203 
-0.0545063 
-0.054963 
-0.0547606 
-0.0538903 
-0.0524075 
-0.0503797 
-0.0479099 
-0.045109 
-0.0420842 
-0.0389268 
-0.0357074 
-0.0324749 
-0.0292591 
-0.0260728 
-0.0229156 
-0.0197788 
-0.0166499 
-0.0135209 
-0.0103881 
-0.00727754 
-0.0042165 
-0.0013328 
0.0013328 
-0.00444372 
0.00444372 
0.0128748 
0.020563 
