0 
-0.000870818 
-7.05389e-05 
0.00327873 
0.00857721 
0.015301 
0.0229285 
0.0310743 
0.0394455 
0.0478292 
0.0560694 
0.0640475 
0.0716675 
0.078846 
0.0855048 
0.0915685 
0.0969638 
0.101621 
0.105478 
0.108485 
0.110608 
0.111847 
0.11221 
0.111724 
0.110431 
0.108392 
0.105687 
0.10241 
0.0986658 
0.0945608 
0.090198 
0.0856665 
0.0810318 
0.0763255 
0.0715419 
0.0666469 
0.0616077 
0.0564352 
0.051213 
0.0460845 
0.0411991 
0.0366612 
0.0325153 
0.02876 
0.0253699 
0.0223109 
0.0195481 
0.0170502 
0.0147906 
0.0127472 
0.0109022 
0.00924109 
0.00775247 
0.00642662 
0.00525548 
0.00423153 
0.00334773 
0.00259666 
0.00196941 
0.00145527 
0.00104187 
0.000714957 
0.000458234 
0.000253472 
8.07705e-05 
0 
0.000870818 
-0.000870818 
-7.05389e-05 
0.00327873 
0.00857721 
0.015301 
0.0229285 
0.0310743 
0.0394455 
0.0478292 
0.0560694 
0.0640475 
0.0716675 
0.078846 
0.0855048 
0.0915685 
0.0969638 
0.101621 
0.105478 
0.108485 
0.110608 
0.111847 
0.11221 
0.111724 
0.110431 
0.108392 
0.105687 
0.10241 
0.0986658 
0.0945608 
0.090198 
0.0856665 
0.0810318 
0.0763255 
0.0715419 
0.0666469 
0.0616077 
0.0564352 
0.051213 
0.0460845 
0.0411991 
0.0366612 
0.0325153 
0.02876 
0.0253699 
0.0223109 
0.0195481 
0.0170502 
0.0147906 
0.0127472 
0.0109022 
0.00924109 
0.00775247 
0.00642662 
0.00525548 
0.00423153 
0.00334773 
0.00259666 
0.00196941 
0.00145527 
0.00104187 
0.000714957 
0.000458234 
0.000253472 
8.07705e-05 
-8.07705e-05 
6.02372e-05 
-6.02372e-05 
0.00304676 
0.00785262 
0.0139995 
0.0210838 
0.0287588 
0.0367509 
0.044849 
0.0528968 
0.0607776 
0.0684005 
0.0756879 
0.0825683 
0.0889702 
0.0948212 
0.100048 
0.104578 
0.108342 
0.111283 
0.113356 
0.114521 
0.11478 
0.114159 
0.112696 
0.110451 
0.107506 
0.103958 
0.0999131 
0.0954825 
0.0907754 
0.08589 
0.0809045 
0.0758691 
0.0708002 
0.0656864 
0.0605119 
0.0552936 
0.0501076 
0.0450767 
0.0403225 
0.0359237 
0.0319067 
0.0282615 
0.0249603 
0.0219707 
0.0192611 
0.0168039 
0.0145753 
0.0125557 
0.0107287 
0.00908129 
0.00760279 
0.00628465 
0.00511963 
0.00410142 
0.00322364 
0.00247914 
0.00186019 
0.00135682 
0.000956626 
0.00064541 
0.000406666 
0.000221718 
7.00392e-05 
-7.00392e-05 
-0.00167849 
0.00167849 
0.00648388 
0.0121803 
0.0186132 
0.0256042 
0.0329284 
0.0404078 
0.0479061 
0.0553245 
0.0625899 
0.0696419 
0.0764234 
0.0828744 
0.0889294 
0.0945166 
0.0995602 
0.103983 
0.10771 
0.110672 
0.112821 
0.114091 
0.114462 
0.113947 
0.112571 
0.110381 
0.107452 
0.10387 
0.0997391 
0.0951696 
0.090274 
0.0851591 
0.0799174 
0.0746193 
0.0693075 
0.0639998 
0.0587067 
0.0534627 
0.0483445 
0.0434555 
0.038885 
0.0346794 
0.0308427 
0.027354 
0.0241829 
0.0212986 
0.0186734 
0.0162832 
0.0141077 
0.0121301 
0.0103366 
0.00871628 
0.00726042 
0.00596196 
0.00481497 
0.00381417 
0.0029541 
0.00222904 
0.00163134 
0.00115236 
0.000780658 
0.000502325 
0.000300726 
0.000156508 
4.79918e-05 
-4.79918e-05 
-0.00250775 
0.00250775 
0.00820677 
0.0144104 
0.0209248 
0.027659 
0.0344708 
0.0412748 
0.0480171 
0.0546657 
0.0611963 
0.0675815 
0.0737834 
0.0797511 
0.0854207 
0.0907174 
0.0955593 
0.0998614 
0.103541 
0.106522 
0.108749 
0.110153 
0.110703 
0.110401 
0.109258 
0.107305 
0.1046 
0.101214 
0.0972376 
0.092772 
0.0879264 
0.0828095 
0.0775225 
0.0721511 
0.0667593 
0.0613921 
0.0560903 
0.0509138 
0.0459475 
0.0412784 
0.0369621 
0.033011 
0.0294067 
0.0261187 
0.0231155 
0.0203692 
0.0178561 
0.0155563 
0.0134532 
0.0115334 
0.00978605 
0.00820254 
0.00677643 
0.00550272 
0.00437746 
0.00339736 
0.00255868 
0.00185767 
0.00128871 
0.000844478 
0.000514419 
0.000285131 
0.000139597 
5.71367e-05 
1.43327e-05 
-1.43327e-05 
-0.00267594 
0.00267594 
0.00869449 
0.0150584 
0.0213953 
0.0276607 
0.0337871 
0.0397813 
0.0456706 
0.0514847 
0.0572423 
0.0629408 
0.0685542 
0.0740345 
0.0793147 
0.0843139 
0.0889418 
0.0931041 
0.0967089 
0.0996725 
0.101934 
0.103432 
0.104131 
0.104034 
0.103143 
0.101482 
0.0990938 
0.0960336 
0.0923734 
0.0881994 
0.0836087 
0.078704 
0.0735862 
0.0683472 
0.0630648 
0.057806 
0.0526422 
0.0476616 
0.042959 
0.0386035 
0.034616 
0.0309767 
0.0276492 
0.024597 
0.0217906 
0.0192063 
0.0168253 
0.0146322 
0.0126147 
0.0107629 
0.00906922 
0.00752812 
0.00613593 
0.00489031 
0.00379002 
0.00283422 
0.00202208 
0.00135233 
0.000820671 
0.00042248 
0.000148726 
-1.42645e-05 
-8.3373e-05 
-8.09378e-05 
-3.26018e-05 
3.26018e-05 
-0.00262074 
0.00262074 
0.00851326 
0.0146306 
0.0204747 
0.0260484 
0.0313481 
0.0364579 
0.0414674 
0.0464512 
0.0514549 
0.0564892 
0.061532 
0.0665338 
0.0714237 
0.0761152 
0.0805112 
0.0845092 
0.0880082 
0.0909166 
0.093169 
0.0947056 
0.0954942 
0.0955436 
0.0948607 
0.0934684 
0.0914026 
0.0887079 
0.0854404 
0.0816687 
0.0774733 
0.0729434 
0.0681711 
0.0632452 
0.0582484 
0.0532653 
0.0483957 
0.0437538 
0.0394381 
0.0354941 
0.0319071 
0.0286308 
0.025617 
0.0228294 
0.0202428 
0.0178395 
0.0156062 
0.0135326 
0.0116105 
0.00983424 
0.00819972 
0.00670478 
0.00534898 
0.00413301 
0.00305878 
0.00212896 
0.00134491 
0.00070962 
0.000222576 
-0.000119751 
-0.000323487 
-0.000402708 
-0.000374227 
-0.000261876 
-9.43156e-05 
9.43156e-05 
-0.00242089 
0.00242089 
0.00785313 
0.0134058 
0.018509 
0.0232367 
0.0276363 
0.0318474 
0.0359966 
0.0401821 
0.0444604 
0.0488454 
0.0533149 
0.0578183 
0.0622842 
0.0666257 
0.0707435 
0.0745295 
0.077875 
0.080679 
0.0828713 
0.0843931 
0.0852183 
0.0853671 
0.0848547 
0.0837078 
0.0819597 
0.0796469 
0.0768128 
0.0735103 
0.0698029 
0.0657632 
0.0614688 
0.0569987 
0.0524358 
0.0478794 
0.0434549 
0.0392939 
0.0354857 
0.0320426 
0.0289163 
0.026042 
0.0233689 
0.0208657 
0.0185148 
0.0163052 
0.0142299 
0.0122837 
0.0104631 
0.00876625 
0.00719302 
0.00574473 
0.0044242 
0.00323578 
0.00218506 
0.00127762 
0.000521353 
-7.78585e-05 
-0.000514392 
-0.000792529 
-0.000915507 
-0.00089386 
-0.000744566 
-0.000493461 
-0.000173611 
0.000173611 
-0.00212058 
0.00212058 
0.00684652 
0.0116026 
0.0158065 
0.019614 
0.0231011 
0.0264368 
0.0297598 
0.0331732 
0.0367331 
0.0404521 
0.0443087 
0.0482559 
0.0522279 
0.0561444 
0.059911 
0.0634196 
0.0665556 
0.0692095 
0.0713048 
0.0727765 
0.0736036 
0.0738232 
0.0734629 
0.0725557 
0.0711324 
0.0692217 
0.0668555 
0.0640724 
0.0609197 
0.0574528 
0.0537326 
0.0498264 
0.045817 
0.0418193 
0.0379791 
0.0344294 
0.0312314 
0.0283574 
0.0257314 
0.0232816 
0.0209631 
0.0187544 
0.0166468 
0.0146373 
0.0127245 
0.0109087 
0.00919082 
0.00757314 
0.00605923 
0.00465386 
0.00336386 
0.00219686 
0.00116346 
0.000274726 
-0.000454405 
-0.00101519 
-0.00140358 
-0.00161327 
-0.00164499 
-0.00150511 
-0.00120951 
-0.000786378 
-0.000274443 
0.000274443 
-0.00174987 
0.00174987 
0.00560415 
0.0094187 
0.012652 
0.0155283 
0.0181266 
0.0206215 
0.0231447 
0.0257915 
0.0286125 
0.031619 
0.0347942 
0.0380996 
0.0414807 
0.0448698 
0.048185 
0.0513254 
0.0541764 
0.056622 
0.0585798 
0.0599769 
0.0608034 
0.0611118 
0.0609359 
0.0603065 
0.0592477 
0.0577792 
0.0559224 
0.0537044 
0.0511585 
0.0483241 
0.0452468 
0.0419848 
0.0386266 
0.0353041 
0.0321714 
0.0293399 
0.0268247 
0.0245571 
0.0224458 
0.0204245 
0.0184614 
0.0165475 
0.0146837 
0.0128741 
0.0111236 
0.00943703 
0.00781978 
0.00627785 
0.00481827 
0.00344958 
0.00218152 
0.00102764 
2.03997e-06 
-0.000871308 
-0.00158468 
-0.00211883 
-0.00246445 
-0.00260637 
-0.00253854 
-0.00226254 
-0.00179172 
-0.00115657 
-0.000402777 
0.000402777 
-0.00133587 
0.00133587 
0.00422594 
0.00702833 
0.00928845 
0.0112607 
0.013011 
0.0146993 
0.016439 
0.0183106 
0.0203592 
0.0225971 
0.0250162 
0.0275897 
0.0302773 
0.0330266 
0.0357741 
0.0384369 
0.0409111 
0.0430826 
0.0448637 
0.0461729 
0.0470233 
0.0474762 
0.0475555 
0.0472749 
0.0466434 
0.0456703 
0.0443689 
0.0427573 
0.0408579 
0.0386972 
0.0363102 
0.0337548 
0.0311325 
0.0285886 
0.0262637 
0.0242208 
0.0224186 
0.0207583 
0.0191497 
0.0175429 
0.0159235 
0.0142952 
0.012668 
0.0110525 
0.00945861 
0.00789564 
0.00637258 
0.00489876 
0.00348437 
0.00214105 
0.000883188 
-0.000269737 
-0.0012945 
-0.00217369 
-0.00288712 
-0.00340976 
-0.00372212 
-0.00380003 
-0.00362786 
-0.00319883 
-0.00252088 
-0.00162568 
-0.000566926 
0.000566926 
-0.00090147 
0.00090147 
0.0027972 
0.00457678 
0.00590668 
0.00702205 
0.00797322 
0.00888918 
0.00986067 
0.0109506 
0.0122009 
0.0136271 
0.015232 
0.017002 
0.0189113 
0.0209214 
0.0229883 
0.0250564 
0.0270492 
0.0288667 
0.0304187 
0.0316602 
0.032618 
0.0333115 
0.0337309 
0.0338672 
0.0337161 
0.03328 
0.0325668 
0.0315882 
0.030358 
0.0288945 
0.0272313 
0.025437 
0.0236294 
0.0219504 
0.020496 
0.0192606 
0.0181533 
0.0170652 
0.0159239 
0.0147028 
0.013405 
0.0120456 
0.0106419 
0.00920969 
0.00776306 
0.00631469 
0.00487657 
0.00346056 
0.00207969 
0.000748491 
-0.00051139 
-0.0016767 
-0.00272592 
-0.00363473 
-0.00437354 
-0.00490671 
-0.00520553 
-0.00523191 
-0.00495656 
-0.00435958 
-0.00343885 
-0.00222462 
-0.000778986 
0.000778986 
-0.000464588 
0.000464588 
0.00138529 
0.00217677 
0.00264424 
0.00296144 
0.00316908 
0.00335326 
0.0035823 
0.0039017 
0.00435236 
0.0049543 
0.00572225 
0.00665556 
0.00774303 
0.00895912 
0.0102753 
0.0116627 
0.0130944 
0.0145093 
0.015821 
0.0170625 
0.0181994 
0.0191853 
0.0199776 
0.0205523 
0.0208968 
0.0210088 
0.0208915 
0.0205508 
0.0199945 
0.01924 
0.0183309 
0.0173533 
0.0164302 
0.0156676 
0.0150885 
0.0146189 
0.0141415 
0.0135618 
0.0128359 
0.0119612 
0.0109557 
0.00984268 
0.00864461 
0.00738102 
0.00606884 
0.00472312 
0.00335767 
0.00198642 
0.000624014 
-0.000709102 
-0.00198916 
-0.00319402 
-0.00429697 
-0.00526479 
-0.00605953 
-0.00663435 
-0.00694838 
-0.0069457 
-0.00657662 
-0.00580056 
-0.00459799 
-0.0029928 
-0.00105472 
0.00105472 
-3.52378e-05 
3.52378e-05 
3.57766e-05 
-9.05429e-05 
-0.00040621 
-0.000818289 
-0.00129148 
-0.00178713 
-0.00225725 
-0.00267108 
-0.00298807 
-0.00318253 
-0.00322903 
-0.00311459 
-0.00283463 
-0.00239897 
-0.00182164 
-0.00111633 
-0.000263906 
0.000759365 
0.00190669 
0.00319622 
0.00448172 
0.00571292 
0.00683011 
0.0078037 
0.00861292 
0.00924843 
0.00970644 
0.00998721 
0.0100967 
0.0100622 
0.00994517 
0.00983928 
0.00984017 
0.00998339 
0.0102118 
0.0104082 
0.0104616 
0.0103093 
0.0099382 
0.00936526 
0.00861823 
0.00772552 
0.00671237 
0.00560036 
0.00440791 
0.00315115 
0.00184494 
0.000503715 
-0.000854738 
-0.00220786 
-0.00353394 
-0.00480798 
-0.00599735 
-0.00706189 
-0.00795477 
-0.00861551 
-0.00898785 
-0.00899178 
-0.00854822 
-0.00758533 
-0.00605638 
-0.00397269 
-0.001411 
0.001411 
0.00038783 
-0.00038783 
-0.00123024 
-0.00217199 
-0.00318444 
-0.0042466 
-0.00533154 
-0.00644235 
-0.00754889 
-0.00863152 
-0.00965106 
-0.0105758 
-0.0113709 
-0.0120086 
-0.0124664 
-0.0127313 
-0.0127955 
-0.0126528 
-0.0122778 
-0.0116141 
-0.0106777 
-0.00945252 
-0.00811173 
-0.00671681 
-0.00534055 
-0.00402185 
-0.00279204 
-0.0016692 
-0.000663888 
0.000222377 
0.00100211 
0.00171564 
0.00243263 
0.00322243 
0.0041155 
0.00506597 
0.00596323 
0.00668657 
0.00715652 
0.0073467 
0.0072687 
0.00695154 
0.0064279 
0.00572794 
0.00487772 
0.00389917 
0.00281086 
0.00162871 
0.000367206 
-0.000959658 
-0.00233098 
-0.00372769 
-0.00512784 
-0.00650357 
-0.00781808 
-0.00902468 
-0.0100672 
-0.0108696 
-0.0113561 
-0.0114136 
-0.0109198 
-0.00975814 
-0.00784645 
-0.00518196 
-0.00185344 
0.00185344 
0.000794918 
-0.000794918 
-0.0023907 
-0.00403692 
-0.00566002 
-0.00728835 
-0.00890639 
-0.0105508 
-0.0122078 
-0.0138684 
-0.0154959 
-0.0170547 
-0.018502 
-0.0197967 
-0.0208984 
-0.0217708 
-0.0223809 
-0.0226991 
-0.0226946 
-0.0223311 
-0.021632 
-0.0205586 
-0.0192478 
-0.017773 
-0.0162106 
-0.0146098 
-0.013011 
-0.0114392 
-0.00990802 
-0.00841623 
-0.00694275 
-0.00544891 
-0.0038932 
-0.00226354 
-0.000604956 
0.000977923 
0.00236418 
0.00346509 
0.00424115 
0.00469489 
0.00485227 
0.00474711 
0.00441273 
0.00387854 
0.00316958 
0.0023069 
0.00130748 
0.000185996 
-0.00104683 
-0.00237277 
-0.00377562 
-0.00523875 
-0.00674065 
-0.00825255 
-0.00973539 
-0.0111369 
-0.0123907 
-0.0134019 
-0.0140654 
-0.0142206 
-0.0136834 
-0.0122831 
-0.00990863 
-0.00655969 
-0.00235347 
0.00235347 
0.00116799 
-0.00116799 
-0.00342622 
-0.00568181 
-0.0078331 
-0.00994207 
-0.0120035 
-0.014082 
-0.0161807 
-0.0183027 
-0.0204156 
-0.0224825 
-0.0244554 
-0.026284 
-0.0279145 
-0.0292933 
-0.030369 
-0.0310953 
-0.0314297 
-0.0313396 
-0.0308477 
-0.029921 
-0.0286696 
-0.0271595 
-0.0254612 
-0.0236262 
-0.0216981 
-0.0197049 
-0.0176608 
-0.0155653 
-0.0134056 
-0.0111711 
-0.00887343 
-0.00656549 
-0.00434631 
-0.0023359 
-0.000629597 
0.000720558 
0.00171042 
0.00236086 
0.00270311 
0.00277053 
0.00259415 
0.00220085 
0.0016135 
0.000850267 
-7.4601e-05 
-0.00115128 
-0.00236537 
-0.00370368 
-0.00515467 
-0.00670492 
-0.00833526 
-0.0100185 
-0.011715 
-0.0133678 
-0.0148966 
-0.0161814 
-0.0170671 
-0.0173231 
-0.0166886 
-0.0149542 
-0.0120192 
-0.00792505 
-0.00283637 
0.00283637 
0.0015009 
-0.0015009 
-0.00433566 
-0.00711657 
-0.00971751 
-0.0122231 
-0.0146351 
-0.0170412 
-0.019462 
-0.0219145 
-0.0243733 
-0.026803 
-0.0291542 
-0.0313717 
-0.0333942 
-0.0351572 
-0.0365971 
-0.0376552 
-0.0382798 
-0.0384365 
-0.0381373 
-0.037345 
-0.0361548 
-0.0346235 
-0.0328122 
-0.0307696 
-0.0285387 
-0.0261494 
-0.023622 
-0.02097 
-0.0182097 
-0.0153756 
-0.0125334 
-0.0097798 
-0.00722941 
-0.00498179 
-0.00309666 
-0.00159152 
-0.000453667 
0.000341743 
0.000827205 
0.00103358 
0.000988172 
0.000714033 
0.000230816 
-0.00044878 
-0.001313 
-0.00235197 
-0.00355514 
-0.00491545 
-0.00642654 
-0.0080798 
-0.00986101 
-0.0117471 
-0.0136994 
-0.0156548 
-0.0175104 
-0.0191019 
-0.0201925 
-0.020458 
-0.0195835 
-0.0173818 
-0.0138266 
-0.00903484 
-0.00321271 
0.00321271 
0.00179401 
-0.00179401 
-0.0051265 
-0.0083579 
-0.0113375 
-0.014163 
-0.0168382 
-0.019468 
-0.0220911 
-0.0247401 
-0.0273998 
-0.0300392 
-0.0326104 
-0.0350576 
-0.0373174 
-0.0393215 
-0.0410001 
-0.0422873 
-0.0431233 
-0.043468 
-0.0433209 
-0.0426395 
-0.0415024 
-0.039954 
-0.0380457 
-0.0358227 
-0.033329 
-0.0306019 
-0.0276773 
-0.0245954 
-0.0214097 
-0.0181963 
-0.0150532 
-0.0120891 
-0.00940331 
-0.00706337 
-0.00509898 
-0.00350929 
-0.00227678 
-0.00137573 
-0.000778496 
-0.000459743 
-0.000396546 
-0.000570006 
-0.000965079 
-0.00157152 
-0.00238062 
-0.00338526 
-0.00458101 
-0.00596706 
-0.0075433 
-0.00930791 
-0.0112541 
-0.0133647 
-0.0156016 
-0.0178877 
-0.0200781 
-0.021931 
-0.0231054 
-0.0231874 
-0.0218976 
-0.0191502 
-0.0150303 
-0.00972004 
-0.00343151 
0.00343151 
0.00205033 
-0.00205033 
-0.00581058 
-0.00942731 
-0.0127246 
-0.0158053 
-0.0186688 
-0.0214311 
-0.0241473 
-0.0268678 
-0.029591 
-0.0322934 
-0.0349306 
-0.0374491 
-0.0397874 
-0.0418784 
-0.0436524 
-0.0450417 
-0.0459835 
-0.0464328 
-0.0463765 
-0.0457692 
-0.0446695 
-0.0431078 
-0.0411281 
-0.0387745 
-0.0360957 
-0.0331422 
-0.0299709 
-0.0266496 
-0.0232612 
-0.0199038 
-0.0166819 
-0.013692 
-0.0110075 
-0.00866972 
-0.00669136 
-0.00506585 
-0.00377643 
-0.00280173 
-0.00212021 
-0.00171137 
-0.00155718 
-0.00164313 
-0.0019589 
-0.0024968 
-0.00325156 
-0.00422068 
-0.00540617 
-0.00681364 
-0.00845027 
-0.0103228 
-0.0124333 
-0.0147703 
-0.01729 
-0.0198852 
-0.0223398 
-0.024307 
-0.02536 
-0.0250566 
-0.0232675 
-0.0200322 
-0.0155239 
-0.00995084 
-0.00349235 
0.00349235 
0.00227387 
-0.00227387 
-0.00640111 
-0.0103479 
-0.0139136 
-0.0171995 
-0.0201946 
-0.0230184 
-0.0257386 
-0.0284248 
-0.031093 
-0.0337305 
-0.0362993 
-0.0387499 
-0.0410246 
-0.0430609 
-0.0447935 
-0.0461579 
-0.0470934 
-0.0475538 
-0.0475179 
-0.0469431 
-0.0458647 
-0.044302 
-0.0422939 
-0.0398855 
-0.0371326 
-0.034099 
-0.030859 
-0.0274983 
-0.0241123 
-0.0208009 
-0.0176574 
-0.0147582 
-0.012155 
-0.0098738 
-0.00792139 
-0.00629194 
-0.00497285 
-0.0039485 
-0.00320282 
-0.00272035 
-0.00248797 
-0.00249544 
-0.00273629 
-0.00320568 
-0.00390229 
-0.00482889 
-0.00599346 
-0.0074081 
-0.00908782 
-0.0110484 
-0.0133 
-0.0158324 
-0.0185839 
-0.0213949 
-0.0239589 
-0.0258346 
-0.0265743 
-0.0258051 
-0.0235853 
-0.0200322 
-0.0153607 
-0.00978048 
-0.0034173 
0.0034173 
0.00246866 
-0.00246866 
-0.00691064 
-0.0111413 
-0.0149371 
-0.0183939 
-0.0214847 
-0.024324 
-0.0269865 
-0.0295596 
-0.0320804 
-0.0345528 
-0.0369485 
-0.0392236 
-0.0413257 
-0.043198 
-0.044782 
-0.04602 
-0.0468576 
-0.0472511 
-0.0471757 
-0.046596 
-0.0455274 
-0.043983 
-0.0419979 
-0.0396188 
-0.0369063 
-0.033932 
-0.030778 
-0.027534 
-0.0242933 
-0.0211451 
-0.0181664 
-0.0154161 
-0.0129324 
-0.0107352 
-0.00883105 
-0.0072176 
-0.00588729 
-0.00482985 
-0.0040342 
-0.0034896 
-0.00318733 
-0.00312087 
-0.00328664 
-0.00368301 
-0.00431264 
-0.00518309 
-0.00630742 
-0.00770364 
-0.00939395 
-0.0114016 
-0.0137411 
-0.0163951 
-0.0192701 
-0.0221418 
-0.0246246 
-0.0262376 
-0.0265855 
-0.0254262 
-0.0229421 
-0.0192698 
-0.0146427 
-0.00927505 
-0.00322838 
0.00322838 
0.00263809 
-0.00263809 
-0.00734944 
-0.0118249 
-0.0158215 
-0.0194283 
-0.0225989 
-0.0254347 
-0.0280088 
-0.0304215 
-0.0327329 
-0.0349694 
-0.0371186 
-0.0391458 
-0.0410043 
-0.0426435 
-0.044012 
-0.0450599 
-0.0457411 
-0.0460173 
-0.0458636 
-0.0452541 
-0.0441909 
-0.042685 
-0.0407684 
-0.0384873 
-0.0359024 
-0.0330854 
-0.0301161 
-0.0270786 
-0.0240555 
-0.0211219 
-0.0183403 
-0.0157579 
-0.0134061 
-0.0113033 
-0.00945811 
-0.00787186 
-0.00654161 
-0.00546161 
-0.00462508 
-0.00402527 
-0.003657 
-0.00351677 
-0.00360329 
-0.00391801 
-0.00446688 
-0.00526102 
-0.00631714 
-0.00765762 
-0.00930955 
-0.0113 
-0.0136418 
-0.0163019 
-0.0191494 
-0.0219071 
-0.0241525 
-0.025431 
-0.0254395 
-0.0240535 
-0.0214854 
-0.0178691 
-0.0134588 
-0.00848767 
-0.0029423 
0.0029423 
0.00278444 
-0.00278444 
-0.00772449 
-0.0124099 
-0.0165836 
-0.0203285 
-0.0235787 
-0.0264162 
-0.0289024 
-0.0311416 
-0.0332138 
-0.0351721 
-0.0370281 
-0.0387627 
-0.0403378 
-0.0417087 
-0.0428301 
-0.0436596 
-0.0441585 
-0.0442949 
-0.0440464 
-0.0433951 
-0.0423374 
-0.0408839 
-0.0390637 
-0.0369198 
-0.0345084 
-0.0318952 
-0.0291519 
-0.0263516 
-0.0235643 
-0.0208525 
-0.018268 
-0.0158506 
-0.0136286 
-0.0116205 
-0.00983694 
-0.00828254 
-0.00695794 
-0.00586095 
-0.00498812 
-0.0043359 
-0.00390168 
-0.00368427 
-0.00368417 
-0.0039052 
-0.00435526 
-0.00504737 
-0.0059998 
-0.00723668 
-0.0087862 
-0.0106742 
-0.0129057 
-0.0154293 
-0.0180863 
-0.0205792 
-0.0225023 
-0.0234709 
-0.0232685 
-0.0218272 
-0.0193296 
-0.0159165 
-0.0118716 
-0.00745649 
-0.00257131 
0.00257131 
0.00290877 
-0.00290877 
-0.00803928 
-0.012901 
-0.0172289 
-0.0211029 
-0.0244409 
-0.0273027 
-0.0297292 
-0.0318161 
-0.0336535 
-0.0353202 
-0.0368583 
-0.0382735 
-0.0395434 
-0.040631 
-0.041496 
-0.0421008 
-0.0424127 
-0.0424052 
-0.0420591 
-0.0413627 
-0.0403115 
-0.0389156 
-0.0372005 
-0.0352044 
-0.0329762 
-0.0305726 
-0.0280548 
-0.0254845 
-0.0229202 
-0.0204142 
-0.0180106 
-0.0157445 
-0.0136425 
-0.011723 
-0.00999846 
-0.00847565 
-0.0071578 
-0.00604526 
-0.00513702 
-0.00443185 
-0.00392885 
-0.00362842 
-0.00353216 
-0.00364513 
-0.00397551 
-0.00453618 
-0.00534441 
-0.00642261 
-0.00779544 
-0.00948228 
-0.0114771 
-0.0137153 
-0.0160322 
-0.0181512 
-0.0197273 
-0.0204608 
-0.0201878 
-0.0188311 
-0.0165286 
-0.0134558 
-0.00992013 
-0.00620731 
-0.00212479 
0.00212479 
0.00301085 
-0.00301085 
-0.00829443 
-0.0132974 
-0.0177539 
-0.0217441 
-0.0251765 
-0.0280911 
-0.0305043 
-0.0324905 
-0.0341344 
-0.0355294 
-0.036748 
-0.0378298 
-0.0387787 
-0.0395728 
-0.0401785 
-0.0405611 
-0.0406908 
-0.0405443 
-0.040105 
-0.0393641 
-0.0383186 
-0.036977 
-0.0353612 
-0.0335035 
-0.031445 
-0.0292329 
-0.0269182 
-0.0245523 
-0.0221841 
-0.0198581 
-0.0176127 
-0.0154795 
-0.0134833 
-0.0116427 
-0.0099707 
-0.0084755 
-0.00716196 
-0.00603209 
-0.00508648 
-0.00432547 
-0.00374906 
-0.00335849 
-0.00315554 
-0.00314514 
-0.00333407 
-0.00373299 
-0.00435532 
-0.00521804 
-0.0063377 
-0.00772323 
-0.00935761 
-0.0111733 
-0.0130253 
-0.0146936 
-0.0159214 
-0.0164919 
-0.0162583 
-0.0150844 
-0.0130822 
-0.0104999 
-0.00762861 
-0.00475845 
-0.00161057 
0.00161057 
0.00308951 
-0.00308951 
-0.00848953 
-0.0135968 
-0.0181509 
-0.0222352 
-0.0257571 
-0.028745 
-0.0311932 
-0.0331485 
-0.0346738 
-0.035858 
-0.0367909 
-0.0375459 
-0.038164 
-0.0386516 
-0.0389901 
-0.0391495 
-0.0391001 
-0.0388187 
-0.0382891 
-0.0375027 
-0.0364587 
-0.0351625 
-0.0336322 
-0.0318939 
-0.0299811 
-0.0279326 
-0.0257903 
-0.023597 
-0.021394 
-0.0192194 
-0.0171073 
-0.0150863 
-0.0131797 
-0.0114054 
-0.00977696 
-0.00830282 
-0.00698876 
-0.00583776 
-0.00485124 
-0.00403043 
-0.00337534 
-0.00288739 
-0.00256746 
-0.00241924 
-0.00244651 
-0.00265584 
-0.00305422 
-0.00365007 
-0.00444815 
-0.00544467 
-0.00661334 
-0.00789418 
-0.00918036 
-0.0103313 
-0.0111928 
-0.011632 
-0.0115021 
-0.0105662 
-0.00896908 
-0.00705606 
-0.00502061 
-0.00312812 
-0.00103726 
0.00103726 
0.00314002 
-0.00314002 
-0.00862428 
-0.0137995 
-0.0184159 
-0.0225615 
-0.0261499 
-0.029209 
-0.0317217 
-0.033711 
-0.0352099 
-0.0362824 
-0.0370114 
-0.037487 
-0.0377858 
-0.0379549 
-0.0380072 
-0.0379288 
-0.0376935 
-0.0372754 
-0.0366553 
-0.0358217 
-0.0347736 
-0.0335114 
-0.0320497 
-0.0304086 
-0.0286149 
-0.0266999 
-0.0246981 
-0.0226452 
-0.0205764 
-0.0185249 
-0.0165211 
-0.0145909 
-0.0127565 
-0.0110346 
-0.00943881 
-0.00797743 
-0.00665654 
-0.00547945 
-0.00444766 
-0.00356272 
-0.00282382 
-0.00223203 
-0.0017863 
-0.00148822 
-0.00133732 
-0.00133495 
-0.00147983 
-0.00176986 
-0.00219592 
-0.00274087 
-0.00337066 
-0.00403815 
-0.0046815 
-0.00524592 
-0.00568419 
-0.00596109 
-0.0059414 
-0.00525265 
-0.00420357 
-0.00316356 
-0.00214061 
-0.00134632 
-0.000417884 
0.000417884 
0.00316492 
-0.00316492 
-0.00870174 
-0.013916 
-0.0185593 
-0.0227262 
-0.0263395 
-0.0294372 
-0.032006 
-0.0340597 
-0.0356078 
-0.0366814 
-0.0373329 
-0.0376387 
-0.0376872 
-0.0375602 
-0.0373148 
-0.0369736 
-0.0365291 
-0.0359583 
-0.0352366 
-0.0343465 
-0.0332809 
-0.0320384 
-0.0306265 
-0.0290599 
-0.0273589 
-0.0255484 
-0.0236565 
-0.0217131 
-0.0197485 
-0.0177919 
-0.015871 
-0.0140096 
-0.0122289 
-0.0105445 
-0.00897 
-0.00751287 
-0.00617886 
-0.00497111 
-0.0038903 
-0.0029379 
-0.00211136 
-0.00141096 
-0.000832963 
-0.000377017 
-3.76983e-05 
0.000189165 
0.000314113 
0.000349419 
0.000317716 
0.000248055 
0.000182191 
0.000156198 
0.000197164 
0.00028747 
0.000386472 
0.000409827 
0.000399451 
0.000801889 
0.00107474 
0.00105862 
0.000924519 
0.000533857 
0.00022627 
-0.00022627 
0.00317992 
-0.00317992 
-0.00874115 
-0.0139724 
-0.0186142 
-0.0227636 
-0.02635 
-0.0294271 
-0.0319984 
-0.0340884 
-0.0357032 
-0.0368524 
-0.0375528 
-0.0378424 
-0.0377839 
-0.0374598 
-0.0369563 
-0.0363422 
-0.0356538 
-0.0348939 
-0.0340436 
-0.0330787 
-0.0319811 
-0.0307443 
-0.0293644 
-0.027851 
-0.0262185 
-0.0244856 
-0.0226752 
-0.0208125 
-0.0189238 
-0.0170356 
-0.0151736 
-0.01336 
-0.0116155 
-0.009954 
-0.00838952 
-0.00692796 
-0.0055743 
-0.00433132 
-0.00319777 
-0.00217516 
-0.00125796 
-0.000446541 
0.000265206 
0.00088082 
0.0014114 
0.0018666 
0.00226463 
0.00262659 
0.00298618 
0.00338199 
0.0038622 
0.00445578 
0.00516698 
0.00592723 
0.00663237 
0.00710626 
0.00727924 
0.00716457 
0.00650952 
0.00538174 
0.00403914 
0.00243297 
0.000867934 
-0.000867934 
0.0031926 
-0.0031926 
-0.00877861 
-0.014014 
-0.0186383 
-0.0227422 
-0.0262553 
-0.0292432 
-0.0317321 
-0.0337722 
-0.0353903 
-0.0366016 
-0.0374072 
-0.0378092 
-0.0378232 
-0.0374906 
-0.03688 
-0.036076 
-0.0351581 
-0.0341793 
-0.0331565 
-0.0320771 
-0.030917 
-0.029656 
-0.0282837 
-0.0267983 
-0.0252075 
-0.0235242 
-0.0217662 
-0.0199545 
-0.0181127 
-0.0162648 
-0.0144352 
-0.0126456 
-0.0109174 
-0.009263 
-0.00769799 
-0.00622559 
-0.00484808 
-0.00356808 
-0.00238077 
-0.00128822 
-0.000281255 
0.000637238 
0.0014806 
0.00225439 
0.00297417 
0.00365381 
0.00431764 
0.00499363 
0.00572317 
0.00655067 
0.00752641 
0.0086723 
0.0099727 
0.0113209 
0.0125597 
0.0134534 
0.013816 
0.01315 
0.0116591 
0.00950764 
0.00702613 
0.00424906 
0.00147839 
-0.00147839 
0.00320934 
-0.00320934 
-0.00883857 
-0.0140972 
-0.0187027 
-0.022752 
-0.0261652 
-0.0290104 
-0.0313313 
-0.0332077 
-0.0347014 
-0.0358597 
-0.0367017 
-0.0372243 
-0.0374119 
-0.0372536 
-0.0367597 
-0.0359726 
-0.0349636 
-0.0338164 
-0.0326016 
-0.0313567 
-0.0300836 
-0.0287621 
-0.0273696 
-0.0258894 
-0.0243167 
-0.0226582 
-0.0209266 
-0.019139 
-0.0173169 
-0.0154837 
-0.0136646 
-0.0118812 
-0.0101555 
-0.00849649 
-0.00692192 
-0.00543192 
-0.00402533 
-0.00270582 
-0.00146266 
-0.000301501 
0.000790637 
0.00181428 
0.00278632 
0.00371403 
0.00461589 
0.00550912 
0.00642197 
0.00738677 
0.00844834 
0.00965248 
0.0110455 
0.0126394 
0.0143967 
0.0161799 
0.0177824 
0.0189157 
0.0192823 
0.0182635 
0.0161371 
0.0131496 
0.00969414 
0.00588146 
0.00202818 
-0.00202818 
0.00323376 
-0.00323376 
-0.00893469 
-0.0142487 
-0.0188727 
-0.0228741 
-0.0261887 
-0.0288696 
-0.0309691 
-0.0325881 
-0.0338228 
-0.0347623 
-0.0354675 
-0.0359676 
-0.0362588 
-0.0363131 
-0.0360929 
-0.0355721 
-0.0347535 
-0.0336783 
-0.0324178 
-0.0310508 
-0.0296369 
-0.0281999 
-0.0267316 
-0.0252098 
-0.0236157 
-0.0219438 
-0.0202016 
-0.018403 
-0.0165671 
-0.0147154 
-0.0128731 
-0.0110625 
-0.00931047 
-0.00762523 
-0.00603234 
-0.0045252 
-0.00309 
-0.00173566 
-0.000442922 
0.000776834 
0.00194762 
0.00307031 
0.00416341 
0.00523585 
0.00630733 
0.00739706 
0.00853449 
0.00975332 
0.0110973 
0.0126089 
0.0143247 
0.0162426 
0.0183027 
0.0203417 
0.022115 
0.0232918 
0.0235269 
0.0222714 
0.0197182 
0.0161261 
0.0119163 
0.0072591 
0.00249549 
-0.00249549 
0.00326661 
-0.00326661 
-0.00906826 
-0.0144735 
-0.0191583 
-0.0231562 
-0.0263895 
-0.0289182 
-0.0307866 
-0.0321074 
-0.0329997 
-0.0335862 
-0.0339688 
-0.034222 
-0.0343862 
-0.0344659 
-0.0344314 
-0.0342284 
-0.0337956 
-0.0330884 
-0.0320984 
-0.0308599 
-0.0294387 
-0.0279072 
-0.0263185 
-0.0246948 
-0.0230312 
-0.0213157 
-0.0195356 
-0.0176955 
-0.0158128 
-0.0139124 
-0.0120257 
-0.0101815 
-0.00840748 
-0.00669756 
-0.00508469 
-0.00355696 
-0.00208856 
-0.000702321 
0.000636576 
0.0019144 
0.00316121 
0.00437869 
0.00558604 
0.00679357 
0.00802077 
0.00928721 
0.0106211 
0.0120544 
0.013626 
0.0153707 
0.017311 
0.0194288 
0.0216428 
0.0237717 
0.0255494 
0.0266233 
0.026649 
0.0251956 
0.0223732 
0.0183892 
0.013647 
0.00835185 
0.00287061 
-0.00287061 
0.00330575 
-0.00330575 
-0.00923184 
-0.0147588 
-0.019541 
-0.0235819 
-0.0267723 
-0.0291768 
-0.0308357 
-0.0318657 
-0.0324011 
-0.0325863 
-0.0325484 
-0.0323917 
-0.0321939 
-0.032006 
-0.0318495 
-0.0317114 
-0.0315426 
-0.0312668 
-0.0308006 
-0.0300787 
-0.0290743 
-0.0278038 
-0.0263149 
-0.0246659 
-0.0229059 
-0.0210663 
-0.0191656 
-0.0172173 
-0.0152356 
-0.0132381 
-0.01125 
-0.0092983 
-0.00742173 
-0.00562271 
-0.00397529 
-0.00245099 
-0.000957818 
0.000446301 
0.00181309 
0.00313514 
0.00444225 
0.00574059 
0.00704822 
0.00837593 
0.00974109 
0.0111615 
0.0126614 
0.0142682 
0.0160123 
0.0179178 
0.0199915 
0.0221982 
0.0244398 
0.0265253 
0.0281845 
0.0290681 
0.0288625 
0.0272311 
0.0242292 
0.0200052 
0.0149143 
0.00916922 
0.00315573 
-0.00315573 
0.0033466 
-0.0033466 
-0.00941098 
-0.0150804 
-0.0199878 
-0.0241054 
-0.0272964 
-0.029605 
-0.0310827 
-0.0318476 
-0.0320486 
-0.0318498 
-0.0313954 
-0.0308015 
-0.0301546 
-0.0295199 
-0.0289486 
-0.0284783 
-0.0281242 
-0.0278685 
-0.0276533 
-0.0273881 
-0.026971 
-0.0263154 
-0.0253698 
-0.0241226 
-0.0225937 
-0.0208213 
-0.0188513 
-0.0167352 
-0.0145343 
-0.0123134 
-0.0101707 
-0.00814375 
-0.00626914 
-0.00447353 
-0.00283169 
-0.00131437 
0.000198385 
0.00161865 
0.00301604 
0.00438153 
0.00574687 
0.00712134 
0.00852235 
0.0099603 
0.0114495 
0.0130042 
0.0146428 
0.0163857 
0.0182529 
0.0202558 
0.0223854 
0.0245916 
0.0267646 
0.0287125 
0.0301747 
0.0308247 
0.0303864 
0.0285913 
0.0254609 
0.0210937 
0.0157891 
0.00974699 
0.00336162 
-0.00336162 
0.00338251 
-0.00338251 
-0.00958526 
-0.015405 
-0.0204529 
-0.0246705 
-0.0278909 
-0.0301343 
-0.0314523 
-0.0319747 
-0.0318647 
-0.0313126 
-0.0304849 
-0.0295106 
-0.028475 
-0.0274317 
-0.0264179 
-0.0254678 
-0.0246178 
-0.0239036 
-0.0233469 
-0.0229398 
-0.022634 
-0.0223452 
-0.0219737 
-0.0214302 
-0.0206525 
-0.0196085 
-0.0182888 
-0.0166961 
-0.0148428 
-0.0127469 
-0.0104471 
-0.00802096 
-0.00562703 
-0.00337873 
-0.00153468 
-4.51724e-05 
0.00149704 
0.00296225 
0.0043683 
0.00574748 
0.00713837 
0.00856124 
0.0100323 
0.01156 
0.0131532 
0.0148201 
0.0165709 
0.0184162 
0.0203641 
0.0224123 
0.0245373 
0.0266767 
0.0287143 
0.0304646 
0.0316847 
0.0320838 
0.0314131 
0.0294695 
0.0262387 
0.0217858 
0.0163585 
0.0101333 
0.00350348 
-0.00350348 
0.00340494 
-0.00340494 
-0.00972882 
-0.0156906 
-0.0208801 
-0.0252103 
-0.0284797 
-0.0306831 
-0.0318586 
-0.0321538 
-0.0317474 
-0.0308602 
-0.0296899 
-0.0283873 
-0.0270464 
-0.025714 
-0.0244075 
-0.023132 
-0.0218932 
-0.0207053 
-0.0195953 
-0.0185988 
-0.0177487 
-0.0170585 
-0.0165101 
-0.0160532 
-0.0156167 
-0.0151262 
-0.0145162 
-0.0137278 
-0.0127093 
-0.0113939 
-0.0097017 
-0.00760154 
-0.0052124 
-0.00262609 
-0.000503902 
0.00116829 
0.0027858 
0.00427579 
0.00570736 
0.00711424 
0.00854035 
0.0100128 
0.0115497 
0.0131592 
0.0148456 
0.0166102 
0.0184542 
0.0203769 
0.0223739 
0.0244293 
0.0265067 
0.0285347 
0.0303956 
0.031915 
0.0328722 
0.0330146 
0.0321199 
0.0300299 
0.0267115 
0.0222027 
0.0167089 
0.0103789 
0.00359768 
-0.00359768 
0.00340373 
-0.00340373 
-0.00981065 
-0.0158869 
-0.021202 
-0.025644 
-0.0289731 
-0.0311539 
-0.0322057 
-0.0322865 
-0.0315971 
-0.0303879 
-0.0288928 
-0.0272904 
-0.0256915 
-0.024146 
-0.0226651 
-0.02124 
-0.0198553 
-0.0184973 
-0.0171598 
-0.0158487 
-0.0145856 
-0.0134061 
-0.012351 
-0.0114528 
-0.0107233 
-0.0101487 
-0.0096901 
-0.0092865 
-0.00887702 
-0.00840926 
-0.00774713 
-0.0068599 
-0.00568755 
-0.00419375 
-0.00217495 
0.000481325 
0.00295054 
0.00513118 
0.00690632 
0.00848632 
0.0100071 
0.0115473 
0.0131467 
0.0148233 
0.016583 
0.0184234 
0.0203375 
0.0223135 
0.0243333 
0.0263678 
0.0283686 
0.0302578 
0.0319194 
0.0331925 
0.0338803 
0.0337659 
0.0326537 
0.0304125 
0.0270054 
0.0224502 
0.016919 
0.0105321 
0.00366014 
-0.00366014 
0.00336735 
-0.00336735 
-0.0097952 
-0.015935 
-0.0213387 
-0.0258755 
-0.0292639 
-0.0314332 
-0.0323781 
-0.0322596 
-0.031306 
-0.0297941 
-0.0279959 
-0.0261191 
-0.0242936 
-0.0225751 
-0.0209723 
-0.01947 
-0.0180452 
-0.0166757 
-0.0153442 
-0.0140404 
-0.0127621 
-0.0115161 
-0.0103185 
-0.00919618 
-0.00818038 
-0.0073009 
-0.0065718 
-0.00599374 
-0.00552474 
-0.00516623 
-0.00478545 
-0.00434114 
-0.0037112 
-0.00288626 
-0.00137701 
0.000750503 
0.00312828 
0.00544019 
0.00750223 
0.00939725 
0.0111855 
0.0129364 
0.0146979 
0.016502 
0.0183656 
0.0202913 
0.0222711 
0.0242873 
0.0263124 
0.0283064 
0.0302117 
0.0319462 
0.0333972 
0.0344182 
0.034836 
0.0344646 
0.0331364 
0.0307322 
0.0272244 
0.022618 
0.0170583 
0.0106368 
0.00370557 
-0.00370557 
0.00328351 
-0.00328351 
-0.00964359 
-0.0157692 
-0.0211985 
-0.0257911 
-0.0292236 
-0.0313845 
-0.0322378 
-0.0319385 
-0.0307496 
-0.0289672 
-0.0269013 
-0.0247871 
-0.0227735 
-0.0209215 
-0.0192371 
-0.0176984 
-0.0162755 
-0.0149395 
-0.0136671 
-0.0124433 
-0.0112608 
-0.0101201 
-0.0090255 
-0.00798423 
-0.00700024 
-0.00608194 
-0.0052344 
-0.00448032 
-0.00380777 
-0.00323264 
-0.00274208 
-0.00229714 
-0.00173611 
-0.00107109 
-0.000141445 
0.0008977 
0.00211741 
0.00377084 
0.00599346 
0.00842716 
0.0108922 
0.0132773 
0.0155659 
0.0177807 
0.0199509 
0.0220973 
0.0242263 
0.0263289 
0.0283804 
0.0303399 
0.0321477 
0.0337227 
0.0349591 
0.0357256 
0.0358721 
0.0352401 
0.0336878 
0.0311082 
0.0274709 
0.0227919 
0.0171925 
0.0107341 
0.00374734 
-0.00374734 
0.00313997 
-0.00313997 
-0.00931614 
-0.0153202 
-0.0206814 
-0.0252625 
-0.0287036 
-0.0308491 
-0.0316245 
-0.0311684 
-0.0297863 
-0.0277837 
-0.0255046 
-0.0232075 
-0.0210583 
-0.0191221 
-0.0174013 
-0.0158674 
-0.0144832 
-0.0132139 
-0.0120306 
-0.0109128 
-0.0098471 
-0.00882832 
-0.00785523 
-0.00693326 
-0.00606445 
-0.00525435 
-0.0044923 
-0.00378037 
-0.00310088 
-0.00244189 
-0.0018301 
-0.00127461 
-0.00066466 
-2.15941e-05 
0.000852197 
0.00186724 
0.00300682 
0.00453908 
0.00646222 
0.00869515 
0.0111286 
0.013662 
0.0162285 
0.0187839 
0.0213017 
0.0237611 
0.0261429 
0.0284238 
0.0305723 
0.0325455 
0.0342857 
0.0357176 
0.0367468 
0.0372604 
0.0371316 
0.0362292 
0.0344358 
0.0316595 
0.0278705 
0.0230684 
0.0173887 
0.0108621 
0.00379685 
-0.00379685 
0.00292598 
-0.00292598 
-0.00877642 
-0.0145216 
-0.0196875 
-0.0241555 
-0.027541 
-0.0296497 
-0.0303607 
-0.0297793 
-0.0282632 
-0.0261133 
-0.023699 
-0.0212955 
-0.0190809 
-0.017123 
-0.01542 
-0.0139367 
-0.0126293 
-0.0114576 
-0.0103878 
-0.00939576 
-0.00846388 
-0.00758329 
-0.00674752 
-0.00595682 
-0.00520662 
-0.00449935 
-0.00382499 
-0.00318581 
-0.00256722 
-0.00195357 
-0.00134597 
-0.000742101 
-9.04686e-05 
0.000629759 
0.00148328 
0.00247013 
0.00364468 
0.00507835 
0.00675327 
0.00867922 
0.0108585 
0.0132803 
0.0159076 
0.018676 
0.0215179 
0.0243659 
0.0271516 
0.029806 
0.0322612 
0.0344483 
0.0362956 
0.0377256 
0.038654 
0.0389873 
0.0386264 
0.0374709 
0.0354327 
0.0324411 
0.0284748 
0.0235271 
0.0177073 
0.0110516 
0.00386136 
-0.00386136 
0.00263392 
-0.00263392 
-0.00799678 
-0.0133202 
-0.0181313 
-0.0223465 
-0.0255758 
-0.0276039 
-0.0282623 
-0.0275995 
-0.0260279 
-0.0238295 
-0.0213841 
-0.0189741 
-0.0167832 
-0.01488 
-0.0132585 
-0.011878 
-0.0106893 
-0.00964822 
-0.00871761 
-0.00787033 
-0.00708567 
-0.00635199 
-0.00565943 
-0.00500616 
-0.00438533 
-0.003798 
-0.00323252 
-0.00268684 
-0.00214676 
-0.00160212 
-0.00104467 
-0.000474786 
0.000153201 
0.000843532 
0.00165751 
0.00260948 
0.00371717 
0.00506258 
0.00666318 
0.00852302 
0.0106287 
0.012967 
0.0155179 
0.0182536 
0.0211355 
0.0241134 
0.0271131 
0.0300479 
0.0328168 
0.0353118 
0.0374221 
0.0390392 
0.0400603 
0.0403898 
0.0399408 
0.0386366 
0.0364173 
0.0332395 
0.0291 
0.0240027 
0.0180466 
0.0112622 
0.00393248 
-0.00393248 
0.00226114 
-0.00226114 
-0.00696445 
-0.0116871 
-0.0159604 
-0.0197502 
-0.0226811 
-0.0245495 
-0.0251596 
-0.0244766 
-0.0229485 
-0.0208263 
-0.0184789 
-0.0161845 
-0.0141237 
-0.0123639 
-0.0108955 
-0.00967481 
-0.00864944 
-0.00777325 
-0.0070074 
-0.00632364 
-0.00569971 
-0.00512268 
-0.00458064 
-0.00406976 
-0.00358114 
-0.00311403 
-0.00265743 
-0.00220887 
-0.00175568 
-0.00128883 
-0.000795805 
-0.000269631 
0.000318288 
0.000983126 
0.00176107 
0.00267427 
0.0037531 
0.00503996 
0.00654867 
0.00829723 
0.0102912 
0.01253 
0.0150005 
0.0176794 
0.0205328 
0.0235132 
0.026559 
0.0295907 
0.0325074 
0.03519 
0.0375082 
0.0393283 
0.0405213 
0.0409699 
0.0405756 
0.0392626 
0.0369827 
0.033711 
0.0294638 
0.0242609 
0.0182139 
0.0113533 
0.00396504 
-0.00396504 
0.00181119 
-0.00181119 
-0.0056866 
-0.00962862 
-0.0131745 
-0.0163493 
-0.0188058 
-0.0203899 
-0.0209332 
-0.0203148 
-0.0189431 
-0.0170405 
-0.0149374 
-0.0128964 
-0.0110839 
-0.00956425 
-0.00832566 
-0.00732455 
-0.00650833 
-0.00583162 
-0.00525616 
-0.00475443 
-0.00430426 
-0.00389267 
-0.00350734 
-0.00314384 
-0.00279308 
-0.00245352 
-0.00211475 
-0.00177338 
-0.00141751 
-0.00104014 
-0.000627668 
-0.000173424 
0.000348098 
0.000950186 
0.00166524 
0.00251776 
0.00353112 
0.00474628 
0.00618336 
0.00786165 
0.00978913 
0.0119698 
0.0143986 
0.0170601 
0.0199242 
0.0229434 
0.0260494 
0.0291522 
0.0321418 
0.0348882 
0.0372626 
0.039136 
0.0403818 
0.0408803 
0.0405265 
0.0392376 
0.0369626 
0.0336783 
0.0294084 
0.024184 
0.0181272 
0.0112791 
0.00392875 
-0.00392875 
0.00129391 
-0.00129391 
-0.0041922 
-0.00719243 
-0.00983648 
-0.0122196 
-0.0140233 
-0.0151702 
-0.0155775 
-0.01511 
-0.014009 
-0.0124722 
-0.0107646 
-0.00911858 
-0.0076758 
-0.00649427 
-0.00556206 
-0.00483904 
-0.00427616 
-0.00383166 
-0.00347049 
-0.00316775 
-0.00290327 
-0.00266528 
-0.00244242 
-0.00223036 
-0.00202067 
-0.00181139 
-0.00159347 
-0.00136362 
-0.00111147 
-0.000830467 
-0.000507763 
-0.00013432 
0.000309998 
0.000841069 
0.0014853 
0.00226617 
0.00320828 
0.00434293 
0.0056912 
0.00727643 
0.00911475 
0.0112189 
0.0135922 
0.0162269 
0.0190981 
0.0221586 
0.0253342 
0.0285229 
0.0315974 
0.0344167 
0.0368302 
0.0387061 
0.0399252 
0.040382 
0.0399872 
0.0386713 
0.0363899 
0.0331217 
0.0288897 
0.0237267 
0.0177574 
0.0110313 
0.00383172 
-0.00383172 
0.000723285 
-0.000723285 
-0.00252754 
-0.00446298 
-0.00606502 
-0.00751767 
-0.00851038 
-0.0090742 
-0.00924816 
-0.00899595 
-0.00825656 
-0.00720695 
-0.00602869 
-0.00490606 
-0.00394544 
-0.0031929 
-0.00263745 
-0.00224543 
-0.00197517 
-0.0017914 
-0.00166496 
-0.00157545 
-0.00150646 
-0.00144867 
-0.00139297 
-0.00133605 
-0.00127116 
-0.0011967 
-0.00110528 
-0.000994016 
-0.000854034 
-0.000679753 
-0.000459152 
-0.000183463 
0.000166029 
0.000604444 
0.00115614 
0.00184331 
0.00268877 
0.00372265 
0.00496832 
0.00645225 
0.00819629 
0.0102206 
0.0125372 
0.0151466 
0.0180293 
0.0211383 
0.0243937 
0.0276813 
0.0308581 
0.0337618 
0.0362294 
0.0380944 
0.0392494 
0.0396034 
0.0390923 
0.0376775 
0.0353415 
0.0320784 
0.0279144 
0.0228794 
0.017091 
0.0105995 
0.0036716 
-0.0036716 
0.000113513 
-0.000113513 
-0.000748163 
-0.0015549 
-0.00202114 
-0.00245246 
-0.00252501 
-0.00245842 
-0.00235963 
-0.00226939 
-0.00192195 
-0.00142075 
-0.000860774 
-0.000355734 
3.32179e-05 
0.000281085 
0.000399849 
0.000416317 
0.000361917 
0.000262625 
0.000139133 
5.4221e-06 
-0.000127523 
-0.000253928 
-0.000367962 
-0.000468024 
-0.000549666 
-0.000612134 
-0.000650111 
-0.000661495 
-0.000639244 
-0.000578498 
-0.000468508 
-0.000300334 
-5.71128e-05 
0.000275757 
0.000719806 
0.00129529 
0.00202471 
0.00293642 
0.00405617 
0.00541471 
0.00704102 
0.00896366 
0.0112036 
0.0137694 
0.0166467 
0.0197887 
0.0231094 
0.0264835 
0.0297524 
0.0327364 
0.0352536 
0.0371176 
0.0382075 
0.0384428 
0.0377824 
0.0362286 
0.0338065 
0.0305408 
0.0264718 
0.0216279 
0.0161142 
0.00997318 
0.00344513 
-0.00344513 
-0.000515159 
0.000515159 
0.00108166 
0.00142177 
0.0021141 
0.00274304 
0.00355569 
0.00417671 
0.00454779 
0.00464505 
0.00468448 
0.00466655 
0.00458262 
0.00441397 
0.00416561 
0.00384956 
0.0034856 
0.00309408 
0.00269355 
0.00229756 
0.00191593 
0.00155438 
0.00121721 
0.000905668 
0.000621583 
0.000364217 
0.000135295 
-6.57796e-05 
-0.000235909 
-0.000374144 
-0.000475349 
-0.000535744 
-0.00054558 
-0.000496539 
-0.00037282 
-0.000162048 
0.000155224 
0.000597758 
0.00118769 
0.00195386 
0.00292433 
0.00413404 
0.00561825 
0.0074127 
0.00954628 
0.0120347 
0.0148677 
0.0179982 
0.021335 
0.0247451 
0.0280601 
0.0310935 
0.0336439 
0.0355244 
0.0365568 
0.0366786 
0.0358694 
0.0341774 
0.0316777 
0.0284349 
0.024511 
0.0199369 
0.0148027 
0.00913771 
0.00314733 
-0.00314733 
-0.00114296 
0.00114296 
0.00290687 
0.00438283 
0.00618021 
0.00782559 
0.00939962 
0.0105222 
0.0112033 
0.0114076 
0.011258 
0.0107881 
0.0100772 
0.00921784 
0.00830281 
0.00739553 
0.00653014 
0.00572002 
0.00496863 
0.00427481 
0.00363606 
0.00304887 
0.00251025 
0.00201644 
0.00156497 
0.00115242 
0.000777653 
0.000438401 
0.000135433 
-0.000131609 
-0.000359652 
-0.000546139 
-0.000682091 
-0.00076001 
-0.000766479 
-0.000691116 
-0.000517462 
-0.000227641 
0.000200582 
0.000795875 
0.00158823 
0.00261725 
0.003923 
0.00554666 
0.00752378 
0.00987509 
0.0125923 
0.015627 
0.0188846 
0.0222311 
0.0254996 
0.0285105 
0.0310518 
0.0329513 
0.0339374 
0.033975 
0.0330575 
0.0312798 
0.0287683 
0.0256281 
0.0219439 
0.0177505 
0.0131232 
0.00807501 
0.00277257 
-0.00277257 
-0.00175726 
0.00175726 
0.0046974 
0.00727642 
0.0100828 
0.0126458 
0.0148896 
0.0165045 
0.0175218 
0.0178579 
0.0175552 
0.0166628 
0.015347 
0.0138156 
0.0122538 
0.010776 
0.00942914 
0.00821828 
0.00713156 
0.00615318 
0.00526867 
0.00446552 
0.00373376 
0.00306463 
0.00245155 
0.00188826 
0.00137084 
0.00089517 
0.000459804 
6.29938e-05 
-0.000294411 
-0.000610929 
-0.000878228 
-0.00109078 
-0.00123852 
-0.00131273 
-0.00129919 
-0.00118067 
-0.000936496 
-0.000538341 
4.56585e-05 
0.000858412 
0.00194048 
0.00333773 
0.00509015 
0.00721884 
0.00971484 
0.0125271 
0.0155615 
0.018692 
0.0217684 
0.0246352 
0.0270927 
0.0289925 
0.029976 
0.0299891 
0.029035 
0.0272669 
0.0248649 
0.0219664 
0.0186695 
0.015008 
0.0110418 
0.0067687 
0.00231616 
-0.00231616 
-0.0023521 
0.0023521 
0.00644142 
0.0100823 
0.0137934 
0.0171591 
0.0200083 
0.0220947 
0.0234316 
0.0238653 
0.0233819 
0.0220582 
0.0201564 
0.017998 
0.0158489 
0.0138614 
0.0120865 
0.0105184 
0.00913055 
0.00789434 
0.00678515 
0.00578281 
0.00487145 
0.00403793 
0.00327206 
0.002565 
0.0019103 
0.00130204 
0.000736707 
0.000211087 
-0.000276282 
-0.000724432 
-0.00112656 
-0.00148047 
-0.00177915 
-0.00201514 
-0.00217645 
-0.00224764 
-0.00220895 
-0.00203361 
-0.00168917 
-0.00113638 
-0.000332195 
0.000771674 
0.00221303 
0.00400943 
0.00614903 
0.00857693 
0.0112055 
0.0139282 
0.0166268 
0.0191857 
0.0214449 
0.0232862 
0.0243183 
0.0243687 
0.0234777 
0.021869 
0.0197662 
0.0173147 
0.0146065 
0.0116664 
0.00853957 
0.0052126 
0.00177747 
-0.00177747 
-0.00292579 
0.00292579 
0.00813754 
0.0128008 
0.0173262 
0.0213858 
0.0247759 
0.0272814 
0.0288679 
0.0292985 
0.0285479 
0.0267561 
0.0242955 
0.0215866 
0.0189487 
0.0165473 
0.0144255 
0.0125637 
0.0109236 
0.00946684 
0.00816179 
0.00698282 
0.0059097 
0.00492604 
0.00401883 
0.00317709 
0.00239229 
0.00165686 
0.000965468 
0.000313347 
-0.000303071 
-0.000882928 
-0.00142275 
-0.00192369 
-0.0023807 
-0.00278841 
-0.00313739 
-0.00341475 
-0.00360304 
-0.0036782 
-0.00361012 
-0.00336143 
-0.00288995 
-0.00215379 
-0.00112132 
0.000218442 
0.00184803 
0.00371107 
0.00573488 
0.00784026 
0.00994963 
0.0119956 
0.0138813 
0.0155539 
0.0166825 
0.016818 
0.0161131 
0.0148881 
0.0133521 
0.0116119 
0.00973319 
0.007727 
0.00562811 
0.00341953 
0.00116271 
-0.00116271 
-0.00347639 
0.00347639 
0.00978141 
0.0154291 
0.0206992 
0.0253572 
0.0292036 
0.0320273 
0.0337205 
0.0339856 
0.0328468 
0.0305546 
0.0275943 
0.0244524 
0.0214597 
0.0187663 
0.0163962 
0.014317 
0.0124822 
0.010849 
0.00938194 
0.00805276 
0.00683881 
0.00572172 
0.0046867 
0.00372122 
0.00281519 
0.00195967 
0.00114786 
0.000373216 
-0.000369192 
-0.00107923 
-0.00175796 
-0.00240852 
-0.00302818 
-0.00361436 
-0.00416086 
-0.00465831 
-0.00509307 
-0.00544558 
-0.00569022 
-0.0057945 
-0.00572151 
-0.00543509 
-0.0049105 
-0.00414662 
-0.00317129 
-0.00203341 
-0.000790667 
0.000504345 
0.00181886 
0.00313258 
0.00441188 
0.00560813 
0.00653268 
0.00693313 
0.00678599 
0.00632077 
0.00568668 
0.00494163 
0.00413168 
0.00326253 
0.00236707 
0.00143367 
0.000490548 
-0.000490548 
-0.00399619 
0.00399619 
0.0113494 
0.0179333 
0.0238865 
0.0290482 
0.0332296 
0.0362051 
0.0377922 
0.0376927 
0.0360597 
0.0332863 
0.0299452 
0.0265332 
0.0233457 
0.0204943 
0.0179803 
0.0157629 
0.0137937 
0.0120301 
0.0104369 
0.0089857 
0.00765337 
0.00642098 
0.00527295 
0.00419593 
0.00317879 
0.00221155 
0.0012863 
0.00039456 
-0.000468881 
-0.00130631 
-0.0021228 
-0.00292258 
-0.00370627 
-0.00447425 
-0.00522423 
-0.00595129 
-0.00664703 
-0.00729824 
-0.00788654 
-0.00838768 
-0.00877373 
-0.00901794 
-0.00910402 
-0.00903514 
-0.00883748 
-0.00855129 
-0.00821461 
-0.00784993 
-0.00745466 
-0.00701937 
-0.00654211 
-0.00606683 
-0.00557263 
-0.00477523 
-0.00402529 
-0.00341534 
-0.0028905 
-0.00243179 
-0.00199706 
-0.00157545 
-0.00113399 
-0.000671926 
-0.000211018 
0.000211018 
-0.00446847 
0.00446847 
0.0127873 
0.0202247 
0.0267763 
0.0323175 
0.0366575 
0.0395509 
0.0407795 
0.0401484 
0.0380018 
0.0348649 
0.0313333 
0.0278474 
0.0246311 
0.0217502 
0.0191895 
0.0169075 
0.0148606 
0.0130107 
0.0113262 
0.0097807 
0.00835248 
0.00702327 
0.0057776 
0.00460199 
0.0034848 
0.00241538 
0.00138487 
0.000383216 
-0.000594726 
-0.00155479 
-0.00250497 
-0.0034507 
-0.00439631 
-0.00534543 
-0.00630018 
-0.00726087 
-0.00822546 
-0.00918859 
-0.0101411 
-0.0110696 
-0.011958 
-0.0127907 
-0.0135597 
-0.0142692 
-0.0149359 
-0.0155783 
-0.0162042 
-0.0168012 
-0.0173381 
-0.0177766 
-0.01807 
-0.0181663 
-0.0177968 
-0.016733 
-0.0152261 
-0.013556 
-0.0118421 
-0.010118 
-0.00836727 
-0.00657922 
-0.00473168 
-0.00281672 
-0.00091716 
0.00091716 
-0.00486605 
0.00486605 
0.014005 
0.0221491 
0.0291522 
0.0348856 
0.0391437 
0.0416829 
0.0423427 
0.0411421 
0.0386143 
0.0353431 
0.0318583 
0.0284934 
0.0253928 
0.022588 
0.0200597 
0.0177745 
0.0156983 
0.013801 
0.0120564 
0.0104422 
0.0089393 
0.00753109 
0.00620298 
0.00494195 
0.00373624 
0.00257501 
0.00144841 
0.000345639 
-0.000739072 
-0.00181487 
-0.00289188 
-0.00397731 
-0.00507902 
-0.00620413 
-0.00735944 
-0.00855092 
-0.00978357 
-0.0110608 
-0.0123839 
-0.0137519 
-0.0151615 
-0.0166085 
-0.0180899 
-0.0196047 
-0.0211508 
-0.0227164 
-0.0242731 
-0.025772 
-0.0271462 
-0.0283116 
-0.0291557 
-0.0295377 
-0.0291724 
-0.0279124 
-0.0258908 
-0.0233815 
-0.0206158 
-0.0176984 
-0.0146622 
-0.0115168 
-0.00826623 
-0.00491557 
-0.00160427 
0.00160427 
-0.00515153 
0.00515153 
0.0148797 
0.0234924 
0.030707 
0.0363674 
0.0402678 
0.0422338 
0.0422816 
0.0406824 
0.0380582 
0.0349383 
0.0317209 
0.028626 
0.0257408 
0.0230835 
0.0206434 
0.0184001 
0.016332 
0.0144182 
0.0126397 
0.010979 
0.00942033 
0.00794955 
0.00655346 
0.00521998 
0.00393751 
0.00269541 
0.00148284 
0.000289103 
-0.000893251 
-0.00207573 
-0.00327012 
-0.00448591 
-0.0057341 
-0.00702539 
-0.00837121 
-0.00978319 
-0.0112735 
-0.0128542 
-0.0145377 
-0.0163353 
-0.0182563 
-0.0203067 
-0.0224855 
-0.0247814 
-0.0271668 
-0.0295934 
-0.0319919 
-0.0342744 
-0.0363365 
-0.0380504 
-0.0392566 
-0.0397769 
-0.0393569 
-0.037912 
-0.0355173 
-0.0323841 
-0.028757 
-0.024792 
-0.0205753 
-0.0161551 
-0.0115749 
-0.00687668 
-0.00224476 
0.00224476 
-0.00527709 
0.00527709 
0.0152598 
0.0239994 
0.0310979 
0.0363908 
0.0397322 
0.0411092 
0.0407519 
0.0391042 
0.0367128 
0.0339785 
0.031166 
0.0284169 
0.0257942 
0.0233207 
0.021 
0.018827 
0.0167923 
0.0148847 
0.0130922 
0.0114028 
0.00980443 
0.00828559 
0.00683484 
0.00544127 
0.00409374 
0.00278193 
0.00149435 
0.00022072 
-0.00104863 
-0.00232672 
-0.00362673 
-0.0049605 
-0.00634183 
-0.00778484 
-0.00930524 
-0.0109199 
-0.0126475 
-0.0145085 
-0.0165248 
-0.0187194 
-0.0211131 
-0.0237199 
-0.0265392 
-0.0295465 
-0.0326864 
-0.0358717 
-0.0389903 
-0.0419153 
-0.0445085 
-0.046613 
-0.0480496 
-0.0486361 
-0.0481535 
-0.046545 
-0.0438576 
-0.0402499 
-0.0359357 
-0.031091 
-0.0258436 
-0.0202876 
-0.0145145 
-0.00861787 
-0.00281346 
0.00281346 
-0.00518513 
0.00518513 
0.0149874 
0.0234474 
0.0301061 
0.0348525 
0.037665 
0.0387066 
0.0383276 
0.0369723 
0.0350358 
0.0327913 
0.0304174 
0.028021 
0.0256637 
0.0233803 
0.0211895 
0.0190994 
0.0171118 
0.0152244 
0.0134318 
0.011727 
0.0101018 
0.00854721 
0.00705375 
0.00561166 
0.00421054 
0.00284029 
0.00148936 
0.000147586 
-0.00119665 
-0.00255747 
-0.0039492 
-0.00538586 
-0.00688364 
-0.00845969 
-0.0101334 
-0.011926 
-0.0138618 
-0.0159679 
-0.0182743 
-0.0208133 
-0.0236151 
-0.0267006 
-0.0300692 
-0.0336849 
-0.0374671 
-0.0412917 
-0.0450049 
-0.0484412 
-0.0514335 
-0.0538088 
-0.055387 
-0.0559963 
-0.0554495 
-0.0536999 
-0.0507749 
-0.0467941 
-0.0419361 
-0.0363773 
-0.0302734 
-0.0237616 
-0.0169823 
-0.0100818 
-0.00329339 
0.00329339 
-0.00483882 
0.00483882 
0.0140134 
0.0218626 
0.0279303 
0.0321966 
0.0347434 
0.0358091 
0.0357249 
0.0348296 
0.0333993 
0.0316236 
0.029645 
0.0275621 
0.025443 
0.0233343 
0.0212665 
0.0192588 
0.0173221 
0.0154611 
0.0136764 
0.0119653 
0.0103228 
0.00874266 
0.00721694 
0.00573708 
0.00429343 
0.00287609 
0.00147377 
7.62776e-05 
-0.00132962 
-0.00275877 
-0.00422646 
-0.00574856 
-0.00734319 
-0.00903 
-0.0108312 
-0.0127716 
-0.0148793 
-0.0171863 
-0.0197283 
-0.0225437 
-0.0256698 
-0.029133 
-0.0329344 
-0.0370317 
-0.0413266 
-0.045666 
-0.0498586 
-0.0537006 
-0.0569953 
-0.0595579 
-0.0612161 
-0.0618166 
-0.0612035 
-0.05933 
-0.0562088 
-0.0519325 
-0.046652 
-0.0405383 
-0.0337647 
-0.0265031 
-0.018935 
-0.0112482 
-0.00368004 
0.00368004 
-0.00430597 
0.00430597 
0.0125967 
0.0197424 
