0 
-0.000963677 
-0.000311791 
0.00289101 
0.00787769 
0.0141316 
0.0211622 
0.0286325 
0.0362945 
0.0439763 
0.0515569 
0.0589478 
0.0660787 
0.0728875 
0.079314 
0.0852969 
0.0907723 
0.095675 
0.0999398 
0.103506 
0.10632 
0.108343 
0.10956 
0.109968 
0.109578 
0.108415 
0.106521 
0.103957 
0.100799 
0.0971409 
0.0930824 
0.0887305 
0.0841904 
0.0795579 
0.0749099 
0.0702942 
0.0657204 
0.0611592 
0.0565577 
0.0518765 
0.0471316 
0.0424106 
0.0378434 
0.0335475 
0.0295918 
0.0259951 
0.0227437 
0.0198098 
0.017163 
0.0147757 
0.0126244 
0.0106901 
0.00895785 
0.00741525 
0.00605227 
0.00486034 
0.00383111 
0.00295641 
0.00222711 
0.00163167 
0.00115609 
0.000783987 
0.000496408 
0.000271735 
8.60302e-05 
0 
0.000963677 
-0.000963677 
-0.000311791 
0.00289101 
0.00787769 
0.0141316 
0.0211622 
0.0286325 
0.0362945 
0.0439763 
0.0515569 
0.0589478 
0.0660787 
0.0728875 
0.079314 
0.0852969 
0.0907723 
0.095675 
0.0999398 
0.103506 
0.10632 
0.108343 
0.10956 
0.109968 
0.109578 
0.108415 
0.106521 
0.103957 
0.100799 
0.0971409 
0.0930824 
0.0887305 
0.0841904 
0.0795579 
0.0749099 
0.0702942 
0.0657204 
0.0611592 
0.0565577 
0.0518765 
0.0471316 
0.0424106 
0.0378434 
0.0335475 
0.0295918 
0.0259951 
0.0227437 
0.0198098 
0.017163 
0.0147757 
0.0126244 
0.0106901 
0.00895785 
0.00741525 
0.00605227 
0.00486034 
0.00383111 
0.00295641 
0.00222711 
0.00163167 
0.00115609 
0.000783987 
0.000496408 
0.000271735 
8.60302e-05 
-8.60302e-05 
-4.88784e-05 
4.88784e-05 
0.00318407 
0.00767539 
0.0133165 
0.0197613 
0.0267123 
0.0339382 
0.0412644 
0.0485674 
0.0557598 
0.0627757 
0.0695601 
0.076061 
0.0822243 
0.0879915 
0.0932996 
0.0980823 
0.102272 
0.105804 
0.108617 
0.110663 
0.111892 
0.112288 
0.11186 
0.11063 
0.108637 
0.105943 
0.102624 
0.0987729 
0.0944929 
0.0898916 
0.0850768 
0.0801483 
0.0751901 
0.0702614 
0.0653891 
0.0605665 
0.0557645 
0.0509625 
0.0461836 
0.041506 
0.0370351 
0.0328585 
0.0290206 
0.0255261 
0.0223569 
0.0194864 
0.0168875 
0.0145362 
0.012412 
0.010498 
0.00878057 
0.00724897 
0.00589433 
0.00470917 
0.00368671 
0.00281958 
0.00209911 
0.00151532 
0.00105461 
0.000700635 
0.000434265 
0.000233313 
7.30144e-05 
-7.30144e-05 
-0.00175897 
0.00175897 
0.00628649 
0.0114906 
0.0172981 
0.0235771 
0.0301359 
0.0368295 
0.0435503 
0.050226 
0.0568073 
0.0632554 
0.069533 
0.0755984 
0.0814024 
0.0868876 
0.0919895 
0.0966388 
0.100764 
0.104294 
0.107164 
0.109321 
0.110704 
0.111276 
0.111036 
0.10999 
0.108169 
0.10562 
0.10241 
0.098624 
0.094357 
0.0897143 
0.0848037 
0.0797288 
0.0745815 
0.0694346 
0.0643344 
0.0592996 
0.0543303 
0.0494327 
0.0446457 
0.0400434 
0.0357075 
0.0316922 
0.0280139 
0.0246611 
0.0216099 
0.0188345 
0.016311 
0.0140187 
0.0119408 
0.0100634 
0.00837547 
0.00686856 
0.00553567 
0.00437101 
0.00336904 
0.00252365 
0.00182765 
0.00127152 
0.000843603 
0.000527981 
0.000305747 
0.000153883 
4.60986e-05 
-4.60986e-05 
-0.00231911 
0.00231911 
0.00753857 
0.0131664 
0.0190151 
0.025022 
0.0310724 
0.0371093 
0.043102 
0.0490389 
0.0549148 
0.0607196 
0.0664328 
0.0720203 
0.0774341 
0.0826145 
0.087492 
0.091991 
0.0960335 
0.0995431 
0.102449 
0.104694 
0.106222 
0.106989 
0.106988 
0.106218 
0.104692 
0.102446 
0.0995306 
0.096013 
0.0919753 
0.087512 
0.0827246 
0.0777153 
0.0725802 
0.0674014 
0.0622407 
0.0571382 
0.052122 
0.0472286 
0.0425185 
0.0380659 
0.0339292 
0.0301298 
0.0266569 
0.0234846 
0.0205849 
0.0179334 
0.0155095 
0.0132968 
0.0112818 
0.00945408 
0.00780563 
0.00633057 
0.00502449 
0.00388406 
0.00290613 
0.00208705 
0.00142263 
0.000904821 
0.000524158 
0.000265554 
0.000109894 
3.24697e-05 
4.83304e-06 
-4.83304e-06 
-0.00239223 
0.00239223 
0.00780682 
0.0135094 
0.0191383 
0.0246728 
0.0300632 
0.0353352 
0.0405289 
0.0456866 
0.0508391 
0.0559977 
0.061151 
0.066267 
0.0712949 
0.0761699 
0.0808161 
0.0851508 
0.0890887 
0.0925465 
0.0954477 
0.0977321 
0.0993503 
0.100257 
0.100452 
0.0999292 
0.0986992 
0.0967878 
0.0942323 
0.091083 
0.087405 
0.0832764 
0.078786 
0.0740279 
0.0690954 
0.0640727 
0.05903 
0.0540234 
0.0491063 
0.044346 
0.0398249 
0.0356157 
0.0317517 
0.0282229 
0.0249958 
0.0220349 
0.0193113 
0.0168037 
0.0144958 
0.0123753 
0.010433 
0.00866202 
0.00705789 
0.00561811 
0.00434163 
0.00322829 
0.00227878 
0.00149259 
0.000868098 
0.000400929 
8.40002e-05 
-9.76538e-05 
-0.000162503 
-0.000137252 
-5.31209e-05 
5.31209e-05 
-0.00230286 
0.00230286 
0.00753283 
0.0129506 
0.0180851 
0.0229619 
0.0275848 
0.0320457 
0.0364364 
0.0408359 
0.0452969 
0.0498402 
0.054457 
0.0591134 
0.0637554 
0.0683141 
0.0727096 
0.0768546 
0.0806578 
0.0840294 
0.0868867 
0.0891649 
0.0908172 
0.0918 
0.0921203 
0.0917795 
0.0907912 
0.0891796 
0.0869754 
0.0842168 
0.0809528 
0.0772446 
0.0731645 
0.0687931 
0.0642137 
0.0595056 
0.0547398 
0.049983 
0.0453116 
0.0408215 
0.0366118 
0.0327458 
0.0292281 
0.0260205 
0.0230742 
0.02035 
0.0178221 
0.0154738 
0.013294 
0.0112751 
0.00941201 
0.00770214 
0.00614492 
0.00474164 
0.00349507 
0.0024095 
0.00148857 
0.000737167 
0.00015954 
-0.00024686 
-0.000485176 
-0.000570445 
-0.000519773 
-0.000361206 
-0.000129954 
0.000129954 
-0.00209956 
0.00209956 
0.00686926 
0.0117372 
0.0161765 
0.0202803 
0.0240915 
0.027748 
0.0313691 
0.0350515 
0.0388548 
0.042801 
0.0468801 
0.0510572 
0.0552782 
0.059475 
0.0635688 
0.0674718 
0.0710897 
0.0743272 
0.0770946 
0.0793213 
0.0809608 
0.0819699 
0.0823669 
0.0821621 
0.0813761 
0.0800354 
0.0781669 
0.0758011 
0.0729748 
0.0697343 
0.0661357 
0.0622441 
0.0581284 
0.0538572 
0.0494974 
0.0451237 
0.0408342 
0.0367483 
0.0329696 
0.0295399 
0.0264323 
0.0235863 
0.0209464 
0.0184767 
0.0161573 
0.0139781 
0.0119335 
0.0100207 
0.00823942 
0.00659119 
0.00507936 
0.00370953 
0.00248887 
0.00142521 
0.000530328 
-0.000186363 
-0.000711699 
-0.0010512 
-0.00120115 
-0.00117157 
-0.000978177 
-0.000650747 
-0.000229858 
0.000229858 
-0.00181782 
0.00181782 
0.00592953 
0.0100632 
0.0136905 
0.0169769 
0.0199836 
0.0228707 
0.0257633 
0.0287593 
0.0319155 
0.0352513 
0.0387566 
0.0423995 
0.0461311 
0.0498898 
0.0536036 
0.05719 
0.0605563 
0.0636036 
0.0662358 
0.0683759 
0.0699725 
0.0709788 
0.0714269 
0.0713386 
0.0707427 
0.0696673 
0.0681364 
0.0661737 
0.0638061 
0.0610677 
0.0580004 
0.0546535 
0.0510804 
0.0473362 
0.0434829 
0.0396045 
0.0358198 
0.0322611 
0.0290186 
0.0260997 
0.0234465 
0.0209865 
0.0186667 
0.0164599 
0.0143547 
0.0123481 
0.0104403 
0.0086334 
0.00693159 
0.00534048 
0.00386788 
0.00252326 
0.00131939 
0.000270653 
-0.000600528 
-0.00128272 
-0.00176309 
-0.00203432 
-0.00208749 
-0.00192519 
-0.00155957 
-0.00102175 
-0.000358878 
0.000358878 
-0.00148269 
0.00148269 
0.00480998 
0.00810189 
0.0108752 
0.0133507 
0.0155866 
0.0177444 
0.0199387 
0.0222582 
0.0247526 
0.0274391 
0.0303112 
0.0333442 
0.0364989 
0.0397248 
0.0429608 
0.0461355 
0.0491634 
0.0519469 
0.0543863 
0.0563993 
0.0579274 
0.0589241 
0.0594345 
0.0594876 
0.0591133 
0.0583356 
0.0571728 
0.0556417 
0.0537622 
0.0515587 
0.0490618 
0.0463066 
0.0433311 
0.0401787 
0.0369103 
0.0336237 
0.0304538 
0.0275276 
0.0249007 
0.0225384 
0.0203598 
0.018292 
0.0162935 
0.0143491 
0.012457 
0.0106211 
0.00884711 
0.00714192 
0.00551359 
0.00397206 
0.00252822 
0.00119813 
-1.87653e-06 
-0.00103969 
-0.00190369 
-0.00256903 
-0.0030165 
-0.00322636 
-0.00317845 
-0.00286663 
-0.0022961 
-0.00149789 
-0.000526207 
0.000526207 
-0.00111732 
0.00111732 
0.00359559 
0.0060007 
0.00793299 
0.00963196 
0.0111411 
0.0126059 
0.0141214 
0.0157615 
0.0175691 
0.0195614 
0.0217389 
0.024087 
0.0265789 
0.0291766 
0.0318323 
0.0344897 
0.0370782 
0.0395096 
0.0416879 
0.0435299 
0.0449675 
0.0459646 
0.0465767 
0.0468294 
0.0467393 
0.0463168 
0.0455708 
0.0445119 
0.0431548 
0.0415178 
0.0396222 
0.037491 
0.0351499 
0.0326359 
0.0300176 
0.0274093 
0.0249489 
0.0227326 
0.0207637 
0.0189687 
0.0172581 
0.0155711 
0.0138832 
0.0121922 
0.0105053 
0.00883264 
0.00718463 
0.00557219 
0.00400691 
0.00250194 
0.00107274 
-0.000258458 
-0.00146311 
-0.00251748 
-0.00339715 
-0.00406945 
-0.00450146 
-0.00466183 
-0.0045153 
-0.00404057 
-0.00323026 
-0.00211145 
-0.000744797 
0.000744797 
-0.00074034 
0.00074034 
0.00235617 
0.00387802 
0.00501633 
0.00598611 
0.00681609 
0.0076218 
0.00847582 
0.00943532 
0.0105388 
0.0118049 
0.0132432 
0.0148501 
0.0166123 
0.0185043 
0.020491 
0.0225317 
0.0245768 
0.0265591 
0.0283964 
0.0300086 
0.0313411 
0.0323915 
0.0331832 
0.0337121 
0.0339709 
0.0339555 
0.0336674 
0.0331137 
0.0323055 
0.0312568 
0.0299812 
0.0284919 
0.0268079 
0.0249703 
0.0230632 
0.0212112 
0.0195298 
0.0180587 
0.0167453 
0.0154924 
0.0142195 
0.0128874 
0.0114897 
0.0100361 
0.00854127 
0.00702007 
0.00548675 
0.00395512 
0.00243955 
0.000955906 
-0.000473895 
-0.00182065 
-0.0030594 
-0.00416074 
-0.0050894 
-0.00580018 
-0.00624834 
-0.00638452 
-0.00615183 
-0.00550587 
-0.00441803 
-0.00290497 
-0.00103184 
0.00103184 
-0.000365876 
0.000365876 
0.00114493 
0.00182226 
0.00223031 
0.00252474 
0.00272636 
0.00291027 
0.00312826 
0.0034206 
0.00382328 
0.00435745 
0.00504184 
0.00588376 
0.00688299 
0.00802747 
0.00929399 
0.0106551 
0.0120815 
0.013541 
0.0149868 
0.0163448 
0.0176008 
0.0187619 
0.0197772 
0.0206124 
0.0212405 
0.0216473 
0.0218297 
0.0217916 
0.0215408 
0.0210859 
0.0204336 
0.0195916 
0.0185815 
0.0174591 
0.0163232 
0.0152863 
0.0144101 
0.0136656 
0.0129585 
0.0121921 
0.0113097 
0.0102963 
0.0091616 
0.00792443 
0.00660438 
0.0052196 
0.0037866 
0.00232112 
0.000838812 
-0.000640218 
-0.00208909 
-0.00348135 
-0.00478915 
-0.00597407 
-0.00699168 
-0.00778413 
-0.00829124 
-0.00844143 
-0.00814579 
-0.00732433 
-0.00591568 
-0.00391886 
-0.00140317 
0.00140317 
-1.12972e-06 
1.12972e-06 
-3.75799e-06 
-0.000105395 
-0.000357699 
-0.000678535 
-0.00105066 
-0.00144315 
-0.00182222 
-0.00216273 
-0.00243057 
-0.00260157 
-0.00264934 
-0.00255612 
-0.00230924 
-0.00190639 
-0.00135638 
-0.000675431 
0.000122656 
0.00103922 
0.00208994 
0.00323508 
0.0044708 
0.0057316 
0.00693242 
0.0080301 
0.00899001 
0.00979034 
0.0104221 
0.0108831 
0.0111749 
0.0113007 
0.0112628 
0.0110699 
0.0107566 
0.0103944 
0.0100774 
0.00987148 
0.00976451 
0.00967029 
0.00948295 
0.00912862 
0.00858027 
0.00784434 
0.00694195 
0.00589724 
0.00473247 
0.00346726 
0.00211906 
0.000703689 
-0.000762238 
-0.00225443 
-0.00374871 
-0.00521913 
-0.00663305 
-0.00794563 
-0.00910344 
-0.0100348 
-0.010659 
-0.0108734 
-0.0105409 
-0.0095307 
-0.00774092 
-0.00515523 
-0.00185672 
0.00185672 
0.000356939 
-0.000356939 
-0.00107663 
-0.00186674 
-0.00270586 
-0.0035753 
-0.00446333 
-0.0053776 
-0.00630001 
-0.00721779 
-0.00809958 
-0.00891846 
-0.00964219 
-0.0102429 
-0.0106951 
-0.0109801 
-0.0110874 
-0.0110146 
-0.0107593 
-0.01031 
-0.00962686 
-0.00871581 
-0.00757944 
-0.00629942 
-0.00498458 
-0.0036844 
-0.00244197 
-0.00128815 
-0.000239597 
0.00069352 
0.00150419 
0.00219051 
0.00275817 
0.00322566 
0.0036417 
0.00407425 
0.0045773 
0.00514584 
0.00570256 
0.00613776 
0.00636422 
0.0063416 
0.00606961 
0.00556913 
0.00486733 
0.00399025 
0.0029607 
0.00179794 
0.000518608 
-0.000864278 
-0.00232989 
-0.00385706 
-0.00542513 
-0.0070076 
-0.0085691 
-0.01006 
-0.0114174 
-0.0125531 
-0.0133567 
-0.013677 
-0.013306 
-0.0120531 
-0.00979112 
-0.00651587 
-0.00234766 
0.00234766 
0.000700532 
-0.000700532 
-0.00205819 
-0.00344289 
-0.00479761 
-0.00614627 
-0.00748556 
-0.0088538 
-0.0102474 
-0.0116655 
-0.0130805 
-0.0144647 
-0.0157817 
-0.0169954 
-0.0180683 
-0.0189653 
-0.0196558 
-0.0201137 
-0.0203171 
-0.0202463 
-0.0198739 
-0.0192051 
-0.0182432 
-0.0170256 
-0.015675 
-0.0142406 
-0.0127756 
-0.0113188 
-0.00989575 
-0.00852442 
-0.00721626 
-0.00597589 
-0.00479206 
-0.00363756 
-0.0024699 
-0.0012575 
-1.10347e-05 
0.00119731 
0.00226082 
0.00308566 
0.00361974 
0.00385351 
0.00380426 
0.0034996 
0.00296806 
0.00223518 
0.00132171 
0.000245424 
-0.000983128 
-0.00234633 
-0.00382717 
-0.00541012 
-0.00707781 
-0.00880525 
-0.0105569 
-0.0122798 
-0.0138992 
-0.0153006 
-0.0163236 
-0.0167357 
-0.0162452 
-0.0146293 
-0.0117913 
-0.00778669 
-0.00279007 
0.00279007 
0.00101461 
-0.00101461 
-0.00293445 
-0.00483611 
-0.00663961 
-0.00839804 
-0.0101157 
-0.0118562 
-0.0136311 
-0.0154517 
-0.0172959 
-0.0191371 
-0.0209372 
-0.0226547 
-0.0242435 
-0.025656 
-0.0268452 
-0.0277674 
-0.028384 
-0.0286628 
-0.0285768 
-0.0281302 
-0.0273368 
-0.0262105 
-0.0248674 
-0.0233495 
-0.0217132 
-0.0200014 
-0.0182455 
-0.0164682 
-0.0146822 
-0.0128917 
-0.0110874 
-0.00925299 
-0.00738072 
-0.00549523 
-0.00366696 
-0.0020004 
-0.000592191 
0.000496123 
0.00124734 
0.00167392 
0.00180105 
0.00165718 
0.00126899 
0.00065885 
-0.000156039 
-0.00116379 
-0.00235108 
-0.0037044 
-0.00521322 
-0.00686829 
-0.00865701 
-0.0105587 
-0.0125398 
-0.0145423 
-0.0164704 
-0.0181586 
-0.0193665 
-0.0197446 
-0.0189613 
-0.016841 
-0.0133871 
-0.00873842 
-0.00310511 
0.00310511 
0.00129552 
-0.00129552 
-0.00370697 
-0.00605737 
-0.00824667 
-0.0103476 
-0.0123693 
-0.0143958 
-0.0164538 
-0.0185679 
-0.0207237 
-0.0228975 
-0.0250519 
-0.0271435 
-0.0291218 
-0.0309318 
-0.0325157 
-0.0338171 
-0.0347847 
-0.035375 
-0.0355566 
-0.0353262 
-0.0346952 
-0.0336654 
-0.0323464 
-0.0307721 
-0.0289965 
-0.0270625 
-0.0250037 
-0.0228451 
-0.0206034 
-0.0182896 
-0.015912 
-0.0134866 
-0.0110532 
-0.00868513 
-0.00648169 
-0.00454059 
-0.00292862 
-0.0016731 
-0.000769538 
-0.000197826 
6.86433e-05 
5.60866e-05 
-0.000212384 
-0.000719631 
-0.0014513 
-0.00239794 
-0.00354895 
-0.00489765 
-0.00644093 
-0.00817661 
-0.0100991 
-0.0121944 
-0.0144302 
-0.0167354 
-0.0189702 
-0.0208803 
-0.0221236 
-0.0222492 
-0.0209984 
-0.018324 
-0.0143468 
-0.00925995 
-0.00326537 
0.00326537 
0.00154393 
-0.00154393 
-0.00438293 
-0.00712191 
-0.00964053 
-0.0120231 
-0.0142793 
-0.0165083 
-0.0187517 
-0.0210486 
-0.0233943 
-0.02577 
-0.0281407 
-0.0304641 
-0.0326892 
-0.0347589 
-0.0366111 
-0.0381824 
-0.039413 
-0.04025 
-0.0406542 
-0.0406126 
-0.0401277 
-0.0391931 
-0.0379048 
-0.0362902 
-0.0343986 
-0.0322714 
-0.0299443 
-0.0274482 
-0.0248105 
-0.0220613 
-0.0192382 
-0.0163952 
-0.0136093 
-0.0109757 
-0.00858923 
-0.00652143 
-0.00480867 
-0.00345654 
-0.00245202 
-0.00177352 
-0.00139711 
-0.00130136 
-0.00146775 
-0.00188378 
-0.00253879 
-0.00342619 
-0.00454075 
-0.00588325 
-0.00745826 
-0.00927182 
-0.0113271 
-0.0136161 
-0.0161017 
-0.0186802 
-0.0211358 
-0.0231016 
-0.0241559 
-0.0238419 
-0.0220781 
-0.0189479 
-0.0146437 
-0.0093693 
-0.00328544 
0.00328544 
0.00176257 
-0.00176257 
-0.00497244 
-0.00804775 
-0.0108473 
-0.0134603 
-0.0158919 
-0.0182503 
-0.0205904 
-0.0229671 
-0.0253874 
-0.0278397 
-0.0302927 
-0.0327065 
-0.0350327 
-0.0372157 
-0.0391942 
-0.0409039 
-0.0422818 
-0.04327 
-0.0438229 
-0.0439174 
-0.043544 
-0.0426914 
-0.0414337 
-0.0397935 
-0.037815 
-0.0355396 
-0.0330082 
-0.0302625 
-0.0273478 
-0.0243178 
-0.0212383 
-0.0181896 
-0.0152633 
-0.0125503 
-0.0101242 
-0.00803014 
-0.00628461 
-0.00488421 
-0.00381471 
-0.00305752 
-0.00259373 
-0.00240701 
-0.00248387 
-0.00281546 
-0.0033952 
-0.00422015 
-0.00529149 
-0.00661717 
-0.0082094 
-0.0100828 
-0.0122487 
-0.0147008 
-0.0173828 
-0.0201351 
-0.0226472 
-0.0244613 
-0.0251495 
-0.024355 
-0.0221858 
-0.0187846 
-0.0143683 
-0.00913432 
-0.00318998 
0.00318998 
0.00195475 
-0.00195475 
-0.00548615 
-0.00885328 
-0.0118945 
-0.0146983 
-0.0172603 
-0.0196911 
-0.0220558 
-0.0244246 
-0.0268196 
-0.0292389 
-0.0316562 
-0.0340351 
-0.0363303 
-0.0384905 
-0.0404582 
-0.0421727 
-0.043573 
-0.0446012 
-0.0452093 
-0.0453676 
-0.0450568 
-0.0442626 
-0.0430331 
-0.0413877 
-0.0393665 
-0.037013 
-0.0343757 
-0.0315092 
-0.0284759 
-0.0253482 
-0.0222081 
-0.0191437 
-0.0162418 
-0.0135763 
-0.0111993 
-0.00913841 
-0.00740155 
-0.00598398 
-0.00487438 
-0.00405896 
-0.00352409 
-0.00325818 
-0.0032525 
-0.00350132 
-0.00400183 
-0.00475533 
-0.00576901 
-0.00705686 
-0.00863799 
-0.0105344 
-0.0127617 
-0.0153064 
-0.0180786 
-0.0208511 
-0.0232355 
-0.0247454 
-0.0250243 
-0.023853 
-0.0214566 
-0.0179708 
-0.0136242 
-0.00861781 
-0.00299891 
0.00299891 
0.00212362 
-0.00212362 
-0.00593375 
-0.00955512 
-0.0128069 
-0.015774 
-0.0184375 
-0.0209036 
-0.0232421 
-0.0255373 
-0.0278286 
-0.0301274 
-0.0324156 
-0.0346608 
-0.0368213 
-0.0388501 
-0.0406957 
-0.0423032 
-0.0436173 
-0.0445845 
-0.0451589 
-0.0453086 
-0.0450092 
-0.0442449 
-0.0430415 
-0.0414165 
-0.0394069 
-0.0370588 
-0.034427 
-0.0315754 
-0.0285766 
-0.0255106 
-0.0224614 
-0.0195113 
-0.0167332 
-0.0141841 
-0.0119013 
-0.00990427 
-0.00819909 
-0.00678333 
-0.00564996 
-0.00479 
-0.00419455 
-0.00385621 
-0.00376998 
-0.00393288 
-0.00434531 
-0.00501254 
-0.00594618 
-0.00716462 
-0.00869177 
-0.0105535 
-0.0127642 
-0.0152941 
-0.0180141 
-0.0206433 
-0.022762 
-0.0239214 
-0.0238698 
-0.022492 
-0.0200387 
-0.0166219 
-0.0124912 
-0.00786625 
-0.00272661 
0.00272661 
0.00227171 
-0.00227171 
-0.00632283 
-0.010166 
-0.0136042 
-0.0167171 
-0.0194686 
-0.0219539 
-0.0242399 
-0.026421 
-0.0285546 
-0.0306702 
-0.0327621 
-0.0348047 
-0.0367601 
-0.0385856 
-0.040235 
-0.0416603 
-0.0428135 
-0.0436479 
-0.0441228 
-0.0442078 
-0.0438789 
-0.0431201 
-0.0419425 
-0.0403627 
-0.0384151 
-0.0361462 
-0.0336131 
-0.0308824 
-0.0280276 
-0.0251261 
-0.0222548 
-0.0194843 
-0.0168738 
-0.0144679 
-0.0122962 
-0.0103755 
-0.00871293 
-0.00730932 
-0.00616169 
-0.00526517 
-0.00461472 
-0.00420624 
-0.0040373 
-0.00410713 
-0.00441861 
-0.0049796 
-0.00580402 
-0.00691214 
-0.00832928 
-0.0100806 
-0.0121729 
-0.0145576 
-0.0170762 
-0.019428 
-0.0212159 
-0.0220678 
-0.0218181 
-0.0204049 
-0.0180311 
-0.0148104 
-0.0110211 
-0.00691124 
-0.00238337 
0.00238337 
0.00240061 
-0.00240061 
-0.0066582 
-0.0106938 
-0.0142978 
-0.0175458 
-0.0203843 
-0.0228913 
-0.0251234 
-0.0271772 
-0.0291255 
-0.031019 
-0.0328707 
-0.0346666 
-0.0363754 
-0.037958 
-0.0393727 
-0.0405778 
-0.0415321 
-0.0421964 
-0.0425364 
-0.0425251 
-0.0421419 
-0.0413724 
-0.0402209 
-0.038703 
-0.0368505 
-0.0347075 
-0.0323286 
-0.0297769 
-0.0271201 
-0.0244274 
-0.0217649 
-0.0191915 
-0.0167561 
-0.0144955 
-0.0124357 
-0.0105928 
-0.00897585 
-0.00758843 
-0.00643073 
-0.00550102 
-0.00479712 
-0.00431718 
-0.00406028 
-0.0040272 
-0.00422201 
-0.00465332 
-0.00533474 
-0.00628528 
-0.0075275 
-0.00908075 
-0.0109413 
-0.0130463 
-0.0152301 
-0.0172132 
-0.0186617 
-0.0192896 
-0.0189813 
-0.01766 
-0.0154736 
-0.0125672 
-0.00924318 
-0.0057724 
-0.0019763 
0.0019763 
0.00251091 
-0.00251091 
-0.00694172 
-0.0111406 
-0.0148905 
-0.018265 
-0.0211956 
-0.0237411 
-0.0259399 
-0.0278807 
-0.0296441 
-0.0313007 
-0.0328878 
-0.0344107 
-0.0358495 
-0.0371711 
-0.0383374 
-0.0393107 
-0.0400555 
-0.0405388 
-0.0407321 
-0.0406129 
-0.0401646 
-0.0393767 
-0.0382502 
-0.0368004 
-0.0350553 
-0.0330547 
-0.0308477 
-0.0284899 
-0.0260406 
-0.0235587 
-0.0211002 
-0.0187145 
-0.0164426 
-0.0143169 
-0.012361 
-0.0105912 
-0.00901772 
-0.00764599 
-0.00647844 
-0.00551547 
-0.00475667 
-0.0042015 
-0.00384968 
-0.0037026 
-0.00376396 
-0.00404106 
-0.00454453 
-0.00528876 
-0.00628926 
-0.00755571 
-0.00907368 
-0.0107763 
-0.0125164 
-0.0140694 
-0.0151888 
-0.0156682 
-0.015406 
-0.0142632 
-0.0123548 
-0.00989422 
-0.00717179 
-0.00446177 
-0.00151105 
0.00151105 
0.00260226 
-0.00260226 
-0.00717301 
-0.0115045 
-0.0153773 
-0.0188666 
-0.0218939 
-0.0245002 
-0.0267015 
-0.0285684 
-0.0301768 
-0.0316094 
-0.0329276 
-0.0341635 
-0.0353175 
-0.0363679 
-0.0372819 
-0.0380245 
-0.0385633 
-0.0388697 
-0.0389196 
-0.0386943 
-0.0381801 
-0.0373708 
-0.036266 
-0.0348804 
-0.0332382 
-0.031374 
-0.0293298 
-0.0271532 
-0.0248943 
-0.022603 
-0.0203263 
-0.0181061 
-0.0159782 
-0.0139711 
-0.0121071 
-0.0104018 
-0.00886601 
-0.00750629 
-0.00632621 
-0.00532748 
-0.00451044 
-0.00387512 
-0.00342102 
-0.0031491 
-0.00306117 
-0.00316139 
-0.003455 
-0.00394879 
-0.00464768 
-0.00554933 
-0.00663035 
-0.00783037 
-0.00903963 
-0.0101097 
-0.0108926 
-0.0112576 
-0.0111024 
-0.0101861 
-0.0086446 
-0.0067883 
-0.00482044 
-0.00299116 
-0.000993773 
0.000993773 
0.00267344 
-0.00267344 
-0.00735061 
-0.0117819 
-0.01575 
-0.0193345 
-0.0224542 
-0.0251381 
-0.0273814 
-0.0292298 
-0.0307414 
-0.0319958 
-0.0330695 
-0.034022 
-0.0348831 
-0.0356529 
-0.0363101 
-0.036824 
-0.0371633 
-0.0373008 
-0.0372143 
-0.0368877 
-0.0363092 
-0.0354759 
-0.0343873 
-0.033056 
-0.0315027 
-0.0297565 
-0.0278528 
-0.0258316 
-0.0237351 
-0.0216052 
-0.019482 
-0.0174015 
-0.0153951 
-0.0134884 
-0.0117019 
-0.0100504 
-0.00854462 
-0.00719125 
-0.00599436 
-0.00495615 
-0.00407692 
-0.00335663 
-0.00279382 
-0.00238814 
-0.00213825 
-0.00204383 
-0.00210302 
-0.00231312 
-0.00266636 
-0.00314745 
-0.00372567 
-0.00435291 
-0.00496468 
-0.0054945 
-0.00589562 
-0.0061205 
-0.00607925 
-0.00539569 
-0.00434275 
-0.00327403 
-0.00222073 
-0.00138254 
-0.00043429 
0.00043429 
0.00272282 
-0.00272282 
-0.00747441 
-0.0119715 
-0.0160028 
-0.0196534 
-0.0228464 
-0.0256079 
-0.0279198 
-0.0298048 
-0.0312943 
-0.0324482 
-0.0333398 
-0.0340445 
-0.0346217 
-0.0351034 
-0.0354925 
-0.0357707 
-0.03591 
-0.0358826 
-0.0356658 
-0.0352432 
-0.0346039 
-0.0337447 
-0.0326654 
-0.0313758 
-0.0298934 
-0.0282425 
-0.0264527 
-0.0245574 
-0.0225923 
-0.0205931 
-0.0185943 
-0.0166272 
-0.0147196 
-0.0128943 
-0.0111702 
-0.00956063 
-0.0080758 
-0.00672206 
-0.00550321 
-0.00442145 
-0.00347629 
-0.00266724 
-0.00199114 
-0.00144566 
-0.00102569 
-0.000726209 
-0.00053769 
-0.000447663 
-0.000435697 
-0.00047439 
-0.000526037 
-0.00055344 
-0.000529794 
-0.000458528 
-0.000380247 
-0.000347198 
-0.00035773 
7.78514e-05 
0.000443173 
0.000553971 
0.000557207 
0.000320835 
0.000149939 
-0.000149939 
0.00274778 
-0.00274778 
-0.0075467 
-0.0120795 
-0.0161408 
-0.0198211 
-0.0230518 
-0.0258657 
-0.028244 
-0.0301967 
-0.0317313 
-0.0328786 
-0.0336885 
-0.0342292 
-0.0345742 
-0.0347856 
-0.0349012 
-0.0349299 
-0.0348578 
-0.0346601 
-0.0343115 
-0.0337923 
-0.0330896 
-0.0321978 
-0.0311178 
-0.0298552 
-0.0284244 
-0.0268451 
-0.025142 
-0.0233432 
-0.0214792 
-0.0195807 
-0.0176779 
-0.0157984 
-0.0139673 
-0.0122046 
-0.0105279 
-0.00894872 
-0.00747614 
-0.00611573 
-0.00487038 
-0.00374188 
-0.00272837 
-0.00182856 
-0.00103712 
-0.000350293 
0.000240523 
0.000745666 
0.00118233 
0.0015713 
0.00194385 
0.0023372 
0.00279558 
0.00334951 
0.00400077 
0.00469432 
0.0053261 
0.00575962 
0.00590797 
0.00589608 
0.00541304 
0.0045024 
0.00339792 
0.00205134 
0.000734707 
-0.000734707 
0.00275995 
-0.00275995 
-0.0075786 
-0.0121255 
-0.016188 
-0.0198603 
-0.0230817 
-0.0258981 
-0.0283024 
-0.0303083 
-0.0319138 
-0.0331261 
-0.0339634 
-0.0344644 
-0.0346873 
-0.0347018 
-0.0345734 
-0.0343481 
-0.034044 
-0.0336546 
-0.0331589 
-0.0325338 
-0.0317615 
-0.0308313 
-0.0297419 
-0.0284934 
-0.0270964 
-0.0255669 
-0.0239254 
-0.022196 
-0.0204051 
-0.0185797 
-0.0167469 
-0.0149313 
-0.0131558 
-0.011438 
-0.00979425 
-0.00823404 
-0.00676502 
-0.0053918 
-0.00411562 
-0.00293794 
-0.00185456 
-0.000864094 
4.05393e-05 
0.0008643 
0.00162166 
0.00232686 
0.00300301 
0.00367728 
0.00438877 
0.00518137 
0.00610318 
0.00717884 
0.00839127 
0.00964441 
0.0107876 
0.0116133 
0.0119759 
0.0114397 
0.0101713 
0.0083054 
0.00614508 
0.00371859 
0.00129437 
-0.00129437 
0.00276898 
-0.00276898 
-0.0076 
-0.0121445 
-0.0161904 
-0.0198249 
-0.0229907 
-0.0257466 
-0.0281045 
-0.0300968 
-0.0317326 
-0.033016 
-0.0339447 
-0.0345239 
-0.0347746 
-0.0347396 
-0.0344797 
-0.0340608 
-0.0335376 
-0.0329405 
-0.0322732 
-0.0315203 
-0.0306603 
-0.0296758 
-0.0285569 
-0.0273031 
-0.0259179 
-0.0244138 
-0.0228074 
-0.0211193 
-0.0193728 
-0.0175922 
-0.0158022 
-0.0140256 
-0.0122844 
-0.0105941 
-0.00897084 
-0.00742097 
-0.00594946 
-0.00456003 
-0.00325126 
-0.00202457 
-0.000872872 
0.000203148 
0.0012144 
0.00216925 
0.00308496 
0.00397854 
0.00487699 
0.00581175 
0.00682618 
0.00796684 
0.00928075 
0.0107841 
0.0124413 
0.0141222 
0.0156329 
0.0167038 
0.0171072 
0.016229 
0.0143528 
0.0116949 
0.00861998 
0.00522867 
0.00180178 
-0.00180178 
0.00278133 
-0.00278133 
-0.00763887 
-0.0121883 
-0.0162103 
-0.0197936 
-0.0228724 
-0.025512 
-0.0277418 
-0.0296193 
-0.031181 
-0.0324519 
-0.0334361 
-0.0341257 
-0.0345098 
-0.0345872 
-0.0343772 
-0.0339221 
-0.0332809 
-0.0325133 
-0.0316634 
-0.0307499 
-0.0297681 
-0.0287017 
-0.0275341 
-0.0262565 
-0.0248671 
-0.0233691 
-0.0217759 
-0.0201057 
-0.0183796 
-0.0166201 
-0.0148514 
-0.0130952 
-0.0113727 
-0.00969588 
-0.00808168 
-0.00653327 
-0.00505256 
-0.00364306 
-0.00229916 
-0.00102419 
0.000191683 
0.00134772 
0.00246037 
0.00353841 
0.00460073 
0.00566609 
0.00676318 
0.00792524 
0.00919595 
0.0106201 
0.0122383 
0.014055 
0.0160153 
0.0179622 
0.0196662 
0.0208112 
0.0211162 
0.0200171 
0.0177264 
0.0144867 
0.0106953 
0.00651077 
0.00223533 
-0.00223533 
0.00280213 
-0.00280213 
-0.00771282 
-0.0122976 
-0.0163144 
-0.0198495 
-0.0228349 
-0.0253285 
-0.0273701 
-0.0290376 
-0.0303978 
-0.0315101 
-0.03241 
-0.0331096 
-0.0335983 
-0.0338518 
-0.0338453 
-0.0335677 
-0.0330319 
-0.0322764 
-0.031355 
-0.0303203 
-0.0292076 
-0.028029 
-0.0267781 
-0.0254419 
-0.024011 
-0.0224848 
-0.0208709 
-0.0191848 
-0.0174458 
-0.015675 
-0.0138953 
-0.0121283 
-0.0103979 
-0.00871484 
-0.00710126 
-0.00555336 
-0.00406235 
-0.00263528 
-0.00126009 
5.52205e-05 
0.00132687 
0.00255675 
0.00376205 
0.00495212 
0.00614595 
0.0073627 
0.00863049 
0.0099816 
0.0114563 
0.0130937 
0.0149233 
0.0169359 
0.0190584 
0.0211154 
0.0228554 
0.0239372 
0.0240621 
0.0227841 
0.0202344 
0.016616 
0.0123163 
0.00753035 
0.00258398 
-0.00258398 
0.00283366 
-0.00283366 
-0.00782966 
-0.0124854 
-0.0165421 
-0.0200519 
-0.0229609 
-0.025312 
-0.027146 
-0.0285514 
-0.0296166 
-0.0304314 
-0.031068 
-0.0315771 
-0.0319818 
-0.0322775 
-0.0324356 
-0.0324131 
-0.0321675 
-0.0316727 
-0.03093 
-0.029968 
-0.0288319 
-0.0275678 
-0.026209 
-0.0247716 
-0.0232593 
-0.0216719 
-0.0200134 
-0.0182899 
-0.0165165 
-0.0147135 
-0.0129077 
-0.011125 
-0.00938841 
-0.00769766 
-0.00607946 
-0.00452567 
-0.00301928 
-0.00157491 
-0.000169261 
0.0011834 
0.00250876 
0.00380802 
0.00509851 
0.00638989 
0.00770007 
0.00904728 
0.010457 
0.0119581 
0.0135845 
0.0153663 
0.0173199 
0.0194211 
0.0215825 
0.0236193 
0.0252734 
0.0262034 
0.0261242 
0.0246887 
0.021973 
0.0181273 
0.0134977 
0.00829007 
0.00284789 
-0.00284789 
0.00287585 
-0.00287585 
-0.00798775 
-0.0127505 
-0.0168875 
-0.0204228 
-0.0232815 
-0.0255175 
-0.0271603 
-0.0283036 
-0.0290471 
-0.0294995 
-0.0297566 
-0.0298988 
-0.0299862 
-0.0300562 
-0.0301204 
-0.0301617 
-0.0301363 
-0.0299837 
-0.0296427 
-0.0290689 
-0.028245 
-0.0271823 
-0.0259114 
-0.0244703 
-0.0228944 
-0.021213 
-0.0194494 
-0.0176246 
-0.0157592 
-0.0138717 
-0.0119839 
-0.0101179 
-0.00830563 
-0.00655469 
-0.00492452 
-0.0033878 
-0.00187085 
-0.000419597 
0.0010002 
0.0023806 
0.00374685 
0.00510356 
0.00646646 
0.00784496 
0.00925436 
0.0107102 
0.0122334 
0.0138471 
0.0155767 
0.0174413 
0.0194431 
0.0215447 
0.0236481 
0.0255683 
0.0270539 
0.0277835 
0.0274946 
0.0259212 
0.023095 
0.0191229 
0.0142988 
0.00881893 
0.00303567 
-0.00303567 
0.00292628 
-0.00292628 
-0.00817891 
-0.0130781 
-0.0173295 
-0.0209304 
-0.0237801 
-0.0259318 
-0.0274144 
-0.0283226 
-0.0287663 
-0.0288671 
-0.0287338 
-0.0284579 
-0.0281116 
-0.0277532 
-0.0274277 
-0.0271653 
-0.0269735 
-0.0268309 
-0.0266861 
-0.0264671 
-0.0260975 
-0.0255138 
-0.0246772 
-0.023575 
-0.0222166 
-0.0206261 
-0.0188383 
-0.0168971 
-0.0148623 
-0.0127992 
-0.0107959 
-0.00889303 
-0.00710248 
-0.00537033 
-0.00375374 
-0.00222837 
-0.00070214 
0.000752572 
0.00219003 
0.00359896 
0.00500532 
0.00641575 
0.00784495 
0.00930149 
0.0107973 
0.0123442 
0.0139569 
0.0156516 
0.0174435 
0.0193401 
0.0213304 
0.0233655 
0.025342 
0.0270819 
0.0283488 
0.028855 
0.0283591 
0.026662 
0.0237585 
0.0197226 
0.0147978 
0.0091596 
0.00316057 
-0.00316057 
0.00298074 
-0.00298074 
-0.00839011 
-0.0134466 
-0.017838 
-0.021534 
-0.0244125 
-0.0265065 
-0.0278553 
-0.0285547 
-0.0287275 
-0.028513 
-0.0280352 
-0.0273937 
-0.0266596 
-0.0258839 
-0.0251072 
-0.0243668 
-0.0236982 
-0.0231309 
-0.0226778 
-0.0223259 
-0.022033 
-0.0217338 
-0.0213549 
-0.0208302 
-0.02011 
-0.0191625 
-0.0179705 
-0.0165261 
-0.0148325 
-0.012903 
-0.0107758 
-0.00852533 
-0.00629271 
-0.00418781 
-0.00243053 
-0.000968396 
0.00057693 
0.00206547 
0.00350546 
0.00491979 
0.00633965 
0.00778103 
0.00925723 
0.0107747 
0.0123403 
0.0139598 
0.0156404 
0.017389 
0.0192103 
0.0210999 
0.0230346 
0.0249572 
0.0267628 
0.0282848 
0.0293079 
0.0295813 
0.0288872 
0.027071 
0.0241071 
0.0200415 
0.0150755 
0.0093587 
0.00323761 
-0.00323761 
0.0030334 
-0.0030334 
-0.00860382 
-0.0138279 
-0.018375 
-0.0221881 
-0.0251202 
-0.0271831 
-0.0284156 
-0.0289228 
-0.0288402 
-0.0283313 
-0.0275439 
-0.0265945 
-0.0255607 
-0.0244873 
-0.0233986 
-0.0223103 
-0.0212381 
-0.0202035 
-0.0192346 
-0.0183612 
-0.0176063 
-0.0169756 
-0.0164511 
-0.0159934 
-0.0155491 
-0.0150603 
-0.0144703 
-0.0137229 
-0.012762 
-0.0115178 
-0.00992244 
-0.00795181 
-0.00572165 
-0.00333544 
-0.00135829 
0.000260689 
0.00185445 
0.00335474 
0.00481068 
0.00624317 
0.00768657 
0.00916149 
0.0106824 
0.0122552 
0.0138823 
0.0155636 
0.0172977 
0.019082 
0.02091 
0.0227659 
0.0246164 
0.0263983 
0.0280086 
0.0292949 
0.0300653 
0.0301041 
0.0292189 
0.0272824 
0.0242614 
0.0201799 
0.0152054 
0.00946075 
0.0032814 
-0.0032814 
0.00307683 
-0.00307683 
-0.00879796 
-0.0141867 
-0.0188943 
-0.0228381 
-0.0258424 
-0.0278964 
-0.0290273 
-0.0293528 
-0.0290219 
-0.0282248 
-0.027139 
-0.0259055 
-0.0246173 
-0.0233237 
-0.0220448 
-0.0207842 
-0.0195402 
-0.0183112 
-0.0171012 
-0.0159227 
-0.0147973 
-0.0137531 
-0.0128174 
-0.0120086 
-0.0113301 
-0.0107672 
-0.0102888 
-0.00984952 
-0.00940131 
-0.00888715 
-0.00820686 
-0.00732114 
-0.00617598 
-0.00471256 
-0.00277031 
-0.000250604 
0.00210836 
0.00422473 
0.00598373 
0.00756519 
0.00908601 
0.0106134 
0.01218 
0.0137994 
0.0154751 
0.0172028 
0.0189744 
0.0207775 
0.0225944 
0.0243984 
0.0261469 
0.027773 
0.0291772 
0.030222 
0.0307392 
0.0305445 
0.0294716 
0.0274067 
0.0243213 
0.0202227 
0.0152519 
0.00950592 
0.00330549 
-0.00330549 
0.00310209 
-0.00310209 
-0.00894569 
-0.01448 
-0.0193387 
-0.0234164 
-0.0265044 
-0.0285657 
-0.0296108 
-0.0297641 
-0.0291926 
-0.0281119 
-0.0267328 
-0.0252241 
-0.023698 
-0.0222119 
-0.0207863 
-0.0194206 
-0.0181067 
-0.0168347 
-0.0155973 
-0.0143918 
-0.0132204 
-0.012091 
-0.0110167 
-0.010015 
-0.00910343 
-0.0082963 
-0.00759864 
-0.00700456 
-0.00649042 
-0.00604225 
-0.00557423 
-0.00504111 
-0.00435127 
-0.00344963 
-0.0019572 
6.67981e-05 
0.00233021 
0.00455643 
0.00657771 
0.00844519 
0.010208 
0.0119232 
0.0136307 
0.0153569 
0.0171142 
0.0189031 
0.0207144 
0.0225309 
0.0243273 
0.0260686 
0.0277055 
0.0291686 
0.0303634 
0.0311669 
0.0314332 
0.0310053 
0.029742 
0.0275379 
0.0243695 
0.0202412 
0.0152708 
0.00952985 
0.00332187 
-0.00332187 
0.00309878 
-0.00309878 
-0.00901542 
-0.0146562 
-0.019639 
-0.0238397 
-0.0270139 
-0.0290931 
-0.0300671 
-0.0300595 
-0.0292598 
-0.027906 
-0.0262448 
-0.0244733 
-0.0227252 
-0.0210665 
-0.019518 
-0.0180746 
-0.0167221 
-0.0154443 
-0.0142279 
-0.0130642 
-0.0119491 
-0.0108831 
-0.00986799 
-0.00890626 
-0.00799849 
-0.00714637 
-0.00635049 
-0.00561724 
-0.00493781 
-0.00432219 
-0.00375677 
-0.00320436 
-0.00254843 
-0.00178793 
-0.000795341 
0.000287317 
0.00151766 
0.00312064 
0.00523654 
0.00756366 
0.00992708 
0.0122166 
0.0144065 
0.0165097 
0.0185472 
0.0205339 
0.0224735 
0.0243567 
0.026162 
0.0278547 
0.0293857 
0.0306881 
0.0316752 
0.0322389 
0.0322547 
0.0315904 
0.0301266 
0.0277711 
0.0244933 
0.0203051 
0.0153152 
0.00956626 
0.00334154 
-0.00334154 
0.00305543 
-0.00305543 
-0.0089715 
-0.0146556 
-0.0197129 
-0.0240074 
-0.0272577 
-0.0293586 
-0.0302745 
-0.0301196 
-0.0291121 
-0.0275065 
-0.0255857 
-0.0235748 
-0.0216294 
-0.0198237 
-0.0181784 
-0.0166833 
-0.0153175 
-0.0140581 
-0.0128854 
-0.0117844 
-0.0107448 
-0.00976107 
-0.00883051 
-0.00795304 
-0.00712648 
-0.00634866 
-0.00560945 
-0.00490451 
-0.0042164 
-0.00354097 
-0.0028873 
-0.00225589 
-0.00156462 
-0.000825902 
0.000121586 
0.0011999 
0.00237356 
0.00386974 
0.00570765 
0.00782818 
0.0101361 
0.0125386 
0.0149669 
0.0173728 
0.0197239 
0.0219948 
0.0241635 
0.0262067 
0.0280962 
0.0297959 
0.0312587 
0.0324246 
0.0332182 
0.0335487 
0.0333137 
0.0324052 
0.0307261 
0.028197 
0.024792 
0.0205008 
0.0154437 
0.00964801 
0.00337415 
-0.00337415 
0.00296012 
-0.00296012 
-0.00877599 
-0.0144131 
-0.0194678 
-0.0238025 
-0.0271012 
-0.0292184 
-0.0300875 
-0.0298024 
-0.0286184 
-0.0267975 
-0.0246565 
-0.0224454 
-0.0203408 
-0.0184247 
-0.0167169 
-0.015201 
-0.0138489 
-0.0126312 
-0.011522 
-0.0105009 
-0.00955242 
-0.00866649 
-0.00783509 
-0.0070535 
-0.00631482 
-0.00561509 
-0.00494361 
-0.00429652 
-0.00365756 
-0.0030172 
-0.00236854 
-0.0017069 
-0.000986823 
-0.000195425 
0.000725661 
0.00176613 
0.00296972 
0.00440549 
0.00605143 
0.00791326 
0.00999442 
0.0122872 
0.0147569 
0.0173411 
0.0199727 
0.0225828 
0.0251031 
0.0274696 
0.0296212 
0.0314993 
0.0330451 
0.0341977 
0.0348915 
0.0350537 
0.0346064 
0.0334694 
0.031571 
0.0288511 
0.0252919 
0.0208804 
0.0157098 
0.00980337 
0.00342584 
-0.00342584 
0.00280163 
-0.00280163 
-0.0083919 
-0.0138628 
-0.0188064 
-0.023097 
-0.0263924 
-0.0285078 
-0.0293395 
-0.0289461 
-0.0276308 
-0.0256508 
-0.0233503 
-0.0209986 
-0.0187902 
-0.0168139 
-0.0150878 
-0.0135898 
-0.0122842 
-0.0111355 
-0.010112 
-0.00918842 
-0.00834495 
-0.00756762 
-0.00684477 
-0.00616933 
-0.00553195 
-0.00492748 
-0.00434323 
-0.00377336 
-0.00320187 
-0.00262088 
-0.0020176 
-0.00138973 
-0.000697686 
6.18439e-05 
0.000942316 
0.00195332 
0.00310541 
0.00446801 
0.00605678 
0.00787722 
0.00991527 
0.0121567 
0.014578 
0.0171466 
0.019822 
0.0225472 
0.025253 
0.0278572 
0.0302706 
0.0324003 
0.0341549 
0.0354481 
0.0362003 
0.0363385 
0.0357967 
0.0345157 
0.0324488 
0.029559 
0.025844 
0.0213002 
0.0160125 
0.00999226 
0.00349178 
-0.00349178 
0.0025709 
-0.0025709 
-0.00778777 
-0.0129458 
-0.0176378 
-0.0217641 
-0.0249721 
-0.0270488 
-0.0278505 
-0.0273784 
-0.0259938 
-0.0239342 
-0.0215596 
-0.0191503 
-0.0169131 
-0.014942 
-0.0132534 
-0.0118196 
-0.010599 
-0.00955018 
-0.00863693 
-0.00783045 
-0.00710734 
-0.00645102 
-0.0058469 
-0.00528577 
-0.00475605 
-0.00425142 
-0.00375898 
-0.00327262 
-0.00277735 
-0.00226483 
-0.0017198 
-0.00113467 
-0.000482493 
0.000249903 
0.00109482 
0.00207012 
0.00319998 
0.00452255 
0.00604676 
0.00778685 
0.00974486 
0.0119169 
0.0142852 
0.0168212 
0.019485 
0.0222264 
0.0249826 
0.027678 
0.0302202 
0.0325066 
0.0344292 
0.0358811 
0.0367611 
0.0369797 
0.036463 
0.0351539 
0.0330171 
0.0300319 
0.0262119 
0.0215671 
0.0161902 
0.0100957 
0.00352831 
-0.00352831 
0.00226276 
-0.00226276 
-0.00694357 
-0.0116217 
-0.0158935 
-0.0196997 
-0.0226971 
-0.0246688 
-0.0254423 
-0.0249325 
-0.0235585 
-0.0215242 
-0.0191866 
-0.0168269 
-0.0146558 
-0.0127703 
-0.0111855 
-0.00987024 
-0.008778 
-0.00786382 
-0.00708818 
-0.00642002 
-0.0058338 
-0.00531136 
-0.00483655 
-0.00439913 
-0.00398661 
-0.00359208 
-0.00320255 
-0.00281141 
-0.00240426 
-0.00197344 
-0.00150309 
-0.000985388 
-0.000395971 
0.000278217 
0.00106622 
0.00198983 
0.00306782 
0.00433586 
0.00581014 
0.00750681 
0.00942976 
0.011578 
0.0139396 
0.0164909 
0.0191933 
0.0219918 
0.0248145 
0.0275727 
0.0301652 
0.032487 
0.0344359 
0.0359118 
0.036817 
0.0370597 
0.0365601 
0.0352554 
0.0331072 
0.0300963 
0.0262424 
0.0215648 
0.0161639 
0.0100634 
0.00350793 
-0.00350793 
0.0018775 
-0.0018775 
-0.00585625 
-0.00987881 
-0.013547 
-0.0168519 
-0.0194761 
-0.0212336 
-0.0219626 
-0.0214773 
-0.0202092 
-0.0183269 
-0.016159 
-0.0139761 
-0.0119824 
-0.0102755 
-0.00886939 
-0.00773232 
-0.00681568 
-0.00607302 
-0.00546366 
-0.00495597 
-0.00452378 
-0.00414859 
-0.00381381 
-0.00350887 
-0.00322115 
-0.00294353 
-0.0026637 
-0.00237507 
-0.00206444 
-0.00172391 
-0.00133831 
-0.000897556 
-0.00038117 
0.000226567 
0.000950168 
0.00181137 
0.0028313 
0.00403854 
0.00545049 
0.00708688 
0.00895915 
0.0110737 
0.0134251 
0.0159944 
0.0187437 
0.0216134 
0.0245214 
0.0273646 
0.0300267 
0.0323875 
0.0343353 
0.0357745 
0.0366198 
0.0367951 
0.0362362 
0.0348906 
0.0327232 
0.0297139 
0.0258797 
0.0212403 
0.0158976 
0.00988299 
0.00343593 
-0.00343593 
0.00142159 
-0.00142159 
-0.00454331 
-0.00774351 
-0.0106292 
-0.0132494 
-0.0153189 
-0.0167114 
-0.0173267 
-0.0169538 
-0.0158945 
-0.0143009 
-0.0124457 
-0.0105777 
-0.0088827 
-0.00745418 
-0.00630652 
-0.00540997 
-0.00471736 
-0.00418355 
-0.00376918 
-0.00344385 
-0.00318255 
-0.00296769 
-0.00278352 
-0.00262005 
-0.00246556 
-0.00231328 
-0.00215206 
-0.00197562 
-0.00177202 
-0.00153372 
-0.00124615 
-0.000898992 
-0.000472464 
4.85975e-05 
0.000687768 
0.00146644 
0.0024054 
0.00353312 
0.0048706 
0.00644153 
0.00826327 
0.0103487 
0.012699 
0.0152997 
0.0181132 
0.0210744 
0.0240898 
0.0270415 
0.0297951 
0.0322144 
0.0341632 
0.0355433 
0.0362797 
0.0363166 
0.0356178 
0.0341594 
0.0319266 
0.0289085 
0.0251208 
0.020578 
0.0153745 
0.00954267 
0.0033089 
-0.0033089 
0.000906734 
-0.000906734 
-0.00304168 
-0.00528038 
-0.00723072 
-0.00901096 
-0.010362 
-0.0112339 
-0.0116209 
-0.0114209 
-0.0106619 
-0.00948097 
-0.00807568 
-0.00665645 
-0.00537912 
-0.00432783 
-0.00351718 
-0.00292194 
-0.00249986 
-0.00221018 
-0.00201744 
-0.00189457 
-0.00181943 
-0.00177662 
-0.0017524 
-0.00173813 
-0.00172373 
-0.00170331 
-0.0016674 
-0.00161039 
-0.00152197 
-0.00139486 
-0.0012154 
-0.000972823 
-0.00064845 
-0.000227672 
0.000311256 
0.000989372 
0.00182856 
0.00285731 
0.00410013 
0.00558603 
0.00733976 
0.0093817 
0.01172 
0.0143442 
0.0172161 
0.0202641 
0.023383 
0.0264399 
0.0292847 
0.0317605 
0.0337244 
0.0350457 
0.0356638 
0.0355375 
0.0346599 
0.0330448 
0.0307125 
0.0276749 
0.023955 
0.019563 
0.0145801 
0.00903208 
0.00312354 
-0.00312354 
0.000346117 
-0.000346117 
-0.00140011 
-0.00258576 
-0.00348853 
-0.00431781 
-0.00481729 
-0.00505744 
-0.00513395 
-0.00509064 
-0.00468614 
-0.00399665 
-0.00314644 
-0.00228626 
-0.00152977 
-0.000943565 
-0.000540445 
-0.000301188 
-0.000191135 
-0.000176529 
-0.000228315 
-0.000324721 
-0.000448254 
-0.000586943 
-0.000730191 
-0.000871525 
-0.00100321 
-0.00112076 
-0.00121671 
-0.0012865 
-0.0013216 
-0.0013154 
-0.00125487 
-0.0011296 
-0.000922255 
-0.000618973 
-0.000200412 
0.000355479 
0.00107117 
0.00197758 
0.00310285 
0.00448197 
0.00614602 
0.00812224 
0.0104248 
0.0130461 
0.0159454 
0.0190442 
0.0222271 
0.0253509 
0.0282559 
0.0307723 
0.0327549 
0.0340246 
0.0345355 
0.0342524 
0.0331952 
0.0314203 
0.0289908 
0.025951 
0.0223388 
0.0181637 
0.0134919 
0.00833726 
0.00287512 
-0.00287512 
-0.000244394 
0.000244394 
0.000324681 
0.000230894 
0.000433539 
0.000615729 
0.00101352 
0.00138479 
0.00160468 
0.00163536 
0.00174183 
0.00194864 
0.00220446 
0.0024379 
0.00259337 
0.00263874 
0.00257131 
0.00240699 
0.00217066 
0.00188596 
0.00157258 
0.00124489 
0.000914093 
0.000587605 
0.000271969 
-2.90572e-05 
-0.00031056 
-0.000569987 
-0.000802303 
-0.0010042 
-0.00116919 
-0.00129128 
-0.00135823 
-0.00136063 
-0.00128344 
-0.00111392 
-0.000833595 
-0.00042151 
0.000146777 
0.000904128 
0.00188213 
0.00312218 
0.00465985 
0.0065288 
0.00874713 
0.0113073 
0.014164 
0.0172325 
0.0203917 
0.0234978 
0.0263911 
0.0289038 
0.0308789 
0.032121 
0.0325484 
0.0321411 
0.0309438 
0.0290581 
0.0265899 
0.023616 
0.0201917 
0.0163283 
0.0120778 
0.00744033 
0.00255791 
-0.00255791 
-0.000845503 
0.000845503 
0.00207603 
0.00308086 
0.00437451 
0.00556474 
0.00677849 
0.00768007 
0.00820537 
0.00835901 
0.00830412 
0.00810373 
0.00778442 
0.00736588 
0.00687227 
0.00632491 
0.00574305 
0.00514289 
0.00453836 
0.00394008 
0.00335596 
0.00279107 
0.00224922 
0.00173233 
0.00124239 
0.000779887 
0.000346576 
-5.7224e-05 
-0.000428919 
-0.000767036 
-0.0010673 
-0.00132418 
-0.0015267 
-0.00166771 
-0.00173472 
-0.00171568 
-0.00159337 
-0.00134663 
-0.000950449 
-0.000372473 
0.000424509 
0.0014844 
0.00284591 
0.00454801 
0.00660772 
0.00901415 
0.0117155 
0.0146233 
0.0176193 
0.0205721 
0.023337 
0.0257678 
0.0277009 
0.028943 
0.0293321 
0.0288604 
0.0275986 
0.0256997 
0.0233078 
0.0205244 
0.0174166 
0.0139962 
0.0103026 
0.00632331 
0.00216653 
-0.00216653 
-0.00144115 
0.00144115 
0.00381545 
0.00590307 
0.00822151 
0.0103514 
0.0122776 
0.0136814 
0.0145501 
0.0148775 
0.0147431 
0.0142011 
0.0133383 
0.012272 
0.0111205 
0.00996973 
0.00886587 
0.00782599 
0.00685223 
0.0059411 
0.00508795 
0.00428802 
0.00353738 
0.00283217 
0.00216965 
0.0015468 
0.000962135 
0.000413663 
-9.85041e-05 
-0.000574921 
-0.0010138 
-0.00140992 
-0.00175493 
-0.00204449 
-0.00226832 
-0.00241539 
-0.00246978 
-0.00241119 
-0.00221446 
-0.00184678 
-0.0012703 
-0.000442552 
0.000680546 
0.00213603 
0.00393528 
0.0060616 
0.00845511 
0.0110305 
0.0136825 
0.0163064 
0.0187896 
0.0210283 
0.0228644 
0.0241267 
0.024517 
0.0240585 
0.0228479 
0.0210888 
0.0189498 
0.0165404 
0.0139268 
0.0111173 
0.00814015 
0.00497477 
0.00169826 
-0.00169826 
-0.00202413 
0.00202413 
0.00552644 
0.00866785 
0.0119228 
0.0148952 
0.0174584 
0.0193496 
0.0205722 
0.0210827 
0.0208846 
0.0200175 
0.018629 
0.0169371 
0.0151549 
0.0134296 
0.0118312 
0.0103753 
0.00905191 
0.00784376 
0.00673437 
0.00570972 
0.00475867 
0.00387191 
0.00304222 
0.00226318 
0.00153024 
0.000838902 
0.000187055 
-0.000428273 
-0.00100729 
-0.00154574 
-0.00203924 
-0.00248581 
-0.00287731 
-0.00320452 
-0.00345364 
-0.00360612 
-0.00363791 
-0.00351754 
-0.00320774 
-0.0026663 
-0.00185335 
-0.000740927 
0.000675784 
0.00236994 
0.00427811 
0.00632587 
0.00842968 
0.0105235 
0.0125398 
0.0144344 
0.0160643 
0.0173671 
0.0178387 
0.0174795 
0.0164566 
0.0150416 
0.013389 
0.0115859 
0.00968058 
0.00767428 
0.00558744 
0.00339795 
0.00115587 
-0.00115587 
-0.00259325 
0.00259325 
0.00720754 
0.0113712 
0.0154774 
0.0191923 
0.0223327 
0.0246829 
0.0262353 
0.0268832 
0.0265733 
0.0253514 
0.0234404 
0.0211603 
0.018807 
0.0165729 
0.01454 
0.0127173 
0.0110827 
0.00960703 
0.00826418 
0.00703259 
0.00589516 
0.00483801 
0.00385012 
0.002922 
0.00204639 
0.00121641 
0.000427816 
-0.000324904 
-0.00104331 
-0.00172546 
-0.00237132 
-0.00298057 
-0.00354796 
-0.0040669 
-0.00452664 
-0.00491179 
-0.00520137 
-0.00536732 
-0.00537543 
-0.00518754 
-0.00476926 
-0.00410124 
-0.00319276 
-0.00208342 
-0.000832633 
0.000495967 
0.00185371 
0.00322238 
0.00458137 
0.00593224 
0.00718232 
0.00832871 
0.00885685 
0.00879385 
0.00825102 
0.00749492 
0.0066232 
0.00568631 
0.00471351 
0.00370464 
0.00267853 
0.00162033 
0.000551728 
-0.000551728 
-0.00314862 
0.00314862 
0.00886171 
0.0140208 
0.0189112 
0.0232794 
0.0269349 
0.0296869 
0.0314964 
0.0321733 
0.0316467 
0.0300088 
0.0275794 
0.0247731 
0.0219422 
0.0192973 
0.0169155 
0.0147945 
0.0129011 
0.0111979 
0.00965216 
0.00823725 
0.00693204 
0.00571929 
0.00458512 
0.00351762 
0.0025072 
0.00154492 
0.000624558 
-0.000261913 
-0.00111694 
-0.00194226 
-0.00274163 
-0.00351633 
-0.00426489 
-0.00498395 
-0.00566691 
-0.00630292 
-0.00687615 
-0.00736455 
-0.00774065 
-0.00797425 
-0.00804021 
-0.00792953 
-0.00765946 
-0.00727285 
-0.0068228 
-0.00635164 
-0.00587042 
-0.005361 
-0.00480838 
-0.00420114 
-0.00357076 
-0.00296578 
-0.00242428 
-0.00187317 
-0.0015428 
-0.0013041 
-0.00112706 
-0.00097894 
-0.000834201 
-0.000683525 
-0.000506051 
-0.000301047 
-9.07857e-05 
9.07857e-05 
-0.00368867 
0.00368867 
0.0104846 
0.0166144 
0.0222398 
0.0271852 
0.0312771 
0.0343317 
0.0362593 
0.0367927 
0.0359094 
0.033796 
0.0308825 
0.0276519 
0.0244721 
0.0215392 
0.0189108 
0.0165709 
0.0144793 
0.0125943 
0.0108807 
0.00930988 
0.00785854 
0.00650764 
0.00524144 
0.00404637 
0.00291104 
0.00182487 
0.000779683 
-0.000234538 
-0.00122136 
-0.00218678 
-0.00313759 
-0.00407728 
-0.00500852 
-0.00593189 
-0.00684589 
-0.00774556 
-0.00862213 
-0.00946192 
-0.0102472 
-0.0109589 
-0.0115836 
-0.0121223 
-0.0125962 
-0.0130406 
-0.0134874 
-0.0139464 
-0.0143969 
-0.0147978 
-0.0151098 
-0.0153019 
-0.0153559 
-0.0152167 
-0.0145525 
-0.0134288 
-0.0121288 
-0.0107882 
-0.00944758 
-0.00810343 
-0.00673456 
-0.00532205 
-0.00384792 
-0.00229738 
-0.000749425 
0.000749425 
-0.0042059 
0.0042059 
0.0120509 
0.0191138 
0.0254269 
0.0308707 
0.0352871 
0.0384879 
0.0403192 
0.0405049 
0.0391377 
0.0365422 
0.0332421 
0.0297388 
0.0263669 
0.0232811 
0.0205123 
0.0180344 
0.0158056 
0.0137857 
0.0119408 
0.0102427 
0.00866837 
0.00719823 
0.00581576 
0.00450648 
0.00325772 
0.00205777 
0.000896545 
-0.000237214 
-0.00134902 
-0.00244869 
-0.00354563 
-0.00464619 
-0.00575724 
-0.00688393 
-0.00803049 
-0.00919897 
-0.0103891 
-0.0115974 
-0.012818 
-0.0140446 
-0.0152751 
-0.0165167 
-0.0177863 
-0.0191017 
-0.020466 
-0.0218552 
-0.0232178 
-0.0244855 
-0.0255864 
-0.0264417 
-0.0269523 
-0.0269534 
-0.0261629 
-0.024649 
-0.0226067 
-0.0202961 
-0.0178519 
-0.0153227 
-0.0127119 
-0.0100079 
-0.0072056 
-0.00429374 
-0.00140386 
0.00140386 
-0.00468338 
0.00468338 
0.0135042 
0.0214255 
0.0283497 
0.0341794 
0.038756 
0.0418809 
0.0433632 
0.0430231 
0.0411327 
0.0381538 
0.0346456 
0.0310609 
0.0276619 
0.024551 
0.0217379 
0.0191944 
0.0168842 
0.014773 
0.0128314 
0.0110341 
0.00935964 
0.0077895 
0.00630721 
0.00489807 
0.00354861 
0.00224644 
0.000979704 
-0.000263381 
-0.00149113 
-0.00271636 
-0.00395078 
-0.00520412 
-0.00648731 
-0.00781039 
-0.00918371 
-0.0106168 
-0.0121187 
-0.0136971 
-0.015359 
-0.0171107 
-0.0189597 
-0.0209142 
-0.0229791 
-0.0251464 
-0.0273848 
-0.0296353 
-0.0318154 
-0.0338272 
-0.0355612 
-0.036888 
-0.037657 
-0.03768 
-0.0367534 
-0.0349361 
-0.0323607 
-0.0292822 
-0.0258842 
-0.0222676 
-0.0184744 
-0.0145193 
-0.0104233 
-0.00620198 
-0.0020276 
0.0020276 
-0.00509364 
0.00509364 
0.0147532 
0.0233921 
0.0307841 
0.0368192 
0.0413254 
0.0441099 
0.0450314 
0.04412 
0.0418289 
0.0386886 
0.0352066 
0.0317338 
0.0284487 
0.0254134 
0.0226301 
0.0200782 
0.017732 
0.0155664 
0.0135583 
0.0116871 
0.00993422 
0.00828274 
0.00671707 
0.00522283 
0.00378622 
0.00239443 
0.00103429 
-0.000306255 
-0.00163863 
-0.00297789 
-0.00433792 
-0.00573187 
-0.00717451 
-0.00868077 
-0.010267 
-0.0119501 
-0.0137485 
-0.015681 
-0.0177668 
-0.0200242 
-0.0224672 
-0.0251007 
-0.0279122 
-0.0308633 
-0.0338861 
-0.0368864 
-0.0397519 
-0.0423566 
-0.0445599 
-0.0462011 
-0.0471112 
-0.0471125 
-0.0460596 
-0.0439991 
-0.0410276 
-0.0373558 
-0.0331708 
-0.0286067 
-0.0237454 
-0.0186404 
-0.0133501 
-0.00793482 
-0.00259362 
0.00259362 
-0.00539833 
0.00539833 
0.0156724 
0.0247947 
0.032415 
0.0383937 
0.042562 
0.044797 
0.0451246 
0.043817 
0.0414101 
0.0383927 
0.0351538 
0.0319341 
0.028852 
0.0259528 
0.0232455 
0.0207235 
0.0183741 
0.0161822 
0.0141323 
0.0122089 
0.0103968 
0.00868136 
0.00704822 
0.00548366 
0.00397396 
0.00250602 
0.00106588 
-0.000358826 
-0.00178234 
-0.00322149 
-0.00469213 
-0.00621058 
-0.0077951 
-0.00946514 
-0.0112424 
-0.0131508 
-0.0152168 
-0.0174694 
-0.0199389 
-0.0226534 
-0.0256317 
-0.0288731 
-0.032346 
-0.0359808 
-0.0396732 
-0.0432947 
-0.046705 
-0.0497564 
-0.0522903 
-0.0541343 
-0.05512 
-0.0550869 
-0.0539241 
-0.0516653 
-0.0483841 
-0.0442473 
-0.039426 
-0.0340685 
-0.0282901 
-0.0221865 
-0.0158599 
-0.00942016 
-0.00307972 
0.00307972 
-0.00554538 
0.00554538 
0.0161016 
0.0253688 
0.0328957 
0.0385403 
0.0421994 
0.043901 
0.0438707 
0.0425167 
0.040315 
0.0376401 
0.034763 
0.031852 
0.0290003 
0.0262569 
0.0236447 
0.0211722 
0.0188392 
0.0166403 
0.0145671 
0.0126089 
0.010754 
0.0089902 
0.00730457 
0.00568421 
0.00411563 
0.00258567 
0.00107991 
-0.000414351 
-0.0019137 
-0.0034363 
-0.00499971 
-0.00662301 
-0.00832741 
-0.0101362 
-0.0120756 
-0.0141749 
-0.0164676 
-0.0189906 
-0.0217829 
-0.0248807 
-0.0283067 
-0.0320554 
-0.0360787 
-0.0402795 
-0.0445194 
-0.0486367 
-0.0524638 
-0.0558354 
-0.0585857 
-0.0605463 
-0.0615607 
-0.0614858 
-0.0602292 
-0.0578081 
-0.0542796 
-0.0497767 
-0.0444527 
-0.038461 
-0.0319423 
-0.0250308 
-0.0178702 
-0.0106128 
-0.0034726 
0.0034726 
-0.00547307 
0.00547307 
0.0158876 
0.0249235 
