0 
0.000222813 
0.00272235 
0.00749962 
0.0144507 
0.0232677 
0.0334019 
0.0443331 
0.0555893 
0.0667694 
0.0775419 
0.0876352 
0.0968284 
0.104945 
0.111849 
0.117445 
0.12168 
0.124538 
0.126039 
0.126216 
0.125111 
0.122765 
0.119215 
0.114508 
0.108727 
0.102027 
0.094672 
0.0870103 
0.0793971 
0.0721085 
0.0653035 
0.059043 
0.0533291 
0.0481359 
0.0434264 
0.0391589 
0.0352916 
0.0317836 
0.0285968 
0.0256968 
0.0230526 
0.0206376 
0.0184284 
0.0164052 
0.0145511 
0.0128518 
0.0112954 
0.0098717 
0.00857229 
0.0073901 
0.00631918 
0.00535431 
0.00449034 
0.00372291 
0.00304793 
0.00246076 
0.00195616 
0.00152834 
0.00117088 
0.000876696 
0.000637897 
0.00044583 
0.000291064 
0.000163536 
5.26158e-05 
0 
-0.000222813 
0.000222813 
0.00272235 
0.00749962 
0.0144507 
0.0232677 
0.0334019 
0.0443331 
0.0555893 
0.0667694 
0.0775419 
0.0876352 
0.0968284 
0.104945 
0.111849 
0.117445 
0.12168 
0.124538 
0.126039 
0.126216 
0.125111 
0.122765 
0.119215 
0.114508 
0.108727 
0.102027 
0.094672 
0.0870103 
0.0793971 
0.0721085 
0.0653035 
0.059043 
0.0533291 
0.0481359 
0.0434264 
0.0391589 
0.0352916 
0.0317836 
0.0285968 
0.0256968 
0.0230526 
0.0206376 
0.0184284 
0.0164052 
0.0145511 
0.0128518 
0.0112954 
0.0098717 
0.00857229 
0.0073901 
0.00631918 
0.00535431 
0.00449034 
0.00372291 
0.00304793 
0.00246076 
0.00195616 
0.00152834 
0.00117088 
0.000876696 
0.000637897 
0.00044583 
0.000291064 
0.000163536 
5.26158e-05 
-5.26158e-05 
8.20036e-05 
-8.20036e-05 
0.00280746 
0.00843224 
0.0162671 
0.0257897 
0.0363917 
0.0475593 
0.0588566 
0.0699253 
0.0804727 
0.0902586 
0.099085 
0.10679 
0.113247 
0.118367 
0.122102 
0.12445 
0.125454 
0.125176 
0.123684 
0.121051 
0.117343 
0.112613 
0.10692 
0.100374 
0.0931818 
0.0856544 
0.0781427 
0.0709405 
0.0642264 
0.0580691 
0.0524673 
0.0473874 
0.0427851 
0.0386142 
0.0348306 
0.0313933 
0.0282653 
0.0254134 
0.0228087 
0.0204257 
0.0182425 
0.0162406 
0.0144038 
0.0127186 
0.0111737 
0.00975931 
0.00846751 
0.00729149 
0.0062254 
0.00526419 
0.00440376 
0.00363989 
0.0029681 
0.0023842 
0.00188379 
0.00146113 
0.00110982 
0.000822789 
0.000592129 
0.000409118 
0.000264207 
0.000147149 
4.71029e-05 
-4.71029e-05 
-0.00049032 
0.00049032 
0.00499274 
0.012009 
0.0208057 
0.0308393 
0.0415778 
0.0525948 
0.0635422 
0.0741368 
0.0841452 
0.0933695 
0.101638 
0.108801 
0.114733 
0.119337 
0.122554 
0.124374 
0.124801 
0.123917 
0.121829 
0.118661 
0.114542 
0.109579 
0.103847 
0.097426 
0.0904555 
0.083179 
0.0759068 
0.0689235 
0.0624138 
0.0564522 
0.0510379 
0.0461339 
0.0416917 
0.0376632 
0.0340036 
0.0306727 
0.0276352 
0.0248598 
0.0223195 
0.0199906 
0.0178529 
0.0158889 
0.0140837 
0.0124249 
0.0109018 
0.00950572 
0.00822925 
0.00706632 
0.00601183 
0.00506136 
0.00421092 
0.00345663 
0.00279476 
0.00222152 
0.00173215 
0.00132159 
0.000983838 
0.000712069 
0.000498433 
0.00033413 
0.000209424 
0.000113751 
3.58682e-05 
-3.58682e-05 
-0.00181296 
0.00181296 
0.00809793 
0.0161709 
0.0254377 
0.0354756 
0.0458723 
0.0563089 
0.0665366 
0.0763552 
0.0855946 
0.0940989 
0.101719 
0.108312 
0.113749 
0.117919 
0.120748 
0.12221 
0.122253 
0.120976 
0.118483 
0.114914 
0.110442 
0.105233 
0.0994199 
0.0930995 
0.0863822 
0.079451 
0.0725574 
0.0659471 
0.0597865 
0.0541442 
0.0490182 
0.0443715 
0.0401563 
0.0363257 
0.0328373 
0.0296535 
0.0267416 
0.0240732 
0.0216236 
0.0193714 
0.0172983 
0.0153885 
0.0136287 
0.0120077 
0.010516 
0.00914595 
0.00789117 
0.00674643 
0.00570744 
0.00477051 
0.00393248 
0.00319034 
0.00254093 
0.00198091 
0.00150636 
0.00111302 
0.00079506 
0.000545856 
0.000357579 
0.000221298 
0.000126936 
6.34287e-05 
1.89264e-05 
-1.89264e-05 
-0.00293098 
0.00293098 
0.0104589 
0.0191458 
0.0284742 
0.0381376 
0.047845 
0.0573981 
0.0666581 
0.0755127 
0.0838527 
0.0915582 
0.0984946 
0.104518 
0.109485 
0.113271 
0.115789 
0.116991 
0.116824 
0.115382 
0.112755 
0.109075 
0.10452 
0.0992794 
0.0935245 
0.0873916 
0.0810037 
0.0745173 
0.068132 
0.0620401 
0.0563697 
0.0511702 
0.0464344 
0.0421272 
0.0382054 
0.0346273 
0.0313553 
0.0283565 
0.0256024 
0.0230681 
0.0207322 
0.018576 
0.0165835 
0.0147413 
0.0130377 
0.0114632 
0.01001 
0.00867163 
0.00744302 
0.00632015 
0.00529983 
0.00437944 
0.0035568 
0.00282987 
0.00219642 
0.00165424 
0.0011999 
0.000829619 
0.000538225 
0.00031947 
0.000165524 
6.72308e-05 
1.41459e-05 
-5.46788e-06 
-4.28618e-06 
4.28618e-06 
-0.00347116 
0.00347116 
0.0115889 
0.0204482 
0.0294673 
0.0384315 
0.0471773 
0.055637 
0.0637822 
0.0715812 
0.0789751 
0.0858684 
0.0921308 
0.0976086 
0.102142 
0.105588 
0.107854 
0.108867 
0.10859 
0.107115 
0.104527 
0.100954 
0.0965628 
0.0915364 
0.0860543 
0.0802795 
0.0743597 
0.068449 
0.0627085 
0.057274 
0.0522244 
0.0475816 
0.0433305 
0.0394396 
0.0358734 
0.0325984 
0.0295847 
0.0268057 
0.0242383 
0.0218625 
0.0196605 
0.0176174 
0.0157199 
0.0139571 
0.0123196 
0.0107999 
0.00939177 
0.00809048 
0.00689242 
0.00579491 
0.00479608 
0.00389457 
0.00308944 
0.00237989 
0.00176491 
0.00124339 
0.000812801 
0.000470555 
0.000211916 
3.09868e-05 
-7.97845e-05 
-0.000129975 
-0.000130489 
-9.39562e-05 
-3.41326e-05 
3.41326e-05 
-0.00357952 
0.00357952 
0.011676 
0.0202189 
0.0285297 
0.0364875 
0.0440558 
0.0512859 
0.0582409 
0.0649491 
0.0713855 
0.0774679 
0.0830642 
0.0880074 
0.0921178 
0.0952306 
0.0972509 
0.098097 
0.0977689 
0.096362 
0.0939601 
0.09068 
0.0866647 
0.0820729 
0.077076 
0.0718495 
0.0665646 
0.0613799 
0.0564243 
0.0517761 
0.0474614 
0.0434718 
0.0397848 
0.0363746 
0.0332163 
0.0302871 
0.0275666 
0.0250364 
0.0226801 
0.0204829 
0.018432 
0.0165162 
0.0147255 
0.0130519 
0.0114885 
0.0100297 
0.00867154 
0.00741087 
0.00624582 
0.00517523 
0.00419876 
0.00331656 
0.00252927 
0.00183761 
0.00124195 
0.000743001 
0.000339423 
2.959e-05 
-0.00019013 
-0.000325646 
-0.000384228 
-0.000375469 
-0.000310983 
-0.000204565 
-7.14808e-05 
7.14808e-05 
-0.00339339 
0.00339339 
0.0109367 
0.0186961 
0.0259336 
0.0326395 
0.0388878 
0.0448159 
0.0505472 
0.0561472 
0.0616108 
0.0668647 
0.0717789 
0.0761773 
0.0798614 
0.0826437 
0.0844311 
0.0851278 
0.0847808 
0.0835066 
0.0813962 
0.0785508 
0.0750796 
0.0711069 
0.0667841 
0.0622901 
0.0578117 
0.0535071 
0.0494689 
0.045717 
0.0422257 
0.0389603 
0.0358945 
0.0330111 
0.0302984 
0.0277462 
0.0253449 
0.0230851 
0.0209579 
0.0189548 
0.0170678 
0.0152899 
0.0136149 
0.0120376 
0.0105537 
0.00916014 
0.00785483 
0.00663672 
0.00550567 
0.00446225 
0.00350788 
0.00264453 
0.00187456 
0.00120059 
0.000625196 
0.000150551 
-0.000223004 
-0.000496567 
-0.00067271 
-0.000755847 
-0.00075301 
-0.000673956 
-0.0005311 
-0.000339764 
-0.0001172 
0.0001172 
-0.00300179 
0.00300179 
0.00956002 
0.0161443 
0.0220298 
0.0273235 
0.0321758 
0.0367665 
0.0412504 
0.04571 
0.0501525 
0.0545165 
0.0586847 
0.0624859 
0.0657085 
0.0681409 
0.0696907 
0.0702591 
0.0699645 
0.068931 
0.0672385 
0.0649624 
0.0621759 
0.0589704 
0.0554788 
0.0518804 
0.0483683 
0.045085 
0.0420753 
0.0392989 
0.0366861 
0.0341844 
0.0317702 
0.0294388 
0.0271929 
0.0250359 
0.0229695 
0.020994 
0.0191079 
0.017309 
0.0155948 
0.0139623 
0.012409 
0.0109327 
0.00953201 
0.00820609 
0.0069551 
0.00577998 
0.00468239 
0.00366478 
0.00273053 
0.00188343 
0.00112829 
0.000469918 
-8.67764e-05 
-0.000537766 
-0.000882239 
-0.00111793 
-0.00124615 
-0.00126995 
-0.00119586 
-0.00103388 
-0.000797426 
-0.000503774 
-0.000172758 
0.000172758 
-0.00246088 
0.00246088 
0.00770806 
0.0128317 
0.0171972 
0.0210006 
0.0244302 
0.0276674 
0.0308787 
0.034147 
0.0374903 
0.0408628 
0.044175 
0.0472834 
0.0499857 
0.0520503 
0.0533672 
0.053857 
0.0537252 
0.0530737 
0.0519451 
0.050372 
0.0483911 
0.046071 
0.0435376 
0.0409735 
0.0385642 
0.0364142 
0.034506 
0.032742 
0.0310218 
0.0292881 
0.0275275 
0.0257507 
0.0239754 
0.0222183 
0.0204921 
0.0188061 
0.0171662 
0.0155764 
0.014039 
0.0125554 
0.0111265 
0.00975317 
0.00843659 
0.00717843 
0.00598093 
0.00484693 
0.00378006 
0.00278475 
0.00186642 
0.00103158 
0.000287277 
-0.000358117 
-0.00089946 
-0.00133004 
-0.00164635 
-0.00184332 
-0.00192003 
-0.0018779 
-0.00172255 
-0.0014641 
-0.00111712 
-0.000701286 
-0.000239812 
0.000239812 
-0.00181624 
0.00181624 
0.00553703 
0.00902584 
0.0118065 
0.0141057 
0.0161216 
0.0180066 
0.0199269 
0.0219529 
0.0241144 
0.0263801 
0.028698 
0.0309693 
0.0330586 
0.0347271 
0.035835 
0.0363913 
0.0366076 
0.0365073 
0.0360779 
0.0353108 
0.0342209 
0.0328719 
0.0313963 
0.0299776 
0.0287724 
0.0278203 
0.0270324 
0.0262656 
0.0254077 
0.0244109 
0.0232786 
0.0220378 
0.0207206 
0.0193552 
0.0179643 
0.0165651 
0.0151702 
0.013789 
0.0124285 
0.0110939 
0.00978928 
0.00851847 
0.00728507 
0.00609305 
0.00494657 
0.00385036 
0.00280992 
0.00183176 
0.000923957 
9.53689e-05 
-0.000643226 
-0.00128427 
-0.00181807 
-0.00223466 
-0.00252688 
-0.0026864 
-0.00270951 
-0.00259539 
-0.00234827 
-0.00197818 
-0.00150096 
-0.000939334 
-0.000320823 
0.000320823 
-0.00110596 
0.00110596 
0.00319166 
0.00497531 
0.00618704 
0.00701733 
0.00766083 
0.00822374 
0.00886142 
0.0096261 
0.0105597 
0.0116418 
0.012855 
0.0141348 
0.0154969 
0.0167224 
0.0176761 
0.0185558 
0.0193231 
0.0199063 
0.0202539 
0.0203414 
0.0201869 
0.0198678 
0.0195281 
0.0193345 
0.0193824 
0.0196257 
0.0199095 
0.0200684 
0.0199999 
0.0196777 
0.0191248 
0.0183835 
0.0174975 
0.0165047 
0.0154352 
0.0143129 
0.0131559 
0.0119782 
0.0107906 
0.00960166 
0.0084184 
0.00724708 
0.00609365 
0.00496393 
0.00386383 
0.00279973 
0.00177918 
0.000810923 
-9.40135e-05 
-0.000924303 
-0.00166911 
-0.00231602 
-0.00285153 
-0.00326177 
-0.00353605 
-0.00366167 
-0.00363099 
-0.00343992 
-0.00309044 
-0.00259207 
-0.00196195 
-0.00122649 
-0.000418855 
0.000418855 
-0.00035782 
0.00035782 
0.000791891 
0.000891413 
0.000607106 
4.70318e-05 
-0.000606306 
-0.00129547 
-0.00188687 
-0.00233968 
-0.00260149 
-0.00267683 
-0.00256246 
-0.00230117 
-0.00176479 
-0.000958256 
0.000162218 
0.00148745 
0.00280798 
0.00403905 
0.00512622 
0.0060466 
0.00683549 
0.00758594 
0.00843281 
0.00948911 
0.0107601 
0.012112 
0.0133481 
0.0143102 
0.0149242 
0.0151907 
0.0151511 
0.0148593 
0.0143672 
0.0137188 
0.0129499 
0.0120887 
0.0111576 
0.0101742 
0.00915219 
0.00810292 
0.00703573 
0.00595905 
0.00488067 
0.00380787 
0.00274791 
0.00170893 
0.00070022 
-0.00026645 
-0.00117884 
-0.00202474 
-0.00278901 
-0.00345543 
-0.00400628 
-0.00442311 
-0.00469013 
-0.00478915 
-0.00470728 
-0.00443576 
-0.00397322 
-0.00332782 
-0.00251798 
-0.00157457 
-0.000538102 
0.000538102 
0.000417526 
-0.000417526 
-0.00157945 
-0.00305832 
-0.00472407 
-0.00655541 
-0.00839558 
-0.0102244 
-0.0119374 
-0.0134898 
-0.0148192 
-0.0158966 
-0.0166941 
-0.0171867 
-0.0172596 
-0.0167556 
-0.0155783 
-0.0140068 
-0.0123001 
-0.0105377 
-0.00878282 
-0.00705486 
-0.00530833 
-0.00345798 
-0.00141655 
0.000837798 
0.00320459 
0.00548604 
0.00749226 
0.00909935 
0.0102687 
0.0110252 
0.0114231 
0.0115229 
0.0113803 
0.0110423 
0.0105477 
0.00992755 
0.00920671 
0.00840511 
0.0075388 
0.0066209 
0.00566263 
0.00467405 
0.00366413 
0.0026411 
0.00161346 
0.000590615 
-0.000415699 
-0.00139306 
-0.00232805 
-0.00320506 
-0.00400522 
-0.00470844 
-0.00529209 
-0.00573226 
-0.00600708 
-0.00609128 
-0.00596468 
-0.00561177 
-0.00502596 
-0.00421279 
-0.00319156 
-0.00199857 
-0.000683863 
0.000683863 
0.00120501 
-0.00120501 
-0.00384928 
-0.0067379 
-0.00964058 
-0.0125983 
-0.0154828 
-0.0183063 
-0.0209875 
-0.0234757 
-0.0256919 
-0.0275712 
-0.029044 
-0.03003 
-0.0304129 
-0.0301103 
-0.0291009 
-0.0274782 
-0.0255232 
-0.0233247 
-0.0209572 
-0.0184405 
-0.0157433 
-0.0128239 
-0.00967714 
-0.00639029 
-0.00315004 
-0.000163245 
0.00240622 
0.00448926 
0.00608293 
0.0072287 
0.00798623 
0.0084169 
0.00857625 
0.00851157 
0.00826214 
0.00785999 
0.00733121 
0.00669695 
0.00597449 
0.00517814 
0.0043204 
0.0034122 
0.00246299 
0.00148156 
0.000477136 
-0.00053941 
-0.00155564 
-0.00255856 
-0.00353234 
-0.00445852 
-0.00531497 
-0.00607726 
-0.00671734 
-0.00720429 
-0.00750874 
-0.00759621 
-0.00743668 
-0.00700501 
-0.00628665 
-0.0052825 
-0.004012 
-0.00251796 
-0.000863105 
0.000863105 
0.00196172 
-0.00196172 
-0.00593971 
-0.0100626 
-0.0140441 
-0.0179663 
-0.0217236 
-0.0253577 
-0.0288106 
-0.0320306 
-0.0349262 
-0.0374059 
-0.0393723 
-0.0407236 
-0.0413567 
-0.0412151 
-0.0402846 
-0.038618 
-0.036453 
-0.0338608 
-0.0309182 
-0.0276584 
-0.0240922 
-0.0202505 
-0.0162226 
-0.0121813 
-0.00834061 
-0.00488657 
-0.00193357 
0.000482192 
0.00238204 
0.0038243 
0.00486744 
0.00556987 
0.00598393 
0.00615469 
0.00612012 
0.00591174 
0.00555555 
0.0050729 
0.00448145 
0.00379601 
0.00302964 
0.00219328 
0.00129611 
0.000347021 
-0.000644456 
-0.00166631 
-0.00270653 
-0.00375091 
-0.00478193 
-0.00577883 
-0.00671619 
-0.0075649 
-0.00829093 
-0.00885477 
-0.00921839 
-0.00933523 
-0.00916187 
-0.00865935 
-0.00780115 
-0.00658041 
-0.00501546 
-0.00315691 
-0.00108438 
0.00108438 
0.00265222 
-0.00265222 
-0.00780333 
-0.012996 
-0.0178963 
-0.022613 
-0.0270566 
-0.0312958 
-0.0352991 
-0.0390238 
-0.0423757 
-0.0452496 
-0.0475334 
-0.0491158 
-0.0499013 
-0.0498458 
-0.0489288 
-0.0471801 
-0.0447965 
-0.0418353 
-0.0383791 
-0.0344903 
-0.0302378 
-0.0257289 
-0.0211266 
-0.016639 
-0.0124676 
-0.0087608 
-0.00559059 
-0.00296482 
-0.000845563 
0.00081547 
0.00207855 
0.00299835 
0.00362236 
0.00399198 
0.00414253 
0.00410375 
0.00390052 
0.0035535 
0.00307995 
0.0024946 
0.00181025 
0.00103662 
0.000182245 
-0.00074467 
-0.00173291 
-0.00277212 
-0.00385035 
-0.00495302 
-0.00606171 
-0.00715387 
-0.00820123 
-0.00916966 
-0.0100188 
-0.0106988 
-0.011161 
-0.0113435 
-0.0111847 
-0.0106261 
-0.00962357 
-0.00815819 
-0.00624523 
-0.00394471 
-0.00135819 
0.00135819 
0.00326586 
-0.00326586 
-0.00942868 
-0.0155329 
-0.0211976 
-0.0265445 
-0.0314907 
-0.0361269 
-0.040452 
-0.0444441 
-0.0480188 
-0.0510696 
-0.0534808 
-0.05514 
-0.0559568 
-0.0558896 
-0.0549149 
-0.0530511 
-0.0504573 
-0.0471887 
-0.043342 
-0.0390171 
-0.034338 
-0.0294672 
-0.0246016 
-0.019946 
-0.0156706 
-0.0118828 
-0.00862387 
-0.00588496 
-0.00363024 
-0.00181272 
-0.000381133 
0.000708772 
0.00150247 
0.00203714 
0.00234469 
0.00245237 
0.00238319 
0.00215641 
0.00178822 
0.00129253 
0.000680514 
-3.99992e-05 
-0.000861189 
-0.00177336 
-0.00276789 
-0.00383578 
-0.004966 
-0.00614452 
-0.00735295 
-0.00856776 
-0.00975828 
-0.0108856 
-0.0119026 
-0.0127476 
-0.0133588 
-0.0136549 
-0.01355 
-0.0129582 
-0.0118106 
-0.0100709 
-0.00774867 
-0.00491454 
-0.00169692 
0.00169692 
0.00380078 
-0.00380078 
-0.010822 
-0.0176915 
-0.0239808 
-0.029812 
-0.0350979 
-0.0399422 
-0.0443753 
-0.0484071 
-0.0519773 
-0.054991 
-0.0573382 
-0.0589135 
-0.059635 
-0.0594639 
-0.0583801 
-0.056393 
-0.0536333 
-0.0501644 
-0.0461005 
-0.0415731 
-0.0367419 
-0.0317933 
-0.0269244 
-0.0223151 
-0.0180995 
-0.0143527 
-0.0110978 
-0.00832214 
-0.00599496 
-0.0040763 
-0.00252577 
-0.00130355 
-0.000372846 
0.000297497 
0.000736864 
0.00096998 
0.00101747 
0.000896612 
0.000621818 
0.000205503 
-0.000344434 
-0.00101981 
-0.00181298 
-0.00271701 
-0.00372579 
-0.00483233 
-0.00602748 
-0.00729895 
-0.00862961 
-0.00999607 
-0.0113663 
-0.0126973 
-0.0139344 
-0.015004 
-0.0158255 
-0.0162947 
-0.0162932 
-0.0156982 
-0.0144085 
-0.0123647 
-0.00956773 
-0.0060982 
-0.00211381 
0.00211381 
0.00426062 
-0.00426062 
-0.0120003 
-0.0195042 
-0.0262988 
-0.0324967 
-0.0379953 
-0.0428988 
-0.0472639 
-0.0511399 
-0.0545056 
-0.0572933 
-0.0594099 
-0.0607641 
-0.0612862 
-0.060943 
-0.0597231 
-0.0576307 
-0.0547774 
-0.0512373 
-0.0471369 
-0.0426241 
-0.0378705 
-0.0330597 
-0.0283688 
-0.023946 
-0.0198936 
-0.0162661 
-0.0130786 
-0.0103214 
-0.00797057 
-0.00599578 
-0.00436497 
-0.00304611 
-0.00200979 
-0.00122851 
-0.00067776 
-0.000336969 
-0.000188205 
-0.000216449 
-0.000408875 
-0.000755342 
-0.00124867 
-0.00188228 
-0.00265118 
-0.00355163 
-0.00458029 
-0.00573305 
-0.00700386 
-0.00838353 
-0.00985773 
-0.0114049 
-0.012993 
-0.0145759 
-0.0160913 
-0.0174527 
-0.0185531 
-0.019261 
-0.0194167 
-0.0188511 
-0.0174234 
-0.0150467 
-0.0117106 
-0.00750488 
-0.00261479 
0.00261479 
0.00465126 
-0.00465126 
-0.0129856 
-0.0210097 
-0.0282121 
-0.0346906 
-0.0403195 
-0.045189 
-0.0493691 
-0.0529477 
-0.0559552 
-0.0583687 
-0.0601269 
-0.0611598 
-0.0614122 
-0.0608582 
-0.0594966 
-0.0573318 
-0.0544612 
-0.0509666 
-0.0469764 
-0.0426388 
-0.0381177 
-0.0335777 
-0.029168 
-0.0250068 
-0.0211733 
-0.0177098 
-0.0146301 
-0.0119291 
-0.00959112 
-0.00759452 
-0.00591534 
-0.0045292 
-0.00341239 
-0.00254269 
-0.00190051 
-0.00146864 
-0.00123181 
-0.00117724 
-0.00129405 
-0.00157455 
-0.00201338 
-0.00260684 
-0.00335299 
-0.00425139 
-0.00530205 
-0.0065048 
-0.00785797 
-0.00935704 
-0.0109924 
-0.0127462 
-0.0145885 
-0.0164715 
-0.0183243 
-0.0200442 
-0.0214902 
-0.0224962 
-0.0228537 
-0.0223388 
-0.0207659 
-0.0180215 
-0.0140891 
-0.00907103 
-0.0031773 
0.0031773 
0.00497873 
-0.00497873 
-0.0137995 
-0.022244 
-0.029776 
-0.0364766 
-0.0421961 
-0.0469986 
-0.0509492 
-0.0541612 
-0.0567183 
-0.0586579 
-0.0599682 
-0.0606116 
-0.0605508 
-0.0597675 
-0.058267 
-0.0560617 
-0.0532328 
-0.0498641 
-0.0460765 
-0.0420061 
-0.0377972 
-0.033589 
-0.0295026 
-0.0256317 
-0.0220394 
-0.0187613 
-0.0158119 
-0.0131916 
-0.010892 
-0.00889907 
-0.0071963 
-0.00576566 
-0.00458913 
-0.00364966 
-0.00293173 
-0.00242125 
-0.00210565 
-0.00197455 
-0.0020196 
-0.00223595 
-0.00262074 
-0.00317336 
-0.00389502 
-0.00478887 
-0.00585899 
-0.00711008 
-0.00854612 
-0.010169 
-0.0119758 
-0.0139549 
-0.0160802 
-0.018303 
-0.0205417 
-0.0226705 
-0.0245117 
-0.0258472 
-0.0264169 
-0.0259348 
-0.0241732 
-0.0210107 
-0.0164466 
-0.0106092 
-0.00372918 
0.00372918 
0.00524739 
-0.00524739 
-0.014461 
-0.0232363 
-0.0310311 
-0.0379118 
-0.0437114 
-0.0484636 
-0.0522114 
-0.0550695 
-0.0571591 
-0.0585807 
-0.0593876 
-0.0595916 
-0.0591831 
-0.0581549 
-0.0565149 
-0.054288 
-0.0515312 
-0.0483265 
-0.04478 
-0.0410089 
-0.0371337 
-0.0332673 
-0.0295063 
-0.0259251 
-0.0225751 
-0.0194877 
-0.0166789 
-0.0141535 
-0.0119089 
-0.00993758 
-0.00822907 
-0.00677092 
-0.0055504 
-0.00455482 
-0.00377229 
-0.00319166 
-0.00280321 
-0.0025992 
-0.00257416 
-0.00272614 
-0.0030548 
-0.00356262 
-0.00425391 
-0.00513575 
-0.00621671 
-0.0075072 
-0.00901791 
-0.0107587 
-0.0127351 
-0.0149437 
-0.0173637 
-0.0199438 
-0.0225883 
-0.0251404 
-0.0273812 
-0.0290271 
-0.0297511 
-0.0292156 
-0.0271767 
-0.023549 
-0.0183804 
-0.0118394 
-0.0041641 
0.0041641 
0.00546018 
-0.00546018 
-0.0149855 
-0.0240066 
-0.0320007 
-0.0390218 
-0.0448975 
-0.0496386 
-0.053259 
-0.0558505 
-0.0575402 
-0.0584704 
-0.0587616 
-0.0584924 
-0.057701 
-0.0564028 
-0.0546117 
-0.0523527 
-0.0496684 
-0.046627 
-0.0433174 
-0.0398356 
-0.0362778 
-0.0327329 
-0.0292765 
-0.0259676 
-0.0228487 
-0.0199476 
-0.0172809 
-0.0148566 
-0.0126765 
-0.0107379 
-0.00903516 
-0.00756079 
-0.00630659 
-0.00526357 
-0.00442335 
-0.0037776 
-0.0033195 
-0.00304407 
-0.00294854 
-0.00303359 
-0.0033011 
-0.00375644 
-0.0044069 
-0.00526351 
-0.00633951 
-0.00765131 
-0.00921695 
-0.0110551 
-0.013181 
-0.0156 
-0.0182953 
-0.0212103 
-0.0242302 
-0.027163 
-0.0297364 
-0.0316045 
-0.032342 
-0.0316168 
-0.0292172 
-0.0251415 
-0.019506 
-0.0125174 
-0.00439534 
0.00439534 
0.00558996 
-0.00558996 
-0.0153732 
-0.024567 
-0.0326957 
-0.0398092 
-0.0457402 
-0.0504952 
-0.054069 
-0.0565216 
-0.0579538 
-0.0585085 
-0.0583442 
-0.0576059 
-0.0564 
-0.0547902 
-0.0528098 
-0.0504827 
-0.047844 
-0.044937 
-0.0418324 
-0.0386044 
-0.035327 
-0.0320677 
-0.0288842 
-0.0258226 
-0.0229171 
-0.020192 
-0.0176632 
-0.0153402 
-0.0132278 
-0.0113268 
-0.00963577 
-0.00815107 
-0.00686862 
-0.00578269 
-0.0048883 
-0.00417976 
-0.003653 
-0.00330559 
-0.0031369 
-0.00314979 
-0.00334786 
-0.0037391 
-0.00433332 
-0.00514518 
-0.00619216 
-0.00749644 
-0.00908311 
-0.0109794 
-0.0132096 
-0.0157858 
-0.0186922 
-0.021863 
-0.0251623 
-0.0283615 
-0.0311261 
-0.033066 
-0.0336414 
-0.032623 
-0.0298671 
-0.0254727 
-0.0196173 
-0.0125337 
-0.00438891 
0.00438891 
0.00565378 
-0.00565378 
-0.0156104 
-0.0249336 
-0.0331304 
-0.0402771 
-0.0462136 
-0.0509624 
-0.0545235 
-0.0569422 
-0.0582846 
-0.0586563 
-0.058201 
-0.0570875 
-0.0554819 
-0.0535192 
-0.0512873 
-0.048832 
-0.0461804 
-0.04336 
-0.0404106 
-0.0373879 
-0.0343445 
-0.0313291 
-0.0283834 
-0.0255413 
-0.022829 
-0.0202661 
-0.0178667 
-0.0156403 
-0.0135934 
-0.0117294 
-0.0100503 
-0.00855596 
-0.00724621 
-0.00611819 
-0.00517032 
-0.00439911 
-0.00380286 
-0.00338113 
-0.00313461 
-0.00306784 
-0.00318541 
-0.0034974 
-0.0040153 
-0.0047567 
-0.00574221 
-0.00699864 
-0.00855657 
-0.0104498 
-0.0127085 
-0.0153476 
-0.0183481 
-0.0216337 
-0.0250496 
-0.028335 
-0.031104 
-0.0329331 
-0.0332532 
-0.0319484 
-0.0289598 
-0.0244674 
-0.0186964 
-0.0118971 
-0.00415219 
0.00415219 
0.00568318 
-0.00568318 
-0.01572 
-0.0251284 
-0.0333421 
-0.0404574 
-0.0463273 
-0.0509982 
-0.0545009 
-0.0569004 
-0.0582556 
-0.0586348 
-0.0581281 
-0.0568625 
-0.0550012 
-0.0527227 
-0.0501887 
-0.0475147 
-0.0447622 
-0.0419572 
-0.0391061 
-0.0362344 
-0.0333765 
-0.0305627 
-0.0278196 
-0.025169 
-0.0226283 
-0.0202115 
-0.0179294 
-0.0157907 
-0.0138024 
-0.01197 
-0.0102988 
-0.00879174 
-0.00745253 
-0.00628062 
-0.00527782 
-0.00444214 
-0.00377363 
-0.00327329 
-0.00294208 
-0.00278585 
-0.00280908 
-0.00302337 
-0.00344059 
-0.00408008 
-0.00496378 
-0.00612099 
-0.00758473 
-0.00939151 
-0.0115723 
-0.01414 
-0.0170696 
-0.0202769 
-0.023597 
-0.026755 
-0.0293439 
-0.0309454 
-0.0310308 
-0.0295586 
-0.0265356 
-0.0222026 
-0.0168246 
-0.0106712 
-0.00370879 
0.00370879 
0.00568352 
-0.00568352 
-0.0157586 
-0.0251914 
-0.0333949 
-0.0404271 
-0.0461587 
-0.0506545 
-0.0539862 
-0.0562688 
-0.0575998 
-0.0580523 
-0.0576795 
-0.0565387 
-0.0547187 
-0.0523553 
-0.0496229 
-0.0467035 
-0.0437451 
-0.0408322 
-0.0379913 
-0.0352043 
-0.032476 
-0.0298182 
-0.0272408 
-0.0247523 
-0.0223598 
-0.0200701 
-0.0178895 
-0.0158246 
-0.0138829 
-0.0120714 
-0.0103987 
-0.00887059 
-0.00749531 
-0.00627421 
-0.00521267 
-0.00430931 
-0.00356491 
-0.00298125 
-0.00255806 
-0.00230202 
-0.00221611 
-0.00231275 
-0.00260246 
-0.00310489 
-0.00384083 
-0.00483913 
-0.0061311 
-0.00775081 
-0.00972441 
-0.0120584 
-0.0147214 
-0.0176291 
-0.0206226 
-0.0234461 
-0.0257169 
-0.0270685 
-0.0270216 
-0.025554 
-0.0227103 
-0.0187995 
-0.0141103 
-0.00893152 
-0.00308609 
0.00308609 
0.00565876 
-0.00565876 
-0.0157478 
-0.0251929 
-0.0333627 
-0.0402928 
-0.0458376 
-0.0500784 
-0.0531144 
-0.0551201 
-0.0562622 
-0.0566713 
-0.0564215 
-0.0555404 
-0.0540379 
-0.0519456 
-0.0493485 
-0.0463939 
-0.04327 
-0.0401578 
-0.0371788 
-0.034376 
-0.0317081 
-0.0291522 
-0.0266978 
-0.0243375 
-0.0220657 
-0.0198803 
-0.0177818 
-0.0157735 
-0.0138625 
-0.0120575 
-0.0103707 
-0.0088112 
-0.00739232 
-0.00611568 
-0.00499061 
-0.00401503 
-0.00318939 
-0.00251615 
-0.00199188 
-0.0016244 
-0.00141302 
-0.0013706 
-0.00150428 
-0.00183252 
-0.00237209 
-0.00314813 
-0.00418544 
-0.00551048 
-0.00713925 
-0.00906943 
-0.0112653 
-0.0136524 
-0.0160985 
-0.0184063 
-0.0202664 
-0.0213992 
-0.0213448 
-0.0200432 
-0.0175849 
-0.0143715 
-0.010662 
-0.00675259 
-0.0023124 
0.0023124 
0.0056086 
-0.0056086 
-0.0156888 
-0.0251438 
-0.0332934 
-0.0401309 
-0.045481 
-0.0494294 
-0.0520905 
-0.0536823 
-0.0544437 
-0.0545865 
-0.0542565 
-0.0535196 
-0.0523722 
-0.0507721 
-0.0486841 
-0.0461248 
-0.0431908 
-0.040054 
-0.0369169 
-0.0339435 
-0.031208 
-0.0286676 
-0.0262748 
-0.0239963 
-0.0218095 
-0.0196984 
-0.0176544 
-0.0156774 
-0.0137737 
-0.0119529 
-0.0102311 
-0.00862054 
-0.00714156 
-0.00579655 
-0.00460043 
-0.00354847 
-0.00263818 
-0.0018725 
-0.00124161 
-0.00075427 
-0.000404011 
-0.000204028 
-0.000155715 
-0.000275208 
-0.000572546 
-0.00106632 
-0.00177077 
-0.00270094 
-0.00385918 
-0.00523393 
-0.00678615 
-0.0084605 
-0.0101651 
-0.0117952 
-0.0131501 
-0.0140749 
-0.0141019 
-0.0130853 
-0.011236 
-0.00902872 
-0.00659472 
-0.00421139 
-0.00141817 
0.00141817 
0.00552751 
-0.00552751 
-0.0155638 
-0.0250153 
-0.0331547 
-0.0399319 
-0.045117 
-0.0487759 
-0.051045 
-0.0521618 
-0.052422 
-0.0521104 
-0.0514521 
-0.0505885 
-0.0495698 
-0.0483652 
-0.0468878 
-0.0450373 
-0.0427528 
-0.040059 
-0.037084 
-0.0340326 
-0.0311134 
-0.0284566 
-0.0260368 
-0.0237783 
-0.0216276 
-0.0195532 
-0.0175347 
-0.015562 
-0.0136383 
-0.0117747 
-0.00999442 
-0.00831573 
-0.00676778 
-0.00534687 
-0.00407478 
-0.00294225 
-0.00194122 
-0.00107812 
-0.00033174 
0.000283793 
0.000785485 
0.00116025 
0.0014141 
0.0015344 
0.00151933 
0.00135858 
0.00105059 
0.000593809 
1.92306e-06 
-0.000705451 
-0.00148464 
-0.00230373 
-0.00310812 
-0.00390046 
-0.00460385 
-0.00527194 
-0.0053852 
-0.00473802 
-0.00379674 
-0.00292925 
-0.00205533 
-0.00140039 
-0.000440627 
0.000440627 
0.00540558 
-0.00540558 
-0.0153398 
-0.0247508 
-0.0328676 
-0.0395999 
-0.0446535 
-0.04806 
-0.0499554 
-0.0506048 
-0.0503394 
-0.0495009 
-0.0483717 
-0.0471549 
-0.0459662 
-0.0448402 
-0.0437335 
-0.0425364 
-0.0411008 
-0.0392926 
-0.0370516 
-0.0344348 
-0.0316136 
-0.0288145 
-0.0262192 
-0.0238635 
-0.0216737 
-0.0195768 
-0.017526 
-0.015506 
-0.0135188 
-0.0115734 
-0.00969493 
-0.00790523 
-0.006248 
-0.00472077 
-0.00336038 
-0.00214736 
-0.00105774 
-0.000104791 
0.000749064 
0.00148971 
0.00214558 
0.00270464 
0.00317928 
0.0035611 
0.00385564 
0.00406125 
0.00418836 
0.00424885 
0.00427132 
0.00428211 
0.00432732 
0.00441647 
0.00458513 
0.00473774 
0.00489323 
0.00473801 
0.00469579 
0.00472082 
0.00438033 
0.00364324 
0.00274904 
0.00155701 
0.000573577 
-0.000573577 
0.00522971 
-0.00522971 
-0.0149732 
-0.0242761 
-0.0323283 
-0.0390078 
-0.0439467 
-0.0471347 
-0.0486799 
-0.0488994 
-0.0481435 
-0.0468025 
-0.0451966 
-0.04356 
-0.0420375 
-0.0407076 
-0.0395948 
-0.0386658 
-0.0378188 
-0.0368877 
-0.0356811 
-0.0340487 
-0.0319486 
-0.0294784 
-0.0268486 
-0.0242884 
-0.0219301 
-0.019727 
-0.0176029 
-0.0154974 
-0.0133947 
-0.0113058 
-0.00927807 
-0.00735476 
-0.00559925 
-0.00397557 
-0.00253356 
-0.00124481 
-6.04447e-05 
0.000976184 
0.00194236 
0.00281331 
0.00363149 
0.00438634 
0.00509577 
0.00575641 
0.00637979 
0.00697262 
0.00755495 
0.00814932 
0.00879332 
0.00951674 
0.010363 
0.0113266 
0.0124207 
0.0135081 
0.0145317 
0.0151219 
0.0152186 
0.0143408 
0.0126192 
0.0102407 
0.00754464 
0.00449858 
0.00157258 
-0.00157258 
0.00498488 
-0.00498488 
-0.0144133 
-0.0235019 
-0.0314078 
-0.0379915 
-0.0428074 
-0.045801 
-0.0470156 
-0.0468524 
-0.0456669 
-0.0438935 
-0.0418849 
-0.0398919 
-0.0380563 
-0.0364503 
-0.0351132 
-0.0340684 
-0.0333132 
-0.0327903 
-0.0323622 
-0.0318208 
-0.0309457 
-0.0295868 
-0.0277247 
-0.0254743 
-0.0230282 
-0.0205638 
-0.0181665 
-0.0158234 
-0.0135144 
-0.0112254 
-0.00898184 
-0.00682242 
-0.00483516 
-0.00300505 
-0.00144406 
-9.01826e-05 
0.00116514 
0.00226747 
0.00331202 
0.00429258 
0.00525544 
0.00619858 
0.0071408 
0.00808335 
0.00904038 
0.0100245 
0.011061 
0.0121791 
0.0134187 
0.0148089 
0.0163803 
0.0181122 
0.0199768 
0.0218162 
0.0234598 
0.0245699 
0.0246452 
0.0230625 
0.0201963 
0.0163706 
0.0120293 
0.0072502 
0.00250608 
-0.00250608 
0.00465579 
-0.00465579 
-0.013607 
-0.0223305 
-0.0299576 
-0.0363511 
-0.0409977 
-0.0437953 
-0.0447315 
-0.0442409 
-0.04271 
-0.0405996 
-0.0382935 
-0.0360576 
-0.034025 
-0.03224 
-0.030708 
-0.0294344 
-0.0284406 
-0.0277592 
-0.0274006 
-0.0273039 
-0.0273034 
-0.0271535 
-0.0266116 
-0.0255267 
-0.0238767 
-0.0217489 
-0.0192796 
-0.0165947 
-0.0137973 
-0.0110024 
-0.00830767 
-0.00583891 
-0.00374437 
-0.00184789 
-0.000245488 
0.00112782 
0.00244868 
0.00361076 
0.00473901 
0.00583005 
0.00694005 
0.00807474 
0.00925381 
0.0104818 
0.011773 
0.0131425 
0.0146169 
0.0162265 
0.0180074 
0.0199814 
0.0221577 
0.0244942 
0.0269136 
0.0292314 
0.0311891 
0.0324204 
0.0323173 
0.0302793 
0.0265948 
0.0216439 
0.0159449 
0.00967353 
0.00333208 
-0.00333208 
0.00422958 
-0.00422958 
-0.0125073 
-0.0206735 
-0.0278405 
-0.0339016 
-0.0382991 
-0.0408899 
-0.0415902 
-0.0408447 
-0.0390792 
-0.0367579 
-0.0342843 
-0.0319361 
-0.0298408 
-0.0280207 
-0.0264446 
-0.025073 
-0.0238817 
-0.022879 
-0.02211 
-0.0216421 
-0.0215165 
-0.0216829 
-0.0219599 
-0.0220826 
-0.0218096 
-0.0210095 
-0.0196606 
-0.0177997 
-0.0154909 
-0.0128063 
-0.00983012 
-0.00669281 
-0.0036705 
-0.000972054 
0.0010369 
0.00258711 
0.00401998 
0.00526451 
0.00641753 
0.00756449 
0.00876932 
0.0100567 
0.011444 
0.0129356 
0.0145411 
0.0162727 
0.0181516 
0.0202022 
0.0224498 
0.0249023 
0.0275427 
0.0303023 
0.0330577 
0.0355927 
0.0375952 
0.0386575 
0.0382452 
0.0358535 
0.0316288 
0.0258904 
0.019163 
0.0116938 
0.0040271 
-0.0040271 
0.00369848 
-0.00369848 
-0.0110826 
-0.0184668 
-0.0249522 
-0.0304924 
-0.0345133 
-0.036858 
-0.0373644 
-0.0364606 
-0.0346024 
-0.0322338 
-0.0297557 
-0.0274462 
-0.0254261 
-0.0237042 
-0.0222276 
-0.0209298 
-0.0197486 
-0.0186396 
-0.0175836 
-0.0166015 
-0.0157588 
-0.015157 
-0.0148725 
-0.01489 
-0.0150509 
-0.0151239 
-0.0149109 
-0.0143045 
-0.0132691 
-0.0117757 
-0.00971678 
-0.00703728 
-0.00393311 
-0.000428195 
0.00214955 
0.00396312 
0.0055482 
0.00685616 
0.00808153 
0.00930738 
0.010621 
0.0120602 
0.013648 
0.0153908 
0.0172933 
0.0193612 
0.0216056 
0.0240398 
0.0266727 
0.0294936 
0.0324591 
0.0354729 
0.0383753 
0.0409231 
0.042784 
0.043542 
0.0427593 
0.0400324 
0.0354228 
0.0291487 
0.0216827 
0.0133021 
0.00458748 
-0.00458748 
0.00306192 
-0.00306192 
-0.00932411 
-0.0156863 
-0.0212461 
-0.0260428 
-0.0295082 
-0.0315272 
-0.0318838 
-0.0309447 
-0.0291617 
-0.0269411 
-0.024651 
-0.0225537 
-0.0207557 
-0.0192576 
-0.0179956 
-0.0168943 
-0.0158802 
-0.0148934 
-0.0138848 
-0.0128222 
-0.0116894 
-0.0105142 
-0.00937434 
-0.00841678 
-0.00776314 
-0.00747408 
-0.00746985 
-0.0075688 
-0.00755769 
-0.00746369 
-0.00693675 
-0.0060235 
-0.00462619 
-0.002791 
-0.000188084 
0.00308425 
0.00592032 
0.00811244 
0.00973903 
0.0111921 
0.0126568 
0.014238 
0.0159877 
0.0179296 
0.0200734 
0.0224205 
0.02497 
0.0277175 
0.0306503 
0.0337343 
0.0369001 
0.0400262 
0.0429284 
0.0453484 
0.0469574 
0.0473615 
0.0462075 
0.0431585 
0.0382344 
0.0315772 
0.0235893 
0.0145393 
0.00502516 
-0.00502516 
0.00232752 
-0.00232752 
-0.00725095 
-0.0123599 
-0.0167525 
-0.0205802 
-0.0232822 
-0.0248485 
-0.0250816 
-0.0242538 
-0.0227283 
-0.0208667 
-0.0189716 
-0.0172709 
-0.0158472 
-0.0146948 
-0.013747 
-0.0129291 
-0.0121691 
-0.0114104 
-0.0106064 
-0.00972861 
-0.00875282 
-0.00767672 
-0.00649196 
-0.00524733 
-0.00400997 
-0.00298426 
-0.00224986 
-0.00199525 
-0.00192574 
-0.0022535 
-0.00241955 
-0.00247203 
-0.00205659 
-0.00143042 
0.000380173 
0.00317189 
0.00617557 
0.0086428 
0.0107352 
0.0126287 
0.0144671 
0.0163528 
0.0183599 
0.0205374 
0.022914 
0.0255004 
0.0282937 
0.0312782 
0.0344222 
0.0376689 
0.0409254 
0.0440498 
0.0468432 
0.0490443 
0.0503396 
0.0503759 
0.0488442 
0.0454954 
0.0403 
0.0333574 
0.0250027 
0.0154712 
0.00536069 
-0.00536069 
0.00150944 
-0.00150944 
-0.00490835 
-0.00856826 
-0.0115792 
-0.0142436 
-0.015974 
-0.0169389 
-0.0170597 
-0.0164884 
-0.0153964 
-0.0140965 
-0.0127952 
-0.0116659 
-0.0107593 
-0.0100635 
-0.00951617 
-0.00905051 
-0.008603 
-0.00812637 
-0.00758107 
-0.00694734 
-0.00620767 
-0.00537444 
-0.00444971 
-0.00348125 
-0.00246387 
-0.00147192 
-0.000487985 
0.000257529 
0.000775882 
0.000985906 
0.000951828 
0.000736273 
0.000781657 
0.00100197 
0.00166703 
0.00257159 
0.00386705 
0.00614443 
0.00899921 
0.0119521 
0.014827 
0.0175748 
0.0202541 
0.0229423 
0.0257085 
0.0285996 
0.0316378 
0.0348176 
0.0381041 
0.0414289 
0.0446839 
0.0477149 
0.050317 
0.0522357 
0.0531785 
0.0528357 
0.0509317 
0.0472839 
0.0418418 
0.0346737 
0.0260541 
0.0161735 
0.00561781 
-0.00561781 
0.000623751 
-0.000623751 
-0.00235752 
-0.00444117 
-0.00589831 
-0.00724292 
-0.00782977 
-0.00812313 
-0.00813956 
-0.00792118 
-0.00740391 
-0.00682323 
-0.00627625 
-0.00586041 
-0.00558777 
-0.00543818 
-0.00535845 
-0.00529547 
-0.00519999 
-0.00503803 
-0.00478126 
-0.00442001 
-0.00394304 
-0.00336639 
-0.00269021 
-0.00196212 
-0.00118764 
-0.000451135 
0.000263884 
0.000907927 
0.00145677 
0.00196089 
0.00227547 
0.00235559 
0.0024783 
0.00263829 
0.00318354 
0.00390614 
0.00507237 
0.00708619 
0.00965938 
0.0125934 
0.0156825 
0.0188454 
0.0220383 
0.025256 
0.0285089 
0.0318078 
0.0351583 
0.0385514 
0.0419533 
0.0452961 
0.0484715 
0.0513259 
0.0536603 
0.0552354 
0.055785 
0.0550384 
0.0527581 
0.0487865 
0.0430899 
0.0357097 
0.0268717 
0.0167194 
0.00581947 
-0.00581947 
-0.000311875 
0.000311875 
0.000326822 
-0.00013688 
4.732e-05 
0.000134549 
0.000658738 
0.000962757 
0.00108379 
0.0010029 
0.000908857 
0.000700737 
0.000394545 
-2.82284e-06 
-0.000450502 
-0.00091156 
-0.0013443 
-0.001714 
-0.00199084 
-0.00215721 
-0.00219854 
-0.00211542 
-0.00190538 
-0.00158841 
-0.00117076 
-0.000692872 
-0.000161979 
0.000373172 
0.000915391 
0.00142033 
0.00186312 
0.00229571 
0.0026608 
0.00293554 
0.00322193 
0.00358165 
0.0041413 
0.00494194 
0.00609847 
0.00768286 
0.00969445 
0.0121195 
0.0149353 
0.0181103 
0.0215876 
0.025289 
0.0291563 
0.0331288 
0.0371429 
0.0411258 
0.0449925 
0.0486433 
0.051956 
0.05478 
0.056934 
0.0582097 
0.058383 
0.0572312 
0.0545638 
0.0502486 
0.0442599 
0.0366294 
0.0275608 
0.0171649 
0.00598222 
-0.00598222 
-0.00126757 
0.00126757 
0.00305391 
0.00421166 
0.00596401 
0.00746957 
0.00890033 
0.00973724 
0.0100551 
0.00979039 
0.00914238 
0.00815092 
0.00696344 
0.0057118 
0.00450576 
0.00340663 
0.00244571 
0.00163655 
0.000986175 
0.000494126 
0.000159471 
-2.83192e-05 
-7.59301e-05 
-5.6977e-06 
0.000171354 
0.000420776 
0.000730138 
0.00106084 
0.00140662 
0.00175106 
0.00208002 
0.00241422 
0.00272723 
0.00300159 
0.00332035 
0.00369493 
0.00424542 
0.0049885 
0.00601059 
0.00745075 
0.00928795 
0.0115037 
0.0140806 
0.017011 
0.0202906 
0.0239172 
0.027873 
0.0321208 
0.0365843 
0.0411341 
0.0456201 
0.0498639 
0.0536717 
0.0568398 
0.0591602 
0.0604271 
0.0604447 
0.0590385 
0.0560724 
0.0514618 
0.0452064 
0.0373474 
0.0280992 
0.0175004 
0.0061051 
-0.0061051 
-0.00221373 
0.00221373 
0.00575374 
0.00849963 
0.0116436 
0.0143908 
0.0166044 
0.0179485 
0.0184694 
0.0180396 
0.0168741 
0.0151292 
0.0130899 
0.0110139 
0.00908003 
0.00737162 
0.00590949 
0.00468571 
0.00368478 
0.0028882 
0.00228003 
0.00184043 
0.0015539 
0.0013963 
0.00135166 
0.00139093 
0.00150003 
0.00165139 
0.00183636 
0.00203916 
0.00224936 
0.00247756 
0.00272021 
0.00297399 
0.00328424 
0.00367365 
0.00420857 
0.00492841 
0.0058949 
0.00716816 
0.00877361 
0.0107349 
0.0130633 
0.0157693 
0.0188549 
0.0223225 
0.0261642 
0.0303529 
0.0348372 
0.0395276 
0.044288 
0.0489077 
0.0531496 
0.0567481 
0.0594346 
0.0609576 
0.0610997 
0.0596942 
0.0566366 
0.0518852 
0.0454781 
0.0374904 
0.0281413 
0.0175199 
0.00613128 
-0.00613128 
-0.00313306 
0.00313306 
0.00838527 
0.0126643 
0.0170046 
0.0207672 
0.023666 
0.0254446 
0.026096 
0.0254424 
0.0237437 
0.0212748 
0.0184541 
0.0156464 
0.0130804 
0.0108475 
0.00895369 
0.00737064 
0.00606353 
0.00499878 
0.00414823 
0.00348441 
0.00298517 
0.00262461 
0.00238376 
0.0022364 
0.00216692 
0.00215241 
0.00218282 
0.00224716 
0.00233938 
0.00246149 
0.00261632 
0.00280124 
0.00305316 
0.00338509 
0.00385312 
0.00448956 
0.00534402 
0.00648136 
0.00792592 
0.00970563 
0.0118383 
0.014345 
0.0172431 
0.0205478 
0.024262 
0.0283686 
0.0328215 
0.0375343 
0.0423694 
0.0471362 
0.0515729 
0.055385 
0.0582893 
0.0600106 
0.060309 
0.059005 
0.055998 
0.0512646 
0.0448696 
0.0369157 
0.0276418 
0.0171649 
0.0059881 
-0.0059881 
-0.00399858 
0.00399858 
0.0108914 
0.0166299 
0.0220014 
0.0265614 
0.0299977 
0.0320589 
0.0326879 
0.0316916 
0.0294227 
0.0262824 
0.0228018 
0.0194151 
0.0163666 
0.0137363 
0.0115116 
0.0096471 
0.00809446 
0.00680975 
0.00575663 
0.00490246 
0.00422069 
0.00368437 
0.00327262 
0.00296146 
0.00273493 
0.00257379 
0.00246795 
0.00240693 
0.002386 
0.00240464 
0.00246791 
0.00257687 
0.00275647 
0.0030217 
0.0034119 
0.00395759 
0.00469918 
0.0056815 
0.00693583 
0.00849667 
0.010391 
0.012649 
0.0152979 
0.0183649 
0.0218683 
0.0258078 
0.0301517 
0.0348217 
0.0396807 
0.0445257 
0.0490997 
0.0530756 
0.0561241 
0.0579648 
0.0583569 
0.0571321 
0.0542084 
0.0495824 
0.0433369 
0.0355904 
0.0265935 
0.0164735 
0.00572567 
-0.00572567 
-0.00477832 
0.00477832 
0.0131727 
0.0202502 
0.0265068 
0.0316572 
0.0354209 
0.0375404 
0.0379445 
0.0364785 
0.0336328 
0.0299302 
0.0259734 
0.0222116 
0.0188657 
0.0159886 
0.0135496 
0.0114933 
0.00976447 
0.00831456 
0.00710338 
0.00609605 
0.00526394 
0.00458004 
0.00402274 
0.00356975 
0.00320504 
0.00291159 
0.00267933 
0.00249883 
0.00236603 
0.00227823 
0.00224024 
0.00225328 
0.00233739 
0.00250428 
0.00278703 
0.00321062 
0.003809 
0.00462121 
0.00567466 
0.00700314 
0.00863608 
0.0106096 
0.0129611 
0.0157306 
0.0189521 
0.0226441 
0.0267928 
0.0313352 
0.0361424 
0.0410125 
0.0456687 
0.0497972 
0.0529788 
0.0549143 
0.0553642 
0.0541855 
0.0513421 
0.0468722 
0.040884 
0.0335049 
0.0249838 
0.0154434 
0.00535177 
-0.00535177 
-0.00541518 
0.00541518 
0.0150786 
0.0232903 
0.0302562 
0.0357774 
0.0396191 
0.0415481 
0.0415324 
0.0395327 
0.0361897 
0.0321169 
0.0279267 
0.0240236 
0.0205757 
0.0176047 
0.015069 
0.0129112 
0.0110765 
0.00951726 
0.00819347 
0.00707073 
0.00612054 
0.0053169 
0.00463857 
0.00406503 
0.00358076 
0.00317058 
0.00282461 
0.00253377 
0.0022937 
0.00210114 
0.00195973 
0.0018712 
0.00185029 
0.00190722 
0.00206822 
0.00235259 
0.00278777 
0.00340332 
0.00422499 
0.00528591 
0.00661783 
0.00826144 
0.0102611 
0.0126676 
0.0155298 
0.018884 
0.0227368 
0.0270442 
0.0316934 
0.0364903 
0.0411599 
0.0453641 
0.0486898 
0.0507231 
0.0512279 
0.0500932 
0.0473509 
0.0431013 
0.0374875 
0.0306419 
0.0228 
0.0140661 
0.00486409 
-0.00486409 
-0.00585391 
0.00585391 
0.0164438 
0.0254765 
0.0329003 
0.0385416 
0.0422083 
0.0437372 
0.0431739 
0.0407193 
0.0370723 
0.0328995 
0.0287477 
0.024931 
0.0215582 
0.0186289 
0.0161011 
0.0139237 
0.0120484 
0.0104323 
0.00903908 
0.007837 
0.00679941 
0.00590238 
0.00512587 
0.00445127 
0.00386386 
0.00334995 
0.00289984 
0.00250491 
0.00216035 
0.00186254 
0.00161363 
0.00141458 
0.0012771 
0.00120879 
0.0012308 
0.00135663 
0.00160766 
0.0020074 
0.0025778 
0.00334947 
0.00435358 
0.00563237 
0.00723407 
0.00921693 
0.0116406 
0.0145565 
0.0179894 
0.0219174 
0.0262513 
0.0308177 
0.0353675 
0.0395552 
0.0430269 
0.0451713 
0.0457446 
0.0446789 
0.0420998 
0.0381805 
0.0330972 
0.0269779 
0.0200335 
0.012338 
0.00426199 
-0.00426199 
-0.00605731 
0.00605731 
0.0171322 
0.0265745 
0.0341278 
0.039616 
0.0428931 
0.0439061 
0.0428347 
0.0401292 
0.0364694 
0.0324946 
0.0286263 
0.0250792 
0.0219179 
0.0191356 
0.0166996 
0.0145705 
0.01271 
0.0110831 
0.00965881 
0.00840992 
0.00731289 
0.00634662 
0.00549297 
0.00473547 
0.00406047 
0.00345574 
0.00291177 
0.00242039 
0.00197627 
0.00157567 
0.0012191 
0.000906642 
0.000647187 
0.000445968 
0.000318051 
0.000271994 
0.00032335 
0.000489926 
0.000790303 
0.00125123 
0.00190168 
0.00278225 
0.00394142 
0.00544032 
0.00734332 
0.00971085 
0.0125822 
0.0159581 
0.0197756 
0.0238942 
0.0281068 
0.0321036 
0.0356139 
0.0378776 
0.0385481 
0.0376368 
0.0353738 
0.0319858 
0.0276592 
0.022501 
0.0166914 
0.0102689 
0.00354985 
-0.00354985 
-0.0060058 
0.0060058 
0.0170668 
0.0264556 
0.0337737 
0.0388503 
0.0416066 
0.0421319 
0.0407675 
0.0381021 
0.0347495 
0.0312196 
0.0278035 
0.0246419 
0.0217791 
0.019215 
0.0169309 
0.0149014 
0.0130996 
0.0114992 
0.0100762 
0.00880838 
0.00767624 
0.00666194 
0.00574972 
0.00492533 
0.00417642 
0.00349209 
0.00286315 
0.002282 
0.0017428 
0.00124161 
0.000777437 
0.000349588 
-3.52101e-05 
-0.000374863 
-0.000660992 
-0.000888042 
-0.00104601 
-0.00112221 
-0.00110251 
-0.000965717 
-0.000686857 
-0.000230176 
0.00045006 
0.00141058 
0.00271344 
0.00442227 
0.00658618 
0.00922402 
0.0122954 
0.0157017 
0.0192858 
0.0228132 
0.0261105 
0.028476 
0.0292798 
0.0286908 
0.0270158 
0.0244609 
0.0211832 
0.0172526 
0.0128209 
0.00789391 
0.0027411 
-0.0027411 
-0.00569951 
0.00569951 
0.0162435 
0.0251257 
0.0318745 
0.0363609 
0.0386021 
0.03883 
0.0374924 
0.0351612 
0.0323508 
0.0294022 
0.0265144 
0.0237887 
0.0212672 
0.0189611 
0.0168665 
0.0149714 
0.0132599 
0.0117145 
0.0103181 
0.00905412 
0.00790717 
0.00686293 
0.00590828 
0.00503121 
0.00422084 
0.00346752 
0.00276257 
0.00209894 
0.00147034 
0.000872431 
0.000303414 
-0.000238123 
-0.000749052 
-0.00123078 
-0.00167955 
-0.00209268 
-0.00246497 
-0.00278886 
-0.00305511 
-0.00324908 
-0.00335184 
-0.00333522 
-0.00316246 
-0.0027855 
-0.00214789 
-0.001189 
0.000139991 
0.00186874 
0.00397652 
0.00640868 
0.0090434 
0.0117569 
0.0143364 
0.0166228 
0.0177356 
0.0178018 
0.017099 
0.0157336 
0.0138125 
0.0113662 
0.00853 
0.00528383 
0.00186125 
-0.00186125 
-0.0051571 
0.0051571 
0.0147369 
0.0227455 
0.0287081 
0.0325738 
0.0344531 
0.0346584 
0.0336324 
0.0318387 
0.0296518 
0.0273114 
0.0249553 
0.022668 
0.0204965 
0.0184633 
0.0165768 
0.0148361 
0.0132351 
0.0117644 
0.0104132 
0.00917041 
0.00802474 
0.00696533 
0.00598169 
0.00506401 
0.00420292 
0.00338999 
0.00261719 
0.00187798 
0.00116562 
0.000475531 
-0.000194398 
-0.000847322 
-0.00148441 
-0.00210835 
-0.00271906 
-0.00331727 
-0.00390217 
-0.0044715 
-0.00502181 
-0.00554614 
-0.00603416 
-0.00646832 
-0.00682283 
-0.00706061 
-0.0071344 
-0.00699031 
-0.00658063 
-0.00587204 
-0.0048585 
-0.00356561 
-0.00207592 
-0.000466261 
0.00105336 
0.00269151 
0.0044726 
0.00554602 
0.00615364 
0.00623238 
0.00588418 
0.00509661 
0.00400208 
0.0025522 
0.000950002 
-0.000950002 
-0.0044314 
0.0044314 
0.0127375 
0.0196736 
0.0248069 
0.028163 
0.02989 
0.0302891 
0.0297167 
0.0285078 
0.026924 
0.0251428 
0.0232774 
0.0214013 
0.0195657 
0.0178017 
0.0161265 
0.0145482 
0.0130681 
0.0116839 
0.0103904 
0.00918123 
0.00804893 
0.00698592 
0.00598424 
0.00503614 
0.00413375 
0.00326977 
0.00243704 
0.00162923 
0.000839251 
6.3047e-05 
-0.000702804 
-0.0014638 
-0.0022229 
-0.00298473 
-0.00375251 
-0.00453007 
-0.00532064 
-0.00612701 
-0.00695172 
-0.00779583 
-0.00865867 
-0.00953511 
-0.0104137 
-0.0112729 
-0.0120796 
-0.0127887 
-0.0133483 
-0.0137075 
-0.0138302 
-0.0137048 
-0.0133595 
-0.0128275 
-0.0121741 
-0.0110994 
-0.00908909 
-0.00699692 
-0.00505636 
-0.00346753 
-0.00217551 
-0.00123947 
-0.000539653 
-0.000160503 
5.64231e-05 
-5.64231e-05 
-0.00362708 
0.00362708 
0.0105631 
0.0164222 
0.0208193 
0.0238161 
0.0255325 
0.026203 
0.0260786 
0.0253922 
0.0243298 
0.0230302 
0.0215915 
0.0200835 
0.0185559 
0.0170449 
0.0155735 
0.0141559 
0.0127994 
0.0115068 
0.0102779 
0.00911006 
0.00799952 
0.00694146 
0.00593022 
0.00495995 
0.00402422 
0.00311675 
0.00223146 
0.00136152 
0.000500685 
-0.000355261 
-0.00121148 
-0.00207453 
-0.00294909 
-0.00384165 
-0.00475796 
-0.00570467 
-0.00668859 
-0.00771705 
-0.00879821 
-0.00994051 
-0.0111526 
-0.0124416 
-0.0138107 
-0.0152555 
-0.0167591 
-0.0182876 
-0.0197876 
-0.0211881 
-0.0224093 
-0.0233772 
-0.0240378 
-0.0243352 
-0.0241896 
-0.0233222 
-0.0213535 
-0.018685 
-0.0157081 
-0.0127692 
-0.00994146 
-0.0073356 
-0.00489463 
-0.00273701 
-0.000785614 
0.000785614 
-0.00287 
0.00287 
0.00854441 
0.0134546 
0.0172474 
0.019984 
0.0217257 
0.0226332 
0.0228711 
0.0226011 
0.0219594 
0.0210563 
0.019977 
0.0187861 
0.0175313 
0.0162494 
0.0149669 
0.0137016 
0.012465 
0.011264 
0.0101018 
0.00897939 
0.00789573 
0.0068485 
0.00583405 
0.0048482 
0.00388586 
0.00294173 
0.00201067 
0.00108512 
0.000160727 
-0.000768207 
-0.00170781 
-0.00266515 
-0.00364666 
-0.0046602 
-0.00571363 
-0.00681593 
-0.00797688 
-0.00920751 
-0.0105206 
-0.0119305 
-0.0134536 
-0.0151072 
-0.0169076 
-0.0188658 
-0.0209814 
-0.0232327 
-0.0255669 
-0.0278933 
-0.0300851 
-0.0319949 
-0.0334762 
-0.034386 
-0.0345816 
-0.0338264 
-0.0318468 
-0.0288664 
-0.0251811 
-0.0211693 
-0.0170248 
-0.0129173 
-0.00888632 
-0.00509181 
-0.00155544 
0.00155544 
-0.00224358 
0.00224358 
0.00687624 
0.0110084 
0.0143085 
0.0168262 
0.0185671 
0.0196354 
0.0201333 
0.020174 
0.0198573 
0.0192709 
0.0184864 
0.0175613 
0.0165412 
0.0154607 
0.0143474 
0.0132214 
0.0120966 
0.0109829 
0.00988609 
0.00880988 
0.00775548 
0.00672262 
0.00570935 
0.00471301 
0.00372955 
0.00275488 
0.00178394 
0.000809762 
-0.000171232 
-0.00116572 
-0.00218058 
-0.0032233 
-0.00430162 
-0.00542445 
-0.00660133 
-0.00784297 
-0.00916142 
-0.0105704 
-0.0120859 
-0.0137265 
-0.0155135 
-0.0174711 
-0.0196248 
-0.0219974 
-0.0246023 
-0.0274309 
-0.0304362 
-0.033517 
-0.0365101 
-0.0392012 
-0.0413554 
-0.042748 
-0.0431962 
-0.0425156 
-0.0405122 
-0.0373354 
-0.0331763 
-0.0283687 
-0.0231673 
-0.0177954 
-0.0123929 
-0.00716853 
-0.00224015 
0.00224015 
-0.0017661 
0.0017661 
0.00559153 
0.00910681 
0.0120013 
0.0143177 
0.0160212 
0.0171793 
0.0178501 
0.0181132 
0.0180405 
0.0177007 
0.0171524 
0.0164459 
0.0156221 
0.0147139 
0.0137479 
0.0127452 
0.0117213 
0.0106875 
0.00965202 
0.00862022 
0.00759519 
0.00657832 
0.00556903 
0.00456599 
0.00356591 
0.00256617 
0.00156073 
0.000545073 
-0.000485521 
-0.00153777 
-0.00261906 
-0.00373728 
-0.00490109 
-0.00612023 
-0.00740534 
-0.00876843 
-0.010223 
-0.0117844 
-0.0134705 
-0.0153017 
-0.0173019 
-0.0194981 
-0.0219199 
-0.0245965 
-0.0275501 
-0.0307835 
-0.0342606 
-0.0378839 
-0.041476 
-0.0447813 
-0.0474954 
-0.0493167 
-0.0500134 
-0.0494245 
-0.0474156 
-0.0441123 
-0.0396391 
-0.03427 
-0.0282704 
-0.0218998 
-0.0153779 
-0.00896096 
-0.00284278 
0.00284278 
-0.00141681 
0.00141681 
0.00463624 
0.00767155 
0.0102342 
0.012367 
0.0140094 
0.0152064 
0.0159859 
0.0164035 
0.0165097 
0.0163578 
0.0159949 
0.0154638 
0.0148004 
0.0140357 
0.0131945 
0.0122977 
0.0113615 
0.0103984 
0.00941789 
0.00842676 
0.00742942 
0.00642856 
0.00542468 
0.0044176 
0.00340462 
0.00238434 
0.00134991 
0.000299355 
-0.000773696 
-0.00187558 
-0.00301402 
-0.00419723 
-0.00543445 
-0.006736 
-0.00811325 
-0.009579 
-0.0111475 
-0.0128348 
-0.0146592 
-0.0166416 
-0.0188053 
-0.0211771 
-0.0237856 
-0.0266601 
-0.029825 
-0.0332896 
-0.0370296 
-0.0409629 
-0.0449241 
-0.0486538 
-0.0518152 
-0.0540471 
-0.0550511 
-0.0546388 
-0.0526928 
-0.0493432 
-0.0446874 
-0.038954 
-0.0323969 
-0.0252911 
-0.0179042 
-0.0105243 
-0.0033871 
0.0033871 
-0.00116607 
0.00116607 
0.00393876 
0.00660751 
0.00890489 
0.0108782 
0.0124512 
0.0136564 
0.0145003 
0.0150225 
0.0152571 
0.0152453 
0.0150243 
0.0146304 
0.0140949 
0.013446 
0.012707 
0.011898 
0.0110354 
0.0101324 
0.00919915 
0.00824347 
0.00727078 
0.00628468 
0.00528663 
0.00427718 
0.00325442 
0.00221726 
0.0011596 
8.01652e-05 
-0.00102812 
-0.00217136 
-0.00335739 
-0.00459469 
-0.00589282 
-0.0072625 
-0.0087155 
-0.0102649 
-0.0119252 
-0.0137125 
-0.0156447 
-0.0177414 
-0.0200242 
-0.0225166 
-0.0252429 
-0.0282273 
-0.0314896 
-0.0350378 
-0.0388541 
-0.0428741 
-0.046961 
-0.0508865 
-0.0543308 
-0.0569163 
-0.0582894 
-0.0581954 
-0.0564631 
-0.053207 
-0.048523 
-0.042615 
-0.0357245 
-0.0281258 
-0.0201027 
-0.0119487 
-0.00390565 
0.00390565 
-0.000989103 
0.000989103 
0.00343922 
0.00583553 
0.00792856 
0.00977139 
0.0112785 
0.012476 
0.013356 
0.013947 
0.0142713 
0.0143608 
0.0142453 
0.0139552 
0.013518 
0.0129591 
0.0123005 
0.0115613 
0.0107577 
0.0099032 
0.00900846 
0.00808194 
0.00712979 
0.00615625 
0.0051636 
0.00415273 
0.00312272 
0.00207193 
0.000996455 
-0.000106185 
-0.00124247 
-0.00241873 
-0.00364266 
-0.00492297 
-0.00626939 
-0.00769281 
-0.0092052 
-0.0108197 
-0.0125507 
-0.0144137 
-0.0164256 
-0.0186043 
-0.0209686 
-0.0235375 
-0.0263295 
-0.0293607 
-0.032642 
-0.0361731 
-0.0399339 
-0.0438693 
-0.0478694 
-0.0517511 
-0.0552475 
-0.0580204 
-0.0597125 
-0.0600158 
-0.0586841 
-0.0557298 
-0.0512327 
-0.045372 
-0.0383769 
-0.0305113 
-0.0220517 
-0.0132747 
-0.00440721 
0.00440721 
-0.000868392 
0.000868392 
0.0030946 
0.00529776 
