0 
-0.00147348 
-0.00164952 
0.000139162 
0.00311676 
0.00664278 
0.0105102 
0.0145179 
0.0185765 
0.0226317 
0.026664 
0.0306713 
0.0346615 
0.0386452 
0.0426317 
0.0466261 
0.0506282 
0.054631 
0.0586211 
0.0625782 
0.0664765 
0.0702843 
0.0739656 
0.077481 
0.0807882 
0.0838437 
0.0866038 
0.0890253 
0.0910673 
0.0926919 
0.0938654 
0.094561 
0.0947596 
0.0944446 
0.0936038 
0.0922314 
0.090328 
0.0879012 
0.0849665 
0.0815492 
0.077685 
0.0734222 
0.0688216 
0.0639576 
0.0589165 
0.053795 
0.0486968 
0.0437277 
0.0389857 
0.0345456 
0.0304363 
0.0266292 
0.0230613 
0.0196872 
0.0165153 
0.0135919 
0.0109614 
0.00864456 
0.00664362 
0.00495027 
0.00355138 
0.00242303 
0.00153381 
0.000835905 
0.000261971 
0 
0.00147348 
-0.00147348 
-0.00164952 
0.000139162 
0.00311676 
0.00664278 
0.0105102 
0.0145179 
0.0185765 
0.0226317 
0.026664 
0.0306713 
0.0346615 
0.0386452 
0.0426317 
0.0466261 
0.0506282 
0.054631 
0.0586211 
0.0625782 
0.0664765 
0.0702843 
0.0739656 
0.077481 
0.0807882 
0.0838437 
0.0866038 
0.0890253 
0.0910673 
0.0926919 
0.0938654 
0.094561 
0.0947596 
0.0944446 
0.0936038 
0.0922314 
0.090328 
0.0879012 
0.0849665 
0.0815492 
0.077685 
0.0734222 
0.0688216 
0.0639576 
0.0589165 
0.053795 
0.0486968 
0.0437277 
0.0389857 
0.0345456 
0.0304363 
0.0266292 
0.0230613 
0.0196872 
0.0165153 
0.0135919 
0.0109614 
0.00864456 
0.00664362 
0.00495027 
0.00355138 
0.00242303 
0.00153381 
0.000835905 
0.000261971 
-0.000261971 
5.21317e-05 
-5.21317e-05 
0.00180233 
0.00396715 
0.00679087 
0.0100331 
0.0135379 
0.0171615 
0.0208278 
0.0244951 
0.0281508 
0.031798 
0.0354479 
0.0391136 
0.0428059 
0.0465312 
0.0502897 
0.0540747 
0.0578726 
0.061663 
0.0654193 
0.0691094 
0.0726964 
0.07614 
0.0793971 
0.0824237 
0.0851754 
0.0876089 
0.0896831 
0.0913596 
0.0926058 
0.0933835 
0.0936687 
0.0934452 
0.0926992 
0.0914237 
0.0896184 
0.0872897 
0.0844518 
0.0811278 
0.0773516 
0.0731691 
0.0686396 
0.0638355 
0.0588422 
0.0537549 
0.0486752 
0.043705 
0.0389371 
0.0344418 
0.0302508 
0.026351 
0.0227045 
0.0192876 
0.0161124 
0.013212 
0.0106128 
0.00832485 
0.00634825 
0.00467666 
0.00330138 
0.00220563 
0.00136178 
0.00072313 
0.00022213 
-0.00022213 
-0.00110703 
0.00110703 
0.00331976 
0.00574987 
0.00851378 
0.0115215 
0.0146668 
0.0178654 
0.0210734 
0.0242756 
0.0274767 
0.0306922 
0.0339406 
0.0372394 
0.0406014 
0.0440331 
0.0475339 
0.0510954 
0.054702 
0.0583312 
0.0619538 
0.0655353 
0.0690365 
0.0724149 
0.0756256 
0.0786229 
0.081361 
0.0837957 
0.0858859 
0.0875937 
0.088888 
0.0897389 
0.0901219 
0.0900218 
0.0894257 
0.0883264 
0.0867217 
0.0846149 
0.0820153 
0.0789398 
0.0754147 
0.0714782 
0.0671815 
0.0625904 
0.0577843 
0.052854 
0.0478978 
0.0430141 
0.0382927 
0.0338021 
0.0295781 
0.0256217 
0.0219189 
0.0184685 
0.0152912 
0.012412 
0.00984404 
0.00759076 
0.00565236 
0.00402836 
0.0027166 
0.00170131 
0.000965679 
0.000466322 
0.00013147 
-0.00013147 
-0.00103188 
0.00103188 
0.00350005 
0.00618952 
0.00895492 
0.0117657 
0.014563 
0.017332 
0.0200725 
0.0228036 
0.0255516 
0.0283454 
0.0312107 
0.0341671 
0.0372274 
0.0403957 
0.0436687 
0.0470346 
0.0504748 
0.0539635 
0.0574687 
0.0609535 
0.0643765 
0.067693 
0.0708564 
0.0738195 
0.076535 
0.0789577 
0.0810454 
0.0827602 
0.084071 
0.084952 
0.0853826 
0.0853529 
0.084854 
0.0838829 
0.0824406 
0.0805317 
0.0781643 
0.0753513 
0.0721121 
0.0684754 
0.0644818 
0.0601858 
0.0556565 
0.0509761 
0.0462359 
0.0415288 
0.0369404 
0.032537 
0.028356 
0.0244098 
0.0207053 
0.0172638 
0.0141153 
0.0112788 
0.00875779 
0.00655095 
0.0046619 
0.00309321 
0.0018539 
0.000946903 
0.000362694 
6.48927e-05 
-1.34751e-05 
1.34751e-05 
-0.00104454 
0.00104454 
0.00356909 
0.00622632 
0.00880023 
0.0112992 
0.0136957 
0.0160221 
0.0183089 
0.0206001 
0.0229366 
0.0253549 
0.0278827 
0.0305385 
0.0333316 
0.0362628 
0.0393248 
0.0425031 
0.0457767 
0.0491178 
0.0524933 
0.055865 
0.0591906 
0.0624249 
0.0655204 
0.068429 
0.0711028 
0.0734955 
0.0755639 
0.0772694 
0.0785804 
0.0794722 
0.0799252 
0.0799337 
0.0794936 
0.0786073 
0.0772815 
0.0755251 
0.0733489 
0.0707656 
0.0677916 
0.064449 
0.0607689 
0.0567947 
0.0525837 
0.0482069 
0.0437458 
0.0392849 
0.0349028 
0.0306599 
0.0265923 
0.02272 
0.0190692 
0.0156811 
0.0125919 
0.00981384 
0.00734304 
0.00517868 
0.00332737 
0.0018103 
0.000653313 
-0.000114659 
-0.00049831 
-0.000521903 
-0.000230626 
0.000230626 
-0.000944353 
0.000944353 
0.0033391 
0.0058325 
0.00813419 
0.0102922 
0.0122981 
0.0142193 
0.0161057 
0.018017 
0.020001 
0.0220959 
0.0243271 
0.0267095 
0.0292484 
0.0319416 
0.03478 
0.0377484 
0.0408256 
0.0439845 
0.0471924 
0.0504121 
0.0536019 
0.0567172 
0.0597112 
0.062536 
0.0651432 
0.0674859 
0.0695199 
0.0712049 
0.072508 
0.0734034 
0.0738694 
0.0739044 
0.0735081 
0.0726877 
0.0714555 
0.0698255 
0.0678121 
0.0654305 
0.0626963 
0.0596284 
0.0562517 
0.0526009 
0.0487228 
0.0446774 
0.0405349 
0.0363696 
0.0322498 
0.0282263 
0.0243302 
0.0205877 
0.0170426 
0.013751 
0.0107491 
0.00804079 
0.00561736 
0.00348221 
0.00165573 
0.000190108 
-0.000864738 
-0.00149208 
-0.00165246 
-0.00132611 
-0.00053399 
0.00053399 
-0.000849255 
0.000849255 
0.00301869 
0.00522906 
0.00718599 
0.00897954 
0.0106115 
0.012169 
0.0137074 
0.0152919 
0.0169687 
0.0187725 
0.020724 
0.022834 
0.0251055 
0.0275353 
0.0301151 
0.0328314 
0.0356653 
0.0385922 
0.0415818 
0.0445991 
0.0476045 
0.0505555 
0.0534065 
0.0561107 
0.0586203 
0.0608879 
0.062868 
0.0645191 
0.0658065 
0.0667029 
0.0671847 
0.0672525 
0.0669083 
0.0661625 
0.0650306 
0.0635298 
0.0616776 
0.059491 
0.0569869 
0.0541831 
0.0511016 
0.0477712 
0.0442315 
0.0405328 
0.0367351 
0.0329006 
0.0290844 
0.0253244 
0.0216447 
0.0180777 
0.0146829 
0.0115235 
0.00862834 
0.00599015 
0.0036006 
0.0014727 
-0.000332981 
-0.00175353 
-0.00274472 
-0.00324341 
-0.00315345 
-0.00237511 
-0.000928918 
0.000928918 
-0.000715713 
0.000715713 
0.00258105 
0.00445233 
0.00604714 
0.00749185 
0.00878714 
0.0100283 
0.0112662 
0.012564 
0.0139611 
0.0154866 
0.0171565 
0.0189789 
0.0209566 
0.0230879 
0.0253674 
0.0277851 
0.0303257 
0.0329687 
0.0356877 
0.0384507 
0.0412218 
0.0439608 
0.0466253 
0.0491702 
0.0515492 
0.0537149 
0.0556212 
0.0572249 
0.0584897 
0.0593855 
0.059886 
0.0599945 
0.0597152 
0.059061 
0.0580489 
0.056697 
0.055023 
0.0530444 
0.0507781 
0.0482421 
0.0454572 
0.0424499 
0.0392548 
0.0359154 
0.0324819 
0.0290039 
0.0255209 
0.0220555 
0.0186251 
0.0152703 
0.0120623 
0.00906149 
0.00627981 
0.00370182 
0.00132215 
-0.00080632 
-0.00261492 
-0.00404731 
-0.00501336 
-0.00537682 
-0.00493936 
-0.00357199 
-0.00136063 
0.00136063 
-0.00057608 
0.00057608 
0.00210007 
0.00360045 
0.00483492 
0.00595146 
0.00694344 
0.00790466 
0.00887449 
0.0099089 
0.0110378 
0.012285 
0.0136622 
0.0151772 
0.0168338 
0.0186333 
0.020574 
0.0226503 
0.0248519 
0.0271629 
0.0295615 
0.0320205 
0.0345077 
0.036987 
0.0394193 
0.041763 
0.0439737 
0.0460051 
0.0478113 
0.0493482 
0.0505783 
0.0514693 
0.0519938 
0.0521568 
0.0519641 
0.051429 
0.0505672 
0.0493946 
0.0479273 
0.046181 
0.0441722 
0.0419189 
0.039442 
0.0367675 
0.033928 
0.0309618 
0.02791 
0.0248086 
0.0216793 
0.0185292 
0.0153726 
0.0122604 
0.00926797 
0.00643944 
0.00376704 
0.0012275 
-0.00115337 
-0.00331035 
-0.00518115 
-0.00666405 
-0.00758431 
-0.00769954 
-0.00672467 
-0.00467269 
-0.00172912 
0.00172912 
-0.000427015 
0.000427015 
0.00159076 
0.00271549 
0.00361051 
0.00442562 
0.00514567 
0.00585528 
0.00657932 
0.00736401 
0.00822963 
0.00919503 
0.0102697 
0.0114616 
0.0127764 
0.0142187 
0.0157907 
0.0174917 
0.0193164 
0.0212543 
0.0232893 
0.0253994 
0.0275573 
0.0297317 
0.0318877 
0.0339877 
0.0359909 
0.0378532 
0.0395295 
0.0409766 
0.0421572 
0.0430363 
0.0435877 
0.0438191 
0.0437371 
0.0433523 
0.0426752 
0.0417168 
0.0404885 
0.0390034 
0.0372767 
0.0353266 
0.0331753 
0.0308497 
0.0283814 
0.0258047 
0.0231513 
0.0204419 
0.0176794 
0.0148581 
0.0119949 
0.00915069 
0.00639291 
0.00373833 
0.00115779 
-0.0013594 
-0.00376614 
-0.00599776 
-0.00795364 
-0.00943338 
-0.0101491 
-0.00977241 
-0.00813022 
-0.0054557 
-0.00197151 
0.00197151 
-0.000279064 
0.000279064 
0.00108376 
0.00184209 
0.00242372 
0.00296075 
0.00343383 
0.00391176 
0.0044054 
0.00494953 
0.00555583 
0.00623908 
0.00700721 
0.00786872 
0.00883113 
0.00990163 
0.0110862 
0.0123886 
0.0138087 
0.0153421 
0.0169786 
0.0187025 
0.0204924 
0.0223217 
0.0241603 
0.0259753 
0.0277308 
0.0293867 
0.0308998 
0.0322287 
0.0333379 
0.0341947 
0.034781 
0.0351037 
0.035164 
0.0349638 
0.0345053 
0.0337923 
0.0328315 
0.0316331 
0.0302114 
0.0285857 
0.0267797 
0.0248221 
0.0227439 
0.0205744 
0.0183345 
0.0160273 
0.0136381 
0.0111548 
0.00860327 
0.00604793 
0.00353261 
0.00104038 
-0.0014692 
-0.00398301 
-0.00644352 
-0.00875377 
-0.0107192 
-0.0120079 
-0.012267 
-0.0112235 
-0.00899572 
-0.00589055 
-0.00209735 
0.00209735 
-0.000133452 
0.000133452 
0.000591217 
0.001003 
0.00129874 
0.00157888 
0.00182584 
0.00208772 
0.00236409 
0.00267714 
0.00303164 
0.00343859 
0.00390471 
0.00443864 
0.00504909 
0.00574518 
0.00653589 
0.00742878 
0.0084291 
0.00953824 
0.0107528 
0.0120638 
0.0134562 
0.0149092 
0.0163972 
0.0178925 
0.0193654 
0.0207824 
0.0221036 
0.0232909 
0.0243098 
0.0251396 
0.0257762 
0.0262134 
0.0264407 
0.0264478 
0.0262278 
0.0257782 
0.0251018 
0.0242067 
0.0231072 
0.0218239 
0.0203826 
0.0188129 
0.017144 
0.0153983 
0.0135825 
0.0116815 
0.0096676 
0.00753117 
0.00530942 
0.00305586 
0.000777842 
-0.00157658 
-0.00403395 
-0.00655776 
-0.00906484 
-0.011376 
-0.0131698 
-0.014031 
-0.0136695 
-0.0120091 
-0.00939684 
-0.00605836 
-0.00213898 
0.00213898 
7.47108e-06 
-7.47108e-06 
0.000123674 
0.000214409 
0.00024908 
0.000291306 
0.000329344 
0.00038858 
0.000460686 
0.000554597 
0.000669914 
0.0008134 
0.000990703 
0.00120984 
0.00147992 
0.00181107 
0.00221438 
0.00270064 
0.00327966 
0.00395861 
0.00474086 
0.00562478 
0.00660245 
0.00765913 
0.00877528 
0.00992831 
0.0110946 
0.0122502 
0.0133642 
0.0144051 
0.0153365 
0.016152 
0.0168509 
0.0174079 
0.0178022 
0.0180143 
0.0180306 
0.017844 
0.0174542 
0.0168685 
0.0161014 
0.0151745 
0.014115 
0.0129518 
0.0117092 
0.0103989 
0.00901079 
0.00751348 
0.005875 
0.00409643 
0.00221939 
0.000269184 
-0.00179715 
-0.00403649 
-0.00644856 
-0.00897068 
-0.0114584 
-0.013619 
-0.0150363 
-0.0153263 
-0.0143629 
-0.0122792 
-0.00945789 
-0.00603578 
-0.00211933 
0.00211933 
0.000149093 
-0.000149093 
-0.000319854 
-0.000516535 
-0.000720229 
-0.000897059 
-0.00105311 
-0.00118401 
-0.0013029 
-0.00141357 
-0.00152023 
-0.00162094 
-0.00171144 
-0.00178521 
-0.00183352 
-0.00184612 
-0.00181077 
-0.00171429 
-0.00154314 
-0.00128497 
-0.000930084 
-0.000473216 
8.55429e-05 
0.000739801 
0.00147762 
0.00228171 
0.00313368 
0.00401801 
0.00491775 
0.00581857 
0.00668474 
0.00750418 
0.00825909 
0.00891715 
0.00945478 
0.00984968 
0.0100838 
0.0101471 
0.010037 
0.00975986 
0.00933059 
0.00877131 
0.00810831 
0.00736654 
0.00656136 
0.0056894 
0.00472308 
0.00362188 
0.00236116 
0.000954072 
-0.000573617 
-0.00224336 
-0.00412569 
-0.00625919 
-0.00861412 
-0.0110859 
-0.0134405 
-0.0152883 
-0.0162009 
-0.0159222 
-0.0144936 
-0.0121851 
-0.00926983 
-0.00587237 
-0.00205301 
0.00205301 
0.000290782 
-0.000290782 
-0.000737126 
-0.00118799 
-0.00161054 
-0.00198869 
-0.00232575 
-0.00263332 
-0.00292853 
-0.00322577 
-0.00353301 
-0.00385325 
-0.00418429 
-0.00452178 
-0.00485815 
-0.00518384 
-0.0054863 
-0.00575085 
-0.00596098 
-0.00609983 
-0.00615177 
-0.00610446 
-0.00595026 
-0.0056865 
-0.00531671 
-0.00485094 
-0.0043021 
-0.00368072 
-0.00299715 
-0.00224994 
-0.00146332 
-0.000651094 
0.000144965 
0.000886519 
0.00154614 
0.00210138 
0.0025327 
0.00282971 
0.00298941 
0.00301816 
0.00293072 
0.00274797 
0.00249227 
0.00218011 
0.00181297 
0.00137043 
0.000812338 
9.93393e-05 
-0.000779507 
-0.00181071 
-0.00300555 
-0.00442649 
-0.00614158 
-0.00816101 
-0.0104236 
-0.0127653 
-0.0148653 
-0.016294 
-0.0166906 
-0.0159529 
-0.0142351 
-0.0118237 
-0.00889648 
-0.0056005 
-0.00195012 
0.00195012 
0.000425052 
-0.000425052 
-0.00112296 
-0.00180417 
-0.00242914 
-0.0029933 
-0.0034983 
-0.00396722 
-0.00442096 
-0.00488272 
-0.00536464 
-0.0058746 
-0.00641312 
-0.00697846 
-0.00756499 
-0.00816464 
-0.0087656 
-0.00935281 
-0.00990792 
-0.0104105 
-0.0108393 
-0.0111746 
-0.0114001 
-0.0115044 
-0.0114823 
-0.011335 
-0.0110683 
-0.0106884 
-0.0102043 
-0.00961517 
-0.00893792 
-0.00818265 
-0.00738204 
-0.00658846 
-0.00582906 
-0.0051315 
-0.00451639 
-0.00399436 
-0.00356827 
-0.00323188 
-0.00297198 
-0.00277182 
-0.00261726 
-0.0025048 
-0.002449 
-0.00248369 
-0.00265074 
-0.00297845 
-0.00347214 
-0.00414066 
-0.00503485 
-0.00623205 
-0.00777918 
-0.00965849 
-0.0117722 
-0.0138939 
-0.0156504 
-0.0166357 
-0.0165955 
-0.0155488 
-0.0136831 
-0.0112472 
-0.00837286 
-0.00523935 
-0.00181668 
0.00181668 
0.000549816 
-0.000549816 
-0.0014776 
-0.00237004 
-0.00318281 
-0.00391935 
-0.00457949 
-0.00519419 
-0.00578746 
-0.00638986 
-0.00701793 
-0.00768442 
-0.00839295 
-0.00914471 
-0.00993642 
-0.0107622 
-0.011612 
-0.0124715 
-0.0133222 
-0.0141416 
-0.0149044 
-0.015585 
-0.0161589 
-0.0166057 
-0.0169106 
-0.0170654 
-0.0170675 
-0.0169183 
-0.0166233 
-0.0161847 
-0.0156184 
-0.0149393 
-0.0141644 
-0.01335 
-0.0125193 
-0.0117018 
-0.0109188 
-0.0101819 
-0.00949486 
-0.00885353 
-0.00824917 
-0.00767298 
-0.00712257 
-0.00660872 
-0.00615852 
-0.0058104 
-0.00559963 
-0.00554702 
-0.005669 
-0.00600595 
-0.00663199 
-0.00761571 
-0.0089778 
-0.0106747 
-0.0125712 
-0.0143963 
-0.0157711 
-0.016358 
-0.016005 
-0.0147946 
-0.0128804 
-0.0104795 
-0.00771475 
-0.00479783 
-0.00165548 
0.00165548 
0.000664632 
-0.000664632 
-0.00180249 
-0.00288951 
-0.00387685 
-0.00477375 
-0.00557727 
-0.00632322 
-0.00703764 
-0.00775704 
-0.00850241 
-0.0092913 
-0.0101307 
-0.0110249 
-0.0119731 
-0.0129721 
-0.0140141 
-0.0150872 
-0.0161738 
-0.0172514 
-0.0182929 
-0.0192684 
-0.0201472 
-0.0209008 
-0.0215049 
-0.0219416 
-0.0221998 
-0.0222749 
-0.0221681 
-0.0218821 
-0.0214309 
-0.020833 
-0.0200953 
-0.0192751 
-0.0183904 
-0.01747 
-0.0165339 
-0.015595 
-0.0146592 
-0.0137267 
-0.0127961 
-0.0118686 
-0.0109541 
-0.0100746 
-0.0092629 
-0.00855524 
-0.00798147 
-0.00756698 
-0.00734989 
-0.00739432 
-0.0077756 
-0.00854099 
-0.00968719 
-0.0111482 
-0.0127604 
-0.0142384 
-0.0152397 
-0.0155115 
-0.0149735 
-0.0137202 
-0.0118284 
-0.00951631 
-0.00692047 
-0.0042755 
-0.00146652 
0.00146652 
0.000769796 
-0.000769796 
-0.00209924 
-0.00336545 
-0.00451505 
-0.00556158 
-0.00649821 
-0.00736292 
-0.00818229 
-0.00899723 
-0.00983288 
-0.0107115 
-0.0116436 
-0.0126364 
-0.0136919 
-0.0148093 
-0.0159838 
-0.0172061 
-0.0184615 
-0.0197292 
-0.0209825 
-0.0221902 
-0.0233177 
-0.0243303 
-0.0251957 
-0.0258868 
-0.0263831 
-0.0266723 
-0.0267498 
-0.0266162 
-0.0262829 
-0.0257699 
-0.0250768 
-0.0242604 
-0.0233341 
-0.0223249 
-0.0212518 
-0.020129 
-0.0189658 
-0.0177684 
-0.0165436 
-0.0153028 
-0.0140653 
-0.0128593 
-0.0117187 
-0.0106775 
-0.00976801 
-0.00902937 
-0.00851887 
-0.00830721 
-0.00845456 
-0.00898437 
-0.00987433 
-0.0110422 
-0.0123132 
-0.01342 
-0.0140832 
-0.0141295 
-0.0135152 
-0.012305 
-0.0104945 
-0.00833238 
-0.00597612 
-0.00366528 
-0.00124774 
0.00124774 
0.000865565 
-0.000865565 
-0.00236873 
-0.00379915 
-0.00509906 
-0.00628549 
-0.00734663 
-0.0083203 
-0.00923179 
-0.0101246 
-0.0110273 
-0.0119665 
-0.0129564 
-0.0140073 
-0.0151235 
-0.0163068 
-0.0175549 
-0.0188619 
-0.0202162 
-0.0216004 
-0.0229906 
-0.0243566 
-0.0256634 
-0.026873 
-0.0279477 
-0.0288525 
-0.0295583 
-0.030044 
-0.0302972 
-0.0303131 
-0.0300986 
-0.0296725 
-0.0290297 
-0.0282255 
-0.0272695 
-0.0261874 
-0.0249975 
-0.0237158 
-0.0223557 
-0.0209297 
-0.0194522 
-0.0179424 
-0.0164258 
-0.0149338 
-0.0135011 
-0.0121643 
-0.0109646 
-0.0099546 
-0.00919878 
-0.00875838 
-0.00867146 
-0.00894077 
-0.0095307 
-0.0103518 
-0.0112384 
-0.0119669 
-0.0123327 
-0.0122279 
-0.0116173 
-0.0105035 
-0.00882444 
-0.00689247 
-0.00486236 
-0.00295748 
-0.000996538 
0.000996538 
0.000951961 
-0.000951961 
-0.00261087 
-0.00419012 
-0.00562808 
-0.00694504 
-0.00812352 
-0.00919918 
-0.010194 
-0.011152 
-0.012104 
-0.0130801 
-0.0140985 
-0.0151724 
-0.0163084 
-0.0175105 
-0.0187787 
-0.0201099 
-0.0214962 
-0.022924 
-0.0243734 
-0.025818 
-0.0272249 
-0.0285566 
-0.0297731 
-0.0308349 
-0.0317059 
-0.0323567 
-0.0327662 
-0.0329221 
-0.0328243 
-0.0324872 
-0.0319014 
-0.0311191 
-0.0301479 
-0.0290123 
-0.0277307 
-0.0263213 
-0.0248014 
-0.023189 
-0.0215046 
-0.0197732 
-0.0180245 
-0.0162929 
-0.0146166 
-0.0130385 
-0.0116086 
-0.010385 
-0.00942592 
-0.0087742 
-0.008446 
-0.00842829 
-0.00867758 
-0.00910728 
-0.00957803 
-0.00992461 
-0.0100189 
-0.00980487 
-0.00924819 
-0.0082706 
-0.00676791 
-0.00516752 
-0.00356467 
-0.00214518 
-0.000711475 
0.000711475 
0.00102866 
-0.00102866 
-0.00282449 
-0.00453602 
-0.0060986 
-0.00753619 
-0.00882549 
-0.00999855 
-0.0110721 
-0.0120883 
-0.0130781 
-0.0140747 
-0.0150993 
-0.0161683 
-0.017291 
-0.018473 
-0.0197165 
-0.0210203 
-0.0223798 
-0.0237851 
-0.025221 
-0.0266658 
-0.0280912 
-0.0294629 
-0.0307426 
-0.0318897 
-0.0328645 
-0.0336316 
-0.0341623 
-0.0344359 
-0.034444 
-0.0341934 
-0.0336709 
-0.032922 
-0.0319532 
-0.0307874 
-0.0294437 
-0.0279423 
-0.026304 
-0.0245512 
-0.0227095 
-0.0208083 
-0.0188815 
-0.0169676 
-0.0151098 
-0.0133566 
-0.0117611 
-0.0103768 
-0.00924714 
-0.00839467 
-0.00781747 
-0.00749139 
-0.00736991 
-0.00737775 
-0.00741187 
-0.00736839 
-0.00719044 
-0.00686614 
-0.00637356 
-0.00554324 
-0.00429423 
-0.00314719 
-0.00208245 
-0.00122972 
-0.000394088 
0.000394088 
0.00109499 
-0.00109499 
-0.0030074 
-0.00483276 
-0.00650448 
-0.00805112 
-0.00944408 
-0.0107111 
-0.0118622 
-0.0129349 
-0.0139585 
-0.0149669 
-0.015984 
-0.0170291 
-0.0181142 
-0.019247 
-0.0204312 
-0.0216677 
-0.0229538 
-0.0242832 
-0.0256447 
-0.0270213 
-0.0283902 
-0.0297226 
-0.0309842 
-0.0321373 
-0.0331424 
-0.0339618 
-0.0345619 
-0.0349153 
-0.0350053 
-0.0348296 
-0.0343706 
-0.0336637 
-0.032714 
-0.0315425 
-0.0301683 
-0.0286132 
-0.0269009 
-0.0250576 
-0.0231129 
-0.0211004 
-0.0190582 
-0.0170288 
-0.0150589 
-0.0131982 
-0.0114958 
-0.00999364 
-0.00871784 
-0.0076732 
-0.00684452 
-0.00620032 
-0.00569461 
-0.00526757 
-0.0048542 
-0.00440538 
-0.00392842 
-0.00344719 
-0.00299671 
-0.00227751 
-0.00143636 
-0.000865706 
-0.000442361 
-0.000227878 
-5.13179e-05 
5.13179e-05 
0.00115004 
-0.00115004 
-0.0031568 
-0.0050751 
-0.00683757 
-0.00847868 
-0.00996583 
-0.0113228 
-0.0125516 
-0.0136836 
-0.0147433 
-0.0157634 
-0.0167685 
-0.0177805 
-0.0188138 
-0.0198785 
-0.0209803 
-0.0221217 
-0.0233019 
-0.0245171 
-0.0257593 
-0.0270159 
-0.0282691 
-0.0294959 
-0.0306677 
-0.0317518 
-0.0327124 
-0.0335131 
-0.0341192 
-0.0345 
-0.0346328 
-0.0345068 
-0.0341013 
-0.0334377 
-0.0325193 
-0.0313638 
-0.0299897 
-0.0284196 
-0.0266792 
-0.0247976 
-0.0228078 
-0.0207467 
-0.0186553 
-0.0165783 
-0.0145623 
-0.0126529 
-0.0108902 
-0.00930229 
-0.00789978 
-0.00667434 
-0.00560183 
-0.00464687 
-0.00376662 
-0.00292143 
-0.00207683 
-0.00121666 
-0.000395547 
0.000341234 
0.000879202 
0.00145987 
0.00166789 
0.00158604 
0.00129943 
0.000826112 
0.000303858 
-0.000303858 
0.00119283 
-0.00119283 
-0.00326981 
-0.00525762 
-0.00708906 
-0.00880594 
-0.0103736 
-0.0118129 
-0.0131186 
-0.0143142 
-0.0154173 
-0.0164564 
-0.0174547 
-0.0184347 
-0.0194129 
-0.0204017 
-0.0214091 
-0.0224397 
-0.0234946 
-0.0245723 
-0.0256673 
-0.0267705 
-0.0278686 
-0.0289434 
-0.0299722 
-0.0309282 
-0.0317812 
-0.0324989 
-0.0330492 
-0.0334013 
-0.03353 
-0.0334182 
-0.0330433 
-0.0324133 
-0.031529 
-0.0304039 
-0.029055 
-0.0275045 
-0.0257788 
-0.0239087 
-0.0219289 
-0.019878 
-0.0177979 
-0.0157318 
-0.0137226 
-0.0118085 
-0.0100187 
-0.00836879 
-0.00685788 
-0.00546916 
-0.00417363 
-0.00293591 
-0.00171964 
-0.000495858 
0.000751363 
0.00200481 
0.00317948 
0.00418127 
0.00489736 
0.00518104 
0.00478817 
0.00404573 
0.00305298 
0.00187985 
0.000655392 
-0.000655392 
0.00122254 
-0.00122254 
-0.00334437 
-0.00537627 
-0.00725172 
-0.00902096 
-0.0106495 
-0.0121578 
-0.0135344 
-0.0147954 
-0.0159501 
-0.0170201 
-0.0180245 
-0.018984 
-0.0199153 
-0.0208325 
-0.0217455 
-0.0226614 
-0.0235839 
-0.0245136 
-0.0254482 
-0.0263817 
-0.0273041 
-0.0282018 
-0.0290569 
-0.029848 
-0.0305505 
-0.0311376 
-0.0315814 
-0.0318545 
-0.0319321 
-0.0317951 
-0.0314211 
-0.0308074 
-0.0299517 
-0.0288631 
-0.0275561 
-0.0260512 
-0.0243744 
-0.0225562 
-0.0206312 
-0.0186371 
-0.0166138 
-0.0146006 
-0.0126339 
-0.0107434 
-0.00894866 
-0.00725549 
-0.00565577 
-0.00412811 
-0.00264249 
-0.00116525 
0.000336604 
0.00189284 
0.00349668 
0.00508671 
0.00654261 
0.00771938 
0.00847888 
0.0084804 
0.00764527 
0.00632545 
0.00469483 
0.00286879 
0.000984659 
-0.000984659 
0.00123876 
-0.00123876 
-0.00338019 
-0.00543025 
-0.00732288 
-0.00911701 
-0.0107806 
-0.0123361 
-0.0137688 
-0.0150893 
-0.0162988 
-0.0174109 
-0.0184379 
-0.0193959 
-0.0202992 
-0.0211613 
-0.0219931 
-0.0228034 
-0.0235984 
-0.024382 
-0.0251549 
-0.0259147 
-0.0266553 
-0.0273669 
-0.028036 
-0.0286458 
-0.0291768 
-0.0296075 
-0.029915 
-0.0300761 
-0.030069 
-0.0298744 
-0.0294721 
-0.0288529 
-0.028013 
-0.0269576 
-0.0256983 
-0.0242532 
-0.0226461 
-0.0209054 
-0.0190635 
-0.0171551 
-0.0152157 
-0.013279 
-0.0113743 
-0.00952355 
-0.0077383 
-0.00601826 
-0.0043513 
-0.00271434 
-0.00107871 
0.000590428 
0.00232625 
0.00414859 
0.00602556 
0.00785909 
0.00949378 
0.0107417 
0.0114273 
0.0112051 
0.0100419 
0.00827286 
0.00611905 
0.00373504 
0.00127413 
-0.00127413 
0.00124194 
-0.00124194 
-0.00338001 
-0.00542422 
-0.00730794 
-0.00909772 
-0.0107652 
-0.0123376 
-0.0138006 
-0.015162 
-0.0164177 
-0.0175741 
-0.0186357 
-0.019612 
-0.0205122 
-0.021346 
-0.0221229 
-0.0228514 
-0.023539 
-0.0241919 
-0.0248144 
-0.0254083 
-0.0259721 
-0.0265006 
-0.0269848 
-0.0274122 
-0.0277675 
-0.0280333 
-0.0281912 
-0.0282223 
-0.0281085 
-0.027833 
-0.0273803 
-0.0267379 
-0.0259009 
-0.0248714 
-0.0236582 
-0.0222764 
-0.0207466 
-0.019094 
-0.017347 
-0.015536 
-0.013691 
-0.0118396 
-0.0100045 
-0.00820121 
-0.00643593 
-0.00470465 
-0.00299362 
-0.00128021 
0.00046412 
0.00227545 
0.00418131 
0.00618822 
0.00824309 
0.0102191 
0.0119312 
0.0131621 
0.0137046 
0.0132872 
0.0118952 
0.00980941 
0.00726457 
0.00444184 
0.0015121 
-0.0015121 
0.00123271 
-0.00123271 
-0.00334998 
-0.00536986 
-0.00722321 
-0.00898188 
-0.0106213 
-0.0121747 
-0.0136313 
-0.0150007 
-0.0162771 
-0.0174625 
-0.018556 
-0.01956 
-0.0204773 
-0.0213118 
-0.022068 
-0.0227511 
-0.0233667 
-0.023921 
-0.0244201 
-0.0248693 
-0.025272 
-0.0256288 
-0.0259365 
-0.0261878 
-0.0263722 
-0.0264766 
-0.0264863 
-0.0263864 
-0.0261622 
-0.0257992 
-0.0252847 
-0.0246064 
-0.0237596 
-0.0227451 
-0.0215697 
-0.0202452 
-0.0187889 
-0.0172219 
-0.0155682 
-0.0138531 
-0.0121011 
-0.010334 
-0.00856898 
-0.00681669 
-0.00507995 
-0.00335291 
-0.00162179 
0.000135477 
0.00194784 
0.0038468 
0.00585352 
0.00796137 
0.0100999 
0.0121222 
0.0138243 
0.0149752 
0.0153572 
0.0147776 
0.0132239 
0.0109289 
0.00811573 
0.00497615 
0.00169394 
-0.00169394 
0.00121493 
-0.00121493 
-0.00330148 
-0.00528677 
-0.00709722 
-0.00880593 
-0.0103908 
-0.0118906 
-0.0132998 
-0.0146332 
-0.0158876 
-0.0170657 
-0.0181646 
-0.0191832 
-0.0201189 
-0.0209698 
-0.0217342 
-0.022411 
-0.0230005 
-0.0235043 
-0.0239264 
-0.0242721 
-0.0245479 
-0.0247594 
-0.0249102 
-0.0250003 
-0.0250254 
-0.0249774 
-0.0248454 
-0.0246174 
-0.0242812 
-0.0238257 
-0.0232422 
-0.0225214 
-0.0216578 
-0.0206509 
-0.0195051 
-0.0182296 
-0.016838 
-0.0153479 
-0.0137787 
-0.0121511 
-0.0104846 
-0.00879614 
-0.00709868 
-0.00539944 
-0.00369923 
-0.00199173 
-0.000263493 
0.00150768 
0.00334624 
0.00527885 
0.00731941 
0.00944938 
0.011586 
0.013572 
0.0151959 
0.016228 
0.0164561 
0.0157471 
0.0140855 
0.0116652 
0.00868818 
0.00534353 
0.00182089 
-0.00182089 
0.00119988 
-0.00119988 
-0.00325124 
-0.00520181 
-0.00696872 
-0.00862166 
-0.0101386 
-0.0115607 
-0.012888 
-0.0141412 
-0.0153231 
-0.0164414 
-0.0174961 
-0.0184872 
-0.0194116 
-0.0202647 
-0.0210403 
-0.0217315 
-0.0223314 
-0.0228343 
-0.0232366 
-0.0235379 
-0.0237415 
-0.0238536 
-0.0238823 
-0.0238349 
-0.0237162 
-0.0235266 
-0.0232623 
-0.0229156 
-0.022478 
-0.02194 
-0.0212939 
-0.0205316 
-0.0196462 
-0.0186385 
-0.0175117 
-0.0162731 
-0.0149332 
-0.0135064 
-0.0120088 
-0.0104566 
-0.00886538 
-0.00724818 
-0.00561479 
-0.00397013 
-0.00231409 
-0.000640157 
0.00106557 
0.00282078 
0.00464623 
0.00656286 
0.0085769 
0.0106603 
0.0127236 
0.0146079 
0.0161047 
0.016996 
0.0170843 
0.0162764 
0.0145515 
0.0120713 
0.00901561 
0.00556145 
0.00189826 
-0.00189826 
0.00119203 
-0.00119203 
-0.0032202 
-0.00514418 
-0.00688053 
-0.00848732 
-0.00994073 
-0.0112808 
-0.01251 
-0.0136542 
-0.0147223 
-0.0157288 
-0.0166802 
-0.0175825 
-0.0184368 
-0.0192414 
-0.019991 
-0.0206773 
-0.0212893 
-0.0218145 
-0.0222409 
-0.022558 
-0.0227592 
-0.022843 
-0.0228136 
-0.02268 
-0.0224538 
-0.0221457 
-0.0217624 
-0.0213047 
-0.0207681 
-0.0201456 
-0.0194305 
-0.0186204 
-0.0177104 
-0.0166988 
-0.015586 
-0.0143767 
-0.0130784 
-0.0117041 
-0.0102666 
-0.00877914 
-0.00725419 
-0.00570178 
-0.00412968 
-0.00254146 
-0.00093638 
0.000692888 
0.00235671 
0.00406891 
0.00584661 
0.00770433 
0.00964123 
0.0116226 
0.0135571 
0.0152918 
0.016629 
0.017368 
0.0173315 
0.0164442 
0.014696 
0.0122069 
0.00913985 
0.00565372 
0.00193357 
-0.00193357 
0.0011916 
-0.0011916 
-0.00322567 
-0.00514188 
-0.00687038 
-0.00845417 
-0.00986571 
-0.0111405 
-0.0122809 
-0.0133143 
-0.0142537 
-0.0151192 
-0.015924 
-0.0166814 
-0.0173999 
-0.0180852 
-0.0187383 
-0.0193558 
-0.0199292 
-0.0204458 
-0.0208895 
-0.0212423 
-0.0214863 
-0.0216065 
-0.0215936 
-0.0214458 
-0.0211704 
-0.0207818 
-0.0202983 
-0.0197366 
-0.019107 
-0.0184115 
-0.0176453 
-0.0168025 
-0.0158746 
-0.0148555 
-0.0137483 
-0.0125578 
-0.0112883 
-0.00995213 
-0.00856132 
-0.00712666 
-0.00565847 
-0.00416442 
-0.00265084 
-0.00112007 
0.00042979 
0.00200352 
0.00360804 
0.00525454 
0.00695559 
0.00871962 
0.0105398 
0.0123774 
0.0141439 
0.0156967 
0.0168551 
0.0174374 
0.0172886 
0.0163386 
0.0145936 
0.0121338 
0.00910534 
0.00564657 
0.00193532 
-0.00193532 
0.00120267 
-0.00120267 
-0.00327141 
-0.00521547 
-0.00696155 
-0.00855334 
-0.00995435 
-0.0111953 
-0.012276 
-0.0132229 
-0.0140503 
-0.0147808 
-0.0154318 
-0.0160217 
-0.0165656 
-0.017077 
-0.017565 
-0.018035 
-0.0184868 
-0.0189151 
-0.0193084 
-0.01965 
-0.019919 
-0.0200918 
-0.0201453 
-0.0200602 
-0.0198251 
-0.0194402 
-0.0189186 
-0.0182843 
-0.0175653 
-0.0167832 
-0.0159466 
-0.0150501 
-0.0140886 
-0.0130596 
-0.0119591 
-0.0107833 
-0.00953433 
-0.00822945 
-0.00687942 
-0.00549127 
-0.00407473 
-0.00263513 
-0.0011782 
0.000295255 
0.00178495 
0.0032929 
0.0048242 
0.00638679 
0.00798859 
0.00963255 
0.0113072 
0.0129726 
0.0145457 
0.0158978 
0.0168679 
0.0172941 
0.0170426 
0.0160459 
0.0143179 
0.0119123 
0.00895568 
0.00556615 
0.00191205 
-0.00191205 
0.00122653 
-0.00122653 
-0.00335738 
-0.00536455 
-0.00715961 
-0.00878951 
-0.0102115 
-0.0114522 
-0.0125085 
-0.0134045 
-0.0141546 
-0.0147817 
-0.015305 
-0.015745 
-0.0161203 
-0.0164483 
-0.0167443 
-0.0170205 
-0.0172857 
-0.0175438 
-0.0177934 
-0.0180273 
-0.018232 
-0.0183877 
-0.0184696 
-0.018449 
-0.0182969 
-0.017989 
-0.0175117 
-0.0168692 
-0.0160867 
-0.0152075 
-0.0142807 
-0.0133369 
-0.012376 
-0.0113524 
-0.0102503 
-0.00908364 
-0.00784629 
-0.00655688 
-0.00523234 
-0.00387951 
-0.00250572 
-0.00111441 
0.000290323 
0.00170642 
0.00313142 
0.00456634 
0.00601416 
0.00747934 
0.00896551 
0.0104711 
0.0119814 
0.0134572 
0.0148232 
0.0159659 
0.016745 
0.0170186 
0.0166712 
0.0156384 
0.0139339 
0.0115961 
0.00873036 
0.00543633 
0.00187171 
-0.00187171 
0.00126205 
-0.00126205 
-0.00348198 
-0.00557716 
-0.00745592 
-0.00914689 
-0.0106166 
-0.011883 
-0.012943 
-0.0138179 
-0.0145224 
-0.0150799 
-0.0155105 
-0.0158361 
-0.0160764 
-0.0162507 
-0.016376 
-0.0164677 
-0.0165388 
-0.016599 
-0.0166548 
-0.0167083 
-0.0167571 
-0.0167931 
-0.0168027 
-0.0167655 
-0.0166548 
-0.0164386 
-0.0160831 
-0.015559 
-0.0148508 
-0.0139663 
-0.0129443 
-0.0118477 
-0.0107428 
-0.00966188 
-0.00856719 
-0.0074047 
-0.00615212 
-0.0048723 
-0.00358173 
-0.00226538 
-0.000935083 
0.000410733 
0.00176362 
0.00312053 
0.00447765 
0.00583452 
0.00719147 
0.0085498 
0.00990933 
0.011265 
0.0126002 
0.013878 
0.0150319 
0.0159639 
0.016554 
0.0166794 
0.0162403 
0.0151762 
0.013495 
0.0112296 
0.00846286 
0.00527762 
0.00182117 
-0.00182117 
0.00130834 
-0.00130834 
-0.00363993 
-0.00584482 
-0.00782887 
-0.00960456 
-0.0111412 
-0.0124516 
-0.0135331 
-0.0144045 
-0.0150814 
-0.0155882 
-0.0159475 
-0.0161833 
-0.0163176 
-0.0163707 
-0.0163611 
-0.016305 
-0.016216 
-0.0161054 
-0.015982 
-0.0158514 
-0.0157165 
-0.0155773 
-0.01543 
-0.0152671 
-0.0150757 
-0.0148363 
-0.014522 
-0.0140983 
-0.0135262 
-0.0127695 
-0.0118092 
-0.0106593 
-0.00939497 
-0.00811774 
-0.0069556 
-0.00577556 
-0.00452672 
-0.00324228 
-0.00195524 
-0.00066087 
0.000638594 
0.00194366 
0.00324708 
0.00454549 
0.005834 
0.00711014 
0.00837184 
0.00961749 
0.010844 
0.0120437 
0.0131995 
0.0142774 
0.0152202 
0.0159449 
0.0163507 
0.0163323 
0.0158039 
0.0147087 
0.0130484 
0.0108486 
0.0081807 
0.00510697 
0.00176618 
-0.00176618 
0.00136419 
-0.00136419 
-0.00382704 
-0.00616055 
-0.00826641 
-0.0101486 
-0.0117663 
-0.0131355 
-0.014249 
-0.0151262 
-0.0157821 
-0.0162435 
-0.0165361 
-0.0166879 
-0.0167244 
-0.0166694 
-0.0165435 
-0.0163643 
-0.0161466 
-0.0159019 
-0.0156391 
-0.0153639 
-0.0150798 
-0.0147877 
-0.0144868 
-0.0141748 
-0.0138475 
-0.0134987 
-0.0131192 
-0.0126946 
-0.0122046 
-0.0116216 
-0.0109116 
-0.0100348 
-0.00895591 
-0.00765884 
-0.00617993 
-0.00458756 
-0.00301442 
-0.00158402 
-0.000308162 
0.000969556 
0.00223731 
0.00350384 
0.00475985 
0.00600073 
0.00722007 
0.00841343 
0.0095766 
0.0107057 
0.0117954 
0.0128366 
0.0138124 
0.0146926 
0.0154288 
0.0159522 
0.0161792 
0.0160208 
0.0154032 
0.0142738 
0.0126282 
0.0104829 
0.00790536 
0.004938 
0.00171143 
-0.00171143 
0.0014283 
-0.0014283 
-0.00403964 
-0.00651857 
-0.00876315 
-0.0107669 
-0.0124837 
-0.0139232 
-0.0150791 
-0.0159681 
-0.0166059 
-0.0170207 
-0.0172426 
-0.0173044 
-0.0172373 
-0.0170696 
-0.0168261 
-0.0165273 
-0.0161899 
-0.0158266 
-0.0154467 
-0.0150561 
-0.0146575 
-0.0142513 
-0.0138353 
-0.0134063 
-0.0129598 
-0.0124904 
-0.0119921 
-0.0114571 
-0.0108747 
-0.0102295 
-0.00950078 
-0.00865959 
-0.00766915 
-0.00648442 
-0.00507168 
-0.00350224 
-0.00187411 
-0.000330046 
0.00110955 
0.00247875 
0.00378967 
0.00506136 
0.00629558 
0.00749316 
0.00865038 
0.00976343 
0.0108278 
0.0118387 
0.0127899 
0.013672 
0.0144692 
0.0151556 
0.0156912 
0.0160198 
0.0160732 
0.0157773 
0.0150689 
0.0138993 
0.0122597 
0.0101576 
0.00765272 
0.00478221 
0.00166059 
-0.00166059 
0.00149907 
-0.00149907 
-0.0042733 
-0.00691253 
-0.00931122 
-0.0114521 
-0.013285 
-0.0148079 
-0.0160174 
-0.0169249 
-0.0175473 
-0.0179134 
-0.0180581 
-0.0180201 
-0.0178375 
-0.0175454 
-0.0171738 
-0.0167475 
-0.0162861 
-0.0158041 
-0.0153118 
-0.0148152 
-0.0143173 
-0.0138176 
-0.0133134 
-0.0127997 
-0.0122704 
-0.0117183 
-0.011136 
-0.0105149 
-0.0098456 
-0.00911667 
-0.00831496 
-0.00742632 
-0.00644221 
-0.00536278 
-0.00421125 
-0.00300285 
-0.00171771 
-0.000210814 
0.00153869 
0.0032346 
0.00483463 
0.00630765 
0.00766459 
0.0089159 
0.0100728 
0.0111423 
0.0121284 
0.0130316 
0.0138495 
0.0145755 
0.0151975 
0.0156946 
0.0160353 
0.0161747 
0.0160585 
0.0156256 
0.0148227 
0.013605 
0.0119611 
0.00988914 
0.00744058 
0.00464687 
0.0016177 
-0.0016177 
0.00157438 
-0.00157438 
-0.0045223 
-0.00733408 
-0.00990052 
-0.0121943 
-0.0141584 
-0.0157823 
-0.0170559 
-0.0179905 
-0.0186013 
-0.0189176 
-0.0189786 
-0.01883 
-0.0185181 
-0.0180866 
-0.0175727 
-0.017007 
-0.0164126 
-0.0158063 
-0.0151994 
-0.0145985 
-0.014006 
-0.013421 
-0.0128399 
-0.0122566 
-0.0116638 
-0.0110526 
-0.0104141 
-0.00973841 
-0.00901578 
-0.00823573 
-0.00738783 
-0.00646131 
-0.00544749 
-0.00434032 
-0.00314376 
-0.00188475 
-0.000589786 
0.0008341 
0.00240156 
0.00404647 
0.00569734 
0.0072914 
0.00878264 
0.0101462 
0.0113731 
0.0124635 
0.0134222 
0.0142546 
0.0149643 
0.0155511 
0.0160095 
0.0163265 
0.0164797 
0.0164357 
0.0161528 
0.0155821 
0.0146797 
0.0134046 
0.0117445 
0.00968925 
0.00728413 
0.00454317 
0.00158498 
-0.00158498 
0.00165132 
-0.00165132 
-0.00477847 
-0.00777081 
-0.0105155 
-0.0129758 
-0.0150863 
-0.0168274 
-0.0181787 
-0.0191512 
-0.019757 
-0.0200246 
-0.019997 
-0.0197272 
-0.0192716 
-0.0186841 
-0.0180118 
-0.0172925 
-0.0165541 
-0.0158162 
-0.0150912 
-0.0143855 
-0.0137012 
-0.0130361 
-0.0123853 
-0.0117413 
-0.0110951 
-0.0104362 
-0.00975377 
-0.00903634 
-0.00827246 
-0.00745067 
-0.00656028 
-0.00559163 
-0.00453895 
-0.00339979 
-0.00218063 
-0.000892404 
0.000460944 
0.00190214 
0.00337796 
0.00489823 
0.00648868 
0.00809057 
0.00964978 
0.0111108 
0.012435 
0.0135984 
0.0145907 
0.0154109 
0.0160627 
0.0165505 
0.0168764 
0.0170362 
0.0170187 
0.0168027 
0.0163592 
0.0156513 
0.0146445 
0.013303 
0.0116143 
0.00956265 
0.00718491 
0.00448521 
0.00156387 
-0.00156387 
0.00172593 
-0.00172593 
-0.00503038 
-0.00820494 
-0.0111332 
-0.0137701 
-0.0160407 
-0.0179142 
-0.0193607 
-0.0203834 
-0.0209932 
-0.0212165 
-0.021098 
-0.0206987 
-0.0200855 
-0.0193253 
-0.0184773 
-0.0175889 
-0.0166945 
-0.0158171 
-0.0149701 
-0.0141598 
-0.0133867 
-0.0126473 
-0.0119347 
-0.0112396 
-0.0105506 
-0.00985556 
-0.00914145 
-0.00839507 
-0.00760333 
-0.00675366 
-0.00583473 
-0.00483694 
-0.00375356 
-0.0025815 
-0.00132044 
1.73174e-05 
0.00142052 
0.00289605 
0.00442987 
0.0059986 
0.00757256 
0.00912452 
0.0106341 
0.0120701 
0.0133975 
0.0145817 
0.0155955 
0.0164213 
0.0170508 
0.0174826 
0.0177185 
0.0177595 
0.0176029 
0.0172387 
0.0166503 
0.0158129 
0.0147022 
0.0132883 
0.0115604 
0.00949898 
0.0071342 
0.00445827 
0.00156045 
-0.00156045 
0.00179291 
-0.00179291 
-0.00526258 
-0.00861179 
-0.0117211 
-0.0145386 
-0.0169788 
-0.0189985 
-0.0205572 
-0.0216451 
-0.0222715 
-0.0224593 
-0.0222526 
-0.0217196 
-0.0209383 
-0.0199904 
-0.0189498 
-0.0178766 
-0.0168141 
-0.0157895 
-0.0148174 
-0.0139033 
-0.0130461 
-0.0122397 
-0.0114747 
-0.010739 
-0.0100188 
-0.00929924 
-0.00856481 
-0.0077999 
-0.00698898 
-0.00611741 
-0.0051721 
-0.00414226 
-0.00302037 
-0.00180259 
-0.000490133 
0.000911241 
0.00238502 
0.00393009 
0.00551343 
0.00711002 
0.00869031 
0.0102251 
0.0116985 
0.0130845 
0.0143601 
0.0155002 
0.0164799 
0.0172772 
0.0178753 
0.0182639 
0.0184383 
0.0183972 
0.0181398 
0.0176624 
0.0169575 
0.0160105 
0.0148067 
0.013323 
0.0115521 
0.00947247 
0.00710924 
0.00444479 
0.00156008 
-0.00156008 
0.00184553 
-0.00184553 
-0.0054549 
-0.00895861 
-0.0122349 
-0.0152272 
-0.0178393 
-0.020015 
-0.0216995 
-0.0228711 
-0.0235291 
-0.0236957 
-0.0234102 
-0.0227466 
-0.0217934 
-0.0206478 
-0.0194011 
-0.0181294 
-0.0168877 
-0.0157094 
-0.0146109 
-0.0135963 
-0.0126618 
-0.0117982 
-0.0109926 
-0.0102298 
-0.00949272 
-0.00876344 
-0.00802347 
-0.00725437 
-0.00643786 
-0.00555679 
-0.00459579 
-0.00354219 
-0.00238642 
-0.00112269 
0.000247422 
0.00172311 
0.0032823 
0.0049161 
0.00659239 
0.00827765 
0.00993158 
0.0115138 
0.0129881 
0.0143277 
0.0155189 
0.0165518 
0.0174173 
0.0181056 
0.0186056 
0.0189071 
0.0190011 
0.0188812 
0.0185426 
0.0179806 
0.01719 
0.0161614 
0.014886 
0.0133467 
0.0115397 
0.00944371 
0.00708054 
0.00442606 
0.00155481 
-0.00155481 
0.00187555 
-0.00187555 
-0.00558234 
-0.00920392 
-0.0126174 
-0.0157649 
-0.0185397 
-0.020873 
-0.0226933 
-0.023967 
-0.0246712 
-0.0248356 
-0.0244891 
-0.023709 
-0.0225915 
-0.0212483 
-0.0197897 
-0.0183111 
-0.0168828 
-0.0155475 
-0.014324 
-0.0132151 
-0.0122134 
-0.0113056 
-0.0104744 
-0.00970074 
-0.00896362 
-0.00824153 
-0.00751253 
-0.0067548 
-0.00594674 
-0.00506817 
-0.00410073 
-0.00302928 
-0.00184105 
-0.000528933 
0.000909 
0.00246839 
0.00413123 
0.00587819 
0.0076697 
0.0094623 
0.0112058 
0.0128495 
0.0143474 
0.0156685 
0.0167959 
0.017723 
0.0184499 
0.0189804 
0.0193195 
0.01947 
0.0194311 
0.0191986 
0.018766 
0.018125 
0.0172673 
0.0161819 
0.014861 
0.0132892 
0.0114645 
0.00936634 
0.00701466 
0.00438234 
0.00153882 
-0.00153882 
0.00187347 
-0.00187347 
-0.00561542 
-0.00929805 
-0.0127988 
-0.0160628 
-0.0189744 
-0.0214534 
-0.0234093 
-0.0247934 
-0.0255616 
-0.0257454 
-0.0253659 
-0.0244974 
-0.0232404 
-0.0217169 
-0.0200552 
-0.018372 
-0.0167575 
-0.0152673 
-0.0139253 
-0.0127329 
-0.0116785 
-0.0107435 
-0.00990573 
-0.00914114 
-0.0084245 
-0.00773019 
-0.00703238 
-0.00630556 
-0.00552444 
-0.00466547 
-0.00370681 
-0.0026301 
-0.00141841 
-6.29016e-05 
0.00144446 
0.00309503 
0.00487272 
0.00674906 
0.00867772 
0.0106045 
0.0124681 
0.0142076 
0.0157681 
0.0171038 
0.0181865 
0.0190139 
0.0195923 
0.0199367 
0.0200686 
0.0200096 
0.019776 
0.0193761 
0.0188096 
0.0180685 
0.017141 
0.0160109 
0.0146657 
0.013087 
0.0112706 
0.00919552 
0.00687943 
0.00429475 
0.00150638 
-0.00150638 
0.00182889 
-0.00182889 
-0.00552139 
-0.00918471 
-0.0126985 
-0.0160157 
-0.0190145 
-0.0216055 
-0.0236794 
-0.0251701 
-0.0260176 
-0.0262419 
-0.0258667 
-0.0249543 
-0.0236052 
-0.0219436 
-0.0201109 
-0.0182444 
-0.0164576 
-0.0148244 
-0.0133775 
-0.0121186 
-0.0110315 
-0.0100916 
-0.00927073 
-0.00853933 
-0.00786736 
-0.00722479 
-0.00658154 
-0.00590813 
-0.00517532 
-0.00435587 
-0.00342397 
-0.00235708 
-0.00113368 
0.000258218 
0.00183106 
0.00357464 
0.00547054 
0.0074809 
0.00954985 
0.0116124 
0.0135979 
0.0154368 
0.0170646 
0.0184297 
0.0194864 
0.0202345 
0.0206813 
0.0208469 
0.0207652 
0.0204747 
0.0200119 
0.0194038 
0.0186646 
0.0177942 
0.0167819 
0.0156076 
0.0142522 
0.0126904 
0.0109121 
0.00889287 
0.00664679 
0.00414659 
0.00145239 
-0.00145239 
0.00173133 
-0.00173133 
-0.00526647 
-0.00880475 
-0.0122298 
-0.015508 
-0.0185155 
-0.0211575 
-0.0233084 
-0.0248837 
-0.0258133 
-0.026094 
-0.025765 
-0.0248695 
-0.0235017 
-0.0217759 
-0.0198369 
-0.0178369 
-0.0159135 
-0.0141645 
-0.0126375 
-0.0113377 
-0.0102451 
-0.00932867 
-0.00855345 
-0.00788405 
-0.00728527 
-0.00672242 
-0.00616112 
-0.00556777 
-0.00490922 
-0.00415432 
-0.00327288 
-0.00223745 
-0.00102178 
0.000390105 
0.00201235 
0.00383344 
0.00582787 
0.00794708 
0.010126 
0.0122924 
0.0143712 
0.0162897 
0.0179803 
0.0193832 
0.0204467 
0.0211417 
0.0214854 
0.0214976 
0.0212217 
0.0207115 
0.0200213 
0.0191975 
0.0182721 
0.0172582 
0.0161523 
0.0149349 
0.0135817 
0.0120603 
0.0103522 
0.00842719 
0.00629347 
0.00392377 
0.00137241 
-0.00137241 
0.00157117 
-0.00157117 
-0.00481901 
-0.00810143 
-0.0113075 
-0.0144232 
-0.0173274 
-0.0199271 
-0.0220853 
-0.0236991 
-0.0246957 
-0.0250353 
-0.0247933 
-0.0239871 
-0.0226987 
-0.0210175 
-0.0190768 
-0.0170311 
-0.0150383 
-0.0132235 
-0.0116566 
-0.0103526 
-0.00929035 
-0.0084327 
-0.0077378 
-0.00716413 
-0.00667128 
-0.00622005 
-0.00577176 
-0.00528891 
-0.00473464 
-0.00407393 
-0.003272 
-0.00229617 
-0.00111597 
0.000287294 
0.0019258 
0.00378314 
0.00582218 
0.00798347 
0.0101966 
0.0123894 
0.0144911 
0.0164336 
0.0181521 
0.0195788 
0.0206651 
0.0213378 
0.0216248 
0.0215367 
0.0211217 
0.0204452 
0.0195757 
0.0185763 
0.0174955 
0.016361 
0.0151799 
0.0139378 
0.0126101 
0.0111592 
0.0095587 
0.00777195 
0.00579982 
0.00361427 
0.00126255 
-0.00126255 
0.00134082 
-0.00134082 
-0.00415341 
-0.0070277 
-0.00985887 
-0.0126579 
-0.0153131 
-0.0177434 
-0.0198085 
-0.0213858 
-0.0224096 
-0.0227915 
-0.0226704 
-0.0220306 
-0.0209372 
-0.0194398 
-0.0176422 
-0.0156825 
-0.0137269 
-0.0119266 
-0.0103811 
-0.00912388 
-0.00813808 
-0.00738248 
-0.00680877 
-0.00636962 
-0.00601974 
-0.00571583 
-0.00541537 
-0.00507741 
-0.00466207 
-0.00413071 
-0.00344427 
-0.00256535 
-0.0014611 
-0.000113208 
0.0014811 
0.00329624 
0.00528012 
0.00736692 
0.00949031 
0.0115892 
0.013607 
0.0154893 
0.0171786 
0.0186053 
0.019722 
0.0204122 
0.020697 
0.0205777 
0.0201025 
0.0193457 
0.0183858 
0.017297 
0.0161397 
0.014953 
0.0137545 
0.0125374 
0.0112802 
0.00994458 
0.00849936 
0.00690282 
0.00514854 
0.0032077 
0.00111947 
-0.00111947 
0.00103556 
-0.00103556 
-0.00325404 
-0.00555443 
-0.00783584 
-0.0101393 
-0.0123681 
-0.0144662 
-0.0163049 
-0.0177459 
-0.0187315 
-0.0191281 
-0.0191495 
-0.0187497 
-0.0179709 
-0.0168128 
-0.0153323 
-0.0136301 
-0.0118603 
-0.0101911 
-0.00875452 
-0.00761248 
-0.00676087 
-0.00615888 
-0.00575345 
-0.00549231 
-0.00532618 
-0.00520855 
-0.00509379 
-0.00493851 
-0.00470089 
-0.00433946 
-0.00381188 
-0.00307791 
-0.00210584 
-0.000882847 
0.000574649 
0.00222818 
0.00401464 
0.00587221 
0.00775158 
0.00961331 
0.0114233 
0.0131461 
0.014734 
0.0161224 
0.017253 
0.0180004 
0.0183372 
0.0182651 
0.0178227 
0.0170929 
0.0161602 
0.0151046 
0.0139909 
0.0128634 
0.0117459 
0.0106383 
0.00952463 
0.00836968 
0.00714143 
0.00579699 
0.00432436 
0.00269525 
0.000940439 
-0.000940439 
0.000654187 
-0.000654187 
-0.00211857 
-0.00367796 
-0.00522838 
-0.00684563 
-0.00844856 
-0.0100201 
-0.011464 
-0.0126511 
-0.0135104 
-0.0138951 
-0.0140788 
-0.0139833 
-0.013625 
-0.0129538 
-0.0119703 
-0.0107186 
-0.00931723 
-0.00793154 
-0.0067207 
-0.00578215 
-0.00513532 
-0.00474692 
-0.00456261 
-0.00452702 
-0.00458829 
-0.00469824 
-0.00480928 
-0.00487711 
-0.00485963 
-0.00471399 
-0.00439671 
-0.00386825 
-0.00310315 
-0.00210261 
-0.00090252 
0.000437073 
0.00185846 
0.00331995 
0.00479885 
0.00628362 
0.00776542 
0.0092277 
0.0106346 
0.0119331 
0.013053 
0.0138785 
0.0143029 
0.0143429 
0.0140248 
0.0134389 
0.0126693 
0.0117934 
0.0108718 
0.00994539 
0.00903814 
0.00815348 
0.00728088 
0.0063912 
0.00545584 
0.00443548 
0.00331553 
0.00207089 
0.000724013 
-0.000724013 
0.000195525 
-0.000195525 
-0.000755516 
-0.00142667 
-0.00207688 
-0.00282747 
-0.00360309 
-0.0044335 
-0.00526111 
-0.00600388 
-0.00667885 
-0.00710049 
-0.00746635 
-0.00772455 
-0.00785834 
-0.00778504 
-0.0074496 
-0.00683241 
-0.00599411 
-0.0050703 
-0.00422927 
-0.00360328 
-0.00324491 
-0.00313797 
-0.00323245 
-0.00347269 
-0.00380644 
-0.00418611 
-0.00456378 
-0.00489633 
-0.00514371 
-0.00526398 
-0.00521592 
-0.00496585 
-0.00450146 
-0.00384382 
-0.00304641 
-0.00217529 
-0.00127447 
-0.000355027 
0.000591058 
0.00158231 
0.00262936 
0.00372974 
0.00486049 
0.00598806 
0.00704122 
0.007944 
0.00850326 
0.00871473 
0.00859728 
0.00826101 
0.00778993 
0.00724836 
0.00667979 
0.00611099 
0.00555903 
0.00502656 
0.00450749 
0.00398055 
0.003424 
0.00280728 
0.00211613 
0.0013327 
0.00047039 
-0.00047039 
-0.000335813 
0.000335813 
0.000810376 
0.00114433 
0.00152454 
0.0017818 
0.00198794 
0.00207294 
0.00205522 
0.00194064 
0.00158394 
0.00107468 
0.000483006 
-0.000158614 
-0.000811556 
-0.00138221 
-0.00178058 
-0.00193281 
-0.00183027 
-0.00155096 
-0.00124253 
-0.00105707 
-0.00108338 
-0.00133249 
-0.00176648 
-0.00233382 
-0.00298456 
-0.0036749 
-0.00435876 
-0.00499684 
-0.00555404 
-0.0059925 
-0.00627775 
-0.00638803 
-0.00633004 
-0.00614546 
-0.00589634 
-0.00563369 
-0.00537212 
-0.00509314 
-0.00476271 
-0.00434593 
-0.00382173 
-0.00318253 
-0.00243749 
-0.00160242 
-0.00073378 
0.000130496 
0.000796584 
0.00124503 
0.00146738 
0.00154115 
0.00153556 
0.00149296 
0.00143682 
0.00137528 
0.00131599 
0.00125901 
0.00120282 
0.00113556 
0.00104515 
0.000914122 
0.000730009 
0.000488156 
0.000184956 
-0.000184956 
-0.00092653 
0.00092653 
0.00254241 
0.00397409 
0.00545928 
0.00680263 
0.00804922 
0.00910072 
0.00991764 
0.0104126 
0.0104486 
0.0100074 
0.00925024 
0.00828991 
0.00717994 
0.00601151 
0.0048869 
0.00391557 
0.00317158 
0.00265261 
0.00226519 
0.00186709 
0.00134499 
0.00065683 
-0.00017852 
-0.00112177 
-0.00213103 
-0.00316904 
-0.00419478 
-0.00517565 
-0.0060849 
-0.00689252 
-0.00757561 
-0.00812934 
-0.00858107 
-0.0089859 
-0.00939872 
-0.00984191 
-0.0102957 
-0.0107153 
-0.0110534 
-0.0112712 
-0.0113425 
-0.0112514 
-0.0109949 
-0.0105786 
-0.0100347 
-0.00939242 
-0.00871995 
-0.00798634 
-0.00726437 
-0.0065823 
-0.00593703 
-0.00531968 
-0.00472452 
-0.00415508 
-0.00361044 
-0.00309062 
-0.00259182 
-0.00211423 
-0.00165851 
-0.0012259 
-0.000827221 
-0.000448156 
-0.000124674 
0.000124674 
-0.00156356 
0.00156356 
0.00440848 
0.00700786 
0.00962378 
0.012067 
0.0143344 
0.0163065 
0.0178802 
0.0189212 
0.0193291 
0.0190943 
0.018327 
0.0171636 
0.0156948 
0.0140166 
0.012238 
0.0104848 
0.00887465 
0.00747583 
0.00626898 
0.00515582 
0.00402409 
0.00280933 
0.00150732 
0.000142257 
-0.00125966 
-0.002675 
-0.00407137 
-0.00542545 
-0.0067226 
-0.00794444 
-0.0090837 
-0.0101545 
-0.0112004 
-0.0122765 
-0.0134158 
-0.0146069 
-0.0158033 
-0.0169475 
-0.0179878 
-0.0188831 
-0.0196026 
-0.0201231 
-0.020429 
-0.0205086 
-0.0203533 
-0.0199348 
-0.0191972 
-0.0181624 
-0.016927 
-0.0155928 
-0.0142323 
-0.0128848 
-0.0115698 
-0.0103015 
-0.00908468 
-0.00791886 
-0.00679545 
-0.00570363 
-0.00463272 
-0.00356896 
-0.00252023 
-0.00145703 
-0.000453795 
0.000453795 
-0.00223778 
0.00223778 
0.00638451 
0.0102 
0.0139357 
0.0174394 
0.0206588 
0.023461 
0.0257071 
0.0272589 
0.0280427 
0.0280589 
0.027372 
0.0261083 
0.0243742 
0.0222766 
0.01993 
0.0174667 
0.0150293 
0.0127386 
0.0106496 
0.00873049 
0.00689867 
0.00508344 
0.00325909 
0.00143019 
-0.000390404 
-0.00220099 
-0.0039866 
-0.00573404 
-0.00744443 
-0.00911445 
-0.0107544 
-0.0123955 
-0.0140873 
-0.0158718 
-0.0177519 
-0.0196875 
-0.0216163 
-0.0234753 
-0.0252106 
-0.0267765 
-0.0281341 
-0.0292482 
-0.0300849 
-0.0306046 
-0.030756 
-0.0304633 
-0.0296427 
-0.0283618 
-0.0267152 
-0.0248325 
-0.0228321 
-0.0207991 
-0.0187847 
-0.0168189 
-0.014915 
-0.0130741 
-0.0112853 
-0.00953064 
-0.00779111 
-0.00604368 
-0.00429289 
-0.00250755 
-0.000794866 
0.000794866 
-0.00294197 
0.00294197 
0.00845103 
0.013516 
0.018343 
0.0228357 
0.0269147 
0.030445 
0.0332833 
0.0353053 
0.0364497 
0.0367209 
0.0361582 
0.0348674 
0.0329498 
0.0305135 
0.027676 
0.0245747 
0.0213674 
0.0182129 
0.0152304 
0.0124607 
0.00987206 
0.00740634 
0.0050247 
0.00270843 
0.000453334 
-0.00175836 
-0.00393692 
-0.00608452 
-0.00821884 
-0.0103547 
-0.012519 
-0.0147542 
-0.0171046 
-0.0195888 
-0.0221807 
-0.0248205 
-0.027438 
-0.0299675 
-0.0323497 
-0.03453 
-0.0364557 
-0.0380745 
-0.0393307 
-0.0401609 
-0.0404942 
-0.0402566 
-0.0393861 
-0.037949 
-0.0360268 
-0.0337527 
-0.0312608 
-0.0286632 
-0.026038 
-0.023433 
-0.020873 
-0.0183645 
-0.0158985 
-0.0134556 
-0.0110145 
-0.00855128 
-0.00607064 
-0.00355544 
-0.00113444 
0.00113444 
-0.00366661 
0.00366661 
0.0105813 
0.0169158 
0.0228041 
0.0282066 
0.0330471 
0.0372057 
0.0405557 
0.0429929 
0.0444633 
0.0449717 
0.044543 
0.0432578 
0.0412028 
0.0384803 
0.0352089 
0.0315302 
0.0276136 
0.0236457 
0.019797 
0.0161777 
0.0128161 
0.00968252 
0.00673343 
0.00392995 
0.00124457 
-0.00135977 
-0.00391752 
-0.0064555 
-0.0090064 
-0.011605 
-0.0142915 
-0.0171114 
-0.0200938 
-0.0232301 
-0.0264707 
-0.0297445 
-0.0329778 
-0.0361011 
-0.0390475 
-0.0417505 
-0.0441427 
-0.0461555 
-0.0477186 
-0.0487589 
-0.0492084 
-0.0490092 
-0.0481204 
-0.0465991 
-0.0445161 
-0.0419933 
-0.0391611 
-0.0361384 
-0.0330172 
-0.0298597 
-0.0267023 
-0.0235597 
-0.0204295 
-0.0172978 
-0.0141486 
-0.0109662 
-0.00776314 
-0.00454734 
-0.00145591 
0.00145591 
-0.0043951 
0.0043951 
0.0127261 
0.0203303 
0.0272537 
0.0335 
0.0390186 
0.0437202 
0.0475068 
0.0502967 
0.0520439 
0.0527491 
0.0524228 
0.0511288 
0.0489393 
0.045949 
0.0422748 
0.0380625 
0.0334916 
0.0287709 
0.0241118 
0.0196843 
0.0155772 
0.0117971 
0.00830298 
0.00503853 
0.00195061 
-0.00101694 
-0.00392242 
-0.00682165 
-0.00976143 
-0.0127961 
-0.0159744 
-0.0193369 
-0.0228906 
-0.026601 
-0.0304017 
-0.0342159 
-0.0379687 
-0.0415871 
-0.0449972 
-0.0481222 
-0.0508837 
-0.0532021 
-0.0549999 
-0.0562027 
-0.0567494 
-0.0565968 
-0.0557178 
-0.0541646 
-0.0519996 
-0.049329 
-0.0462705 
-0.0429376 
-0.0394247 
-0.0358019 
-0.0321149 
-0.0283883 
-0.0246302 
-0.0208385 
-0.0170098 
-0.0131448 
-0.00927159 
-0.00542587 
-0.00174107 
0.00174107 
-0.00509411 
0.00509411 
0.0147852 
0.0236098 
