0 
-0.000581166 
0.000654506 
0.00436133 
0.0102569 
0.0178646 
0.0266243 
0.0360652 
0.0458001 
0.0555253 
0.0650038 
0.0740477 
0.0825036 
0.0902428 
0.0971548 
0.103146 
0.108141 
0.112086 
0.114953 
0.116752 
0.117515 
0.117295 
0.116161 
0.114198 
0.111503 
0.108176 
0.104307 
0.0999669 
0.0951995 
0.0900193 
0.0844298 
0.0784594 
0.0722037 
0.0658415 
0.0595966 
0.0536666 
0.0481725 
0.0431575 
0.0386146 
0.0345125 
0.0308113 
0.0274692 
0.0244466 
0.0217076 
0.0192207 
0.0169593 
0.0149008 
0.0130267 
0.0113216 
0.00977293 
0.00837051 
0.0071059 
0.00597181 
0.00496174 
0.00406998 
0.00329119 
0.00261946 
0.00204806 
0.0015692 
0.00117419 
0.000853182 
0.000595097 
0.000387621 
0.000217324 
6.98148e-05 
0 
0.000581166 
-0.000581166 
0.000654506 
0.00436133 
0.0102569 
0.0178646 
0.0266243 
0.0360652 
0.0458001 
0.0555253 
0.0650038 
0.0740477 
0.0825036 
0.0902428 
0.0971548 
0.103146 
0.108141 
0.112086 
0.114953 
0.116752 
0.117515 
0.117295 
0.116161 
0.114198 
0.111503 
0.108176 
0.104307 
0.0999669 
0.0951995 
0.0900193 
0.0844298 
0.0784594 
0.0722037 
0.0658415 
0.0595966 
0.0536666 
0.0481725 
0.0431575 
0.0386146 
0.0345125 
0.0308113 
0.0274692 
0.0244466 
0.0217076 
0.0192207 
0.0169593 
0.0149008 
0.0130267 
0.0113216 
0.00977293 
0.00837051 
0.0071059 
0.00597181 
0.00496174 
0.00406998 
0.00329119 
0.00261946 
0.00204806 
0.0015692 
0.00117419 
0.000853182 
0.000595097 
0.000387621 
0.000217324 
6.98148e-05 
-6.98148e-05 
0.000259243 
-0.000259243 
0.00258404 
0.00779618 
0.0147916 
0.0230662 
0.0321452 
0.0416487 
0.0512707 
0.0607712 
0.0699612 
0.0786871 
0.0868193 
0.094243 
0.100855 
0.106563 
0.111287 
0.114966 
0.117565 
0.119071 
0.119507 
0.118928 
0.117403 
0.115023 
0.111894 
0.108129 
0.103838 
0.0991153 
0.0940295 
0.0886188 
0.0829003 
0.0769001 
0.0706969 
0.0644438 
0.0583395 
0.0525627 
0.0472223 
0.0423536 
0.0379433 
0.0339564 
0.0303512 
0.0270871 
0.0241265 
0.0214362 
0.0189877 
0.0167564 
0.0147217 
0.0128663 
0.0111761 
0.00963912 
0.00824581 
0.00698804 
0.00585923 
0.00485381 
0.00396652 
0.00319203 
0.00252484 
0.00195923 
0.0014877 
0.00110156 
0.000790993 
0.000544843 
0.000350644 
0.000194676 
6.21826e-05 
-6.21826e-05 
-0.00120597 
0.00120597 
0.00616864 
0.0126527 
0.0202724 
0.0286972 
0.0375953 
0.0466972 
0.0557874 
0.0646967 
0.0732899 
0.0814522 
0.0890789 
0.0960693 
0.102325 
0.107751 
0.112261 
0.115779 
0.118256 
0.11965 
0.119946 
0.119192 
0.117447 
0.114795 
0.111347 
0.107225 
0.102556 
0.0974591 
0.0920354 
0.0863583 
0.0804744 
0.0744251 
0.0682845 
0.0621841 
0.0562908 
0.0507506 
0.0456469 
0.0409989 
0.0367854 
0.0329683 
0.0295062 
0.0263607 
0.0234975 
0.0208867 
0.0185028 
0.016324 
0.0143318 
0.0125109 
0.0108486 
0.00933457 
0.00796031 
0.00671896 
0.00560483 
0.00461289 
0.00373852 
0.00297723 
0.0023243 
0.00177377 
0.00131909 
0.000952193 
0.000663622 
0.000442187 
0.000275221 
0.000148508 
4.66196e-05 
-4.66196e-05 
-0.00256139 
0.00256139 
0.00891277 
0.0161416 
0.0239728 
0.0322122 
0.0406296 
0.0490564 
0.0573695 
0.0654765 
0.0733004 
0.0807663 
0.0877926 
0.0942893 
0.100158 
0.105298 
0.10961 
0.113008 
0.115429 
0.116808 
0.117114 
0.116381 
0.114646 
0.11198 
0.108483 
0.104274 
0.0994813 
0.0942369 
0.0886652 
0.0828706 
0.0769335 
0.0709232 
0.064927 
0.0590678 
0.0534829 
0.0482787 
0.0435034 
0.0391554 
0.0352046 
0.031612 
0.0283391 
0.0253514 
0.022619 
0.0201162 
0.0178211 
0.0157151 
0.0137824 
0.0120099 
0.010387 
0.00890491 
0.00755676 
0.00633702 
0.00524128 
0.00426581 
0.00340733 
0.00266225 
0.00202691 
0.00149664 
0.00106602 
0.000727312 
0.000471357 
0.00028693 
0.000161003 
7.85267e-05 
2.30095e-05 
-2.30095e-05 
-0.00310874 
0.00310874 
0.0101611 
0.0177607 
0.0255234 
0.0333273 
0.0410375 
0.0485942 
0.0559733 
0.0631602 
0.0701325 
0.0768485 
0.0832425 
0.0892276 
0.0946999 
0.0995469 
0.103657 
0.106928 
0.10929 
0.11067 
0.111034 
0.110407 
0.108815 
0.106314 
0.102989 
0.0989413 
0.0942899 
0.0891636 
0.0836935 
0.078001 
0.0721936 
0.0663726 
0.0606504 
0.055152 
0.0499874 
0.0452197 
0.0408589 
0.0368812 
0.0332501 
0.0299284 
0.026883 
0.0240853 
0.0215109 
0.0191391 
0.0169519 
0.0149344 
0.0130739 
0.0113599 
0.00978417 
0.00834014 
0.00702284 
0.00582859 
0.00475464 
0.00379892 
0.00295979 
0.00223517 
0.00162324 
0.00112016 
0.000721318 
0.000420336 
0.000208483 
7.42217e-05 
4.13845e-06 
-1.78322e-05 
-9.56875e-06 
9.56875e-06 
-0.00320657 
0.00320657 
0.01037 
0.0178888 
0.0252272 
0.0323188 
0.0391188 
0.0456704 
0.0520365 
0.0582657 
0.0643754 
0.0703442 
0.0761135 
0.0815939 
0.0866733 
0.0912262 
0.0951263 
0.0982583 
0.100546 
0.10191 
0.102321 
0.101806 
0.100391 
0.0981276 
0.0950879 
0.0913584 
0.0870403 
0.0822484 
0.0771046 
0.0717321 
0.0662538 
0.0607999 
0.0555096 
0.0505112 
0.0458858 
0.0416514 
0.0377815 
0.0342342 
0.0309706 
0.0279588 
0.0251733 
0.0225927 
0.0201991 
0.0179772 
0.0159138 
0.0139978 
0.01222 
0.0105729 
0.00905102 
0.00765017 
0.00636759 
0.00520171 
0.00415183 
0.0032178 
0.0024001 
0.00169856 
0.00111297 
0.000641603 
0.000281726 
2.71985e-05 
-0.000129365 
-0.00020003 
-0.000198687 
-0.00014276 
-5.18907e-05 
5.18907e-05 
-0.00306983 
0.00306983 
0.00987438 
0.0168813 
0.0234497 
0.0295895 
0.0353362 
0.0408147 
0.0461484 
0.0514253 
0.0566842 
0.0619125 
0.0670531 
0.0720144 
0.0766787 
0.0809097 
0.0845669 
0.0875208 
0.0896904 
0.090998 
0.0914292 
0.0910207 
0.0898034 
0.0878266 
0.0851516 
0.0818492 
0.0780025 
0.0737064 
0.0690662 
0.064197 
0.0592303 
0.0543201 
0.0496263 
0.0452707 
0.041298 
0.0376812 
0.0343632 
0.0312917 
0.0284311 
0.0257581 
0.0232564 
0.020913 
0.0187172 
0.0166594 
0.0147314 
0.0129265 
0.0112389 
0.00966456 
0.00820064 
0.00684563 
0.00559917 
0.00446204 
0.00343578 
0.00252285 
0.00172597 
0.00104729 
0.000490239 
5.41697e-05 
-0.000260427 
-0.000459807 
-0.000550514 
-0.000543718 
-0.000453975 
-0.000300444 
-0.000105409 
0.000105409 
-0.00276912 
0.00276912 
0.00884568 
0.014995 
0.0205334 
0.0255688 
0.0301948 
0.0345869 
0.0388987 
0.0432346 
0.0476403 
0.052106 
0.0565777 
0.060968 
0.065162 
0.0690199 
0.0723899 
0.0751281 
0.0771498 
0.0783696 
0.0787951 
0.0784834 
0.0774777 
0.075827 
0.0735811 
0.0707927 
0.0675233 
0.0638452 
0.0598437 
0.0556247 
0.0513274 
0.0471242 
0.043182 
0.0395985 
0.0363717 
0.0334331 
0.0307055 
0.0281364 
0.0256991 
0.0233816 
0.021178 
0.0190842 
0.0170966 
0.0152117 
0.0134263 
0.011738 
0.0101447 
0.00864564 
0.00724089 
0.00593165 
0.00472014 
0.00360976 
0.00260484 
0.00171027 
0.000932522 
0.000276697 
-0.000249896 
-0.000646939 
-0.000913238 
-0.0010508 
-0.00106497 
-0.000966108 
-0.000769354 
-0.000496045 
-0.00017198 
0.00017198 
-0.0023521 
0.0023521 
0.00742972 
0.0124737 
0.0168252 
0.0206881 
0.0241818 
0.0274999 
0.030801 
0.0341885 
0.0377077 
0.0413509 
0.045072 
0.0487961 
0.0524231 
0.0558207 
0.0588325 
0.0613023 
0.0631404 
0.0642557 
0.0646914 
0.0645204 
0.0637877 
0.0625337 
0.0607926 
0.0585983 
0.0559913 
0.0530226 
0.0497611 
0.0463086 
0.0428154 
0.0394644 
0.0364073 
0.0336952 
0.0312734 
0.0290413 
0.0269164 
0.0248558 
0.0228464 
0.020889 
0.0189884 
0.0171488 
0.0153738 
0.0136656 
0.012026 
0.0104565 
0.00895879 
0.00753518 
0.00618865 
0.00492309 
0.00374331 
0.00265555 
0.00166662 
0.00078589 
2.24081e-05 
-0.000612381 
-0.00111342 
-0.0014748 
-0.0016913 
-0.00176174 
-0.0016888 
-0.00148195 
-0.00115683 
-0.000737531 
-0.000254449 
0.000254449 
-0.00185374 
0.00185374 
0.00575495 
0.0095439 
0.0126489 
0.0153341 
0.0177173 
0.0199825 
0.0222774 
0.0246934 
0.0272737 
0.0300149 
0.032883 
0.0358217 
0.0387546 
0.0415747 
0.0441376 
0.0462842 
0.0479115 
0.0489301 
0.0494329 
0.0494926 
0.0491346 
0.0483738 
0.0472221 
0.0456954 
0.0438174 
0.0416243 
0.0391782 
0.0365876 
0.0340153 
0.0316378 
0.0295626 
0.0277756 
0.0261726 
0.0246387 
0.0231011 
0.0215347 
0.0199427 
0.0183383 
0.0167359 
0.0151478 
0.0135836 
0.0120508 
0.0105557 
0.00910334 
0.00769895 
0.00634767 
0.00505511 
0.00382783 
0.00267316 
0.00160041 
0.00062011 
-0.0002533 
-0.00100731 
-0.00163178 
-0.00211353 
-0.00244376 
-0.00261099 
-0.00261013 
-0.00244014 
-0.00210856 
-0.00163106 
-0.00103492 
-0.000356447 
0.000356447 
-0.00130626 
0.00130626 
0.00394109 
0.00641125 
0.00828405 
0.00982554 
0.0111401 
0.0123805 
0.0136757 
0.0150994 
0.0166945 
0.0184641 
0.0203884 
0.0224291 
0.0245342 
0.0266374 
0.0286377 
0.0303888 
0.0317816 
0.0327881 
0.033494 
0.0339158 
0.0340392 
0.0338526 
0.0333512 
0.0325388 
0.0314292 
0.0300541 
0.0284814 
0.0268356 
0.0252832 
0.0239644 
0.0229134 
0.0220457 
0.0212258 
0.0203456 
0.0193553 
0.0182515 
0.0170531 
0.0157844 
0.0144678 
0.0131218 
0.0117613 
0.0103984 
0.00904288 
0.00770323 
0.0063874 
0.00510309 
0.00385831 
0.0026618 
0.00152391 
0.000456818 
-0.000522542 
-0.00139995 
-0.0021606 
-0.00278835 
-0.00326354 
-0.00357157 
-0.00369446 
-0.00362123 
-0.00334544 
-0.0028712 
-0.00221341 
-0.00140283 
-0.000483324 
0.000483324 
-0.000736394 
0.000736394 
0.00208997 
0.00324843 
0.00395146 
0.00440899 
0.00471323 
0.00497152 
0.00529062 
0.00572554 
0.00632201 
0.0070909 
0.00802788 
0.00910958 
0.0103028 
0.0115755 
0.0129175 
0.0142188 
0.0153994 
0.0165456 
0.0175736 
0.0184384 
0.0190913 
0.0195064 
0.0196709 
0.019583 
0.0192548 
0.0187254 
0.0180796 
0.0174533 
0.0169894 
0.0167558 
0.0166986 
0.0166798 
0.0165612 
0.016261 
0.0157593 
0.0150735 
0.0142352 
0.0132769 
0.0122269 
0.0111084 
0.00994028 
0.00873784 
0.00751384 
0.00627943 
0.00504469 
0.00381933 
0.00261315 
0.0014374 
0.000304641 
-0.000766595 
-0.0017613 
-0.0026615 
-0.00344705 
-0.00409492 
-0.00457927 
-0.00487896 
-0.00496726 
-0.00482469 
-0.00443665 
-0.0038014 
-0.00293126 
-0.00186043 
-0.000642202 
0.000642202 
-0.00016167 
0.00016167 
0.000277401 
0.000189682 
-0.000186341 
-0.000731168 
-0.00136205 
-0.00202207 
-0.00262777 
-0.00313841 
-0.00350439 
-0.00370383 
-0.00372401 
-0.00357151 
-0.00325944 
-0.00280569 
-0.00213283 
-0.00123512 
-0.000114929 
0.0012082 
0.00251631 
0.00376701 
0.00489566 
0.00586706 
0.00666213 
0.00727627 
0.00772803 
0.00807163 
0.00840362 
0.00884616 
0.00947897 
0.0102725 
0.0110987 
0.0118018 
0.0122698 
0.0124584 
0.0123757 
0.0120553 
0.0115373 
0.0108588 
0.0100518 
0.00914232 
0.00815181 
0.00709777 
0.00599503 
0.00485647 
0.00369365 
0.00251752 
0.00133956 
0.000172713 
-0.000965719 
-0.00205905 
-0.00308948 
-0.00403426 
-0.00486749 
-0.00556006 
-0.00607796 
-0.00639139 
-0.00646237 
-0.00625957 
-0.00575645 
-0.00494158 
-0.0038218 
-0.00243402 
-0.000842973 
0.000842973 
0.00041393 
-0.00041393 
-0.00145229 
-0.00266864 
-0.00401489 
-0.00545943 
-0.00693319 
-0.00842429 
-0.00987251 
-0.0112438 
-0.0124851 
-0.0135599 
-0.0144352 
-0.0150906 
-0.0155091 
-0.0156756 
-0.0155188 
-0.0149588 
-0.0139966 
-0.0126524 
-0.0111902 
-0.00965476 
-0.00812961 
-0.00666104 
-0.00527383 
-0.0039705 
-0.00272228 
-0.00146651 
-0.000120323 
0.00138166 
0.00302163 
0.00468449 
0.00621453 
0.00747785 
0.00840405 
0.0089847 
0.00924849 
0.00923826 
0.00899767 
0.00856575 
0.0079755 
0.00725426 
0.00642455 
0.00550507 
0.00451173 
0.00345817 
0.00235658 
0.0012186 
5.65762e-05 
-0.00111392 
-0.00227628 
-0.00341301 
-0.00450244 
-0.00551763 
-0.00642727 
-0.00719536 
-0.0077784 
-0.00813633 
-0.00821661 
-0.00797112 
-0.00735573 
-0.00634359 
-0.00493144 
-0.00315706 
-0.00109845 
0.00109845 
0.00097725 
-0.00097725 
-0.00305833 
-0.00525831 
-0.00745775 
-0.0096872 
-0.0118946 
-0.0141062 
-0.0162816 
-0.0183928 
-0.0203835 
-0.0222036 
-0.0237999 
-0.0251231 
-0.026124 
-0.0267531 
-0.0269492 
-0.0266668 
-0.0259248 
-0.0246724 
-0.0231564 
-0.0214284 
-0.0195811 
-0.0176668 
-0.0157128 
-0.0137189 
-0.0116568 
-0.009482 
-0.00716229 
-0.00472374 
-0.0022737 
3.76982e-05 
0.00206414 
0.00372152 
0.00498245 
0.00586387 
0.00640494 
0.00665099 
0.00664536 
0.00642615 
0.00602571 
0.005471 
0.00478451 
0.00398506 
0.00308861 
0.00210869 
0.0010571 
-5.47309e-05 
-0.00121362 
-0.00240365 
-0.00360952 
-0.0048117 
-0.00598614 
-0.00710254 
-0.00812416 
-0.00900786 
-0.00969858 
-0.0101436 
-0.0102717 
-0.0100116 
-0.00929369 
-0.00806799 
-0.00631463 
-0.0040692 
-0.00142415 
0.00142415 
0.00150126 
-0.00150126 
-0.00450286 
-0.0075517 
-0.0104865 
-0.0133795 
-0.0161939 
-0.0189882 
-0.0217423 
-0.0244374 
-0.027017 
-0.0294212 
-0.0315822 
-0.0334311 
-0.0348986 
-0.0359168 
-0.0364199 
-0.0363671 
-0.0357857 
-0.0346145 
-0.0330702 
-0.0311887 
-0.0290569 
-0.0267254 
-0.0242233 
-0.0215583 
-0.0187255 
-0.0157293 
-0.012612 
-0.00947845 
-0.00647636 
-0.00375177 
-0.00140868 
0.000506445 
0.00199827 
0.00310181 
0.00385838 
0.00431128 
0.00450064 
0.00446176 
0.00422487 
0.00381543 
0.00325482 
0.00256107 
0.00174927 
0.000831495 
-0.000182088 
-0.00128025 
-0.00244901 
-0.00367543 
-0.00494429 
-0.00623573 
-0.0075244 
-0.00877745 
-0.00995303 
-0.0110005 
-0.0118518 
-0.0124386 
-0.0126657 
-0.0124297 
-0.0116254 
-0.0101699 
-0.00801963 
-0.00520493 
-0.00183381 
0.00183381 
0.00197052 
-0.00197052 
-0.00577191 
-0.00954879 
-0.0131041 
-0.0165382 
-0.0198253 
-0.0230511 
-0.0262179 
-0.0293203 
-0.032306 
-0.0351115 
-0.0376606 
-0.0398733 
-0.0416684 
-0.0429675 
-0.0437019 
-0.0438314 
-0.0433684 
-0.042253 
-0.0406677 
-0.038638 
-0.0362395 
-0.0335221 
-0.030524 
-0.0272768 
-0.0238188 
-0.0202143 
-0.016569 
-0.0130253 
-0.00972928 
-0.00679603 
-0.00428841 
-0.00222064 
-0.000571264 
0.000691815 
0.00161178 
0.00222814 
0.00257647 
0.00268826 
0.00259063 
0.00230667 
0.00185605 
0.00125479 
0.000515938 
-0.000351874 
-0.00133853 
-0.00243257 
-0.00362383 
-0.00490161 
-0.00625217 
-0.00765689 
-0.00909067 
-0.0105194 
-0.011897 
-0.0131647 
-0.0142407 
-0.0150343 
-0.0154203 
-0.0152513 
-0.0143736 
-0.012663 
-0.0100497 
-0.0065613 
-0.0023256 
0.0023256 
0.00238294 
-0.00238294 
-0.00686995 
-0.0112644 
-0.0153341 
-0.0191949 
-0.0228256 
-0.0263333 
-0.0297441 
-0.0330709 
-0.0362719 
-0.0392857 
-0.0420344 
-0.0444345 
-0.0464006 
-0.0478497 
-0.04871 
-0.0489377 
-0.0485304 
-0.0474366 
-0.0457964 
-0.04363 
-0.0410048 
-0.0379768 
-0.0346034 
-0.0309497 
-0.027099 
-0.023162 
-0.0192746 
-0.0155797 
-0.0121983 
-0.00920891 
-0.00664453 
-0.0045022 
-0.00275936 
-0.00138384 
-0.000340264 
0.00040355 
0.000879921 
0.00111644 
0.00113665 
0.000960878 
0.000605864 
8.50948e-05 
-0.000593612 
-0.00142034 
-0.00238659 
-0.00348467 
-0.00470828 
-0.00604985 
-0.00749882 
-0.00903959 
-0.0106492 
-0.012294 
-0.0139246 
-0.0154735 
-0.0168426 
-0.0179091 
-0.0185079 
-0.0184313 
-0.0174655 
-0.0154461 
-0.0122913 
-0.00804297 
-0.0028595 
0.0028595 
0.00274104 
-0.00274104 
-0.00781022 
-0.0127245 
-0.0172161 
-0.0214058 
-0.0252683 
-0.0289248 
-0.0324245 
-0.0358037 
-0.0390379 
-0.0420739 
-0.0448376 
-0.047248 
-0.0492215 
-0.0506773 
-0.0515451 
-0.0517793 
-0.0513646 
-0.0502598 
-0.0485633 
-0.0462962 
-0.0435234 
-0.0403119 
-0.0367411 
-0.0329055 
-0.0289186 
-0.0249108 
-0.0210183 
-0.0173638 
-0.0140376 
-0.0110912 
-0.00854129 
-0.0063808 
-0.00459012 
-0.0031429 
-0.00201169 
-0.00116875 
-0.000588468 
-0.000248169 
-0.000128066 
-0.00021085 
-0.000483489 
-0.000935638 
-0.00156039 
-0.00235003 
-0.00329974 
-0.00440641 
-0.00566801 
-0.00708141 
-0.00864104 
-0.0103364 
-0.0121489 
-0.0140471 
-0.0159795 
-0.0178671 
-0.0195884 
-0.0209746 
-0.0218009 
-0.0217843 
-0.0206527 
-0.0182302 
-0.0144627 
-0.00943774 
-0.00335144 
0.00335144 
0.00304987 
-0.00304987 
-0.00861037 
-0.0139607 
-0.0187986 
-0.023241 
-0.0272504 
-0.0309518 
-0.034414 
-0.0377002 
-0.0408106 
-0.0437081 
-0.0463281 
-0.0485959 
-0.0504345 
-0.05177 
-0.0525384 
-0.0526963 
-0.0522233 
-0.0510876 
-0.0493533 
-0.0470459 
-0.0442309 
-0.0409856 
-0.0374046 
-0.0335979 
-0.0296885 
-0.0258038 
-0.0220634 
-0.0185648 
-0.0153746 
-0.0125283 
-0.0100371 
-0.00789627 
-0.00609156 
-0.00460387 
-0.00341224 
-0.00249526 
-0.00183309 
-0.00140733 
-0.00120209 
-0.00120366 
-0.00140247 
-0.00179092 
-0.00236376 
-0.00311705 
-0.00405035 
-0.00516527 
-0.00646475 
-0.00795157 
-0.00962682 
-0.0114872 
-0.0135207 
-0.0156996 
-0.0179687 
-0.0202317 
-0.0223284 
-0.0240296 
-0.0250144 
-0.0249337 
-0.0234952 
-0.0205727 
-0.0161885 
-0.0104945 
-0.00371043 
0.00371043 
0.00331504 
-0.00331504 
-0.00928871 
-0.015005 
-0.0201306 
-0.0247733 
-0.0288759 
-0.0325568 
-0.0358956 
-0.038982 
-0.0418484 
-0.0444832 
-0.0468384 
-0.0488501 
-0.0504505 
-0.0515755 
-0.0521703 
-0.0521971 
-0.0516358 
-0.0504635 
-0.0487213 
-0.0464397 
-0.0436839 
-0.0405354 
-0.0370926 
-0.0334658 
-0.0297713 
-0.0261212 
-0.0226141 
-0.0193264 
-0.0163093 
-0.0135915 
-0.0111843 
-0.00908721 
-0.00729212 
-0.00578653 
-0.00455567 
-0.00358403 
-0.0028566 
-0.00235934 
-0.00208006 
-0.00200867 
-0.00213839 
-0.00246443 
-0.00298423 
-0.00369819 
-0.0046102 
-0.00572681 
-0.0070566 
-0.00860928 
-0.0103941 
-0.0124166 
-0.0146725 
-0.0171371 
-0.019747 
-0.0223767 
-0.0248059 
-0.0267265 
-0.0277073 
-0.0273773 
-0.0255048 
-0.0220688 
-0.0171846 
-0.0110547 
-0.00388785 
0.00388785 
0.00354168 
-0.00354168 
-0.00986141 
-0.0158848 
-0.0212535 
-0.0260646 
-0.0302379 
-0.0338736 
-0.0370504 
-0.0398777 
-0.042423 
-0.0447104 
-0.0467185 
-0.0484005 
-0.0497 
-0.0505629 
-0.0509443 
-0.0508131 
-0.0501525 
-0.0489485 
-0.0472282 
-0.0450252 
-0.0424013 
-0.0394348 
-0.0362179 
-0.0328509 
-0.0294347 
-0.026063 
-0.0228156 
-0.0197539 
-0.0169204 
-0.0143414 
-0.0120301 
-0.00999057 
-0.00822025 
-0.00671226 
-0.00545738 
-0.004445 
-0.00366448 
-0.00310562 
-0.00275948 
-0.00261933 
-0.00268093 
-0.00294244 
-0.00340451 
-0.00407162 
-0.00495167 
-0.00605609 
-0.00739937 
-0.00899861 
-0.0108717 
-0.0130335 
-0.0154865 
-0.0182049 
-0.0211078 
-0.0240254 
-0.0266604 
-0.0286175 
-0.0294012 
-0.0286819 
-0.0263632 
-0.0225291 
-0.0173641 
-0.0110941 
-0.00388299 
0.00388299 
0.00373362 
-0.00373362 
-0.0103407 
-0.0166193 
-0.0221954 
-0.0271568 
-0.0314012 
-0.0350036 
-0.0380275 
-0.0405883 
-0.0427826 
-0.0446762 
-0.0462866 
-0.0475939 
-0.048558 
-0.0491348 
-0.0492876 
-0.048991 
-0.0482313 
-0.0470034 
-0.0453248 
-0.0432298 
-0.0407735 
-0.0380256 
-0.0350666 
-0.0319815 
-0.0288542 
-0.0257614 
-0.022768 
-0.0199253 
-0.0172706 
-0.0148294 
-0.012617 
-0.0106412 
-0.00890406 
-0.00740323 
-0.00613409 
-0.00509007 
-0.00426414 
-0.00364933 
-0.00323959 
-0.00303123 
-0.00302242 
-0.00321416 
-0.00361005 
-0.00421792 
-0.00504913 
-0.0061195 
-0.00744887 
-0.00906119 
-0.0109821 
-0.0132338 
-0.0158217 
-0.0187123 
-0.0217969 
-0.0248524 
-0.0275058 
-0.0293045 
-0.0297648 
-0.0286525 
-0.0260075 
-0.0219753 
-0.0167814 
-0.0106631 
-0.00371627 
0.00371627 
0.00389281 
-0.00389281 
-0.0107342 
-0.0172192 
-0.0229692 
-0.028066 
-0.0323922 
-0.0359965 
-0.0389165 
-0.0412547 
-0.0431205 
-0.0446159 
-0.0458053 
-0.0467098 
-0.0473159 
-0.0475933 
-0.0475115 
-0.0470481 
-0.0461916 
-0.0449423 
-0.0433118 
-0.0413312 
-0.0390473 
-0.0365184 
-0.0338111 
-0.0309949 
-0.0281379 
-0.0253022 
-0.0225416 
-0.0199 
-0.0174111 
-0.0150998 
-0.012983 
-0.0110712 
-0.00937 
-0.00788065 
-0.00660212 
-0.00553098 
-0.00466314 
-0.00399434 
-0.00352109 
-0.00324233 
-0.0031582 
-0.0032721 
-0.00358974 
-0.00412141 
-0.0048809 
-0.00588729 
-0.00716434 
-0.00874089 
-0.0106476 
-0.0129096 
-0.0155296 
-0.0184598 
-0.0215612 
-0.0245644 
-0.0270519 
-0.0285703 
-0.0287046 
-0.0273214 
-0.0245361 
-0.0205204 
-0.0155316 
-0.00982524 
-0.00340921 
0.00340921 
0.00401944 
-0.00401944 
-0.0110462 
-0.0176883 
-0.0235752 
-0.0287862 
-0.0331991 
-0.0368433 
-0.0397286 
-0.0419292 
-0.0435432 
-0.0446881 
-0.0454688 
-0.0459575 
-0.0461838 
-0.0461436 
-0.0458164 
-0.0451817 
-0.0442266 
-0.0429509 
-0.0413627 
-0.0394861 
-0.0373592 
-0.0350286 
-0.0325472 
-0.0299702 
-0.0273519 
-0.024743 
-0.022188 
-0.019725 
-0.0173847 
-0.0151911 
-0.013162 
-0.0113098 
-0.00964267 
-0.00816455 
-0.00687723 
-0.00577959 
-0.00486997 
-0.00414637 
-0.00360737 
-0.00325391 
-0.00308742 
-0.00311293 
-0.00333719 
-0.00377181 
-0.00443157 
-0.00533702 
-0.00651335 
-0.007991 
-0.00980103 
-0.0119661 
-0.014481 
-0.0172826 
-0.0202107 
-0.0229783 
-0.0251724 
-0.0263898 
-0.0262957 
-0.0248156 
-0.022077 
-0.0182747 
-0.0136996 
-0.00863412 
-0.00297962 
0.00297962 
0.00410406 
-0.00410406 
-0.0112763 
-0.018028 
-0.0240096 
-0.0293015 
-0.0337862 
-0.0374879 
-0.0403981 
-0.0425604 
-0.044042 
-0.0449451 
-0.0453884 
-0.0454854 
-0.0453199 
-0.0449349 
-0.0443365 
-0.0435114 
-0.0424435 
-0.0411257 
-0.0395637 
-0.0377704 
-0.0357753 
-0.0336134 
-0.031325 
-0.0289525 
-0.0265388 
-0.0241245 
-0.0217467 
-0.0194381 
-0.0172267 
-0.0151353 
-0.0131823 
-0.0113812 
-0.00974229 
-0.00827128 
-0.00697233 
-0.00584601 
-0.00489257 
-0.00411174 
-0.00350335 
-0.00306966 
-0.00281242 
-0.00273745 
-0.00285126 
-0.00316556 
-0.00369425 
-0.00445708 
-0.0054774 
-0.00678299 
-0.00839997 
-0.0103434 
-0.0125975 
-0.0150902 
-0.0176607 
-0.0200445 
-0.0218812 
-0.0228457 
-0.0226587 
-0.0212449 
-0.0187159 
-0.0153135 
-0.0113498 
-0.007132 
-0.00244249 
0.00244249 
0.00414741 
-0.00414741 
-0.0114218 
-0.0182474 
-0.0242785 
-0.0296066 
-0.0341228 
-0.0378614 
-0.0408143 
-0.043009 
-0.0444804 
-0.0452938 
-0.0455433 
-0.0453471 
-0.0448263 
-0.0440804 
-0.0431692 
-0.042111 
-0.0408973 
-0.0395132 
-0.0379539 
-0.0362192 
-0.0343272 
-0.0323022 
-0.0301731 
-0.0279712 
-0.0257288 
-0.0234781 
-0.0212494 
-0.0190707 
-0.0169671 
-0.0149604 
-0.0130691 
-0.0113078 
-0.00968835 
-0.00821769 
-0.00690208 
-0.00574307 
-0.00474228 
-0.00390058 
-0.00321803 
-0.00269761 
-0.00234022 
-0.00215187 
-0.00213745 
-0.00230747 
-0.00267291 
-0.00325025 
-0.00405736 
-0.00511509 
-0.0064396 
-0.00803476 
-0.00987489 
-0.0118897 
-0.0139416 
-0.0158265 
-0.0172732 
-0.0180458 
-0.0178845 
-0.0166597 
-0.014483 
-0.01168 
-0.0085329 
-0.0053542 
-0.00181193 
0.00181193 
0.00417225 
-0.00417225 
-0.0114978 
-0.0183693 
-0.024412 
-0.0297282 
-0.0342176 
-0.0379331 
-0.040886 
-0.0431133 
-0.0446397 
-0.0454981 
-0.0457374 
-0.0454362 
-0.044703 
-0.0436628 
-0.0424311 
-0.0410883 
-0.0396683 
-0.0381673 
-0.0365674 
-0.0348578 
-0.0330357 
-0.0311151 
-0.0291128 
-0.0270492 
-0.024947 
-0.0228302 
-0.0207228 
-0.0186486 
-0.0166301 
-0.014688 
-0.0128412 
-0.0111049 
-0.00949319 
-0.0080137 
-0.00667488 
-0.00547846 
-0.00442653 
-0.00352049 
-0.00275927 
-0.00214618 
-0.00168005 
-0.00136638 
-0.00120711 
-0.00121061 
-0.00138301 
-0.00173538 
-0.00227702 
-0.00301846 
-0.00396219 
-0.00509935 
-0.00639617 
-0.0077936 
-0.00919382 
-0.010479 
-0.0114879 
-0.0120882 
-0.0120228 
-0.01106 
-0.00938548 
-0.007414 
-0.00530286 
-0.00333797 
-0.00110362 
0.00110362 
0.00418686 
-0.00418686 
-0.0115494 
-0.0184388 
-0.0244699 
-0.0297354 
-0.03414 
-0.037752 
-0.0406121 
-0.0427894 
-0.044331 
-0.0452693 
-0.0456237 
-0.0454199 
-0.0447081 
-0.0435751 
-0.0421389 
-0.0405271 
-0.0388441 
-0.0371465 
-0.0354413 
-0.0337087 
-0.0319213 
-0.0300707 
-0.0281626 
-0.026206 
-0.024214 
-0.0222027 
-0.0201897 
-0.0181945 
-0.0162374 
-0.0143385 
-0.0125178 
-0.0107913 
-0.00917561 
-0.00767774 
-0.00630874 
-0.00506957 
-0.00396184 
-0.00298736 
-0.00214233 
-0.00143057 
-0.00084701 
-0.000397232 
-7.8829e-05 
0.00010261 
0.000147654 
5.18757e-05 
-0.000183486 
-0.000556949 
-0.00105518 
-0.00165693 
-0.00232111 
-0.00300434 
-0.00365073 
-0.00423499 
-0.00471355 
-0.0050961 
-0.0051291 
-0.00445189 
-0.0034861 
-0.00260065 
-0.0017421 
-0.00113618 
-0.000339731 
0.000339731 
0.00419728 
-0.00419728 
-0.0116048 
-0.0185207 
-0.0245333 
-0.029729 
-0.0340102 
-0.0374494 
-0.0401119 
-0.0421072 
-0.0435288 
-0.0444464 
-0.0448927 
-0.0448724 
-0.0443807 
-0.0434292 
-0.042068 
-0.0403932 
-0.0385321 
-0.0366102 
-0.0347123 
-0.0328633 
-0.0310445 
-0.0292163 
-0.0273625 
-0.0254781 
-0.0235641 
-0.0216269 
-0.0196783 
-0.0177337 
-0.0158113 
-0.0139304 
-0.0121123 
-0.0103744 
-0.00873715 
-0.0072075 
-0.00580025 
-0.00451419 
-0.00334793 
-0.00230395 
-0.00137297 
-0.000560175 
0.000144309 
0.000734668 
0.00122037 
0.00159888 
0.00187733 
0.00205809 
0.00215296 
0.00217503 
0.00215184 
0.00211449 
0.00211095 
0.00217078 
0.0023229 
0.00251648 
0.00271497 
0.00274611 
0.00275007 
0.00301028 
0.00297452 
0.00257011 
0.00201557 
0.00117068 
0.000448767 
-0.000448767 
0.00420661 
-0.00420661 
-0.0116756 
-0.0186433 
-0.0246683 
-0.0298014 
-0.0339506 
-0.0371828 
-0.039574 
-0.0412668 
-0.0424044 
-0.0431135 
-0.0434774 
-0.0435304 
-0.0432624 
-0.0426372 
-0.0416214 
-0.0402148 
-0.0384716 
-0.0365006 
-0.0344381 
-0.0324019 
-0.0304506 
-0.0285788 
-0.0267325 
-0.0248801 
-0.023009 
-0.021116 
-0.0192033 
-0.0172804 
-0.0153639 
-0.0134739 
-0.0116361 
-0.00987025 
-0.00820102 
-0.00663086 
-0.00517941 
-0.00384211 
-0.00261287 
-0.00149709 
-0.000476533 
0.000437341 
0.00126454 
0.00200051 
0.00265999 
0.00324374 
0.00376469 
0.00423166 
0.00466521 
0.00508788 
0.00553799 
0.00605372 
0.00668657 
0.00745642 
0.00837193 
0.00933652 
0.0102502 
0.0108544 
0.0110726 
0.010641 
0.00949895 
0.00777577 
0.00577956 
0.00347012 
0.00122606 
-0.00122606 
0.00421392 
-0.00421392 
-0.0117585 
-0.0188041 
-0.0248783 
-0.0299949 
-0.0340283 
-0.0370573 
-0.0391542 
-0.040481 
-0.0412194 
-0.0415482 
-0.0416096 
-0.0414962 
-0.0412439 
-0.0408351 
-0.0402115 
-0.0392983 
-0.0380387 
-0.0364277 
-0.0345294 
-0.0324655 
-0.0303725 
-0.0283461 
-0.0264115 
-0.0245269 
-0.0226478 
-0.0207503 
-0.0188283 
-0.0168875 
-0.0149416 
-0.0130085 
-0.0111151 
-0.00928407 
-0.00754937 
-0.00591328 
-0.00440742 
-0.00302037 
-0.00173007 
-0.000549676 
0.000549999 
0.00155836 
0.00250382 
0.0033838 
0.00421629 
0.0050058 
0.00576924 
0.00652095 
0.00728755 
0.00809869 
0.00899861 
0.0100285 
0.011236 
0.0126296 
0.0141916 
0.0157944 
0.0172675 
0.0183223 
0.0186408 
0.0176161 
0.0155365 
0.0126408 
0.00932072 
0.00563241 
0.00195532 
-0.00195532 
0.00421447 
-0.00421447 
-0.0118382 
-0.0189774 
-0.0251294 
-0.0302702 
-0.0342325 
-0.0370821 
-0.0388996 
-0.0398543 
-0.0401557 
-0.040021 
-0.0396354 
-0.0391395 
-0.0386231 
-0.038126 
-0.0376363 
-0.0370918 
-0.0363924 
-0.0354294 
-0.034127 
-0.0324776 
-0.0305541 
-0.0284855 
-0.0264039 
-0.0243854 
-0.0224332 
-0.0204922 
-0.0185292 
-0.0165308 
-0.014508 
-0.012484 
-0.0105015 
-0.00859389 
-0.00680209 
-0.00510657 
-0.00354971 
-0.00211441 
-0.00075822 
0.000479698 
0.00165852 
0.00276183 
0.00382541 
0.00484918 
0.00585363 
0.00684672 
0.00784771 
0.00887479 
0.00995759 
0.0111294 
0.0124349 
0.0139131 
0.0155995 
0.0174873 
0.0195268 
0.0215628 
0.0233634 
0.0246013 
0.0248292 
0.02343 
0.0206667 
0.0168472 
0.0124264 
0.00754481 
0.00260284 
-0.00260284 
0.00420029 
-0.00420029 
-0.0118892 
-0.0191212 
-0.0253638 
-0.0305557 
-0.0344853 
-0.0371895 
-0.0387518 
-0.0393571 
-0.039235 
-0.0386363 
-0.0377756 
-0.0368179 
-0.0358768 
-0.0350272 
-0.0343129 
-0.0337431 
-0.0332797 
-0.0328315 
-0.0322665 
-0.0314488 
-0.0302859 
-0.0287613 
-0.0269373 
-0.0249222 
-0.0228202 
-0.0206954 
-0.018567 
-0.016426 
-0.014272 
-0.0121131 
-0.00998065 
-0.00790875 
-0.00595656 
-0.00411516 
-0.00247985 
-0.00101701 
0.000386868 
0.00166774 
0.00289982 
0.00407864 
0.00524131 
0.00639453 
0.00755851 
0.00874356 
0.00996854 
0.0112527 
0.0126248 
0.0141175 
0.0157702 
0.0176142 
0.0196677 
0.021904 
0.024241 
0.0264973 
0.0283987 
0.0295803 
0.0295917 
0.0279146 
0.0247014 
0.0202335 
0.0149788 
0.00913942 
0.00314756 
-0.00314756 
0.00416074 
-0.00416074 
-0.011878 
-0.0191797 
-0.0255044 
-0.030757 
-0.0346765 
-0.0372676 
-0.0385957 
-0.0388781 
-0.0383602 
-0.0373302 
-0.0360323 
-0.0346478 
-0.0332905 
-0.0320283 
-0.0309076 
-0.0299686 
-0.029243 
-0.0287375 
-0.0284085 
-0.0281485 
-0.0278014 
-0.0272074 
-0.0262528 
-0.0248975 
-0.0231706 
-0.0211422 
-0.0188904 
-0.0164855 
-0.0139946 
-0.0115061 
-0.00909849 
-0.00685893 
-0.00486222 
-0.00299146 
-0.00133977 
0.000127121 
0.0015709 
0.00289191 
0.00417955 
0.00543216 
0.00669174 
0.00797043 
0.00928859 
0.0106576 
0.0120942 
0.0136159 
0.0152475 
0.0170168 
0.0189537 
0.0210774 
0.023386 
0.0258314 
0.0283033 
0.0305995 
0.0324266 
0.0334059 
0.0331347 
0.0312073 
0.0276948 
0.0228026 
0.0169602 
0.0103998 
0.00358373 
-0.00358373 
0.0040832 
-0.0040832 
-0.0117645 
-0.0190849 
-0.0254565 
-0.0307571 
-0.0346727 
-0.0371723 
-0.0382923 
-0.038276 
-0.0373932 
-0.0359688 
-0.0342838 
-0.0325412 
-0.0308567 
-0.0292796 
-0.0278258 
-0.0265039 
-0.0253336 
-0.0243508 
-0.0235988 
-0.0231012 
-0.0228281 
-0.0226767 
-0.0224889 
-0.0221013 
-0.021396 
-0.0203205 
-0.0188738 
-0.0170782 
-0.0149674 
-0.0125782 
-0.00996121 
-0.00720591 
-0.00451614 
-0.00203351 
-7.38051e-05 
0.00145725 
0.00296413 
0.00435056 
0.00565552 
0.00693933 
0.00825216 
0.00962084 
0.0110644 
0.0125927 
0.0142169 
0.015949 
0.0178056 
0.0198049 
0.0219637 
0.0242856 
0.0267483 
0.0292833 
0.0317595 
0.0339629 
0.0356007 
0.0363074 
0.035741 
0.0335783 
0.0298429 
0.0246708 
0.0184302 
0.0113526 
0.00391886 
-0.00391886 
0.00395394 
-0.00395394 
-0.0115045 
-0.0187616 
-0.0251149 
-0.0304261 
-0.0343284 
-0.0367471 
-0.0376848 
-0.0373965 
-0.0361873 
-0.0344126 
-0.032393 
-0.0303572 
-0.0284306 
-0.026654 
-0.0250198 
-0.0235016 
-0.022073 
-0.0207214 
-0.0194568 
-0.0183172 
-0.0173583 
-0.0166279 
-0.0161285 
-0.0157986 
-0.015521 
-0.0151656 
-0.0146298 
-0.0138428 
-0.0127627 
-0.0113391 
-0.00947371 
-0.00711701 
-0.00441288 
-0.00141372 
0.000938763 
0.00269956 
0.00432792 
0.0057621 
0.00711375 
0.00844613 
0.00982265 
0.0112803 
0.012842 
0.0145178 
0.016314 
0.018235 
0.0202869 
0.0224754 
0.0248018 
0.0272526 
0.0297868 
0.0323187 
0.0347044 
0.0367283 
0.0381116 
0.0385196 
0.037662 
0.0352758 
0.0313569 
0.0259908 
0.0194843 
0.0120485 
0.00416859 
-0.00416859 
0.00375937 
-0.00375937 
-0.0110532 
-0.0181312 
-0.0243668 
-0.0296214 
-0.0334794 
-0.0358178 
-0.036595 
-0.0360689 
-0.0345869 
-0.0325246 
-0.0302384 
-0.0279807 
-0.0258883 
-0.0239993 
-0.0222949 
-0.0207325 
-0.0192647 
-0.0178493 
-0.0164541 
-0.0150636 
-0.0136855 
-0.0123611 
-0.0111585 
-0.0101546 
-0.00939432 
-0.00887774 
-0.00854837 
-0.00829983 
-0.00802186 
-0.0076925 
-0.0070854 
-0.00619638 
-0.00494642 
-0.00334217 
-0.00111249 
0.00181575 
0.0044805 
0.00672048 
0.00846323 
0.0100012 
0.0115003 
0.0130565 
0.0147193 
0.0165121 
0.0184443 
0.0205162 
0.0227237 
0.025058 
0.0275025 
0.0300251 
0.032567 
0.035029 
0.0372609 
0.0390534 
0.0401479 
0.0402503 
0.0391015 
0.0365044 
0.0324232 
0.0269122 
0.0202267 
0.0125476 
0.00435205 
-0.00435205 
0.00348746 
-0.00348746 
-0.0103694 
-0.017119 
-0.0231003 
-0.0281936 
-0.0319467 
-0.0341915 
-0.0348304 
-0.034111 
-0.0324295 
-0.0301675 
-0.0277079 
-0.0253196 
-0.0231472 
-0.0212268 
-0.0195312 
-0.0180087 
-0.0166038 
-0.0152682 
-0.0139632 
-0.0126627 
-0.0113511 
-0.0100281 
-0.00870539 
-0.00742517 
-0.0062469 
-0.00525815 
-0.0044982 
-0.0040155 
-0.00368771 
-0.00358601 
-0.00342669 
-0.00319465 
-0.0026741 
-0.00198075 
-0.000385057 
0.0019991 
0.00464248 
0.00707595 
0.00917387 
0.0110846 
0.0128992 
0.0147078 
0.016573 
0.0185365 
0.0206221 
0.0228368 
0.0251747 
0.0276184 
0.0301378 
0.0326846 
0.0351849 
0.0375296 
0.0395668 
0.0410982 
0.0418884 
0.0416826 
0.0402512 
0.0374392 
0.0332016 
0.0275701 
0.0207577 
0.0129104 
0.00448898 
-0.00448898 
0.00312969 
-0.00312969 
-0.00942165 
-0.0156644 
-0.0212193 
-0.026006 
-0.0295557 
-0.0316726 
-0.0321956 
-0.0313422 
-0.0295574 
-0.0272123 
-0.0247007 
-0.0222976 
-0.0201487 
-0.018287 
-0.016678 
-0.0152641 
-0.0139844 
-0.0127875 
-0.0116323 
-0.0104922 
-0.00935178 
-0.00821266 
-0.00708102 
-0.00597817 
-0.00491 
-0.00390751 
-0.00297608 
-0.00220549 
-0.00157951 
-0.00113194 
-0.000841161 
-0.000662253 
-0.000323107 
0.000142563 
0.000940612 
0.00190043 
0.00312126 
0.00496276 
0.00745929 
0.01012 
0.0127785 
0.0153333 
0.0178003 
0.0202259 
0.0226581 
0.0251297 
0.027654 
0.0302234 
0.0328081 
0.0353548 
0.0377826 
0.0399786 
0.0417942 
0.0430453 
0.0435214 
0.0430019 
0.0412896 
0.0382467 
0.0338417 
0.0280913 
0.0211729 
0.0131952 
0.00459815 
-0.00459815 
0.0026829 
-0.0026829 
-0.00819467 
-0.0137335 
-0.0186633 
-0.0229617 
-0.0261654 
-0.0280869 
-0.0285141 
-0.0276072 
-0.025839 
-0.0235559 
-0.0211401 
-0.0188602 
-0.0168543 
-0.0151508 
-0.0137099 
-0.0124711 
-0.0113714 
-0.0103596 
-0.00939418 
-0.00844933 
-0.0075071 
-0.00656627 
-0.00562671 
-0.00470984 
-0.00382343 
-0.00300238 
-0.00223161 
-0.00153185 
-0.000898578 
-0.000292911 
0.000205912 
0.000574872 
0.000986026 
0.0014226 
0.00214104 
0.00302183 
0.00412338 
0.00580168 
0.00796558 
0.0104767 
0.0131906 
0.0159981 
0.0188423 
0.0216928 
0.0245388 
0.0273721 
0.0301826 
0.0329512 
0.0356439 
0.0382057 
0.040557 
0.0425894 
0.0441648 
0.0451177 
0.045264 
0.0444153 
0.0424054 
0.0391132 
0.0345028 
0.0286015 
0.0215613 
0.0134537 
0.00469553 
-0.00469553 
0.00215074 
-0.00215074 
-0.00669502 
-0.0113306 
-0.0154273 
-0.0190359 
-0.0217129 
-0.0233272 
-0.0236653 
-0.0228112 
-0.0211976 
-0.0191428 
-0.016989 
-0.0149851 
-0.0132515 
-0.011811 
-0.0106211 
-0.00962195 
-0.00875224 
-0.00796331 
-0.00721594 
-0.00648656 
-0.00575787 
-0.00502916 
-0.00429784 
-0.00358023 
-0.00287587 
-0.00220702 
-0.00156471 
-0.000968439 
-0.000416801 
0.000125034 
0.000632152 
0.00110233 
0.00160008 
0.00216466 
0.00288138 
0.00377002 
0.00491005 
0.0063739 
0.00815524 
0.0102607 
0.0126867 
0.0154124 
0.0183931 
0.0215567 
0.0248387 
0.0281746 
0.031498 
0.0347368 
0.0378133 
0.040642 
0.043127 
0.0451579 
0.0466087 
0.0473383 
0.0471964 
0.0460333 
0.0437191 
0.040158 
0.0353211 
0.02922 
0.0220001 
0.0137257 
0.00479168 
-0.00479168 
0.0015438 
-0.0015438 
-0.0049533 
-0.0085052 
-0.0115748 
-0.0143033 
-0.0162634 
-0.0174239 
-0.0176433 
-0.0169554 
-0.0156404 
-0.0139864 
-0.0122658 
-0.0106928 
-0.00936069 
-0.00828583 
-0.00742595 
-0.00672613 
-0.00613082 
-0.00559717 
-0.00509073 
-0.00459175 
-0.00408483 
-0.00356981 
-0.00304299 
-0.00251834 
-0.00199522 
-0.0014923 
-0.00100264 
-0.00053239 
-7.77169e-05 
0.000379125 
0.000831526 
0.00127491 
0.0017667 
0.00231505 
0.00300226 
0.00384759 
0.00489088 
0.00624174 
0.00791125 
0.00989455 
0.0121783 
0.0147495 
0.0175944 
0.0206943 
0.0240191 
0.0275264 
0.0311431 
0.0347677 
0.0382785 
0.0415356 
0.0443905 
0.0466907 
0.0482855 
0.0490302 
0.0487909 
0.0474495 
0.0449146 
0.0411252 
0.0360778 
0.0297908 
0.0224049 
0.0139821 
0.00487595 
-0.00487595 
0.000877281 
-0.000877281 
-0.00301975 
-0.00534896 
-0.00723086 
-0.00892604 
-0.00999095 
-0.0105534 
-0.0106095 
-0.0101826 
-0.00929178 
-0.00818869 
-0.00705547 
-0.00605232 
-0.00523828 
-0.00462002 
-0.00415908 
-0.00380913 
-0.00352442 
-0.00327078 
-0.00302119 
-0.00276125 
-0.00247959 
-0.00217767 
-0.001853 
-0.00151697 
-0.0011687 
-0.000821169 
-0.000470232 
-0.000121319 
0.000229039 
0.000592333 
0.000973505 
0.00137794 
0.00183797 
0.00237331 
0.00303031 
0.00383944 
0.00484416 
0.00609485 
0.00761369 
0.00942247 
0.0115311 
0.0139437 
0.0166535 
0.0196478 
0.0229043 
0.0263848 
0.0300325 
0.0337649 
0.0374651 
0.0409792 
0.0441308 
0.0467293 
0.0485845 
0.0495195 
0.049382 
0.0480545 
0.0454621 
0.0415703 
0.0364031 
0.0300014 
0.0225245 
0.0140281 
0.00490035 
-0.00490035 
0.000166206 
-0.000166206 
-0.000955072 
-0.00199075 
-0.00257229 
-0.00312506 
-0.00317927 
-0.00311126 
-0.00297818 
-0.00280042 
-0.00239887 
-0.00193787 
-0.00150191 
-0.00117405 
-0.000970123 
-0.000880975 
-0.000872939 
-0.000910908 
-0.00096245 
-0.0010049 
-0.00102114 
-0.00100351 
-0.000946214 
-0.000853 
-0.000724016 
-0.000569573 
-0.000390618 
-0.000197609 
1.15126e-05 
0.000233799 
0.000473253 
0.000735895 
0.00102986 
0.00135927 
0.00175241 
0.00222319 
0.00281225 
0.00354849 
0.00446555 
0.00561528 
0.00702258 
0.00871068 
0.0106932 
0.0129814 
0.0155807 
0.0184898 
0.0216945 
0.0251623 
0.0288358 
0.0326274 
0.0364129 
0.0400387 
0.0433061 
0.0460245 
0.0479997 
0.0490467 
0.0490023 
0.0477393 
0.0451803 
0.041297 
0.0361271 
0.0297289 
0.0222769 
0.0138438 
0.00482139 
-0.00482139 
-0.000566676 
0.000566676 
0.00116669 
0.00144192 
0.0021849 
0.00283086 
0.00371302 
0.00433149 
0.00469091 
0.00475912 
0.00471927 
0.0045334 
0.00422282 
0.00380951 
0.00333872 
0.00284716 
0.00236619 
0.00191755 
0.0015169 
0.00117263 
0.00088988 
0.00066813 
0.000506459 
0.000398034 
0.000339177 
0.000319941 
0.000337386 
0.000382865 
0.000456522 
0.000555272 
0.00068229 
0.00084147 
0.00104129 
0.00128824 
0.00160275 
0.0020007 
0.00251286 
0.00316611 
0.00399182 
0.00502693 
0.00629821 
0.00783409 
0.0096568 
0.0117875 
0.0142419 
0.0170296 
0.0201474 
0.0235717 
0.0272491 
0.0310879 
0.0349542 
0.0386733 
0.0420478 
0.0448435 
0.046868 
0.0479409 
0.0479104 
0.0466633 
0.0441346 
0.0403045 
0.0352166 
0.0289367 
0.0216448 
0.0134261 
0.00466049 
-0.00466049 
-0.00129847 
0.00129847 
0.00327926 
0.00484867 
0.00683775 
0.00862554 
0.0102939 
0.0114225 
0.0120594 
0.0121174 
0.0117269 
0.0109316 
0.009874 
0.00869975 
0.00753319 
0.0064464 
0.00547026 
0.00461122 
0.00386606 
0.00322715 
0.00268674 
0.00223538 
0.00186512 
0.00156541 
0.00132886 
0.00114482 
0.00100813 
0.000910522 
0.000850467 
0.00082465 
0.000835313 
0.000884253 
0.000979311 
0.00112608 
0.00134245 
0.00164205 
0.00205224 
0.00259651 
0.00330205 
0.00420255 
0.00532401 
0.00669633 
0.0083461 
0.0103019 
0.0125899 
0.0152318 
0.0182366 
0.0215909 
0.025247 
0.0291127 
0.0330456 
0.0368569 
0.0403246 
0.0432086 
0.045264 
0.0463209 
0.0462437 
0.0449509 
0.0424137 
0.0386394 
0.0336849 
0.0276192 
0.0206169 
0.0127646 
0.00441736 
-0.00441736 
-0.00201384 
0.00201384 
0.00534631 
0.00816719 
0.0112717 
0.014067 
0.016433 
0.018062 
0.0189844 
0.0190376 
0.0183119 
0.0169257 
0.0151466 
0.0132448 
0.0114212 
0.00977741 
0.00834062 
0.00710071 
0.0060361 
0.00512406 
0.00434483 
0.00368062 
0.00311698 
0.00263959 
0.00223766 
0.00189942 
0.0016177 
0.00138406 
0.00119539 
0.0010476 
0.00094151 
0.000877802 
0.000862896 
0.000902109 
0.00101021 
0.00119969 
0.00149358 
0.00191126 
0.00247683 
0.00321856 
0.00416268 
0.00534135 
0.00678616 
0.00853336 
0.0106188 
0.0130755 
0.0159245 
0.0191635 
0.022752 
0.0265996 
0.0305592 
0.0344318 
0.0379736 
0.0409371 
0.0430218 
0.0440561 
0.0439154 
0.0425524 
0.039991 
0.0362846 
0.0315162 
0.0257598 
0.0191782 
0.0118485 
0.00408859 
-0.00408859 
-0.0027032 
0.0027032 
0.00735082 
0.0113724 
0.0154577 
0.0191092 
0.0221025 
0.0241875 
0.025337 
0.025315 
0.0242112 
0.0222354 
0.0197822 
0.0172314 
0.0148394 
0.0127206 
0.0108915 
0.00932489 
0.00798357 
0.00683235 
0.00584198 
0.00498784 
0.00425023 
0.00361163 
0.0030584 
0.00257752 
0.00216006 
0.00179702 
0.0014838 
0.00121552 
0.000991632 
0.000811634 
0.000680475 
0.000602255 
0.000590098 
0.000654207 
0.000813866 
0.00108487 
0.00148805 
0.00204916 
0.00279384 
0.00375534 
0.00496832 
0.00647507 
0.00831917 
0.0105433 
0.0131789 
0.016234 
0.0196764 
0.0234206 
0.0273219 
0.0311788 
0.0347457 
0.0377549 
0.0398919 
0.0409165 
0.0407226 
0.0393003 
0.0367395 
0.0331512 
0.0286513 
0.0233206 
0.0173052 
0.0106641 
0.00366976 
-0.00366976 
-0.00336132 
0.00336132 
0.00928198 
0.0144522 
0.019406 
0.0237712 
0.0272946 
0.0297296 
0.0309709 
0.0307347 
0.029172 
0.0266118 
0.0235678 
0.0204937 
0.0176657 
0.0151881 
0.0130597 
0.0112385 
0.00967588 
0.00832865 
0.00716133 
0.00614486 
0.00525601 
0.00447499 
0.00378619 
0.00317561 
0.00263296 
0.00214868 
0.00171681 
0.00133172 
0.000991424 
0.00069438 
0.000443932 
0.000243188 
0.00010342 
3.22651e-05 
4.43314e-05 
0.00015244 
0.000374422 
0.000733231 
0.00125382 
0.00196938 
0.00291714 
0.00414329 
0.0056959 
0.00762409 
0.00996714 
0.0127413 
0.0159224 
0.019433 
0.0231392 
0.0268494 
0.0303387 
0.0333307 
0.0355391 
0.036586 
0.0363733 
0.0349398 
0.0324578 
0.0290968 
0.0250006 
0.02025 
0.0149706 
0.00919864 
0.00315725 
-0.00315725 
-0.00397788 
0.00397788 
0.0111121 
0.017368 
0.0230969 
0.0280392 
0.0319458 
0.0345477 
0.0356722 
0.035046 
0.0329523 
0.0298568 
0.0263596 
0.0229343 
0.019834 
0.0171334 
0.0148116 
0.0128166 
0.0110946 
0.0095994 
0.00829299 
0.00714448 
0.00612898 
0.00522571 
0.00441796 
0.00369123 
0.00303429 
0.00243712 
0.00189267 
0.00139468 
0.000939787 
0.000525329 
0.00015338 
-0.000173611 
-0.000446832 
-0.000662445 
-0.000810116 
-0.000879083 
-0.000854703 
-0.000716808 
-0.000441988 
1.43743e-06 
0.000651741 
0.00155364 
0.00275671 
0.00431317 
0.00626691 
0.00863795 
0.0114091 
0.014515 
0.0178392 
0.021214 
0.0244594 
0.0273172 
0.0295907 
0.0306763 
0.0304976 
0.0291566 
0.0269107 
0.0239671 
0.0204759 
0.0165056 
0.0121585 
0.00744838 
0.00255108 
-0.00255108 
-0.00453138 
0.00453138 
0.0127776 
0.0200193 
0.0264157 
0.0317766 
0.0358599 
0.0383777 
0.0391424 
0.0379791 
0.0353556 
0.0318575 
0.0281077 
0.0245368 
0.0213397 
0.0185539 
0.0161441 
0.0140558 
0.0122366 
0.010642 
0.00923497 
0.00798531 
0.00686833 
0.00586345 
0.00495384 
0.00412501 
0.00336531 
0.00266447 
0.00201469 
0.00140914 
0.000843169 
0.000313058 
-0.000179615 
-0.000633596 
-0.00104534 
-0.00141297 
-0.0017295 
-0.00198659 
-0.00217264 
-0.00227096 
-0.00226094 
-0.00211418 
-0.00179686 
-0.00126668 
-0.000475694 
0.000627594 
0.0020853 
0.00391684 
0.00611257 
0.00861933 
0.0113404 
0.0141465 
0.0169159 
0.0194389 
0.02168 
0.0228213 
0.0227484 
0.0216777 
0.0199247 
0.017673 
0.0150468 
0.0120905 
0.00888609 
0.00543031 
0.00185879 
-0.00185879 
-0.00498957 
0.00498957 
0.0141735 
0.0222283 
0.0291247 
0.0346922 
0.0386923 
0.0408526 
0.0410566 
0.0393238 
0.0363028 
0.0326308 
0.0288731 
0.0253659 
0.0222342 
0.0194857 
0.0170812 
0.0149721 
0.0131129 
0.0114641 
0.00999294 
0.00867171 
0.00747754 
0.00639113 
0.00539636 
0.0044793 
0.00362834 
0.0028332 
0.0020857 
0.00137844 
0.000705654 
6.30065e-05 
-0.00054822 
-0.00113062 
-0.0016842 
-0.00220814 
-0.00269884 
-0.00315109 
-0.00355694 
-0.00390416 
-0.00417665 
-0.00435166 
-0.0044003 
-0.00428539 
-0.00396383 
-0.0033917 
-0.00253311 
-0.00136861 
9.14476e-05 
0.00180511 
0.00370027 
0.00569618 
0.00770743 
0.00963441 
0.011396 
0.0125833 
0.0128577 
0.0124069 
0.0115079 
0.010274 
0.00879193 
0.0070833 
0.00522025 
0.00319097 
0.0010982 
-0.0010982 
-0.00530994 
0.00530994 
0.0151605 
0.0237564 
0.0308951 
0.0363961 
0.0400363 
0.041626 
0.0412018 
0.0390601 
0.0359067 
0.0323462 
0.0288184 
0.0255494 
0.022609 
0.0199924 
0.0176675 
0.0155971 
0.0137459 
0.0120824 
0.0105794 
0.00921329 
0.00796424 
0.00681505 
0.00575098 
0.00475912 
0.00382832 
0.00294854 
0.00211149 
0.00130926 
0.000535027 
-0.000214889 
-0.000941988 
-0.00165222 
-0.00234674 
-0.00302732 
-0.00369366 
-0.00434406 
-0.00497481 
-0.005579 
-0.00614662 
-0.0066624 
-0.00710557 
-0.0074481 
-0.00765575 
-0.00769158 
-0.00752377 
-0.00713474 
-0.00653248 
-0.00574775 
-0.00482323 
-0.00380473 
-0.00275289 
-0.00169187 
-0.000786948 
0.000231109 
0.00121001 
0.00175206 
0.00203946 
0.00207919 
0.00195479 
0.00166988 
0.00129782 
0.000821448 
0.000304369 
-0.000304369 
-0.00544491 
0.00544491 
0.0155861 
0.0243502 
0.0313936 
0.036532 
0.0396017 
0.0405717 
0.0396818 
0.0374416 
0.0344798 
0.0312879 
0.0281629 
0.0252445 
0.022575 
0.020153 
0.0179599 
0.0159724 
0.0141667 
0.0125201 
0.011012 
0.00962383 
0.00833936 
0.00714408 
0.00602515 
0.00497098 
0.00397123 
0.0030163 
0.00209811 
0.00120799 
0.000339055 
-0.000512476 
-0.00135166 
-0.00218568 
-0.00301763 
-0.00385195 
-0.00469138 
-0.00553808 
-0.00639294 
-0.00725501 
-0.00812142 
-0.00898589 
-0.00983814 
-0.0106621 
-0.011436 
-0.0121335 
-0.012728 
-0.0131987 
-0.0135371 
-0.0137477 
-0.013844 
-0.0138418 
-0.0137579 
-0.0135793 
-0.0133101 
-0.0124555 
-0.010994 
-0.0094098 
-0.00787081 
-0.00646051 
-0.00513582 
-0.00390653 
-0.00271238 
-0.00157312 
-0.000486287 
0.000486287 
-0.00534828 
0.00534828 
0.0153161 
0.0238124 
0.0304076 
0.0349588 
0.0374201 
0.0379489 
0.03694 
0.0349383 
0.0324349 
0.0297672 
0.0271265 
0.0246066 
0.0222447 
0.0200505 
0.0180205 
0.0161449 
0.0144109 
0.0128046 
0.011312 
0.00992011 
0.00861634 
0.00738929 
0.00622821 
0.00512314 
0.00406468 
0.00304396 
0.00205311 
0.0010828 
0.000127082 
-0.000819775 
-0.00176503 
-0.00271643 
-0.00367968 
-0.00466136 
-0.00566747 
-0.00670388 
-0.00777622 
-0.00888957 
-0.0100485 
-0.0112563 
-0.012514 
-0.0138189 
-0.0151631 
-0.0165315 
-0.0179022 
-0.0192471 
-0.0205352 
-0.0217344 
-0.022813 
-0.0237384 
-0.0244667 
-0.0249072 
-0.0249306 
-0.0241148 
-0.0224175 
-0.0201058 
-0.0175133 
-0.0148323 
-0.0121078 
-0.00938108 
-0.00663366 
-0.00389927 
-0.00124781 
0.00124781 
-0.0049896 
0.0049896 
0.0142923 
0.0221138 
0.02801 
0.0319306 
0.0339583 
0.0343746 
0.0335977 
0.0320731 
0.0301495 
0.0280456 
0.0258934 
0.0237713 
0.0217211 
0.0197646 
0.0179112 
0.0161627 
0.014516 
0.0129652 
0.0115028 
0.0101206 
0.00881011 
0.00756292 
0.00637049 
0.00522457 
0.00411681 
0.00303931 
0.00198403 
0.000941898 
-9.24546e-05 
-0.00112691 
-0.00217029 
-0.00323083 
-0.00431657 
-0.00543621 
-0.00659867 
-0.00781336 
-0.00909037 
-0.0104404 
-0.0118751 
-0.0134066 
-0.015047 
-0.0168066 
-0.018691 
-0.0206965 
-0.0228046 
-0.0249773 
-0.0271551 
-0.0292609 
-0.0312074 
-0.0329045 
-0.0342487 
-0.0350966 
-0.0352721 
-0.0344277 
-0.0325387 
-0.0297425 
-0.0263451 
-0.0225923 
-0.0186141 
-0.0145003 
-0.0102946 
-0.00606612 
-0.00195492 
0.00195492 
-0.00439056 
0.00439056 
0.0126326 
0.0195294 
0.0246746 
0.0281083 
0.0299755 
0.0305658 
0.0302181 
0.0292474 
0.0278916 
0.0263101 
0.0246045 
0.0228496 
0.0210935 
0.019367 
0.0176895 
0.0160717 
0.0145187 
0.0130313 
0.0116077 
0.0102443 
0.00893623 
0.00767791 
0.00646297 
0.00528494 
0.00413637 
0.00301065 
0.00189915 
0.000794193 
-0.000310379 
-0.00142373 
-0.00255569 
-0.00371524 
-0.00491241 
-0.00615776 
-0.00746281 
-0.00884005 
-0.0103034 
-0.0118684 
-0.0135526 
-0.0153754 
-0.0173582 
-0.0195224 
-0.0218853 
-0.0244537 
-0.0272129 
-0.0301156 
-0.0330752 
-0.035968 
-0.0386477 
-0.0409639 
-0.0427631 
-0.0438771 
-0.0441282 
-0.0432374 
-0.0411829 
-0.038039 
-0.034039 
-0.0294269 
-0.0243858 
-0.0190572 
-0.0135531 
-0.00799556 
-0.00258477 
0.00258477 
-0.00366086 
0.00366086 
0.0106793 
0.0166254 
0.021132 
0.0242754 
0.0261766 
0.0270597 
0.02716 
0.0266916 
0.0258248 
0.0246848 
0.0233631 
0.0219295 
0.020436 
0.0189197 
0.0174065 
0.0159139 
0.0144532 
0.0130309 
0.0116496 
0.0103099 
0.00901001 
0.00774702 
0.00651653 
0.00531366 
0.00413196 
0.0029659 
0.00180651 
0.000647742 
-0.000518166 
-0.00170074 
-0.00291046 
-0.00415735 
-0.00545289 
-0.0068093 
-0.00824021 
-0.00976064 
-0.0113875 
-0.01314 
-0.0150399 
-0.017112 
-0.019384 
-0.0218851 
-0.0246416 
-0.0276689 
-0.0309573 
-0.0344554 
-0.0380571 
-0.0416002 
-0.0448841 
-0.0476993 
-0.0498469 
-0.0511461 
-0.0514346 
-0.0504954 
-0.0483015 
-0.0448926 
-0.0404393 
-0.0351595 
-0.0292586 
-0.0229221 
-0.0163233 
-0.00964294 
-0.0031255 
0.0031255 
-0.00296045 
0.00296045 
0.00884801 
0.0139779 
0.0179992 
0.0209765 
0.0229671 
0.0241196 
0.0245864 
0.0245162 
0.0240366 
0.0232509 
0.0222431 
0.0210776 
0.0198077 
0.0184736 
0.0171056 
0.0157258 
0.01435 
0.0129889 
0.0116492 
0.0103345 
0.0090458 
0.00778235 
0.00654154 
0.00531985 
0.00411187 
0.00291265 
0.00171384 
0.000510049 
-0.000707665 
-0.00194896 
-0.00322476 
-0.00454602 
-0.00592532 
-0.00737626 
-0.00891406 
-0.0105556 
-0.01232 
-0.0142286 
-0.016306 
-0.0185797 
-0.0210806 
-0.0238417 
-0.0268943 
-0.0302595 
-0.0339337 
-0.0378681 
-0.0419503 
-0.0459969 
-0.0497676 
-0.0529998 
-0.0554468 
-0.0569067 
-0.0572288 
-0.0562503 
-0.0539428 
-0.050329 
-0.0455359 
-0.0397534 
-0.0331914 
-0.0260653 
-0.0185955 
-0.0110111 
-0.00358155 
0.00358155 
-0.00240275 
0.00240275 
0.00739804 
0.0118977 
0.0155555 
0.018413 
0.0204682 
0.021813 
0.0225428 
0.0227638 
0.0225738 
0.0220594 
0.0212959 
0.0203434 
0.0192542 
0.0180696 
0.0168224 
0.0155378 
0.0142348 
0.0129273 
0.0116248 
0.0103334 
0.00905639 
0.00779472 
0.00654732 
0.00531167 
0.00408348 
0.00285789 
0.00162786 
0.000387753 
-0.000871879 
-0.00216082 
-0.00349027 
-0.00487194 
-0.00631924 
-0.00784679 
-0.00947097 
-0.0112099 
-0.0130839 
-0.0151157 
-0.0173306 
-0.0197569 
-0.0224259 
-0.0253704 
-0.0286218 
-0.0322031 
-0.0361153 
-0.0403174 
-0.0447046 
-0.0490941 
-0.0532312 
-0.0568185 
-0.0595619 
-0.0612183 
-0.0616213 
-0.0606413 
-0.0582589 
-0.054498 
-0.0494617 
-0.0433201 
-0.0362805 
-0.0285739 
-0.0204477 
-0.012158 
-0.00397691 
0.00397691 
-0.00201511 
0.00201511 
0.0063812 
0.0104284 
