0 
-0.00156799 
-0.00212472 
-0.000938327 
0.00132287 
0.00400045 
0.00695912 
0.0100001 
0.0130641 
0.0161011 
0.019102 
0.0220698 
0.0250184 
0.0279652 
0.0309277 
0.0339214 
0.0369579 
0.0400446 
0.0431836 
0.0463718 
0.0496009 
0.0528574 
0.0561229 
0.0593747 
0.0625858 
0.0657259 
0.068762 
0.0716592 
0.0743813 
0.0768919 
0.0791549 
0.0811355 
0.0828009 
0.0841211 
0.085069 
0.0856215 
0.0857624 
0.0854775 
0.084756 
0.0835913 
0.0819807 
0.0799258 
0.0774325 
0.0745121 
0.0711823 
0.067468 
0.0634036 
0.0590341 
0.0544162 
0.0496192 
0.0447246 
0.039825 
0.0350222 
0.0304212 
0.0261167 
0.0221675 
0.0185774 
0.0153141 
0.0123546 
0.0097015 
0.00736217 
0.00532721 
0.00356687 
0.00203403 
0.000654534 
0 
0.00156799 
-0.00156799 
-0.00212472 
-0.000938327 
0.00132287 
0.00400045 
0.00695912 
0.0100001 
0.0130641 
0.0161011 
0.019102 
0.0220698 
0.0250184 
0.0279652 
0.0309277 
0.0339214 
0.0369579 
0.0400446 
0.0431836 
0.0463718 
0.0496009 
0.0528574 
0.0561229 
0.0593747 
0.0625858 
0.0657259 
0.068762 
0.0716592 
0.0743813 
0.0768919 
0.0791549 
0.0811355 
0.0828009 
0.0841211 
0.085069 
0.0856215 
0.0857624 
0.0854775 
0.084756 
0.0835913 
0.0819807 
0.0799258 
0.0774325 
0.0745121 
0.0711823 
0.067468 
0.0634036 
0.0590341 
0.0544162 
0.0496192 
0.0447246 
0.039825 
0.0350222 
0.0304212 
0.0261167 
0.0221675 
0.0185774 
0.0153141 
0.0123546 
0.0097015 
0.00736217 
0.00532721 
0.00356687 
0.00203403 
0.000654534 
-0.000654534 
0.000326821 
-0.000326821 
0.000931195 
0.00230973 
0.00435032 
0.00673201 
0.00935007 
0.0120481 
0.0147689 
0.0174716 
0.020149 
0.0228071 
0.0254612 
0.0281296 
0.0308306 
0.0335801 
0.0363903 
0.0392685 
0.0422171 
0.0452331 
0.0483079 
0.0514278 
0.054574 
0.0577231 
0.0608472 
0.0639155 
0.066894 
0.069747 
0.0724375 
0.0749284 
0.0771833 
0.079167 
0.0808467 
0.0821922 
0.083178 
0.083777 
0.0839698 
0.0837428 
0.0830845 
0.0819883 
0.0804513 
0.0784748 
0.0760644 
0.0732307 
0.06999 
0.066366 
0.0623915 
0.0581098 
0.0535763 
0.0488595 
0.0440404 
0.0392111 
0.0344718 
0.0299239 
0.0256564 
0.0217254 
0.018142 
0.0148898 
0.0119579 
0.00934707 
0.00705621 
0.00507176 
0.00336831 
0.00190471 
0.000608297 
-0.000608297 
-0.000756864 
0.000756864 
0.00219178 
0.00385443 
0.00581588 
0.00799066 
0.0102899 
0.0126253 
0.0149596 
0.0172746 
0.0195747 
0.0218747 
0.0241948 
0.0265561 
0.028978 
0.0314764 
0.0340626 
0.0367428 
0.0395178 
0.0423828 
0.0453278 
0.048337 
0.0513899 
0.0544614 
0.0575219 
0.0605389 
0.0634769 
0.0662987 
0.0689662 
0.0714412 
0.0736864 
0.075666 
0.077347 
0.0786996 
0.0796988 
0.0803229 
0.080554 
0.0803799 
0.0797908 
0.0787813 
0.0773495 
0.0754969 
0.0732283 
0.0705524 
0.0674826 
0.0640386 
0.0602482 
0.0561497 
0.0517935 
0.047244 
0.0425789 
0.0378886 
0.0332713 
0.0288257 
0.0246372 
0.0207592 
0.0172087 
0.0139847 
0.0110918 
0.00853733 
0.00632229 
0.00443806 
0.00286746 
0.00157649 
0.000491032 
-0.000491032 
-0.000706113 
0.000706113 
0.00239656 
0.00428046 
0.00625363 
0.00827129 
0.0102886 
0.0122788 
0.0142386 
0.0161779 
0.0181176 
0.0200827 
0.0220984 
0.0241875 
0.0263687 
0.0286558 
0.0310574 
0.0335766 
0.0362115 
0.038955 
0.0417946 
0.0447129 
0.0476878 
0.0506924 
0.0536962 
0.0566654 
0.0595634 
0.0623522 
0.0649926 
0.0674459 
0.0696738 
0.07164 
0.0733109 
0.0746564 
0.0756514 
0.0762751 
0.0765116 
0.0763516 
0.0757884 
0.07482 
0.0734484 
0.0716782 
0.0695169 
0.0669742 
0.0640628 
0.0607996 
0.0572075 
0.0533186 
0.0491761 
0.0448375 
0.0403749 
0.035874 
0.0314297 
0.0271374 
0.0230772 
0.0192989 
0.0158229 
0.0126631 
0.00984078 
0.00737094 
0.00525997 
0.0035077 
0.00211689 
0.0010699 
0.000304506 
-0.000304506 
-0.000717457 
0.000717457 
0.00250538 
0.00440434 
0.00624282 
0.00802602 
0.00973131 
0.0113779 
0.0129854 
0.0145854 
0.0162093 
0.0178884 
0.0196489 
0.0215121 
0.023493 
0.0256016 
0.0278426 
0.0302162 
0.0327179 
0.0353391 
0.0380662 
0.0408812 
0.0437616 
0.0466803 
0.0496066 
0.0525063 
0.0553428 
0.0580776 
0.0606716 
0.0630854 
0.0652803 
0.0672197 
0.0688693 
0.0701983 
0.0711814 
0.0717974 
0.0720299 
0.0718719 
0.0713187 
0.0703717 
0.0690365 
0.0673219 
0.065239 
0.0628005 
0.0600205 
0.0569158 
0.0535068 
0.0498208 
0.045895 
0.0417796 
0.0375402 
0.0332566 
0.0290187 
0.0249162 
0.0210215 
0.0173768 
0.0140049 
0.0109335 
0.00819794 
0.00581936 
0.00381216 
0.0022078 
0.00104332 
0.000319092 
1.90559e-05 
-1.90559e-05 
-0.000643875 
0.000643875 
0.00236674 
0.00416824 
0.00581802 
0.0073537 
0.00876893 
0.0101145 
0.0114249 
0.0127457 
0.0141134 
0.0155607 
0.0171113 
0.0187826 
0.020585 
0.0225248 
0.0246038 
0.0268205 
0.0291701 
0.0316438 
0.034229 
0.0369085 
0.0396606 
0.0424592 
0.0452742 
0.048072 
0.0508165 
0.0534695 
0.0559921 
0.058345 
0.0604894 
0.062388 
0.0640062 
0.0653122 
0.0662798 
0.0668865 
0.0671145 
0.066958 
0.0664142 
0.0654868 
0.0641847 
0.0625198 
0.0605064 
0.0581603 
0.0554979 
0.0525367 
0.0492965 
0.045802 
0.0420862 
0.0381939 
0.0341849 
0.0301332 
0.0261228 
0.0222352 
0.0185313 
0.0150429 
0.0117943 
0.00882591 
0.00618101 
0.00388369 
0.00197821 
0.000537196 
-0.000364295 
-0.000689268 
-0.000374875 
0.000374875 
-0.000586795 
0.000586795 
0.00217088 
0.00377872 
0.00518032 
0.0064516 
0.00759404 
0.00867715 
0.00973952 
0.0108319 
0.0119892 
0.0132411 
0.0146063 
0.0160973 
0.017721 
0.0194811 
0.0213785 
0.0234122 
0.0255783 
0.0278697 
0.0302758 
0.0327811 
0.035366 
0.0380058 
0.0406719 
0.0433318 
0.0459503 
0.0484903 
0.0509134 
0.0531807 
0.0552538 
0.057095 
0.0586689 
0.0599429 
0.0608902 
0.0614869 
0.0617146 
0.0615683 
0.0610457 
0.060152 
0.0588975 
0.0572959 
0.0553632 
0.0531169 
0.0505751 
0.0477565 
0.0446813 
0.0413732 
0.0378631 
0.0341927 
0.0304178 
0.0266077 
0.0228395 
0.0191838 
0.0156859 
0.0123649 
0.00924781 
0.00638404 
0.00381682 
0.00158379 
-0.000214572 
-0.00147953 
-0.00208865 
-0.00189558 
-0.000817488 
0.000817488 
-0.000494143 
0.000494143 
0.00187033 
0.00323916 
0.00438117 
0.00540378 
0.00630808 
0.00717255 
0.00803189 
0.00893612 
0.00991406 
0.0109905 
0.0121785 
0.013487 
0.0149206 
0.0164825 
0.0181743 
0.0199966 
0.0219475 
0.0240225 
0.0262134 
0.0285076 
0.0308876 
0.0333312 
0.0358114 
0.0382978 
0.0407567 
0.0431525 
0.0454481 
0.0476056 
0.049587 
0.0513545 
0.0528724 
0.0541069 
0.0550305 
0.0556171 
0.0558474 
0.0557175 
0.0552266 
0.0543812 
0.0531923 
0.051674 
0.0498423 
0.0477145 
0.045309 
0.0426444 
0.0397413 
0.0366235 
0.0333217 
0.0298764 
0.0263414 
0.0227821 
0.0192682 
0.0158556 
0.01257 
0.00941856 
0.00643279 
0.00366513 
0.00115565 
-0.00100121 
-0.00268545 
-0.00372818 
-0.00390808 
-0.00302435 
-0.00117123 
0.00117123 
-0.000401452 
0.000401452 
0.00153874 
0.00263977 
0.00352089 
0.00431004 
0.00500348 
0.00568056 
0.00636661 
0.00710668 
0.00792096 
0.00882874 
0.00983833 
0.0109564 
0.0121866 
0.0135327 
0.0149978 
0.0165843 
0.0182929 
0.0201219 
0.0220659 
0.0241153 
0.0262556 
0.0284674 
0.0307264 
0.0330046 
0.0352706 
0.0374908 
0.03963 
0.0416517 
0.0435187 
0.0451935 
0.0466401 
0.0478242 
0.0487175 
0.0492924 
0.0495298 
0.0494266 
0.0489831 
0.0482059 
0.047106 
0.0456962 
0.043991 
0.0420063 
0.039759 
0.037267 
0.0345508 
0.0316349 
0.0285506 
0.0253395 
0.0220546 
0.0187583 
0.0155104 
0.0123478 
0.00927454 
0.00628949 
0.00343109 
0.000745217 
-0.00168945 
-0.00375102 
-0.00524071 
-0.00587615 
-0.00541606 
-0.00379838 
-0.00140096 
0.00140096 
-0.000297948 
0.000297948 
0.0011757 
0.00200276 
0.00263848 
0.00321517 
0.00372341 
0.00423712 
0.00477023 
0.00536041 
0.00601878 
0.00675983 
0.00758807 
0.008509 
0.0095262 
0.0106442 
0.0118675 
0.0132004 
0.014646 
0.0162052 
0.0178758 
0.0196515 
0.0215215 
0.0234697 
0.0254753 
0.0275132 
0.029555 
0.0315696 
0.0335241 
0.0353842 
0.0371141 
0.0386767 
0.0400362 
0.0411583 
0.0420147 
0.0425754 
0.0428225 
0.0427547 
0.0423735 
0.0416855 
0.0406995 
0.0394253 
0.0378743 
0.0360593 
0.0339946 
0.031697 
0.0291866 
0.0264889 
0.0236373 
0.0206751 
0.017656 
0.0146378 
0.0116672 
0.00875766 
0.00589221 
0.00306923 
0.000332219 
-0.00225925 
-0.00459315 
-0.00646522 
-0.00756015 
-0.00758009 
-0.00640452 
-0.00425724 
-0.00153604 
0.00153604 
-0.000195852 
0.000195852 
0.00081112 
0.0013678 
0.00177618 
0.00215669 
0.00249794 
0.00286292 
0.00325493 
0.00370268 
0.00420908 
0.00478443 
0.00543034 
0.00615162 
0.00695166 
0.00783565 
0.00880903 
0.00987753 
0.0110462 
0.0123186 
0.0136957 
0.0151748 
0.016749 
0.0184064 
0.0201302 
0.0218992 
0.0236881 
0.025469 
0.0272117 
0.0288842 
0.0304529 
0.0318817 
0.033135 
0.0341795 
0.0349874 
0.0355297 
0.0357919 
0.0357738 
0.0354764 
0.0349029 
0.0340578 
0.0329465 
0.0315762 
0.0299558 
0.028097 
0.0260153 
0.0237308 
0.0212706 
0.0186708 
0.0159776 
0.0132442 
0.0105217 
0.00783828 
0.00518005 
0.00251589 
-0.000146967 
-0.0027573 
-0.0052339 
-0.00738095 
-0.00888409 
-0.00938709 
-0.00871716 
-0.00696029 
-0.00451567 
-0.00160456 
0.00160456 
-9.32324e-05 
9.32324e-05 
0.000450537 
0.000749512 
0.000950265 
0.00114903 
0.00133735 
0.00156317 
0.00182187 
0.00213219 
0.00249057 
0.0029033 
0.00336978 
0.00389392 
0.00447869 
0.00512934 
0.0058517 
0.00665235 
0.00753784 
0.00851393 
0.00958462 
0.0107511 
0.0120107 
0.0133562 
0.0147755 
0.0162518 
0.0177636 
0.0192863 
0.0207928 
0.0222539 
0.023639 
0.024914 
0.0260435 
0.0269953 
0.0277425 
0.0282623 
0.0285472 
0.0285961 
0.028405 
0.0279704 
0.0272902 
0.0263646 
0.025196 
0.0237902 
0.0221567 
0.0203099 
0.0182707 
0.0160687 
0.0137432 
0.0113429 
0.00891871 
0.00650967 
0.00411823 
0.00170554 
-0.000761855 
-0.00326429 
-0.00573939 
-0.0080373 
-0.00985459 
-0.0108167 
-0.0106484 
-0.00937186 
-0.00724331 
-0.00463304 
-0.0016293 
0.0016293 
6.77237e-06 
-6.77237e-06 
0.000104525 
0.000162592 
0.000172759 
0.000201346 
0.000246462 
0.000338961 
0.000469674 
0.000646806 
0.000862334 
0.00111825 
0.00141215 
0.00174652 
0.00212353 
0.00254781 
0.0030249 
0.00356158 
0.00416531 
0.00484365 
0.00560335 
0.00644928 
0.00738324 
0.00840306 
0.00950177 
0.0106675 
0.0118835 
0.0131283 
0.0143784 
0.0156078 
0.0167898 
0.0178943 
0.018887 
0.0197364 
0.0204154 
0.0209185 
0.0212416 
0.0213754 
0.021307 
0.0210259 
0.0205238 
0.019796 
0.0188414 
0.0176629 
0.0162683 
0.0146721 
0.0128969 
0.0109752 
0.00894925 
0.00686901 
0.00477698 
0.00269477 
0.000597161 
-0.00158004 
-0.00385539 
-0.00619718 
-0.00850034 
-0.0105151 
-0.0118614 
-0.0121962 
-0.0114055 
-0.00968166 
-0.00733901 
-0.00464381 
-0.00162196 
0.00162196 
0.000110509 
-0.000110509 
-0.000229129 
-0.000387511 
-0.000552618 
-0.000682886 
-0.000773909 
-0.000810926 
-0.000804407 
-0.000756268 
-0.000676982 
-0.000569425 
-0.00043757 
-0.000281156 
-9.92389e-05 
0.000111448 
0.000355479 
0.000639222 
0.000970497 
0.00135806 
0.00181093 
0.00233728 
0.00294329 
0.00363186 
0.00440168 
0.00524642 
0.00615404 
0.00710764 
0.00808779 
0.00907195 
0.0100379 
0.0109614 
0.011815 
0.0125694 
0.0131926 
0.013693 
0.014062 
0.0142837 
0.0143382 
0.0142098 
0.0138855 
0.0133567 
0.0126189 
0.011673 
0.0105264 
0.00919417 
0.00770136 
0.00608283 
0.0043829 
0.00265087 
0.000915632 
-0.000832495 
-0.00264916 
-0.00460106 
-0.00668913 
-0.00885456 
-0.0109182 
-0.0125408 
-0.0133326 
-0.0130584 
-0.011772 
-0.00975327 
-0.0072969 
-0.0045742 
-0.00158998 
0.00158998 
0.000217761 
-0.000217761 
-0.000547436 
-0.00089737 
-0.00122563 
-0.00150487 
-0.0017273 
-0.00189002 
-0.00200409 
-0.00207947 
-0.00212841 
-0.00215851 
-0.0021755 
-0.00218191 
-0.00217845 
-0.00216388 
-0.002135 
-0.00208643 
-0.0020107 
-0.0018985 
-0.00173919 
-0.00152182 
-0.00123633 
-0.000874967 
-0.000433688 
8.67928e-05 
0.000680751 
0.00133719 
0.0020414 
0.00277441 
0.0035182 
0.00425401 
0.00496532 
0.00563492 
0.00622712 
0.0067427 
0.00715835 
0.00746068 
0.00762709 
0.00764062 
0.00748483 
0.00714818 
0.00662397 
0.00591189 
0.00501979 
0.0039645 
0.00277425 
0.00148639 
0.000144815 
-0.00121142 
-0.00257787 
-0.00400174 
-0.00555706 
-0.00729216 
-0.00918767 
-0.0111387 
-0.0128842 
-0.0140402 
-0.0142746 
-0.0134882 
-0.0118533 
-0.00965901 
-0.00714563 
-0.00444234 
-0.00153756 
0.00153756 
0.00032119 
-0.00032119 
-0.000844466 
-0.00136895 
-0.00185061 
-0.00227104 
-0.0026205 
-0.00290423 
-0.00313389 
-0.00332541 
-0.00349291 
-0.00364807 
-0.00379873 
-0.00395038 
-0.00410585 
-0.00426618 
-0.00443003 
-0.00459371 
-0.00475067 
-0.00489177 
-0.0050054 
-0.00507838 
-0.00509717 
-0.00504941 
-0.00492565 
-0.00472083 
-0.00443415 
-0.00407012 
-0.00363819 
-0.00315236 
-0.00262678 
-0.00207587 
-0.00151116 
-0.000936496 
-0.000380229 
0.000151345 
0.000611626 
0.000990006 
0.00126002 
0.00140548 
0.00140834 
0.00125619 
0.000941888 
0.000465243 
-0.00016408 
-0.000925734 
-0.00178858 
-0.00271468 
-0.00366787 
-0.00463478 
-0.00564351 
-0.00676519 
-0.00807172 
-0.00958906 
-0.0112721 
-0.0129565 
-0.0143207 
-0.0149917 
-0.0147351 
-0.013569 
-0.0117184 
-0.00942711 
-0.0068981 
-0.00425583 
-0.00146645 
0.00146645 
0.000418044 
-0.000418044 
-0.00111883 
-0.00180441 
-0.00243038 
-0.00298493 
-0.00345688 
-0.00385679 
-0.00419648 
-0.0044961 
-0.00477142 
-0.00503768 
-0.00530505 
-0.00558192 
-0.0058736 
-0.00618379 
-0.00651354 
-0.0068614 
-0.00722258 
-0.00758889 
-0.00794864 
-0.00828724 
-0.00858823 
-0.00883485 
-0.00901186 
-0.00910743 
-0.00911433 
-0.00903089 
-0.00886046 
-0.00861106 
-0.00829242 
-0.00791463 
-0.00748883 
-0.0070164 
-0.00652244 
-0.00600527 
-0.00551913 
-0.00507933 
-0.00471585 
-0.0044466 
-0.00429064 
-0.00426014 
-0.00436107 
-0.00459132 
-0.0049387 
-0.00538102 
-0.00588802 
-0.00642843 
-0.00698415 
-0.0075709 
-0.00824299 
-0.00907975 
-0.0101399 
-0.0114284 
-0.0128658 
-0.0142326 
-0.0151864 
-0.0154092 
-0.0147692 
-0.0133563 
-0.011393 
-0.00906069 
-0.00655529 
-0.00401457 
-0.00137633 
0.00137633 
0.000507287 
-0.000507287 
-0.00137012 
-0.00220441 
-0.0029656 
-0.00364743 
-0.00423703 
-0.00474825 
-0.00519236 
-0.0055922 
-0.0059648 
-0.00632829 
-0.00669507 
-0.00707637 
-0.00748007 
-0.00791264 
-0.00837788 
-0.00887706 
-0.00940783 
-0.0099639 
-0.0105345 
-0.0111049 
-0.0116567 
-0.0121696 
-0.0126234 
-0.0129999 
-0.0132846 
-0.0134687 
-0.0135488 
-0.0135265 
-0.0134067 
-0.0131957 
-0.0129023 
-0.0125291 
-0.0121027 
-0.0116188 
-0.0111271 
-0.0106453 
-0.010204 
-0.00982194 
-0.00951852 
-0.00930506 
-0.00918607 
-0.00915729 
-0.00920521 
-0.0093085 
-0.00944318 
-0.00959184 
-0.00975974 
-0.00998777 
-0.0103447 
-0.0109057 
-0.0117135 
-0.0127513 
-0.0139032 
-0.0149165 
-0.0154691 
-0.0153202 
-0.0144173 
-0.0128715 
-0.0108615 
-0.00854193 
-0.00610524 
-0.00371136 
-0.00126488 
0.00126488 
0.000588503 
-0.000588503 
-0.00159792 
-0.00256833 
-0.00345496 
-0.00425667 
-0.00495859 
-0.00557629 
-0.00611961 
-0.00661268 
-0.00707309 
-0.00752107 
-0.00797098 
-0.00843656 
-0.00892818 
-0.00945508 
-0.0100239 
-0.010639 
-0.0113011 
-0.0120064 
-0.0127464 
-0.0135072 
-0.0142702 
-0.0150129 
-0.015711 
-0.0163405 
-0.0168802 
-0.0173137 
-0.0176302 
-0.0178249 
-0.0178975 
-0.0178507 
-0.017691 
-0.0174217 
-0.0170677 
-0.0166244 
-0.0161379 
-0.0156255 
-0.0151165 
-0.014629 
-0.0141812 
-0.0137831 
-0.0134378 
-0.01314 
-0.0128775 
-0.0126341 
-0.0123969 
-0.0121667 
-0.0119707 
-0.0118663 
-0.0119252 
-0.0122116 
-0.0127525 
-0.0135092 
-0.0143376 
-0.0149827 
-0.0151732 
-0.0147464 
-0.0136942 
-0.0121056 
-0.0100941 
-0.00783966 
-0.00552943 
-0.0033348 
-0.0011286 
0.0011286 
0.000661303 
-0.000661303 
-0.00180117 
-0.00289403 
-0.00389497 
-0.00480797 
-0.00561592 
-0.00633502 
-0.0069728 
-0.00755332 
-0.00809383 
-0.00861573 
-0.00913477 
-0.0096667 
-0.0102241 
-0.0108187 
-0.0114599 
-0.0121553 
-0.0129086 
-0.0137197 
-0.014583 
-0.0154869 
-0.0164141 
-0.0173416 
-0.0182428 
-0.0190895 
-0.0198542 
-0.0205131 
-0.021048 
-0.0214468 
-0.0217032 
-0.0218164 
-0.0217896 
-0.021626 
-0.0213484 
-0.020951 
-0.0204764 
-0.0199406 
-0.01937 
-0.0187814 
-0.018191 
-0.0176075 
-0.0170332 
-0.0164642 
-0.0158926 
-0.015311 
-0.0147206 
-0.0141397 
-0.0136116 
-0.0132001 
-0.0129717 
-0.0129779 
-0.0132305 
-0.0136716 
-0.0141461 
-0.0144259 
-0.0143061 
-0.0136909 
-0.0125842 
-0.0110216 
-0.00904152 
-0.00691626 
-0.00480476 
-0.00287179 
-0.000963537 
0.000963537 
0.000725159 
-0.000725159 
-0.00197808 
-0.00317802 
-0.00428014 
-0.00529394 
-0.00620005 
-0.00701466 
-0.00774224 
-0.00840556 
-0.00902051 
-0.00960855 
-0.010186 
-0.0107699 
-0.0113745 
-0.0120136 
-0.0126991 
-0.0134413 
-0.0142475 
-0.0151211 
-0.01606 
-0.0170564 
-0.0180955 
-0.019156 
-0.020211 
-0.0212297 
-0.0221804 
-0.0230327 
-0.023761 
-0.0243456 
-0.0247737 
-0.0250391 
-0.0251414 
-0.0250825 
-0.024882 
-0.0245326 
-0.0240734 
-0.0235184 
-0.0228906 
-0.0222048 
-0.0214755 
-0.0207105 
-0.0199132 
-0.019083 
-0.0182188 
-0.0173241 
-0.0164135 
-0.0155192 
-0.0146924 
-0.0139952 
-0.0134853 
-0.0132011 
-0.0131403 
-0.0132331 
-0.0133325 
-0.0132574 
-0.012873 
-0.0121365 
-0.0110469 
-0.00956948 
-0.00765053 
-0.00573682 
-0.00391114 
-0.00231135 
-0.000766587 
0.000766587 
0.000779366 
-0.000779366 
-0.00212633 
-0.00341584 
-0.00460351 
-0.005705 
-0.00669902 
-0.00760158 
-0.00841358 
-0.00915557 
-0.00984104 
-0.0104904 
-0.0111194 
-0.0117455 
-0.0123838 
-0.0130495 
-0.0137563 
-0.014517 
-0.0153418 
-0.0162377 
-0.0172067 
-0.0182451 
-0.0193419 
-0.0204793 
-0.0216322 
-0.02277 
-0.0238585 
-0.024863 
-0.0257512 
-0.026496 
-0.0270772 
-0.0274822 
-0.0277056 
-0.0277463 
-0.0276203 
-0.0273188 
-0.026877 
-0.0263059 
-0.0256257 
-0.0248493 
-0.0239897 
-0.0230551 
-0.0220514 
-0.0209831 
-0.0198569 
-0.0186867 
-0.0174978 
-0.0163302 
-0.0152361 
-0.0142716 
-0.0134838 
-0.0128983 
-0.0125009 
-0.0122191 
-0.0119301 
-0.0115076 
-0.0108823 
-0.010053 
-0.00901869 
-0.00768286 
-0.00588116 
-0.00428018 
-0.00283869 
-0.00164875 
-0.000536822 
0.000536822 
0.000823146 
-0.000823146 
-0.00224343 
-0.00360274 
-0.00485754 
-0.00603044 
-0.00709896 
-0.00807915 
-0.00896834 
-0.00978426 
-0.0105371 
-0.0112451 
-0.0119226 
-0.0125861 
-0.0132506 
-0.0139316 
-0.0146439 
-0.0154018 
-0.0162182 
-0.0171029 
-0.0180621 
-0.0190961 
-0.020199 
-0.021357 
-0.0225492 
-0.0237473 
-0.0249177 
-0.0260237 
-0.0270287 
-0.0278991 
-0.0286073 
-0.0291334 
-0.0294653 
-0.0295975 
-0.0295413 
-0.0292859 
-0.0288624 
-0.0282792 
-0.0275537 
-0.0266973 
-0.0257225 
-0.024639 
-0.023456 
-0.0221834 
-0.0208357 
-0.0194345 
-0.018012 
-0.0166104 
-0.0152788 
-0.0140648 
-0.0130042 
-0.0121109 
-0.0113619 
-0.0106911 
-0.0100081 
-0.00924007 
-0.00836977 
-0.00742615 
-0.00643231 
-0.00524992 
-0.0037179 
-0.00254869 
-0.00159455 
-0.000889515 
-0.000276831 
0.000276831 
0.000855818 
-0.000855818 
-0.00232731 
-0.00373467 
-0.00503557 
-0.00626031 
-0.00738613 
-0.00842994 
-0.00938584 
-0.0102687 
-0.0110851 
-0.0118501 
-0.0125755 
-0.0132759 
-0.0139649 
-0.0146573 
-0.0153676 
-0.0161107 
-0.0169008 
-0.0177504 
-0.0186687 
-0.0196604 
-0.0207241 
-0.0218515 
-0.0230264 
-0.0242253 
-0.0254175 
-0.0265674 
-0.027637 
-0.0285885 
-0.0293882 
-0.030009 
-0.0304312 
-0.0306432 
-0.0306502 
-0.0304387 
-0.0300355 
-0.0294462 
-0.0286859 
-0.0277651 
-0.0266966 
-0.025492 
-0.024164 
-0.0227277 
-0.0212034 
-0.0196179 
-0.0180059 
-0.0164087 
-0.0148694 
-0.0134261 
-0.0121039 
-0.0109058 
-0.0098047 
-0.00874703 
-0.00767669 
-0.00656365 
-0.00542857 
-0.00431409 
-0.00328207 
-0.00213764 
-0.00120937 
-0.000582915 
-0.000212944 
-5.50802e-05 
5.57688e-06 
-5.57688e-06 
0.000876989 
-0.000876989 
-0.00237698 
-0.00380961 
-0.0051338 
-0.00638802 
-0.00755028 
-0.00863939 
-0.00964718 
-0.0105862 
-0.0114593 
-0.0122783 
-0.0130516 
-0.0137912 
-0.0145079 
-0.0152143 
-0.0159235 
-0.0166494 
-0.0174064 
-0.018208 
-0.019066 
-0.0199886 
-0.0209789 
-0.0220338 
-0.0231428 
-0.0242878 
-0.0254432 
-0.0265773 
-0.0276536 
-0.0286337 
-0.0294803 
-0.0301605 
-0.0306476 
-0.0309228 
-0.0309837 
-0.0308134 
-0.0304329 
-0.0298452 
-0.0290634 
-0.0280976 
-0.0269613 
-0.0256677 
-0.024233 
-0.022676 
-0.0210208 
-0.0192968 
-0.0175385 
-0.0157836 
-0.0140683 
-0.0124215 
-0.010858 
-0.00937238 
-0.00793837 
-0.00651852 
-0.00508939 
-0.00365776 
-0.0022619 
-0.000940042 
0.000214088 
0.00122397 
0.00147748 
0.00149562 
0.00124532 
0.000816948 
0.00029714 
-0.00029714 
0.000886817 
-0.000886817 
-0.00239341 
-0.00382902 
-0.00515355 
-0.00641359 
-0.00758881 
-0.00870106 
-0.00974121 
-0.0107205 
-0.0116389 
-0.012505 
-0.0133241 
-0.0141045 
-0.0148538 
-0.0155814 
-0.0162971 
-0.0170125 
-0.01774 
-0.018493 
-0.0192841 
-0.0201243 
-0.0210204 
-0.0219743 
-0.0229809 
-0.0240282 
-0.0250966 
-0.0261597 
-0.0271856 
-0.0281383 
-0.0289804 
-0.029676 
-0.0301934 
-0.0305073 
-0.0306075 
-0.0304727 
-0.0301165 
-0.0295389 
-0.0287506 
-0.0277614 
-0.0265848 
-0.0252361 
-0.0237334 
-0.0220984 
-0.0203567 
-0.0185382 
-0.0166755 
-0.0148017 
-0.0129458 
-0.011128 
-0.00935462 
-0.00761543 
-0.00588911 
-0.00415842 
-0.00242824 
-0.000715815 
0.000923255 
0.00241425 
0.00361475 
0.00428122 
0.00407227 
0.0035229 
0.00268489 
0.00167545 
0.000582063 
-0.000582063 
0.000886019 
-0.000886019 
-0.00237997 
-0.00379903 
-0.00510336 
-0.00634688 
-0.00751138 
-0.00862267 
-0.00967201 
-0.0106708 
-0.0116172 
-0.0125179 
-0.013375 
-0.014194 
-0.0149787 
-0.0157346 
-0.0164674 
-0.0171846 
-0.0178952 
-0.0186098 
-0.0193403 
-0.0200983 
-0.0208938 
-0.0217326 
-0.0226153 
-0.0235356 
-0.0244802 
-0.0254288 
-0.0263553 
-0.0272286 
-0.0280145 
-0.0286778 
-0.0291849 
-0.029506 
-0.0296237 
-0.0295128 
-0.0291778 
-0.0286154 
-0.0278335 
-0.0268408 
-0.0256506 
-0.024279 
-0.0227453 
-0.0210722 
-0.0192858 
-0.0174147 
-0.0154887 
-0.0135356 
-0.0115778 
-0.00962804 
-0.00768666 
-0.0057424 
-0.00378375 
-0.00181023 
0.000167061 
0.00212185 
0.00394549 
0.0054997 
0.00658833 
0.00692453 
0.00636243 
0.00534779 
0.00399904 
0.0024642 
0.000844233 
-0.000844233 
0.000876356 
-0.000876356 
-0.00234313 
-0.00373137 
-0.00500042 
-0.00620985 
-0.00734344 
-0.0084312 
-0.00946595 
-0.0104606 
-0.011413 
-0.0123291 
-0.0132095 
-0.0140571 
-0.0148731 
-0.0156592 
-0.0164168 
-0.0171484 
-0.017858 
-0.0185516 
-0.0192377 
-0.0199264 
-0.0206284 
-0.0213528 
-0.022105 
-0.0228846 
-0.0236845 
-0.0244908 
-0.0252833 
-0.0260368 
-0.026722 
-0.0273073 
-0.0277608 
-0.0280517 
-0.0281577 
-0.0280519 
-0.027729 
-0.0271821 
-0.0264152 
-0.0254351 
-0.0242541 
-0.022888 
-0.0213561 
-0.019681 
-0.0178877 
-0.0160029 
-0.0140526 
-0.0120597 
-0.0100406 
-0.00800241 
-0.00594232 
-0.00385144 
-0.00172853 
0.000428729 
0.00260434 
0.00472347 
0.00662662 
0.00814196 
0.00904123 
0.00910385 
0.00826233 
0.00688255 
0.00512068 
0.00314379 
0.0010711 
-0.0010711 
0.000858934 
-0.000858934 
-0.00229157 
-0.00364283 
-0.00487012 
-0.00603646 
-0.00712677 
-0.00817467 
-0.0091751 
-0.0101434 
-0.0110783 
-0.0119866 
-0.0128685 
-0.0137263 
-0.0145593 
-0.015367 
-0.0161474 
-0.0168984 
-0.0176187 
-0.0183086 
-0.0189708 
-0.0196111 
-0.0202379 
-0.0208611 
-0.0214894 
-0.0221282 
-0.022777 
-0.0234283 
-0.0240681 
-0.0246769 
-0.0252312 
-0.0257044 
-0.0260685 
-0.0262947 
-0.0263588 
-0.0262335 
-0.0259061 
-0.025367 
-0.0246159 
-0.0236573 
-0.0225014 
-0.0211627 
-0.0196592 
-0.0180121 
-0.0162445 
-0.0143801 
-0.0124412 
-0.0104459 
-0.00840574 
-0.00632418 
-0.00419728 
-0.00202142 
0.000207243 
0.00249425 
0.00478982 
0.00697765 
0.00887107 
0.0102792 
0.0109717 
0.0108036 
0.00974171 
0.00808903 
0.00601398 
0.00369104 
0.00125498 
-0.00125498 
0.000838162 
-0.000838162 
-0.00223769 
-0.00355447 
-0.00474392 
-0.00586924 
-0.00691534 
-0.00791778 
-0.00887342 
-0.00979993 
-0.010698 
-0.0115758 
-0.0124346 
-0.0132774 
-0.0141034 
-0.0149117 
-0.0156986 
-0.0164597 
-0.0171895 
-0.0178831 
-0.0185368 
-0.0191499 
-0.0197253 
-0.0202697 
-0.0207922 
-0.021302 
-0.021805 
-0.0223012 
-0.0227835 
-0.023238 
-0.0236461 
-0.023986 
-0.0242343 
-0.0243664 
-0.0243596 
-0.02419 
-0.0238396 
-0.0232966 
-0.0225569 
-0.0216224 
-0.0205007 
-0.0192039 
-0.017748 
-0.0161518 
-0.0144357 
-0.0126199 
-0.0107229 
-0.00875862 
-0.00673515 
-0.00465339 
-0.00251105 
-0.000303443 
0.00198119 
0.00432742 
0.00665615 
0.00882884 
0.0106437 
0.0119036 
0.0123999 
0.0120359 
0.0108145 
0.00896796 
0.00667309 
0.00409971 
0.00139345 
-0.00139345 
0.000823566 
-0.000823566 
-0.00219512 
-0.00348912 
-0.00465464 
-0.00575245 
-0.00676599 
-0.00773038 
-0.00864354 
-0.00952459 
-0.0103759 
-0.0112075 
-0.012022 
-0.0128239 
-0.0136142 
-0.0143927 
-0.0151569 
-0.0159021 
-0.0166219 
-0.0173083 
-0.0179531 
-0.0185493 
-0.0190923 
-0.0195821 
-0.0200233 
-0.0204244 
-0.0207956 
-0.0211441 
-0.0214714 
-0.0217712 
-0.0220303 
-0.022231 
-0.0223539 
-0.0223785 
-0.0222845 
-0.0220509 
-0.0216588 
-0.0210962 
-0.0203573 
-0.0194422 
-0.0183557 
-0.0171072 
-0.0157099 
-0.0141795 
-0.012533 
-0.0107871 
-0.00895645 
-0.00705151 
-0.00507777 
-0.00303516 
-0.000921712 
0.00127624 
0.00355918 
0.00589113 
0.00817744 
0.0102663 
0.0119537 
0.0130474 
0.0133684 
0.0128468 
0.011513 
0.00954231 
0.00710991 
0.00437502 
0.00148784 
-0.00148784 
0.000819515 
-0.000819515 
-0.00217773 
-0.00346688 
-0.00463047 
-0.00572305 
-0.00672589 
-0.00767113 
-0.00855664 
-0.00940142 
-0.0102088 
-0.0109899 
-0.0117487 
-0.0124913 
-0.0132205 
-0.0139384 
-0.0146448 
-0.0153376 
-0.0160119 
-0.0166608 
-0.017275 
-0.0178441 
-0.0183577 
-0.0188079 
-0.019191 
-0.0195095 
-0.0197713 
-0.0199877 
-0.0201687 
-0.020318 
-0.0204303 
-0.0204924 
-0.0204869 
-0.0203958 
-0.0202019 
-0.0198904 
-0.0194441 
-0.0188509 
-0.0181044 
-0.0172029 
-0.0161494 
-0.0149506 
-0.0136168 
-0.0121604 
-0.0105949 
-0.00893352 
-0.00718743 
-0.0053644 
-0.00346791 
-0.00149764 
0.000554927 
0.00270003 
0.00492301 
0.00717719 
0.0093588 
0.0113118 
0.0128403 
0.0137636 
0.0139318 
0.0132905 
0.0118862 
0.00984974 
0.00734935 
0.00453045 
0.00154231 
-0.00154231 
0.000824182 
-0.000824182 
-0.00219929 
-0.00350215 
-0.00469011 
-0.00580317 
-0.00682191 
-0.00777297 
-0.0086534 
-0.0094805 
-0.0102577 
-0.0109959 
-0.0117 
-0.012377 
-0.0130313 
-0.0136672 
-0.0142871 
-0.0148923 
-0.0154816 
-0.0160518 
-0.0165965 
-0.0171064 
-0.01757 
-0.0179747 
-0.0183089 
-0.0185651 
-0.0187425 
-0.0188481 
-0.0188949 
-0.0188965 
-0.0188608 
-0.0187848 
-0.0186558 
-0.0184561 
-0.0181687 
-0.0177791 
-0.0172721 
-0.0166377 
-0.0158719 
-0.0149742 
-0.0139467 
-0.0127939 
-0.0115229 
-0.0101428 
-0.00866391 
-0.00709593 
-0.00544719 
-0.00372294 
-0.00192556 
-5.0407e-05 
0.0019129 
0.00396178 
0.00607512 
0.00819955 
0.0102286 
0.0120097 
0.0133613 
0.014118 
0.0141551 
0.0134269 
0.0119879 
0.00993391 
0.00742212 
0.00458376 
0.00156257 
-0.00156257 
0.00083797 
-0.00083797 
-0.00225762 
-0.00360203 
-0.00483874 
-0.00599694 
-0.00705635 
-0.00803765 
-0.00893626 
-0.00976691 
-0.0105323 
-0.0112425 
-0.0119024 
-0.0125194 
-0.0130985 
-0.0136456 
-0.0141652 
-0.0146616 
-0.0151372 
-0.015593 
-0.0160278 
-0.0164369 
-0.0168126 
-0.0171433 
-0.0174153 
-0.017614 
-0.0177278 
-0.0177518 
-0.0176908 
-0.0175591 
-0.0173754 
-0.0171531 
-0.0168925 
-0.0165794 
-0.0161932 
-0.0157179 
-0.0151454 
-0.0144667 
-0.0136789 
-0.0127824 
-0.011778 
-0.0106685 
-0.00945876 
-0.00815524 
-0.00676527 
-0.00529587 
-0.00375284 
-0.00213959 
-0.000455171 
0.00130897 
0.00315278 
0.00506896 
0.007033 
0.00898813 
0.0108307 
0.0124174 
0.013584 
0.014182 
0.0141072 
0.0133186 
0.0118728 
0.00984015 
0.00736131 
0.0045546 
0.00155508 
-0.00155508 
0.000862473 
-0.000862473 
-0.002348 
-0.00376502 
-0.00506956 
-0.00629338 
-0.00741251 
-0.00844308 
-0.00937839 
-0.0102303 
-0.0110006 
-0.0116979 
-0.0123269 
-0.0128947 
-0.0134071 
-0.0138706 
-0.0142911 
-0.0146746 
-0.0150262 
-0.0153503 
-0.0156498 
-0.0159253 
-0.0161747 
-0.0163922 
-0.0165678 
-0.0166878 
-0.0167356 
-0.0166955 
-0.0165572 
-0.0163209 
-0.0160001 
-0.0156192 
-0.0152026 
-0.0147605 
-0.014281 
-0.0137379 
-0.0131093 
-0.0123828 
-0.0115623 
-0.0106556 
-0.00966596 
-0.0085938 
-0.00744117 
-0.00621193 
-0.00491071 
-0.00354211 
-0.00210973 
-0.000613664 
0.000950799 
0.00258453 
0.00428361 
0.00603918 
0.00782444 
0.00958279 
0.0112174 
0.0125976 
0.0135781 
0.0140272 
0.0138559 
0.013028 
0.011591 
0.00961132 
0.00719878 
0.00446237 
0.0015263 
-0.0015263 
0.000896294 
-0.000896294 
-0.00246694 
-0.00397544 
-0.00536832 
-0.00667364 
-0.00786564 
-0.00895859 
-0.00994317 
-0.0108285 
-0.011615 
-0.0123103 
-0.0129186 
-0.0134471 
-0.013902 
-0.0142905 
-0.0146196 
-0.0148967 
-0.0151286 
-0.0153215 
-0.015481 
-0.0156112 
-0.0157143 
-0.0157903 
-0.0158356 
-0.0158429 
-0.0157999 
-0.0156905 
-0.0154966 
-0.015202 
-0.0147995 
-0.0142969 
-0.0137191 
-0.0131005 
-0.0124664 
-0.0118113 
-0.0111056 
-0.0103229 
-0.0094721 
-0.0085646 
-0.00759564 
-0.00656251 
-0.00546708 
-0.00431143 
-0.00309901 
-0.00183205 
-0.000511374 
0.000865742 
0.00229858 
0.00378511 
0.00532115 
0.00689623 
0.00848302 
0.0100278 
0.0114431 
0.0126131 
0.0134109 
0.0137211 
0.0134666 
0.0126148 
0.0112016 
0.00929006 
0.00696655 
0.00432589 
0.0014826 
-0.0014826 
0.00093789 
-0.00093789 
-0.00261014 
-0.00422203 
-0.00572124 
-0.00711932 
-0.00839553 
-0.00955974 
-0.0106023 
-0.0115288 
-0.0123387 
-0.0130381 
-0.0136313 
-0.0141255 
-0.0145277 
-0.0148464 
-0.0150898 
-0.0152669 
-0.0153861 
-0.0154553 
-0.0154815 
-0.0154707 
-0.0154274 
-0.0153544 
-0.0152524 
-0.0151196 
-0.0149509 
-0.014737 
-0.0144642 
-0.0141148 
-0.0136692 
-0.0131114 
-0.0124374 
-0.0116635 
-0.0108315 
-0.00999121 
-0.00918096 
-0.00835942 
-0.00746389 
-0.00653176 
-0.00557155 
-0.00457293 
-0.00353125 
-0.00244718 
-0.00132158 
-0.000154228 
0.00105518 
0.00230595 
0.00359616 
0.00492394 
0.0062846 
0.00766671 
0.00904391 
0.0103673 
0.01156 
0.0125216 
0.0131429 
0.0133237 
0.0129962 
0.0121301 
0.0107504 
0.00891311 
0.00669305 
0.00416222 
0.00142958 
-0.00142958 
0.000986398 
-0.000986398 
-0.00277342 
-0.00450064 
-0.00611486 
-0.00761873 
-0.00898937 
-0.0102334 
-0.0113416 
-0.0123159 
-0.0131545 
-0.0138619 
-0.0144424 
-0.0149035 
-0.0152532 
-0.0155017 
-0.0156594 
-0.0157373 
-0.015746 
-0.0156954 
-0.0155944 
-0.0154503 
-0.0152689 
-0.0150541 
-0.0148081 
-0.0145314 
-0.0142224 
-0.0138775 
-0.0134905 
-0.0130526 
-0.0125516 
-0.0119723 
-0.0112979 
-0.0105134 
-0.00961356 
-0.00860928 
-0.00753756 
-0.00644549 
-0.00541499 
-0.00447599 
-0.00355329 
-0.00259695 
-0.00161251 
-0.000599624 
0.000440043 
0.0015066 
0.00259849 
0.00371508 
0.0048551 
0.00601659 
0.00719449 
0.00837726 
0.00954061 
0.0106414 
0.011614 
0.012373 
0.0128255 
0.0128853 
0.012492 
0.0116168 
0.0102751 
0.00851305 
0.00639858 
0.00398502 
0.00137181 
-0.00137181 
0.00104081 
-0.00104081 
-0.00295379 
-0.00480675 
-0.00654486 
-0.00816627 
-0.00964193 
-0.0109765 
-0.0121578 
-0.0131872 
-0.01406 
-0.0147792 
-0.0153485 
-0.0157758 
-0.0160705 
-0.0162449 
-0.016312 
-0.0162859 
-0.0161801 
-0.0160073 
-0.0157787 
-0.0155034 
-0.0151887 
-0.0148392 
-0.0144576 
-0.0140446 
-0.0135987 
-0.013117 
-0.0125951 
-0.0120272 
-0.0114061 
-0.0107234 
-0.00996924 
-0.00913075 
-0.00819403 
-0.00714373 
-0.00598665 
-0.00476526 
-0.00361787 
-0.00256867 
-0.00160044 
-0.000650362 
0.000294808 
0.0012436 
0.00219779 
0.00315918 
0.00412808 
0.00510505 
0.00608957 
0.00707996 
0.00807134 
0.0090528 
0.0100029 
0.0108847 
0.0116434 
0.0122078 
0.0124997 
0.0124453 
0.011991 
0.0111081 
0.00980537 
0.00811525 
0.0060998 
0.00380601 
0.00131324 
-0.00131324 
0.00110014 
-0.00110014 
-0.00314884 
-0.00513715 
-0.00700956 
-0.00875751 
-0.0103514 
-0.0117862 
-0.0130513 
-0.014144 
-0.0150583 
-0.0157943 
-0.0163548 
-0.0167476 
-0.0169838 
-0.017078 
-0.0170471 
-0.0169087 
-0.0166802 
-0.0163781 
-0.0160164 
-0.0156069 
-0.0151583 
-0.0146765 
-0.0141647 
-0.0136235 
-0.0130513 
-0.0124451 
-0.0118002 
-0.0111114 
-0.0103733 
-0.00958111 
-0.00873201 
-0.00782604 
-0.0068697 
-0.00587309 
-0.00485005 
-0.00378668 
-0.0026401 
-0.00134561 
-9.12997e-05 
0.00104012 
0.00206581 
0.00301921 
0.00392324 
0.00479604 
0.00564792 
0.00648584 
0.00731308 
0.00813024 
0.00893394 
0.00971506 
0.0104555 
0.0111249 
0.0116781 
0.0120567 
0.012196 
0.0120329 
0.0115201 
0.0106284 
0.00936127 
0.00773827 
0.00581526 
0.00363072 
0.00125835 
-0.00125835 
0.00116306 
-0.00116306 
-0.003355 
-0.0054869 
-0.00750268 
-0.00938789 
-0.0111103 
-0.0126591 
-0.0140196 
-0.0151862 
-0.0161513 
-0.0169113 
-0.017467 
-0.0178257 
-0.018 
-0.0180076 
-0.0178693 
-0.0176079 
-0.0172458 
-0.0168042 
-0.0163009 
-0.0157507 
-0.0151643 
-0.0145488 
-0.0139077 
-0.0132415 
-0.0125483 
-0.0118241 
-0.011064 
-0.0102627 
-0.00941523 
-0.00851815 
-0.00757029 
-0.00657317 
-0.00553248 
-0.00445724 
-0.00336164 
-0.00225759 
-0.00112815 
6.62914e-05 
0.00131514 
0.00251623 
0.00362696 
0.00463311 
0.00554112 
0.00636816 
0.00713186 
0.00784777 
0.00852688 
0.00917565 
0.00979516 
0.0103801 
0.0109171 
0.0113819 
0.011739 
0.0119411 
0.0119353 
0.0116679 
0.0110972 
0.010194 
0.00895701 
0.00739567 
0.00555565 
0.00346784 
0.00120676 
-0.00120676 
0.00122777 
-0.00122777 
-0.00356721 
-0.00584835 
-0.00801469 
-0.0100467 
-0.0119088 
-0.0135856 
-0.0150548 
-0.0163089 
-0.0173359 
-0.0181297 
-0.018687 
-0.0190141 
-0.0191243 
-0.0190386 
-0.018783 
-0.0183862 
-0.0178774 
-0.0172838 
-0.0166283 
-0.0159293 
-0.0151998 
-0.0144481 
-0.0136778 
-0.0128887 
-0.0120779 
-0.0112401 
-0.0103689 
-0.00945783 
-0.00850144 
-0.0074961 
-0.00644128 
-0.00533997 
-0.00419997 
-0.00303302 
-0.00185593 
-0.000685391 
0.000472859 
0.00159609 
0.00271828 
0.00386763 
0.00498493 
0.00602648 
0.00696209 
0.007786 
0.008506 
0.0091376 
0.00969706 
0.0101978 
0.010648 
0.0110488 
0.0113934 
0.0116651 
0.0118371 
0.0118725 
0.0117288 
0.0113609 
0.0107322 
0.00981372 
0.00860023 
0.00709284 
0.00532715 
0.00332707 
0.00115699 
-0.00115699 
0.00129169 
-0.00129169 
-0.00377814 
-0.00621004 
-0.00853084 
-0.010717 
-0.0127292 
-0.0145462 
-0.016141 
-0.0174964 
-0.0185991 
-0.0194391 
-0.0200079 
-0.0203086 
-0.0203551 
-0.0201711 
-0.0197882 
-0.019243 
-0.0185728 
-0.0178128 
-0.0169926 
-0.0161353 
-0.0152568 
-0.0143663 
-0.0134672 
-0.0125581 
-0.0116342 
-0.0106879 
-0.00971087 
-0.00869458 
-0.00763214 
-0.00651935 
-0.00535579 
-0.00414555 
-0.0028977 
-0.00162737 
-0.000355187 
0.00089289 
0.00209993 
0.00326817 
0.00438429 
0.00544323 
0.00645269 
0.00740659 
0.00828362 
0.009064 
0.00973664 
0.0103022 
0.0107694 
0.0111507 
0.0114577 
0.0116972 
0.0118694 
0.0119655 
0.0119679 
0.0118492 
0.0115767 
0.0111129 
0.0104266 
0.00948913 
0.00829266 
0.00683084 
0.00513153 
0.00320706 
0.00111822 
-0.00111822 
0.00135131 
-0.00135131 
-0.00397741 
-0.00655527 
-0.00902883 
-0.0113719 
-0.0135414 
-0.0155099 
-0.017244 
-0.0187185 
-0.0199127 
-0.0208134 
-0.0214067 
-0.0216904 
-0.0216773 
-0.0213933 
-0.0208761 
-0.0201706 
-0.0193243 
-0.0183826 
-0.0173841 
-0.0163583 
-0.0153247 
-0.0142935 
-0.0132674 
-0.0122429 
-0.0112123 
-0.0101648 
-0.00908844 
-0.00797179 
-0.00680532 
-0.00558292 
-0.00430336 
-0.00297099 
-0.00159666 
-0.000201902 
0.00118425 
0.00252982 
0.0038139 
0.00501607 
0.00611369 
0.00711098 
0.00801999 
0.00884984 
0.00960271 
0.0102725 
0.0108495 
0.0113266 
0.0117022 
0.0119806 
0.0121693 
0.0122757 
0.0123035 
0.01225 
0.0121054 
0.0118511 
0.0114632 
0.0109118 
0.0101707 
0.00921271 
0.00802817 
0.00660464 
0.00496333 
0.00310568 
0.00108787 
-0.00108787 
0.00140201 
-0.00140201 
-0.00415111 
-0.0068613 
-0.00947758 
-0.0119729 
-0.0143006 
-0.0164274 
-0.0183121 
-0.0199218 
-0.0212242 
-0.0222009 
-0.0228348 
-0.0231151 
-0.0230522 
-0.0226731 
-0.0220203 
-0.0211474 
-0.0201135 
-0.0189765 
-0.0177866 
-0.0165823 
-0.0153883 
-0.0142161 
-0.0130671 
-0.0119347 
-0.0108072 
-0.00966912 
-0.00850395 
-0.0072959 
-0.00603176 
-0.00470265 
-0.00330592 
-0.00184554 
-0.000335752 
0.00119398 
0.00270846 
0.00417319 
0.00555443 
0.00682306 
0.00795524 
0.00893626 
0.00976831 
0.0104676 
0.0110548 
0.0115465 
0.0119531 
0.0122773 
0.012518 
0.012674 
0.0127457 
0.0127347 
0.0126426 
0.0124676 
0.0122038 
0.0118386 
0.0113552 
0.0107301 
0.00994211 
0.00896615 
0.00779183 
0.00640203 
0.00481237 
0.00301466 
0.00105951 
-0.00105951 
0.00143796 
-0.00143796 
-0.00428153 
-0.00709853 
-0.00983579 
-0.0124677 
-0.0149444 
-0.0172274 
-0.0192675 
-0.0210214 
-0.0224487 
-0.0235143 
-0.0242051 
-0.0244995 
-0.0244034 
-0.0239432 
-0.0231645 
-0.0221281 
-0.0209041 
-0.0195645 
-0.0181742 
-0.0167842 
-0.0154267 
-0.0141159 
-0.0128515 
-0.0116229 
-0.0104125 
-0.00919914 
-0.00795987 
-0.00667329 
-0.00532123 
-0.00389093 
-0.00237771 
-0.000784764 
0.000867723 
0.00254382 
0.00420421 
0.00580445 
0.00730004 
0.00865152 
0.00982535 
0.0107994 
0.0115699 
0.0121589 
0.0125898 
0.0128905 
0.0130891 
0.0132075 
0.0132593 
0.0132497 
0.0131788 
0.013044 
0.0128411 
0.0125648 
0.0122078 
0.011759 
0.0112047 
0.010526 
0.00970555 
0.00872027 
0.00755994 
0.00620437 
0.00466455 
0.00292495 
0.00103047 
-0.00103047 
0.00145226 
-0.00145226 
-0.00434726 
-0.00723065 
-0.0100518 
-0.0127888 
-0.0153899 
-0.0178124 
-0.0199993 
-0.0218966 
-0.0234524 
-0.0246201 
-0.0253793 
-0.0257073 
-0.0256009 
-0.0250858 
-0.0242067 
-0.0230287 
-0.0216298 
-0.0200951 
-0.0185062 
-0.0169301 
-0.0154113 
-0.013969 
-0.0126018 
-0.011294 
-0.0100211 
-0.00875377 
-0.00746156 
-0.00611597 
-0.00469268 
-0.00317455 
-0.00155419 
0.000162693 
0.00195248 
0.00377093 
0.00557369 
0.00730672 
0.00891929 
0.0103646 
0.0116026 
0.0126046 
0.0133524 
0.0138589 
0.0141535 
0.0142697 
0.0142498 
0.0141339 
0.0139551 
0.0137347 
0.0134824 
0.013198 
0.0128747 
0.0125023 
0.0120686 
0.0115592 
0.0109594 
0.0102508 
0.00941761 
0.00843811 
0.00730215 
0.00598773 
0.00450237 
0.00282553 
0.000996923 
-0.000996923 
0.00143718 
-0.00143718 
-0.00432402 
-0.00721575 
-0.0100647 
-0.0128554 
-0.0155353 
-0.0180597 
-0.0203643 
-0.0223854 
-0.0240584 
-0.0253318 
-0.0261609 
-0.0265384 
-0.0264488 
-0.025917 
-0.0249836 
-0.0237117 
-0.0221809 
-0.0204844 
-0.018719 
-0.0169714 
-0.0153034 
-0.0137445 
-0.0122942 
-0.0109316 
-0.00962361 
-0.00833158 
-0.00701536 
-0.00563832 
-0.00416916 
-0.00258631 
-0.000880883 
0.000937169 
0.00283834 
0.00477248 
0.00668853 
0.00852911 
0.0102411 
0.011774 
0.0130827 
0.014128 
0.0148849 
0.0153434 
0.0155411 
0.0155092 
0.0152979 
0.0149608 
0.0145482 
0.0141001 
0.0136424 
0.013185 
0.0127256 
0.0122522 
0.0117483 
0.0111942 
0.0105705 
0.00985598 
0.00903324 
0.00807988 
0.00698513 
0.00572582 
0.00430679 
0.00270487 
0.000955194 
-0.000955194 
0.00138469 
-0.00138469 
-0.00418618 
-0.00700895 
-0.00980833 
-0.0125776 
-0.0152651 
-0.0178268 
-0.0201932 
-0.0222943 
-0.0240528 
-0.0254158 
-0.0263016 
-0.0267335 
-0.0266863 
-0.026185 
-0.0252633 
-0.0239752 
-0.0223919 
-0.0206046 
-0.0187186 
-0.0168394 
-0.0150518 
-0.0134031 
-0.0118994 
-0.0105155 
-0.00920945 
-0.00793122 
-0.00662974 
-0.00525944 
-0.00378211 
-0.00217282 
-0.000424916 
0.00144613 
0.00340123 
0.00538789 
0.00735267 
0.0092414 
0.0110048 
0.0125939 
0.0139625 
0.0150628 
0.0158672 
0.0163282 
0.0164862 
0.0163644 
0.0160164 
0.0155054 
0.0148947 
0.0142411 
0.0135869 
0.0129568 
0.0123578 
0.0117824 
0.0112132 
0.0106263 
0.00999715 
0.00929917 
0.00851104 
0.00760769 
0.00657628 
0.00539256 
0.00405893 
0.00255156 
0.00090156 
-0.00090156 
0.00128716 
-0.00128716 
-0.00390906 
-0.00656642 
-0.00921708 
-0.011865 
-0.0144611 
-0.0169657 
-0.0193077 
-0.0214139 
-0.0231971 
-0.0245948 
-0.025521 
-0.0259945 
-0.02601 
-0.0255883 
-0.0247588 
-0.0235588 
-0.0220405 
-0.0202782 
-0.0183724 
-0.0164397 
-0.0145898 
-0.0128967 
-0.0113823 
-0.0100222 
-0.00876567 
-0.00755062 
-0.00631391 
-0.0050011 
-0.00356829 
-0.00199018 
-0.00026692 
0.00157671 
0.00349451 
0.00543592 
0.00735334 
0.00920305 
0.0109455 
0.0125381 
0.0139356 
0.0150841 
0.0159525 
0.0164596 
0.0166378 
0.0165003 
0.0160956 
0.0154915 
0.0147588 
0.0139659 
0.0131684 
0.0124045 
0.0116934 
0.0110357 
0.0104178 
0.00981548 
0.00920089 
0.00854269 
0.00781465 
0.00698784 
0.00604613 
0.00496399 
0.00374131 
0.00235499 
0.000832613 
-0.000832613 
0.00113813 
-0.00113813 
-0.0034717 
-0.00585057 
-0.00823395 
-0.010638 
-0.0130177 
-0.0153421 
-0.0175427 
-0.0195485 
-0.0212671 
-0.0226277 
-0.0235535 
-0.0240392 
-0.0241237 
-0.0238242 
-0.0231694 
-0.022176 
-0.0208678 
-0.0192872 
-0.0175109 
-0.0156506 
-0.0138337 
-0.0121676 
-0.0107027 
-0.00942459 
-0.00827739 
-0.00718683 
-0.00607733 
-0.00488696 
-0.00356884 
-0.00210214 
-0.000498006 
0.00120669 
0.00296594 
0.00473851 
0.00649101 
0.0081962 
0.009828 
0.0113533 
0.0127292 
0.0139019 
0.01483 
0.0154223 
0.0156731 
0.0155938 
0.0152201 
0.0146208 
0.0138685 
0.0130366 
0.0121881 
0.0113701 
0.0106118 
0.00992261 
0.00929589 
0.00871101 
0.00814035 
0.00755046 
0.00691142 
0.00619085 
0.00536901 
0.00441916 
0.00333856 
0.00210586 
0.000745333 
-0.000745333 
0.000932986 
-0.000932986 
-0.00285948 
-0.00483538 
-0.00681908 
-0.00884059 
-0.0108592 
-0.0128588 
-0.0147788 
-0.0165575 
-0.0181046 
-0.0193397 
-0.0202022 
-0.0206555 
-0.0208024 
-0.0206555 
-0.0202473 
-0.019573 
-0.0186251 
-0.0174036 
-0.0159433 
-0.0143279 
-0.0126843 
-0.0111499 
-0.00981635 
-0.00869359 
-0.00772801 
-0.00683521 
-0.00592786 
-0.00493924 
-0.00382392 
-0.00257084 
-0.00120382 
0.000230471 
0.00169509 
0.00316809 
0.00463557 
0.00608932 
0.00751692 
0.0088958 
0.0101878 
0.0113438 
0.0123095 
0.0129989 
0.0133543 
0.0133919 
0.0131284 
0.0126317 
0.0119712 
0.0112189 
0.0104376 
0.00967644 
0.0089689 
0.0083309 
0.00776265 
0.00724943 
0.00676742 
0.0062846 
0.00577016 
0.00519035 
0.0045227 
0.00374024 
0.0028376 
0.00179624 
0.000637259 
-0.000637259 
0.000669102 
-0.000669102 
-0.00206594 
-0.0035112 
-0.00495797 
-0.00645218 
-0.00795619 
-0.00947419 
-0.0109593 
-0.0123693 
-0.0136263 
-0.0146426 
-0.0153767 
-0.015753 
-0.0159516 
-0.0159782 
-0.0158688 
-0.0156005 
-0.0151392 
-0.0144423 
-0.0134927 
-0.012324 
-0.0110345 
-0.00977365 
-0.0086782 
-0.00779975 
-0.00709999 
-0.00648905 
-0.00586988 
-0.0051751 
-0.00436624 
-0.00344574 
-0.00244828 
-0.00141743 
-0.000376735 
0.000675156 
0.00174803 
0.0028501 
0.00397993 
0.00512653 
0.00625992 
0.00734104 
0.0083073 
0.00908723 
0.00956129 
0.00975062 
0.00965743 
0.00934931 
0.00888844 
0.00833803 
0.00775261 
0.00717491 
0.00663624 
0.00615413 
0.00573343 
0.00536559 
0.00503265 
0.00470737 
0.00436144 
0.00396283 
0.00348833 
0.00291258 
0.00222803 
0.00142015 
0.000506697 
-0.000506697 
0.000344792 
-0.000344792 
-0.00109235 
-0.00188684 
-0.0026648 
-0.00349372 
-0.00433319 
-0.00521378 
-0.00610656 
-0.00700331 
-0.00785751 
-0.00857743 
-0.00909919 
-0.00936877 
-0.00962913 
-0.00985439 
-0.0100795 
-0.0102689 
-0.0103729 
-0.0103195 
-0.010044 
-0.00951841 
-0.00878487 
-0.00797121 
-0.00724637 
-0.00671634 
-0.00637624 
-0.00613932 
-0.00590218 
-0.0056019 
-0.00521229 
-0.00474973 
-0.0042526 
-0.0037481 
-0.00323781 
-0.00270091 
-0.00211103 
-0.00144918 
-0.00070855 
0.000110622 
0.000993146 
0.00191435 
0.00281237 
0.00364402 
0.00424826 
0.0046219 
0.00475221 
0.00470548 
0.00454062 
0.00430687 
0.00404277 
0.0037761 
0.00352919 
0.00331597 
0.00314272 
0.00300578 
0.00289375 
0.00278624 
0.00266033 
0.00248913 
0.00225106 
0.0019253 
0.00150243 
0.000974032 
0.000353211 
-0.000353211 
-4.34087e-05 
4.34087e-05 
5.64469e-05 
1.01419e-05 
1.28734e-05 
-3.75109e-05 
-8.6849e-05 
-0.000195054 
-0.000339605 
-0.000551869 
-0.000812935 
-0.00108131 
-0.00139253 
-0.00166757 
-0.0020428 
-0.00251316 
-0.00309734 
-0.00376175 
-0.00445407 
-0.00509482 
-0.0055901 
-0.00585697 
-0.00586739 
-0.00568883 
-0.00548797 
-0.0054231 
-0.00554226 
-0.00577505 
-0.00601645 
-0.00621307 
-0.00635455 
-0.00646703 
-0.0065819 
-0.00670317 
-0.0068077 
-0.00685942 
-0.00682513 
-0.00667939 
-0.00640709 
-0.00600071 
-0.00546327 
-0.00480739 
-0.00408022 
-0.00330917 
-0.00262889 
-0.00205429 
-0.00161726 
-0.0012933 
-0.00104531 
-0.000844624 
-0.000669958 
-0.000510313 
-0.000354807 
-0.000195788 
-2.77013e-05 
0.000149258 
0.000330175 
0.000502603 
0.000651152 
0.000756832 
0.000801739 
0.000772709 
0.000658043 
0.000458986 
0.000178802 
-0.000178802 
-0.000491725 
0.000491725 
0.00136388 
0.00214647 
0.00300681 
0.00381573 
0.00462947 
0.00537743 
0.00606767 
0.00664796 
0.00710074 
0.00737057 
0.00731348 
0.00698031 
0.00643441 
0.00568411 
0.00473352 
0.00360779 
0.00235202 
0.00103305 
-0.000250642 
-0.00138124 
-0.00226977 
-0.00289978 
-0.00338541 
-0.00391051 
-0.00458896 
-0.00538466 
-0.00619723 
-0.00698654 
-0.0077588 
-0.00854177 
-0.00935084 
-0.0101654 
-0.0109453 
-0.0116465 
-0.0122314 
-0.0126701 
-0.0129396 
-0.0130239 
-0.0129168 
-0.0126212 
-0.0121638 
-0.0115639 
-0.0108878 
-0.0101219 
-0.00931763 
-0.00851654 
-0.0077402 
-0.00699555 
-0.00628232 
-0.0056029 
-0.00495664 
-0.00434171 
-0.00375432 
-0.00319218 
-0.00265439 
-0.00214471 
-0.00166972 
-0.00123832 
-0.000862831 
-0.000546301 
-0.000303632 
-0.000117779 
-1.0311e-05 
1.0311e-05 
-0.000989821 
0.000989821 
0.00280892 
0.00449205 
0.00625473 
0.00796448 
0.009662 
0.0112777 
0.0127913 
0.0141335 
0.0152337 
0.0159756 
0.0162425 
0.0159875 
0.015314 
0.0143109 
0.0130139 
0.0114577 
0.00968425 
0.00775008 
0.00573939 
0.00376612 
0.00195133 
0.000386754 
-0.000940356 
-0.00218295 
-0.00351572 
-0.00495819 
-0.00642358 
-0.00788623 
-0.0093671 
-0.0108865 
-0.0124396 
-0.0139861 
-0.0154763 
-0.0168632 
-0.018107 
-0.0191744 
-0.020037 
-0.0206721 
-0.0210624 
-0.0211959 
-0.0210669 
-0.0206612 
-0.0199624 
-0.0189931 
-0.0178261 
-0.0165421 
-0.0152131 
-0.0138876 
-0.0125934 
-0.0113484 
-0.0101625 
-0.00904002 
-0.00798005 
-0.00697911 
-0.00603202 
-0.00513481 
-0.00428521 
-0.00348162 
-0.0027287 
-0.00201946 
-0.0013702 
-0.000748793 
-0.000212115 
0.000212115 
-0.00153086 
0.00153086 
0.00437639 
0.00701843 
0.00969693 
0.0123053 
0.0148586 
0.0172906 
0.0195514 
0.0215534 
0.0231884 
0.0243256 
0.0248695 
0.0247778 
0.024108 
0.0229548 
0.0213851 
0.0194558 
0.0172179 
0.0147293 
0.0120636 
0.00931986 
0.0066212 
0.00409767 
0.00182263 
-0.000260053 
-0.00233392 
-0.00449021 
-0.00667225 
-0.00886624 
-0.0111049 
-0.013394 
-0.0157098 
-0.0179993 
-0.0202088 
-0.0222893 
-0.0241985 
-0.0258982 
-0.0273544 
-0.0285361 
-0.0294136 
-0.0299545 
-0.0301199 
-0.0298641 
-0.0291356 
-0.0279974 
-0.0265326 
-0.0248421 
-0.0230264 
-0.0211667 
-0.0193195 
-0.0175219 
-0.0157966 
-0.0141557 
-0.0126026 
-0.0111344 
-0.00974347 
-0.00841989 
-0.00715388 
-0.00593484 
-0.00475949 
-0.0036137 
-0.00251257 
-0.0014201 
-0.00042565 
0.00042565 
-0.00210957 
0.00210957 
0.00605394 
0.00970227 
0.0132897 
0.0167584 
0.0201035 
0.023261 
0.0261613 
0.0287047 
0.0307726 
0.032243 
0.0330377 
0.033122 
0.0325186 
0.0313046 
0.0295515 
0.0273275 
0.0246932 
0.0217104 
0.0184508 
0.0150065 
0.0114949 
0.0080574 
0.00481953 
0.00181429 
-0.00107317 
-0.00398442 
-0.00692181 
-0.00987668 
-0.0128897 
-0.0159492 
-0.0190166 
-0.0220324 
-0.0249406 
-0.0276896 
-0.0302318 
-0.0325224 
-0.0345189 
-0.0361797 
-0.0374615 
-0.0383158 
-0.0386895 
-0.0385357 
-0.0378105 
-0.0365799 
-0.0349223 
-0.0329455 
-0.0307625 
-0.0284741 
-0.0261591 
-0.0238735 
-0.0216538 
-0.0195219 
-0.0174867 
-0.0155478 
-0.0136969 
-0.011921 
-0.0102051 
-0.00853284 
-0.006895 
-0.00527507 
-0.00368697 
-0.00210527 
-0.000643315 
0.000643315 
-0.00271782 
0.00271782 
0.0078215 
0.0125139 
0.0169957 
0.0212659 
0.0253168 
0.0290915 
0.0325143 
0.0354859 
0.0378948 
0.0396357 
0.0406406 
0.0408815 
0.040367 
0.0391503 
0.037289 
0.0348468 
0.0318875 
0.0284767 
0.0246878 
0.0206101 
0.0163564 
0.0120698 
0.00790556 
0.00396559 
0.000222537 
-0.00345694 
-0.00715543 
-0.0108689 
-0.0146389 
-0.0184382 
-0.0222178 
-0.0259158 
-0.0294742 
-0.032837 
-0.03595 
-0.0387598 
-0.0412147 
-0.0432633 
-0.0448542 
-0.0459348 
-0.0464555 
-0.0463819 
-0.0456869 
-0.0444267 
-0.0426722 
-0.0405268 
-0.0381039 
-0.0355113 
-0.0328401 
-0.0301597 
-0.0275191 
-0.024949 
-0.0224652 
-0.0200708 
-0.0177591 
-0.0155167 
-0.0133272 
-0.0111729 
-0.00904302 
-0.00692446 
-0.00483429 
-0.00276924 
-0.000854552 
0.000854552 
-0.00334116 
0.00334116 
0.00963976 
0.0153993 
0.0207627 
0.0257766 
0.0304483 
0.034738 
0.0385794 
0.0418848 
0.0445586 
0.0465129 
0.0476886 
0.0480585 
0.04762 
0.0464078 
0.0444651 
0.0418469 
0.0386134 
0.0348299 
0.03057 
0.0259229 
0.0209999 
0.0159433 
0.0109214 
0.00608832 
0.00149746 
-0.00293768 
-0.00736297 
-0.0117985 
-0.016274 
-0.0207524 
-0.0251776 
-0.0294881 
-0.0336239 
-0.0375247 
-0.0411298 
-0.0443787 
-0.0472123 
-0.0495735 
-0.0514084 
-0.0526671 
-0.0533094 
-0.0533133 
-0.0526668 
-0.0514189 
-0.0496351 
-0.0474097 
-0.0448498 
-0.0420609 
-0.0391371 
-0.0361547 
-0.0331702 
-0.0302218 
-0.027331 
-0.0245058 
-0.0217428 
-0.0190318 
-0.0163588 
-0.0137098 
-0.0110783 
-0.00846076 
-0.00588395 
-0.00337078 
-0.00104643 
0.00104643 
-0.00394972 
0.00394972 
0.0114222 
0.0182325 
