0 
-0.00109182 
-0.000628898 
0.0022956 
0.0067811 
0.012308 
0.0184481 
0.0249267 
0.0315525 
0.0382027 
0.0447984 
0.0512865 
0.057628 
0.0637882 
0.0697315 
0.075418 
0.0808022 
0.0858329 
0.0904543 
0.0946076 
0.0982331 
0.101274 
0.103677 
0.105402 
0.106426 
0.106733 
0.106323 
0.105201 
0.103389 
0.100926 
0.097867 
0.0942807 
0.0902504 
0.0858708 
0.0812445 
0.0764766 
0.0716692 
0.0669132 
0.0622782 
0.0578012 
0.0534766 
0.0492563 
0.0450713 
0.0408741 
0.0366787 
0.0325651 
0.0286405 
0.0249896 
0.0216523 
0.018631 
0.0159087 
0.0134633 
0.0112741 
0.00932399 
0.00759909 
0.00608805 
0.0047813 
0.003669 
0.00274082 
0.00198513 
0.00138606 
0.000923495 
0.000573696 
0.000308692 
9.66495e-05 
0 
0.00109182 
-0.00109182 
-0.000628898 
0.0022956 
0.0067811 
0.012308 
0.0184481 
0.0249267 
0.0315525 
0.0382027 
0.0447984 
0.0512865 
0.057628 
0.0637882 
0.0697315 
0.075418 
0.0808022 
0.0858329 
0.0904543 
0.0946076 
0.0982331 
0.101274 
0.103677 
0.105402 
0.106426 
0.106733 
0.106323 
0.105201 
0.103389 
0.100926 
0.097867 
0.0942807 
0.0902504 
0.0858708 
0.0812445 
0.0764766 
0.0716692 
0.0669132 
0.0622782 
0.0578012 
0.0534766 
0.0492563 
0.0450713 
0.0408741 
0.0366787 
0.0325651 
0.0286405 
0.0249896 
0.0216523 
0.018631 
0.0159087 
0.0134633 
0.0112741 
0.00932399 
0.00759909 
0.00608805 
0.0047813 
0.003669 
0.00274082 
0.00198513 
0.00138606 
0.000923495 
0.000573696 
0.000308692 
9.66495e-05 
-9.66495e-05 
-0.00015198 
0.00015198 
0.0031281 
0.00705565 
0.0119091 
0.017417 
0.0233346 
0.029476 
0.0357071 
0.0419413 
0.0481235 
0.0542173 
0.0601948 
0.0660286 
0.0716875 
0.0771342 
0.0823242 
0.0872064 
0.0917244 
0.0958181 
0.0994263 
0.102489 
0.10495 
0.106761 
0.107867 
0.108243 
0.107887 
0.106799 
0.105 
0.102527 
0.0994329 
0.0957864 
0.09167 
0.0871781 
0.0824129 
0.0774795 
0.0724799 
0.0675057 
0.0626298 
0.0578971 
0.0533173 
0.0488653 
0.044499 
0.040193 
0.0359688 
0.0318942 
0.0280489 
0.0244888 
0.0212344 
0.0182801 
0.0156087 
0.013201 
0.0110393 
0.00910901 
0.00739849 
0.00589817 
0.0046 
0.00349636 
0.00257873 
0.0018358 
0.00125391 
0.000813581 
0.000490827 
0.000257026 
7.90528e-05 
-7.90528e-05 
-0.00170407 
0.00170407 
0.00567633 
0.0101088 
0.0150155 
0.0203003 
0.0258047 
0.0314173 
0.0370608 
0.0426913 
0.0482857 
0.0538297 
0.0593094 
0.0647057 
0.0699915 
0.07513 
0.0800756 
0.0847747 
0.0891679 
0.0931921 
0.096783 
0.0998782 
0.102419 
0.104357 
0.105637 
0.106221 
0.106097 
0.105259 
0.103717 
0.101496 
0.0986388 
0.0952018 
0.091258 
0.0868938 
0.0822055 
0.0772953 
0.0722646 
0.0672071 
0.0622011 
0.0573021 
0.052537 
0.0479054 
0.0433946 
0.0390067 
0.0347771 
0.0307655 
0.0270257 
0.0235838 
0.0204393 
0.0175776 
0.0149803 
0.0126304 
0.0105138 
0.00861921 
0.00693827 
0.00546406 
0.00419122 
0.00311397 
0.00222523 
0.00151651 
0.000974621 
0.000582491 
0.000316983 
0.00014874 
4.21675e-05 
-4.21675e-05 
-0.00196358 
0.00196358 
0.00641136 
0.011185 
0.0160961 
0.0211065 
0.0261271 
0.0311284 
0.0361008 
0.0410529 
0.045998 
0.0509456 
0.0558949 
0.0608326 
0.0657322 
0.0705544 
0.0752494 
0.0797588 
0.084018 
0.0879587 
0.0915122 
0.0946124 
0.0971982 
0.0992205 
0.100633 
0.101397 
0.101501 
0.100935 
0.0997029 
0.09782 
0.0953151 
0.0922304 
0.0886229 
0.0845639 
0.0801376 
0.0754369 
0.0705581 
0.0655938 
0.0606257 
0.0557171 
0.0509085 
0.0462206 
0.0416691 
0.0372853 
0.0331213 
0.0292307 
0.0256428 
0.0223564 
0.0193528 
0.01661 
0.0141091 
0.0118356 
0.00977915 
0.00793191 
0.00628891 
0.00484675 
0.00360323 
0.00255632 
0.00170311 
0.00103816 
0.000552094 
0.000231053 
5.1421e-05 
-1.76665e-05 
-1.48468e-05 
1.48468e-05 
-0.00197516 
0.00197516 
0.00651108 
0.011275 
0.0159346 
0.0204907 
0.0249067 
0.0292229 
0.0334865 
0.0377491 
0.0420524 
0.0464213 
0.050862 
0.0553617 
0.059891 
0.0644064 
0.0688532 
0.073168 
0.0772813 
0.0811203 
0.0846117 
0.087685 
0.0902765 
0.0923352 
0.0938219 
0.0947001 
0.0949655 
0.0946115 
0.0936419 
0.0920704 
0.0899181 
0.0872154 
0.0840038 
0.080338 
0.0762857 
0.0719257 
0.0673439 
0.0626266 
0.0578532 
0.0530896 
0.0483845 
0.0437754 
0.0393044 
0.0350312 
0.0310226 
0.0273234 
0.0239381 
0.0208424 
0.0180044 
0.0153986 
0.0130075 
0.0108204 
0.00883046 
0.00703429 
0.00543129 
0.00402206 
0.00280996 
0.0017975 
0.000986112 
0.000378388 
-3.30773e-05 
-0.00025842 
-0.000320947 
-0.000252698 
-9.59664e-05 
9.59664e-05 
-0.00186255 
0.00186255 
0.00618349 
0.0106566 
0.0148561 
0.0188284 
0.0225776 
0.0261977 
0.0297746 
0.0333877 
0.0370939 
0.0409244 
0.0448859 
0.0489632 
0.0531241 
0.0573223 
0.0615006 
0.0655937 
0.0695302 
0.0732348 
0.0766306 
0.0796434 
0.0822052 
0.0842619 
0.0857761 
0.0867118 
0.0870737 
0.0868629 
0.0860896 
0.0847712 
0.0829275 
0.0805824 
0.0777666 
0.0745202 
0.0708948 
0.0669532 
0.0627673 
0.0584121 
0.0539596 
0.049472 
0.0450009 
0.0405975 
0.0363284 
0.032278 
0.0285204 
0.0250851 
0.021952 
0.0190789 
0.0164274 
0.0139726 
0.011701 
0.00960606 
0.00768581 
0.00594136 
0.00437707 
0.0029992 
0.00181543 
0.000836464 
7.16025e-05 
-0.000468445 
-0.000789485 
-0.000898907 
-0.000813713 
-0.000566861 
-0.000205171 
0.000205171 
-0.00167594 
0.00167594 
0.00557683 
0.00955494 
0.0131489 
0.0164652 
0.019535 
0.0224862 
0.0254227 
0.0284351 
0.0315832 
0.0348971 
0.0383811 
0.0420187 
0.0457776 
0.0496127 
0.0534689 
0.0572834 
0.0609866 
0.0645037 
0.0677562 
0.0706663 
0.0731615 
0.075183 
0.0766928 
0.0776524 
0.0780757 
0.0779715 
0.077358 
0.0762575 
0.0746911 
0.0726802 
0.0702487 
0.0674264 
0.0642519 
0.0607734 
0.0570477 
0.0531364 
0.0490992 
0.0449902 
0.0408606 
0.0367743 
0.0328208 
0.0291016 
0.0256858 
0.0225793 
0.0197394 
0.0171132 
0.0146624 
0.0123671 
0.0102193 
0.00821762 
0.00636514 
0.00466795 
0.00313594 
0.00177958 
0.000617302 
-0.000332065 
-0.00104572 
-0.00151973 
-0.00174508 
-0.00172001 
-0.0014545 
-0.00098064 
-0.00035052 
0.00035052 
-0.00143237 
0.00143237 
0.00476828 
0.00812123 
0.0110383 
0.0136851 
0.0161008 
0.0184282 
0.0207707 
0.0232173 
0.0258226 
0.0286127 
0.0315905 
0.0347416 
0.0380378 
0.0414398 
0.0448989 
0.0483584 
0.0517546 
0.0550166 
0.0580672 
0.0608265 
0.0632178 
0.0651772 
0.0666628 
0.0676297 
0.0681013 
0.0680948 
0.0676354 
0.0667488 
0.0654564 
0.0637774 
0.0617311 
0.0593402 
0.0566337 
0.0536481 
0.0504266 
0.047016 
0.0434618 
0.0398078 
0.0361052 
0.0324322 
0.0288976 
0.0256068 
0.0226086 
0.0198797 
0.0173596 
0.0149935 
0.0127496 
0.0106157 
0.00859026 
0.00667729 
0.00488508 
0.00322409 
0.00171098 
0.000362507 
-0.000783492 
-0.00170997 
-0.0023907 
-0.00280577 
-0.00293472 
-0.00276031 
-0.00228036 
-0.00152269 
-0.000543591 
0.000543591 
-0.00115439 
0.00115439 
0.00383977 
0.006498 
0.00872296 
0.0107208 
0.0125224 
0.0142691 
0.0160507 
0.0179466 
0.0200028 
0.022242 
0.0246685 
0.0272734 
0.0300362 
0.0329267 
0.0359052 
0.0389241 
0.0419279 
0.0448537 
0.0476292 
0.050176 
0.0524157 
0.0542803 
0.0557228 
0.0566938 
0.0572255 
0.0573403 
0.0570646 
0.0564217 
0.05543 
0.0541048 
0.0524621 
0.0505201 
0.0483013 
0.0458336 
0.0431482 
0.0402777 
0.0372532 
0.0341098 
0.0309033 
0.027728 
0.0247035 
0.0219204 
0.0193928 
0.0170683 
0.0148779 
0.0127739 
0.0107353 
0.00875883 
0.00684926 
0.0050162 
0.00327165 
0.00163279 
0.000119781 
-0.00122611 
-0.00238062 
-0.00331279 
-0.00398649 
-0.00436425 
-0.00440534 
-0.00407264 
-0.00334316 
-0.0022335 
-0.000801062 
0.000801062 
-0.000858487 
0.000858487 
0.00285479 
0.00479662 
0.00635356 
0.00773972 
0.00897107 
0.010173 
0.0114159 
0.0127651 
0.0142586 
0.015917 
0.0177491 
0.0197529 
0.0219183 
0.0242252 
0.0266448 
0.0291394 
0.0316635 
0.034165 
0.0365825 
0.038844 
0.0408744 
0.0426059 
0.0439847 
0.0449652 
0.0455859 
0.045868 
0.0458284 
0.0454797 
0.0448321 
0.0438966 
0.0426863 
0.0412171 
0.039508 
0.0375799 
0.0354539 
0.0331492 
0.030685 
0.0280938 
0.0254427 
0.0228407 
0.0204009 
0.0181781 
0.0161442 
0.0142262 
0.0123588 
0.010508 
0.00866542 
0.00683631 
0.00503118 
0.00326366 
0.00155018 
-8.72084e-05 
-0.00161097 
-0.00298906 
-0.00418734 
-0.00516502 
-0.00586533 
-0.00623671 
-0.00621083 
-0.00571793 
-0.00470144 
-0.00315691 
-0.00114063 
0.00114063 
-0.000558597 
0.000558597 
0.00186527 
0.00310395 
0.00403839 
0.00485565 
0.00555948 
0.00624802 
0.00697104 
0.00777829 
0.00870159 
0.0097609 
0.0109704 
0.012336 
0.0138577 
0.0155266 
0.0173251 
0.0192257 
0.0211929 
0.0231872 
0.0251626 
0.0270608 
0.028816 
0.0303633 
0.0316545 
0.0326735 
0.0334386 
0.0339491 
0.0342011 
0.0341931 
0.033928 
0.0334135 
0.0326614 
0.0316867 
0.0305056 
0.0291329 
0.0275798 
0.0258544 
0.0239702 
0.0219668 
0.0199271 
0.0179627 
0.0161561 
0.0145106 
0.0129611 
0.011429 
0.00986384 
0.00824877 
0.00658728 
0.00489131 
0.00317555 
0.00145661 
-0.000245357 
-0.001897 
-0.0034643 
-0.00491459 
-0.00620188 
-0.00727244 
-0.00805151 
-0.00846484 
-0.008403 
-0.00774558 
-0.00639011 
-0.00430894 
-0.00156573 
0.00156573 
-0.000264246 
0.000264246 
0.000908168 
0.0014811 
0.00184719 
0.00214011 
0.00235869 
0.00256563 
0.00279235 
0.00307255 
0.00343362 
0.00389542 
0.00447735 
0.00519238 
0.00605025 
0.00705301 
0.00819435 
0.00945818 
0.0108193 
0.0122498 
0.0137211 
0.0151969 
0.0166335 
0.0179718 
0.0191829 
0.0202785 
0.0212209 
0.0219849 
0.0225464 
0.0228932 
0.0230234 
0.0229423 
0.0226605 
0.022191 
0.0215461 
0.0207334 
0.0197551 
0.0186133 
0.0173256 
0.0159469 
0.0145703 
0.0132859 
0.0121223 
0.0110306 
0.00992606 
0.00874198 
0.00744904 
0.00604663 
0.00454717 
0.00296709 
0.00132302 
-0.000367116 
-0.00207638 
-0.00377197 
-0.00542299 
-0.00699081 
-0.00841992 
-0.0096424 
-0.0105613 
-0.0110662 
-0.0109825 
-0.0101204 
-0.00833825 
-0.0056113 
-0.00203805 
0.00203805 
2.0155e-05 
-2.0155e-05 
6.2508e-06 
-3.17751e-05 
-0.000178606 
-0.000363196 
-0.000587061 
-0.000825722 
-0.00106304 
-0.00128075 
-0.00145494 
-0.00156585 
-0.0015902 
-0.00150902 
-0.00130427 
-0.000963783 
-0.000482472 
0.000137535 
0.000884077 
0.00173964 
0.00268913 
0.00371983 
0.00482899 
0.00598027 
0.00715143 
0.00832346 
0.00941593 
0.0103989 
0.0112378 
0.0119146 
0.0124243 
0.0127682 
0.0129524 
0.012985 
0.0128713 
0.0126111 
0.0122009 
0.0116454 
0.0109761 
0.0102615 
0.00958281 
0.00898058 
0.00842157 
0.00782233 
0.0071027 
0.00621922 
0.00516391 
0.00394837 
0.00259047 
0.00110799 
-0.00048394 
-0.00216366 
-0.00390289 
-0.00567525 
-0.00745007 
-0.00918406 
-0.0108136 
-0.0122512 
-0.0133645 
-0.0139731 
-0.0138078 
-0.0126243 
-0.010297 
-0.00686053 
-0.00247362 
0.00247362 
0.000299199 
-0.000299199 
-0.000834712 
-0.00141144 
-0.00201541 
-0.00262745 
-0.00325045 
-0.00389384 
-0.00455405 
-0.00522636 
-0.0058907 
-0.006528 
-0.00711286 
-0.00762134 
-0.00802832 
-0.00831181 
-0.00845443 
-0.0084442 
-0.00827673 
-0.00795573 
-0.00748445 
-0.00686433 
-0.0060758 
-0.00512545 
-0.00403389 
-0.00283906 
-0.00164829 
-0.000493812 
0.000583659 
0.0015579 
0.00241982 
0.00316694 
0.00379849 
0.00431523 
0.00471424 
0.00498966 
0.00513972 
0.00518065 
0.00515708 
0.00513209 
0.00514488 
0.00517131 
0.00513232 
0.00493955 
0.00453572 
0.00390339 
0.00305102 
0.00199687 
0.000760336 
-0.000645068 
-0.00220187 
-0.00388711 
-0.00568017 
-0.00756012 
-0.00949763 
-0.0114458 
-0.013329 
-0.0150217 
-0.0163234 
-0.0169423 
-0.0165229 
-0.0148547 
-0.0119112 
-0.00782229 
-0.00279108 
0.00279108 
0.000567636 
-0.000567636 
-0.00160579 
-0.00264945 
-0.00365839 
-0.00464697 
-0.00562258 
-0.00662133 
-0.00765131 
-0.00872015 
-0.0098126 
-0.0109117 
-0.0119915 
-0.013025 
-0.0139811 
-0.0148287 
-0.0155376 
-0.0160812 
-0.0164388 
-0.0165959 
-0.0165423 
-0.0162716 
-0.0157694 
-0.0150367 
-0.0140961 
-0.0129534 
-0.011731 
-0.0104608 
-0.00919117 
-0.00795297 
-0.00676678 
-0.0056426 
-0.00458834 
-0.00361138 
-0.00272001 
-0.00191945 
-0.00120313 
-0.000545031 
9.45159e-05 
0.000742297 
0.00137629 
0.00192204 
0.0022888 
0.00240895 
0.00225417 
0.00182767 
0.0011461 
0.00023002 
-0.000907878 
-0.00225067 
-0.00378227 
-0.00548654 
-0.00735184 
-0.00936321 
-0.0114938 
-0.0136899 
-0.0158461 
-0.0177626 
-0.019131 
-0.0195496 
-0.0186682 
-0.01643 
-0.0129349 
-0.00837974 
-0.00296256 
0.00296256 
0.00081355 
-0.00081355 
-0.00229778 
-0.00375169 
-0.00511789 
-0.00643374 
-0.00771082 
-0.00900648 
-0.0103408 
-0.0117336 
-0.0131755 
-0.0146529 
-0.0161408 
-0.0176111 
-0.0190295 
-0.0203585 
-0.0215581 
-0.0225889 
-0.0234146 
-0.0240046 
-0.0243342 
-0.0243865 
-0.0241479 
-0.0236209 
-0.0228369 
-0.0217825 
-0.020573 
-0.0192362 
-0.0178232 
-0.0163685 
-0.0148999 
-0.0134368 
-0.0119938 
-0.0105838 
-0.00921579 
-0.0078914 
-0.00660029 
-0.0053248 
-0.00405695 
-0.00282464 
-0.00169929 
-0.000770583 
-0.000112465 
0.000237238 
0.000274589 
1.46197e-05 
-0.000525546 
-0.0013269 
-0.00237785 
-0.00366409 
-0.00517536 
-0.00690526 
-0.00885125 
-0.0110049 
-0.013339 
-0.015778 
-0.0181539 
-0.0201554 
-0.0213696 
-0.0213664 
-0.0199358 
-0.0172025 
-0.0133385 
-0.00855351 
-0.00300472 
0.00300472 
0.00103509 
-0.00103509 
-0.00291352 
-0.00472846 
-0.00640764 
-0.00800393 
-0.00953106 
-0.0110629 
-0.0126312 
-0.014268 
-0.0159714 
-0.0177321 
-0.0195274 
-0.0213299 
-0.0231049 
-0.0248118 
-0.0264049 
-0.0278362 
-0.0290577 
-0.0300252 
-0.0307016 
-0.031059 
-0.0310784 
-0.0307584 
-0.0301307 
-0.0291735 
-0.0279968 
-0.0266225 
-0.0251011 
-0.0234685 
-0.0217567 
-0.0199908 
-0.0181902 
-0.0163702 
-0.0145411 
-0.0127073 
-0.0108711 
-0.00904403 
-0.00726292 
-0.00559826 
-0.00413826 
-0.00295923 
-0.00210648 
-0.00159144 
-0.00140475 
-0.00152858 
-0.00194659 
-0.00264437 
-0.00361231 
-0.00484148 
-0.00632967 
-0.00808056 
-0.0101002 
-0.0123845 
-0.0148951 
-0.0175098 
-0.0199674 
-0.0218481 
-0.0227049 
-0.0221902 
-0.020297 
-0.017245 
-0.0132187 
-0.00841599 
-0.00294368 
0.00294368 
0.00123288 
-0.00123288 
-0.00345881 
-0.00559184 
-0.00754462 
-0.00937948 
-0.011109 
-0.0128188 
-0.0145516 
-0.0163519 
-0.0182264 
-0.0201711 
-0.0221666 
-0.0241876 
-0.0262009 
-0.0281665 
-0.0300374 
-0.0317614 
-0.0332842 
-0.0345525 
-0.0355187 
-0.0361442 
-0.0364016 
-0.0362819 
-0.03581 
-0.0349576 
-0.0338272 
-0.0324369 
-0.0308343 
-0.0290555 
-0.0271342 
-0.0250988 
-0.0229728 
-0.0207765 
-0.0185282 
-0.0162476 
-0.0139636 
-0.0117232 
-0.00959687 
-0.00766963 
-0.00601869 
-0.00469465 
-0.00371728 
-0.00308323 
-0.00277868 
-0.0027875 
-0.00309618 
-0.00369503 
-0.00457758 
-0.00574174 
-0.00719377 
-0.00894632 
-0.0110118 
-0.0133837 
-0.0159962 
-0.01866 
-0.0210218 
-0.0226075 
-0.0230258 
-0.0220713 
-0.0198919 
-0.0167017 
-0.0126845 
-0.00803173 
-0.00279981 
0.00279981 
0.00140899 
-0.00140899 
-0.00394105 
-0.00635473 
-0.00854725 
-0.0105854 
-0.0124769 
-0.014314 
-0.0161486 
-0.0180374 
-0.0199974 
-0.022031 
-0.0241225 
-0.0262494 
-0.028381 
-0.0304801 
-0.0325017 
-0.0343944 
-0.0361024 
-0.0375688 
-0.0387397 
-0.0395685 
-0.0400188 
-0.040072 
-0.0397412 
-0.0389937 
-0.0379179 
-0.0365288 
-0.0348699 
-0.0329765 
-0.0308838 
-0.028624 
-0.0262276 
-0.0237253 
-0.0211514 
-0.0185486 
-0.0159726 
-0.0134949 
-0.0111963 
-0.00915274 
-0.00741908 
-0.00602274 
-0.00496832 
-0.00424741 
-0.00384685 
-0.00375432 
-0.00395993 
-0.00445793 
-0.00524593 
-0.00632858 
-0.00771931 
-0.00943714 
-0.0114964 
-0.0138788 
-0.0164792 
-0.019042 
-0.0211603 
-0.0223765 
-0.0224072 
-0.0211719 
-0.0188788 
-0.0156946 
-0.0118175 
-0.00744724 
-0.0025873 
0.0025873 
0.0015657 
-0.0015657 
-0.00436743 
-0.00702939 
-0.00943355 
-0.0116475 
-0.01367 
-0.0155949 
-0.01748 
-0.0193936 
-0.0213643 
-0.0234026 
-0.0254974 
-0.0276288 
-0.0297689 
-0.0318837 
-0.0339324 
-0.0358673 
-0.0376354 
-0.039181 
-0.040449 
-0.0413891 
-0.0419591 
-0.0421321 
-0.0419083 
-0.0412529 
-0.0402327 
-0.0388596 
-0.037172 
-0.0352049 
-0.0329958 
-0.0305832 
-0.0280075 
-0.0253138 
-0.0225542 
-0.0197908 
-0.0170951 
-0.0145444 
-0.0122119 
-0.0101549 
-0.00840802 
-0.00698458 
-0.0058835 
-0.00509669 
-0.00461409 
-0.00442736 
-0.00453003 
-0.00491946 
-0.00559728 
-0.0065733 
-0.00786541 
-0.00949521 
-0.0114733 
-0.0137628 
-0.0162207 
-0.0185513 
-0.0203475 
-0.0212183 
-0.0209877 
-0.019638 
-0.0173676 
-0.0143016 
-0.0106702 
-0.00669357 
-0.00231579 
0.00231579 
0.00170505 
-0.00170505 
-0.00474409 
-0.00762615 
-0.010219 
-0.0125886 
-0.0147218 
-0.0167082 
-0.0186075 
-0.0204976 
-0.0224194 
-0.0243939 
-0.0264164 
-0.02847 
-0.0305291 
-0.0325625 
-0.0345336 
-0.0364 
-0.0381139 
-0.0396243 
-0.0408794 
-0.0418297 
-0.0424321 
-0.042655 
-0.0424877 
-0.041897 
-0.0409247 
-0.0395799 
-0.0378957 
-0.0359069 
-0.0336543 
-0.0311834 
-0.0285447 
-0.0257954 
-0.023 
-0.0202292 
-0.0175568 
-0.0150525 
-0.0127748 
-0.0107641 
-0.00904241 
-0.00761737 
-0.00648747 
-0.00564724 
-0.00509016 
-0.00481102 
-0.00480596 
-0.00507454 
-0.00562119 
-0.00645817 
-0.00760427 
-0.00907918 
-0.0108852 
-0.012967 
-0.0151599 
-0.0171666 
-0.0186267 
-0.0192326 
-0.0188826 
-0.0175537 
-0.015409 
-0.0125582 
-0.00927087 
-0.00578872 
-0.00199149 
0.00199149 
0.0018285 
-0.0018285 
-0.00507535 
-0.00815222 
-0.0109146 
-0.0134261 
-0.0156594 
-0.0176952 
-0.0195893 
-0.0214251 
-0.0232562 
-0.0251163 
-0.02701 
-0.0289253 
-0.0308388 
-0.0327214 
-0.03454 
-0.036257 
-0.0378307 
-0.0392164 
-0.0403682 
-0.0412414 
-0.0417956 
-0.041999 
-0.0418343 
-0.0412734 
-0.0403354 
-0.0390278 
-0.0373786 
-0.0354224 
-0.0332024 
-0.0307686 
-0.0281778 
-0.0254929 
-0.0227818 
-0.0201137 
-0.0175553 
-0.0151643 
-0.0129855 
-0.0110486 
-0.00936987 
-0.00795556 
-0.00680599 
-0.00591855 
-0.0052896 
-0.00491589 
-0.00479504 
-0.00492763 
-0.0053188 
-0.00597999 
-0.00692699 
-0.0081733 
-0.00971106 
-0.011474 
-0.0132998 
-0.0149261 
-0.016069 
-0.0164989 
-0.0161514 
-0.0149407 
-0.0130016 
-0.0104666 
-0.00762889 
-0.00474082 
-0.00161785 
0.00161785 
0.00193682 
-0.00193682 
-0.0053634 
-0.00861101 
-0.0115256 
-0.0141691 
-0.0164999 
-0.0185854 
-0.0204717 
-0.0222422 
-0.0239599 
-0.0256731 
-0.0273995 
-0.0291355 
-0.0308617 
-0.0325511 
-0.0341728 
-0.0356928 
-0.0370752 
-0.0382814 
-0.0392725 
-0.0400101 
-0.0404592 
-0.0405909 
-0.0403856 
-0.0398214 
-0.0389025 
-0.037636 
-0.0360457 
-0.0341649 
-0.0320365 
-0.0297114 
-0.0272467 
-0.0247044 
-0.0221481 
-0.0196399 
-0.0172362 
-0.0149837 
-0.0129178 
-0.0110624 
-0.00943141 
-0.00803183 
-0.00686584 
-0.00593299 
-0.00523137 
-0.00475856 
-0.00451251 
-0.00449332 
-0.00470438 
-0.00515307 
-0.00584845 
-0.0067947 
-0.00797476 
-0.00932199 
-0.0106996 
-0.0119071 
-0.0127504 
-0.0130667 
-0.0128028 
-0.0117745 
-0.0101101 
-0.00801136 
-0.00574505 
-0.00355349 
-0.00119753 
0.00119753 
0.00202999 
-0.00202999 
-0.00560831 
-0.00900204 
-0.012051 
-0.0148172 
-0.0172467 
-0.0193917 
-0.0212829 
-0.0229964 
-0.0245989 
-0.0261516 
-0.0276886 
-0.0292197 
-0.0307336 
-0.032207 
-0.0336107 
-0.0349137 
-0.0360836 
-0.0370874 
-0.0378923 
-0.0384663 
-0.0387804 
-0.03881 
-0.0385368 
-0.0379455 
-0.0370331 
-0.0358065 
-0.0342864 
-0.0325037 
-0.0304984 
-0.0283184 
-0.0260167 
-0.0236494 
-0.0212726 
-0.0189393 
-0.0166963 
-0.0145821 
-0.012626 
-0.0108487 
-0.00926324 
-0.00787732 
-0.00669436 
-0.00571508 
-0.00493818 
-0.00436113 
-0.00398108 
-0.00379616 
-0.00380576 
-0.0040106 
-0.0044102 
-0.0049976 
-0.0057486 
-0.00660522 
-0.00747159 
-0.00822161 
-0.00875511 
-0.00897077 
-0.00882331 
-0.00801118 
-0.00669891 
-0.00518367 
-0.00362588 
-0.00223358 
-0.000734829 
0.000734829 
0.0021074 
-0.0021074 
-0.0058085 
-0.00932181 
-0.0124843 
-0.0153613 
-0.0178897 
-0.0201075 
-0.0220272 
-0.0237097 
-0.0252167 
-0.0266165 
-0.0279592 
-0.0292725 
-0.0305592 
-0.031804 
-0.0329816 
-0.0340626 
-0.0350173 
-0.0358164 
-0.0364318 
-0.0368371 
-0.0370085 
-0.0369261 
-0.0365743 
-0.035943 
-0.0350274 
-0.033835 
-0.0323839 
-0.0307019 
-0.0288246 
-0.0267947 
-0.0246587 
-0.0224652 
-0.0202619 
-0.0180933 
-0.0159985 
-0.0140096 
-0.012152 
-0.0104439 
-0.00889792 
-0.00752162 
-0.00631895 
-0.00529084 
-0.0044357 
-0.00375025 
-0.00322983 
-0.0028695 
-0.00266312 
-0.00260308 
-0.0026779 
-0.00286876 
-0.00314586 
-0.00346382 
-0.00377175 
-0.0040176 
-0.0041925 
-0.00426849 
-0.00423558 
-0.00362446 
-0.00278165 
-0.00201292 
-0.00130158 
-0.000801296 
-0.000239004 
0.000239004 
0.00216799 
-0.00216799 
-0.00596189 
-0.00956577 
-0.0128169 
-0.0157863 
-0.0184072 
-0.0207076 
-0.0226821 
-0.0243715 
-0.0258231 
-0.0271017 
-0.0282674 
-0.0293659 
-0.0304197 
-0.0314287 
-0.0323759 
-0.0332357 
-0.0339801 
-0.0345817 
-0.0350153 
-0.0352582 
-0.0352906 
-0.0350965 
-0.0346634 
-0.0339855 
-0.0330594 
-0.0318925 
-0.0305007 
-0.0289085 
-0.0271469 
-0.0252526 
-0.0232653 
-0.0212261 
-0.0191753 
-0.0171501 
-0.0151832 
-0.0133021 
-0.0115285 
-0.00987879 
-0.00836431 
-0.00699229 
-0.00576627 
-0.00468683 
-0.00375145 
-0.00295567 
-0.00229247 
-0.0017532 
-0.00132582 
-0.000994923 
-0.000738743 
-0.000527757 
-0.000326997 
-0.000100105 
0.000168639 
0.000473885 
0.00074549 
0.000947689 
0.000969065 
0.00133765 
0.00151211 
0.00140058 
0.00116041 
0.000702471 
0.000273698 
-0.000273698 
0.00221071 
-0.00221071 
-0.00606745 
-0.00973133 
-0.0130421 
-0.0160775 
-0.0187735 
-0.0211541 
-0.0232015 
-0.0249365 
-0.0263852 
-0.0275976 
-0.0286309 
-0.0295418 
-0.0303726 
-0.0311443 
-0.0318566 
-0.0324931 
-0.0330298 
-0.0334405 
-0.0337012 
-0.0337911 
-0.0336929 
-0.0333933 
-0.0328826 
-0.0321568 
-0.0312149 
-0.0300632 
-0.0287168 
-0.0271967 
-0.0255299 
-0.0237476 
-0.0218836 
-0.0199724 
-0.0180478 
-0.0161411 
-0.0142801 
-0.0124879 
-0.0107832 
-0.00918008 
-0.00768864 
-0.00631511 
-0.00506216 
-0.00392961 
-0.00291366 
-0.00200846 
-0.00120442 
-0.000490008 
0.000151779 
0.000743719 
0.00131676 
0.00190891 
0.00256049 
0.00330258 
0.00412845 
0.00498731 
0.00575859 
0.00632613 
0.00656317 
0.00647128 
0.00588602 
0.00486984 
0.00365214 
0.00221424 
0.000782445 
-0.000782445 
0.00223431 
-0.00223431 
-0.00612693 
-0.0098216 
-0.013161 
-0.0162296 
-0.0189698 
-0.0214096 
-0.0235276 
-0.0253316 
-0.0268266 
-0.0280401 
-0.0290125 
-0.0297965 
-0.0304445 
-0.0309979 
-0.0314791 
-0.0318903 
-0.0322179 
-0.0324403 
-0.0325342 
-0.0324785 
-0.0322565 
-0.0318556 
-0.0312678 
-0.0304895 
-0.0295237 
-0.0283751 
-0.0270575 
-0.0255893 
-0.0239939 
-0.0222978 
-0.0205299 
-0.0187195 
-0.0168952 
-0.0150832 
-0.0133071 
-0.0115862 
-0.00993621 
-0.00836892 
-0.00689272 
-0.00551269 
-0.00423021 
-0.00304428 
-0.00194957 
-0.000939256 
-2.22318e-06 
0.000875648 
0.00171732 
0.00255108 
0.00341464 
0.00435179 
0.00540642 
0.00660324 
0.0079176 
0.00925617 
0.010463 
0.0113381 
0.0117676 
0.0112374 
0.00998979 
0.00815455 
0.00602522 
0.00365175 
0.00126379 
-0.00126379 
0.00224168 
-0.00224168 
-0.00614754 
-0.00984948 
-0.0131894 
-0.0162557 
-0.0189987 
-0.0214565 
-0.0236141 
-0.0254779 
-0.0270414 
-0.0283108 
-0.0293023 
-0.0300484 
-0.0305933 
-0.0309851 
-0.0312651 
-0.0314591 
-0.0315744 
-0.0316023 
-0.0315251 
-0.0313228 
-0.0309779 
-0.0304774 
-0.0298131 
-0.028982 
-0.0279872 
-0.0268323 
-0.025529 
-0.024094 
-0.0225478 
-0.0209137 
-0.0192165 
-0.0174814 
-0.0157331 
-0.0139934 
-0.0122826 
-0.0106164 
-0.00900765 
-0.00746591 
-0.00599767 
-0.00460681 
-0.00329312 
-0.00205498 
-0.00088566 
0.000220864 
0.00127853 
0.00230527 
0.00332696 
0.00437503 
0.00549082 
0.00672037 
0.00810734 
0.00966756 
0.0113598 
0.0130542 
0.0145626 
0.0156186 
0.0160647 
0.0152701 
0.013523 
0.0110259 
0.0081251 
0.00493327 
0.0016938 
-0.0016938 
0.00224439 
-0.00224439 
-0.00614696 
-0.00984069 
-0.0131611 
-0.0161945 
-0.018897 
-0.021318 
-0.0234564 
-0.02533 
-0.0269355 
-0.0282712 
-0.0293339 
-0.0301306 
-0.0306804 
-0.0310162 
-0.0311791 
-0.031209 
-0.0311361 
-0.0309745 
-0.0307229 
-0.0303695 
-0.0298983 
-0.0292949 
-0.0285491 
-0.0276563 
-0.026617 
-0.0254384 
-0.0241293 
-0.0227051 
-0.0211841 
-0.0195868 
-0.0179351 
-0.016251 
-0.0145562 
-0.0128694 
-0.011208 
-0.00958371 
-0.00800598 
-0.00648239 
-0.00501729 
-0.0036135 
-0.00226908 
-0.00098246 
0.000253134 
0.001445 
0.00261039 
0.00376795 
0.00494472 
0.00617305 
0.00749461 
0.00895376 
0.0105896 
0.0124069 
0.0143488 
0.0162579 
0.0179186 
0.0190194 
0.0193556 
0.0183843 
0.0163077 
0.0133408 
0.00985105 
0.00600131 
0.00205474 
-0.00205474 
0.00224806 
-0.00224806 
-0.00615439 
-0.0098331 
-0.0131265 
-0.0161095 
-0.0187379 
-0.0210686 
-0.023116 
-0.0249164 
-0.0264841 
-0.0278277 
-0.0289429 
-0.0298219 
-0.0304587 
-0.0308567 
-0.0310322 
-0.0310135 
-0.030835 
-0.0305285 
-0.0301156 
-0.0296045 
-0.0289923 
-0.0282702 
-0.0274288 
-0.0264625 
-0.0253707 
-0.0241587 
-0.0228344 
-0.0214077 
-0.0198957 
-0.0183171 
-0.016692 
-0.0150402 
-0.0133813 
-0.0117302 
-0.0101028 
-0.00850761 
-0.0069507 
-0.0054378 
-0.00397079 
-0.0025524 
-0.0011783 
0.000150743 
0.00144443 
0.00271197 
0.00397069 
0.00523895 
0.00654322 
0.00791465 
0.00939212 
0.011015 
0.0128139 
0.0147817 
0.0168473 
0.0188368 
0.0205161 
0.0215575 
0.0217235 
0.0206056 
0.0183241 
0.0150608 
0.0111657 
0.00683086 
0.00233847 
-0.00233847 
0.00225898 
-0.00225898 
-0.00619029 
-0.00987421 
-0.0131438 
-0.0160776 
-0.0186186 
-0.0208253 
-0.0227215 
-0.0243613 
-0.025782 
-0.0270163 
-0.028079 
-0.0289712 
-0.0296817 
-0.0301942 
-0.0304944 
-0.0305777 
-0.0304527 
-0.0301398 
-0.0296655 
-0.0290553 
-0.0283271 
-0.0274898 
-0.0265449 
-0.025491 
-0.0243271 
-0.0230558 
-0.0216839 
-0.0202226 
-0.018688 
-0.0170983 
-0.015471 
-0.0138244 
-0.0121786 
-0.0105465 
-0.00894461 
-0.00737433 
-0.00583372 
-0.00432958 
-0.00286056 
-0.00143048 
-3.27736e-05 
0.00133138 
0.0026753 
0.00400735 
0.00534375 
0.00670163 
0.00810516 
0.00958232 
0.0111667 
0.0128898 
0.014772 
0.0167938 
0.0188733 
0.0208306 
0.0224253 
0.0233368 
0.0233199 
0.0220771 
0.0196679 
0.0162358 
0.01209 
0.00742852 
0.00254642 
-0.00254642 
0.00228114 
-0.00228114 
-0.0062674 
-0.00999183 
-0.013266 
-0.0161659 
-0.0186313 
-0.0207101 
-0.0224292 
-0.0238521 
-0.0250342 
-0.0260324 
-0.0268892 
-0.027633 
-0.0282736 
-0.0288038 
-0.0292026 
-0.0294421 
-0.0294957 
-0.0293461 
-0.0289893 
-0.0284348 
-0.0277006 
-0.026808 
-0.0257767 
-0.0246233 
-0.0233617 
-0.0220047 
-0.0205661 
-0.0190593 
-0.0174991 
-0.0158936 
-0.0142589 
-0.0126147 
-0.0109802 
-0.00936084 
-0.00777356 
-0.00621804 
-0.00468663 
-0.00318694 
-0.00171257 
-0.000271936 
0.00114646 
0.00254312 
0.00393096 
0.00531762 
0.00671741 
0.00814526 
0.00962173 
0.0111701 
0.0128168 
0.0145842 
0.0164811 
0.0184774 
0.0204844 
0.0223249 
0.0237641 
0.0245047 
0.0243082 
0.0229573 
0.0204708 
0.0169575 
0.0126787 
0.00782192 
0.00268684 
-0.00268684 
0.00231604 
-0.00231604 
-0.00639086 
-0.0101915 
-0.0135174 
-0.0164129 
-0.0188317 
-0.0208057 
-0.0223601 
-0.0235601 
-0.02447 
-0.0251614 
-0.0256965 
-0.026129 
-0.0264983 
-0.0268281 
-0.0271235 
-0.0273703 
-0.0275384 
-0.0275883 
-0.0274798 
-0.0271811 
-0.0266735 
-0.0259532 
-0.0250288 
-0.0239181 
-0.0226448 
-0.0212362 
-0.0197215 
-0.018129 
-0.0164837 
-0.0148035 
-0.0131046 
-0.011404 
-0.00972766 
-0.00808682 
-0.00651586 
-0.00499266 
-0.00347047 
-0.00197935 
-0.00050798 
0.000935531 
0.00236692 
0.00378826 
0.00521058 
0.00664049 
0.0080893 
0.0095687 
0.0110944 
0.0126836 
0.0143546 
0.0161201 
0.0179775 
0.0198882 
0.0217605 
0.0234268 
0.0246667 
0.0252141 
0.0248473 
0.0234016 
0.02087 
0.0173309 
0.0130017 
0.0080495 
0.00277174 
-0.00277174 
0.00236345 
-0.00236345 
-0.00655809 
-0.0104698 
-0.013885 
-0.0168242 
-0.0192263 
-0.0211309 
-0.0225531 
-0.0235597 
-0.0242193 
-0.0246106 
-0.0248046 
-0.0248651 
-0.0248456 
-0.0247907 
-0.0247348 
-0.0246989 
-0.0246865 
-0.0246816 
-0.0246501 
-0.0245456 
-0.0243184 
-0.0239239 
-0.0233284 
-0.0225114 
-0.0214661 
-0.0201986 
-0.0187285 
-0.0170906 
-0.0153361 
-0.0135338 
-0.0117532 
-0.0100584 
-0.00842387 
-0.00681888 
-0.00526714 
-0.00376126 
-0.00224727 
-0.000765849 
0.000705718 
0.00215682 
0.00360326 
0.00504832 
0.00650141 
0.0079679 
0.0094558 
0.0109729 
0.0125293 
0.0141356 
0.0158015 
0.0175299 
0.0193084 
0.0210922 
0.0227899 
0.0242476 
0.0252648 
0.0256094 
0.0250809 
0.0235478 
0.0209887 
0.0174561 
0.0131297 
0.00815226 
0.00281432 
-0.00281432 
0.0024215 
-0.0024215 
-0.00676255 
-0.0108143 
-0.0143499 
-0.017369 
-0.0197902 
-0.0216559 
-0.0229781 
-0.0238252 
-0.0242725 
-0.0244079 
-0.0243104 
-0.0240477 
-0.0236736 
-0.023232 
-0.0227608 
-0.0222943 
-0.0218621 
-0.0214856 
-0.0211727 
-0.0209138 
-0.0206823 
-0.020438 
-0.0201341 
-0.0197238 
-0.0191648 
-0.018421 
-0.0174635 
-0.0162716 
-0.0148371 
-0.01317 
-0.0113126 
-0.00933516 
-0.00736039 
-0.00549837 
-0.00389486 
-0.00247706 
-0.000951079 
0.000549461 
0.00201156 
0.00345564 
0.00489916 
0.00635269 
0.00782368 
0.00931521 
0.0108307 
0.0123725 
0.0139443 
0.0155491 
0.0171879 
0.0188545 
0.0205279 
0.0221592 
0.0236602 
0.0248923 
0.0256779 
0.0258171 
0.0251327 
0.0235135 
0.0209328 
0.0174208 
0.013127 
0.00816889 
0.00282733 
-0.00282733 
0.00248712 
-0.00248712 
-0.00699491 
-0.0112095 
-0.0148908 
-0.0180163 
-0.02049 
-0.0223378 
-0.0235822 
-0.0242903 
-0.0245479 
-0.0244572 
-0.0241122 
-0.023591 
-0.0229512 
-0.0222329 
-0.021465 
-0.020671 
-0.0198736 
-0.0190966 
-0.0183644 
-0.017698 
-0.0171108 
-0.0166039 
-0.0161643 
-0.0157659 
-0.0153722 
-0.0149401 
-0.014421 
-0.0137613 
-0.0129017 
-0.0117761 
-0.010334 
-0.00855912 
-0.00656531 
-0.00447141 
-0.00272541 
-0.00119314 
0.00034788 
0.00184095 
0.00330825 
0.00475806 
0.00621042 
0.00767719 
0.00916662 
0.0106807 
0.0122191 
0.0137791 
0.0153575 
0.0169495 
0.0185477 
0.0201375 
0.0216911 
0.0231572 
0.0244525 
0.0254541 
0.0260076 
0.0259423 
0.0251051 
0.0233947 
0.0207886 
0.0172981 
0.0130484 
0.00813345 
0.00282222 
-0.00282222 
0.00255612 
-0.00255612 
-0.00724287 
-0.011636 
-0.0154818 
-0.0187357 
-0.0212847 
-0.023137 
-0.0243178 
-0.0248976 
-0.0249722 
-0.0246618 
-0.0240808 
-0.0233253 
-0.0224649 
-0.0215443 
-0.0205906 
-0.0196198 
-0.0186433 
-0.0176713 
-0.0167159 
-0.0157914 
-0.0149143 
-0.0141005 
-0.0133624 
-0.0127058 
-0.0121276 
-0.0116149 
-0.0111461 
-0.0106909 
-0.0102117 
-0.00965665 
-0.00896207 
-0.0080805 
-0.00695851 
-0.00552009 
-0.00366323 
-0.00136252 
0.000830083 
0.0028171 
0.00451146 
0.00606511 
0.00756615 
0.00906198 
0.0105738 
0.0121081 
0.0136636 
0.0152341 
0.0168104 
0.0183804 
0.0199286 
0.0214326 
0.0228589 
0.0241551 
0.0252436 
0.0260166 
0.0263416 
0.0260736 
0.0250826 
0.0232736 
0.0206274 
0.0171483 
0.0129404 
0.00807531 
0.00280899 
-0.00280899 
0.00262311 
-0.00262311 
-0.00749076 
-0.0120694 
-0.0160914 
-0.0194908 
-0.022134 
-0.0240116 
-0.0251405 
-0.0255992 
-0.0254919 
-0.0249584 
-0.0241368 
-0.0231449 
-0.0220688 
-0.0209623 
-0.0198552 
-0.018762 
-0.0176898 
-0.0166421 
-0.0156221 
-0.0146334 
-0.0136807 
-0.0127695 
-0.0119057 
-0.011095 
-0.0103414 
-0.00964646 
-0.0090079 
-0.00841866 
-0.00786612 
-0.00733029 
-0.00676493 
-0.00612468 
-0.00534382 
-0.00433104 
-0.00284109 
-0.000942555 
0.00116878 
0.00325149 
0.00518208 
0.00698023 
0.00868238 
0.0103279 
0.0119462 
0.0135546 
0.0151592 
0.0167571 
0.0183382 
0.019887 
0.0213828 
0.0227978 
0.0240947 
0.0252211 
0.0261056 
0.0266542 
0.0267546 
0.0262847 
0.0251341 
0.0232177 
0.0205107 
0.0170222 
0.0128425 
0.00802014 
0.0027964 
-0.0027964 
0.0026813 
-0.0026813 
-0.00771871 
-0.0124784 
-0.0166789 
-0.0202338 
-0.0229858 
-0.0249051 
-0.0259955 
-0.0263399 
-0.0260526 
-0.0252924 
-0.0242238 
-0.0229889 
-0.0216935 
-0.0204018 
-0.0191475 
-0.0179438 
-0.016794 
-0.0156969 
-0.0146505 
-0.0136529 
-0.0127027 
-0.011799 
-0.0109403 
-0.0101237 
-0.00934506 
-0.00859968 
-0.00788246 
-0.00718965 
-0.00651587 
-0.00586256 
-0.0052139 
-0.0045359 
-0.00376209 
-0.00287506 
-0.00180499 
-0.000661103 
0.00059283 
0.00215167 
0.00415873 
0.00634162 
0.00855246 
0.0106839 
0.01271 
0.0146338 
0.0164674 
0.018219 
0.0198893 
0.0214702 
0.0229454 
0.0242895 
0.0254673 
0.0264305 
0.0271162 
0.0274445 
0.0273217 
0.0266467 
0.0253275 
0.0232884 
0.0205055 
0.0169719 
0.0127936 
0.00799259 
0.00279257 
-0.00279257 
0.00272243 
-0.00272243 
-0.00790226 
-0.0128239 
-0.0171924 
-0.0209035 
-0.0237727 
-0.025746 
-0.0268114 
-0.0270491 
-0.0265869 
-0.0255999 
-0.0242816 
-0.0228001 
-0.0212834 
-0.019808 
-0.0184113 
-0.017105 
-0.015888 
-0.014754 
-0.013695 
-0.0127035 
-0.011773 
-0.0108979 
-0.0100729 
-0.00929259 
-0.00854992 
-0.007837 
-0.00714327 
-0.00645955 
-0.00577299 
-0.005081 
-0.00437834 
-0.00365479 
-0.00286297 
-0.00199569 
-0.000952187 
0.000208219 
0.0014355 
0.00290928 
0.00466022 
0.00664694 
0.00879115 
0.0110086 
0.0132321 
0.0154118 
0.0175092 
0.019496 
0.0213502 
0.023052 
0.0245801 
0.0259091 
0.0270077 
0.027835 
0.0283394 
0.0284567 
0.0281129 
0.0272273 
0.0257263 
0.023546 
0.0206644 
0.0170681 
0.0128397 
0.00801925 
0.00280506 
-0.00280506 
0.00273681 
-0.00273681 
-0.00801212 
-0.0130581 
-0.0175676 
-0.0214224 
-0.0244084 
-0.0264432 
-0.0274959 
-0.0276358 
-0.0270087 
-0.0258017 
-0.0242386 
-0.0225144 
-0.0207812 
-0.0191288 
-0.0175991 
-0.0162013 
-0.0149294 
-0.0137707 
-0.0127115 
-0.0117388 
-0.0108409 
-0.0100077 
-0.00922951 
-0.00849751 
-0.00780183 
-0.00713311 
-0.00647959 
-0.00583193 
-0.00517565 
-0.0045034 
-0.0038026 
-0.00306413 
-0.00225387 
-0.00136286 
-0.00034928 
0.000770928 
0.00202576 
0.00347868 
0.00510153 
0.0068899 
0.00885078 
0.0109774 
0.0132349 
0.0155609 
0.0178882 
0.0201482 
0.0222789 
0.0242262 
0.0259428 
0.0273873 
0.0285211 
0.0293057 
0.0296995 
0.0296548 
0.0291186 
0.0280331 
0.0263458 
0.0240079 
0.0210049 
0.0173198 
0.0130238 
0.00812395 
0.00283944 
-0.00283944 
0.00271358 
-0.00271358 
-0.00801477 
-0.013125 
-0.0177273 
-0.0216955 
-0.0247855 
-0.026882 
-0.0279328 
-0.0279848 
-0.0272097 
-0.0258 
-0.0240092 
-0.0220578 
-0.0201233 
-0.0183098 
-0.016664 
-0.0151923 
-0.0138826 
-0.0127159 
-0.011672 
-0.0107323 
-0.00988 
-0.00910089 
-0.00838183 
-0.00771133 
-0.00707729 
-0.00646898 
-0.00587292 
-0.00527895 
-0.0046717 
-0.00404301 
-0.00337756 
-0.0026686 
-0.00188583 
-0.00102465 
-4.49943e-05 
0.00105767 
0.00228439 
0.00368945 
0.00528183 
0.00706445 
0.00902128 
0.011135 
0.0133748 
0.0157031 
0.0180741 
0.0204312 
0.0227091 
0.0248378 
0.0267449 
0.0283612 
0.0296241 
0.0304781 
0.0308744 
0.0307687 
0.0301208 
0.0288915 
0.027049 
0.0245628 
0.0214302 
0.0176391 
0.0132565 
0.00827388 
0.0028924 
-0.0028924 
0.00264132 
-0.00264132 
-0.00787406 
-0.0129625 
-0.0175835 
-0.0216116 
-0.0247754 
-0.0269244 
-0.027981 
-0.0279557 
-0.0270586 
-0.025478 
-0.0234928 
-0.0213465 
-0.0192407 
-0.0172944 
-0.0155595 
-0.0140394 
-0.0127158 
-0.0115627 
-0.0105534 
-0.00966387 
-0.0088726 
-0.00816146 
-0.00751401 
-0.00691625 
-0.0063539 
-0.00581503 
-0.00528516 
-0.00475367 
-0.00420481 
-0.00362915 
-0.00300963 
-0.00233735 
-0.00158752 
-0.000750582 
0.000201135 
0.00127897 
0.00249846 
0.00389071 
0.00545662 
0.00720244 
0.00912363 
0.0112088 
0.0134312 
0.0157537 
0.018132 
0.0205141 
0.0228422 
0.025046 
0.0270505 
0.0287778 
0.0301516 
0.0311004 
0.0315601 
0.0314768 
0.0308074 
0.0295184 
0.027589 
0.025003 
0.0217702 
0.0178879 
0.0134253 
0.00837605 
0.00293096 
-0.00293096 
0.00250904 
-0.00250904 
-0.00755406 
-0.012507 
-0.0170427 
-0.0210476 
-0.0242309 
-0.0264082 
-0.0274696 
-0.0273847 
-0.0264017 
-0.0247009 
-0.0225762 
-0.0202883 
-0.01806 
-0.0160249 
-0.0142402 
-0.012707 
-0.0114009 
-0.010289 
-0.00933836 
-0.00851984 
-0.0078077 
-0.00718052 
-0.0066191 
-0.00610762 
-0.00563016 
-0.0051739 
-0.00472351 
-0.00426787 
-0.00379099 
-0.00328294 
-0.00272593 
-0.00211045 
-0.00141277 
-0.000622188 
0.000287304 
0.00133209 
0.00252449 
0.00389231 
0.00544413 
0.00718896 
0.00912214 
0.0112324 
0.013495 
0.0158727 
0.0183154 
0.0207614 
0.0231382 
0.025368 
0.0273773 
0.029096 
0.0304573 
0.0313955 
0.031848 
0.031757 
0.0310743 
0.0297616 
0.0277967 
0.0251661 
0.0218848 
0.0179574 
0.0134575 
0.00838522 
0.00292783 
-0.00292783 
0.00230755 
-0.00230755 
-0.00702331 
-0.0117003 
-0.0160152 
-0.0198788 
-0.0229938 
-0.025153 
-0.0262107 
-0.0260924 
-0.0250723 
-0.0233237 
-0.0211388 
-0.0187876 
-0.0165077 
-0.0144455 
-0.012664 
-0.0111635 
-0.00991423 
-0.00887699 
-0.00801355 
-0.00729026 
-0.00667786 
-0.00615235 
-0.00569243 
-0.0052809 
-0.00490073 
-0.00453851 
-0.00417857 
-0.0038095 
-0.00341541 
-0.00298556 
-0.00250197 
-0.00195316 
-0.00131711 
-0.000580384 
0.000279978 
0.00128249 
0.00244277 
0.00378463 
0.00531836 
0.00705579 
0.00899772 
0.0111368 
0.0134503 
0.0158991 
0.0184269 
0.0209606 
0.0234145 
0.0256973 
0.0277228 
0.0294161 
0.0307151 
0.0315666 
0.0319232 
0.0317428 
0.0309877 
0.0296238 
0.0276278 
0.0249824 
0.0216992 
0.0177832 
0.0133082 
0.00828105 
0.00288437 
-0.00288437 
0.00203109 
-0.00203109 
-0.00626036 
-0.0104998 
-0.0144309 
-0.0180005 
-0.0209212 
-0.0229864 
-0.024024 
-0.023901 
-0.0229077 
-0.0212051 
-0.0190643 
-0.0167536 
-0.0145157 
-0.0125068 
-0.010796 
-0.0093843 
-0.00823851 
-0.00731498 
-0.00657119 
-0.0059702 
-0.00548028 
-0.00507576 
-0.00473409 
-0.00443745 
-0.00416837 
-0.00391331 
-0.00365673 
-0.00338717 
-0.00308911 
-0.00275133 
-0.0023557 
-0.00188962 
-0.00133148 
-0.000666374 
0.000126904 
0.0010705 
0.00218055 
0.00348258 
0.0049916 
0.006724 
0.00868503 
0.0108705 
0.0132585 
0.0158069 
0.0184509 
0.0211049 
0.0236686 
0.0260349 
0.0281012 
0.0297725 
0.0309902 
0.0317105 
0.0319043 
0.031554 
0.0306473 
0.0291702 
0.0271089 
0.0244471 
0.02119 
0.0173362 
0.0129527 
0.00804834 
0.00279636 
-0.00279636 
0.00167885 
-0.00167885 
-0.00525914 
-0.00888964 
-0.0122574 
-0.0153544 
-0.0179175 
-0.0197715 
-0.0207507 
-0.0206622 
-0.0197729 
-0.0182281 
-0.0162569 
-0.014112 
-0.0120301 
-0.0101718 
-0.00861167 
-0.00735382 
-0.00636459 
-0.00559806 
-0.00500925 
-0.00455951 
-0.00421596 
-0.00395235 
-0.00374589 
-0.00357886 
-0.00343409 
-0.00329841 
-0.00315693 
-0.00299841 
-0.00280813 
-0.00257432 
-0.00227898 
-0.00190844 
-0.00144207 
-0.000863567 
-0.000152914 
0.000714282 
0.00175763 
0.00300489 
0.004476 
0.00619306 
0.00816685 
0.010397 
0.0128617 
0.015514 
0.0182788 
0.0210572 
0.0237338 
0.0261871 
0.0282984 
0.0299624 
0.0311036 
0.0316877 
0.0316979 
0.0311404 
0.0300346 
0.0283975 
0.0262385 
0.023552 
0.0203414 
0.0165973 
0.0123738 
0.00767552 
0.00266021 
-0.00266021 
0.00125565 
-0.00125565 
-0.00403261 
-0.0068889 
-0.00951632 
-0.0119581 
-0.0139822 
-0.0154694 
-0.0163071 
-0.0162969 
-0.0155988 
-0.014329 
-0.0126618 
-0.0108194 
-0.00902003 
-0.00742126 
-0.0061011 
-0.00506877 
-0.00429332 
-0.0037296 
-0.00333254 
-0.0030637 
-0.00289061 
-0.00278775 
-0.00273324 
-0.00271029 
-0.00270288 
-0.00269879 
-0.00268427 
-0.00264876 
-0.00257859 
-0.00246171 
-0.00228037 
-0.00202089 
-0.0016634 
-0.00119119 
-0.000582591 
0.000185656 
0.00114014 
0.00231111 
0.00372509 
0.00540988 
0.00738126 
0.00964145 
0.0121665 
0.014902 
0.017762 
0.0206358 
0.0233979 
0.025918 
0.0280651 
0.0297335 
0.0308043 
0.0312619 
0.0310942 
0.0303283 
0.0290166 
0.027211 
0.0249516 
0.0222517 
0.0191193 
0.0155394 
0.011551 
0.00714973 
0.00247157 
-0.00247157 
0.000771192 
-0.000771192 
-0.00261188 
-0.00455278 
-0.00628549 
-0.00791396 
-0.0092349 
-0.0101949 
-0.010758 
-0.0108463 
-0.0104144 
-0.00952272 
-0.008286 
-0.00687903 
-0.00548908 
-0.00426103 
-0.00327335 
-0.00254065 
-0.0020374 
-0.00172235 
-0.00155324 
-0.00149389 
-0.00151416 
-0.00159065 
-0.00170353 
-0.00183784 
-0.00197947 
-0.0021178 
-0.00224076 
-0.00233887 
-0.00239987 
-0.00241154 
-0.00235719 
-0.00222376 
-0.00199258 
-0.00164607 
-0.00116154 
-0.000513965 
0.000325605 
0.00139299 
0.00272109 
0.004342 
0.00627596 
0.00852472 
0.0110589 
0.0138146 
0.0166967 
0.0195883 
0.0223631 
0.0248913 
0.0270396 
0.0286987 
0.0297172 
0.030075 
0.0297633 
0.0288271 
0.027352 
0.0254236 
0.0231119 
0.0204517 
0.0174603 
0.0141203 
0.0104571 
0.00645522 
0.00222525 
-0.00222525 
0.000236041 
-0.000236041 
-0.00103904 
-0.00196729 
-0.00268912 
-0.00338677 
-0.00387115 
-0.00417581 
-0.00435778 
-0.00451011 
-0.00438168 
-0.00392888 
-0.0032128 
-0.00234912 
-0.00148012 
-0.000725296 
-0.000157426 
0.000204317 
0.000378786 
0.000401169 
0.000308426 
0.000132113 
-0.000101874 
-0.000373792 
-0.000667149 
-0.000969944 
-0.00127074 
-0.00156098 
-0.00183074 
-0.00207225 
-0.00227481 
-0.00242646 
-0.00251265 
-0.00252148 
-0.00243537 
-0.00223605 
-0.00189998 
-0.00139991 
-0.00070391 
0.000224369 
0.00142724 
0.00293649 
0.00477575 
0.0069402 
0.0093914 
0.0120559 
0.0148344 
0.0176142 
0.0202828 
0.022724 
0.024817 
0.0264437 
0.0274419 
0.02774 
0.0273431 
0.0263099 
0.0247595 
0.0228068 
0.0205461 
0.0180293 
0.0152821 
0.0122877 
0.00906033 
0.00557497 
0.00191596 
-0.00191596 
-0.000335507 
0.000335507 
0.000635327 
0.000771594 
0.00112326 
0.00142303 
0.00182958 
0.00218741 
0.0023628 
0.00227973 
0.00218958 
0.0022346 
0.00241381 
0.00267843 
0.00294614 
0.00313895 
0.00320459 
0.00312736 
0.00292039 
0.00261052 
0.00222639 
0.0017923 
0.00132782 
0.000847518 
0.000363257 
-0.000116552 
-0.000583825 
-0.00103309 
-0.00145699 
-0.00184985 
-0.00220266 
-0.00250453 
-0.00274413 
-0.00291077 
-0.00298821 
-0.00295802 
-0.00279648 
-0.00247462 
-0.00195847 
-0.00120812 
-0.000185613 
0.00114774 
0.00280709 
0.00477886 
0.00701178 
0.00942689 
0.0119297 
0.014426 
0.0168332 
0.019063 
0.0210223 
0.0225877 
0.0235995 
0.0238908 
0.0234849 
0.0224557 
0.0209595 
0.019132 
0.0170798 
0.014861 
0.0125037 
0.00999202 
0.00733248 
0.00449508 
0.0015398 
-0.0015398 
-0.000925691 
0.000925691 
0.00236166 
0.00358605 
0.00501045 
0.00630849 
0.00755176 
0.00849232 
0.00900791 
0.00910643 
0.00895268 
0.00869384 
0.00838624 
0.00804862 
0.00767264 
0.00724106 
0.00673998 
0.00616854 
0.00553797 
0.00486545 
0.00416829 
0.00346082 
0.0027543 
0.00205675 
0.00137459 
0.000712027 
7.32202e-05 
-0.00053972 
-0.00112272 
-0.001673 
-0.00218299 
-0.00264421 
-0.00304904 
-0.00338808 
-0.00364704 
-0.00380841 
-0.00384917 
-0.0037402 
-0.00344629 
-0.0029273 
-0.00214496 
-0.00107101 
0.000297685 
0.00193688 
0.00378256 
0.00575881 
0.00778714 
0.00980758 
0.0117799 
0.0136533 
0.0153744 
0.0168254 
0.0178749 
0.018223 
0.0179078 
0.0170097 
0.0157355 
0.0142285 
0.0125884 
0.0108621 
0.00907254 
0.00720415 
0.00526002 
0.00321129 
0.00109665 
-0.00109665 
-0.00152127 
0.00152127 
0.00410897 
0.00642547 
0.00887803 
0.0111202 
0.0131129 
0.0145906 
0.0154744 
0.0157987 
0.0156661 
0.0151924 
0.014456 
0.0135357 
0.0125049 
0.0114223 
0.0103252 
0.00923419 
0.00816074 
0.00711187 
0.00609237 
0.00510532 
0.00415266 
0.00323509 
0.00235299 
0.00150572 
0.000693297 
-8.54046e-05 
-0.000829838 
-0.00154092 
-0.00221276 
-0.00284045 
-0.00342014 
-0.00394416 
-0.0044012 
-0.00477585 
-0.00504727 
-0.00518804 
-0.00516454 
-0.00493895 
-0.00447735 
-0.0037616 
-0.00280463 
-0.00165259 
-0.000372055 
0.000970379 
0.00233126 
0.00369568 
0.00506423 
0.00642199 
0.00775978 
0.00897721 
0.0100549 
0.0105232 
0.0103875 
0.00978497 
0.00896041 
0.008022 
0.00703379 
0.00601761 
0.00498721 
0.00393127 
0.00285382 
0.00173486 
0.000592351 
-0.000592351 
-0.00211763 
0.00211763 
0.00586655 
0.00926759 
0.0126845 
0.0157914 
0.018458 
0.0204471 
0.0217083 
0.0222757 
0.0221973 
0.0215446 
0.0204072 
0.018922 
0.0172465 
0.015519 
0.0138303 
0.012224 
0.0107122 
0.00929156 
0.00795417 
0.0066917 
0.00549671 
0.0043625 
0.00328339 
0.00225388 
0.00126963 
0.000326174 
-0.000579598 
-0.00145195 
-0.00228778 
-0.00308651 
-0.00384784 
-0.00456686 
-0.00523616 
-0.00584381 
-0.00637295 
-0.00680029 
-0.00709696 
-0.00723169 
-0.00718006 
-0.00693744 
-0.00653079 
-0.00601583 
-0.00545676 
-0.0048969 
-0.0043393 
-0.00375998 
-0.0031288 
-0.00243282 
-0.00166371 
-0.000884774 
-0.000114532 
0.000409034 
0.000723115 
0.000779023 
0.000730061 
0.000638351 
0.000533012 
0.000423923 
0.000323813 
0.00023357 
0.000161107 
0.000103847 
4.45782e-05 
-4.45782e-05 
-0.00271538 
0.00271538 
0.00763755 
0.0121149 
0.0164347 
0.0203229 
0.0236017 
0.0260723 
0.027696 
0.0284864 
0.0284398 
0.0275901 
0.0260441 
0.0240022 
0.0217063 
0.0193684 
0.0171255 
0.0150382 
0.0131166 
0.011347 
0.00970989 
0.00818646 
0.00676087 
0.00541967 
0.00415159 
0.00294655 
0.00179608 
0.000692245 
-0.000371562 
-0.00140255 
-0.00240158 
-0.00337256 
-0.0043188 
-0.00523921 
-0.00613112 
-0.00698764 
-0.00779774 
-0.00854483 
-0.0092081 
-0.00976658 
-0.0102089 
-0.0105448 
-0.0108115 
-0.0110621 
-0.0113395 
-0.0116529 
-0.0119727 
-0.0122491 
-0.0124339 
-0.0124977 
-0.0124279 
-0.0122362 
-0.0119355 
-0.0113457 
-0.0104476 
-0.00948243 
-0.00852829 
-0.00758637 
-0.0066544 
-0.00572063 
-0.00476709 
-0.00377568 
-0.00273613 
-0.00163118 
-0.000528964 
0.000528964 
-0.00331713 
0.00331713 
0.00943097 
0.0149834 
0.0201614 
0.0247573 
0.0285909 
0.0314961 
0.0334357 
0.0343842 
0.0342909 
0.0331744 
0.0311809 
0.0285864 
0.0257116 
0.0228264 
0.0200967 
0.017589 
0.015307 
0.0132272 
0.0113203 
0.00955941 
0.007922 
0.00638913 
0.00494478 
0.00357495 
0.00226742 
0.00101109 
-0.000204115 
-0.00138797 
-0.00254608 
-0.00368673 
-0.00481698 
-0.00594055 
-0.00706023 
-0.00817556 
-0.00928306 
-0.0103752 
-0.011442 
-0.0124753 
-0.0134772 
-0.0144683 
-0.0154864 
-0.0165696 
-0.0177319 
-0.0189482 
-0.0201611 
-0.021301 
-0.0223044 
-0.0231214 
-0.0237051 
-0.023998 
-0.0238717 
-0.0231055 
-0.021769 
-0.0200457 
-0.018147 
-0.016177 
-0.0141776 
-0.0121507 
-0.010081 
-0.00794296 
-0.0057284 
-0.0034132 
-0.00111379 
0.00111379 
-0.00392458 
0.00392458 
0.0112506 
0.017883 
0.0238939 
0.0291405 
0.0334681 
0.0367368 
0.0389032 
0.039886 
0.0396098 
0.0381181 
0.0356284 
0.0324998 
0.0291161 
0.0257778 
0.0226556 
0.0198088 
0.0172313 
0.0148915 
0.0127536 
0.0107857 
0.00896084 
0.00725621 
0.00565232 
0.00413203 
0.00267995 
0.00128225 
-7.44131e-05 
-0.00140208 
-0.00271144 
-0.00401495 
-0.00532359 
-0.00664651 
-0.00799253 
-0.00936865 
-0.0107803 
-0.0122308 
-0.0137226 
-0.0152611 
-0.0168598 
-0.0185429 
-0.0203388 
-0.0222607 
-0.0242892 
-0.0263681 
-0.0284168 
-0.0303469 
-0.0320727 
-0.0335103 
-0.0345649 
-0.0351234 
-0.0350274 
-0.0341131 
-0.0324478 
-0.0301723 
-0.0275158 
-0.0246449 
-0.0216489 
-0.018559 
-0.0153757 
-0.0120829 
-0.00868303 
-0.0051668 
-0.00168736 
0.00168736 
-0.00453381 
0.00453381 
0.0130807 
0.0207917 
0.0276185 
0.0334666 
0.0382141 
0.0417393 
0.0439882 
0.0448195 
0.0441865 
0.0422086 
0.0392015 
0.0355997 
0.0318175 
0.0281503 
0.0247494 
0.0216568 
0.0188567 
0.0163129 
0.0139877 
0.0118472 
0.00986286 
0.00800972 
0.00626606 
0.00461257 
0.00303137 
0.00150635 
2.13228e-05 
-0.00143785 
-0.00288685 
-0.00434194 
-0.00581821 
-0.00733036 
-0.0088936 
-0.0105229 
-0.0122334 
-0.0140399 
-0.015958 
-0.0180053 
-0.0202028 
-0.0225713 
-0.0251204 
-0.0278334 
-0.0306578 
-0.0335105 
-0.0362905 
-0.0388901 
-0.0411987 
-0.0430995 
-0.0444635 
-0.0451566 
-0.0450327 
-0.0439861 
-0.0420746 
-0.0394046 
-0.0361768 
-0.0325681 
-0.0286985 
-0.024631 
-0.0203932 
-0.0159938 
-0.0114575 
-0.00680887 
-0.00222375 
0.00222375 
-0.00513119 
0.00513119 
0.0148735 
0.0236325 
0.03124 
0.037624 
0.0426847 
0.0463114 
0.0484365 
0.0488926 
0.0477431 
0.0452254 
0.0417547 
0.0378062 
0.0337785 
0.0299266 
0.0263666 
0.0231216 
0.0201706 
0.0174786 
0.0150101 
0.0127329 
0.0106186 
0.00864207 
0.00678052 
0.00501332 
0.00332082 
0.00168509 
8.76697e-05 
-0.00148757 
-0.00306082 
-0.00465178 
-0.00627953 
-0.00796421 
-0.00972726 
-0.0115916 
-0.0135818 
-0.0157244 
-0.018047 
-0.0205778 
-0.0233407 
-0.0263472 
-0.0295834 
-0.0330005 
-0.036515 
-0.0400201 
-0.0433977 
-0.0465237 
-0.0492689 
-0.0514955 
-0.0530597 
-0.0538275 
-0.0536724 
-0.0525215 
-0.0504229 
-0.0474616 
-0.0438005 
-0.039601 
-0.0349938 
-0.0300678 
-0.0248814 
-0.019478 
-0.0139154 
-0.0082604 
-0.00269828 
0.00269828 
-0.00569032 
0.00569032 
0.0165409 
0.0262565 
0.0345543 
0.0413564 
0.046567 
0.0500842 
0.0518369 
0.0517387 
0.0500137 
0.0470261 
0.0432509 
0.0391447 
0.0350454 
0.0311488 
0.0275357 
0.0242185 
0.0211788 
0.0183884 
0.0158176 
0.0134379 
0.0112232 
0.00914907 
0.00719265 
0.00533275 
0.0035486 
0.00182093 
0.000129559 
-0.00154342 
-0.00322204 
-0.00492893 
-0.00668684 
-0.00852079 
-0.0104579 
-0.0125284 
-0.0147656 
-0.017206 
-0.0198884 
-0.0228488 
-0.0261115 
-0.029676 
-0.0335035 
-0.037514 
-0.0415955 
-0.0456197 
-0.0494544 
-0.0529651 
-0.0560137 
-0.0584557 
-0.0601462 
-0.0609572 
-0.0607775 
-0.05955 
-0.0573109 
-0.054128 
-0.0501318 
-0.0454633 
-0.0402533 
-0.0346095 
-0.0286203 
-0.0223667 
-0.0159434 
-0.00945688 
-0.00309083 
0.00309083 
-0.00617023 
0.00617023 
0.0179507 
0.0284379 
