0 
-0.00123591 
-0.000980055 
0.00157962 
0.00551413 
0.0102871 
0.0155422 
0.0210509 
0.0266666 
0.0323031 
0.0379113 
0.0434647 
0.0489474 
0.0543468 
0.059648 
0.0648308 
0.0698685 
0.0747273 
0.0793668 
0.083741 
0.0877993 
0.0914885 
0.0947545 
0.0975442 
0.0998077 
0.101502 
0.102594 
0.103062 
0.102893 
0.102079 
0.100623 
0.09854 
0.0958579 
0.0926187 
0.0888779 
0.0847052 
0.0801832 
0.0754051 
0.0704721 
0.0654884 
0.0605555 
0.055764 
0.0511821 
0.0468418 
0.0427266 
0.0387752 
0.0349123 
0.0310967 
0.027354 
0.0237616 
0.0204017 
0.0173252 
0.0145467 
0.0120602 
0.00985231 
0.00790996 
0.00622158 
0.00477683 
0.00356499 
0.00257257 
0.00178454 
0.00117796 
0.000723412 
0.000384867 
0.000119359 
0 
0.00123591 
-0.00123591 
-0.000980055 
0.00157962 
0.00551413 
0.0102871 
0.0155422 
0.0210509 
0.0266666 
0.0323031 
0.0379113 
0.0434647 
0.0489474 
0.0543468 
0.059648 
0.0648308 
0.0698685 
0.0747273 
0.0793668 
0.083741 
0.0877993 
0.0914885 
0.0947545 
0.0975442 
0.0998077 
0.101502 
0.102594 
0.103062 
0.102893 
0.102079 
0.100623 
0.09854 
0.0958579 
0.0926187 
0.0888779 
0.0847052 
0.0801832 
0.0754051 
0.0704721 
0.0654884 
0.0605555 
0.055764 
0.0511821 
0.0468418 
0.0427266 
0.0387752 
0.0349123 
0.0310967 
0.027354 
0.0237616 
0.0204017 
0.0173252 
0.0145467 
0.0120602 
0.00985231 
0.00790996 
0.00622158 
0.00477683 
0.00356499 
0.00257257 
0.00178454 
0.00117796 
0.000723412 
0.000384867 
0.000119359 
-0.000119359 
-0.000157933 
0.000157933 
0.00278397 
0.00607065 
0.0101302 
0.0147359 
0.0196796 
0.0248041 
0.0300032 
0.0352151 
0.0404074 
0.0455645 
0.0506784 
0.0557414 
0.0607419 
0.0656615 
0.0704743 
0.0751468 
0.0796382 
0.0839017 
0.0878862 
0.0915376 
0.094801 
0.0976222 
0.0999494 
0.101737 
0.102937 
0.103509 
0.10344 
0.102718 
0.101343 
0.0993295 
0.0967026 
0.0935026 
0.0897833 
0.085613 
0.0810727 
0.0762549 
0.0712596 
0.0661894 
0.061144 
0.0562117 
0.0514607 
0.0469278 
0.0426109 
0.0384732 
0.0344677 
0.0305746 
0.0268212 
0.023267 
0.019967 
0.0169502 
0.0142211 
0.0117717 
0.0095906 
0.00766739 
0.0059931 
0.00455974 
0.00335942 
0.00238168 
0.00161292 
0.00103258 
0.000612049 
0.000314527 
9.51784e-05 
-9.51784e-05 
-0.00152426 
0.00152426 
0.00485073 
0.00849927 
0.0125484 
0.0169105 
0.0214496 
0.0260739 
0.0307245 
0.0353755 
0.0400203 
0.0446615 
0.0493024 
0.0539419 
0.0585713 
0.0631728 
0.0677192 
0.0721747 
0.0764958 
0.0806328 
0.0845317 
0.0881361 
0.0913887 
0.0942341 
0.0966205 
0.0985017 
0.0998382 
0.100583 
0.100721 
0.100235 
0.0991196 
0.0973815 
0.0950377 
0.0921176 
0.0886645 
0.0847363 
0.0804049 
0.0757557 
0.0708831 
0.0658867 
0.0608642 
0.0559039 
0.0510769 
0.0464277 
0.0419699 
0.0376911 
0.0335742 
0.0296239 
0.0258748 
0.022372 
0.0191454 
0.0162028 
0.0135375 
0.0111394 
0.0089991 
0.00710963 
0.00546578 
0.00406335 
0.00289724 
0.00195992 
0.00124059 
0.000719648 
0.000373527 
0.000164208 
4.34877e-05 
-4.34877e-05 
-0.00159043 
0.00159043 
0.00525981 
0.00920541 
0.013245 
0.017351 
0.0214491 
0.0255237 
0.0295744 
0.0336199 
0.0376841 
0.0417884 
0.0459467 
0.050162 
0.0544258 
0.058718 
0.0630077 
0.0672547 
0.0714113 
0.0754236 
0.0792336 
0.0827813 
0.0860066 
0.0888516 
0.0912633 
0.0931952 
0.0946138 
0.0954773 
0.0957752 
0.0954937 
0.0946265 
0.0931774 
0.0911575 
0.0885867 
0.0854956 
0.0819278 
0.0779409 
0.0736064 
0.0690077 
0.0642361 
0.0593841 
0.0545382 
0.0497706 
0.0451321 
0.0406483 
0.0363282 
0.0321829 
0.0282424 
0.0245501 
0.0211386 
0.0180157 
0.0151706 
0.0125883 
0.0102573 
0.00817023 
0.0063241 
0.00471734 
0.00335053 
0.00222407 
0.00133409 
0.000679353 
0.000244894 
8.39601e-06 
-6.82338e-05 
-3.72813e-05 
3.72813e-05 
-0.00158929 
0.00158929 
0.00530434 
0.00920319 
0.0129948 
0.0166891 
0.0202543 
0.023734 
0.0271728 
0.030624 
0.034133 
0.0377332 
0.0414429 
0.045265 
0.049188 
0.0531879 
0.0572297 
0.0612696 
0.0652562 
0.0691325 
0.0728378 
0.0763095 
0.0794846 
0.082303 
0.0847096 
0.086657 
0.0881138 
0.0890435 
0.0894397 
0.0892959 
0.0886113 
0.087393 
0.0856524 
0.0834052 
0.0806739 
0.0774897 
0.0738954 
0.0699469 
0.0657129 
0.0612719 
0.0567071 
0.0520988 
0.0475164 
0.0430121 
0.0386195 
0.0343651 
0.0302865 
0.0264371 
0.0228656 
0.0195911 
0.0166012 
0.0138717 
0.0113831 
0.00912462 
0.00709284 
0.00528893 
0.00371749 
0.00238531 
0.00129945 
0.000469196 
-0.000101039 
-0.000419948 
-0.000507585 
-0.00040086 
-0.000154093 
0.000154093 
-0.00147251 
0.00147251 
0.00498634 
0.00862842 
0.0120227 
0.0152231 
0.0182293 
0.0211284 
0.0239948 
0.0269031 
0.0299098 
0.033052 
0.0363471 
0.0397951 
0.0433817 
0.0470803 
0.0508544 
0.0546591 
0.0584425 
0.0621473 
0.0657123 
0.0690739 
0.0721676 
0.0749309 
0.0773062 
0.0792433 
0.0807102 
0.0816705 
0.0821217 
0.0820657 
0.0815089 
0.0804652 
0.0789503 
0.0769806 
0.0745749 
0.0717566 
0.0685569 
0.065018 
0.0611935 
0.0571477 
0.0529512 
0.0486743 
0.0443789 
0.0401136 
0.0359161 
0.0318284 
0.027912 
0.0242383 
0.0208544 
0.0177623 
0.0149329 
0.0123341 
0.00994625 
0.00776229 
0.00578344 
0.00401746 
0.00247346 
0.00117077 
0.000124797 
-0.000634604 
-0.00110684 
-0.00129308 
-0.00119716 
-0.000852318 
-0.000314707 
0.000314707 
-0.00131693 
0.00131693 
0.00447759 
0.00770077 
0.0105901 
0.0132524 
0.0157049 
0.0180615 
0.0204077 
0.0228256 
0.0253722 
0.0280818 
0.0309685 
0.0340301 
0.0372516 
0.0406077 
0.0440637 
0.0475774 
0.0510994 
0.0545752 
0.0579456 
0.061148 
0.0641177 
0.0667903 
0.0691056 
0.0710097 
0.0724686 
0.0734437 
0.0739346 
0.0739496 
0.0735019 
0.0726114 
0.071298 
0.0695803 
0.0674765 
0.065006 
0.0621929 
0.059069 
0.0556756 
0.0520637 
0.0482902 
0.0444125 
0.0404813 
0.0365378 
0.0326216 
0.02879 
0.0251252 
0.0217071 
0.0185714 
0.0157001 
0.0130517 
0.0105924 
0.00830679 
0.00619331 
0.0042593 
0.00251781 
0.000988998 
-0.000293682 
-0.00129518 
-0.00199884 
-0.00237857 
-0.00241986 
-0.00210618 
-0.0014593 
-0.000534432 
0.000534432 
-0.00111621 
0.00111621 
0.00381376 
0.00652584 
0.00886843 
0.0109967 
0.0129301 
0.0147929 
0.0166672 
0.0186324 
0.0207389 
0.0230161 
0.0254753 
0.0281147 
0.0309222 
0.033877 
0.0369498 
0.0401038 
0.043295 
0.0464737 
0.0495853 
0.0525705 
0.0553664 
0.057908 
0.0601326 
0.0619828 
0.0634212 
0.0644033 
0.0649312 
0.0650191 
0.0646857 
0.0639547 
0.062848 
0.0613847 
0.059582 
0.0574573 
0.0550306 
0.0523272 
0.0493796 
0.0462274 
0.0429145 
0.0394838 
0.0359724 
0.0324126 
0.0288474 
0.02535 
0.022017 
0.0189236 
0.0160833 
0.0134584 
0.0110014 
0.00868279 
0.00649434 
0.00444045 
0.00253566 
0.000798906 
-0.000725041 
-0.00199938 
-0.00299067 
-0.0036593 
-0.00396369 
-0.00385544 
-0.00329002 
-0.00226555 
-0.000831552 
0.000831552 
-0.00089461 
0.00089461 
0.00306955 
0.00522313 
0.0070168 
0.00863586 
0.0100902 
0.0115013 
0.0129376 
0.0144692 
0.0161372 
0.0179665 
0.0199674 
0.0221413 
0.0244814 
0.026974 
0.0295971 
0.0323211 
0.0351092 
0.0379184 
0.0407005 
0.0434021 
0.0459645 
0.0483241 
0.0504181 
0.0521863 
0.0535882 
0.054574 
0.0551486 
0.0553305 
0.0551403 
0.0546006 
0.0537305 
0.0525467 
0.0510648 
0.0493006 
0.047272 
0.0450011 
0.0425145 
0.0398427 
0.0370175 
0.0340667 
0.0310132 
0.0278829 
0.0247262 
0.0216316 
0.0186989 
0.0159824 
0.0134669 
0.0110993 
0.00883376 
0.00664995 
0.00454735 
0.00253789 
0.00063986 
-0.00110246 
-0.00264819 
-0.00395607 
-0.0049811 
-0.00565523 
-0.00591317 
-0.00565882 
-0.00480064 
-0.00330442 
-0.00121756 
0.00121756 
-0.000661355 
0.000661355 
0.00228855 
0.00387361 
0.00514457 
0.00628929 
0.00730455 
0.00829795 
0.00931938 
0.0104267 
0.0116516 
0.0130157 
0.0145306 
0.0162017 
0.0180295 
0.0200076 
0.0221228 
0.0243538 
0.0266722 
0.0290427 
0.031425 
0.0337736 
0.0360368 
0.0381564 
0.0400716 
0.0417234 
0.0430682 
0.0440547 
0.0446923 
0.0450013 
0.044997 
0.0446935 
0.0441022 
0.0432344 
0.042103 
0.0407229 
0.0391119 
0.0372905 
0.0352816 
0.033108 
0.0307895 
0.0283396 
0.025769 
0.0231032 
0.020405 
0.017773 
0.0152925 
0.012983 
0.0108005 
0.00868583 
0.00660239 
0.00454044 
0.00250782 
0.000520148 
-0.00138623 
-0.00316627 
-0.00478089 
-0.00617693 
-0.00728713 
-0.00801666 
-0.00825867 
-0.00784051 
-0.0066154 
-0.00453338 
-0.00166766 
0.00166766 
-0.00042761 
0.00042761 
0.00151058 
0.00254191 
0.00332935 
0.00403539 
0.00464779 
0.00525094 
0.00587622 
0.00656731 
0.00734844 
0.00823863 
0.00925181 
0.0103978 
0.0116837 
0.0131108 
0.0146748 
0.0163638 
0.0181585 
0.0200322 
0.0219525 
0.0238828 
0.0257817 
0.0275999 
0.0292824 
0.0307743 
0.0320311 
0.0330218 
0.0337553 
0.0342377 
0.0344675 
0.0344439 
0.0341691 
0.0336493 
0.0328954 
0.0319224 
0.0307487 
0.0293943 
0.0278785 
0.0262163 
0.0244156 
0.0224769 
0.0204055 
0.0182346 
0.016041 
0.0139189 
0.0119196 
0.0100211 
0.00815978 
0.00628168 
0.00436381 
0.00240708 
0.000423872 
-0.00156012 
-0.00350288 
-0.00536554 
-0.00710206 
-0.008645 
-0.0098987 
-0.0107253 
-0.0109333 
-0.010258 
-0.00853983 
-0.00577627 
-0.00210453 
0.00210453 
-0.000199325 
0.000199325 
0.000760866 
0.00127011 
0.00161734 
0.00191954 
0.00216262 
0.00240114 
0.00265057 
0.00293958 
0.00328656 
0.00370848 
0.00422131 
0.0048385 
0.00557276 
0.0064326 
0.00742257 
0.00854068 
0.00977748 
0.0111156 
0.0125311 
0.0139956 
0.0154797 
0.0169479 
0.018358 
0.0196623 
0.0208197 
0.0218349 
0.0226923 
0.0233735 
0.0238566 
0.0241284 
0.0241837 
0.024025 
0.0236623 
0.0231105 
0.0223879 
0.021513 
0.0204998 
0.0193544 
0.0180729 
0.0166483 
0.0150896 
0.0134445 
0.0117952 
0.0102096 
0.00869084 
0.00718132 
0.00561351 
0.00394781 
0.00217527 
0.000303815 
-0.00165122 
-0.00365414 
-0.00567024 
-0.00766261 
-0.00957501 
-0.011318 
-0.0127418 
-0.0136285 
-0.0136613 
-0.0125489 
-0.0102228 
-0.0067874 
-0.00243947 
0.00243947 
2.06069e-05 
-2.06069e-05 
5.50375e-05 
8.50273e-05 
3.40221e-05 
-3.29136e-05 
-0.000127295 
-0.000226567 
-0.000327859 
-0.000417805 
-0.000482562 
-0.00050754 
-0.000475516 
-0.000370642 
-0.000175791 
0.000123849 
0.000541177 
0.00108391 
0.00175325 
0.00254245 
0.0034371 
0.00441709 
0.00546377 
0.00655748 
0.00768111 
0.00880599 
0.00989082 
0.0109429 
0.0119104 
0.0127682 
0.0134819 
0.0140309 
0.014404 
0.0146006 
0.0146286 
0.0145015 
0.0142355 
0.013844 
0.0133336 
0.0126999 
0.011931 
0.0110211 
0.00999198 
0.00890313 
0.00782129 
0.00676735 
0.00569617 
0.00453319 
0.00322253 
0.0017419 
9.28559e-05 
-0.00171642 
-0.00365889 
-0.00570558 
-0.00782921 
-0.00999119 
-0.0121166 
-0.014067 
-0.0155931 
-0.0163682 
-0.0159891 
-0.0142961 
-0.0113755 
-0.00742156 
-0.00263564 
0.00263564 
0.000237394 
-0.000237394 
-0.000605173 
-0.000999045 
-0.00140756 
-0.0018075 
-0.0022084 
-0.00261684 
-0.00303938 
-0.00347667 
-0.00391908 
-0.00435499 
-0.00476724 
-0.0051386 
-0.00544891 
-0.00567811 
-0.00580615 
-0.00581608 
-0.0056958 
-0.00544022 
-0.00505187 
-0.00454046 
-0.00391589 
-0.00318775 
-0.00235419 
-0.00141501 
-0.00040293 
0.000670563 
0.0017165 
0.00271157 
0.00361674 
0.00440919 
0.00507436 
0.00560847 
0.00601633 
0.00630759 
0.00649254 
0.00657668 
0.00655659 
0.00641967 
0.00615362 
0.00576368 
0.0052852 
0.00477124 
0.00424814 
0.00368289 
0.00300033 
0.00213078 
0.00103851 
-0.00028556 
-0.00183538 
-0.00359328 
-0.00553663 
-0.00764657 
-0.00990075 
-0.0122494 
-0.014574 
-0.016643 
-0.0180821 
-0.0184995 
-0.0175406 
-0.0152935 
-0.0119364 
-0.00768822 
-0.00270836 
0.00270836 
0.000447921 
-0.000447921 
-0.00121476 
-0.00197857 
-0.00270762 
-0.00340477 
-0.00408073 
-0.0047648 
-0.00547227 
-0.00621599 
-0.00699115 
-0.00778987 
-0.00859622 
-0.00939277 
-0.0101576 
-0.0108666 
-0.0114938 
-0.0120136 
-0.012403 
-0.0126442 
-0.0127263 
-0.0126453 
-0.0124013 
-0.0119969 
-0.0114308 
-0.0106944 
-0.00981456 
-0.00878558 
-0.00770713 
-0.00661481 
-0.00555233 
-0.00454451 
-0.00360958 
-0.00275495 
-0.00198068 
-0.00128359 
-0.000661978 
-0.000120101 
0.000330362 
0.000675004 
0.000909187 
0.00105137 
0.00113531 
0.00118171 
0.00116388 
0.00101055 
0.000643099 
1.21643e-05 
-0.000901437 
-0.00209331 
-0.0035532 
-0.00526462 
-0.00721476 
-0.00939384 
-0.0117767 
-0.0142818 
-0.0167117 
-0.0187175 
-0.0198443 
-0.0197427 
-0.0182285 
-0.0155922 
-0.0120005 
-0.00766295 
-0.00268567 
0.00268567 
0.000642434 
-0.000642434 
-0.00176703 
-0.00285989 
-0.00387653 
-0.00483761 
-0.00575514 
-0.00667581 
-0.00762375 
-0.00862309 
-0.00967481 
-0.0107754 
-0.0119111 
-0.0130656 
-0.014217 
-0.0153393 
-0.0164023 
-0.0173735 
-0.0182205 
-0.0189132 
-0.019427 
-0.0197435 
-0.0198508 
-0.0197428 
-0.0194171 
-0.0188705 
-0.0181341 
-0.0171955 
-0.0161355 
-0.0149927 
-0.0138132 
-0.0126247 
-0.0114497 
-0.0103009 
-0.00918522 
-0.00810814 
-0.00707712 
-0.0061041 
-0.00520336 
-0.00438425 
-0.00364336 
-0.00296507 
-0.00234184 
-0.00179977 
-0.00140599 
-0.00124102 
-0.00136578 
-0.00180585 
-0.00256564 
-0.00363569 
-0.00500644 
-0.00666787 
-0.00861763 
-0.0108497 
-0.0133218 
-0.0158948 
-0.0182738 
-0.0200217 
-0.0206985 
-0.0200768 
-0.0181831 
-0.0153387 
-0.0116834 
-0.00741364 
-0.00258899 
0.00258899 
0.000819542 
-0.000819542 
-0.00226438 
-0.00365146 
-0.00492561 
-0.00611956 
-0.00724532 
-0.0083625 
-0.00950357 
-0.0107034 
-0.0119695 
-0.0133033 
-0.014694 
-0.0161275 
-0.0175832 
-0.0190352 
-0.020452 
-0.0217971 
-0.0230312 
-0.0241149 
-0.0250115 
-0.0256899 
-0.0261261 
-0.0263047 
-0.0262177 
-0.0258625 
-0.0252683 
-0.0244261 
-0.0234038 
-0.0222389 
-0.0209735 
-0.0196369 
-0.0182551 
-0.016846 
-0.015424 
-0.0140022 
-0.0125951 
-0.0112178 
-0.00988366 
-0.00859939 
-0.00736651 
-0.00619243 
-0.0051086 
-0.00417823 
-0.00348126 
-0.00308354 
-0.00302103 
-0.00330138 
-0.00392127 
-0.00487109 
-0.00614507 
-0.00774171 
-0.00966616 
-0.0119072 
-0.0143893 
-0.016903 
-0.0190748 
-0.0204473 
-0.0206734 
-0.0196657 
-0.0175764 
-0.014666 
-0.0110717 
-0.00698859 
-0.0024329 
0.0024329 
0.000979511 
-0.000979511 
-0.00271088 
-0.00436203 
-0.00586703 
-0.00726633 
-0.00856963 
-0.00984528 
-0.011133 
-0.0124779 
-0.0138948 
-0.0153907 
-0.0169581 
-0.0185855 
-0.0202547 
-0.0219419 
-0.0236164 
-0.0252413 
-0.0267743 
-0.0281701 
-0.0293837 
-0.0303732 
-0.0311036 
-0.0315492 
-0.0316936 
-0.0315313 
-0.0310852 
-0.0303481 
-0.0293768 
-0.0282094 
-0.0268831 
-0.0254281 
-0.0238725 
-0.022239 
-0.0205476 
-0.0188171 
-0.0170661 
-0.0153122 
-0.0135712 
-0.0118581 
-0.0101946 
-0.00861945 
-0.00719484 
-0.00599701 
-0.00509473 
-0.00453007 
-0.00431856 
-0.00445815 
-0.00494295 
-0.0057658 
-0.00692609 
-0.00842983 
-0.010284 
-0.0124631 
-0.0148503 
-0.017177 
-0.0190382 
-0.0200209 
-0.0198961 
-0.0186735 
-0.016531 
-0.0136604 
-0.0102212 
-0.00641969 
-0.00222708 
0.00222708 
0.00112372 
-0.00112372 
-0.00311147 
-0.00500009 
-0.0067127 
-0.00829403 
-0.00974878 
-0.0111499 
-0.0125426 
-0.0139811 
-0.0154887 
-0.0170782 
-0.0187459 
-0.020483 
-0.022274 
-0.0240978 
-0.0259268 
-0.0277262 
-0.0294545 
-0.031065 
-0.0325087 
-0.0337374 
-0.0347072 
-0.0353826 
-0.0357378 
-0.0357597 
-0.0354618 
-0.0348354 
-0.0339273 
-0.0327749 
-0.0314113 
-0.0298667 
-0.0281708 
-0.0263494 
-0.0244269 
-0.0224269 
-0.0203727 
-0.0182884 
-0.0162002 
-0.0141411 
-0.0121571 
-0.0103107 
-0.00867423 
-0.00731575 
-0.00628259 
-0.00559613 
-0.00525974 
-0.00526785 
-0.00561465 
-0.00629622 
-0.00731663 
-0.0086859 
-0.010407 
-0.012435 
-0.0146183 
-0.0166599 
-0.0181746 
-0.0188284 
-0.0184907 
-0.0172037 
-0.0151127 
-0.0123663 
-0.00916247 
-0.0057256 
-0.00197744 
0.00197744 
0.00125355 
-0.00125355 
-0.00347053 
-0.00557298 
-0.00747322 
-0.00921782 
-0.0108038 
-0.0123047 
-0.0137683 
-0.0152568 
-0.0168022 
-0.018424 
-0.0201232 
-0.0218934 
-0.0237212 
-0.0255885 
-0.0274712 
-0.0293384 
-0.031152 
-0.0328679 
-0.0344376 
-0.035811 
-0.0369398 
-0.0377818 
-0.0383026 
-0.0384806 
-0.0383178 
-0.0378009 
-0.0369646 
-0.035843 
-0.0344652 
-0.032861 
-0.0310608 
-0.0290935 
-0.026988 
-0.0247738 
-0.0224823 
-0.0201487 
-0.0178147 
-0.0155316 
-0.0133618 
-0.0113749 
-0.00963619 
-0.00819568 
-0.00708107 
-0.00630083 
-0.00585293 
-0.00573136 
-0.0059312 
-0.00645111 
-0.00729758 
-0.00848016 
-0.00999378 
-0.0117763 
-0.0136596 
-0.015356 
-0.0165378 
-0.0169546 
-0.0165349 
-0.0152963 
-0.0133353 
-0.0107922 
-0.0079054 
-0.00491374 
-0.00168664 
0.00168664 
0.00137014 
-0.00137014 
-0.00379138 
-0.00608611 
-0.0081567 
-0.01005 
-0.0117535 
-0.0133368 
-0.0148471 
-0.0163524 
-0.017893 
-0.0194967 
-0.0211697 
-0.0229086 
-0.0247018 
-0.0265333 
-0.0283818 
-0.0302208 
-0.0320169 
-0.0337309 
-0.0353181 
-0.0367309 
-0.0379212 
-0.0388444 
-0.0394613 
-0.0397434 
-0.0396817 
-0.0392578 
-0.0384925 
-0.0374125 
-0.0360428 
-0.0344117 
-0.0325505 
-0.0304915 
-0.0282688 
-0.0259198 
-0.0234857 
-0.0210141 
-0.0185595 
-0.0161839 
-0.0139532 
-0.0119304 
-0.010166 
-0.00869294 
-0.00752602 
-0.00666759 
-0.00611392 
-0.00585941 
-0.00589954 
-0.00623377 
-0.0068677 
-0.00780631 
-0.00903539 
-0.0104838 
-0.0119906 
-0.0133095 
-0.0141909 
-0.0144556 
-0.0140548 
-0.0129405 
-0.0111729 
-0.00892195 
-0.0064461 
-0.00398404 
-0.00135556 
0.00135556 
0.00147415 
-0.00147415 
-0.00407583 
-0.00654238 
-0.0087676 
-0.0107984 
-0.0126111 
-0.0142683 
-0.0158124 
-0.0173135 
-0.0188194 
-0.0203667 
-0.0219691 
-0.023627 
-0.025331 
-0.0270661 
-0.0288132 
-0.030549 
-0.0322448 
-0.0338668 
-0.0353761 
-0.0367303 
-0.0378852 
-0.038798 
-0.0394293 
-0.0397472 
-0.0397352 
-0.0393715 
-0.0386634 
-0.0376278 
-0.0362849 
-0.0346613 
-0.0327887 
-0.0307026 
-0.0284425 
-0.026053 
-0.0235838 
-0.0210904 
-0.018633 
-0.0162742 
-0.0140739 
-0.0120826 
-0.0103369 
-0.00885776 
-0.00765354 
-0.00672431 
-0.0060659 
-0.00567262 
-0.00553924 
-0.00566356 
-0.00604684 
-0.0066865 
-0.00756059 
-0.00859942 
-0.00967035 
-0.0105896 
-0.0111931 
-0.0113604 
-0.0110438 
-0.0100969 
-0.00857941 
-0.00673117 
-0.00477705 
-0.00293463 
-0.000984897 
0.000984897 
0.00156568 
-0.00156568 
-0.00432408 
-0.00694181 
-0.00930609 
-0.0114646 
-0.0133825 
-0.0151129 
-0.0166888 
-0.0181781 
-0.0196333 
-0.0210998 
-0.0226004 
-0.0241421 
-0.0257185 
-0.0273162 
-0.028917 
-0.0304998 
-0.0320394 
-0.033507 
-0.0348695 
-0.0360908 
-0.0371326 
-0.0379571 
-0.0385282 
-0.0388148 
-0.0387965 
-0.0384514 
-0.0377759 
-0.0367783 
-0.0354746 
-0.0338886 
-0.032052 
-0.030002 
-0.0277816 
-0.0254393 
-0.0230285 
-0.0206063 
-0.0182314 
-0.0159602 
-0.0138422 
-0.0119165 
-0.0102095 
-0.00873567 
-0.00750039 
-0.00650297 
-0.00573871 
-0.00520094 
-0.00488233 
-0.00477662 
-0.00487808 
-0.00517489 
-0.00563982 
-0.00621275 
-0.0068021 
-0.00729425 
-0.00761152 
-0.00768526 
-0.0074769 
-0.00671553 
-0.00551818 
-0.00420881 
-0.00290045 
-0.0017692 
-0.000577638 
0.000577638 
0.00164429 
-0.00164429 
-0.00453479 
-0.00728172 
-0.00976796 
-0.0120436 
-0.0140644 
-0.0158722 
-0.0174876 
-0.018971 
-0.0203745 
-0.0217506 
-0.023132 
-0.024535 
-0.0259592 
-0.0273941 
-0.0288229 
-0.0302255 
-0.0315792 
-0.0328586 
-0.0340359 
-0.0350807 
-0.0359611 
-0.0366452 
-0.0371022 
-0.0373047 
-0.0372323 
-0.0368659 
-0.0361958 
-0.0352246 
-0.0339643 
-0.0324365 
-0.0306709 
-0.0287045 
-0.0265804 
-0.0243469 
-0.0220558 
-0.0197606 
-0.0175136 
-0.0153624 
-0.013347 
-0.0114977 
-0.00983447 
-0.00836848 
-0.00710365 
-0.00603857 
-0.00516757 
-0.00448208 
-0.00397152 
-0.00362393 
-0.00342503 
-0.00335318 
-0.0033776 
-0.00345089 
-0.00352537 
-0.00355384 
-0.00353809 
-0.00346989 
-0.00337145 
-0.00277135 
-0.00201006 
-0.00138517 
-0.000843478 
-0.000505487 
-0.000141808 
0.000141808 
0.00170911 
-0.00170911 
-0.0047056 
-0.00755746 
-0.0101456 
-0.0125247 
-0.0146439 
-0.0165348 
-0.0182036 
-0.0196981 
-0.0210644 
-0.0223567 
-0.0236165 
-0.024871 
-0.0261293 
-0.027387 
-0.0286303 
-0.0298407 
-0.0309969 
-0.0320762 
-0.0330541 
-0.0339054 
-0.0346037 
-0.035123 
-0.0354383 
-0.0355268 
-0.0353705 
-0.034954 
-0.0342663 
-0.0333074 
-0.0320871 
-0.0306243 
-0.0289463 
-0.0270873 
-0.0250876 
-0.0229915 
-0.0208459 
-0.0186977 
-0.016591 
-0.0145653 
-0.0126526 
-0.010877 
-0.00925486 
-0.00779494 
-0.00650009 
-0.00536786 
-0.00439117 
-0.00355916 
-0.0028575 
-0.00226815 
-0.00176904 
-0.00133057 
-0.000919562 
-0.000497406 
-4.96375e-05 
0.000423462 
0.00084612 
0.00119154 
0.00130214 
0.00168131 
0.00181076 
0.00164416 
0.00133225 
0.000819157 
0.000308066 
-0.000308066 
0.00175914 
-0.00175914 
-0.00483401 
-0.00776404 
-0.01043 
-0.0128934 
-0.0151007 
-0.0170765 
-0.0188131 
-0.0203429 
-0.0216994 
-0.022932 
-0.0240854 
-0.0251967 
-0.0262868 
-0.0273613 
-0.0284133 
-0.0294277 
-0.0303851 
-0.0312647 
-0.0320445 
-0.0327027 
-0.0332172 
-0.0335669 
-0.0337316 
-0.0336935 
-0.0334379 
-0.0329537 
-0.0322326 
-0.0312735 
-0.0300851 
-0.0286836 
-0.0270933 
-0.0253443 
-0.0234722 
-0.0215157 
-0.0195149 
-0.0175092 
-0.0155353 
-0.0136253 
-0.0118053 
-0.0100951 
-0.00850782 
-0.00705067 
-0.00572514 
-0.00452761 
-0.00344939 
-0.00247738 
-0.00159373 
-0.000775826 
4.39005e-06 
0.000783859 
0.0015991 
0.00248343 
0.00343003 
0.00439912 
0.005268 
0.00594416 
0.00628244 
0.00623276 
0.0056745 
0.00470529 
0.00352661 
0.00214621 
0.000753307 
-0.000753307 
0.00179343 
-0.00179343 
-0.00491865 
-0.00789843 
-0.0106145 
-0.0131366 
-0.0154126 
-0.0174651 
-0.0192766 
-0.0208643 
-0.0222455 
-0.0234568 
-0.0245385 
-0.0255315 
-0.0264671 
-0.0273633 
-0.028224 
-0.0290417 
-0.0298016 
-0.0304851 
-0.0310725 
-0.0315442 
-0.0318816 
-0.032067 
-0.0320848 
-0.031921 
-0.0315648 
-0.0310076 
-0.0302452 
-0.0292757 
-0.028108 
-0.0267565 
-0.0252422 
-0.0235912 
-0.0218336 
-0.0200021 
-0.0181301 
-0.01625 
-0.0143917 
-0.0125815 
-0.0108406 
-0.00918506 
-0.00762575 
-0.00616804 
-0.00481206 
-0.00355299 
-0.00238062 
-0.00128019 
-0.000231708 
0.000790875 
0.00182239 
0.00290545 
0.00407919 
0.0053697 
0.00675138 
0.00814283 
0.00939045 
0.0103206 
0.010821 
0.0104066 
0.00926724 
0.0075803 
0.00560152 
0.00340081 
0.00117246 
-0.00117246 
0.00181163 
-0.00181163 
-0.00496091 
-0.00796266 
-0.0106995 
-0.0132489 
-0.0155639 
-0.0176706 
-0.0195481 
-0.0212036 
-0.0226385 
-0.0238726 
-0.024933 
-0.0258549 
-0.0266728 
-0.0274148 
-0.0280975 
-0.0287251 
-0.0292917 
-0.0297842 
-0.0301861 
-0.0304801 
-0.0306497 
-0.0306797 
-0.0305571 
-0.0302711 
-0.0298135 
-0.0291789 
-0.0283669 
-0.0273774 
-0.0262184 
-0.0249028 
-0.0234485 
-0.0218775 
-0.0202152 
-0.0184883 
-0.0167243 
-0.0149493 
-0.0131876 
-0.0114602 
-0.00978462 
-0.00817376 
-0.00663614 
-0.00517554 
-0.00379077 
-0.00247604 
-0.00122014 
-8.07767e-06 
0.00118196 
0.00238043 
0.0036254 
0.00496138 
0.00642757 
0.00804032 
0.00975718 
0.0114587 
0.0129633 
0.0140332 
0.0145288 
0.0138951 
0.0123278 
0.0100687 
0.00742124 
0.00451039 
0.0015441 
-0.0015441 
0.00181406 
-0.00181406 
-0.00496623 
-0.00796658 
-0.0106972 
-0.0132405 
-0.0155566 
-0.0176793 
-0.0195922 
-0.0213006 
-0.0227966 
-0.0240848 
-0.0251748 
-0.0260873 
-0.0268488 
-0.0274881 
-0.0280296 
-0.0284898 
-0.0288751 
-0.0291826 
-0.0294028 
-0.0295228 
-0.0295289 
-0.0294084 
-0.0291506 
-0.0287471 
-0.0281924 
-0.0274835 
-0.0266213 
-0.025607 
-0.0244466 
-0.0231527 
-0.0217409 
-0.02023 
-0.0186413 
-0.0169966 
-0.0153184 
-0.0136277 
-0.0119435 
-0.0102829 
-0.00865969 
-0.00708425 
-0.00556297 
-0.00409822 
-0.0026877 
-0.00132518 
2.65482e-07 
0.00130414 
0.00261103 
0.0039521 
0.00536586 
0.00689529 
0.00857632 
0.0104141 
0.0123509 
0.0142386 
0.0158712 
0.0169689 
0.0173458 
0.0165511 
0.0147079 
0.0120501 
0.00889986 
0.00542527 
0.00185284 
-0.00185284 
0.00180913 
-0.00180913 
-0.00494732 
-0.0079308 
-0.0106351 
-0.0131432 
-0.0154208 
-0.017511 
-0.0194077 
-0.0211234 
-0.0226516 
-0.0239902 
-0.0251356 
-0.0260913 
-0.0268673 
-0.0274807 
-0.0279522 
-0.0283023 
-0.0285469 
-0.0286951 
-0.0287489 
-0.0287043 
-0.0285538 
-0.0282883 
-0.0278997 
-0.027381 
-0.0267279 
-0.0259387 
-0.0250142 
-0.0239606 
-0.0227838 
-0.0214952 
-0.0201083 
-0.0186389 
-0.0171047 
-0.0155235 
-0.0139133 
-0.0122899 
-0.010668 
-0.00906105 
-0.00748007 
-0.00593305 
-0.00442465 
-0.00295621 
-0.00152465 
-0.00012463 
0.00125502 
0.00263136 
0.00402853 
0.00547641 
0.00701152 
0.00867235 
0.0104885 
0.0124534 
0.0144969 
0.0164529 
0.0180989 
0.01914 
0.0193586 
0.0184247 
0.0164072 
0.0135 
0.0100089 
0.0061253 
0.00209194 
-0.00209194 
0.0018054 
-0.0018054 
-0.00492674 
-0.00788597 
-0.0105559 
-0.0130112 
-0.0152192 
-0.0172299 
-0.0190487 
-0.0207016 
-0.0221933 
-0.023528 
-0.0247007 
-0.0257055 
-0.0265372 
-0.027195 
-0.0276838 
-0.0280137 
-0.0281976 
-0.028249 
-0.0281785 
-0.0279932 
-0.0276958 
-0.0272863 
-0.0267629 
-0.0261238 
-0.0253679 
-0.0244962 
-0.0235113 
-0.022419 
-0.021224 
-0.019933 
-0.018559 
-0.0171158 
-0.0156192 
-0.0140833 
-0.0125229 
-0.0109504 
-0.0093761 
-0.00781042 
-0.00626199 
-0.00473699 
-0.00323854 
-0.0017677 
-0.000321012 
0.00110603 
0.00252626 
0.00395558 
0.00541633 
0.0069355 
0.00854551 
0.0102782 
0.0121548 
0.014158 
0.0162082 
0.0181328 
0.0197035 
0.0206307 
0.0206876 
0.0196372 
0.0175112 
0.0144647 
0.0107686 
0.00661729 
0.00226295 
-0.00226295 
0.00180598 
-0.00180598 
-0.00492938 
-0.00787016 
-0.0105109 
-0.0129129 
-0.0150388 
-0.0169398 
-0.0186295 
-0.0201467 
-0.0215123 
-0.0227465 
-0.0238563 
-0.0248421 
-0.0256962 
-0.0264078 
-0.0269655 
-0.027361 
-0.0275906 
-0.0276559 
-0.0275629 
-0.0273202 
-0.0269375 
-0.0264244 
-0.0257895 
-0.0250402 
-0.0241826 
-0.0232216 
-0.0221614 
-0.0210069 
-0.0197645 
-0.0184454 
-0.0170617 
-0.0156249 
-0.014149 
-0.0126456 
-0.0111261 
-0.00959643 
-0.00806075 
-0.00652903 
-0.00500794 
-0.00350228 
-0.00201395 
-0.000544341 
0.000910385 
0.00235554 
0.00380291 
0.00526642 
0.00676544 
0.0083228 
0.00996524 
0.0117168 
0.0135891 
0.0155562 
0.0175329 
0.0193493 
0.0207819 
0.0215603 
0.0214638 
0.0203181 
0.0181304 
0.0150229 
0.0112268 
0.0069256 
0.00237316 
-0.00237316 
0.00181695 
-0.00181695 
-0.00496849 
-0.00792236 
-0.010549 
-0.012915 
-0.0149687 
-0.0167577 
-0.0182969 
-0.0196326 
-0.0207985 
-0.0218314 
-0.0227572 
-0.0235941 
-0.0243489 
-0.0250183 
-0.0255903 
-0.026047 
-0.0263687 
-0.0265369 
-0.0265379 
-0.0263641 
-0.0260146 
-0.0254948 
-0.0248155 
-0.0239919 
-0.0230419 
-0.0219846 
-0.0208379 
-0.0196172 
-0.0183346 
-0.017 
-0.0156139 
-0.014184 
-0.0127254 
-0.0112444 
-0.00975125 
-0.00825187 
-0.00674464 
-0.00523758 
-0.00373622 
-0.0022459 
-0.000766334 
0.000700125 
0.00215904 
0.00361505 
0.00507798 
0.0065592 
0.00807425 
0.00964105 
0.0112797 
0.0130059 
0.0148221 
0.0166955 
0.0185396 
0.0201939 
0.021448 
0.0220578 
0.0218181 
0.020595 
0.0183791 
0.0152638 
0.0114439 
0.00708363 
0.00243302 
-0.00243302 
0.00184075 
-0.00184075 
-0.00505197 
-0.00805618 
-0.0107052 
-0.0130618 
-0.015072 
-0.0167723 
-0.0181757 
-0.019329 
-0.0202719 
-0.021051 
-0.0217063 
-0.0222733 
-0.0227788 
-0.0232403 
-0.0236637 
-0.0240434 
-0.0243632 
-0.0245991 
-0.024723 
-0.0247074 
-0.0245286 
-0.0241697 
-0.0236224 
-0.0228882 
-0.0219784 
-0.0209137 
-0.0197218 
-0.0184336 
-0.0170769 
-0.0156716 
-0.014227 
-0.0127563 
-0.0112778 
-0.00980272 
-0.00834195 
-0.00688121 
-0.00539715 
-0.00391194 
-0.00243161 
-0.000959077 
0.00050735 
0.00196719 
0.00342498 
0.00488436 
0.00635228 
0.00783683 
0.00934913 
0.0109016 
0.0125072 
0.0141738 
0.0158953 
0.0176344 
0.0193064 
0.0207644 
0.021817 
0.022249 
0.0218747 
0.0205854 
0.0183624 
0.0152732 
0.0114808 
0.00712696 
0.002454 
-0.002454 
0.00187785 
-0.00187785 
-0.00518129 
-0.0082691 
-0.0109856 
-0.0133656 
-0.0153677 
-0.0170148 
-0.0183184 
-0.0193227 
-0.0200697 
-0.0206099 
-0.0209888 
-0.0212497 
-0.0214304 
-0.0215636 
-0.0216753 
-0.0217826 
-0.0218919 
-0.0219975 
-0.0220821 
-0.0221189 
-0.0220751 
-0.0219156 
-0.021607 
-0.0211204 
-0.0204346 
-0.0195395 
-0.0184396 
-0.0171575 
-0.0157366 
-0.0142382 
-0.0127315 
-0.0112707 
-0.00984304 
-0.00840631 
-0.00696439 
-0.00552671 
-0.00406404 
-0.00259669 
-0.00112873 
0.000332296 
0.00179049 
0.00324583 
0.00470186 
0.00616088 
0.00762695 
0.00910462 
0.0106003 
0.0121207 
0.013672 
0.0152544 
0.0168552 
0.0184342 
0.019911 
0.0211547 
0.0219954 
0.0222466 
0.0217438 
0.0203928 
0.0181731 
0.0151279 
0.0113939 
0.00708944 
0.0024472 
-0.0024472 
0.00192771 
-0.00192771 
-0.00535258 
-0.00855514 
-0.0113709 
-0.0138157 
-0.015838 
-0.017466 
-0.0187044 
-0.0195987 
-0.020193 
-0.0205425 
-0.0206966 
-0.0207014 
-0.0205964 
-0.0204165 
-0.0201929 
-0.0199534 
-0.0197215 
-0.0195141 
-0.0193392 
-0.0191943 
-0.0190657 
-0.0189301 
-0.0187563 
-0.018508 
-0.0181459 
-0.0176306 
-0.0169252 
-0.0160003 
-0.014841 
-0.013456 
-0.0118893 
-0.010213 
-0.00853334 
-0.0069493 
-0.00552196 
-0.00416071 
-0.0026873 
-0.00121098 
0.000234286 
0.00167567 
0.00311468 
0.00455768 
0.00600541 
0.0074579 
0.00891523 
0.0103776 
0.011846 
0.0133216 
0.0148037 
0.016286 
0.0177503 
0.0191553 
0.0204266 
0.0214493 
0.0220762 
0.0221468 
0.0215193 
0.0201046 
0.0178889 
0.014893 
0.0112319 
0.00700096 
0.00242263 
-0.00242263 
0.00198864 
-0.00198864 
-0.00556019 
-0.00890341 
-0.0118446 
-0.0143836 
-0.0164541 
-0.0180872 
-0.0192843 
-0.0200928 
-0.020562 
-0.0207548 
-0.0207293 
-0.0205379 
-0.0202231 
-0.0198191 
-0.0193539 
-0.0188521 
-0.0183358 
-0.0178256 
-0.0173394 
-0.0168908 
-0.0164875 
-0.0161293 
-0.0158075 
-0.0155047 
-0.0151952 
-0.0148455 
-0.014414 
-0.0138509 
-0.0131004 
-0.0121053 
-0.0108287 
-0.00926769 
-0.00752451 
-0.00573403 
-0.00421397 
-0.00278529 
-0.00131983 
0.000139343 
0.00158396 
0.00302035 
0.00445414 
0.00589134 
0.00733364 
0.00877957 
0.0102262 
0.0116694 
0.0131051 
0.0145287 
0.0159333 
0.017307 
0.0186275 
0.0198535 
0.0209177 
0.0217205 
0.0221366 
0.0220291 
0.0212769 
0.0197964 
0.0175745 
0.0146228 
0.0110353 
0.00688687 
0.00238891 
-0.00238891 
0.00205841 
-0.00205841 
-0.0057974 
-0.00930307 
-0.0123925 
-0.0150482 
-0.0171942 
-0.018848 
-0.0200194 
-0.0207532 
-0.0211059 
-0.0211505 
-0.0209579 
-0.0205919 
-0.0201035 
-0.0195313 
-0.0189036 
-0.0182418 
-0.0175628 
-0.0168811 
-0.0162092 
-0.0155584 
-0.0149377 
-0.014354 
-0.0138106 
-0.0133068 
-0.0128376 
-0.0123932 
-0.0119584 
-0.0115117 
-0.0110229 
-0.0104514 
-0.00975115 
-0.00887188 
-0.00775675 
-0.00633696 
-0.00456905 
-0.0025143 
-0.000506866 
0.00131805 
0.00289681 
0.00438479 
0.00583578 
0.00727722 
0.00871855 
0.0101587 
0.011593 
0.0130138 
0.0144124 
0.0157788 
0.0171007 
0.0183614 
0.0195355 
0.0205828 
0.0214428 
0.0220305 
0.0222405 
0.0219573 
0.021078 
0.0195257 
0.0172832 
0.0143606 
0.0108375 
0.00676827 
0.00235332 
-0.00235332 
0.002134 
-0.002134 
-0.00605556 
-0.00974077 
-0.0129972 
-0.01579 
-0.0180316 
-0.0197247 
-0.0208823 
-0.0215481 
-0.0217851 
-0.0216775 
-0.0213112 
-0.020765 
-0.020102 
-0.0193687 
-0.0185974 
-0.0178097 
-0.0170208 
-0.0162413 
-0.015479 
-0.0147393 
-0.0140256 
-0.0133396 
-0.0126813 
-0.0120492 
-0.0114405 
-0.0108514 
-0.0102772 
-0.00971154 
-0.00914449 
-0.00855764 
-0.00792115 
-0.00719392 
-0.00632014 
-0.005208 
-0.00371644 
-0.00192796 
3.60308e-05 
0.00195263 
0.00375121 
0.00543884 
0.00704192 
0.00858676 
0.0100932 
0.0115694 
0.0130163 
0.0144284 
0.0157964 
0.0171078 
0.0183471 
0.0194944 
0.0205228 
0.0213942 
0.0220549 
0.0224331 
0.0224412 
0.0219829 
0.0209715 
0.0193373 
0.0170612 
0.0141427 
0.0106666 
0.00666321 
0.00232204 
-0.00232204 
0.00221144 
-0.00221144 
-0.00632348 
-0.0101995 
-0.0136372 
-0.0165847 
-0.0189401 
-0.020692 
-0.0218459 
-0.0224499 
-0.0225705 
-0.0223038 
-0.0217526 
-0.0210129 
-0.0201629 
-0.0192594 
-0.0183399 
-0.0174276 
-0.0165365 
-0.0156747 
-0.0148468 
-0.0140547 
-0.013298 
-0.0125746 
-0.0118803 
-0.0112094 
-0.0105547 
-0.00990858 
-0.00926365 
-0.00861361 
-0.00795298 
-0.00727524 
-0.0065637 
-0.00579013 
-0.00491865 
-0.00392721 
-0.00280232 
-0.00160499 
-0.000327973 
0.00120083 
0.00314428 
0.00518462 
0.00722572 
0.00916569 
0.0109921 
0.0127039 
0.0143097 
0.0158144 
0.0172184 
0.0185165 
0.019698 
0.0207463 
0.021638 
0.0223399 
0.0228069 
0.0229799 
0.0227879 
0.022152 
0.0210005 
0.0192711 
0.0169449 
0.0140108 
0.0105489 
0.00658933 
0.00230078 
-0.00230078 
0.00228562 
-0.00228562 
-0.00658646 
-0.0106564 
-0.0142831 
-0.0173983 
-0.019883 
-0.0217101 
-0.0228731 
-0.0234219 
-0.0234269 
-0.022995 
-0.0222476 
-0.0213002 
-0.0202492 
-0.0191637 
-0.018088 
-0.0170471 
-0.0160538 
-0.0151135 
-0.0142272 
-0.0133932 
-0.0126078 
-0.0118657 
-0.0111601 
-0.0104832 
-0.00982565 
-0.00917757 
-0.00852824 
-0.00786768 
-0.0071862 
-0.00647698 
-0.00572926 
-0.00492807 
-0.00404696 
-0.00306811 
-0.0019443 
-0.000718285 
0.000556438 
0.00202488 
0.0037179 
0.00559379 
0.00758491 
0.00961203 
0.0116149 
0.0135416 
0.0153564 
0.0170351 
0.0185617 
0.0199236 
0.0211092 
0.0221049 
0.0228928 
0.0234478 
0.0237359 
0.0237121 
0.0233223 
0.0225047 
0.0212024 
0.0193624 
0.0169667 
0.014 
0.0105239 
0.00656641 
0.0022956 
-0.0022956 
0.00235004 
-0.00235004 
-0.00682556 
-0.0110816 
-0.0148957 
-0.018185 
-0.0208105 
-0.0227264 
-0.0239125 
-0.0244137 
-0.0243064 
-0.0237061 
-0.0227541 
-0.021587 
-0.0203224 
-0.0190444 
-0.0178056 
-0.016633 
-0.015538 
-0.0145226 
-0.013584 
-0.0127162 
-0.0119117 
-0.0111618 
-0.0104567 
-0.00978613 
-0.00913865 
-0.00850277 
-0.00786627 
-0.00721778 
-0.00654503 
-0.00583831 
-0.00508415 
-0.00426968 
-0.00337324 
-0.0023855 
-0.00128448 
-8.76592e-05 
0.00122308 
0.00269823 
0.00430221 
0.00602295 
0.0078717 
0.00984151 
0.0118867 
0.0139442 
0.0159466 
0.0178345 
0.0195584 
0.0210798 
0.0223699 
0.0234062 
0.0241698 
0.0246413 
0.0247975 
0.0246088 
0.024039 
0.0230449 
0.021586 
0.019621 
0.0171366 
0.0141141 
0.0106074 
0.00661641 
0.00231152 
-0.00231152 
0.00239669 
-0.00239669 
-0.00701701 
-0.0114368 
-0.0154242 
-0.0188842 
-0.0216561 
-0.0236715 
-0.0248943 
-0.0253553 
-0.025143 
-0.0243762 
-0.0232168 
-0.0218235 
-0.0203373 
-0.0188601 
-0.0174546 
-0.0161507 
-0.0149577 
-0.0138736 
-0.0128909 
-0.011999 
-0.0111863 
-0.0104403 
-0.00974827 
-0.00909727 
-0.00847392 
-0.00786507 
-0.00725691 
-0.0066369 
-0.00599112 
-0.00530872 
-0.00457503 
-0.00377894 
-0.00290027 
-0.00193091 
-0.000846655 
0.000351652 
0.0016598 
0.0031164 
0.00472235 
0.00647158 
0.00834686 
0.0103201 
0.0123559 
0.0144151 
0.0164521 
0.0184149 
0.0202472 
0.0218928 
0.0233007 
0.0244278 
0.0252392 
0.0257068 
0.0258074 
0.0255187 
0.0248182 
0.0236793 
0.0220786 
0.0199885 
0.0174037 
0.0143067 
0.0107473 
0.00671045 
0.00234724 
-0.00234724 
0.00241612 
-0.00241612 
-0.00713216 
-0.011675 
-0.0158049 
-0.0194185 
-0.0223322 
-0.0244518 
-0.0257226 
-0.0261531 
-0.0258471 
-0.0249241 
-0.0235636 
-0.0219468 
-0.0202392 
-0.0185632 
-0.0169935 
-0.0155636 
-0.014281 
-0.0131387 
-0.0121238 
-0.0112206 
-0.0104127 
-0.00968381 
-0.00901778 
-0.00839901 
-0.00781184 
-0.00724148 
-0.00667252 
-0.0060913 
-0.00548245 
-0.0048336 
-0.00412842 
-0.003355 
-0.00249421 
-0.00153634 
-0.000463205 
0.000732617 
0.00205648 
0.00353093 
0.00514671 
0.00689912 
0.00877501 
0.010751 
0.0127904 
0.0148531 
0.0168987 
0.0188795 
0.0207431 
0.0224345 
0.0238994 
0.0250861 
0.0259479 
0.0264447 
0.0265441 
0.0262203 
0.0254534 
0.0242254 
0.0225244 
0.0203349 
0.0176613 
0.0144909 
0.0108726 
0.00678778 
0.002378 
-0.002378 
0.00239764 
-0.00239764 
-0.00713799 
-0.0117408 
-0.0159604 
-0.0196908 
-0.0227255 
-0.0249433 
-0.0262666 
-0.0266833 
-0.0263007 
-0.0252434 
-0.0237018 
-0.0218781 
-0.0199619 
-0.018098 
-0.0163755 
-0.0148329 
-0.0134754 
-0.012291 
-0.0112605 
-0.0103627 
-0.00957611 
-0.00888039 
-0.008256 
-0.00768474 
-0.00714877 
-0.00663167 
-0.00611658 
-0.00558871 
-0.00503142 
-0.00443117 
-0.00377021 
-0.00303569 
-0.00220799 
-0.00127551 
-0.00022081 
0.000970472 
0.00230049 
0.00378877 
0.0054328 
0.00722966 
0.00916218 
0.0112036 
0.0133146 
0.0154478 
0.0175475 
0.0195542 
0.0214127 
0.0230741 
0.0244953 
0.0256354 
0.0264544 
0.0269141 
0.0269794 
0.0266197 
0.0258106 
0.0245321 
0.0227739 
0.0205251 
0.0177954 
0.0145775 
0.0109218 
0.0068114 
0.00238327 
-0.00238327 
0.00233001 
-0.00233001 
-0.00699884 
-0.0115727 
-0.0158032 
-0.0195891 
-0.0227043 
-0.0250014 
-0.0263766 
-0.0267931 
-0.0263575 
-0.0252008 
-0.0235157 
-0.0215209 
-0.0194268 
-0.0174012 
-0.0155494 
-0.0139168 
-0.0125074 
-0.0113035 
-0.0102796 
-0.0094082 
-0.00866287 
-0.00801904 
-0.00745384 
-0.00694654 
-0.00647725 
-0.00602806 
-0.00558076 
-0.00511949 
-0.00462651 
-0.00408677 
-0.00348116 
-0.00279512 
-0.00200866 
-0.00110775 
-7.61731e-05 
0.00110488 
0.00244062 
0.00394863 
0.00562738 
0.00747483 
0.00947433 
0.0115975 
0.0137999 
0.0160247 
0.018205 
0.0202693 
0.0221505 
0.023794 
0.0251558 
0.026203 
0.0269088 
0.02725 
0.0272056 
0.0267535 
0.0258723 
0.0245403 
0.0227435 
0.0204678 
0.0177212 
0.0144972 
0.0108464 
0.00675609 
0.00235909 
-0.00235909 
0.00220234 
-0.00220234 
-0.00667917 
-0.0111079 
-0.015241 
-0.0189915 
-0.022121 
-0.0244604 
-0.0258758 
-0.0263027 
-0.0258433 
-0.0246378 
-0.022868 
-0.0207618 
-0.0185433 
-0.0164019 
-0.0144602 
-0.0127728 
-0.0113438 
-0.0101507 
-0.00916137 
-0.00834237 
-0.00766204 
-0.00709189 
-0.00660595 
-0.00618129 
-0.00579625 
-0.00543171 
-0.00506838 
-0.00468952 
-0.00427646 
-0.00381274 
-0.00327797 
-0.00265618 
-0.00192641 
-0.00107257 
-7.73485e-05 
0.00108116 
0.0024124 
0.0039351 
0.00565258 
0.00756471 
0.00965441 
0.0118893 
0.0142176 
0.0165711 
0.0188701 
0.0210297 
0.0229687 
0.0246137 
0.0259158 
0.0268484 
0.0273962 
0.0275539 
0.0273226 
0.0267019 
0.0256862 
0.0242619 
0.0224143 
0.0201244 
0.0173923 
0.014207 
0.0106139 
0.00660275 
0.00230037 
-0.00230037 
0.00200539 
-0.00200539 
-0.00614756 
-0.0102886 
-0.0141855 
-0.0177761 
-0.020821 
-0.0231407 
-0.0245705 
-0.0250153 
-0.0245664 
-0.0233784 
-0.0216062 
-0.0194749 
-0.0172121 
-0.0150242 
-0.0130509 
-0.0113582 
-0.00995296 
-0.00880918 
-0.00788882 
-0.00715282 
-0.00656479 
-0.00609272 
-0.00570799 
-0.00538587 
-0.00510339 
-0.00484061 
-0.0045775 
-0.00429668 
-0.00397879 
-0.00360597 
-0.00315692 
-0.00261439 
-0.00195647 
-0.001165 
-0.000219552 
0.000902011 
0.00221822 
0.00374893 
0.00550283 
0.00748144 
0.00966707 
0.012022 
0.0144846 
0.0169746 
0.0193985 
0.0216589 
0.0236608 
0.0253232 
0.0265768 
0.0274025 
0.0277884 
0.0277423 
0.0272877 
0.0264507 
0.0252512 
0.0236946 
0.0217753 
0.0194734 
0.0167813 
0.0136788 
0.0102014 
0.00633716 
0.00220283 
-0.00220283 
0.00173303 
-0.00173303 
-0.00538183 
-0.00907195 
-0.0125668 
-0.0158398 
-0.0186641 
-0.0208696 
-0.0222686 
-0.0227333 
-0.0223345 
-0.0212454 
-0.0195755 
-0.017532 
-0.0153329 
-0.0131928 
-0.0112669 
-0.0096342 
-0.00830747 
-0.00725982 
-0.00644894 
-0.00583105 
-0.00536589 
-0.00501865 
-0.00475876 
-0.00456037 
-0.00439981 
-0.00425684 
-0.00411119 
-0.00394525 
-0.00373924 
-0.00347423 
-0.0031286 
-0.00268412 
-0.00211775 
-0.00140901 
-0.00053326 
0.000532249 
0.00181527 
0.00333855 
0.00511635 
0.0071511 
0.00942202 
0.011883 
0.0144612 
0.0170645 
0.0195901 
0.0219325 
0.0239897 
0.0256733 
0.0268956 
0.0276263 
0.0278608 
0.0276164 
0.0269372 
0.0258757 
0.0244794 
0.0227782 
0.0207832 
0.0184805 
0.0158581 
0.0128868 
0.00958881 
0.00594664 
0.00206232 
-0.00206232 
0.00138357 
-0.00138357 
-0.00437385 
-0.00743925 
-0.0103498 
-0.013122 
-0.0155526 
-0.0175075 
-0.0188023 
-0.0192882 
-0.018987 
-0.0180883 
-0.0166417 
-0.0148193 
-0.0128149 
-0.0108403 
-0.00906048 
-0.00756851 
-0.00638635 
-0.00548961 
-0.00483419 
-0.00437329 
-0.00406404 
-0.00386989 
-0.00375932 
-0.00370622 
-0.00368699 
-0.00368176 
-0.00367062 
-0.00363621 
-0.00355875 
-0.00341877 
-0.00319514 
-0.00286873 
-0.00241547 
-0.00181198 
-0.0010301 
-4.34823e-05 
0.00118091 
0.00267135 
0.00444465 
0.00650207 
0.00881538 
0.0113274 
0.0139547 
0.0165984 
0.0191549 
0.0215198 
0.0235926 
0.0252748 
0.0264802 
0.0271363 
0.0272538 
0.0268503 
0.0259876 
0.0247423 
0.0231876 
0.0213779 
0.019343 
0.0170798 
0.0145768 
0.0117984 
0.00875376 
0.00541771 
0.00187442 
-0.00187442 
0.000960257 
-0.000960257 
-0.00313303 
-0.00540509 
-0.0075497 
-0.00963287 
-0.011479 
-0.0130115 
-0.0140824 
-0.0145782 
-0.0144337 
-0.0138184 
-0.0127193 
-0.0112579 
-0.00959201 
-0.0079161 
-0.00639734 
-0.0051401 
-0.00417822 
-0.00349378 
-0.00304419 
-0.00278186 
-0.00266305 
-0.00265091 
-0.00271427 
-0.00282778 
-0.00296894 
-0.003119 
-0.00325915 
-0.00337293 
-0.00344099 
-0.00344429 
-0.00336285 
-0.0031768 
-0.00286117 
-0.00238961 
-0.00173135 
-0.000853321 
0.000275823 
0.00169245 
0.00341072 
0.00542558 
0.00769652 
0.0101546 
0.0127106 
0.0152697 
0.0177403 
0.0200323 
0.022057 
0.02371 
0.0249124 
0.0255243 
0.0255751 
0.0250761 
0.024106 
0.022763 
0.0211406 
0.019312 
0.0173225 
0.0151799 
0.0128761 
0.0103737 
0.00767099 
0.00473631 
0.00163465 
-0.00163465 
0.000469488 
-0.000469488 
-0.00168418 
-0.00301854 
-0.00423618 
-0.00546334 
-0.00654653 
-0.00747871 
-0.00815606 
-0.00862614 
-0.0087064 
-0.00844625 
-0.00780223 
-0.00682994 
-0.00564147 
-0.00439982 
-0.00326396 
-0.00234395 
-0.00168492 
-0.00127852 
-0.00108738 
-0.00106607 
-0.00117218 
-0.00137038 
-0.00163134 
-0.00193159 
-0.00225081 
-0.00257239 
-0.00287941 
-0.00315703 
-0.00338691 
-0.00355167 
-0.00363299 
-0.0036106 
-0.00345916 
-0.00315022 
-0.00265011 
-0.00192268 
-0.000932173 
0.0003482 
0.00193414 
0.00380249 
0.00589984 
0.00814897 
0.0104657 
0.0127737 
0.0150085 
0.0171062 
0.0189974 
0.0205799 
0.0217822 
0.0223985 
0.0224545 
0.0219463 
0.0209725 
0.0196547 
0.0181003 
0.0163919 
0.0145814 
0.0126826 
0.0106915 
0.0085721 
0.00631639 
0.00388981 
0.00133926 
-0.00133926 
-7.97466e-05 
7.97466e-05 
-6.53339e-05 
-0.000360446 
-0.00052951 
-0.000775281 
-0.000956285 
-0.00114833 
-0.00131907 
-0.00167495 
-0.00199261 
-0.00211952 
-0.00199041 
-0.00159625 
-0.000997198 
-0.000310756 
0.000327139 
0.000808117 
0.00107901 
0.00113874 
0.0010175 
0.000755639 
0.000391524 
-4.30618e-05 
-0.000522499 
-0.00102699 
-0.0015398 
-0.00204707 
-0.00253477 
-0.00299033 
-0.00339732 
-0.00374124 
-0.0040058 
-0.00417126 
-0.0042128 
-0.00410098 
-0.00380087 
-0.00327449 
-0.00248712 
-0.00141817 
-7.51885e-05 
0.00150718 
0.00326119 
0.00511352 
0.00699889 
0.00887559 
0.0107155 
0.0124881 
0.0141473 
0.0156064 
0.016797 
0.0174654 
0.0175857 
0.017167 
0.0163212 
0.0151884 
0.013878 
0.0124695 
0.0110099 
0.00951185 
0.00797369 
0.00636424 
0.00467424 
0.00287155 
0.000986999 
-0.000986999 
-0.000673082 
0.000673082 
0.0016771 
0.00248993 
0.00342809 
0.00423108 
0.00498854 
0.00555197 
0.00583411 
0.00569719 
0.00529509 
0.00486145 
0.0045162 
0.00432034 
0.00427287 
0.00431383 
0.00434979 
0.00429204 
0.00408898 
0.00373316 
0.00324633 
0.00266082 
0.00200788 
0.00131322 
0.000596944 
-0.000126171 
-0.000844401 
-0.00154843 
-0.00222791 
-0.00287305 
-0.00347047 
-0.0040096 
-0.00447678 
-0.0048541 
-0.00511858 
-0.00524165 
-0.00518928 
-0.0049255 
-0.00442127 
-0.00366859 
-0.00269426 
-0.00155761 
-0.000328477 
0.000936023 
0.00220925 
0.00349235 
0.00479044 
0.00610373 
0.00740856 
0.00865115 
0.00977208 
0.010566 
0.010838 
0.0105981 
0.0100078 
0.00923984 
0.00837807 
0.00747615 
0.00656105 
0.00563781 
0.00470616 
0.00374365 
0.00274411 
0.00168432 
0.000580141 
-0.000580141 
-0.00129603 
0.00129603 
0.00350682 
0.00547193 
0.00752301 
0.00937015 
0.0110166 
0.0122607 
0.0129655 
0.0130928 
0.0127561 
0.0121543 
0.0114347 
0.0107009 
0.0100072 
0.00935782 
0.00871758 
0.0080384 
0.00728683 
0.00645584 
0.00555856 
0.00461649 
0.00365058 
0.00267771 
0.0017104 
0.000757608 
-0.000174476 
-0.00108228 
-0.00196112 
-0.00280431 
-0.00360269 
-0.00435053 
-0.00503758 
-0.00564945 
-0.0061666 
-0.00656381 
-0.00681116 
-0.00687928 
-0.00675087 
-0.00643562 
-0.00597802 
-0.00544547 
-0.00489924 
-0.00436567 
-0.00382929 
-0.003255 
-0.0026132 
-0.00188396 
-0.00107383 
-0.000205605 
0.000668118 
0.001423 
0.00187378 
0.00204735 
0.00198337 
0.0018402 
0.00166285 
0.00147659 
0.00129038 
0.00110386 
0.000922857 
0.000738389 
0.000549955 
0.000351034 
0.000130806 
-0.000130806 
-0.00193991 
0.00193991 
0.00540277 
0.00854668 
0.0116822 
0.0145256 
0.0169901 
0.0188578 
0.0199969 
0.020418 
0.0202033 
0.0195178 
0.0185061 
0.0172924 
0.0159754 
0.0146238 
0.0132712 
0.0119237 
0.0105777 
0.00923309 
0.00789637 
0.00657707 
0.00528393 
0.00402319 
0.00279836 
0.00161073 
0.000460481 
-0.000654322 
-0.0017355 
-0.00278123 
-0.00378732 
-0.00475357 
-0.00567428 
-0.0065402 
-0.00733727 
-0.00804632 
-0.00864517 
-0.00911556 
-0.00945612 
-0.00969459 
-0.00988644 
-0.0100916 
-0.0103418 
-0.0106249 
-0.0108952 
-0.0110978 
-0.0111891 
-0.0111413 
-0.0109482 
-0.0106199 
-0.0101808 
-0.00966324 
-0.0089987 
-0.0082139 
-0.00745954 
-0.00673217 
-0.00602423 
-0.00533112 
-0.00464832 
-0.00397223 
-0.00328702 
-0.00258347 
-0.0018574 
-0.00109402 
-0.000347635 
0.000347635 
-0.00260221 
0.00260221 
0.00735922 
0.0117 
0.0158791 
0.0196504 
0.0228628 
0.0253094 
0.0268786 
0.0275964 
0.0275296 
0.0268032 
0.0255443 
0.023886 
0.0219658 
0.0199156 
0.0178408 
0.0158083 
0.0138504 
0.0119781 
0.0101924 
0.0084905 
0.00686792 
0.0053192 
0.003838 
0.00241763 
0.00105091 
-0.000269317 
-0.00155107 
-0.00279907 
-0.00401493 
-0.00520437 
-0.00636753 
-0.00750183 
-0.00860071 
-0.00965378 
-0.0106499 
-0.0115848 
-0.0124735 
-0.0133557 
-0.0142851 
-0.0152993 
-0.0163953 
-0.0175278 
-0.0186299 
-0.019636 
-0.0204948 
-0.0211697 
-0.0216357 
-0.0218667 
-0.0218235 
-0.0213697 
-0.0204243 
-0.0190927 
-0.0175463 
-0.0159215 
-0.01428 
-0.0126471 
-0.0110274 
-0.00941381 
-0.00778408 
-0.00611478 
-0.00439906 
-0.00260951 
-0.000844921 
0.000844921 
-0.00328411 
0.00328411 
0.00938029 
0.0149372 
0.0201252 
0.0247544 
0.0286512 
0.031634 
0.0336095 
0.0346044 
0.0346688 
0.0338931 
0.0323846 
0.0302834 
0.0277661 
0.0250276 
0.0222437 
0.0195399 
0.0169836 
0.0145965 
0.0123741 
0.0103013 
0.0083603 
0.00653404 
0.00480629 
0.00316225 
0.00158748 
6.92761e-05 
-0.00140647 
-0.00285101 
-0.00427316 
-0.00568451 
-0.0070923 
-0.00850186 
-0.00991599 
-0.0113353 
-0.0127618 
-0.0142059 
-0.0156947 
-0.0172703 
-0.018971 
-0.0208037 
-0.0227316 
-0.0246849 
-0.0265835 
-0.0283522 
-0.0299266 
-0.0312491 
-0.0322612 
-0.0328902 
-0.0330434 
-0.032562 
-0.0314066 
-0.0296704 
-0.0275176 
-0.0251346 
-0.0226453 
-0.0201139 
-0.0175646 
-0.0149959 
-0.0123881 
-0.00971493 
-0.00697182 
-0.00413693 
-0.00134412 
0.00134412 
-0.00398682 
0.00398682 
0.0114683 
0.0182647 
0.0244438 
0.0298746 
0.0343986 
0.0378665 
0.0402014 
0.0414245 
0.0415626 
0.0406792 
0.0388693 
0.036291 
0.0331673 
0.0297564 
0.0262981 
0.0229668 
0.0198564 
0.0169944 
0.0143696 
0.0119546 
0.0097197 
0.00763684 
0.00568092 
0.00382953 
0.00206162 
0.000358654 
-0.00129891 
-0.00292854 
-0.00454716 
-0.00617217 
-0.00781873 
-0.00950098 
-0.0112323 
-0.0130258 
-0.0148971 
-0.0168691 
-0.0189745 
-0.0212467 
-0.0236991 
-0.0263061 
-0.0290033 
-0.0317042 
-0.034318 
-0.0367573 
-0.0389388 
-0.0407782 
-0.0421843 
-0.0430545 
-0.0432854 
-0.0427489 
-0.0414376 
-0.0394221 
-0.0368442 
-0.0338862 
-0.0306964 
-0.0273694 
-0.0239529 
-0.0204612 
-0.0168874 
-0.0132166 
-0.00945534 
-0.00560581 
-0.00182342 
0.00182342 
-0.00470626 
0.00470626 
0.0136076 
0.0216637 
0.0288313 
0.0350275 
0.040129 
0.0440225 
0.0466458 
0.0480098 
0.0481135 
0.0470113 
0.0448061 
0.0416928 
0.0379513 
0.0339006 
0.0298308 
0.0259479 
0.022358 
0.0190867 
0.0161137 
0.013401 
0.0109085 
0.00859956 
0.0064417 
0.00440605 
0.00246592 
0.00059724 
-0.0012241 
-0.00302164 
-0.00482023 
-0.00664304 
-0.00851337 
-0.0104546 
-0.0124913 
-0.0146492 
-0.0169567 
-0.0194455 
-0.0221462 
-0.0250748 
-0.0282152 
-0.0315118 
-0.0348791 
-0.0382187 
-0.0414306 
-0.0444152 
-0.0470711 
-0.0492931 
-0.0509708 
-0.0519939 
-0.0522667 
-0.0516904 
-0.0502711 
-0.0480668 
-0.0451955 
-0.0418151 
-0.03807 
-0.0340684 
-0.029878 
-0.0255338 
-0.0210511 
-0.0164377 
-0.0117224 
-0.00694206 
-0.00225958 
0.00225958 
-0.00542581 
0.00542581 
0.0157434 
0.0250524 
0.0332007 
0.0401326 
0.0457616 
0.0500061 
0.0528184 
0.0541955 
0.0541169 
0.0526525 
0.0499427 
0.0462422 
0.0418958 
0.037273 
0.0326919 
0.0283669 
0.0243993 
0.020805 
0.0175538 
0.0145996 
0.0118954 
0.00939875 
0.00707181 
0.00488081 
0.00279473 
0.000784764 
-0.00117693 
-0.00311946 
-0.00507482 
-0.00707161 
-0.00914105 
-0.0113155 
-0.0136303 
-0.0161232 
-0.0188336 
-0.0217976 
-0.025038 
-0.0285483 
-0.0322823 
-0.036158 
-0.0400739 
-0.0439236 
-0.047601 
-0.0509981 
-0.054003 
-0.0564995 
-0.0583697 
-0.0595035 
-0.0598137 
-0.059221 
-0.0577351 
-0.0554047 
-0.052326 
-0.0486303 
-0.0444473 
-0.0398874 
-0.0350322 
-0.0299388 
-0.024649 
-0.019201 
-0.0136531 
-0.00807657 
-0.0026308 
0.0026308 
-0.00611146 
0.00611146 
0.0177681 
0.0282608 
