0 
-0.00121691 
-0.000933031 
0.0016761 
0.00568112 
0.0105483 
0.0159123 
0.0215394 
0.0272785 
0.0330393 
0.0387696 
0.04444 
0.0500324 
0.0555315 
0.0609201 
0.0661758 
0.0712696 
0.0761655 
0.0808212 
0.0851885 
0.0892157 
0.0928483 
0.0960314 
0.098712 
0.100841 
0.102378 
0.103295 
0.103573 
0.103201 
0.102174 
0.100502 
0.0982046 
0.0953178 
0.0918898 
0.0879838 
0.0836763 
0.0790558 
0.0742205 
0.0692736 
0.0643191 
0.0594538 
0.0547586 
0.0502855 
0.0460437 
0.0419938 
0.0380628 
0.0341855 
0.0303507 
0.0266136 
0.0230624 
0.0197703 
0.0167727 
0.0140733 
0.0116607 
0.00952027 
0.00763869 
0.00600453 
0.00460761 
0.00343698 
0.00247948 
0.00172001 
0.00113569 
0.00069781 
0.000371499 
0.000115298 
0 
0.00121691 
-0.00121691 
-0.000933031 
0.0016761 
0.00568112 
0.0105483 
0.0159123 
0.0215394 
0.0272785 
0.0330393 
0.0387696 
0.04444 
0.0500324 
0.0555315 
0.0609201 
0.0661758 
0.0712696 
0.0761655 
0.0808212 
0.0851885 
0.0892157 
0.0928483 
0.0960314 
0.098712 
0.100841 
0.102378 
0.103295 
0.103573 
0.103201 
0.102174 
0.100502 
0.0982046 
0.0953178 
0.0918898 
0.0879838 
0.0836763 
0.0790558 
0.0742205 
0.0692736 
0.0643191 
0.0594538 
0.0547586 
0.0502855 
0.0460437 
0.0419938 
0.0380628 
0.0341855 
0.0303507 
0.0266136 
0.0230624 
0.0197703 
0.0167727 
0.0140733 
0.0116607 
0.00952027 
0.00763869 
0.00600453 
0.00460761 
0.00343698 
0.00247948 
0.00172001 
0.00113569 
0.00069781 
0.000371499 
0.000115298 
-0.000115298 
-0.00016286 
0.00016286 
0.00284 
0.00620886 
0.010366 
0.015081 
0.0201419 
0.0253885 
0.0307119 
0.0360478 
0.0413612 
0.0466346 
0.0518578 
0.057021 
0.0621103 
0.0671051 
0.0719773 
0.0766912 
0.0812039 
0.0854668 
0.0894273 
0.09303 
0.0962192 
0.0989407 
0.101143 
0.102782 
0.103804 
0.104182 
0.103905 
0.102963 
0.101363 
0.099124 
0.0962795 
0.0928762 
0.0889755 
0.0846527 
0.0799953 
0.0751003 
0.07007 
0.0650067 
0.0600054 
0.0551458 
0.0504821 
0.0460331 
0.0417789 
0.0376739 
0.0336797 
0.0297981 
0.0260767 
0.0225793 
0.0193525 
0.016414 
0.0137613 
0.0113832 
0.00926753 
0.00740365 
0.00578265 
0.00439651 
0.00323725 
0.00229429 
0.00155371 
0.000995226 
0.000590442 
0.000303824 
9.20622e-05 
-9.20622e-05 
-0.0015505 
0.0015505 
0.00495968 
0.00870506 
0.0128578 
0.0173305 
0.0219846 
0.0267266 
0.0314957 
0.0362645 
0.0410248 
0.0457772 
0.0505235 
0.0552606 
0.0599775 
0.0646544 
0.0692617 
0.0737615 
0.0781082 
0.0822502 
0.0861321 
0.089696 
0.0928842 
0.0956412 
0.0979153 
0.0996633 
0.100839 
0.101407 
0.101349 
0.100655 
0.0993228 
0.0973637 
0.0948007 
0.0916701 
0.0880225 
0.0839234 
0.0794519 
0.0746986 
0.0697617 
0.0647408 
0.0597303 
0.0548114 
0.0500436 
0.0454574 
0.0410532 
0.0368132 
0.0327282 
0.0288183 
0.0251276 
0.0216989 
0.0185528 
0.0156894 
0.013099 
0.0107703 
0.00869393 
0.00686276 
0.00527153 
0.00391585 
0.00279016 
0.00188682 
0.00119452 
0.000693901 
0.000361199 
0.000159603 
4.2538e-05 
-4.2538e-05 
-0.00163606 
0.00163606 
0.00540074 
0.00944686 
0.0135907 
0.017804 
0.022011 
0.0261949 
0.0303548 
0.0345085 
0.038679 
0.0428867 
0.0471438 
0.0514516 
0.0557996 
0.0601652 
0.0645155 
0.068808 
0.0729926 
0.0770136 
0.0808113 
0.0843245 
0.0874925 
0.0902573 
0.0925665 
0.0943769 
0.0956513 
0.0963565 
0.096481 
0.0960129 
0.09495 
0.093299 
0.0910749 
0.0883026 
0.085019 
0.0812748 
0.0771347 
0.0726768 
0.0679891 
0.0631647 
0.0582944 
0.0534594 
0.048723 
0.0441246 
0.0396812 
0.0354006 
0.0313024 
0.027426 
0.0238145 
0.020491 
0.0174538 
0.0146881 
0.0121787 
0.00991477 
0.00788964 
0.00610028 
0.00454503 
0.00322424 
0.00213763 
0.00128131 
0.000652622 
0.000236572 
1.03424e-05 
-6.32238e-05 
-3.47286e-05 
3.47286e-05 
-0.00163494 
0.00163494 
0.00544795 
0.00944968 
0.0133435 
0.0171387 
0.0208034 
0.0243808 
0.0279167 
0.0314641 
0.0350686 
0.0387626 
0.0425633 
0.0464718 
0.0504746 
0.0545453 
0.0586468 
0.0627326 
0.0667491 
0.0706372 
0.0743345 
0.0777767 
0.0809003 
0.0836449 
0.0859562 
0.0877903 
0.0891149 
0.0898998 
0.0901406 
0.0898315 
0.0889746 
0.0875788 
0.0856575 
0.0832293 
0.0803207 
0.0769685 
0.0732218 
0.0691432 
0.0648065 
0.0602937 
0.0556879 
0.0510656 
0.0464896 
0.0420036 
0.0376371 
0.0334206 
0.029401 
0.0256345 
0.0221601 
0.0189819 
0.016079 
0.0134268 
0.011008 
0.00881396 
0.00684198 
0.00509349 
0.00357295 
0.00228683 
0.00124114 
0.000444603 
-0.000100643 
-0.000403491 
-0.000485028 
-0.000381531 
-0.000146226 
0.000146226 
-0.00151798 
0.00151798 
0.00512639 
0.00886564 
0.0123533 
0.0156431 
0.0187352 
0.021718 
0.0246675 
0.0276591 
0.0307496 
0.0339756 
0.0373532 
0.0408811 
0.0445427 
0.0483092 
0.0521418 
0.0559929 
0.0598083 
0.0635284 
0.0670901 
0.0704279 
0.0734761 
0.0761719 
0.0784581 
0.0802884 
0.081631 
0.0824549 
0.0827639 
0.0825592 
0.0818505 
0.0806528 
0.078982 
0.0768557 
0.0742947 
0.0713261 
0.0679858 
0.0643216 
0.0603926 
0.0562667 
0.0520158 
0.0477076 
0.043399 
0.0391335 
0.0349498 
0.0308993 
0.0270527 
0.0234763 
0.0201988 
0.0172046 
0.0144591 
0.011933 
0.00961082 
0.007488 
0.00556681 
0.00385517 
0.00236208 
0.00110615 
0.000101499 
-0.000624151 
-0.00107224 
-0.00124385 
-0.00114628 
-0.000812721 
-0.000299082 
0.000299082 
-0.00135811 
0.00135811 
0.00460421 
0.00791451 
0.0108846 
0.0136219 
0.0161453 
0.0185706 
0.0209855 
0.0234735 
0.0260918 
0.0288745 
0.0318348 
0.0349688 
0.0382598 
0.0416801 
0.0451927 
0.0487528 
0.0523089 
0.0558037 
0.0591761 
0.0623612 
0.0652926 
0.067905 
0.0701382 
0.0719422 
0.0732842 
0.0741296 
0.0744886 
0.0743686 
0.0737861 
0.0727617 
0.0713151 
0.0694647 
0.0672291 
0.0646298 
0.061694 
0.0584578 
0.0549671 
0.0512763 
0.0474435 
0.0435243 
0.0395659 
0.0356081 
0.0316979 
0.0279066 
0.0243226 
0.0210115 
0.0179837 
0.0152051 
0.0126331 
0.0102398 
0.00801472 
0.00595878 
0.00408032 
0.00239244 
0.000915258 
-0.000319099 
-0.00127823 
-0.00194622 
-0.00230071 
-0.00232772 
-0.00201663 
-0.00139111 
-0.000507544 
0.000507544 
-0.00115204 
0.00115204 
0.00392236 
0.00670756 
0.00911537 
0.0113027 
0.0132912 
0.0152074 
0.017136 
0.0191576 
0.0213232 
0.0236619 
0.0261844 
0.0288874 
0.0317573 
0.034771 
0.0378971 
0.0410963 
0.0443225 
0.0475235 
0.0506423 
0.0536175 
0.0563834 
0.0588737 
0.0610251 
0.0627835 
0.0641131 
0.0649728 
0.0653793 
0.0653457 
0.0648939 
0.0640478 
0.0628284 
0.0612541 
0.0593421 
0.0571105 
0.0545815 
0.0517832 
0.0487513 
0.0455279 
0.0421573 
0.0386805 
0.0351327 
0.0315501 
0.0279898 
0.0245409 
0.0212993 
0.0183159 
0.015577 
0.0130336 
0.0106424 
0.00838147 
0.00624763 
0.00424731 
0.00239603 
0.000712703 
-0.000758033 
-0.00198234 
-0.0029281 
-0.003557 
-0.00383237 
-0.00370848 
-0.00314976 
-0.0021594 
-0.000789514 
0.000789514 
-0.000923643 
0.000923643 
0.00315609 
0.0053667 
0.00720896 
0.00887097 
0.0103648 
0.0118143 
0.0132904 
0.0148644 
0.016578 
0.0184559 
0.0205081 
0.0227348 
0.0251279 
0.0276719 
0.0303429 
0.0331089 
0.0359311 
0.0387642 
0.041558 
0.0442563 
0.0467975 
0.0491162 
0.0511479 
0.0528356 
0.0541395 
0.0550139 
0.0554811 
0.0555579 
0.055267 
0.0546304 
0.0536667 
0.0523917 
0.0508209 
0.0489706 
0.0468602 
0.0445134 
0.0419585 
0.0392268 
0.0363491 
0.0333513 
0.0302569 
0.027102 
0.023957 
0.0209238 
0.01809 
0.0154785 
0.0130499 
0.0107481 
0.00853575 
0.00640052 
0.00434612 
0.00238615 
0.000539708 
-0.0011484 
-0.00263986 
-0.00389427 
-0.00486839 
-0.00549637 
-0.00571908 
-0.005447 
-0.00460202 
-0.00315676 
-0.00115969 
0.00115969 
-0.000683065 
0.000683065 
0.00235134 
0.00397636 
0.00527935 
0.00645141 
0.00749117 
0.00850831 
0.00955507 
0.0106901 
0.0119461 
0.0133445 
0.0148969 
0.016608 
0.0184772 
0.020497 
0.0226523 
0.0249197 
0.0272688 
0.0296625 
0.0320585 
0.0344091 
0.0366597 
0.0387492 
0.0406152 
0.0422011 
0.0434624 
0.044355 
0.0449057 
0.0451306 
0.0450457 
0.0446641 
0.0439969 
0.0430557 
0.0418538 
0.0404069 
0.0387338 
0.0368556 
0.0347951 
0.032574 
0.0302095 
0.0277136 
0.0251025 
0.0224188 
0.0197473 
0.0171908 
0.0148098 
0.0125907 
0.0104746 
0.00840761 
0.00636395 
0.00434106 
0.00234993 
0.000407491 
-0.00144843 
-0.00317463 
-0.00473274 
-0.00607041 
-0.00712244 
-0.0077981 
-0.00800026 
-0.00756943 
-0.00637311 
-0.00436219 
-0.00160326 
0.00160326 
-0.000441714 
0.000441714 
0.00154916 
0.00260348 
0.00340732 
0.00412601 
0.00474878 
0.00536154 
0.00599773 
0.00670173 
0.00749871 
0.00840791 
0.00944346 
0.010615 
0.011929 
0.0133859 
0.01498 
0.0166975 
0.0185172 
0.0204107 
0.022344 
0.0242791 
0.0261722 
0.0279709 
0.0296185 
0.0310608 
0.032256 
0.0331831 
0.0338572 
0.0342796 
0.0344489 
0.0343647 
0.0340303 
0.0334534 
0.0326461 
0.0316246 
0.0304076 
0.0290146 
0.0274629 
0.0257646 
0.0239239 
0.0219426 
0.0198377 
0.0176652 
0.0155186 
0.0134812 
0.0115711 
0.00973976 
0.00792097 
0.00607209 
0.00418086 
0.00225365 
0.000305004 
-0.00163742 
-0.00353211 
-0.00534126 
-0.00701856 
-0.00849769 
-0.00968733 
-0.0104581 
-0.0106361 
-0.0099725 
-0.0083089 
-0.005628 
-0.00205304 
0.00205304 
-0.000205942 
0.000205942 
0.000776029 
0.00129214 
0.00164148 
0.00194282 
0.00218319 
0.00241796 
0.00266436 
0.00295161 
0.0032992 
0.00372447 
0.004244 
0.00487137 
0.0056193 
0.00649573 
0.00750419 
0.00864126 
0.00989577 
0.0112487 
0.0126744 
0.0141443 
0.015628 
0.0170877 
0.01848 
0.0197545 
0.0208819 
0.0218707 
0.0226962 
0.0233398 
0.0237811 
0.0240088 
0.0240204 
0.0238209 
0.0234218 
0.0228394 
0.0220916 
0.0211947 
0.0201593 
0.0189867 
0.017671 
0.0162114 
0.0146355 
0.013013 
0.011429 
0.0099259 
0.00847396 
0.0070029 
0.00545347 
0.00379974 
0.00204145 
0.000189934 
-0.00173697 
-0.00370316 
-0.00567464 
-0.00761428 
-0.00946587 
-0.0111433 
-0.0125074 
-0.0133567 
-0.0133955 
-0.0123338 
-0.0100784 
-0.00671028 
-0.00241681 
0.00241681 
2.12259e-05 
-2.12259e-05 
4.82659e-05 
7.0457e-05 
8.83425e-06 
-7.10683e-05 
-0.000179931 
-0.000295161 
-0.000412524 
-0.000518122 
-0.000596903 
-0.000633637 
-0.000610261 
-0.000510442 
-0.00031664 
-1.41563e-05 
0.000409487 
0.000961123 
0.00164054 
0.00243945 
0.00334173 
0.00432741 
0.00537857 
0.00647602 
0.00760473 
0.00872695 
0.00981576 
0.0108689 
0.0118265 
0.0126659 
0.0133561 
0.0138784 
0.0142252 
0.0143986 
0.0144084 
0.0142687 
0.0139941 
0.013595 
0.0130728 
0.0124191 
0.0116241 
0.0106947 
0.00967409 
0.00863299 
0.00762343 
0.00663409 
0.00559842 
0.00444421 
0.0031302 
0.00164642 
-1.58703e-07 
-0.00179818 
-0.00371965 
-0.00573598 
-0.00781984 
-0.0099322 
-0.0120008 
-0.0138967 
-0.0153899 
-0.0161726 
-0.0158458 
-0.0142246 
-0.0113594 
-0.0074309 
-0.00264368 
0.00264368 
0.000244959 
-0.000244959 
-0.000632037 
-0.0010464 
-0.00147657 
-0.00189999 
-0.00232572 
-0.00276093 
-0.00321118 
-0.00367659 
-0.0041463 
-0.0046078 
-0.0050429 
-0.00543349 
-0.00575872 
-0.00599804 
-0.0061312 
-0.00614155 
-0.00601785 
-0.00575608 
-0.00536017 
-0.00483994 
-0.00420403 
-0.00346045 
-0.00260035 
-0.00163622 
-0.000592944 
0.000498407 
0.00155338 
0.00254788 
0.00344882 
0.00423357 
0.00489178 
0.00542195 
0.00583032 
0.0061262 
0.00631735 
0.00640491 
0.00638107 
0.00623264 
0.00595535 
0.00557125 
0.0051298 
0.00467815 
0.00421562 
0.00368351 
0.00300221 
0.00211515 
0.00100174 
-0.000338596 
-0.00189615 
-0.00365167 
-0.00558263 
-0.00767046 
-0.00989257 
-0.0122007 
-0.0144848 
-0.0165301 
-0.0179828 
-0.0184555 
-0.0175707 
-0.0153795 
-0.0120392 
-0.00776943 
-0.00274009 
0.00274009 
0.000461901 
-0.000461901 
-0.0012595 
-0.0020545 
-0.00281455 
-0.00354398 
-0.00425345 
-0.00497328 
-0.00571817 
-0.00650045 
-0.00731414 
-0.00815034 
-0.00899193 
-0.00982031 
-0.0106124 
-0.0113431 
-0.0119856 
-0.0125139 
-0.0129052 
-0.0131421 
-0.0132143 
-0.0131183 
-0.0128534 
-0.0124218 
-0.0118163 
-0.0110383 
-0.0101107 
-0.00904218 
-0.00793778 
-0.00682638 
-0.00574838 
-0.00472814 
-0.00378002 
-0.00290989 
-0.00211729 
-0.00140045 
-0.000760865 
-0.000206533 
0.000249551 
0.00059759 
0.000844917 
0.00102198 
0.00116142 
0.00126357 
0.00127635 
0.00111891 
0.000722335 
5.38614e-05 
-0.000894722 
-0.00211363 
-0.00359087 
-0.00530957 
-0.00725756 
-0.00942532 
-0.0117887 
-0.0142717 
-0.0166912 
-0.0187156 
-0.0198985 
-0.0198726 
-0.0184197 
-0.0158033 
-0.0121906 
-0.00779477 
-0.00273392 
0.00273392 
0.000662064 
-0.000662064 
-0.00182719 
-0.00296024 
-0.00401561 
-0.00501601 
-0.00597373 
-0.00693697 
-0.00792961 
-0.00897545 
-0.0100743 
-0.0112216 
-0.0124022 
-0.0135987 
-0.0147873 
-0.0159409 
-0.0170277 
-0.0180144 
-0.0188676 
-0.0195572 
-0.0200587 
-0.020354 
-0.020431 
-0.0202843 
-0.0199092 
-0.0193096 
-0.0185167 
-0.0175189 
-0.0164158 
-0.0152338 
-0.0140186 
-0.0127974 
-0.0115897 
-0.0104073 
-0.00925768 
-0.00814785 
-0.00708784 
-0.00609074 
-0.00516829 
-0.00432256 
-0.00354183 
-0.00281073 
-0.00213633 
-0.00156647 
-0.00118048 
-0.00105302 
-0.00122932 
-0.00172121 
-0.00252635 
-0.00363273 
-0.00503032 
-0.00670963 
-0.00866925 
-0.010904 
-0.013375 
-0.0159527 
-0.018357 
-0.0201592 
-0.0209112 
-0.0203546 
-0.0184919 
-0.0156349 
-0.0119313 
-0.00757898 
-0.00264824 
0.00264824 
0.000844052 
-0.000844052 
-0.00233761 
-0.00377233 
-0.00509139 
-0.00632998 
-0.00750062 
-0.00866485 
-0.00985532 
-0.0111067 
-0.0124256 
-0.0138123 
-0.0152545 
-0.0167368 
-0.0182368 
-0.0197271 
-0.0211741 
-0.0225399 
-0.0237838 
-0.0248656 
-0.0257484 
-0.026401 
-0.0267999 
-0.0269306 
-0.026785 
-0.0263657 
-0.0257066 
-0.0247896 
-0.0237093 
-0.0224866 
-0.0211668 
-0.0197786 
-0.018346 
-0.0168869 
-0.0154162 
-0.0139481 
-0.0124978 
-0.0110793 
-0.0097022 
-0.00836914 
-0.00708254 
-0.00586058 
-0.00475189 
-0.0038317 
-0.0031775 
-0.00284128 
-0.00284452 
-0.00318604 
-0.00385921 
-0.00485363 
-0.00616395 
-0.00778989 
-0.0097378 
-0.0119984 
-0.014502 
-0.0170492 
-0.0192754 
-0.0207193 
-0.0210153 
-0.0200477 
-0.0179598 
-0.0150151 
-0.0113554 
-0.00717469 
-0.00249906 
0.00249906 
0.00100818 
-0.00100818 
-0.00279507 
-0.00449991 
-0.00605463 
-0.00750234 
-0.00885335 
-0.0101783 
-0.0115175 
-0.0129162 
-0.0143885 
-0.01594 
-0.0175621 
-0.0192418 
-0.020959 
-0.0226881 
-0.0243966 
-0.0260453 
-0.0275903 
-0.028985 
-0.0301835 
-0.0311441 
-0.031832 
-0.0322226 
-0.0323009 
-0.032065 
-0.0315448 
-0.0307195 
-0.0296768 
-0.0284354 
-0.027038 
-0.0255143 
-0.0238914 
-0.022192 
-0.0204366 
-0.0186442 
-0.0168332 
-0.0150202 
-0.0132202 
-0.0114504 
-0.00974098 
-0.00814363 
-0.00673058 
-0.00557777 
-0.00474283 
-0.00425363 
-0.00411569 
-0.00432237 
-0.00486658 
-0.00574146 
-0.0069475 
-0.00849233 
-0.0103846 
-0.0126019 
-0.0150334 
-0.0174174 
-0.0193491 
-0.0204023 
-0.0203287 
-0.0191199 
-0.0169584 
-0.0140399 
-0.010525 
-0.00661724 
-0.0022971 
0.0022971 
0.00115591 
-0.00115591 
-0.00320477 
-0.00515198 
-0.00691798 
-0.0085502 
-0.0100539 
-0.0115046 
-0.0129485 
-0.0144404 
-0.016003 
-0.0176479 
-0.0193703 
-0.0211597 
-0.0229988 
-0.0248649 
-0.0267282 
-0.0285517 
-0.0302921 
-0.031901 
-0.0333283 
-0.0345252 
-0.0354484 
-0.0360634 
-0.0363457 
-0.0362859 
-0.0359047 
-0.0351789 
-0.0341871 
-0.0329466 
-0.0314971 
-0.0298684 
-0.0280897 
-0.0261873 
-0.0241861 
-0.0221099 
-0.0199829 
-0.0178305 
-0.0156824 
-0.0135785 
-0.0115743 
-0.00973968 
-0.00814785 
-0.00685826 
-0.00590559 
-0.00530069 
-0.00504128 
-0.00511994 
-0.0055308 
-0.00627094 
-0.00734601 
-0.00876795 
-0.0105418 
-0.012626 
-0.0148731 
-0.0169874 
-0.0185764 
-0.0192895 
-0.0189819 
-0.0176884 
-0.0155656 
-0.0127624 
-0.00947616 
-0.00592825 
-0.00204916 
0.00204916 
0.00128874 
-0.00128874 
-0.00357143 
-0.00573641 
-0.00769287 
-0.00948988 
-0.011125 
-0.0126741 
-0.0141867 
-0.0157259 
-0.0173233 
-0.0189977 
-0.0207485 
-0.022568 
-0.0244411 
-0.0263478 
-0.0282621 
-0.0301509 
-0.0319742 
-0.0336861 
-0.0352368 
-0.0365753 
-0.0376536 
-0.0384304 
-0.0388727 
-0.038962 
-0.0387074 
-0.0380821 
-0.0371508 
-0.035929 
-0.0344527 
-0.0327514 
-0.0308559 
-0.0287962 
-0.0266021 
-0.024305 
-0.0219389 
-0.0195429 
-0.0171645 
-0.0148619 
-0.012703 
-0.0107577 
-0.00908529 
-0.00772527 
-0.0066953 
-0.00599748 
-0.00562705 
-0.00557762 
-0.00584481 
-0.00642873 
-0.00733776 
-0.00858353 
-0.0101632 
-0.0120172 
-0.0139786 
-0.0157555 
-0.0170083 
-0.0174708 
-0.0170636 
-0.0158052 
-0.0138051 
-0.011198 
-0.00822301 
-0.00511753 
-0.00175866 
0.00175866 
0.0014079 
-0.0014079 
-0.00389865 
-0.00625919 
-0.0083882 
-0.0103349 
-0.0120867 
-0.0137161 
-0.0152718 
-0.0168233 
-0.018411 
-0.0200621 
-0.0217817 
-0.0235646 
-0.0253978 
-0.0272635 
-0.0291385 
-0.0309943 
-0.0327957 
-0.0345015 
-0.0360658 
-0.0374401 
-0.0385762 
-0.0394301 
-0.0399641 
-0.0401523 
-0.0399917 
-0.0394538 
-0.038584 
-0.0373947 
-0.0359171 
-0.0341803 
-0.0322169 
-0.0300608 
-0.0277487 
-0.0253209 
-0.0228227 
-0.0203064 
-0.0178314 
-0.0154635 
-0.0132688 
-0.0113058 
-0.00961698 
-0.00822644 
-0.00714251 
-0.00636414 
-0.00588646 
-0.0057041 
-0.00581347 
-0.00621573 
-0.00691848 
-0.00792886 
-0.00923468 
-0.010766 
-0.0123599 
-0.0137621 
-0.0147094 
-0.0150092 
-0.0146097 
-0.0134686 
-0.0116575 
-0.00933484 
-0.00676431 
-0.0041866 
-0.00142686 
0.00142686 
0.00151413 
-0.00151413 
-0.00418855 
-0.00672367 
-0.00900918 
-0.011094 
-0.0129542 
-0.0146549 
-0.0162399 
-0.0177815 
-0.0193281 
-0.0209162 
-0.0225584 
-0.0242538 
-0.025991 
-0.0277538 
-0.029521 
-0.0312675 
-0.0329631 
-0.034572 
-0.0360543 
-0.0373664 
-0.0384642 
-0.0393051 
-0.039851 
-0.0400726 
-0.0399577 
-0.0394784 
-0.0386596 
-0.0375098 
-0.0360549 
-0.0343231 
-0.0323483 
-0.0301686 
-0.027827 
-0.0253714 
-0.0228555 
-0.0203385 
-0.0178831 
-0.0155518 
-0.0134013 
-0.0114762 
-0.00980593 
-0.00840551 
-0.00727938 
-0.00642594 
-0.00584056 
-0.00551805 
-0.0054543 
-0.00564888 
-0.00610504 
-0.00682226 
-0.00778021 
-0.00890909 
-0.0100719 
-0.0110751 
-0.0117415 
-0.011939 
-0.0116185 
-0.0106425 
-0.00907885 
-0.00714925 
-0.00509315 
-0.003134 
-0.00105456 
0.00105456 
0.00160761 
-0.00160761 
-0.00444153 
-0.00713026 
-0.00955653 
-0.0117697 
-0.0137345 
-0.0155057 
-0.017118 
-0.0186416 
-0.0201302 
-0.0216298 
-0.0231625 
-0.0247341 
-0.0263366 
-0.0279549 
-0.0295692 
-0.0311566 
-0.0326906 
-0.0341406 
-0.0354725 
-0.0366494 
-0.0376328 
-0.0383851 
-0.0388713 
-0.0390625 
-0.0389412 
-0.0384831 
-0.0376958 
-0.0365846 
-0.0351704 
-0.0334799 
-0.0315473 
-0.0294132 
-0.0271238 
-0.0247309 
-0.0222906 
-0.0198618 
-0.0175031 
-0.0152687 
-0.0132039 
-0.0113424 
-0.00970533 
-0.00830339 
-0.00713972 
-0.00621264 
-0.00551732 
-0.00504763 
-0.0047974 
-0.00476206 
-0.00493765 
-0.00531429 
-0.00586583 
-0.00653121 
-0.00721353 
-0.00778979 
-0.00817058 
-0.00827648 
-0.00806661 
-0.00727879 
-0.0060299 
-0.00462766 
-0.00321025 
-0.0019627 
-0.000644457 
0.000644457 
0.00168795 
-0.00168795 
-0.00465641 
-0.00747652 
-0.0100264 
-0.0123577 
-0.014425 
-0.0162716 
-0.0179195 
-0.0194312 
-0.0208606 
-0.0222613 
-0.0236664 
-0.0250913 
-0.0265341 
-0.0279827 
-0.0294187 
-0.0308205 
-0.032164 
-0.0334225 
-0.0345671 
-0.0355668 
-0.0363895 
-0.0370035 
-0.0373791 
-0.0374904 
-0.0373192 
-0.0368463 
-0.0360685 
-0.0349894 
-0.0336253 
-0.0320009 
-0.0301492 
-0.0281102 
-0.0259299 
-0.0236588 
-0.0213503 
-0.019058 
-0.0168328 
-0.0147193 
-0.0127537 
-0.010962 
-0.00936084 
-0.00795881 
-0.00675838 
-0.00575749 
-0.0049504 
-0.00432909 
-0.003884 
-0.00360462 
-0.00347816 
-0.00348458 
-0.00359379 
-0.00375717 
-0.00392174 
-0.00403305 
-0.0040854 
-0.00406049 
-0.00396532 
-0.00334693 
-0.00252016 
-0.00179364 
-0.0011396 
-0.000688704 
-0.000204086 
0.000204086 
0.00175431 
-0.00175431 
-0.00483092 
-0.00775794 
-0.0104114 
-0.0128473 
-0.0150133 
-0.016942 
-0.0186404 
-0.0201581 
-0.0215432 
-0.0228518 
-0.0241264 
-0.0253941 
-0.0266632 
-0.0279278 
-0.0291727 
-0.0303777 
-0.0315202 
-0.0325763 
-0.0335209 
-0.034328 
-0.0349712 
-0.0354247 
-0.0356641 
-0.0356683 
-0.0354206 
-0.0349067 
-0.0341195 
-0.033062 
-0.0317475 
-0.0301985 
-0.028445 
-0.0265242 
-0.0244784 
-0.0223535 
-0.0201968 
-0.0180544 
-0.0159689 
-0.0139767 
-0.0121071 
-0.0103811 
-0.0088125 
-0.0074084 
-0.00617051 
-0.0050959 
-0.00417737 
-0.00340451 
-0.00276377 
-0.00223819 
-0.00180665 
-0.00144061 
-0.00110732 
-0.000767645 
-0.000403894 
-1.13567e-05 
0.000340204 
0.000629914 
0.000709457 
0.00112174 
0.00133372 
0.00126452 
0.00106034 
0.000652483 
0.000252475 
-0.000252475 
0.00180567 
-0.00180567 
-0.00496259 
-0.00796954 
-0.0107024 
-0.013224 
-0.0154789 
-0.0174924 
-0.0192572 
-0.0208068 
-0.0221765 
-0.0234176 
-0.0245769 
-0.0256924 
-0.026785 
-0.0278595 
-0.0289075 
-0.0299124 
-0.0308536 
-0.0317089 
-0.0324558 
-0.0330718 
-0.0335349 
-0.033824 
-0.0339197 
-0.0338053 
-0.0334673 
-0.0328964 
-0.0320863 
-0.0310395 
-0.0297677 
-0.0282904 
-0.0266344 
-0.0248323 
-0.0229211 
-0.0209405 
-0.0189305 
-0.0169298 
-0.0149733 
-0.0130909 
-0.0113065 
-0.00963764 
-0.00809564 
-0.00668639 
-0.00541044 
-0.00426369 
-0.00323733 
-0.0023185 
-0.00148987 
-0.000729477 
-9.56829e-06 
0.000706222 
0.00145429 
0.00226798 
0.00314159 
0.00403942 
0.00484367 
0.00546873 
0.00576105 
0.00575462 
0.00526782 
0.00438034 
0.00329378 
0.00200456 
0.000706722 
-0.000706722 
0.00184108 
-0.00184108 
-0.00505006 
-0.00810832 
-0.0108929 
-0.0134744 
-0.0157994 
-0.0178904 
-0.0197301 
-0.0213361 
-0.0227269 
-0.023941 
-0.0250207 
-0.026009 
-0.0269381 
-0.0278263 
-0.0286769 
-0.029481 
-0.0302223 
-0.030881 
-0.0314365 
-0.0318688 
-0.0321589 
-0.0322897 
-0.0322456 
-0.032014 
-0.0315847 
-0.0309515 
-0.0301105 
-0.0290641 
-0.0278234 
-0.0264057 
-0.0248341 
-0.0231366 
-0.0213445 
-0.0194912 
-0.0176098 
-0.0157321 
-0.0138865 
-0.0120977 
-0.0103852 
-0.00876336 
-0.00724163 
-0.00582432 
-0.00451071 
-0.00329553 
-0.00216833 
-0.0011145 
-0.000114354 
0.0008582 
0.00183786 
0.00286714 
0.00398555 
0.00521967 
0.0065452 
0.00788358 
0.0090848 
0.00998066 
0.0104616 
0.010061 
0.00896687 
0.00733645 
0.00542529 
0.00329303 
0.00113732 
-0.00113732 
0.00186013 
-0.00186013 
-0.00509473 
-0.00817635 
-0.0109831 
-0.0135931 
-0.0159583 
-0.0181048 
-0.0200115 
-0.0216857 
-0.0231293 
-0.0243632 
-0.0254162 
-0.0263258 
-0.0271286 
-0.027854 
-0.0285192 
-0.0291279 
-0.0296729 
-0.0301399 
-0.0305111 
-0.0307685 
-0.0308952 
-0.0308761 
-0.0306986 
-0.0303525 
-0.0298308 
-0.0291294 
-0.0282493 
-0.0271927 
-0.0259701 
-0.0245964 
-0.0230915 
-0.021479 
-0.0197852 
-0.0180374 
-0.0162629 
-0.0144874 
-0.0127338 
-0.0110222 
-0.00936847 
-0.00778444 
-0.00627738 
-0.00485017 
-0.00350085 
-0.00222316 
-0.00100562 
0.000166554 
0.00131574 
0.00247244 
0.00367489 
0.0049679 
0.00639152 
0.00796312 
0.00964178 
0.0113101 
0.0127893 
0.0138439 
0.0143397 
0.0137033 
0.0121541 
0.00992206 
0.00731259 
0.00444249 
0.0015222 
-0.0015222 
0.00186321 
-0.00186321 
-0.0051022 
-0.00818368 
-0.0109853 
-0.0135903 
-0.0159575 
-0.0181211 
-0.0200646 
-0.0217933 
-0.0232992 
-0.0245873 
-0.0256682 
-0.0265642 
-0.027304 
-0.0279186 
-0.0284343 
-0.0288684 
-0.0292272 
-0.0295068 
-0.0296964 
-0.0297822 
-0.0297494 
-0.0295852 
-0.0292788 
-0.0288226 
-0.0282119 
-0.0274446 
-0.0265233 
-0.0254498 
-0.0242335 
-0.0228881 
-0.0214311 
-0.0198826 
-0.0182645 
-0.0165994 
-0.0149095 
-0.0132153 
-0.0115353 
-0.00988542 
-0.00827849 
-0.00672377 
-0.0052267 
-0.00378886 
-0.00240718 
-0.00107512 
0.000218452 
0.00148965 
0.00276348 
0.00407137 
0.00545233 
0.00694993 
0.00860123 
0.0104126 
0.0123282 
0.0142005 
0.0158257 
0.0169225 
0.01731 
0.0165092 
0.0146625 
0.012004 
0.00886197 
0.00539933 
0.00184479 
-0.00184479 
0.00185931 
-0.00185931 
-0.00508551 
-0.00815133 
-0.0109277 
-0.0134982 
-0.0158272 
-0.0179588 
-0.0198868 
-0.0216243 
-0.0231646 
-0.0245057 
-0.0256441 
-0.0265837 
-0.0273361 
-0.0279201 
-0.028359 
-0.0286752 
-0.0288863 
-0.0290017 
-0.0290227 
-0.0289442 
-0.0287575 
-0.0284527 
-0.0280211 
-0.0274559 
-0.0267533 
-0.0259125 
-0.0249359 
-0.0238304 
-0.022604 
-0.0212693 
-0.0198413 
-0.0183369 
-0.0167748 
-0.0151732 
-0.01355 
-0.0119208 
-0.0102996 
-0.00869911 
-0.00712948 
-0.00559784 
-0.00410793 
-0.0026605 
-0.00125167 
0.000123882 
0.00147832 
0.00282915 
0.00420104 
0.00562428 
0.00713614 
0.00877589 
0.0105744 
0.0125264 
0.014563 
0.0165182 
0.0181699 
0.019219 
0.0194488 
0.0185065 
0.016473 
0.0135449 
0.010037 
0.00613916 
0.00209711 
-0.00209711 
0.00185646 
-0.00185646 
-0.00506812 
-0.00811067 
-0.0108537 
-0.0133717 
-0.015631 
-0.0176825 
-0.0195321 
-0.0212069 
-0.0227121 
-0.0240522 
-0.025222 
-0.0262153 
-0.027027 
-0.027657 
-0.0281117 
-0.0284033 
-0.0285472 
-0.0285586 
-0.0284494 
-0.0282264 
-0.027892 
-0.0274448 
-0.0268821 
-0.0262016 
-0.025402 
-0.0244848 
-0.0234536 
-0.0223156 
-0.0210751 
-0.0197418 
-0.0183296 
-0.0168536 
-0.01533 
-0.0137735 
-0.0121991 
-0.0106187 
-0.00904217 
-0.00747938 
-0.00593808 
-0.00442381 
-0.00293877 
-0.00148362 
-5.43184e-05 
0.00135422 
0.0027557 
0.00416647 
0.00560944 
0.00711213 
0.00870784 
0.0104293 
0.0122989 
0.0143004 
0.016355 
0.0182892 
0.0198737 
0.020813 
0.0208787 
0.019817 
0.0176667 
0.0145855 
0.0108535 
0.00666616 
0.00227987 
-0.00227987 
0.00185813 
-0.00185813 
-0.0050745 
-0.00810062 
-0.0108152 
-0.0132803 
-0.0154569 
-0.0173972 
-0.0191157 
-0.0206527 
-0.0220307 
-0.0232709 
-0.0243808 
-0.0253604 
-0.0262017 
-0.0268932 
-0.0274234 
-0.0277845 
-0.0279743 
-0.0279964 
-0.027859 
-0.0275725 
-0.0271475 
-0.0265936 
-0.0259188 
-0.0251297 
-0.0242314 
-0.0232286 
-0.0221257 
-0.0209284 
-0.0196444 
-0.018286 
-0.0168663 
-0.0153975 
-0.0138948 
-0.0123701 
-0.0108354 
-0.00929631 
-0.00775611 
-0.00622436 
-0.00470685 
-0.00320804 
-0.00172874 
-0.000270304 
0.00117209 
0.00260443 
0.00403917 
0.00549069 
0.00697896 
0.00852742 
0.0101636 
0.0119125 
0.0137867 
0.0157608 
0.0177501 
0.0195829 
0.0210335 
0.021825 
0.0217335 
0.0205731 
0.0183553 
0.0152037 
0.0113578 
0.00700346 
0.00239995 
-0.00239995 
0.00187049 
-0.00187049 
-0.00511776 
-0.00816025 
-0.0108616 
-0.0132911 
-0.0153947 
-0.0172208 
-0.0187855 
-0.0201369 
-0.0213111 
-0.0223466 
-0.0232711 
-0.0241034 
-0.0248503 
-0.025508 
-0.0260633 
-0.0264973 
-0.0267894 
-0.0269215 
-0.0268808 
-0.0266614 
-0.0262645 
-0.0256972 
-0.0249715 
-0.0241033 
-0.0231104 
-0.0220114 
-0.020824 
-0.0195633 
-0.0182416 
-0.0168696 
-0.0154478 
-0.0139863 
-0.012501 
-0.0109983 
-0.00948912 
-0.00797885 
-0.00646518 
-0.00495576 
-0.00345503 
-0.00196834 
-0.000494136 
0.000965296 
0.00241673 
0.00386523 
0.00532126 
0.00679661 
0.00830742 
0.00987219 
0.0115117 
0.0132425 
0.0150677 
0.0169547 
0.0188167 
0.0204911 
0.0217645 
0.0223866 
0.022148 
0.020907 
0.0186563 
0.0154904 
0.0116107 
0.00718447 
0.00246773 
-0.00246773 
0.00189564 
-0.00189564 
-0.00520594 
-0.00830152 
-0.0110286 
-0.0134481 
-0.0155075 
-0.0172423 
-0.0186673 
-0.0198309 
-0.0207756 
-0.0215507 
-0.0221982 
-0.0227556 
-0.023251 
-0.0237021 
-0.0241147 
-0.0244819 
-0.0247859 
-0.025001 
-0.0250978 
-0.0250483 
-0.0248292 
-0.0244251 
-0.0238296 
-0.023046 
-0.0220875 
-0.020976 
-0.0197398 
-0.0184096 
-0.0170131 
-0.0155698 
-0.014089 
-0.0125856 
-0.0110786 
-0.00957943 
-0.00810165 
-0.00662985 
-0.00513808 
-0.003649 
-0.00216711 
-0.000695715 
0.000768338 
0.00222496 
0.00367959 
0.00513628 
0.00660254 
0.00808685 
0.00960084 
0.0111574 
0.0127702 
0.0144474 
0.0161834 
0.0179407 
0.0196337 
0.0211134 
0.0221847 
0.0226269 
0.02225 
0.0209399 
0.0186785 
0.0155339 
0.0116748 
0.00724545 
0.00249489 
-0.00249489 
0.0019341 
-0.0019341 
-0.00533987 
-0.00852209 
-0.0113189 
-0.0137631 
-0.0158133 
-0.0174925 
-0.0188131 
-0.0198219 
-0.0205634 
-0.0210911 
-0.0214531 
-0.021695 
-0.0218564 
-0.0219712 
-0.0220662 
-0.022159 
-0.0222553 
-0.0223483 
-0.0224187 
-0.0224376 
-0.0223706 
-0.0221816 
-0.0218369 
-0.0213088 
-0.0205775 
-0.0196347 
-0.0184868 
-0.0171581 
-0.0156931 
-0.0141538 
-0.0126101 
-0.0111181 
-0.00966171 
-0.00820156 
-0.00674295 
-0.0052937 
-0.0038222 
-0.00235032 
-0.000879303 
0.00058267 
0.00204125 
0.0034968 
0.00495364 
0.00641444 
0.00788371 
0.00936636 
0.0108691 
0.0123992 
0.013963 
0.0155611 
0.0171807 
0.0187809 
0.0202806 
0.0215458 
0.0224037 
0.0226624 
0.0221536 
0.0207793 
0.0185179 
0.0154139 
0.011608 
0.0072212 
0.00249281 
-0.00249281 
0.0019852 
-0.0019852 
-0.00551562 
-0.00881562 
-0.0117139 
-0.014225 
-0.0162941 
-0.0179515 
-0.0192025 
-0.0200948 
-0.020676 
-0.0210044 
-0.0211325 
-0.0211087 
-0.0209741 
-0.0207648 
-0.0205129 
-0.020247 
-0.0199914 
-0.0197634 
-0.019571 
-0.0194109 
-0.0192682 
-0.0191177 
-0.0189269 
-0.0186581 
-0.0182718 
-0.0177286 
-0.0169925 
-0.0160347 
-0.0148408 
-0.0134198 
-0.0118156 
-0.0101001 
-0.00838135 
-0.00676119 
-0.00531125 
-0.00394166 
-0.00245948 
-0.000977349 
0.000472417 
0.0019163 
0.00335768 
0.00480347 
0.00625522 
0.00771331 
0.00917819 
0.0106502 
0.0121308 
0.013621 
0.0151203 
0.0166225 
0.0181088 
0.0195372 
0.0208319 
0.0218753 
0.0225171 
0.0225924 
0.0219555 
0.020515 
0.0182553 
0.0151977 
0.0114609 
0.00714259 
0.00247183 
-0.00247183 
0.00204716 
-0.00204716 
-0.00572723 
-0.00917085 
-0.0121971 
-0.0148036 
-0.0169209 
-0.0185806 
-0.0197856 
-0.0205856 
-0.0210337 
-0.0211968 
-0.0211368 
-0.0209086 
-0.0205564 
-0.0201153 
-0.0196136 
-0.019076 
-0.0185251 
-0.017982 
-0.0174654 
-0.0169899 
-0.0165637 
-0.0161866 
-0.0158496 
-0.0155343 
-0.015214 
-0.014854 
-0.0144117 
-0.0138369 
-0.0130727 
-0.0120609 
-0.0107629 
-0.00917408 
-0.00739844 
-0.00557004 
-0.00402238 
-0.00257976 
-0.00110325 
0.000361895 
0.00181153 
0.00325164 
0.00468963 
0.00613203 
0.00758135 
0.00903645 
0.0104947 
0.0119521 
0.0134046 
0.0148473 
0.0162735 
0.0176706 
0.0190158 
0.0202667 
0.0213543 
0.0221765 
0.0226049 
0.0224991 
0.0217344 
0.0202249 
0.017957 
0.0149414 
0.0112755 
0.00703593 
0.00244082 
-0.00244082 
0.00211755 
-0.00211755 
-0.0059675 
-0.00957619 
-0.012753 
-0.0154777 
-0.0176705 
-0.0193483 
-0.020523 
-0.0212418 
-0.0215654 
-0.0215717 
-0.021336 
-0.0209257 
-0.0203939 
-0.01978 
-0.0191123 
-0.018412 
-0.0176957 
-0.0169777 
-0.0162708 
-0.0155865 
-0.0149351 
-0.014324 
-0.0137576 
-0.0132357 
-0.0127532 
-0.0123001 
-0.0118605 
-0.011412 
-0.0109236 
-0.0103533 
-0.00965359 
-0.00877433 
-0.00765884 
-0.00623604 
-0.00445502 
-0.00236845 
-0.000336101 
0.00151048 
0.0031066 
0.00460486 
0.00606408 
0.00751388 
0.00896521 
0.0104178 
0.0118675 
0.0133065 
0.0147262 
0.0161161 
0.0174635 
0.0187508 
0.0199519 
0.0210251 
0.0219083 
0.0225138 
0.0227335 
0.0224489 
0.0215538 
0.0199697 
0.0176784 
0.0146903 
0.0110864 
0.00692322 
0.00240743 
-0.00240743 
0.00219313 
-0.00219313 
-0.00622711 
-0.0100173 
-0.0133631 
-0.0162262 
-0.0185144 
-0.0202297 
-0.0213859 
-0.0220302 
-0.0222299 
-0.0220752 
-0.0216576 
-0.0210598 
-0.0203479 
-0.0195694 
-0.0187565 
-0.0179304 
-0.0171055 
-0.0162921 
-0.0154974 
-0.0147269 
-0.0139842 
-0.0132714 
-0.0125891 
-0.0119364 
-0.011311 
-0.0107096 
-0.0101276 
-0.00955858 
-0.00899251 
-0.00841072 
-0.00778212 
-0.00706495 
-0.00620259 
-0.00510155 
-0.0036094 
-0.00180747 
0.000175586 
0.00211435 
0.0039319 
0.00563585 
0.0072538 
0.0088133 
0.0103353 
0.0118291 
0.0132963 
0.0147314 
0.016125 
0.0174642 
0.0187327 
0.0199098 
0.0209673 
0.0218654 
0.0225488 
0.0229432 
0.0229585 
0.0224956 
0.0214652 
0.0197961 
0.017468 
0.014482 
0.010923 
0.00682329 
0.00237809 
-0.00237809 
0.00226965 
-0.00226965 
-0.00649401 
-0.0104758 
-0.0140039 
-0.0170226 
-0.0194245 
-0.0211966 
-0.0223447 
-0.0229206 
-0.0229958 
-0.0226733 
-0.0220624 
-0.0212643 
-0.0203607 
-0.0194093 
-0.0184476 
-0.017498 
-0.0165734 
-0.0156814 
-0.0148256 
-0.0140076 
-0.0132271 
-0.0124819 
-0.0117681 
-0.0110802 
-0.0104112 
-0.00975388 
-0.00910075 
-0.00844576 
-0.00778364 
-0.00710873 
-0.00640434 
-0.00564139 
-0.00478113 
-0.00380107 
-0.00268192 
-0.00149009 
-0.000215809 
0.00131613 
0.00326656 
0.00532549 
0.00738976 
0.00935603 
0.0112099 
0.0129504 
0.0145862 
0.0161225 
0.0175596 
0.0188917 
0.0201075 
0.0211895 
0.0221127 
0.0228425 
0.0233318 
0.0235193 
0.0233318 
0.0226881 
0.0215141 
0.0197463 
0.0173653 
0.0143594 
0.0108131 
0.00675449 
0.00235879 
-0.00235879 
0.00234165 
-0.00234165 
-0.00675247 
-0.0109271 
-0.0146437 
-0.0178302 
-0.0203606 
-0.0222056 
-0.0233585 
-0.0238727 
-0.0238244 
-0.0233281 
-0.0225133 
-0.0215013 
-0.0203927 
-0.0192577 
-0.0181405 
-0.0170645 
-0.0160415 
-0.0150754 
-0.0141664 
-0.0133121 
-0.0125084 
-0.01175 
-0.0110302 
-0.0103413 
-0.00967411 
-0.00901882 
-0.00836469 
-0.00770175 
-0.0070201 
-0.00631353 
-0.00557165 
-0.00477973 
-0.00390941 
-0.00294342 
-0.00182857 
-0.000609582 
0.000660103 
0.00212889 
0.00382841 
0.00571754 
0.00772802 
0.00978005 
0.0118122 
0.0137727 
0.015625 
0.0173439 
0.0189122 
0.0203163 
0.0215433 
0.0225782 
0.0234013 
0.0239861 
0.0242966 
0.024286 
0.0238981 
0.0230692 
0.0217407 
0.0198586 
0.0174042 
0.0143624 
0.0107968 
0.00673765 
0.00235567 
-0.00235567 
0.00240226 
-0.00240226 
-0.00698237 
-0.0113393 
-0.0152409 
-0.0185998 
-0.0212694 
-0.0232004 
-0.0243719 
-0.0248319 
-0.0246637 
-0.023991 
-0.0229646 
-0.0217279 
-0.0204031 
-0.0190757 
-0.0177973 
-0.0165935 
-0.0154736 
-0.014438 
-0.0134825 
-0.0126005 
-0.0117838 
-0.0110235 
-0.0103097 
-0.00963207 
-0.0089794 
-0.00834029 
-0.00770252 
-0.00705485 
-0.00638482 
-0.00568309 
-0.00493616 
-0.00413146 
-0.00324589 
-0.00227011 
-0.00117962 
7.91758e-06 
0.00131188 
0.00278457 
0.00439178 
0.00612152 
0.00798455 
0.00997451 
0.0120473 
0.0141402 
0.0161853 
0.0181215 
0.0198974 
0.0214724 
0.0228148 
0.0239001 
0.0247069 
0.0252136 
0.0253953 
0.0252204 
0.0246511 
0.023643 
0.0221544 
0.0201431 
0.0175959 
0.0144942 
0.0108937 
0.00679484 
0.00237407 
-0.00237407 
0.00244309 
-0.00244309 
-0.00715874 
-0.0116722 
-0.0157414 
-0.0192672 
-0.0220799 
-0.0241067 
-0.0253101 
-0.0257233 
-0.0254429 
-0.0245968 
-0.0233573 
-0.0218911 
-0.0203441 
-0.0188196 
-0.0173788 
-0.0160491 
-0.0148376 
-0.01374 
-0.0127473 
-0.0118479 
-0.0110294 
-0.010279 
-0.00958383 
-0.00893093 
-0.008307 
-0.00769908 
-0.00709336 
-0.0064775 
-0.00583747 
-0.00516274 
-0.00443851 
-0.00365407 
-0.00278811 
-0.00183274 
-0.0007619 
0.000424449 
0.00172242 
0.00317274 
0.00477735 
0.00653162 
0.00841845 
0.0104114 
0.0124754 
0.0145711 
0.0166526 
0.0186667 
0.0205562 
0.0222627 
0.0237324 
0.0249187 
0.0257835 
0.0262955 
0.0264287 
0.0261586 
0.0254608 
0.0243078 
0.0226754 
0.0205359 
0.0178844 
0.014704 
0.0110463 
0.00689679 
0.00241217 
-0.00241217 
0.00245435 
-0.00245435 
-0.0072518 
-0.0118766 
-0.0160786 
-0.0197509 
-0.0226999 
-0.0248258 
-0.0260722 
-0.0264477 
-0.0260675 
-0.0250596 
-0.0236156 
-0.0219249 
-0.0201587 
-0.0184402 
-0.016842 
-0.0153943 
-0.0141013 
-0.0129537 
-0.0119367 
-0.0110333 
-0.0102264 
-0.00949934 
-0.00883575 
-0.00822009 
-0.0076368 
-0.00707131 
-0.00650832 
-0.00593445 
-0.00533429 
-0.00469588 
-0.00400272 
-0.00324326 
-0.00239759 
-0.00145596 
-0.000399025 
0.000781369 
0.00209168 
0.00355583 
0.00516592 
0.00691874 
0.00880234 
0.0107953 
0.0128615 
0.0149611 
0.0170517 
0.0190864 
0.0210106 
0.0227674 
0.0242996 
0.0255524 
0.0264754 
0.0270249 
0.0271649 
0.0268666 
0.0261078 
0.0248689 
0.0231373 
0.0208979 
0.0181556 
0.0148989 
0.0111791 
0.00697852 
0.00244444 
-0.00244444 
0.00242516 
-0.00242516 
-0.00722769 
-0.0118953 
-0.0161724 
-0.01995 
-0.0230115 
-0.0252285 
-0.026521 
-0.0268759 
-0.0264142 
-0.0252688 
-0.0236431 
-0.021748 
-0.0197788 
-0.0178808 
-0.0161398 
-0.0145899 
-0.0132324 
-0.0120524 
-0.0110287 
-0.0101388 
-0.00936037 
-0.00867281 
-0.00805645 
-0.00749322 
-0.00696544 
-0.00645704 
-0.0059513 
-0.00543384 
-0.00488812 
-0.00430107 
-0.00365488 
-0.00293709 
-0.00212748 
-0.00121449 
-0.000179579 
0.000992045 
0.0023038 
0.00377652 
0.00540921 
0.00720086 
0.00913607 
0.0111903 
0.0133258 
0.015496 
0.0176455 
0.0197134 
0.0216406 
0.0233747 
0.0248691 
0.0260794 
0.026963 
0.0274783 
0.0275875 
0.0272568 
0.0264593 
0.0251731 
0.0233868 
0.0210894 
0.0182914 
0.0149868 
0.0112287 
0.00700195 
0.00244925 
-0.00244925 
0.00234423 
-0.00234423 
-0.00705044 
-0.0116661 
-0.0159334 
-0.0197497 
-0.0228788 
-0.0251655 
-0.0265025 
-0.0268506 
-0.0263329 
-0.025088 
-0.0233222 
-0.0212626 
-0.0191253 
-0.0170779 
-0.0152212 
-0.0135949 
-0.0121982 
-0.0110101 
-0.0100029 
-0.00914804 
-0.00841834 
-0.00778907 
-0.00723736 
-0.00674278 
-0.00628569 
-0.00584868 
-0.0054138 
-0.00496574 
-0.00448699 
-0.00396309 
-0.00337499 
-0.00270853 
-0.00194333 
-0.00106539 
-5.76576e-05 
0.0010989 
0.00241085 
0.00389689 
0.00555729 
0.00739225 
0.00938772 
0.0115184 
0.0137423 
0.0160043 
0.018238 
0.0203703 
0.0223296 
0.0240563 
0.025501 
0.0266263 
0.0274018 
0.0278013 
0.0278012 
0.0273776 
0.0265074 
0.025168 
0.0233438 
0.0210209 
0.0182073 
0.0148982 
0.0111467 
0.00694214 
0.00242322 
-0.00242322 
0.00220096 
-0.00220096 
-0.00668507 
-0.0111267 
-0.0152693 
-0.0190267 
-0.0221518 
-0.0244679 
-0.0258369 
-0.0261895 
-0.0256478 
-0.0243582 
-0.0225157 
-0.0203559 
-0.0181087 
-0.0159619 
-0.0140326 
-0.0123681 
-0.0109668 
-0.00980247 
-0.00884083 
-0.00804748 
-0.00739037 
-0.00684107 
-0.00637383 
-0.00596621 
-0.005597 
-0.00524772 
-0.00489951 
-0.00453632 
-0.00413988 
-0.00369444 
-0.00317982 
-0.00258047 
-0.00187529 
-0.00104826 
-8.16627e-05 
0.00104682 
0.00234752 
0.00384049 
0.00553098 
0.00742168 
0.00949904 
0.0117347 
0.0140806 
0.0164709 
0.0188264 
0.0210604 
0.0230877 
0.0248298 
0.0262279 
0.0272501 
0.027876 
0.0280966 
0.0279103 
0.027316 
0.0263078 
0.0248724 
0.0229953 
0.0206575 
0.0178597 
0.0145917 
0.0109013 
0.00678043 
0.00236136 
-0.00236136 
0.00198671 
-0.00198671 
-0.00610197 
-0.0102219 
-0.0140946 
-0.0176615 
-0.0206768 
-0.022956 
-0.0243306 
-0.0246969 
-0.0241698 
-0.0229069 
-0.0210752 
-0.0189063 
-0.0166336 
-0.0144607 
-0.0125205 
-0.01087 
-0.00950931 
-0.00840839 
-0.00752728 
-0.00682625 
-0.0062689 
-0.00582362 
-0.00546232 
-0.00516103 
-0.00489744 
-0.00465241 
-0.00440658 
-0.00414337 
-0.00384404 
-0.00349156 
-0.00306495 
-0.00254747 
-0.00191732 
-0.00115663 
-0.000244869 
0.000840402 
0.00211833 
0.00361023 
0.00532698 
0.00727367 
0.00943739 
0.0117857 
0.0142619 
0.0167883 
0.019272 
0.0216133 
0.0237129 
0.0254841 
0.0268476 
0.0277749 
0.0282492 
0.0282729 
0.027866 
0.027054 
0.025858 
0.0242853 
0.0223323 
0.0199803 
0.0172227 
0.0140403 
0.0104704 
0.006503 
0.00225953 
-0.00225953 
0.00169642 
-0.00169642 
-0.00528204 
-0.00891383 
-0.0123465 
-0.0155589 
-0.0183209 
-0.0204626 
-0.0217966 
-0.0221819 
-0.0217151 
-0.0205661 
-0.0188549 
-0.016794 
-0.0146069 
-0.012505 
-0.010635 
-0.0090656 
-0.00780153 
-0.00681152 
-0.00605156 
-0.0054777 
-0.00505017 
-0.00473501 
-0.00450256 
-0.00432802 
-0.00418865 
-0.00406522 
-0.00393832 
-0.00379129 
-0.00360521 
-0.00336203 
-0.0030406 
-0.00262338 
-0.00208772 
-0.00141368 
-0.000576845 
0.000445614 
0.00168189 
0.00315629 
0.00488592 
0.0068777 
0.0091172 
0.011565 
0.0141535 
0.0167934 
0.0193813 
0.0218089 
0.0239704 
0.0257682 
0.0271167 
0.0279593 
0.0282923 
0.0281253 
0.0274975 
0.0264607 
0.0250645 
0.0233425 
0.0213093 
0.0189539 
0.0162663 
0.0132185 
0.00983415 
0.00609717 
0.00211355 
-0.00211355 
0.0013297 
-0.0013297 
-0.00422148 
-0.00719163 
-0.0100009 
-0.0126731 
-0.0150037 
-0.0168639 
-0.0180796 
-0.0184912 
-0.0181407 
-0.017202 
-0.0157361 
-0.0139183 
-0.0119491 
-0.0100362 
-0.00833556 
-0.00692821 
-0.00582688 
-0.00500227 
-0.00440884 
-0.00400018 
-0.00373453 
-0.00357671 
-0.00349655 
-0.00346932 
-0.00347263 
-0.0034878 
-0.00349601 
-0.00348101 
-0.00342405 
-0.00330662 
-0.00310822 
-0.00281063 
-0.00239054 
-0.00182531 
-0.00108747 
-0.000150356 
0.00101849 
0.00244984 
0.00416415 
0.00616872 
0.0084433 
0.0109383 
0.0135751 
0.0162561 
0.0188756 
0.0213263 
0.0235044 
0.0253034 
0.0266429 
0.0274174 
0.0276418 
0.0273222 
0.0265137 
0.0252929 
0.0237361 
0.0219022 
0.0198261 
0.0175091 
0.0149425 
0.0120925 
0.00896949 
0.00554925 
0.00191893 
-0.00191893 
0.000891173 
-0.000891173 
-0.00293442 
-0.00507882 
-0.00708737 
-0.00903526 
-0.0107464 
-0.0121522 
-0.0131231 
-0.0135521 
-0.0133819 
-0.0127483 
-0.0116522 
-0.0102169 
-0.00860789 
-0.00701546 
-0.0055968 
-0.00444348 
-0.003579 
-0.00297974 
-0.0026017 
-0.00239827 
-0.0023275 
-0.00235448 
-0.00244983 
-0.00258997 
-0.00275381 
-0.00292407 
-0.00308315 
-0.00321588 
-0.00330408 
-0.00332969 
-0.00327359 
-0.00311711 
-0.00283633 
-0.00240597 
-0.00179616 
-0.000974038 
9.20518e-05 
0.0014409 
0.00309157 
0.00504769 
0.00727765 
0.00971953 
0.0122872 
0.0148839 
0.0174143 
0.0197861 
0.0219073 
0.0236717 
0.0250036 
0.0257406 
0.0259028 
0.0254914 
0.024576 
0.0232564 
0.0216301 
0.0197758 
0.0177449 
0.0155502 
0.0131875 
0.0106209 
0.00785042 
0.00484476 
0.00167108 
-0.00167108 
0.000387965 
-0.000387965 
-0.00144952 
-0.00263341 
-0.00368906 
-0.00475526 
-0.0056765 
-0.00645519 
-0.00701289 
-0.00742562 
-0.00750432 
-0.00724465 
-0.00661969 
-0.00568912 
-0.00457402 
-0.0034335 
-0.00241479 
-0.00161387 
-0.00106514 
-0.000754015 
-0.000641504 
-0.0006835 
-0.000839963 
-0.00107808 
-0.00137089 
-0.00169704 
-0.00203776 
-0.00237807 
-0.00270244 
-0.00299743 
-0.00324598 
-0.00343168 
-0.00353735 
-0.00354416 
-0.00342809 
-0.00316205 
-0.00271359 
-0.00204692 
-0.00112503 
8.21856e-05 
0.00159727 
0.0034077 
0.00546907 
0.0077083 
0.0100405 
0.0123839 
0.0146688 
0.0168309 
0.0187986 
0.0204779 
0.0217863 
0.022537 
0.0227023 
0.0222825 
0.0213605 
0.0200629 
0.0185027 
0.016769 
0.0149204 
0.0129756 
0.0109341 
0.00876175 
0.00645213 
0.00397081 
0.00136615 
-0.00136615 
-0.000169647 
0.000169647 
0.000192212 
6.02346e-05 
6.55529e-05 
-6.94185e-06 
-1.90391e-05 
-5.64923e-05 
-0.00012947 
-0.000431069 
-0.000736784 
-0.000866176 
-0.000760829 
-0.000415332 
0.000104008 
0.000681845 
0.00119246 
0.00154359 
0.00169512 
0.00165332 
0.00145 
0.00112367 
0.000709636 
0.000236527 
-0.000272669 
-0.000800415 
-0.00133189 
-0.00185508 
-0.00235726 
-0.00282743 
-0.00325035 
-0.00361257 
-0.0038992 
-0.00409204 
-0.00416786 
-0.00409886 
-0.00385152 
-0.0033881 
-0.0026717 
-0.00167576 
-0.000397906 
0.00113579 
0.00286589 
0.00471795 
0.0066213 
0.00852501 
0.0103972 
0.0122091 
0.0139148 
0.0154434 
0.0167075 
0.0175121 
0.0177326 
0.0173982 
0.0165968 
0.0154785 
0.0141609 
0.0127306 
0.0112406 
0.00970737 
0.00813208 
0.00648523 
0.00475883 
0.00292085 
0.001003 
-0.001003 
-0.000766571 
0.000766571 
0.00194415 
0.00292375 
0.00403492 
0.00500636 
0.00591693 
0.00660386 
0.00695487 
0.00686943 
0.00650285 
0.00607897 
0.00571674 
0.00547453 
0.00534806 
0.00528024 
0.00518729 
0.00499654 
0.00467177 
0.00421406 
0.00364677 
0.00299981 
0.00230075 
0.00157166 
0.000829832 
8.77077e-05 
-0.000644897 
-0.00136046 
-0.00205026 
-0.00270596 
-0.00331525 
-0.00386869 
-0.00435411 
-0.00475522 
-0.00505082 
-0.00521416 
-0.00521264 
-0.00500997 
-0.00457347 
-0.00388677 
-0.00296468 
-0.00185791 
-0.000635554 
0.000638205 
0.00192564 
0.00322029 
0.00452637 
0.0058477 
0.00716283 
0.00843625 
0.00958672 
0.0104904 
0.0108588 
0.0106961 
0.0101356 
0.00937443 
0.0085065 
0.00759112 
0.00665903 
0.00571679 
0.00476621 
0.00378596 
0.00277105 
0.00169839 
0.000584176 
-0.000584176 
-0.00138891 
0.00138891 
0.00377194 
0.00589975 
0.00811152 
0.0101101 
0.0118836 
0.0132195 
0.0139811 
0.0141538 
0.0138518 
0.013267 
0.0125373 
0.0117605 
0.010989 
0.0102323 
0.00946725 
0.008662 
0.00779715 
0.00687324 
0.00590452 
0.0049097 
0.00390585 
0.00290616 
0.00192022 
0.000954545 
1.37367e-05 
-0.000900004 
-0.00178362 
-0.00263209 
-0.00343694 
-0.00419364 
-0.00489343 
-0.00552347 
-0.00606612 
-0.00649793 
-0.00679013 
-0.00691207 
-0.00684091 
-0.00657607 
-0.00615072 
-0.00562737 
-0.00507242 
-0.00452636 
-0.00398591 
-0.00341945 
-0.00279534 
-0.00208865 
-0.00130179 
-0.000444175 
0.000419073 
0.00122025 
0.00171872 
0.00194688 
0.00191088 
0.00177736 
0.00160538 
0.00142114 
0.00123713 
0.0010524 
0.000874504 
0.000695171 
0.000515093 
0.000328009 
0.000122501 
-0.000122501 
-0.00202904 
0.00202904 
0.00565753 
0.00895452 
0.0122316 
0.0152023 
0.0177653 
0.0196992 
0.0208837 
0.0213423 
0.0211583 
0.020486 
0.0194587 
0.0181956 
0.0167974 
0.0153416 
0.0138749 
0.0124175 
0.0109768 
0.00955747 
0.00816588 
0.00680834 
0.00548979 
0.00421303 
0.00297892 
0.00178676 
0.000635039 
-0.000479021 
-0.00155832 
-0.00260285 
-0.00360879 
-0.00457703 
-0.00550324 
-0.00637956 
-0.00719372 
-0.0079281 
-0.0085611 
-0.00907193 
-0.00945204 
-0.00971853 
-0.00991867 
-0.010114 
-0.0103481 
-0.0106238 
-0.0109039 
-0.0111342 
-0.0112661 
-0.0112661 
-0.0111232 
-0.0108402 
-0.0104432 
-0.00996063 
-0.0093347 
-0.00854477 
-0.00776451 
-0.00701466 
-0.00628303 
-0.00556729 
-0.00486023 
-0.00415926 
-0.00344714 
-0.00271405 
-0.00195469 
-0.00115406 
-0.000368087 
0.000368087 
-0.00268545 
0.00268545 
0.00759828 
0.0120795 
0.0163786 
0.0202499 
0.0235338 
0.0260256 
0.0276264 
0.0283699 
0.0283202 
0.0275914 
0.0262993 
0.0245753 
0.0225652 
0.0204147 
0.0182427 
0.0161261 
0.0141022 
0.0121827 
0.010366 
0.00864585 
0.00701438 
0.00546338 
0.00398445 
0.00256941 
0.00120989 
-0.000101751 
-0.00137426 
-0.00261354 
-0.00382159 
-0.00500484 
-0.0061646 
-0.00729938 
-0.00840412 
-0.00946954 
-0.0104843 
-0.0114406 
-0.0123456 
-0.0132305 
-0.0141456 
-0.0151369 
-0.0162159 
-0.0173501 
-0.018477 
-0.0195279 
-0.0204458 
-0.0211887 
-0.0217282 
-0.0220369 
-0.0220788 
-0.0217361 
-0.0208789 
-0.0195939 
-0.018049 
-0.0164022 
-0.0147268 
-0.0130547 
-0.0113914 
-0.00973122 
-0.00805164 
-0.00632898 
-0.00455573 
-0.00270472 
-0.000876927 
0.000876927 
-0.00336028 
0.00336028 
0.00960066 
0.0152841 
0.0205712 
0.0252741 
0.0292172 
0.0322243 
0.0342135 
0.0352158 
0.0352745 
0.034468 
0.0328954 
0.0307031 
0.0280844 
0.0252528 
0.0223964 
0.019644 
0.01706 
0.0146609 
0.0124374 
0.0103707 
0.00844042 
0.00662776 
0.00491537 
0.00328769 
0.00172975 
0.000228673 
-0.00122992 
-0.0026575 
-0.00406337 
-0.00545933 
-0.00685341 
-0.00825163 
-0.00965778 
-0.011073 
-0.0124985 
-0.0139407 
-0.01542 
-0.0169737 
-0.0186429 
-0.0204465 
-0.0223621 
-0.0243285 
-0.0262658 
-0.0280951 
-0.0297466 
-0.0311587 
-0.0322714 
-0.0330126 
-0.0332917 
-0.0329592 
-0.0319253 
-0.0302742 
-0.0281552 
-0.0257658 
-0.0232447 
-0.0206666 
-0.0180605 
-0.0154282 
-0.012751 
-0.0100034 
-0.00718112 
-0.00426336 
-0.00138642 
0.00138642 
-0.00405514 
0.00405514 
0.0116676 
0.018576 
0.0248351 
0.0303162 
0.0348629 
0.0383325 
0.0406577 
0.0418598 
0.0419552 
0.0409971 
0.039081 
0.0363817 
0.0331487 
0.0296613 
0.0261664 
0.0228322 
0.0197404 
0.0169076 
0.0143154 
0.0119335 
0.0097305 
0.00767824 
0.00575149 
0.00392798 
0.00218685 
0.000509834 
-0.0011223 
-0.00272652 
-0.00431993 
-0.00591972 
-0.00754126 
-0.0091989 
-0.0109064 
-0.0126767 
-0.0145244 
-0.016469 
-0.0185394 
-0.0207691 
-0.0231792 
-0.0257574 
-0.0284504 
-0.0311763 
-0.0338426 
-0.0363582 
-0.038636 
-0.0405891 
-0.0421248 
-0.0431395 
-0.0435257 
-0.0431564 
-0.0419845 
-0.0400772 
-0.0375583 
-0.0346139 
-0.0314027 
-0.0280301 
-0.0245511 
-0.0209846 
-0.0173271 
-0.0135652 
-0.00970734 
-0.00575768 
-0.00187411 
0.00187411 
-0.00476555 
0.00476555 
0.0137819 
0.0219339 
0.0291635 
0.0353883 
0.0404886 
0.0443562 
0.0469369 
0.0482364 
0.0482439 
0.0470103 
0.0446521 
0.041394 
0.037549 
0.0334546 
0.0293982 
0.0255678 
0.0220481 
0.0188494 
0.0159437 
0.013291 
0.0108516 
0.00859011 
0.00647499 
0.00447847 
0.00257479 
0.000740694 
-0.00104712 
-0.00281097 
-0.00457545 
-0.00636305 
-0.00819668 
-0.0100993 
-0.0120951 
-0.0142092 
-0.016469 
-0.0189049 
-0.0215476 
-0.0244185 
-0.0275123 
-0.0307852 
-0.0341587 
-0.0375357 
-0.0408136 
-0.0438899 
-0.0466605 
-0.049018 
-0.0508495 
-0.0520401 
-0.0524869 
-0.0520881 
-0.050819 
-0.0487353 
-0.0459398 
-0.0425902 
-0.0388367 
-0.0347962 
-0.0305435 
-0.0261199 
-0.0215447 
-0.0168293 
-0.0120053 
-0.0071125 
-0.0023165 
0.0023165 
-0.00547426 
0.00547426 
0.0158867 
0.0252718 
0.0334615 
0.0403983 
0.0459971 
0.0501791 
0.0529023 
0.054153 
0.0539097 
0.052252 
0.049351 
0.0455027 
0.0410839 
0.036472 
0.0319684 
0.0277571 
0.0239116 
0.020431 
0.0172789 
0.0144092 
0.0117774 
0.00934329 
0.00707138 
0.00492975 
0.00288889 
0.00092141 
-0.000999323 
-0.00290053 
-0.00481344 
-0.00676552 
-0.00878688 
-0.0109088 
-0.0131655 
-0.0155939 
-0.0182328 
-0.0211199 
-0.0242829 
-0.0277254 
-0.0314135 
-0.0352743 
-0.0392088 
-0.0431086 
-0.0468644 
-0.0503661 
-0.0534997 
-0.0561468 
-0.0581861 
-0.0595012 
-0.0599959 
-0.0595864 
-0.058257 
-0.0560546 
-0.0530631 
-0.0494116 
-0.045233 
-0.0406432 
-0.0357306 
-0.0305583 
-0.0251731 
-0.019618 
-0.0139548 
-0.0082587 
-0.00269164 
0.00269164 
-0.00614691 
0.00614691 
0.0178728 
0.0284151 
