0 
-0.00157435 
-0.00219804 
-0.00111121 
0.00102214 
0.00356208 
0.00637352 
0.00926067 
0.0121671 
0.0150432 
0.0178804 
0.0206821 
0.0234624 
0.0262389 
0.0290298 
0.0318514 
0.0347168 
0.0376347 
0.0406095 
0.0436403 
0.0467217 
0.0498428 
0.0529885 
0.0561389 
0.05927 
0.0623543 
0.0653614 
0.0682584 
0.0710112 
0.0735845 
0.0759432 
0.0780528 
0.0798806 
0.0813955 
0.0825699 
0.0833782 
0.0838005 
0.0838218 
0.0834292 
0.0826136 
0.0813699 
0.0796966 
0.0775961 
0.0750751 
0.0721452 
0.0688236 
0.0651349 
0.0611122 
0.0567986 
0.0522486 
0.0475286 
0.0427171 
0.0379037 
0.0331876 
0.0286718 
0.0244502 
0.0205809 
0.0170686 
0.0138853 
0.0110103 
0.00844034 
0.00616877 
0.00416868 
0.00239493 
0.000774196 
0 
0.00157435 
-0.00157435 
-0.00219804 
-0.00111121 
0.00102214 
0.00356208 
0.00637352 
0.00926067 
0.0121671 
0.0150432 
0.0178804 
0.0206821 
0.0234624 
0.0262389 
0.0290298 
0.0318514 
0.0347168 
0.0376347 
0.0406095 
0.0436403 
0.0467217 
0.0498428 
0.0529885 
0.0561389 
0.05927 
0.0623543 
0.0653614 
0.0682584 
0.0710112 
0.0735845 
0.0759432 
0.0780528 
0.0798806 
0.0813955 
0.0825699 
0.0833782 
0.0838005 
0.0838218 
0.0834292 
0.0826136 
0.0813699 
0.0796966 
0.0775961 
0.0750751 
0.0721452 
0.0688236 
0.0651349 
0.0611122 
0.0567986 
0.0522486 
0.0475286 
0.0427171 
0.0379037 
0.0331876 
0.0286718 
0.0244502 
0.0205809 
0.0170686 
0.0138853 
0.0110103 
0.00844034 
0.00616877 
0.00416868 
0.00239493 
0.000774196 
-0.000774196 
0.000380953 
-0.000380953 
0.000772389 
0.00202293 
0.00394273 
0.00618831 
0.0086674 
0.0112207 
0.0137942 
0.0163463 
0.0188706 
0.0213727 
0.0238679 
0.0263746 
0.0289116 
0.0314956 
0.0341399 
0.0368535 
0.0396409 
0.0425014 
0.0454292 
0.0484136 
0.0514388 
0.0544844 
0.0575258 
0.0605348 
0.06348 
0.0663279 
0.0690432 
0.0715902 
0.0739331 
0.076037 
0.0778687 
0.0793976 
0.0805955 
0.0814394 
0.0819029 
0.0819714 
0.0816318 
0.0808745 
0.0796943 
0.0780896 
0.076063 
0.0736205 
0.0707732 
0.0675375 
0.0639364 
0.0600018 
0.0557752 
0.05131 
0.046672 
0.0419394 
0.0372018 
0.0325572 
0.0281056 
0.0239354 
0.0201021 
0.0166167 
0.0134649 
0.0106346 
0.00811965 
0.00590661 
0.00396885 
0.00226661 
0.000728613 
-0.000728613 
-0.000693921 
0.000693921 
0.00200014 
0.00354074 
0.00537574 
0.00742042 
0.00958764 
0.0117891 
0.0139883 
0.0161661 
0.0183266 
0.0204837 
0.0226571 
0.0248681 
0.0271361 
0.0294778 
0.0319057 
0.0344277 
0.0370466 
0.0397602 
0.0425611 
0.045437 
0.0483702 
0.0513389 
0.0543168 
0.0572739 
0.0601776 
0.0629928 
0.0656831 
0.0682115 
0.0705414 
0.0726371 
0.074465 
0.0759942 
0.0771971 
0.0780514 
0.0785366 
0.0786379 
0.0783444 
0.0776478 
0.0765444 
0.0750336 
0.0731181 
0.0708035 
0.0680994 
0.0650197 
0.0615839 
0.0578195 
0.0537637 
0.0494652 
0.0449863 
0.0404026 
0.0358024 
0.0312823 
0.0269405 
0.0228615 
0.019098 
0.0156662 
0.012566 
0.00979927 
0.00736681 
0.00525994 
0.00346022 
0.00193474 
0.000610192 
-0.000610192 
-0.000658022 
0.000658022 
0.00222205 
0.00397598 
0.00582315 
0.00771523 
0.00961051 
0.0114798 
0.0133191 
0.0151367 
0.016952 
0.0187887 
0.0206714 
0.0226226 
0.0246611 
0.0268015 
0.0290536 
0.0314222 
0.0339076 
0.036505 
0.0392051 
0.0419934 
0.0448511 
0.0477547 
0.0506769 
0.0535867 
0.0564503 
0.0592318 
0.0618939 
0.0643988 
0.0667093 
0.068789 
0.0706037 
0.0721221 
0.0733162 
0.0741638 
0.0746452 
0.0747477 
0.0744627 
0.0737851 
0.0727143 
0.0712533 
0.069408 
0.0671867 
0.0645999 
0.0616612 
0.0583878 
0.054803 
0.0509383 
0.0468365 
0.0425535 
0.0381604 
0.0337416 
0.0293915 
0.0252054 
0.021263 
0.0176126 
0.014274 
0.0112616 
0.00859212 
0.00627627 
0.00431353 
0.00270177 
0.00142576 
0.000423413 
-0.000423413 
-0.000666084 
0.000666084 
0.00233682 
0.00411555 
0.00583753 
0.00750786 
0.00910489 
0.0106458 
0.0121488 
0.0136428 
0.0151577 
0.016723 
0.0183644 
0.0201024 
0.0219527 
0.0239258 
0.0260275 
0.0282596 
0.03062 
0.0331021 
0.0356955 
0.0383853 
0.0411522 
0.0439727 
0.0468192 
0.0496605 
0.0524626 
0.0551895 
0.0578035 
0.0602666 
0.0625411 
0.0645903 
0.0663795 
0.0678769 
0.0690539 
0.0698881 
0.070359 
0.0704542 
0.0701668 
0.0694939 
0.0684378 
0.0670052 
0.0652055 
0.0630506 
0.0605539 
0.0577304 
0.0545976 
0.0511764 
0.0474946 
0.0435894 
0.039511 
0.0353248 
0.0311105 
0.0269589 
0.0229603 
0.0191867 
0.0156788 
0.0124587 
0.00955473 
0.00699699 
0.00480476 
0.00299996 
0.00162095 
0.000673182 
0.000137462 
-0.000137462 
-0.000598196 
0.000598196 
0.00221482 
0.00390641 
0.0054524 
0.00688877 
0.00821051 
0.00946581 
0.0106872 
0.0119176 
0.0131913 
0.0145396 
0.0159854 
0.0175456 
0.019231 
0.0210482 
0.0230002 
0.0250871 
0.0273056 
0.0296497 
0.0321092 
0.0346703 
0.0373145 
0.0400191 
0.0427573 
0.0454986 
0.0482092 
0.0508534 
0.0533939 
0.0557927 
0.058012 
0.0600151 
0.0617665 
0.0632341 
0.0643883 
0.0652064 
0.0656654 
0.0657531 
0.0654635 
0.0647953 
0.0637532 
0.0623467 
0.0605881 
0.0584923 
0.0560755 
0.0533547 
0.0503484 
0.0470773 
0.0435668 
0.0398508 
0.0359752 
0.0320004 
0.0280022 
0.0240666 
0.0202764 
0.0166921 
0.0133439 
0.0102558 
0.0074686 
0.00501875 
0.00294426 
0.00131012 
0.000200065 
-0.000336917 
-0.000254998 
0.000254998 
-0.000546409 
0.000546409 
0.00203786 
0.00354967 
0.00486185 
0.00604856 
0.00711223 
0.00812005 
0.00910828 
0.0101252 
0.0112035 
0.0123717 
0.0136475 
0.015043 
0.0165653 
0.0182183 
0.0200038 
0.0219219 
0.0239703 
0.0261443 
0.0284355 
0.030832 
0.0333169 
0.0358693 
0.0384634 
0.0410699 
0.0436561 
0.0461868 
0.0486255 
0.0509348 
0.0530772 
0.0550157 
0.0567147 
0.0581413 
0.0592651 
0.0600631 
0.0605107 
0.0605957 
0.0603128 
0.0596612 
0.058647 
0.0572808 
0.0555766 
0.0535507 
0.0512211 
0.0486064 
0.0457261 
0.0426013 
0.0392571 
0.0357257 
0.0320505 
0.0282895 
0.0245149 
0.0208071 
0.0172389 
0.0138541 
0.0106708 
0.00771588 
0.00503676 
0.00267727 
0.000715132 
-0.000725414 
-0.00152435 
-0.0015493 
-0.000708156 
0.000708156 
-0.000459977 
0.000459977 
0.00175802 
0.0030456 
0.004113 
0.00506534 
0.00590501 
0.00670835 
0.00750793 
0.00835152 
0.00926592 
0.0102747 
0.0113901 
0.0126206 
0.0139705 
0.0154433 
0.0170411 
0.0187649 
0.0206146 
0.0225874 
0.0246776 
0.0268752 
0.029166 
0.0315308 
0.0339461 
0.0363839 
0.0388132 
0.0412 
0.0435092 
0.0457041 
0.0477481 
0.0496043 
0.0512371 
0.052613 
0.0537005 
0.054476 
0.0549124 
0.0549981 
0.0547283 
0.0541038 
0.0531318 
0.0518234 
0.0501928 
0.0482563 
0.0460317 
0.0435378 
0.0407943 
0.0378227 
0.0346482 
0.0313031 
0.0278307 
0.0242879 
0.0207446 
0.0172748 
0.0139364 
0.0107527 
0.00773019 
0.00490026 
0.00231167 
3.86101e-05 
-0.00177779 
-0.0029789 
-0.00334636 
-0.00269958 
-0.00107124 
0.00107124 
-0.000374149 
0.000374149 
0.00144832 
0.002483 
0.00330365 
0.00403603 
0.00467804 
0.00530734 
0.00594749 
0.00664165 
0.00740816 
0.00826527 
0.00922029 
0.0102793 
0.0114456 
0.0127228 
0.014114 
0.015622 
0.0172487 
0.0189937 
0.0208538 
0.0228219 
0.0248864 
0.0270309 
0.0292342 
0.0314706 
0.0337111 
0.0359238 
0.0380751 
0.0401299 
0.0420525 
0.0438068 
0.0453569 
0.0466692 
0.0477115 
0.0484596 
0.048885 
0.0489768 
0.0487309 
0.048149 
0.0472384 
0.0460099 
0.0444767 
0.0426537 
0.0405571 
0.0382047 
0.0356153 
0.0328105 
0.0298162 
0.026666 
0.0234045 
0.0200893 
0.0167882 
0.0135661 
0.0104615 
0.00747423 
0.00460437 
0.00188693 
-0.000607724 
-0.00275099 
-0.0043519 
-0.00514429 
-0.00488779 
-0.00350146 
-0.00129344 
0.00129344 
-0.000277244 
0.000277244 
0.00110635 
0.00188153 
0.00247011 
0.00300271 
0.00347191 
0.00395049 
0.0044511 
0.00500998 
0.00563657 
0.0063444 
0.00713688 
0.00801886 
0.00899317 
0.010064 
0.0112355 
0.0125121 
0.0138975 
0.0153936 
0.0169999 
0.0187123 
0.0205225 
0.0224171 
0.0243782 
0.026383 
0.028405 
0.0304149 
0.0323811 
0.0342706 
0.0360493 
0.037682 
0.039133 
0.0403688 
0.041357 
0.042073 
0.0424863 
0.0425879 
0.0423752 
0.0418508 
0.0410218 
0.039897 
0.0384869 
0.0368033 
0.03486 
0.032672 
0.0302572 
0.0276368 
0.024838 
0.0218966 
0.0188599 
0.015787 
0.0127426 
0.00977801 
0.006907 
0.00410728 
0.00138075 
-0.00121872 
-0.00358265 
-0.00551511 
-0.00672338 
-0.00690624 
-0.00593592 
-0.00397277 
-0.00143261 
0.00143261 
-0.000181842 
0.000181842 
0.000762201 
0.00128055 
0.00165406 
0.00200222 
0.00231586 
0.00265753 
0.00302976 
0.00346034 
0.0039507 
0.00451024 
0.00513938 
0.00584212 
0.00662095 
0.00748041 
0.00842536 
0.00946126 
0.0105932 
0.0118255 
0.01316 
0.014596 
0.0161286 
0.0177483 
0.0194407 
0.0211869 
0.0229635 
0.0247438 
0.0264989 
0.0281983 
0.0298099 
0.0313 
0.0326333 
0.0337763 
0.0346979 
0.0353733 
0.0357735 
0.0358922 
0.0357276 
0.0352817 
0.0345584 
0.033563 
0.0323019 
0.0307831 
0.0290167 
0.0270155 
0.0247958 
0.0223789 
0.0197938 
0.0170795 
0.0142867 
0.0114756 
0.00870495 
0.00600566 
0.00336292 
0.000741486 
-0.00183865 
-0.00429755 
-0.0064573 
-0.00802237 
-0.00864861 
-0.00813644 
-0.00655434 
-0.00424819 
-0.0015108 
0.0015108 
-8.54749e-05 
8.54749e-05 
0.00042046 
0.000693707 
0.000870943 
0.0010483 
0.00121955 
0.00143296 
0.0016837 
0.00199014 
0.00234746 
0.00276117 
0.00322935 
0.00375506 
0.00434018 
0.00498914 
0.00570684 
0.00649926 
0.00737259 
0.00833271 
0.00938422 
0.0105294 
0.0117672 
0.0130924 
0.014495 
0.0159599 
0.0174676 
0.0189948 
0.0205157 
0.0220023 
0.0234252 
0.024753 
0.0259513 
0.0269866 
0.027829 
0.0284542 
0.0288407 
0.0289859 
0.0288873 
0.0285422 
0.0279487 
0.0271064 
0.0260169 
0.024684 
0.0231147 
0.0213194 
0.0193134 
0.017119 
0.0147675 
0.0123022 
0.00977701 
0.00725133 
0.0047703 
0.0023395 
-8.27923e-05 
-0.00253066 
-0.00495519 
-0.00722164 
-0.00905186 
-0.0100854 
-0.010036 
-0.00889087 
-0.00688576 
-0.00439254 
-0.00154533 
0.00154533 
8.55689e-06 
-8.55689e-06 
9.19137e-05 
0.000135859 
0.000133013 
0.000150252 
0.000187869 
0.000277766 
0.000411168 
0.00059645 
0.000824642 
0.00109707 
0.00141002 
0.00176503 
0.00216309 
0.00260784 
0.00310359 
0.00365623 
0.00427246 
0.00495945 
0.00572391 
0.00657116 
0.00750401 
0.00852172 
0.00961905 
0.0107855 
0.0120058 
0.0132607 
0.0145277 
0.0157822 
0.0169973 
0.0181453 
0.0191941 
0.0201104 
0.0208645 
0.021434 
0.0218156 
0.0220035 
0.0219895 
0.0217631 
0.0213159 
0.0206418 
0.0197381 
0.0186049 
0.0172464 
0.0156715 
0.0138954 
0.0119423 
0.00984629 
0.00765541 
0.00542407 
0.00320716 
0.00103238 
-0.00113327 
-0.00334929 
-0.00562502 
-0.00786581 
-0.00984917 
-0.0112159 
-0.0116222 
-0.010926 
-0.00929342 
-0.00703356 
-0.00443815 
-0.00154901 
0.00154901 
0.000106948 
-0.000106948 
-0.000225862 
-0.000387547 
-0.000555889 
-0.000688251 
-0.000778137 
-0.000809125 
-0.000790669 
-0.000723963 
-0.000619989 
-0.000482138 
-0.000315598 
-0.000121106 
0.00010104 
0.000352789 
0.000637473 
0.000960282 
0.00132787 
0.00174805 
0.00222921 
0.00277933 
0.00340486 
0.00410966 
0.00489328 
0.00575025 
0.00667067 
0.00763996 
0.00863957 
0.00964816 
0.010642 
0.0115979 
0.0124886 
0.0132855 
0.0139572 
0.0144812 
0.0148714 
0.0151117 
0.015189 
0.0150856 
0.0147879 
0.0142857 
0.0135721 
0.0126443 
0.0115045 
0.0101606 
0.0086288 
0.00693561 
0.00511765 
0.00322885 
0.00132418 
-0.000558052 
-0.00242301 
-0.0043416 
-0.00636461 
-0.00845691 
-0.010457 
-0.0120547 
-0.0128685 
-0.0126485 
-0.0114182 
-0.00945335 
-0.0070474 
-0.0044065 
-0.00152939 
0.00152939 
0.000209275 
-0.000209275 
-0.000529372 
-0.000872615 
-0.00119514 
-0.00146812 
-0.0016818 
-0.00183104 
-0.00192537 
-0.00197347 
-0.00198764 
-0.00197577 
-0.00194463 
-0.00189775 
-0.00183724 
-0.00176316 
-0.00167367 
-0.00156489 
-0.00143086 
-0.0012637 
-0.00105403 
-0.000791803 
-0.000467418 
-7.31462e-05 
0.000395876 
0.000940156 
0.00155564 
0.00223295 
0.00295806 
0.00371363 
0.00447907 
0.00523602 
0.00596297 
0.00664369 
0.00724981 
0.00775421 
0.00816492 
0.00845746 
0.00861999 
0.00863201 
0.00847703 
0.0081413 
0.00761479 
0.00689225 
0.00597418 
0.00486944 
0.00359622 
0.00218455 
0.000675886 
-0.000875471 
-0.00242231 
-0.00395963 
-0.00553459 
-0.00722765 
-0.00905742 
-0.0109344 
-0.0126218 
-0.0137559 
-0.014 
-0.0132346 
-0.0116136 
-0.00943934 
-0.00695763 
-0.00431424 
-0.00149086 
0.00149086 
0.000308041 
-0.000308041 
-0.00081239 
-0.00132092 
-0.00178854 
-0.00219511 
-0.00252913 
-0.00279312 
-0.00299678 
-0.00315423 
-0.00327911 
-0.00338311 
-0.00347487 
-0.00356083 
-0.00364512 
-0.00373017 
-0.00381617 
-0.00390111 
-0.00398032 
-0.00404648 
-0.0040898 
-0.00409871 
-0.00406086 
-0.00396478 
-0.00380072 
-0.00356207 
-0.00324707 
-0.00285933 
-0.0024076 
-0.00190439 
-0.00136629 
-0.000807424 
-0.000245955 
0.000312141 
0.000849428 
0.00134401 
0.00178154 
0.00212744 
0.00237063 
0.00249049 
0.0024694 
0.00229236 
0.00194746 
0.00142852 
0.00073645 
-0.000119208 
-0.00111518 
-0.00221737 
-0.00337984 
-0.00456016 
-0.00573888 
-0.00694638 
-0.00825557 
-0.00973144 
-0.0113515 
-0.0129665 
-0.014278 
-0.0149208 
-0.0146485 
-0.0134639 
-0.0115883 
-0.00929192 
-0.00677764 
-0.00417028 
-0.00143509 
0.00143509 
0.000400432 
-0.000400432 
-0.00107329 
-0.00173403 
-0.00233801 
-0.00287164 
-0.00332218 
-0.00369719 
-0.00400617 
-0.00426693 
-0.00449423 
-0.00470292 
-0.00490365 
-0.00510566 
-0.00531546 
-0.00553817 
-0.00577647 
-0.00603073 
-0.00629824 
-0.00657301 
-0.00684559 
-0.00710351 
-0.00733214 
-0.00751602 
-0.00764054 
-0.00769368 
-0.00766757 
-0.00755959 
-0.00737258 
-0.00711367 
-0.00679411 
-0.00642458 
-0.00601896 
-0.00558375 
-0.00512872 
-0.00467164 
-0.00422321 
-0.00383403 
-0.0035164 
-0.00329472 
-0.00318733 
-0.00320984 
-0.00337413 
-0.00368505 
-0.00413934 
-0.00472373 
-0.00541308 
-0.00617231 
-0.00696177 
-0.00775989 
-0.00857919 
-0.00947895 
-0.0105372 
-0.01179 
-0.0131707 
-0.0144752 
-0.0153765 
-0.0155548 
-0.0148666 
-0.0133979 
-0.0113785 
-0.00901815 
-0.00650844 
-0.00397507 
-0.00136173 
0.00136173 
0.000485293 
-0.000485293 
-0.00131135 
-0.00211207 
-0.00284343 
-0.00349748 
-0.00406012 
-0.00454208 
-0.00495205 
-0.0053101 
-0.00563166 
-0.00593401 
-0.00622966 
-0.00653048 
-0.00684542 
-0.00718235 
-0.00754671 
-0.00794172 
-0.00836722 
-0.00881933 
-0.00928989 
-0.0097666 
-0.0102335 
-0.0106724 
-0.0110642 
-0.0113913 
-0.0116392 
-0.0117986 
-0.0118657 
-0.0118415 
-0.0117316 
-0.0115425 
-0.0112837 
-0.0109621 
-0.0105875 
-0.0101814 
-0.00974587 
-0.00933355 
-0.00895773 
-0.00864575 
-0.00841687 
-0.00828708 
-0.00826718 
-0.00836012 
-0.00856014 
-0.00885146 
-0.00920886 
-0.00960237 
-0.0100081 
-0.0104302 
-0.0109097 
-0.0115211 
-0.0123313 
-0.0133425 
-0.0144468 
-0.015404 
-0.0158978 
-0.015681 
-0.0146964 
-0.0130621 
-0.0109794 
-0.0086031 
-0.00613973 
-0.00372224 
-0.00126846 
0.00126846 
0.000562113 
-0.000562113 
-0.00152586 
-0.00245387 
-0.00330264 
-0.00406958 
-0.00473899 
-0.00532344 
-0.00583007 
-0.00627987 
-0.00668833 
-0.00707431 
-0.00745185 
-0.00783501 
-0.00823505 
-0.00866251 
-0.00912569 
-0.00963084 
-0.0101809 
-0.0107747 
-0.0114063 
-0.0120649 
-0.0127344 
-0.0133949 
-0.014024 
-0.014599 
-0.0150994 
-0.0155086 
-0.0158157 
-0.0160153 
-0.0161071 
-0.0160937 
-0.0159812 
-0.0157754 
-0.0154857 
-0.0151346 
-0.0147208 
-0.0142966 
-0.013874 
-0.0134806 
-0.0131354 
-0.0128536 
-0.0126443 
-0.0125085 
-0.0124388 
-0.0124195 
-0.0124296 
-0.0124506 
-0.0124795 
-0.0125452 
-0.0127076 
-0.0130419 
-0.0135945 
-0.014336 
-0.0151275 
-0.0157208 
-0.0158421 
-0.0153221 
-0.0141567 
-0.0124511 
-0.0103522 
-0.008017 
-0.00565185 
-0.00340051 
-0.00115168 
0.00115168 
0.000630423 
-0.000630423 
-0.0017155 
-0.00275684 
-0.00371144 
-0.0045822 
-0.00535166 
-0.00603333 
-0.00663211 
-0.00716875 
-0.00765799 
-0.00811936 
-0.00856777 
-0.00901892 
-0.00948597 
-0.00998179 
-0.0105174 
-0.011102 
-0.0117419 
-0.0124392 
-0.0131913 
-0.0139894 
-0.0148192 
-0.0156606 
-0.0164893 
-0.0172789 
-0.0180033 
-0.0186391 
-0.0191682 
-0.019578 
-0.0198621 
-0.0200187 
-0.0200502 
-0.0199612 
-0.01976 
-0.0194683 
-0.0190826 
-0.0186534 
-0.0181909 
-0.0177213 
-0.017262 
-0.0168266 
-0.0164225 
-0.0160496 
-0.0157008 
-0.0153638 
-0.0150266 
-0.0146861 
-0.0143601 
-0.0140957 
-0.01396 
-0.0140183 
-0.0142941 
-0.014733 
-0.0151824 
-0.015414 
-0.0152161 
-0.0144871 
-0.0132415 
-0.0115378 
-0.00945687 
-0.0072233 
-0.00502306 
-0.00299683 
-0.00100739 
0.00100739 
0.000689652 
-0.000689652 
-0.00187838 
-0.00301726 
-0.00406395 
-0.00502722 
-0.00588799 
-0.0066602 
-0.007346 
-0.00796493 
-0.00853009 
-0.00906071 
-0.00957174 
-0.0100797 
-0.0105991 
-0.0111444 
-0.011729 
-0.0123649 
-0.0130614 
-0.0138244 
-0.0146548 
-0.0155474 
-0.0164905 
-0.0174658 
-0.018449 
-0.0194116 
-0.0203234 
-0.0211553 
-0.0218819 
-0.0224834 
-0.0229468 
-0.0232647 
-0.023436 
-0.0234624 
-0.023351 
-0.0231208 
-0.0227667 
-0.0223363 
-0.0218376 
-0.0212947 
-0.0207225 
-0.0201331 
-0.0195326 
-0.0189213 
-0.0182951 
-0.0176484 
-0.0169807 
-0.0163049 
-0.015655 
-0.0150871 
-0.0146656 
-0.0144402 
-0.0144143 
-0.0145186 
-0.0146058 
-0.0144891 
-0.0140251 
-0.0131655 
-0.01192 
-0.0102782 
-0.00824333 
-0.00618671 
-0.00423208 
-0.00249933 
-0.000832018 
0.000832018 
0.00073911 
-0.00073911 
-0.00201224 
-0.00323074 
-0.00435321 
-0.00539493 
-0.00633554 
-0.0071894 
-0.00795566 
-0.00865195 
-0.00928896 
-0.00988463 
-0.010453 
-0.0110106 
-0.0115721 
-0.012153 
-0.0127682 
-0.0134317 
-0.0141559 
-0.0149498 
-0.0158183 
-0.0167604 
-0.0177682 
-0.0188266 
-0.0199134 
-0.0210002 
-0.0220548 
-0.0230439 
-0.023936 
-0.0247041 
-0.0253279 
-0.025794 
-0.026096 
-0.0262322 
-0.0262079 
-0.0260381 
-0.025717 
-0.0252873 
-0.0247554 
-0.0241419 
-0.0234601 
-0.0227207 
-0.0219298 
-0.0210898 
-0.0202016 
-0.0192684 
-0.0183012 
-0.0173259 
-0.0163859 
-0.0155377 
-0.0148365 
-0.0143157 
-0.0139632 
-0.0137061 
-0.0134187 
-0.0129665 
-0.0122713 
-0.0113266 
-0.0101367 
-0.00861777 
-0.00666874 
-0.00488235 
-0.0032658 
-0.00190109 
-0.00062376 
0.00062376 
0.000778107 
-0.000778107 
-0.00211485 
-0.00339298 
-0.00457232 
-0.00567535 
-0.00668107 
-0.00760467 
-0.00844238 
-0.00920966 
-0.00991423 
-0.0105719 
-0.011195 
-0.0117987 
-0.0123972 
-0.0130057 
-0.0136395 
-0.014314 
-0.0150433 
-0.0158396 
-0.0167113 
-0.0176616 
-0.0186873 
-0.0197777 
-0.0209144 
-0.0220715 
-0.0232172 
-0.0243165 
-0.0253334 
-0.0262349 
-0.0269935 
-0.0275887 
-0.0280079 
-0.0282448 
-0.0283013 
-0.0281881 
-0.027899 
-0.0274711 
-0.0269087 
-0.0262299 
-0.0254461 
-0.0245675 
-0.0236016 
-0.0225542 
-0.0214323 
-0.0202476 
-0.0190208 
-0.0177857 
-0.0165882 
-0.0154796 
-0.0145026 
-0.0136759 
-0.0129783 
-0.0123427 
-0.0116744 
-0.0108921 
-0.00997266 
-0.0089392 
-0.00780848 
-0.00644912 
-0.00470479 
-0.00330234 
-0.00212406 
-0.0012032 
-0.000383733 
0.000383733 
0.000806129 
-0.000806129 
-0.00218468 
-0.0035009 
-0.00471601 
-0.0058603 
-0.00691298 
-0.0078908 
-0.00878758 
-0.00961677 
-0.010383 
-0.0110994 
-0.0117757 
-0.0124252 
-0.0130601 
-0.0136943 
-0.0143421 
-0.0150189 
-0.0157396 
-0.0165182 
-0.0173662 
-0.0182908 
-0.0192936 
-0.0203689 
-0.0215034 
-0.0226754 
-0.0238565 
-0.0250121 
-0.0261051 
-0.0270983 
-0.0279579 
-0.0286564 
-0.029174 
-0.0294983 
-0.0296267 
-0.0295646 
-0.0293059 
-0.028881 
-0.0282931 
-0.0275575 
-0.0266846 
-0.0256851 
-0.0245684 
-0.0233444 
-0.022026 
-0.0206317 
-0.0191886 
-0.0177334 
-0.0163093 
-0.0149591 
-0.013713 
-0.012578 
-0.011529 
-0.0105118 
-0.00946592 
-0.00835421 
-0.00719245 
-0.00601769 
-0.0048869 
-0.00361038 
-0.00236509 
-0.00146672 
-0.000829113 
-0.000420148 
-0.000117752 
0.000117752 
0.000823014 
-0.000823014 
-0.00222151 
-0.00355384 
-0.00478258 
-0.00594612 
-0.00702476 
-0.0080377 
-0.00897729 
-0.00985558 
-0.0106743 
-0.0114441 
-0.0121717 
-0.0128676 
-0.0135412 
-0.0142039 
-0.0148679 
-0.0155466 
-0.0162543 
-0.0170055 
-0.0178135 
-0.0186888 
-0.0196372 
-0.0206585 
-0.0217449 
-0.0228804 
-0.0240413 
-0.025197 
-0.0263116 
-0.0273469 
-0.0282654 
-0.0290335 
-0.0296244 
-0.0300188 
-0.030208 
-0.0301908 
-0.0299608 
-0.0295414 
-0.0289351 
-0.0281549 
-0.0272109 
-0.0261145 
-0.0248776 
-0.0235137 
-0.0220404 
-0.0204807 
-0.0188645 
-0.0172274 
-0.0156074 
-0.0140373 
-0.0125364 
-0.0111035 
-0.00971486 
-0.00833287 
-0.00692951 
-0.00550175 
-0.0040957 
-0.00274095 
-0.00152389 
-0.000316791 
0.000219143 
0.000530968 
0.000565669 
0.000414723 
0.000162223 
-0.000162223 
0.000829211 
-0.000829211 
-0.0022272 
-0.00355495 
-0.00477602 
-0.0059367 
-0.007019 
-0.00804554 
-0.00900824 
-0.00991879 
-0.0107768 
-0.0115907 
-0.0123645 
-0.0131057 
-0.0138205 
-0.0145169 
-0.0152034 
-0.0158904 
-0.0165895 
-0.0173138 
-0.0180769 
-0.0188912 
-0.019766 
-0.0207059 
-0.0217088 
-0.022765 
-0.0238568 
-0.024959 
-0.02604 
-0.0270637 
-0.027992 
-0.0287881 
-0.0294195 
-0.0298603 
-0.0300948 
-0.0301147 
-0.0299117 
-0.0295017 
-0.0288864 
-0.0280769 
-0.0270834 
-0.0259179 
-0.0245945 
-0.0231297 
-0.0215438 
-0.0198622 
-0.0181145 
-0.0163333 
-0.0145496 
-0.0127874 
-0.0110572 
-0.00935344 
-0.00765803 
-0.00595155 
-0.00423843 
-0.00253975 
-0.000904802 
0.000617021 
0.00190997 
0.00279126 
0.00280027 
0.00252785 
0.00197586 
0.00125421 
0.00044138 
-0.00044138 
0.0008257 
-0.0008257 
-0.002206 
-0.00351201 
-0.0047076 
-0.00584598 
-0.00691115 
-0.00792972 
-0.00889429 
-0.00981725 
-0.0106972 
-0.0115412 
-0.0123512 
-0.0131321 
-0.013887 
-0.0146201 
-0.0153359 
-0.0160403 
-0.0167409 
-0.0174473 
-0.018171 
-0.0189245 
-0.0197192 
-0.0205635 
-0.0214607 
-0.0224074 
-0.0233922 
-0.0243965 
-0.0253944 
-0.0263545 
-0.0272416 
-0.0280189 
-0.0286516 
-0.0291085 
-0.0293675 
-0.0294126 
-0.0292322 
-0.0288344 
-0.0282198 
-0.0273972 
-0.0263766 
-0.0251707 
-0.0237949 
-0.0222673 
-0.0206098 
-0.0188476 
-0.0170088 
-0.0151214 
-0.0132099 
-0.0112907 
-0.00936877 
-0.00743757 
-0.00548774 
-0.00352166 
-0.00156209 
0.000367574 
0.0021936 
0.00380814 
0.00501462 
0.00552275 
0.00515198 
0.00438426 
0.00330297 
0.00204697 
0.000704503 
-0.000704503 
0.000814522 
-0.000814522 
-0.00216513 
-0.0034381 
-0.00459669 
-0.00569934 
-0.0067317 
-0.00772429 
-0.00867117 
-0.00958638 
-0.0104686 
-0.0113246 
-0.0121551 
-0.0129635 
-0.0137504 
-0.014517 
-0.0152638 
-0.0159921 
-0.0167044 
-0.0174053 
-0.0181023 
-0.018805 
-0.0195248 
-0.0202723 
-0.0210554 
-0.0218763 
-0.0227305 
-0.0236058 
-0.0244828 
-0.0253361 
-0.0261354 
-0.0268473 
-0.0274376 
-0.0278737 
-0.0281289 
-0.0281811 
-0.0280146 
-0.027629 
-0.0270226 
-0.0262017 
-0.0251754 
-0.0239562 
-0.02256 
-0.0210054 
-0.0193142 
-0.0175106 
-0.0156196 
-0.0136647 
-0.0116648 
-0.00963074 
-0.00756459 
-0.0054619 
-0.00332587 
-0.00117013 
0.000987375 
0.00309954 
0.00502856 
0.00661753 
0.00763208 
0.00783601 
0.00715539 
0.00598778 
0.00446608 
0.00274743 
0.000937742 
-0.000937742 
0.000796732 
-0.000796732 
-0.00211346 
-0.00335046 
-0.00446953 
-0.00553219 
-0.00652486 
-0.00748111 
-0.0083967 
-0.00928768 
-0.0101536 
-0.0110019 
-0.0118333 
-0.0126505 
-0.0134529 
-0.0142401 
-0.0150098 
-0.0157595 
-0.016487 
-0.0171916 
-0.0178749 
-0.0185418 
-0.0192003 
-0.0198606 
-0.0205329 
-0.0212247 
-0.021938 
-0.0226674 
-0.0234001 
-0.0241168 
-0.0247931 
-0.0254008 
-0.0259094 
-0.0262879 
-0.026508 
-0.0265439 
-0.0263753 
-0.025995 
-0.0253985 
-0.0245889 
-0.0235736 
-0.0223639 
-0.020975 
-0.019425 
-0.0177343 
-0.0159251 
-0.014019 
-0.0120356 
-0.00998894 
-0.00788645 
-0.00572961 
-0.00351867 
-0.00126533 
0.00102677 
0.00332494 
0.00553067 
0.00746552 
0.00894842 
0.00974202 
0.00968684 
0.00876124 
0.00728668 
0.00542032 
0.00332788 
0.00113203 
-0.00113203 
0.000777013 
-0.000777013 
-0.00206327 
-0.00326968 
-0.00435668 
-0.00538575 
-0.00634303 
-0.00726335 
-0.00814375 
-0.00900195 
-0.0098387 
-0.0106625 
-0.0114747 
-0.0122784 
-0.0130733 
-0.0138585 
-0.014631 
-0.0153866 
-0.0161201 
-0.0168264 
-0.0175018 
-0.0181447 
-0.0187575 
-0.0193465 
-0.019921 
-0.0204911 
-0.0210646 
-0.0216434 
-0.0222218 
-0.0227867 
-0.023319 
-0.0237957 
-0.0241912 
-0.0244783 
-0.0246308 
-0.0246231 
-0.0244327 
-0.0240464 
-0.0234564 
-0.0226624 
-0.0216692 
-0.0204862 
-0.0191269 
-0.0176075 
-0.0159467 
-0.0141636 
-0.0122769 
-0.0103022 
-0.00825036 
-0.00612685 
-0.00393373 
-0.0016768 
0.000640352 
0.00301203 
0.00536823 
0.00757766 
0.00944382 
0.0107739 
0.0113537 
0.0110802 
0.00996921 
0.00826876 
0.00615005 
0.00377644 
0.00128319 
-0.00128319 
0.000764322 
-0.000764322 
-0.0020272 
-0.00321677 
-0.00428807 
-0.00530003 
-0.00623716 
-0.00713328 
-0.00798589 
-0.00881329 
-0.00961715 
-0.0104069 
-0.0111845 
-0.0119543 
-0.0127168 
-0.0134724 
-0.0142188 
-0.0149525 
-0.0156678 
-0.0163583 
-0.0170164 
-0.0176357 
-0.0182119 
-0.0187446 
-0.0192382 
-0.0197011 
-0.0201439 
-0.0205751 
-0.0209973 
-0.021405 
-0.0217849 
-0.0221185 
-0.0223846 
-0.0225604 
-0.0226229 
-0.0225487 
-0.0223147 
-0.0219054 
-0.0213115 
-0.0205298 
-0.0195623 
-0.0184159 
-0.0171012 
-0.0156321 
-0.0140243 
-0.0122941 
-0.0104568 
-0.00852473 
-0.0065066 
-0.00440646 
-0.00222904 
2.41998e-05 
0.0023561 
0.00473631 
0.00707032 
0.00921048 
0.0109544 
0.0121109 
0.0124988 
0.0120485 
0.0108013 
0.00894733 
0.00665983 
0.00409386 
0.00139108 
-0.00139108 
0.000762331 
-0.000762331 
-0.00201743 
-0.00320934 
-0.00428774 
-0.00530577 
-0.00624567 
-0.00713793 
-0.00797956 
-0.008788 
-0.00956521 
-0.0103207 
-0.0110573 
-0.0117799 
-0.0124905 
-0.0131909 
-0.013881 
-0.0145595 
-0.0152229 
-0.0158659 
-0.0164812 
-0.0170603 
-0.0175943 
-0.0180763 
-0.018503 
-0.0188766 
-0.0192048 
-0.0194989 
-0.0197691 
-0.0200194 
-0.0202447 
-0.0204314 
-0.0205605 
-0.0206122 
-0.0205672 
-0.020407 
-0.0201123 
-0.0196663 
-0.0190585 
-0.0182838 
-0.0173417 
-0.0162362 
-0.0149753 
-0.0135698 
-0.0120322 
-0.0103756 
-0.00861232 
-0.00675205 
-0.00480155 
-0.00276471 
-0.000645022 
0.00156573 
0.00385574 
0.00617609 
0.00842142 
0.010436 
0.0120227 
0.0130011 
0.0132223 
0.0126359 
0.0112983 
0.00935261 
0.00696877 
0.00429001 
0.0014587 
-0.0014587 
0.00076916 
-0.00076916 
-0.00204625 
-0.00325905 
-0.0043702 
-0.00541887 
-0.00638674 
-0.00729857 
-0.00815039 
-0.00895747 
-0.00972137 
-0.010451 
-0.0111492 
-0.0118214 
-0.0124703 
-0.0130995 
-0.0137108 
-0.0143057 
-0.014884 
-0.0154437 
-0.0159806 
-0.016488 
-0.0169568 
-0.0173768 
-0.0177384 
-0.0180352 
-0.0182666 
-0.0184393 
-0.0185655 
-0.0186582 
-0.0187245 
-0.0187609 
-0.0187535 
-0.0186833 
-0.0185316 
-0.0182815 
-0.0179156 
-0.017419 
-0.0167843 
-0.0160066 
-0.0150841 
-0.0140185 
-0.0128145 
-0.0114796 
-0.0100232 
-0.00845516 
-0.00678481 
-0.00501953 
-0.00316451 
-0.00122295 
0.000810371 
0.00293674 
0.00513046 
0.00733462 
0.00943881 
0.0112879 
0.0126978 
0.0135031 
0.0135822 
0.0128954 
0.0115068 
0.00952241 
0.00710312 
0.00437983 
0.00149082 
-0.00149082 
0.00078475 
-0.00078475 
-0.00211068 
-0.00337052 
-0.00453721 
-0.00563893 
-0.00665672 
-0.00760931 
-0.00849116 
-0.00931472 
-0.0100807 
-0.0107966 
-0.0114653 
-0.012092 
-0.01268 
-0.0132336 
-0.0137565 
-0.0142522 
-0.0147235 
-0.0151721 
-0.0155981 
-0.0159989 
-0.0163694 
-0.0167009 
-0.0169825 
-0.0172024 
-0.017351 
-0.0174246 
-0.0174275 
-0.0173731 
-0.0172779 
-0.0171541 
-0.0170007 
-0.0168023 
-0.0165375 
-0.0161876 
-0.0157432 
-0.0151914 
-0.0145257 
-0.0137417 
-0.0128364 
-0.0118095 
-0.0106635 
-0.00940309 
-0.00803461 
-0.00656512 
-0.00500127 
-0.00334829 
-0.00160999 
0.000216651 
0.00213607 
0.00413736 
0.0061906 
0.0082344 
0.0101594 
0.0118176 
0.0130418 
0.0136835 
0.0136428 
0.0128856 
0.0114782 
0.00949854 
0.00709319 
0.00438126 
0.00149331 
-0.00149331 
0.000810342 
-0.000810342 
-0.00220508 
-0.00354079 
-0.0047805 
-0.00595301 
-0.00703692 
-0.00804606 
-0.00897294 
-0.00982704 
-0.0106079 
-0.0113218 
-0.011971 
-0.0125604 
-0.0130937 
-0.0135758 
-0.0140113 
-0.0144053 
-0.0147626 
-0.0150878 
-0.0153842 
-0.0156537 
-0.0158959 
-0.0161072 
-0.0162805 
-0.016405 
-0.0164676 
-0.0164554 
-0.0163602 
-0.0161827 
-0.0159355 
-0.0156399 
-0.0153168 
-0.0149737 
-0.0145981 
-0.0141636 
-0.0136481 
-0.0130368 
-0.0123289 
-0.0115284 
-0.0106334 
-0.00964126 
-0.00855146 
-0.0073661 
-0.00608872 
-0.00472367 
-0.00327525 
-0.00174641 
-0.000136311 
0.00156016 
0.00333714 
0.00518083 
0.00705964 
0.0089112 
0.0106318 
0.0120853 
0.0131225 
0.0136122 
0.0134702 
0.0126673 
0.0112605 
0.00932234 
0.00696954 
0.00431286 
0.00147238 
-0.00147238 
0.000844736 
-0.000844736 
-0.00232569 
-0.00375511 
-0.0050856 
-0.00634283 
-0.00750373 
-0.00858025 
-0.00956232 
-0.0104566 
-0.0112614 
-0.0119815 
-0.0126188 
-0.0131779 
-0.0136629 
-0.0140793 
-0.0144327 
-0.0147293 
-0.0149754 
-0.0151774 
-0.0153409 
-0.0154706 
-0.0155697 
-0.0156396 
-0.0156783 
-0.0156807 
-0.0156374 
-0.0155356 
-0.0153603 
-0.0150991 
-0.0147467 
-0.0143109 
-0.0138141 
-0.0132855 
-0.0127452 
-0.0121858 
-0.0115793 
-0.0109025 
-0.0101588 
-0.00935134 
-0.0084723 
-0.00751742 
-0.00648531 
-0.00537636 
-0.00419235 
-0.0029356 
-0.00160776 
-0.000207816 
0.00126719 
0.00281452 
0.00442646 
0.00608875 
0.00776929 
0.0094081 
0.0109103 
0.0121538 
0.013008 
0.0133577 
0.0131305 
0.0123007 
0.0109129 
0.0090372 
0.00676442 
0.00419336 
0.00143432 
-0.00143432 
0.000886271 
-0.000886271 
-0.00246854 
-0.00400182 
-0.00543928 
-0.00679123 
-0.00803875 
-0.0091905 
-0.0102354 
-0.0111768 
-0.0120117 
-0.0127435 
-0.0133735 
-0.0139062 
-0.0143463 
-0.0147 
-0.0149742 
-0.0151768 
-0.0153156 
-0.0153985 
-0.0154329 
-0.015425 
-0.0153804 
-0.0153027 
-0.0151937 
-0.0150529 
-0.0148766 
-0.0146578 
-0.0143854 
-0.0140452 
-0.0136218 
-0.0131028 
-0.0124869 
-0.0117895 
-0.0110476 
-0.0103036 
-0.00958688 
-0.00886065 
-0.00806427 
-0.00723046 
-0.00636052 
-0.00544078 
-0.00446516 
-0.00343257 
-0.00234266 
-0.00119498 
1.2e-05 
0.00128016 
0.00260765 
0.00399069 
0.00542208 
0.00688715 
0.00835496 
0.00977016 
0.0110486 
0.0120833 
0.0127612 
0.0129822 
0.0126825 
0.0118389 
0.0104835 
0.00868075 
0.00650715 
0.00404025 
0.00138488 
-0.00138488 
0.000934067 
-0.000934067 
-0.00262947 
-0.00427676 
-0.00582893 
-0.00728721 
-0.00863123 
-0.00986577 
-0.0109809 
-0.0119759 
-0.0128467 
-0.0135944 
-0.0142201 
-0.0147279 
-0.0151232 
-0.0154136 
-0.0156077 
-0.0157153 
-0.0157465 
-0.0157112 
-0.0156186 
-0.015477 
-0.015293 
-0.0150715 
-0.014816 
-0.0145278 
-0.0142065 
-0.0138494 
-0.0134519 
-0.0130069 
-0.0125045 
-0.0119329 
-0.0112791 
-0.0105322 
-0.00969056 
-0.00876721 
-0.00779756 
-0.00682863 
-0.00592767 
-0.00509737 
-0.00426242 
-0.0033876 
-0.00247373 
-0.00151957 
-0.000524383 
0.000514432 
0.00159738 
0.00272454 
0.00389411 
0.00510298 
0.00634416 
0.00760326 
0.00885167 
0.0100402 
0.011096 
0.0119273 
0.0124373 
0.0125396 
0.0121771 
0.0113274 
0.0100125 
0.00828633 
0.00621899 
0.00386751 
0.0013288 
-0.0013288 
0.000987206 
-0.000987206 
-0.00280562 
-0.00457617 
-0.00625039 
-0.00782611 
-0.00927641 
-0.0106039 
-0.0117967 
-0.012853 
-0.0137658 
-0.0145344 
-0.0151585 
-0.0156423 
-0.0159915 
-0.0162154 
-0.0163249 
-0.0163323 
-0.0162508 
-0.0160931 
-0.0158709 
-0.0155946 
-0.0152725 
-0.0149107 
-0.0145132 
-0.0140819 
-0.0136167 
-0.0131158 
-0.0125762 
-0.0119935 
-0.0113627 
-0.0106776 
-0.00993084 
-0.00911281 
-0.00821281 
-0.00721875 
-0.00614159 
-0.00502111 
-0.00400233 
-0.0030759 
-0.00221827 
-0.00136412 
-0.000501434 
0.000378311 
0.00127918 
0.00220454 
0.0031557 
0.00413398 
0.00513866 
0.00616719 
0.0072131 
0.00826296 
0.00929133 
0.0102557 
0.0110946 
0.0117306 
0.0120819 
0.0120736 
0.0116552 
0.0108032 
0.00953238 
0.0078822 
0.00591765 
0.0036882 
0.00127027 
-0.00127027 
0.00104472 
-0.00104472 
-0.00299471 
-0.00489688 
-0.00670247 
-0.00840323 
-0.00997184 
-0.0114023 
-0.0126832 
-0.0138096 
-0.0147726 
-0.0155684 
-0.0161952 
-0.0166561 
-0.0169577 
-0.0171108 
-0.0171291 
-0.0170286 
-0.016826 
-0.0165378 
-0.0161792 
-0.0157632 
-0.0153002 
-0.0147977 
-0.0142604 
-0.0136907 
-0.0130884 
-0.0124518 
-0.011778 
-0.0110637 
-0.0103055 
-0.00950128 
-0.00865097 
-0.00775739 
-0.00682855 
-0.00587485 
-0.00490427 
-0.00390128 
-0.0028148 
-0.00162701 
-0.000516927 
0.000472957 
0.00137524 
0.00222799 
0.00305446 
0.00387238 
0.00469137 
0.00551769 
0.00635371 
0.00719875 
0.00804771 
0.00888896 
0.00970073 
0.0104473 
0.0110779 
0.0115281 
0.0117294 
0.0116176 
0.0111471 
0.0102937 
0.00906577 
0.00748912 
0.00562296 
0.00350833 
0.00121381 
-0.00121381 
0.00110535 
-0.00110535 
-0.0031933 
-0.00523419 
-0.007179 
-0.00901436 
-0.0107109 
-0.0122574 
-0.0136379 
-0.0148453 
-0.0158688 
-0.0167006 
-0.0173361 
-0.0177769 
-0.0180299 
-0.0181077 
-0.0180273 
-0.017809 
-0.0174745 
-0.0170452 
-0.0165406 
-0.015977 
-0.0153673 
-0.0147207 
-0.0140427 
-0.0133354 
-0.0125986 
-0.01183 
-0.0110264 
-0.0101844 
-0.00930177 
-0.0083776 
-0.00741388 
-0.00641528 
-0.00539041 
-0.00435036 
-0.00330898 
-0.00227213 
-0.00121552 
-0.00010461 
0.00103143 
0.00209948 
0.00307014 
0.00394578 
0.0047431 
0.00548472 
0.00618977 
0.00687334 
0.00754477 
0.0082083 
0.0088625 
0.009499 
0.0101005 
0.010638 
0.0110702 
0.0113447 
0.0114046 
0.0111947 
0.0106744 
0.00981832 
0.00862935 
0.00712271 
0.00534673 
0.00333604 
0.00115968 
-0.00115968 
0.00116737 
-0.00116737 
-0.00339657 
-0.00558072 
-0.00767078 
-0.00964906 
-0.0114835 
-0.013159 
-0.0146529 
-0.0159551 
-0.0170508 
-0.0179297 
-0.0185825 
-0.0190083 
-0.0192134 
-0.0192121 
-0.0190251 
-0.0186782 
-0.0181993 
-0.017616 
-0.0169534 
-0.0162325 
-0.0154692 
-0.0146743 
-0.0138536 
-0.0130091 
-0.0121395 
-0.0112411 
-0.0103094 
-0.00934038 
-0.00833102 
-0.00728095 
-0.00619327 
-0.00507473 
-0.00393663 
-0.00279433 
-0.00166518 
-0.000566117 
0.000497826 
0.00151019 
0.00253075 
0.00356478 
0.00455056 
0.00545321 
0.00625542 
0.00696349 
0.00759302 
0.00816326 
0.00869077 
0.00918719 
0.00965752 
0.0100992 
0.0105007 
0.0108404 
0.011086 
0.0111954 
0.0111221 
0.0108189 
0.0102497 
0.00938832 
0.00823289 
0.00678984 
0.00509664 
0.00318214 
0.00110591 
-0.00110591 
0.00122834 
-0.00122834 
-0.00359751 
-0.00592548 
-0.0081636 
-0.0102909 
-0.0122726 
-0.0140882 
-0.0157114 
-0.0171223 
-0.0183046 
-0.019244 
-0.0199257 
-0.0203445 
-0.0205052 
-0.0204231 
-0.020123 
-0.0196366 
-0.0189997 
-0.018248 
-0.017414 
-0.0165246 
-0.0155997 
-0.0146518 
-0.0136872 
-0.0127066 
-0.0117068 
-0.0106821 
-0.00962557 
-0.00853126 
-0.00739516 
-0.00621662 
-0.00499965 
-0.00375287 
-0.00249093 
-0.00123446 
-8.16386e-06 
0.00116129 
0.0022641 
0.00330598 
0.00428238 
0.00520134 
0.00607551 
0.00689453 
0.00763822 
0.00829303 
0.00885636 
0.00933646 
0.00974676 
0.0101011 
0.0104095 
0.0106755 
0.0108946 
0.0110527 
0.0111266 
0.0110834 
0.0108861 
0.0104948 
0.0098776 
0.009008 
0.0078805 
0.00649352 
0.00487637 
0.00304667 
0.00106086 
-0.00106086 
0.0012849 
-0.0012849 
-0.00378622 
-0.00625249 
-0.00863597 
-0.0109139 
-0.0130485 
-0.0150143 
-0.0167789 
-0.018316 
-0.0196004 
-0.020615 
-0.0213401 
-0.0217634 
-0.0218869 
-0.0217262 
-0.0213095 
-0.0206752 
-0.0198678 
-0.0189332 
-0.0179137 
-0.016844 
-0.0157493 
-0.0146446 
-0.0135359 
-0.0124223 
-0.0112973 
-0.0101518 
-0.00897533 
-0.00775869 
-0.00649549 
-0.00518379 
-0.00382765 
-0.00243722 
-0.00103147 
0.000358734 
0.00169872 
0.00295994 
0.00412481 
0.00517693 
0.00610644 
0.00693539 
0.00768188 
0.00836105 
0.00897442 
0.00951647 
0.00997976 
0.0103616 
0.0106655 
0.0108993 
0.0110719 
0.0111893 
0.0112518 
0.0112521 
0.0111749 
0.0109962 
0.0106874 
0.0102155 
0.00955295 
0.00867351 
0.00756907 
0.00623126 
0.00468248 
0.00292927 
0.00102476 
-0.00102476 
0.00133269 
-0.00133269 
-0.0039495 
-0.00654004 
-0.00905804 
-0.0114806 
-0.0137674 
-0.015888 
-0.0178038 
-0.0194809 
-0.0208841 
-0.021988 
-0.0227719 
-0.0232145 
-0.023313 
-0.0230819 
-0.0225518 
-0.0217674 
-0.0207822 
-0.0196536 
-0.0184361 
-0.0171752 
-0.0159035 
-0.0146395 
-0.0133891 
-0.0121486 
-0.0109071 
-0.00965043 
-0.008363 
-0.00703114 
-0.00564495 
-0.00420048 
-0.00270151 
-0.00115965 
0.000397664 
0.00192878 
0.00339817 
0.00477116 
0.00601676 
0.00711341 
0.00804761 
0.00882049 
0.00945099 
0.00996699 
0.0103936 
0.0107495 
0.0110429 
0.0112751 
0.0114453 
0.0115537 
0.0116022 
0.0115929 
0.0115259 
0.0113966 
0.011195 
0.0109037 
0.0105012 
0.00996094 
0.00925946 
0.00837167 
0.0072879 
0.00599431 
0.00450736 
0.00282377 
0.00099158 
-0.00099158 
0.00136623 
-0.00136623 
-0.00407063 
-0.00676009 
-0.00939046 
-0.0119408 
-0.0143688 
-0.0166399 
-0.0187087 
-0.0205319 
-0.0220663 
-0.023272 
-0.0241279 
-0.0246061 
-0.0246962 
-0.0244109 
-0.0237814 
-0.0228563 
-0.0216973 
-0.0203732 
-0.0189521 
-0.0174934 
-0.0160407 
-0.0146182 
-0.0132322 
-0.0118754 
-0.0105312 
-0.00917812 
-0.00779388 
-0.00635887 
-0.00485838 
-0.00328591 
-0.00164418 
5.07673e-05 
0.00176245 
0.00344501 
0.00505831 
0.00655586 
0.00789853 
0.00905436 
0.0100006 
0.0107303 
0.0112639 
0.011634 
0.011873 
0.0120162 
0.0120929 
0.0121219 
0.012112 
0.0120648 
0.0119781 
0.011848 
0.0116697 
0.0114363 
0.0111383 
0.0107614 
0.0102885 
0.00969766 
0.00896921 
0.00807958 
0.00701842 
0.00576798 
0.00433974 
0.00272254 
0.000958952 
-0.000958952 
0.00137905 
-0.00137905 
-0.00412947 
-0.00687833 
-0.00958414 
-0.0122301 
-0.0147727 
-0.0171746 
-0.0193834 
-0.0213472 
-0.0230119 
-0.0243295 
-0.0252629 
-0.0257911 
-0.0258925 
-0.0255781 
-0.0248771 
-0.0238393 
-0.0225302 
-0.0210273 
-0.019412 
-0.01776 
-0.0161297 
-0.0145552 
-0.0130457 
-0.0115896 
-0.0101632 
-0.00873591 
-0.00727669 
-0.00575861 
-0.00416141 
-0.00247612 
-0.00070509 
0.00112824 
0.00298075 
0.00480466 
0.00655072 
0.00816794 
0.00961109 
0.0108418 
0.0118296 
0.01256 
0.0130324 
0.0132859 
0.0133554 
0.013288 
0.0131307 
0.0129227 
0.0126912 
0.0124497 
0.0122001 
0.0119369 
0.0116503 
0.0113279 
0.0109565 
0.0105201 
0.0100025 
0.00938343 
0.00864552 
0.00776634 
0.0067354 
0.00553241 
0.00416495 
0.00261619 
0.000923511 
-0.000923511 
0.00136393 
-0.00136393 
-0.00410335 
-0.00685555 
-0.00958193 
-0.012272 
-0.0148821 
-0.017374 
-0.0196896 
-0.0217695 
-0.0235477 
-0.0249726 
-0.025977 
-0.0265612 
-0.0266925 
-0.0263808 
-0.0256524 
-0.0245528 
-0.0231457 
-0.02151 
-0.0197363 
-0.0179158 
-0.0161258 
-0.0144164 
-0.0128037 
-0.011274 
-0.00979478 
-0.00832477 
-0.00682206 
-0.00525142 
-0.00358705 
-0.00181817 
4.90674e-05 
0.00198592 
0.00394191 
0.00586871 
0.00771304 
0.00942418 
0.0109551 
0.0122632 
0.0133085 
0.0140705 
0.0145203 
0.0147023 
0.0146474 
0.0144075 
0.0140414 
0.0136047 
0.0131438 
0.0126896 
0.0122566 
0.0118448 
0.0114441 
0.0110382 
0.0106085 
0.0101345 
0.00959677 
0.00897374 
0.0082479 
0.00739688 
0.00640974 
0.00526472 
0.00396638 
0.00249452 
0.000881942 
-0.000881942 
0.00131345 
-0.00131345 
-0.00396857 
-0.00665012 
-0.00932216 
-0.0119823 
-0.0145882 
-0.017103 
-0.0194649 
-0.0216094 
-0.0234603 
-0.024955 
-0.0260224 
-0.0266529 
-0.0268284 
-0.0265537 
-0.0258548 
-0.0247684 
-0.0233481 
-0.021664 
-0.0198057 
-0.0178744 
-0.0159672 
-0.0141565 
-0.0124736 
-0.0109068 
-0.00941552 
-0.00794568 
-0.00644313 
-0.00486414 
-0.0031785 
-0.00137615 
0.000529049 
0.00250227 
0.00449108 
0.00644811 
0.00832441 
0.0100747 
0.0116554 
0.0130228 
0.0141312 
0.0149536 
0.0154353 
0.0156062 
0.0154929 
0.0151446 
0.0146281 
0.0140103 
0.0133531 
0.0127046 
0.0120947 
0.0115349 
0.0110207 
0.0105363 
0.0100599 
0.00956589 
0.00903019 
0.00842734 
0.00773724 
0.00693608 
0.00601164 
0.00494118 
0.00372683 
0.00234711 
0.000830811 
-0.000830811 
0.00122062 
-0.00122062 
-0.00370255 
-0.00622187 
-0.00874455 
-0.0112778 
-0.0137817 
-0.0162238 
-0.018542 
-0.0206695 
-0.0225237 
-0.0240315 
-0.0251307 
-0.0257817 
-0.0260037 
-0.0257964 
-0.0251901 
-0.0242091 
-0.0228898 
-0.0212812 
-0.0194574 
-0.0175167 
-0.0155706 
-0.0137178 
-0.0120151 
-0.0104617 
-0.00901195 
-0.00759848 
-0.00615385 
-0.00462683 
-0.0029854 
-0.00122444 
0.000632116 
0.00254363 
0.00446364 
0.00635163 
0.00816997 
0.00988393 
0.0114572 
0.0128477 
0.0140072 
0.0148959 
0.0154503 
0.0156651 
0.0155672 
0.0151936 
0.0146133 
0.0138982 
0.01312 
0.0123393 
0.0115997 
0.0109253 
0.0103213 
0.00977713 
0.00927175 
0.00877751 
0.00826608 
0.00770769 
0.00707837 
0.00635169 
0.00551315 
0.00453926 
0.00342992 
0.00216399 
0.000766892 
-0.000766892 
0.00107963 
-0.00107963 
-0.0032864 
-0.00553701 
-0.00779793 
-0.010087 
-0.0123676 
-0.0146156 
-0.0167723 
-0.0187739 
-0.0205381 
-0.0219831 
-0.0230636 
-0.0236918 
-0.0239478 
-0.0238283 
-0.0233734 
-0.0225938 
-0.0215049 
-0.020124 
-0.0184944 
-0.0166931 
-0.0148307 
-0.0130292 
-0.0113805 
-0.00990767 
-0.00856765 
-0.00728114 
-0.0059674 
-0.00457024 
-0.00305971 
-0.00143977 
0.00025499 
0.00198313 
0.00371258 
0.00541664 
0.00707325 
0.00866154 
0.0101545 
0.0115138 
0.0126925 
0.0136382 
0.0142885 
0.0145915 
0.0145754 
0.01426 
0.0137124 
0.0130038 
0.0122088 
0.0113936 
0.01061 
0.00989175 
0.00925357 
0.00869261 
0.00819273 
0.00772775 
0.00726816 
0.00678145 
0.00624019 
0.00561528 
0.00488948 
0.00403874 
0.00306081 
0.00193615 
0.000687265 
-0.000687265 
0.000886379 
-0.000886379 
-0.00270732 
-0.00457285 
-0.00644777 
-0.00836158 
-0.0102811 
-0.012195 
-0.0140538 
-0.0158033 
-0.0173691 
-0.0186622 
-0.019645 
-0.0202062 
-0.0204728 
-0.0204524 
-0.020196 
-0.0197024 
-0.0189664 
-0.01797 
-0.0167149 
-0.0152379 
-0.0136263 
-0.0120094 
-0.0105168 
-0.00921041 
-0.00806327 
-0.00698851 
-0.0058934 
-0.00472071 
-0.00344716 
-0.00208793 
-0.000682939 
0.000731978 
0.00214499 
0.00355034 
0.00494184 
0.00631278 
0.00764567 
0.00890833 
0.0100583 
0.0110327 
0.011776 
0.0121883 
0.0123004 
0.0121126 
0.0116877 
0.0110922 
0.0103965 
0.00966519 
0.00895036 
0.00828935 
0.00770293 
0.00719537 
0.00675711 
0.00636671 
0.00599701 
0.0056158 
0.00519423 
0.00470184 
0.0041191 
0.00342217 
0.00260668 
0.00165584 
0.000589506 
-0.000589506 
0.000638551 
-0.000638551 
-0.00195998 
-0.00332198 
-0.00468345 
-0.00608721 
-0.00750195 
-0.00893386 
-0.0103472 
-0.011706 
-0.0129534 
-0.0139995 
-0.0148086 
-0.0152666 
-0.0155216 
-0.0156102 
-0.0155865 
-0.0154405 
-0.0151516 
-0.0146713 
-0.013959 
-0.0129999 
-0.011835 
-0.0105731 
-0.00936916 
-0.00833492 
-0.00747756 
-0.0067116 
-0.00593513 
-0.00509479 
-0.00417791 
-0.003209 
-0.00222385 
-0.00124178 
-0.000258766 
0.000741496 
0.00177066 
0.00283212 
0.00391778 
0.00500543 
0.00606178 
0.00702047 
0.00783798 
0.00836807 
0.0086313 
0.00861913 
0.00839048 
0.00800542 
0.0075234 
0.00699946 
0.00647744 
0.00599114 
0.00556197 
0.00519829 
0.00489665 
0.00464192 
0.00441211 
0.00417868 
0.00391422 
0.00358942 
0.00318375 
0.00267507 
0.00205706 
0.00131693 
0.00047184 
-0.00047184 
0.000334731 
-0.000334731 
-0.00104608 
-0.00179358 
-0.00252027 
-0.00328735 
-0.00405999 
-0.00486629 
-0.00568762 
-0.00651711 
-0.00733222 
-0.00805293 
-0.00861993 
-0.00892473 
-0.00917376 
-0.00939409 
-0.00963473 
-0.00987536 
-0.0100876 
-0.0102059 
-0.0101589 
-0.00988269 
-0.0093587 
-0.00864355 
-0.00788777 
-0.00724932 
-0.00678919 
-0.00643737 
-0.00608702 
-0.00569354 
-0.00525666 
-0.00480402 
-0.00435777 
-0.00391378 
-0.00345115 
-0.00294114 
-0.00236028 
-0.00169695 
-0.000950528 
-0.000132985 
0.000738073 
0.00160607 
0.00244139 
0.00308882 
0.0035261 
0.0037371 
0.00376962 
0.00368207 
0.00351876 
0.00331907 
0.00311095 
0.00291786 
0.00275641 
0.00263532 
0.00255539 
0.00250782 
0.0024774 
0.00244171 
0.00237757 
0.00225982 
0.00206873 
0.00178627 
0.00140419 
0.000915615 
0.000333744 
-0.000333744 
-2.90794e-05 
2.90794e-05 
3.08913e-05 
-1.31429e-05 
-2.86713e-06 
-3.11038e-05 
-4.94008e-05 
-0.000110235 
-0.000203699 
-0.000350944 
-0.000565487 
-0.000793657 
-0.00106641 
-0.00130987 
-0.00162513 
-0.00203541 
-0.00257762 
-0.00322712 
-0.0039559 
-0.00469861 
-0.00537271 
-0.00588201 
-0.00615316 
-0.00616949 
-0.00603537 
-0.00592974 
-0.00597969 
-0.00614964 
-0.00633362 
-0.00649922 
-0.00665731 
-0.00682995 
-0.00701941 
-0.00719953 
-0.00733397 
-0.00738698 
-0.00733079 
-0.00714588 
-0.00682266 
-0.00636335 
-0.00577671 
-0.00510035 
-0.00435879 
-0.00366762 
-0.00305873 
-0.00255956 
-0.00216748 
-0.00184981 
-0.00158476 
-0.00135063 
-0.00113629 
-0.000930951 
-0.000725145 
-0.000512271 
-0.000288978 
-5.84827e-05 
0.000171308 
0.000385753 
0.000568107 
0.000699959 
0.000764066 
0.000749161 
0.000644434 
0.000451988 
0.000176614 
-0.000176614 
-0.000450195 
0.000450195 
0.00125719 
0.00199034 
0.00280812 
0.00359123 
0.0043924 
0.00514889 
0.00585992 
0.00648512 
0.0069895 
0.00734902 
0.00743798 
0.00721823 
0.00677017 
0.00611425 
0.00524565 
0.00418337 
0.00295347 
0.00160803 
0.000220617 
-0.0011016 
-0.00225028 
-0.00314189 
-0.00379617 
-0.00436537 
-0.00503722 
-0.00583139 
-0.00665094 
-0.00747608 
-0.00832528 
-0.00920667 
-0.0101019 
-0.0109683 
-0.0117622 
-0.0124439 
-0.0129813 
-0.0133485 
-0.0135272 
-0.0135081 
-0.0132915 
-0.0128979 
-0.012344 
-0.0116883 
-0.0109304 
-0.0101082 
-0.00927377 
-0.00845362 
-0.00766333 
-0.00690521 
-0.00618293 
-0.00549685 
-0.00484472 
-0.00422289 
-0.00362705 
-0.00305585 
-0.00251031 
-0.00199623 
-0.00152222 
-0.00109788 
-0.000736268 
-0.000439558 
-0.000222417 
-6.74482e-05 
6.75621e-06 
-6.75621e-06 
-0.000919096 
0.000919096 
0.0026145 
0.00419177 
0.0058588 
0.00749142 
0.00913096 
0.0107148 
0.0122219 
0.0135941 
0.0147651 
0.0156393 
0.0160921 
0.0160338 
0.0155112 
0.0146388 
0.0134558 
0.0119972 
0.0102943 
0.00839179 
0.0063509 
0.00426222 
0.00223844 
0.000397248 
-0.00118097 
-0.0025618 
-0.00396009 
-0.0054678 
-0.00700969 
-0.00857495 
-0.0101856 
-0.0118309 
-0.0134758 
-0.0150679 
-0.0165604 
-0.0179113 
-0.0190854 
-0.0200524 
-0.0207875 
-0.021272 
-0.0214919 
-0.0214395 
-0.0211031 
-0.0204661 
-0.0195453 
-0.0184078 
-0.0171347 
-0.0157996 
-0.0144578 
-0.0131421 
-0.0118734 
-0.0106641 
-0.00951937 
-0.00843964 
-0.0074213 
-0.00645995 
-0.00555108 
-0.00469226 
-0.00388357 
-0.00312508 
-0.00242348 
-0.0017719 
-0.0011872 
-0.000636792 
-0.000174061 
0.000174061 
-0.00143001 
0.00143001 
0.00409077 
0.00656825 
0.00909796 
0.0115792 
0.0140318 
0.0163965 
0.0186294 
0.0206553 
0.0223774 
0.023672 
0.0244212 
0.0245584 
0.0240892 
0.023112 
0.0216951 
0.0198984 
0.0177696 
0.0153577 
0.0127199 
0.00993231 
0.00709499 
0.00433221 
0.00176918 
-0.000541179 
-0.00275994 
-0.00504996 
-0.00737978 
-0.00973969 
-0.0121527 
-0.0145881 
-0.0170002 
-0.0193317 
-0.0215341 
-0.0235629 
-0.025379 
-0.0269472 
-0.0282358 
-0.0292149 
-0.029853 
-0.0301133 
-0.0299547 
-0.0293275 
-0.0282743 
-0.0268811 
-0.0252435 
-0.0234616 
-0.02162 
-0.0197803 
-0.017984 
-0.016257 
-0.0146141 
-0.0130611 
-0.0115966 
-0.0102152 
-0.00890857 
-0.00766765 
-0.00648483 
-0.00535176 
-0.00426793 
-0.00322014 
-0.00222472 
-0.00124473 
-0.000366094 
0.000366094 
-0.00197868 
0.00197868 
0.00567692 
0.00910206 
0.0124896 
0.0157858 
0.0189926 
0.0220543 
0.0249106 
0.0274735 
0.0296335 
0.0312673 
0.0322713 
0.032596 
0.0322242 
0.0312263 
0.0296678 
0.027617 
0.0251329 
0.0222706 
0.0190891 
0.0156604 
0.0120763 
0.00845729 
0.00494217 
0.00164744 
-0.00146626 
-0.00457991 
-0.00773526 
-0.0109143 
-0.0141391 
-0.0173621 
-0.0205313 
-0.0235874 
-0.026479 
-0.0291575 
-0.0315781 
-0.0336986 
-0.0354784 
-0.0368759 
-0.0378455 
-0.0383371 
-0.0383054 
-0.0377088 
-0.0365929 
-0.0350402 
-0.0331511 
-0.0310375 
-0.0288011 
-0.0265246 
-0.0242683 
-0.0220731 
-0.0199643 
-0.0179546 
-0.0160466 
-0.0142354 
-0.0125108 
-0.0108596 
-0.00926853 
-0.00772345 
-0.00621805 
-0.00473707 
-0.00329584 
-0.00186753 
-0.000562612 
0.000562612 
-0.00255804 
0.00255804 
0.00735628 
0.0117693 
0.0160035 
0.0200613 
0.0239427 
0.0275993 
0.030965 
0.0339499 
0.0364468 
0.0383458 
0.039557 
0.0400394 
0.0397722 
0.0388 
0.0371708 
0.0349437 
0.0321782 
0.0289329 
0.0252697 
0.0212601 
0.0169924 
0.012582 
0.00817372 
0.00391813 
-0.000124079 
-0.00407407 
-0.00805746 
-0.0120478 
-0.016062 
-0.0200411 
-0.0239299 
-0.0276677 
-0.0311993 
-0.0344704 
-0.0374292 
-0.0400256 
-0.0422106 
-0.0439355 
-0.0451509 
-0.0458095 
-0.045877 
-0.0453289 
-0.0442054 
-0.0425801 
-0.0405493 
-0.0382249 
-0.0357145 
-0.033112 
-0.0304908 
-0.0279042 
-0.0253875 
-0.0229606 
-0.020631 
-0.0183958 
-0.0162452 
-0.0141645 
-0.0121381 
-0.0101499 
-0.00819155 
-0.00625103 
-0.00434658 
-0.00247314 
-0.000754087 
0.000754087 
-0.00315479 
0.00315479 
0.00909337 
0.0145221 
0.0195946 
0.0243618 
0.0288382 
0.0329916 
0.0367638 
0.0400736 
0.0428264 
0.0449286 
0.0463033 
0.0469129 
0.0467321 
0.0457862 
0.0441075 
0.0417429 
0.0387455 
0.0351716 
0.0310828 
0.0265511 
0.0216639 
0.016535 
0.0113085 
0.00615629 
0.00120833 
-0.00356371 
-0.00833663 
-0.013097 
-0.0178456 
-0.0225206 
-0.0270643 
-0.0314158 
-0.035516 
-0.0393055 
-0.0427259 
-0.0457211 
-0.0482373 
-0.0502239 
-0.0516343 
-0.05243 
-0.0525891 
-0.0521022 
-0.0510063 
-0.0493689 
-0.0472784 
-0.0448404 
-0.0421602 
-0.039334 
-0.0364415 
-0.0335436 
-0.0306831 
-0.0278863 
-0.0251652 
-0.0225206 
-0.019945 
-0.0174256 
-0.0149481 
-0.0124992 
-0.0100737 
-0.00766865 
-0.00531142 
-0.00302332 
-0.000928561 
0.000928561 
-0.0037404 
0.0037404 
0.0108062 
0.0172419 
