0 
-0.00157786 
-0.00226328 
-0.00126879 
0.000744905 
0.00315847 
0.00583506 
0.00858194 
0.011345 
0.0140747 
0.0167634 
0.0194141 
0.022041 
0.0246619 
0.0272953 
0.0299582 
0.0326644 
0.0354242 
0.0382434 
0.0411234 
0.0440608 
0.0470476 
0.050071 
0.0531142 
0.0561559 
0.0591713 
0.0621324 
0.0650087 
0.0677677 
0.0703759 
0.0727991 
0.0750037 
0.0769568 
0.0786275 
0.079987 
0.0810097 
0.081672 
0.0819566 
0.08185 
0.0813412 
0.0804226 
0.0790907 
0.0773454 
0.0751902 
0.0726326 
0.0696847 
0.066364 
0.0626948 
0.0587094 
0.0544495 
0.0499678 
0.045328 
0.0406059 
0.035888 
0.0312702 
0.0268527 
0.0227261 
0.018945 
0.0155124 
0.0124019 
0.00959302 
0.00707348 
0.00481848 
0.00278588 
0.00090412 
0 
0.00157786 
-0.00157786 
-0.00226328 
-0.00126879 
0.000744905 
0.00315847 
0.00583506 
0.00858194 
0.011345 
0.0140747 
0.0167634 
0.0194141 
0.022041 
0.0246619 
0.0272953 
0.0299582 
0.0326644 
0.0354242 
0.0382434 
0.0411234 
0.0440608 
0.0470476 
0.050071 
0.0531142 
0.0561559 
0.0591713 
0.0621324 
0.0650087 
0.0677677 
0.0703759 
0.0727991 
0.0750037 
0.0769568 
0.0786275 
0.079987 
0.0810097 
0.081672 
0.0819566 
0.08185 
0.0813412 
0.0804226 
0.0790907 
0.0773454 
0.0751902 
0.0726326 
0.0696847 
0.066364 
0.0626948 
0.0587094 
0.0544495 
0.0499678 
0.045328 
0.0406059 
0.035888 
0.0312702 
0.0268527 
0.0227261 
0.018945 
0.0155124 
0.0124019 
0.00959302 
0.00707348 
0.00481848 
0.00278588 
0.00090412 
-0.00090412 
0.000433377 
-0.000433377 
0.000621871 
0.00175543 
0.00356635 
0.00568802 
0.00804089 
0.0104628 
0.0129027 
0.0153185 
0.0177042 
0.0200649 
0.0224159 
0.0247754 
0.0271625 
0.0295943 
0.032085 
0.0346451 
0.0372804 
0.0399924 
0.0427778 
0.0456283 
0.0485309 
0.0514683 
0.0544186 
0.0573562 
0.0602524 
0.0630758 
0.0657931 
0.06837 
0.0707716 
0.0729636 
0.074913 
0.0765885 
0.0779614 
0.0790062 
0.0797008 
0.0800229 
0.0799597 
0.0794993 
0.0786344 
0.0773615 
0.0756803 
0.0735945 
0.0711113 
0.0682422 
0.0650039 
0.0614195 
0.05752 
0.0533459 
0.0489489 
0.0443924 
0.0397522 
0.035115 
0.0305763 
0.0262336 
0.0221726 
0.0184451 
0.0150597 
0.0120014 
0.00925428 
0.00680223 
0.00461682 
0.00265903 
0.000859597 
-0.000859597 
-0.000634288 
0.000634288 
0.00182199 
0.00325124 
0.00497108 
0.0068975 
0.00894487 
0.0110249 
0.0131019 
0.0151557 
0.0171901 
0.0192181 
0.021259 
0.0233335 
0.0254612 
0.0276594 
0.0299412 
0.0323159 
0.034788 
0.0373575 
0.0400195 
0.042764 
0.0455766 
0.0484383 
0.0513256 
0.0542117 
0.0570661 
0.0598562 
0.0625474 
0.0651041 
0.0674907 
0.0696719 
0.071614 
0.0732855 
0.0746576 
0.0757052 
0.0764083 
0.0767481 
0.0767129 
0.0762927 
0.0754812 
0.0742764 
0.0726791 
0.0706931 
0.0683254 
0.0655864 
0.0624905 
0.0590579 
0.0553158 
0.0513007 
0.0470603 
0.0426552 
0.0381592 
0.0336582 
0.0292472 
0.0250225 
0.0210658 
0.0174264 
0.0141176 
0.0111377 
0.00848359 
0.0061459 
0.00410418 
0.0023267 
0.000741363 
-0.000741363 
-0.000615506 
0.000615506 
0.00206316 
0.00369772 
0.00542955 
0.00720683 
0.00899101 
0.0107504 
0.0124808 
0.0141885 
0.0158916 
0.0176128 
0.0193755 
0.0212018 
0.0231107 
0.0251171 
0.0272316 
0.0294605 
0.0318056 
0.0342645 
0.0368302 
0.039491 
0.0422311 
0.04503 
0.0478634 
0.0507032 
0.0535182 
0.0562747 
0.0589373 
0.0614698 
0.0638357 
0.0659992 
0.067926 
0.069584 
0.0709442 
0.071981 
0.0726748 
0.0730074 
0.0729691 
0.0725522 
0.0717534 
0.0705736 
0.0690171 
0.0670908 
0.0648042 
0.0621687 
0.0591988 
0.0559123 
0.0523331 
0.0484928 
0.0444336 
0.0402112 
0.0358953 
0.0315695 
0.0273273 
0.0232629 
0.0194535 
0.0159437 
0.0127514 
0.00988844 
0.00736655 
0.00518741 
0.00334423 
0.00182143 
0.00055689 
-0.00055689 
-0.00061925 
0.00061925 
0.00218284 
0.00385161 
0.00546694 
0.00703405 
0.00853228 
0.00997712 
0.0113854 
0.0127839 
0.0142006 
0.0156638 
0.0171978 
0.0188231 
0.0205551 
0.0224047 
0.0243787 
0.0264801 
0.0287083 
0.0310591 
0.0335243 
0.0360918 
0.0387455 
0.0414647 
0.044225 
0.0469982 
0.0497528 
0.0524551 
0.0550692 
0.0575587 
0.0598867 
0.0620172 
0.0639153 
0.0655486 
0.0668874 
0.0679059 
0.0685845 
0.0689033 
0.0688541 
0.0684304 
0.067631 
0.0664597 
0.0649241 
0.0630345 
0.0608037 
0.0582458 
0.055377 
0.0522152 
0.0487827 
0.0451076 
0.0412277 
0.0371937 
0.033071 
0.0289399 
0.0248915 
0.0210156 
0.0173822 
0.0140283 
0.0109753 
0.00824898 
0.00587512 
0.00387119 
0.00226827 
0.00107861 
0.000276121 
-0.000276121 
-0.000556982 
0.000556982 
0.00207648 
0.00366735 
0.00511803 
0.00646308 
0.00769907 
0.00887196 
0.0100126 
0.0111613 
0.0123506 
0.0136102 
0.0149619 
0.0164222 
0.018002 
0.0197081 
0.0215442 
0.0235115 
0.0256084 
0.0278305 
0.0301702 
0.0326163 
0.0351534 
0.0377619 
0.0404181 
0.0430941 
0.0457591 
0.0483794 
0.0509194 
0.0533429 
0.0556128 
0.0576931 
0.0595486 
0.0611464 
0.0624563 
0.0634516 
0.0641124 
0.0644163 
0.0643561 
0.063926 
0.0631265 
0.0619634 
0.060447 
0.0585903 
0.0564087 
0.0539193 
0.0511398 
0.0480896 
0.0447905 
0.041269 
0.0375603 
0.0337115 
0.0297848 
0.0258576 
0.0220177 
0.0183483 
0.0149074 
0.0117219 
0.00881722 
0.00623017 
0.0039993 
0.00217915 
0.00085284 
7.67038e-05 
-0.000110437 
0.000110437 
-0.000509671 
0.000509671 
0.00191628 
0.00333991 
0.00456955 
0.00567805 
0.00666901 
0.00760769 
0.00852844 
0.00947719 
0.0104847 
0.0115779 
0.0127737 
0.0140838 
0.0155149 
0.0170712 
0.0187552 
0.0205674 
0.0225072 
0.0245714 
0.026754 
0.0290454 
0.0314319 
0.0338955 
0.0364135 
0.0389594 
0.041503 
0.0440113 
0.0464495 
0.0487815 
0.0509709 
0.0529815 
0.0547782 
0.0563275 
0.0575988 
0.0585645 
0.0592045 
0.0594947 
0.0594289 
0.0590013 
0.0582133 
0.0570718 
0.0555882 
0.0537768 
0.0516548 
0.0492405 
0.0465535 
0.043614 
0.0404445 
0.0370714 
0.0335287 
0.0298621 
0.0261323 
0.0224148 
0.0187932 
0.0153406 
0.0120978 
0.00908046 
0.00631761 
0.00385313 
0.00175301 
0.000132677 
-0.000864551 
-0.00112677 
-0.00056385 
0.00056385 
-0.000428826 
0.000428826 
0.00165498 
0.00286748 
0.00386544 
0.00475217 
0.00553162 
0.00627839 
0.00702326 
0.00781194 
0.00866932 
0.0096177 
0.0106684 
0.0118293 
0.0131046 
0.0144974 
0.0160103 
0.0176448 
0.0194017 
0.0212797 
0.023275 
0.0253803 
0.0275838 
0.0298696 
0.0322169 
0.0346005 
0.0369917 
0.0393586 
0.0416675 
0.0438832 
0.04597 
0.0478923 
0.0496149 
0.051104 
0.0523285 
0.05326 
0.0538774 
0.0541547 
0.0540867 
0.0536684 
0.0529023 
0.0517963 
0.0503622 
0.0486146 
0.0465703 
0.0442478 
0.0416667 
0.0388476 
0.0358135 
0.0325913 
0.0292155 
0.0257324 
0.022203 
0.0187019 
0.0153068 
0.0120753 
0.0090272 
0.00616756 
0.00352999 
0.00117158 
-0.000768489 
-0.00212664 
-0.00269432 
-0.00230581 
-0.000952526 
0.000952526 
-0.000349067 
0.000349067 
0.00136468 
0.00233746 
0.00310113 
0.00377984 
0.00437332 
0.00495789 
0.00555563 
0.00620798 
0.00693155 
0.00774346 
0.00865002 
0.00965675 
0.0107664 
0.0119823 
0.0133074 
0.0147449 
0.0162971 
0.017965 
0.019747 
0.021638 
0.0236292 
0.0257067 
0.0278522 
0.0300427 
0.0322511 
0.0344475 
0.0365996 
0.0386736 
0.040635 
0.0424489 
0.0440802 
0.0454952 
0.0466622 
0.0475525 
0.0481437 
0.0484098 
0.0483461 
0.047948 
0.0472189 
0.0461669 
0.0448032 
0.0431415 
0.0411974 
0.0389879 
0.0365317 
0.0338488 
0.0309623 
0.0279002 
0.0246986 
0.0214061 
0.0180855 
0.0148105 
0.0116498 
0.00864 
0.00577665 
0.00306095 
0.000536719 
-0.00167209 
-0.00337784 
-0.0043338 
-0.00429612 
-0.00317437 
-0.0011887 
0.0011887 
-0.000258026 
0.000258026 
0.00104137 
0.00176739 
0.00231076 
0.00280094 
0.00323258 
0.00367763 
0.00414768 
0.00467767 
0.0052755 
0.0059537 
0.00671463 
0.00756244 
0.00849923 
0.00952869 
0.0106546 
0.0118813 
0.0132128 
0.0146517 
0.0161989 
0.0178521 
0.0196051 
0.0214472 
0.0233627 
0.0253315 
0.027329 
0.0293273 
0.0312963 
0.0332041 
0.0350178 
0.0367036 
0.038227 
0.0395542 
0.0406534 
0.041496 
0.042058 
0.0423133 
0.0422583 
0.0418903 
0.0412133 
0.0402347 
0.038964 
0.0374124 
0.0355928 
0.0335197 
0.0312097 
0.0286818 
0.0259589 
0.0230706 
0.0200558 
0.0169666 
0.0138686 
0.0108331 
0.00791506 
0.00512217 
0.00243113 
-0.000147806 
-0.00252154 
-0.00450594 
-0.00582798 
-0.00619189 
-0.0054462 
-0.00369769 
-0.00133173 
0.00133173 
-0.0001686 
0.0001686 
0.000715302 
0.00119645 
0.00153565 
0.00185187 
0.00213812 
0.0024567 
0.00280957 
0.0032237 
0.00369916 
0.00424452 
0.00485906 
0.005546 
0.00630692 
0.00714573 
0.00806654 
0.00907447 
0.0101746 
0.0113714 
0.0126678 
0.0140644 
0.015558 
0.0171414 
0.0188024 
0.0205238 
0.0222844 
0.024059 
0.02582 
0.0275378 
0.0291815 
0.0307188 
0.0321162 
0.0333399 
0.0343582 
0.0351434 
0.0356708 
0.0359171 
0.0358799 
0.0355573 
0.0349525 
0.0340703 
0.0329169 
0.0314999 
0.0298286 
0.0279145 
0.0257716 
0.0234178 
0.0208762 
0.0181784 
0.0153674 
0.0124997 
0.00964336 
0.00686361 
0.00419252 
0.00160793 
-0.000917812 
-0.0033402 
-0.00550102 
-0.00712643 
-0.00788588 
-0.00755321 
-0.00616151 
-0.00400545 
-0.00142266 
0.00142266 
-7.78227e-05 
7.78227e-05 
0.000390267 
0.000637482 
0.000790626 
0.000945861 
0.00109914 
0.00129911 
0.00154085 
0.00184247 
0.00219804 
0.00261239 
0.00308241 
0.00361032 
0.004197 
0.00484604 
0.00556134 
0.00634826 
0.00721256 
0.00816006 
0.00919572 
0.0103227 
0.0115412 
0.0128477 
0.0142338 
0.0156863 
0.0171876 
0.0187159 
0.0202465 
0.0217525 
0.0232056 
0.0245753 
0.0258298 
0.0269351 
0.0278599 
0.0285775 
0.0290641 
0.0293037 
0.0292955 
0.0290368 
0.0285265 
0.0277643 
0.0267514 
0.025491 
0.0239889 
0.0222533 
0.020296 
0.0181341 
0.0157917 
0.0133034 
0.0107172 
0.00809424 
0.00550136 
0.00299223 
0.000570839 
-0.00181551 
-0.00417375 
-0.00639769 
-0.00823711 
-0.00934875 
-0.00943661 
-0.00844089 
-0.00657168 
-0.00418196 
-0.00147086 
0.00147086 
1.08641e-05 
-1.08641e-05 
7.72852e-05 
0.00010563 
8.82501e-05 
9.25198e-05 
0.000120806 
0.000205958 
0.000339676 
0.000530613 
0.000769038 
0.00105577 
0.00138591 
0.00176016 
0.00217843 
0.00264327 
0.00315787 
0.00372724 
0.0043573 
0.00505469 
0.005826 
0.00667686 
0.00761082 
0.00862803 
0.00972441 
0.0108913 
0.0121152 
0.0133785 
0.01466 
0.0159357 
0.0171798 
0.0183645 
0.0194607 
0.0204352 
0.0212567 
0.0218981 
0.0223425 
0.0225859 
0.0226238 
0.0224482 
0.0220513 
0.0214267 
0.0205708 
0.0194828 
0.0181646 
0.016622 
0.0148653 
0.0129115 
0.0107865 
0.00852918 
0.00619177 
0.0038391 
0.0015368 
-0.000686384 
-0.00286877 
-0.00506951 
-0.00724067 
-0.00918831 
-0.0105796 
-0.0110709 
-0.0104891 
-0.00895783 
-0.0067797 
-0.00426355 
-0.00148719 
0.00148719 
0.000104528 
-0.000104528 
-0.000226244 
-0.000393577 
-0.000567385 
-0.000704168 
-0.0007955 
-0.000823523 
-0.000796622 
-0.000715216 
-0.000590548 
-0.00042633 
-0.000228798 
4.98214e-07 
0.000259941 
0.000550352 
0.000873899 
0.00123458 
0.00163795 
0.0020909 
0.00260114 
0.00317642 
0.00382325 
0.00454553 
0.00534375 
0.00621429 
0.00714869 
0.00813397 
0.00915264 
0.0101843 
0.0112057 
0.0121925 
0.0131192 
0.0139564 
0.0146749 
0.0152432 
0.0156555 
0.0159164 
0.0160126 
0.0159298 
0.015654 
0.015174 
0.014482 
0.0135735 
0.0124473 
0.0111073 
0.00956279 
0.00783207 
0.00594224 
0.00393863 
0.00188137 
-0.000165229 
-0.00215052 
-0.00409377 
-0.00606238 
-0.00807738 
-0.0100128 
-0.0115876 
-0.0124341 
-0.0122849 
-0.0111266 
-0.00921403 
-0.00685245 
-0.00427104 
-0.00148043 
0.00148043 
0.000202445 
-0.000202445 
-0.000516229 
-0.000855741 
-0.0011753 
-0.00144484 
-0.00165291 
-0.0017924 
-0.00187135 
-0.00189712 
-0.0018818 
-0.00183337 
-0.00175942 
-0.00166434 
-0.00155151 
-0.00142216 
-0.00127573 
-0.00110978 
-0.000919721 
-0.000699074 
-0.000439612 
-0.000132274 
0.000232086 
0.000661207 
0.00116043 
0.00173135 
0.00237085 
0.00307105 
0.00381898 
0.00459828 
0.00538907 
0.00617044 
0.00692125 
0.00761866 
0.00824296 
0.00875878 
0.00916062 
0.00944692 
0.00960203 
0.00960863 
0.00945035 
0.00911196 
0.00858231 
0.0078535 
0.00692191 
0.00578963 
0.00446685 
0.00297462 
0.00134452 
-0.000372439 
-0.00211015 
-0.00381861 
-0.00548808 
-0.00717855 
-0.00894754 
-0.0107521 
-0.0123848 
-0.0135048 
-0.013773 
-0.013045 
-0.0114472 
-0.00928817 
-0.00682236 
-0.00421883 
-0.00145543 
0.00145543 
0.000296919 
-0.000296919 
-0.000786135 
-0.00128208 
-0.00173874 
-0.00213459 
-0.00245658 
-0.00270492 
-0.00288745 
-0.0030165 
-0.003105 
-0.00316442 
-0.00320395 
-0.00323079 
-0.00325021 
-0.00326588 
-0.0032794 
-0.00329036 
-0.00329572 
-0.00328991 
-0.00326479 
-0.00321039 
-0.00311552 
-0.00296886 
-0.00276057 
-0.00248394 
-0.00213652 
-0.00172075 
-0.0012444 
-0.000719314 
-0.000161375 
0.000411935 
0.000984217 
0.00153777 
0.00206593 
0.00254018 
0.00294981 
0.00326879 
0.00348354 
0.00357506 
0.00352796 
0.00332468 
0.00295222 
0.00240038 
0.00166417 
0.000746084 
-0.000343057 
-0.00157628 
-0.00291367 
-0.00430244 
-0.00568975 
-0.00705547 
-0.0084306 
-0.00988953 
-0.0114524 
-0.013004 
-0.0142696 
-0.0148953 
-0.0146214 
-0.0134296 
-0.0115318 
-0.00922209 
-0.00670585 
-0.00411582 
-0.00141429 
0.00141429 
0.0003851 
-0.0003851 
-0.00103413 
-0.00167364 
-0.0022588 
-0.00277465 
-0.00320718 
-0.0035614 
-0.00384465 
-0.00407253 
-0.0042586 
-0.00441707 
-0.00455882 
-0.00469368 
-0.00482922 
-0.00497174 
-0.00512539 
-0.00529223 
-0.00547138 
-0.00565882 
-0.00584711 
-0.00602573 
-0.00618169 
-0.00630077 
-0.00636903 
-0.00637461 
-0.0063094 
-0.00617004 
-0.00595862 
-0.00568194 
-0.00535095 
-0.00497905 
-0.00457786 
-0.00416307 
-0.00373651 
-0.00332088 
-0.00291806 
-0.00257153 
-0.00229968 
-0.0021259 
-0.00206562 
-0.00213793 
-0.00235623 
-0.00273115 
-0.00326641 
-0.00395701 
-0.00478741 
-0.00572881 
-0.00673765 
-0.00776972 
-0.00879606 
-0.00983108 
-0.0109344 
-0.0121683 
-0.0135011 
-0.0147521 
-0.01561 
-0.0157554 
-0.0150296 
-0.0135088 
-0.0114296 
-0.0090346 
-0.00650584 
-0.00396438 
-0.00135686 
0.00135686 
0.000465733 
-0.000465733 
-0.00125923 
-0.00203001 
-0.00273459 
-0.00336379 
-0.00390255 
-0.004359 
-0.00473951 
-0.00506155 
-0.00533891 
-0.0055878 
-0.00582057 
-0.00604945 
-0.00628421 
-0.00653389 
-0.00680536 
-0.00710355 
-0.00743022 
-0.00778366 
-0.00815795 
-0.00854309 
-0.0089253 
-0.00928804 
-0.00961365 
-0.00988523 
-0.0100887 
-0.0102145 
-0.0102582 
-0.0102206 
-0.0101071 
-0.0099259 
-0.00968528 
-0.00939775 
-0.00906671 
-0.00871502 
-0.00834302 
-0.00798863 
-0.00767559 
-0.00742971 
-0.00726901 
-0.00721348 
-0.00727659 
-0.00746806 
-0.00778929 
-0.0082325 
-0.00877857 
-0.00939781 
-0.0100518 
-0.010714 
-0.011385 
-0.0121089 
-0.0129547 
-0.0139541 
-0.0150225 
-0.015934 
-0.0163792 
-0.0161046 
-0.015044 
-0.0133205 
-0.0111506 
-0.00871709 
-0.00621396 
-0.0037595 
-0.00128107 
0.00128107 
0.000538224 
-0.000538224 
-0.00146047 
-0.00234958 
-0.00316326 
-0.00389792 
-0.00453731 
-0.00509153 
-0.00556537 
-0.00597702 
-0.00633988 
-0.00667137 
-0.0069849 
-0.0072946 
-0.00761229 
-0.00794951 
-0.0083159 
-0.00871936 
-0.00916472 
-0.00965311 
-0.010181 
-0.01074 
-0.0113165 
-0.0118928 
-0.0124486 
-0.0129625 
-0.0134147 
-0.0137889 
-0.0140742 
-0.0142648 
-0.0143603 
-0.014364 
-0.0142809 
-0.01412 
-0.0138854 
-0.0135991 
-0.0132634 
-0.0129121 
-0.0125694 
-0.0122612 
-0.0120066 
-0.0118257 
-0.0117309 
-0.0117303 
-0.0118227 
-0.0119981 
-0.0122365 
-0.012512 
-0.0127993 
-0.0130951 
-0.0134276 
-0.0138587 
-0.0144484 
-0.0151904 
-0.0159586 
-0.0165108 
-0.0165724 
-0.0159665 
-0.0146901 
-0.0128651 
-0.0106675 
-0.00824338 
-0.0058127 
-0.00349106 
-0.00118339 
0.00118339 
0.000602052 
-0.000602052 
-0.00163638 
-0.00262947 
-0.00354011 
-0.0043705 
-0.00510313 
-0.00574935 
-0.00631188 
-0.00680859 
-0.00725189 
-0.00765947 
-0.00804524 
-0.00842454 
-0.00881077 
-0.00921756 
-0.00965702 
-0.0101399 
-0.0106744 
-0.0112647 
-0.0119105 
-0.012606 
-0.0133391 
-0.0140925 
-0.0148443 
-0.0155698 
-0.0162442 
-0.0168451 
-0.0173543 
-0.0177594 
-0.0180538 
-0.0182355 
-0.0183061 
-0.0182716 
-0.0181358 
-0.0179193 
-0.0176241 
-0.0172822 
-0.0169168 
-0.0165521 
-0.0162071 
-0.0159001 
-0.0156425 
-0.0154399 
-0.0152896 
-0.0151811 
-0.0150975 
-0.015022 
-0.0149476 
-0.0148937 
-0.0149085 
-0.0150569 
-0.0153784 
-0.0158327 
-0.0162713 
-0.0164648 
-0.0161954 
-0.0153553 
-0.0139688 
-0.0121198 
-0.00992825 
-0.00757795 
-0.0052788 
-0.00314589 
-0.00105956 
0.00105956 
0.000656638 
-0.000656638 
-0.00178505 
-0.00286589 
-0.00385909 
-0.00477306 
-0.00558919 
-0.00631976 
-0.00696506 
-0.00754197 
-0.00806115 
-0.00853977 
-0.00899141 
-0.00943187 
-0.00987538 
-0.010337 
-0.0108306 
-0.0113697 
-0.0119651 
-0.0126248 
-0.0133519 
-0.0141439 
-0.0149919 
-0.0158801 
-0.0167869 
-0.0176859 
-0.0185487 
-0.0193474 
-0.0200572 
-0.0206586 
-0.0211384 
-0.0214891 
-0.0217083 
-0.0217986 
-0.0217625 
-0.0216187 
-0.0213671 
-0.0210384 
-0.0206538 
-0.0202355 
-0.0198007 
-0.0193659 
-0.0189405 
-0.0185286 
-0.0181274 
-0.0177287 
-0.0173228 
-0.0169056 
-0.0164888 
-0.0161092 
-0.0158238 
-0.0156891 
-0.0157211 
-0.0158563 
-0.0159455 
-0.0157956 
-0.0152544 
-0.0142683 
-0.0128595 
-0.0110493 
-0.00889223 
-0.00668485 
-0.00459114 
-0.00271135 
-0.000905774 
0.000905774 
0.000701348 
-0.000701348 
-0.0019044 
-0.00305473 
-0.0041136 
-0.00509622 
-0.00598323 
-0.00678795 
-0.00750818 
-0.00815933 
-0.00874982 
-0.00929551 
-0.00980883 
-0.0103051 
-0.0107986 
-0.0113046 
-0.0118382 
-0.0124145 
-0.0130468 
-0.0137463 
-0.0145198 
-0.0153688 
-0.0162883 
-0.0172656 
-0.0182812 
-0.0193092 
-0.0203193 
-0.0212796 
-0.0221596 
-0.0229331 
-0.0235797 
-0.0240858 
-0.0244443 
-0.0246536 
-0.0247145 
-0.0246428 
-0.0244358 
-0.0241223 
-0.0237205 
-0.0232501 
-0.0227262 
-0.0221631 
-0.0215688 
-0.0209472 
-0.0202971 
-0.0196158 
-0.0189027 
-0.0181674 
-0.0174364 
-0.0167561 
-0.016182 
-0.015756 
-0.0154737 
-0.0152626 
-0.0149912 
-0.0145166 
-0.013751 
-0.0126818 
-0.0113197 
-0.00960831 
-0.00751521 
-0.00553508 
-0.00373282 
-0.00217831 
-0.000719547 
0.000719547 
0.00073562 
-0.00073562 
-0.00199262 
-0.00319242 
-0.00429776 
-0.00533126 
-0.00627342 
-0.00713903 
-0.00792365 
-0.00864116 
-0.00929743 
-0.00990644 
-0.0104788 
-0.0110284 
-0.0115684 
-0.0121135 
-0.0126786 
-0.0132794 
-0.0139307 
-0.0146461 
-0.0154358 
-0.0163055 
-0.0172545 
-0.0182749 
-0.0193505 
-0.0204581 
-0.0215678 
-0.0226462 
-0.0236585 
-0.0245725 
-0.0253611 
-0.0260038 
-0.0264875 
-0.0268061 
-0.0269572 
-0.0269534 
-0.026789 
-0.0264907 
-0.0260727 
-0.0255521 
-0.0249418 
-0.0242541 
-0.0234968 
-0.0226746 
-0.0217902 
-0.0208474 
-0.0198555 
-0.0188351 
-0.0178218 
-0.0168634 
-0.0160071 
-0.0152788 
-0.0146608 
-0.0140837 
-0.0134463 
-0.0126582 
-0.011688 
-0.0105539 
-0.00926641 
-0.00770727 
-0.00576222 
-0.00411407 
-0.00269851 
-0.00154476 
-0.000500944 
0.000500944 
0.000759145 
-0.000759145 
-0.00204882 
-0.00327702 
-0.00440804 
-0.00547235 
-0.00645109 
-0.00736115 
-0.00819646 
-0.00896966 
-0.00968412 
-0.0103517 
-0.0109807 
-0.0115829 
-0.0121692 
-0.0127527 
-0.0133468 
-0.0139662 
-0.0146261 
-0.0153412 
-0.0161243 
-0.0169848 
-0.0179267 
-0.0189471 
-0.0200349 
-0.0211711 
-0.0223289 
-0.0234754 
-0.0245745 
-0.02559 
-0.0264884 
-0.0272426 
-0.0278326 
-0.0282463 
-0.0284773 
-0.0285343 
-0.0284085 
-0.0281241 
-0.0276911 
-0.0271239 
-0.0264335 
-0.0256311 
-0.0247247 
-0.0237215 
-0.0226286 
-0.0214564 
-0.0202225 
-0.0189545 
-0.0176906 
-0.0164744 
-0.0153415 
-0.014304 
-0.0133385 
-0.0123875 
-0.0113845 
-0.0102857 
-0.00910143 
-0.00786568 
-0.00661433 
-0.00518282 
-0.00361984 
-0.00242673 
-0.00149982 
-0.000819077 
-0.000253615 
0.000253615 
0.000772015 
-0.000772015 
-0.00207362 
-0.00330941 
-0.00444512 
-0.0055192 
-0.00651409 
-0.00744964 
-0.00831891 
-0.00913398 
-0.00989611 
-0.0106152 
-0.011297 
-0.0119507 
-0.0125847 
-0.013209 
-0.0138342 
-0.0144729 
-0.0151387 
-0.0158459 
-0.0166087 
-0.0174392 
-0.0183455 
-0.0193298 
-0.0203869 
-0.0215033 
-0.0226571 
-0.023819 
-0.0249539 
-0.0260244 
-0.026993 
-0.0278266 
-0.0284983 
-0.0289892 
-0.0292874 
-0.0293964 
-0.0293043 
-0.0290323 
-0.0285864 
-0.0279789 
-0.0272191 
-0.0263177 
-0.0252838 
-0.0241272 
-0.0228594 
-0.0214965 
-0.020061 
-0.0185835 
-0.0171002 
-0.0156467 
-0.0142472 
-0.0129042 
-0.0115949 
-0.0102787 
-0.00892308 
-0.00751931 
-0.00610592 
-0.00471995 
-0.00343752 
-0.00205974 
-0.00116721 
-0.000533493 
-0.000179757 
-2.75742e-05 
1.33524e-05 
-1.33524e-05 
0.000774972 
-0.000774972 
-0.00206981 
-0.00329444 
-0.00441569 
-0.00547962 
-0.00647042 
-0.00741159 
-0.0082962 
-0.00913663 
-0.0099327 
-0.0106928 
-0.0114204 
-0.0121224 
-0.0128038 
-0.0134714 
-0.0141322 
-0.014795 
-0.0154703 
-0.0161704 
-0.0169086 
-0.0176984 
-0.0185509 
-0.019473 
-0.0204653 
-0.0215205 
-0.0226229 
-0.0237486 
-0.0248666 
-0.025941 
-0.0269336 
-0.0278073 
-0.0285296 
-0.0290745 
-0.0294237 
-0.0295744 
-0.0295111 
-0.029251 
-0.0287965 
-0.0281579 
-0.0273435 
-0.0263637 
-0.0252291 
-0.0239519 
-0.0225471 
-0.0210343 
-0.0194382 
-0.0177887 
-0.0161173 
-0.0144508 
-0.0128041 
-0.0111746 
-0.00954479 
-0.00789391 
-0.00621938 
-0.004543 
-0.00291895 
-0.0013767 
-1.59554e-05 
0.00110242 
0.00138097 
0.00142328 
0.00119195 
0.000788809 
0.000286028 
-0.000286028 
0.000769246 
-0.000769246 
-0.00204244 
-0.00324146 
-0.00433356 
-0.00537138 
-0.00634093 
-0.00726963 
-0.00815137 
-0.0089996 
-0.00981352 
-0.0106008 
-0.0113631 
-0.0121054 
-0.0128299 
-0.01354 
-0.0142388 
-0.0149308 
-0.0156221 
-0.016321 
-0.0170383 
-0.0177865 
-0.0185779 
-0.0194231 
-0.0203277 
-0.0212909 
-0.0223035 
-0.0233483 
-0.0244 
-0.0254273 
-0.0263943 
-0.0272633 
-0.0279986 
-0.0285687 
-0.0289487 
-0.0291285 
-0.0290882 
-0.0288397 
-0.0283819 
-0.0277236 
-0.0268718 
-0.0258372 
-0.0246312 
-0.023268 
-0.0217648 
-0.0201426 
-0.0184259 
-0.0166418 
-0.0148158 
-0.0129673 
-0.0111047 
-0.00922437 
-0.00731836 
-0.00538545 
-0.00345369 
-0.00155494 
0.000252259 
0.00190552 
0.00323074 
0.00393927 
0.00378988 
0.00330516 
0.0025275 
0.00158349 
0.000549615 
-0.000549615 
0.000757097 
-0.000757097 
-0.00199931 
-0.00316457 
-0.00421981 
-0.00522248 
-0.00615999 
-0.00706329 
-0.00792754 
-0.00876775 
-0.00958324 
-0.0103816 
-0.0111636 
-0.0119328 
-0.0126896 
-0.0134347 
-0.0141679 
-0.0148895 
-0.0156008 
-0.0163053 
-0.0170093 
-0.0177218 
-0.0184544 
-0.0192189 
-0.0200249 
-0.0208773 
-0.0217738 
-0.022704 
-0.0236494 
-0.0245845 
-0.0254783 
-0.026296 
-0.0270017 
-0.0275616 
-0.0279456 
-0.0281369 
-0.0281111 
-0.0278728 
-0.0274177 
-0.0267516 
-0.0258808 
-0.0248156 
-0.023568 
-0.0221531 
-0.0205888 
-0.018896 
-0.0170975 
-0.0152166 
-0.0132735 
-0.0112815 
-0.00924611 
-0.00716607 
-0.00504489 
-0.00290268 
-0.000775845 
0.00130801 
0.00324375 
0.00490079 
0.00604197 
0.00640417 
0.0059082 
0.00498392 
0.00373504 
0.00230644 
0.000789837 
-0.000789837 
0.000739534 
-0.000739534 
-0.00194937 
-0.00308111 
-0.00410085 
-0.00506873 
-0.00597263 
-0.00684596 
-0.00768508 
-0.00850657 
-0.00931027 
-0.0101041 
-0.0108888 
-0.0116673 
-0.0124389 
-0.0132033 
-0.013958 
-0.0147004 
-0.0154279 
-0.0161393 
-0.0168354 
-0.0175205 
-0.018202 
-0.0188906 
-0.0195975 
-0.0203319 
-0.021098 
-0.0218924 
-0.0227036 
-0.0235125 
-0.024294 
-0.0250185 
-0.0256533 
-0.0261654 
-0.0265228 
-0.0267028 
-0.0266775 
-0.0264435 
-0.025993 
-0.0253287 
-0.0244553 
-0.0233819 
-0.0221204 
-0.0206857 
-0.0190951 
-0.0173684 
-0.0155259 
-0.0135869 
-0.0115674 
-0.00947714 
-0.00732109 
-0.00510234 
-0.00283884 
-0.000554226 
0.00172421 
0.00392937 
0.00589543 
0.00745471 
0.00836147 
0.0084334 
0.00766121 
0.00638965 
0.00475909 
0.00292489 
0.000996089 
-0.000996089 
0.000721456 
-0.000721456 
-0.0019045 
-0.00301076 
-0.00400564 
-0.00494896 
-0.00582805 
-0.0066769 
-0.00749255 
-0.00829246 
-0.00907707 
-0.00985473 
-0.0106263 
-0.0113949 
-0.01216 
-0.012921 
-0.0136752 
-0.0144188 
-0.0151473 
-0.0158561 
-0.0165417 
-0.0172026 
-0.0178408 
-0.0184624 
-0.0190771 
-0.0196959 
-0.0203279 
-0.0209767 
-0.0216383 
-0.0223 
-0.0229427 
-0.0235418 
-0.02407 
-0.0244975 
-0.024794 
-0.0249347 
-0.024891 
-0.0246509 
-0.0242032 
-0.0235466 
-0.0226834 
-0.0216208 
-0.0203695 
-0.0189432 
-0.0173579 
-0.0156313 
-0.0137811 
-0.0118232 
-0.00977034 
-0.00763064 
-0.00541015 
-0.00311879 
-0.000778844 
0.00160004 
0.00396512 
0.00619881 
0.00811109 
0.00951577 
0.0101892 
0.0100173 
0.00902864 
0.00749309 
0.00557162 
0.00342024 
0.00116216 
-0.00116216 
0.000711122 
-0.000711122 
-0.00187624 
-0.00297252 
-0.00396083 
-0.00489824 
-0.00577029 
-0.00660938 
-0.00741242 
-0.00819665 
-0.0089627 
-0.00971902 
-0.0104667 
-0.0112093 
-0.0119469 
-0.0126798 
-0.0134061 
-0.0141231 
-0.0148265 
-0.0155111 
-0.0161707 
-0.0168001 
-0.0173956 
-0.0179572 
-0.0184894 
-0.0190008 
-0.0195025 
-0.0200038 
-0.0205086 
-0.0210121 
-0.0215012 
-0.0219564 
-0.0223549 
-0.0226717 
-0.0228802 
-0.0229559 
-0.0228709 
-0.022608 
-0.022154 
-0.021504 
-0.0206574 
-0.0196186 
-0.0183961 
-0.0170015 
-0.0154487 
-0.0137528 
-0.0119288 
-0.00998977 
-0.00794633 
-0.00580611 
-0.00357716 
-0.00127393 
0.00109435 
0.00350753 
0.00587661 
0.00806006 
0.00985847 
0.0110823 
0.0115444 
0.0111733 
0.0100207 
0.00829634 
0.00616864 
0.00378803 
0.00128626 
-0.00128626 
0.000711482 
-0.000711482 
-0.00187509 
-0.00298141 
-0.00398623 
-0.0049411 
-0.00582909 
-0.0066789 
-0.00748658 
-0.00826787 
-0.00902311 
-0.00976022 
-0.0104804 
-0.0111874 
-0.0118821 
-0.012566 
-0.0132388 
-0.0139 
-0.0145473 
-0.0151771 
-0.0157841 
-0.0163618 
-0.0169034 
-0.0174034 
-0.0178595 
-0.0182743 
-0.0186556 
-0.0190146 
-0.0193619 
-0.019702 
-0.02003 
-0.0203318 
-0.0205875 
-0.0207753 
-0.0208731 
-0.0208594 
-0.020712 
-0.0204104 
-0.0199399 
-0.0192924 
-0.0184644 
-0.0174574 
-0.016277 
-0.0149322 
-0.0134341 
-0.011795 
-0.0100273 
-0.00814183 
-0.0061477 
-0.00405207 
-0.00186614 
0.000404015 
0.00275093 
0.00512842 
0.00742971 
0.00950158 
0.0111464 
0.0121834 
0.0124616 
0.0119343 
0.0106671 
0.00881986 
0.00656167 
0.00403345 
0.00136984 
-0.00136984 
0.000720644 
-0.000720644 
-0.00191185 
-0.00304656 
-0.00409244 
-0.00508772 
-0.00601484 
-0.00689657 
-0.00772785 
-0.00852182 
-0.00927816 
-0.0100037 
-0.0106994 
-0.0113689 
-0.0120138 
-0.0126364 
-0.0132383 
-0.0138208 
-0.0143847 
-0.0149293 
-0.0154522 
-0.0159491 
-0.0164136 
-0.016838 
-0.0172148 
-0.0175394 
-0.0178121 
-0.0180395 
-0.0182336 
-0.0184066 
-0.0185655 
-0.0187061 
-0.0188142 
-0.0188692 
-0.0188504 
-0.0187383 
-0.0185133 
-0.0181563 
-0.0176547 
-0.017 
-0.0161868 
-0.0152134 
-0.0140824 
-0.0127995 
-0.0113726 
-0.00981128 
-0.00812514 
-0.00632303 
-0.00441263 
-0.00240162 
-0.000297496 
0.00190223 
0.00417238 
0.00645208 
0.00862808 
0.0105437 
0.0120122 
0.0128679 
0.01299 
0.0123453 
0.0110072 
0.00909482 
0.00677175 
0.00416821 
0.00141661 
-0.00141661 
0.000738194 
-0.000738194 
-0.00198292 
-0.00317032 
-0.00427826 
-0.00533394 
-0.00631922 
-0.00725079 
-0.00812206 
-0.00894317 
-0.00971281 
-0.0104364 
-0.0111145 
-0.0117506 
-0.0123462 
-0.0129045 
-0.0134282 
-0.0139205 
-0.0143843 
-0.0148221 
-0.015235 
-0.0156224 
-0.0159815 
-0.0163063 
-0.016589 
-0.0168206 
-0.0169939 
-0.0171064 
-0.0171631 
-0.0171762 
-0.0171613 
-0.0171289 
-0.0170773 
-0.0169905 
-0.0168462 
-0.0166235 
-0.0163099 
-0.0158898 
-0.0153509 
-0.0146846 
-0.0138838 
-0.012945 
-0.0118677 
-0.0106546 
-0.00931088 
-0.00784308 
-0.00625836 
-0.00456352 
-0.00276507 
-0.00086878 
0.00112764 
0.00321555 
0.00535888 
0.00749157 
0.009499 
0.0112291 
0.0125112 
0.0131966 
0.0131884 
0.0124601 
0.0110876 
0.00915876 
0.00682574 
0.00420805 
0.00143168 
-0.00143168 
0.000765035 
-0.000765035 
-0.00208178 
-0.00334847 
-0.00453448 
-0.00566559 
-0.00672256 
-0.00771681 
-0.00864 
-0.00949925 
-0.0102921 
-0.0110224 
-0.0116904 
-0.0122989 
-0.0128498 
-0.0133466 
-0.0137928 
-0.0141928 
-0.0145513 
-0.0148728 
-0.0151615 
-0.0154203 
-0.0156504 
-0.0158504 
-0.0160156 
-0.0161383 
-0.0162086 
-0.0162168 
-0.0161569 
-0.0160308 
-0.0158501 
-0.015634 
-0.0154005 
-0.0151548 
-0.0148837 
-0.0145608 
-0.0141634 
-0.0136736 
-0.0130854 
-0.0123978 
-0.0116039 
-0.0106971 
-0.00967427 
-0.00853521 
-0.00728208 
-0.0059187 
-0.00444972 
-0.00287987 
-0.00121357 
0.000551284 
0.00241212 
0.00435027 
0.00632784 
0.00827659 
0.010086 
0.0116141 
0.0127082 
0.0132368 
0.0131204 
0.012337 
0.0109547 
0.00905121 
0.00675271 
0.00417041 
0.0014209 
-0.0014209 
0.000800163 
-0.000800163 
-0.0022045 
-0.00356738 
-0.00484658 
-0.00606522 
-0.0072028 
-0.00826865 
-0.00925206 
-0.0101573 
-0.0109806 
-0.0117243 
-0.0123879 
-0.012974 
-0.0134846 
-0.0139236 
-0.0142954 
-0.0146055 
-0.0148597 
-0.0150645 
-0.0152257 
-0.015349 
-0.0154385 
-0.0154967 
-0.0155236 
-0.0155161 
-0.0154675 
-0.0153683 
-0.0152073 
-0.014975 
-0.0146684 
-0.0142957 
-0.0138768 
-0.0134369 
-0.0129918 
-0.0125328 
-0.0120329 
-0.0114702 
-0.0108407 
-0.0101404 
-0.00935819 
-0.0084869 
-0.00752162 
-0.00646047 
-0.00530341 
-0.00405198 
-0.00270864 
-0.00127514 
0.000249873 
0.00186694 
0.00356517 
0.00532482 
0.00710794 
0.0088477 
0.0104415 
0.0117607 
0.0126709 
0.013057 
0.0128514 
0.0120359 
0.0106651 
0.0088156 
0.0065844 
0.00407379 
0.00139043 
-0.00139043 
0.000841818 
-0.000841818 
-0.00234754 
-0.00381498 
-0.00520185 
-0.00651702 
-0.00774336 
-0.00888794 
-0.00993835 
-0.0108959 
-0.0117555 
-0.0125176 
-0.0131812 
-0.0137482 
-0.014221 
-0.014604 
-0.0149027 
-0.0151239 
-0.0152752 
-0.0153644 
-0.0153992 
-0.0153869 
-0.0153337 
-0.0152443 
-0.0151217 
-0.0149669 
-0.014778 
-0.01455 
-0.0142748 
-0.0139417 
-0.0135392 
-0.0130586 
-0.0125006 
-0.0118805 
-0.0112308 
-0.0105876 
-0.00997301 
-0.00934999 
-0.00866187 
-0.00793441 
-0.00716113 
-0.00632518 
-0.00541852 
-0.00443738 
-0.00337982 
-0.00224496 
-0.00103201 
0.000261813 
0.00163671 
0.00308753 
0.00460307 
0.0061642 
0.00773415 
0.00925039 
0.0106207 
0.0117311 
0.0124649 
0.0127219 
0.012443 
0.0116122 
0.0102706 
0.00849036 
0.00635103 
0.00393596 
0.00134617 
-0.00134617 
0.000889093 
-0.000889093 
-0.00250669 
-0.00408713 
-0.00558862 
-0.00701087 
-0.00833544 
-0.0095655 
-0.0106903 
-0.0117068 
-0.0126087 
-0.0133942 
-0.0140614 
-0.0146115 
-0.0150471 
-0.0153734 
-0.0155974 
-0.0157276 
-0.0157738 
-0.0157458 
-0.0156535 
-0.0155059 
-0.0153109 
-0.0150746 
-0.0148016 
-0.0144947 
-0.0141546 
-0.0137802 
-0.0133687 
-0.012915 
-0.0124121 
-0.0118513 
-0.0112232 
-0.0105205 
-0.0097443 
-0.00890931 
-0.00804931 
-0.0072115 
-0.00644431 
-0.00572519 
-0.0049843 
-0.00419536 
-0.00335404 
-0.00245772 
-0.00150303 
-0.000486606 
0.000594937 
0.00174279 
0.00295472 
0.0042257 
0.00554562 
0.00689611 
0.00824302 
0.00952996 
0.0106761 
0.0115829 
0.0121494 
0.0122892 
0.0119494 
0.0111144 
0.0098139 
0.00811006 
0.0060753 
0.00377136 
0.00129304 
-0.00129304 
0.000941156 
-0.000941156 
-0.00267926 
-0.00438087 
-0.00600285 
-0.00754251 
-0.00897455 
-0.0102998 
-0.0115063 
-0.0125899 
-0.0135411 
-0.014356 
-0.015031 
-0.0155664 
-0.0159648 
-0.0162323 
-0.0163775 
-0.0164116 
-0.0163468 
-0.016196 
-0.0159718 
-0.0156856 
-0.0153471 
-0.0149639 
-0.0145417 
-0.0140837 
-0.0135915 
-0.0130649 
-0.0125027 
-0.0119025 
-0.0112616 
-0.0105764 
-0.00984236 
-0.0090526 
-0.00819902 
-0.00727208 
-0.00628547 
-0.00527963 
-0.00439803 
-0.00360043 
-0.00285566 
-0.00209908 
-0.00131942 
-0.000507179 
0.000343941 
0.00123958 
0.00218255 
0.00317423 
0.00421352 
0.00529629 
0.00641344 
0.00754791 
0.00866906 
0.00972762 
0.0106545 
0.0113655 
0.0117749 
0.0118075 
0.0114159 
0.0105832 
0.00933069 
0.0077057 
0.00577624 
0.00359446 
0.00123546 
-0.00123546 
0.000997035 
-0.000997035 
-0.00286301 
-0.00469291 
-0.00644364 
-0.00810699 
-0.00965748 
-0.0110882 
-0.0123868 
-0.0135467 
-0.0145563 
-0.0154084 
-0.016097 
-0.0166209 
-0.0169823 
-0.0171883 
-0.0172496 
-0.0171802 
-0.016996 
-0.0167137 
-0.0163495 
-0.0159178 
-0.0154308 
-0.0148979 
-0.0143257 
-0.0137181 
-0.013077 
-0.0124024 
-0.0116935 
-0.0109492 
-0.0101691 
-0.00935393 
-0.00850648 
-0.00763233 
-0.00674051 
-0.00584095 
-0.00493528 
-0.0040063 
-0.00299807 
-0.00193915 
-0.000984204 
-0.000137004 
0.00064523 
0.00140377 
0.0021614 
0.00293502 
0.00373374 
0.00456299 
0.00542395 
0.0063141 
0.00722581 
0.00814398 
0.00904202 
0.00987796 
0.0105939 
0.0111191 
0.0113811 
0.0113149 
0.0108776 
0.0100501 
0.00884703 
0.00730099 
0.00547493 
0.00341232 
0.0011779 
-0.0011779 
0.00105553 
-0.00105553 
-0.00305459 
-0.00501869 
-0.00690478 
-0.00870025 
-0.0103781 
-0.0119266 
-0.0133289 
-0.0145762 
-0.0156554 
-0.0165545 
-0.0172648 
-0.0177822 
-0.0181083 
-0.0182505 
-0.0182221 
-0.0180406 
-0.0177267 
-0.0173018 
-0.0167869 
-0.0162003 
-0.0155573 
-0.0148693 
-0.0141439 
-0.0133853 
-0.0125952 
-0.0117733 
-0.0109186 
-0.0100304 
-0.00910931 
-0.00815798 
-0.00718182 
-0.00618893 
-0.00519082 
-0.00419993 
-0.00322876 
-0.00227466 
-0.00130723 
-0.000295601 
0.000709341 
0.00163219 
0.00245947 
0.00320928 
0.00390662 
0.00457744 
0.00524094 
0.00591062 
0.00659351 
0.00729106 
0.00799863 
0.00870409 
0.00938534 
0.0100076 
0.0105231 
0.0108734 
0.0109976 
0.0108394 
0.01036 
0.0095383 
0.0083825 
0.00691403 
0.00518472 
0.00323244 
0.00112195 
-0.00112195 
0.00111493 
-0.00111493 
-0.00324928 
-0.00535094 
-0.00737718 
-0.00931184 
-0.0111258 
-0.0128041 
-0.014324 
-0.0156725 
-0.0168333 
-0.0177921 
-0.0185344 
-0.0190528 
-0.019347 
-0.0194246 
-0.0193012 
-0.0189987 
-0.0185433 
-0.0179629 
-0.0172846 
-0.0165319 
-0.0157241 
-0.0148747 
-0.0139923 
-0.0130811 
-0.0121416 
-0.0111724 
-0.0101713 
-0.00913686 
-0.00806979 
-0.00697368 
-0.00585585 
-0.00472741 
-0.00360372 
-0.00250323 
-0.00144304 
-0.000436976 
0.00050995 
0.00140008 
0.0023079 
0.00321293 
0.00405823 
0.00482022 
0.00549603 
0.00610261 
0.00666114 
0.00719227 
0.00771095 
0.00822564 
0.0087373 
0.00923873 
0.00971336 
0.0101336 
0.010461 
0.0106478 
0.0106433 
0.010399 
0.00987948 
0.00906225 
0.00794963 
0.00655393 
0.00491513 
0.00306719 
0.00106537 
-0.00106537 
0.00117291 
-0.00117291 
-0.00344027 
-0.00567892 
-0.00784687 
-0.00992545 
-0.0118835 
-0.0137015 
-0.0153535 
-0.0168177 
-0.0180748 
-0.0191069 
-0.0198945 
-0.0204243 
-0.0206929 
-0.0207075 
-0.0204857 
-0.020054 
-0.0194456 
-0.018696 
-0.0178402 
-0.016909 
-0.0159264 
-0.0149091 
-0.0138666 
-0.012802 
-0.011714 
-0.0105988 
-0.00945202 
-0.00827055 
-0.00705426 
-0.00580742 
-0.00453917 
-0.00326395 
-0.00200301 
-0.000782853 
0.000370347 
0.00143356 
0.00240734 
0.00330133 
0.00412573 
0.004901 
0.00563757 
0.00632136 
0.00693583 
0.00747557 
0.00794669 
0.00836353 
0.00874187 
0.00909458 
0.00942846 
0.0097424 
0.0100263 
0.0102602 
0.0104143 
0.0104504 
0.010327 
0.0100023 
0.00944431 
0.00862941 
0.00755531 
0.0062258 
0.00467219 
0.00291765 
0.00101449 
-0.00101449 
0.00122623 
-0.00122623 
-0.00361803 
-0.00598717 
-0.00829289 
-0.0105155 
-0.0126217 
-0.0145877 
-0.0163824 
-0.0179785 
-0.0193471 
-0.020467 
-0.0213146 
-0.0218689 
-0.0221219 
-0.0220791 
-0.0217595 
-0.0211942 
-0.0204235 
-0.0194924 
-0.0184456 
-0.0173231 
-0.0161559 
-0.0149649 
-0.0137602 
-0.0125436 
-0.0113107 
-0.0100536 
-0.00876408 
-0.00743626 
-0.006068 
-0.00466341 
-0.00323278 
-0.00179425 
-0.000377883 
0.00097757 
0.00223873 
0.00338266 
0.00439818 
0.00527482 
0.00602342 
0.00667905 
0.00726613 
0.00780128 
0.00828464 
0.00871114 
0.00907654 
0.0093833 
0.00963913 
0.00985392 
0.0100357 
0.0101873 
0.0103043 
0.0103737 
0.010374 
0.0102756 
0.0100452 
0.00964738 
0.00905357 
0.00823949 
0.00719935 
0.00592952 
0.00445411 
0.00278503 
0.00097267 
-0.00097267 
0.00127073 
-0.00127073 
-0.00376994 
-0.00625477 
-0.00868627 
-0.0110453 
-0.0132969 
-0.0154135 
-0.0173585 
-0.0190974 
-0.0205933 
-0.0218135 
-0.0227352 
-0.0233286 
-0.0235792 
-0.0234899 
-0.0230798 
-0.0223838 
-0.0214488 
-0.0203294 
-0.019082 
-0.0177579 
-0.0163981 
-0.0150292 
-0.0136632 
-0.0122997 
-0.0109294 
-0.00953889 
-0.00811449 
-0.00664591 
-0.0051281 
-0.00356485 
-0.00196717 
-0.000359587 
0.00121497 
0.00271132 
0.00409679 
0.00533932 
0.00641496 
0.0073123 
0.00803134 
0.00859192 
0.00902799 
0.00937435 
0.00965922 
0.00989943 
0.0101 
0.0102613 
0.0103831 
0.0104672 
0.0105162 
0.0105312 
0.0105094 
0.010442 
0.0103137 
0.0101021 
0.00978103 
0.00932076 
0.00869646 
0.00788389 
0.00687486 
0.00565954 
0.00425584 
0.00266564 
0.000934887 
-0.000934887 
0.00130122 
-0.00130122 
-0.00388009 
-0.00645499 
-0.00898929 
-0.0114664 
-0.01385 
-0.0161097 
-0.018203 
-0.0200872 
-0.0217174 
-0.0230501 
-0.0240545 
-0.0247008 
-0.0249644 
-0.0248455 
-0.024362 
-0.0235503 
-0.0224623 
-0.0211606 
-0.0197131 
-0.0181847 
-0.0166295 
-0.0150831 
-0.0135611 
-0.0120608 
-0.0105668 
-0.00905791 
-0.00751282 
-0.00591557 
-0.00425747 
-0.00254193 
-0.000780888 
0.000990483 
0.00272028 
0.00436679 
0.00588707 
0.00724008 
0.00839405 
0.00932634 
0.0100286 
0.0105116 
0.0108186 
0.0109873 
0.0110605 
0.0110764 
0.0110611 
0.0110283 
0.0109817 
0.0109195 
0.010838 
0.0107324 
0.0105964 
0.0104208 
0.0101927 
0.00989386 
0.00950349 
0.00899654 
0.00835161 
0.00754521 
0.00656773 
0.0054046 
0.00406844 
0.0025528 
0.00089855 
-0.00089855 
0.00131162 
-0.00131162 
-0.00392956 
-0.0065554 
-0.00915525 
-0.0117169 
-0.0142037 
-0.0165833 
-0.0188077 
-0.0208271 
-0.0225858 
-0.0240356 
-0.0251213 
-0.025828 
-0.0261191 
-0.0259922 
-0.0254635 
-0.0245682 
-0.023359 
-0.0219026 
-0.0202754 
-0.018556 
-0.0168138 
-0.0150986 
-0.0134332 
-0.011814 
-0.0102183 
-0.00861491 
-0.00697289 
-0.00526955 
-0.00349265 
-0.00164534 
0.000254847 
0.0021645 
0.00403032 
0.00580877 
0.00744968 
0.00890966 
0.0101503 
0.011141 
0.0118679 
0.0123191 
0.0125359 
0.0125578 
0.0124351 
0.012223 
0.0119684 
0.0117055 
0.011453 
0.0112157 
0.0109892 
0.0107637 
0.0105274 
0.0102663 
0.00996548 
0.00960708 
0.00917243 
0.00863929 
0.00798874 
0.00719822 
0.00625745 
0.00514856 
0.0038799 
0.00243875 
0.000860898 
-0.000860898 
0.00129525 
-0.00129525 
-0.00389721 
-0.00651935 
-0.0091305 
-0.0117246 
-0.0142656 
-0.0167208 
-0.0190379 
-0.0211608 
-0.0230238 
-0.0245687 
-0.0257322 
-0.0264936 
-0.0268224 
-0.0267111 
-0.026176 
-0.0252482 
-0.0239761 
-0.0224229 
-0.0206673 
-0.0187967 
-0.016897 
-0.0150364 
-0.0132514 
-0.0115415 
-0.00987698 
-0.00821444 
-0.00651159 
-0.00473859 
-0.00288076 
-0.000942794 
0.00104899 
0.00304772 
0.00500267 
0.0068679 
0.00859524 
0.0101413 
0.0114646 
0.0125278 
0.0133056 
0.0137695 
0.0139451 
0.0138737 
0.0136045 
0.013203 
0.0127305 
0.0122409 
0.0117718 
0.0113427 
0.0109569 
0.0106058 
0.0102738 
0.00994188 
0.00959031 
0.00919797 
0.00874495 
0.00820911 
0.00757238 
0.00681263 
0.00591904 
0.00487182 
0.00367591 
0.00231455 
0.000818913 
-0.000818913 
0.00124528 
-0.00124528 
-0.00376124 
-0.00630842 
-0.00885791 
-0.0114113 
-0.0139337 
-0.0163945 
-0.0187389 
-0.0209064 
-0.0228238 
-0.0244226 
-0.0256442 
-0.0264388 
-0.0268057 
-0.0267306 
-0.0262344 
-0.0253418 
-0.0240917 
-0.0225348 
-0.020741 
-0.0187973 
-0.0168013 
-0.0148421 
-0.0129784 
-0.0112198 
-0.00953281 
-0.00786068 
-0.00614836 
-0.00435979 
-0.00247991 
-0.000519038 
0.00148933 
0.00349763 
0.00546222 
0.00734137 
0.00909382 
0.0106809 
0.0120611 
0.013194 
0.0140426 
0.014569 
0.0147645 
0.0146709 
0.014328 
0.0138059 
0.0131754 
0.0125045 
0.0118479 
0.0112417 
0.0107024 
0.0102288 
0.0098072 
0.00941625 
0.00903169 
0.00862782 
0.00818108 
0.00766703 
0.00706642 
0.00635656 
0.00552577 
0.00455317 
0.00344107 
0.00217078 
0.000769491 
-0.000769491 
0.00115538 
-0.00115538 
-0.00350123 
-0.00588625 
-0.00828278 
-0.010701 
-0.0131082 
-0.0154784 
-0.0177569 
-0.0198827 
-0.0217799 
-0.0233713 
-0.024609 
-0.025398 
-0.0257892 
-0.0257634 
-0.0253508 
-0.0245697 
-0.0234457 
-0.0220087 
-0.0203068 
-0.0184124 
-0.0164229 
-0.0144453 
-0.0125669 
-0.0108192 
-0.00917186 
-0.00755573 
-0.00590248 
-0.00417208 
-0.00235229 
-0.000461893 
0.0014606 
0.00337397 
0.00524662 
0.00704755 
0.00874648 
0.0103126 
0.0117073 
0.0128895 
0.0138096 
0.0144263 
0.0146897 
0.0146429 
0.0143092 
0.013757 
0.0130594 
0.0122913 
0.0115189 
0.0107917 
0.0101396 
0.00957229 
0.0090829 
0.00865227 
0.00825487 
0.00786171 
0.00744529 
0.00697779 
0.00643731 
0.0057996 
0.00505155 
0.00417168 
0.00316018 
0.00199818 
0.000709595 
-0.000709595 
0.0010204 
-0.0010204 
-0.00310051 
-0.00522301 
-0.00735999 
-0.00953077 
-0.0117054 
-0.0138656 
-0.0159609 
-0.0179346 
-0.0197137 
-0.0212165 
-0.0223934 
-0.0231461 
-0.0235335 
-0.0235626 
-0.023271 
-0.0226749 
-0.0217855 
-0.0206065 
-0.0191544 
-0.0174707 
-0.0156351 
-0.0137593 
-0.0119603 
-0.0103041 
-0.00877567 
-0.00729797 
-0.00579 
-0.00421126 
-0.00255584 
-0.00085039 
0.000865689 
0.00256478 
0.00423307 
0.00585396 
0.00740995 
0.00887987 
0.0102299 
0.0114213 
0.0123941 
0.0131089 
0.0134746 
0.0135305 
0.0132821 
0.0127918 
0.01213 
0.0113713 
0.0105858 
0.00982946 
0.00914154 
0.00854166 
0.00803163 
0.00759828 
0.00721881 
0.00686409 
0.00650462 
0.00610988 
0.00565517 
0.00511442 
0.00447258 
0.00370803 
0.00281907 
0.00178813 
0.000636411 
-0.000636411 
0.000836832 
-0.000836832 
-0.00254824 
-0.00429963 
-0.0060607 
-0.00786055 
-0.00967183 
-0.0114877 
-0.0132668 
-0.0149635 
-0.0165136 
-0.0178356 
-0.0188751 
-0.0195456 
-0.0198965 
-0.0199793 
-0.0198365 
-0.0194863 
-0.0189264 
-0.0181355 
-0.0170943 
-0.0158024 
-0.0143022 
-0.0126878 
-0.0110958 
-0.00963448 
-0.00832153 
-0.0070804 
-0.00581981 
-0.00450304 
-0.0031325 
-0.00173815 
-0.000353106 
0.00101253 
0.00236527 
0.00370511 
0.0050271 
0.00631957 
0.00755596 
0.00870141 
0.0096914 
0.0104879 
0.010966 
0.0111559 
0.0110502 
0.0107016 
0.0101751 
0.00953791 
0.0088564 
0.00818503 
0.00756529 
0.00702232 
0.0065651 
0.00618771 
0.00587295 
0.00559508 
0.0053257 
0.00503388 
0.00469333 
0.00427698 
0.00376795 
0.00314519 
0.00240522 
0.00153304 
0.000547564 
-0.000547564 
0.000602737 
-0.000602737 
-0.00184044 
-0.00311129 
-0.00437862 
-0.00568271 
-0.00699707 
-0.00833012 
-0.00965355 
-0.0109404 
-0.012144 
-0.0131917 
-0.0140275 
-0.0145715 
-0.014861 
-0.0149989 
-0.0150286 
-0.0149687 
-0.0148071 
-0.0145036 
-0.0140081 
-0.0132773 
-0.0123035 
-0.0111374 
-0.00991066 
-0.0087701 
-0.00778389 
-0.00688995 
-0.00599048 
-0.00505658 
-0.00409847 
-0.00314233 
-0.00220509 
-0.00127777 
-0.000342118 
0.00061902 
0.00161508 
0.00264172 
0.00368235 
0.00470935 
0.00566501 
0.00651126 
0.00710482 
0.00744044 
0.00751351 
0.00736663 
0.00706094 
0.00665036 
0.00618991 
0.00572393 
0.0052886 
0.00490843 
0.0045959 
0.00435101 
0.0041632 
0.00401259 
0.00387489 
0.0037218 
0.00352767 
0.00326629 
0.00291973 
0.00246875 
0.00190813 
0.0012267 
0.000441207 
-0.000441207 
0.000316948 
-0.000316948 
-0.000979381 
-0.00166806 
-0.00233082 
-0.00302387 
-0.00371637 
-0.00443562 
-0.00516788 
-0.00591384 
-0.00665883 
-0.00735424 
-0.00793118 
-0.00829263 
-0.00851715 
-0.00873367 
-0.00896942 
-0.00923525 
-0.00951326 
-0.0097539 
-0.00989003 
-0.00984569 
-0.00956458 
-0.00903539 
-0.00835124 
-0.00767536 
-0.00713731 
-0.00670789 
-0.0062883 
-0.00585986 
-0.0054375 
-0.00503598 
-0.0046504 
-0.00425416 
-0.00381975 
-0.00332087 
-0.00273814 
-0.00206773 
-0.00131506 
-0.000502026 
0.000334705 
0.00115692 
0.0018507 
0.0023459 
0.00263912 
0.00275233 
0.00274562 
0.00265704 
0.00252549 
0.00237878 
0.00224113 
0.00213106 
0.00206028 
0.00203234 
0.00204272 
0.00207843 
0.00212141 
0.00214855 
0.00213729 
0.00206472 
0.00191318 
0.0016672 
0.00131966 
0.000865054 
0.000316763 
-0.000316763 
-2.47928e-05 
2.47928e-05 
3.21969e-05 
6.07721e-06 
4.01191e-05 
4.92922e-05 
7.76658e-05 
7.74224e-05 
5.32761e-05 
-1.76813e-05 
-0.000155701 
-0.000334684 
-0.000553651 
-0.000785148 
-0.00103966 
-0.00140349 
-0.00189855 
-0.00252315 
-0.00326 
-0.00406101 
-0.00485872 
-0.00556329 
-0.00608456 
-0.00635031 
-0.00638411 
-0.00632563 
-0.00636045 
-0.00651196 
-0.00668796 
-0.00687939 
-0.00710142 
-0.00735109 
-0.00760414 
-0.00782059 
-0.00796422 
-0.00800333 
-0.00791438 
-0.00768355 
-0.00730712 
-0.0067971 
-0.00617913 
-0.00548285 
-0.00478461 
-0.00415029 
-0.00359259 
-0.00313172 
-0.00274118 
-0.00240605 
-0.00210715 
-0.00183325 
-0.00157386 
-0.00131873 
-0.00105937 
-0.000790765 
-0.000512533 
-0.00023083 
4.37136e-05 
0.000295018 
0.000505739 
0.000658672 
0.00073757 
0.000733135 
0.000635437 
0.000447287 
0.000175022 
-0.000175022 
-0.000420544 
0.000420544 
0.00118282 
0.00188576 
0.00268017 
0.00345549 
0.00426108 
0.00504006 
0.00578684 
0.00646463 
0.00703393 
0.00747187 
0.00769041 
0.00758883 
0.00722999 
0.00665288 
0.00585754 
0.00485429 
0.00365992 
0.00231373 
0.000869922 
-0.000585654 
-0.0019472 
-0.00310655 
-0.00400569 
-0.00471292 
-0.00544059 
-0.00627999 
-0.00715611 
-0.00806505 
-0.00901842 
-0.00999305 
-0.0109506 
-0.0118434 
-0.0126313 
-0.0132784 
-0.013756 
-0.0140423 
-0.0141241 
-0.0139998 
-0.0136814 
-0.0131888 
-0.0125604 
-0.0118188 
-0.0109835 
-0.0101164 
-0.00925049 
-0.00840939 
-0.00760062 
-0.00682952 
-0.00609787 
-0.00540384 
-0.00474319 
-0.0041111 
-0.00350397 
-0.00292189 
-0.00236813 
-0.00185024 
-0.00137844 
-0.000962386 
-0.000615415 
-0.000338615 
-0.000146221 
-2.0698e-05 
2.23941e-05 
-2.23941e-05 
-0.000861625 
0.000861625 
0.00245675 
0.00395036 
0.00554288 
0.00711796 
0.00871632 
0.010281 
0.0117902 
0.0131923 
0.0144247 
0.0154073 
0.0160187 
0.0161506 
0.0157767 
0.0150216 
0.0139388 
0.0125647 
0.0109274 
0.00906347 
0.00701881 
0.00486317 
0.00269138 
0.000613823 
-0.00124625 
-0.00284871 
-0.00437726 
-0.00599387 
-0.00765627 
-0.00935731 
-0.0111037 
-0.0128531 
-0.0145594 
-0.0161707 
-0.0176445 
-0.0189423 
-0.0200315 
-0.0208848 
-0.021481 
-0.0218046 
-0.0218446 
-0.0215906 
-0.0210262 
-0.0201615 
-0.0190577 
-0.0177966 
-0.0164545 
-0.0150929 
-0.0137504 
-0.012452 
-0.0112127 
-0.0100396 
-0.00893366 
-0.00789199 
-0.00690967 
-0.00598228 
-0.00510673 
-0.00428228 
-0.00351128 
-0.00279495 
-0.00214145 
-0.00154376 
-0.00101901 
-0.000534265 
-0.00013938 
0.00013938 
-0.00134332 
0.00134332 
0.00384499 
0.00618215 
0.00858512 
0.0109589 
0.0133258 
0.0156323 
0.0178386 
0.0198778 
0.0216632 
0.0230829 
0.0240078 
0.0243542 
0.0240772 
0.0232617 
0.0219818 
0.0203009 
0.0182675 
0.0159263 
0.0133249 
0.0105231 
0.00760006 
0.00465875 
0.00182753 
-0.000762747 
-0.00318456 
-0.00564349 
-0.00815399 
-0.0106946 
-0.0132683 
-0.0158168 
-0.0182907 
-0.0206352 
-0.0228058 
-0.0247608 
-0.0264637 
-0.0278814 
-0.0289833 
-0.0297383 
-0.030111 
-0.0300626 
-0.029549 
-0.0285894 
-0.0272725 
-0.0256898 
-0.0239419 
-0.0221164 
-0.02028 
-0.0184792 
-0.0167438 
-0.0150915 
-0.01353 
-0.0120599 
-0.010677 
-0.00937414 
-0.00814343 
-0.00697723 
-0.00587026 
-0.00481614 
-0.00381669 
-0.00285927 
-0.00196111 
-0.00108442 
-0.000311709 
0.000311709 
-0.00186242 
0.00186242 
0.00534167 
0.00856904 
0.0117788 
0.0149206 
0.0180015 
0.0209719 
0.0237784 
0.0263425 
0.0285639 
0.0303247 
0.031506 
0.0320405 
0.0318832 
0.0310807 
0.0296968 
0.0277983 
0.0254446 
0.0226882 
0.0195808 
0.0161813 
0.0125626 
0.00882156 
0.00508043 
0.00148815 
-0.00189289 
-0.00523126 
-0.00862147 
-0.0120197 
-0.015426 
-0.0187708 
-0.0220029 
-0.0250648 
-0.0279085 
-0.0304873 
-0.0327593 
-0.034684 
-0.0362211 
-0.0373273 
-0.0379552 
-0.0380603 
-0.0376055 
-0.0366136 
-0.0351716 
-0.0333734 
-0.0313302 
-0.0291446 
-0.026903 
-0.0246706 
-0.0224925 
-0.0203979 
-0.0184026 
-0.0165123 
-0.0147246 
-0.0130319 
-0.0114232 
-0.00988606 
-0.00840925 
-0.00698082 
-0.00559713 
-0.00424388 
-0.00293756 
-0.00164995 
-0.000488729 
0.000488729 
-0.00241299 
0.00241299 
0.00693367 
0.011093 
0.0151012 
0.0189628 
0.0226838 
0.0262221 
0.0295198 
0.0324949 
0.0350468 
0.0370655 
0.038448 
0.0391345 
0.039089 
0.0383328 
0.0369085 
0.0348696 
0.0322719 
0.02917 
0.0256187 
0.0216783 
0.0174199 
0.0129362 
0.00834788 
0.00380889 
-0.000546758 
-0.00477471 
-0.00904021 
-0.0132835 
-0.0174977 
-0.0216082 
-0.0255612 
-0.0292968 
-0.0327616 
-0.0359035 
-0.0386736 
-0.0410247 
-0.0429104 
-0.0442841 
-0.0451007 
-0.0453258 
-0.0449382 
-0.0439616 
-0.0424723 
-0.0405601 
-0.0383355 
-0.0359063 
-0.0333686 
-0.0308002 
-0.0282588 
-0.0257838 
-0.0233995 
-0.0211168 
-0.0189368 
-0.0168525 
-0.0148522 
-0.0129212 
-0.0110451 
-0.00920989 
-0.00740944 
-0.00563271 
-0.00389897 
-0.00220151 
-0.000661842 
0.000661842 
-0.00298299 
0.00298299 
0.00858953 
0.0137128 
0.0185151 
0.0230496 
0.0273366 
0.0313502 
0.0350391 
0.0383282 
0.0411263 
0.0433373 
0.0448736 
0.0456807 
0.0457239 
0.0450082 
0.0435585 
0.0414131 
0.0386186 
0.035225 
0.0312854 
0.0268599 
0.0220199 
0.0168582 
0.011492 
0.00608205 
0.000794527 
-0.00430394 
-0.00940171 
-0.0144451 
-0.0194118 
-0.024229 
-0.0288398 
-0.0331824 
-0.0371983 
-0.0408303 
-0.0440244 
-0.0467295 
-0.0488979 
-0.0504861 
-0.0514574 
-0.0517898 
-0.0514766 
-0.0505438 
-0.04906 
-0.0471084 
-0.0447932 
-0.0422196 
-0.0394858 
-0.0366749 
-0.033852 
-0.0310644 
-0.0283428 
-0.0257035 
-0.023151 
-0.020681 
-0.018283 
-0.015943 
-0.0136474 
-0.0113837 
-0.00914859 
-0.00693951 
-0.00478459 
-0.00270362 
-0.000819988 
0.000819988 
-0.00354538 
0.00354538 
0.0102321 
0.016318 
