0 
-0.0015691 
-0.00213572 
-0.000964026 
0.00127839 
0.00393557 
0.00687239 
0.00989048 
0.012931 
0.0159441 
0.0189206 
0.0218637 
0.0247873 
0.0277088 
0.0306459 
0.0336142 
0.0366255 
0.0396875 
0.0428025 
0.0459678 
0.0491756 
0.0524128 
0.0556615 
0.0588993 
0.0620997 
0.0652328 
0.0682659 
0.0711646 
0.0738928 
0.0764142 
0.078693 
0.0806944 
0.0823855 
0.0837361 
0.0847193 
0.0853109 
0.0854947 
0.0852564 
0.0845846 
0.0834725 
0.081917 
0.0799191 
0.0774842 
0.0746229 
0.0713515 
0.0676941 
0.0636833 
0.0593621 
0.0547852 
0.0500197 
0.0451449 
0.0402516 
0.03544 
0.030815 
0.0264743 
0.0224833 
0.0188541 
0.0155574 
0.0125672 
0.00988295 
0.00751115 
0.00544317 
0.00364961 
0.00208356 
0.000670937 
0 
0.0015691 
-0.0015691 
-0.00213572 
-0.000964026 
0.00127839 
0.00393557 
0.00687239 
0.00989048 
0.012931 
0.0159441 
0.0189206 
0.0218637 
0.0247873 
0.0277088 
0.0306459 
0.0336142 
0.0366255 
0.0396875 
0.0428025 
0.0459678 
0.0491756 
0.0524128 
0.0556615 
0.0588993 
0.0620997 
0.0652328 
0.0682659 
0.0711646 
0.0738928 
0.0764142 
0.078693 
0.0806944 
0.0823855 
0.0837361 
0.0847193 
0.0853109 
0.0854947 
0.0852564 
0.0845846 
0.0834725 
0.081917 
0.0799191 
0.0774842 
0.0746229 
0.0713515 
0.0676941 
0.0636833 
0.0593621 
0.0547852 
0.0500197 
0.0451449 
0.0402516 
0.03544 
0.030815 
0.0264743 
0.0224833 
0.0188541 
0.0155574 
0.0125672 
0.00988295 
0.00751115 
0.00544317 
0.00364961 
0.00208356 
0.000670937 
-0.000670937 
0.000334659 
-0.000334659 
0.000907979 
0.00226751 
0.00429006 
0.0066515 
0.00924887 
0.0119254 
0.0146242 
0.0173044 
0.019959 
0.0225939 
0.0252243 
0.0278686 
0.0305453 
0.0332704 
0.0360561 
0.0389101 
0.0418352 
0.0448285 
0.0478821 
0.0509826 
0.0541117 
0.0572464 
0.0603594 
0.0634201 
0.066395 
0.0692486 
0.0719442 
0.074445 
0.0767144 
0.0787175 
0.0804212 
0.0817954 
0.082814 
0.0834507 
0.083685 
0.0835029 
0.0828929 
0.0818478 
0.0803644 
0.0784437 
0.0760905 
0.0733147 
0.0701318 
0.0665642 
0.0626431 
0.05841 
0.0539182 
0.0492338 
0.0444357 
0.0396143 
0.0348685 
0.0303 
0.0260009 
0.0220332 
0.0184142 
0.01513 
0.0121674 
0.00952561 
0.00720325 
0.00518685 
0.00345085 
0.00195432 
0.000624754 
-0.000624754 
-0.000747656 
0.000747656 
0.00216353 
0.00380803 
0.00575067 
0.00790608 
0.0101856 
0.012501 
0.0148152 
0.0171097 
0.019389 
0.0216677 
0.0239659 
0.0263048 
0.0287039 
0.0311791 
0.0337419 
0.0363988 
0.0391509 
0.0419939 
0.044918 
0.0479082 
0.0509442 
0.0540013 
0.0570506 
0.0600599 
0.0629941 
0.0658162 
0.0684885 
0.0709729 
0.073232 
0.0752303 
0.0769345 
0.0783146 
0.0793452 
0.0800046 
0.0802743 
0.080142 
0.0795976 
0.0786351 
0.0772526 
0.0754512 
0.0732352 
0.0706129 
0.0675971 
0.0642063 
0.060467 
0.0564157 
0.0521008 
0.047584 
0.0429413 
0.0382608 
0.0336398 
0.0291777 
0.0249627 
0.021054 
0.0174728 
0.0142194 
0.0112969 
0.0087122 
0.00646645 
0.00455103 
0.00294862 
0.00162537 
0.000507253 
-0.000507253 
-0.000698877 
0.000698877 
0.0023706 
0.00423523 
0.00618969 
0.00818869 
0.0101878 
0.01216 
0.0141018 
0.016023 
0.0179441 
0.01989 
0.0218858 
0.0239544 
0.0261144 
0.0283798 
0.0307592 
0.0332562 
0.0358692 
0.0385914 
0.0414108 
0.0443105 
0.0472687 
0.0502593 
0.053252 
0.0562134 
0.0591076 
0.0618965 
0.0645415 
0.0670038 
0.0692454 
0.0712298 
0.0729234 
0.0742958 
0.0753214 
0.0759794 
0.0762528 
0.0761324 
0.075611 
0.074686 
0.0733592 
0.071635 
0.0695206 
0.0670254 
0.0641619 
0.0609462 
0.0574003 
0.0535546 
0.0494507 
0.0451435 
0.0407028 
0.0362125 
0.0317666 
0.0274609 
0.0233792 
0.0195759 
0.0160745 
0.0128886 
0.0100385 
0.00753994 
0.00539993 
0.00361805 
0.00219643 
0.00111797 
0.000320481 
-0.000320481 
-0.000709816 
0.000709816 
0.00248034 
0.00436143 
0.00618261 
0.00794905 
0.00963824 
0.0112691 
0.012861 
0.0144452 
0.0160528 
0.0177148 
0.0194576 
0.021302 
0.0232635 
0.025352 
0.0275724 
0.0299251 
0.0324061 
0.0350069 
0.0377146 
0.0405116 
0.0433758 
0.0462808 
0.0491962 
0.0520883 
0.0549208 
0.0576557 
0.060254 
0.0626763 
0.0648845 
0.0668414 
0.068513 
0.0698682 
0.070881 
0.0715305 
0.0717989 
0.0716789 
0.0711654 
0.070259 
0.0689651 
0.067292 
0.0652508 
0.0628539 
0.0601155 
0.0570519 
0.0536829 
0.0500347 
0.0461428 
0.0420555 
0.037836 
0.0335621 
0.029323 
0.0252094 
0.0212974 
0.0176334 
0.0142414 
0.0111475 
0.00838668 
0.0059821 
0.00394832 
0.00231544 
0.00112106 
0.000366213 
3.46876e-05 
-3.46876e-05 
-0.000637051 
0.000637051 
0.00234413 
0.00412932 
0.0057637 
0.00728466 
0.00868602 
0.0100181 
0.0113153 
0.0126226 
0.0139762 
0.0154087 
0.0169437 
0.0185983 
0.0203833 
0.0223048 
0.024365 
0.0265625 
0.0288928 
0.0313476 
0.0339145 
0.0365769 
0.0393136 
0.042099 
0.0449034 
0.0476938 
0.0504343 
0.0530872 
0.0556136 
0.0579745 
0.0601313 
0.0620467 
0.0636859 
0.065017 
0.0660133 
0.0666524 
0.0669151 
0.0667952 
0.0662892 
0.0654 
0.064136 
0.0625089 
0.0605327 
0.058223 
0.0555963 
0.05267 
0.0494636 
0.0460009 
0.0423135 
0.0384447 
0.034452 
0.0304077 
0.0263952 
0.0224977 
0.0187802 
0.0152779 
0.012014 
0.00902658 
0.00635999 
0.00404008 
0.00210984 
0.000640914 
-0.000289262 
-0.000643116 
-0.000359379 
0.000359379 
-0.00058078 
0.00058078 
0.00215111 
0.00374471 
0.00513307 
0.00639185 
0.00752262 
0.00859456 
0.0096459 
0.010727 
0.0118725 
0.0131118 
0.0144637 
0.0159404 
0.0175489 
0.019293 
0.0211738 
0.0231904 
0.0253391 
0.0276133 
0.0300026 
0.0324922 
0.0350628 
0.0376902 
0.0403464 
0.0429992 
0.0456138 
0.0481534 
0.0505799 
0.0528546 
0.0549391 
0.0567959 
0.0583895 
0.0596873 
0.0606617 
0.0612894 
0.06155 
0.0614384 
0.0609513 
0.0600932 
0.0588738 
0.0573063 
0.0554067 
0.0531922 
0.050681 
0.0478917 
0.0448443 
0.0415621 
0.0380747 
0.0344226 
0.0306593 
0.026853 
0.0230808 
0.0194159 
0.0159078 
0.0125779 
0.00944989 
0.00657085 
0.00398617 
0.00173369 
-8.91296e-05 
-0.00137891 
-0.00201433 
-0.00185116 
-0.000804144 
0.000804144 
-0.000489058 
0.000489058 
0.00185366 
0.00321047 
0.00434148 
0.00535373 
0.0062485 
0.00710394 
0.0079544 
0.00884959 
0.00981802 
0.0108843 
0.0120614 
0.0133582 
0.0147793 
0.0163278 
0.0180057 
0.0198133 
0.0217492 
0.0238092 
0.0259854 
0.0282655 
0.0306327 
0.0330651 
0.0355363 
0.0380162 
0.0404715 
0.0428668 
0.0451653 
0.0473293 
0.049321 
0.0511028 
0.0526388 
0.0538953 
0.0548441 
0.0554599 
0.055721 
0.0556233 
0.0551651 
0.054352 
0.0531947 
0.0517067 
0.0499039 
0.0478035 
0.0454238 
0.0427835 
0.0399029 
0.0368054 
0.0335206 
0.0300878 
0.0265592 
0.0229995 
0.0194792 
0.0160579 
0.0127658 
0.00961006 
0.00661704 
0.00383829 
0.00131561 
-0.000859142 
-0.00256284 
-0.00362813 
-0.00383403 
-0.00298243 
-0.0011577 
0.0011577 
-0.000397401 
0.000397401 
0.00152537 
0.00261662 
0.00348887 
0.0042697 
0.0049556 
0.00562565 
0.00630491 
0.00703815 
0.00784528 
0.00874546 
0.00974685 
0.010856 
0.0120766 
0.0134124 
0.0148665 
0.0164412 
0.0181377 
0.0199542 
0.0218859 
0.0239234 
0.0260528 
0.028255 
0.0305062 
0.0327788 
0.0350416 
0.0372614 
0.0394031 
0.0414305 
0.0433066 
0.0449942 
0.0464571 
0.0476611 
0.0485774 
0.049179 
0.0494445 
0.0493704 
0.0489559 
0.0482072 
0.0471347 
0.045751 
0.0440704 
0.0421088 
0.0398828 
0.0374104 
0.0347118 
0.0318108 
0.028738 
0.0255335 
0.0222495 
0.018948 
0.0156913 
0.0125212 
0.00944537 
0.00645989 
0.00359758 
0.000905003 
-0.00153981 
-0.00361384 
-0.00511974 
-0.00577672 
-0.00534469 
-0.00375715 
-0.00138565 
0.00138565 
-0.000294889 
0.000294889 
0.0011655 
0.00198496 
0.00261382 
0.0031841 
0.00368667 
0.00419525 
0.0047236 
0.00530914 
0.00596277 
0.00669883 
0.00752168 
0.00843673 
0.00944745 
0.0105583 
0.0117739 
0.0130983 
0.0145348 
0.0160846 
0.0177458 
0.0195122 
0.0213735 
0.023314 
0.0253133 
0.0273468 
0.0293861 
0.0314005 
0.0333573 
0.0352224 
0.0369602 
0.038534 
0.039908 
0.0410477 
0.0419244 
0.0425091 
0.0427808 
0.0427381 
0.0423815 
0.0417172 
0.0407538 
0.0395011 
0.0379703 
0.0361739 
0.0341263 
0.0318439 
0.0293463 
0.0266585 
0.0238126 
0.0208512 
0.017827 
0.0147992 
0.0118181 
0.00890302 
0.00603902 
0.00321859 
0.00048073 
-0.00211339 
-0.00445261 
-0.00633374 
-0.00744463 
-0.00748648 
-0.00633883 
-0.00421601 
-0.00152133 
0.00152133 
-0.000193798 
0.000193798 
0.000803996 
0.00135513 
0.00175849 
0.00213436 
0.00247165 
0.00283329 
0.00322244 
0.00366769 
0.00417172 
0.0047447 
0.00538807 
0.00610652 
0.0069033 
0.00778354 
0.00875257 
0.00981611 
0.0109793 
0.0122456 
0.0136163 
0.015089 
0.0166571 
0.0183091 
0.0200285 
0.0217943 
0.0235818 
0.0253629 
0.0271078 
0.0287848 
0.0303604 
0.0317989 
0.0330648 
0.0341244 
0.0349498 
0.0355124 
0.0357948 
0.0357968 
0.0355185 
0.0349635 
0.034136 
0.0330414 
0.0316867 
0.0300807 
0.0282349 
0.026164 
0.0238877 
0.0214322 
0.0188323 
0.0161336 
0.0133894 
0.0106533 
0.00795895 
0.00529834 
0.00263909 
-1.93145e-05 
-0.00262687 
-0.0051019 
-0.00725134 
-0.00876325 
-0.00928289 
-0.00863416 
-0.00690085 
-0.00447609 
-0.00159077 
0.00159077 
-9.21162e-05 
9.21162e-05 
0.000446249 
0.000741574 
0.000939013 
0.00113477 
0.00132072 
0.00154485 
0.00180248 
0.0021123 
0.00247057 
0.00288346 
0.00335017 
0.00387448 
0.00445922 
0.00510951 
0.00583105 
0.00663034 
0.00751389 
0.00848747 
0.0095552 
0.0107184 
0.0119748 
0.0133173 
0.0147342 
0.0162089 
0.0177204 
0.019244 
0.0207528 
0.022218 
0.023609 
0.0248924 
0.0260325 
0.026997 
0.0277587 
0.028294 
0.0285934 
0.0286562 
0.0284785 
0.0280569 
0.0273893 
0.0264757 
0.0253186 
0.0239231 
0.0222984 
0.0204582 
0.0184224 
0.0162196 
0.0138878 
0.0114757 
0.00903521 
0.00660981 
0.00420874 
0.00179744 
-0.000662732 
-0.00315876 
-0.00562743 
-0.00792142 
-0.00974063 
-0.0107124 
-0.0105598 
-0.00930092 
-0.00718958 
-0.00459705 
-0.00161673 
0.00161673 
6.99199e-06 
-6.99199e-06 
0.000102864 
0.00015902 
0.000167438 
0.000194523 
0.0002387 
0.000330976 
0.000462234 
0.000640696 
0.000858191 
0.00111661 
0.00141334 
0.00175075 
0.00213081 
0.00255803 
0.00303777 
0.00357667 
0.00418209 
0.00486153 
0.00562177 
0.00646773 
0.00740139 
0.00842077 
0.00951922 
0.0106851 
0.0119018 
0.0131482 
0.0144009 
0.0156342 
0.0168212 
0.0179324 
0.0189336 
0.0197931 
0.020483 
0.0209949 
0.0213262 
0.0214678 
0.0214074 
0.0211344 
0.0206405 
0.0199206 
0.0189734 
0.0178011 
0.0164112 
0.014817 
0.01304 
0.0111115 
0.00907281 
0.00697435 
0.00486152 
0.00276205 
0.000658023 
-0.00151422 
-0.00378129 
-0.00611442 
-0.00840901 
-0.0104195 
-0.0117682 
-0.0121124 
-0.011334 
-0.0096229 
-0.00729216 
-0.00461254 
-0.00161082 
0.00161082 
0.000109923 
-0.000109923 
-0.000228409 
-0.000387096 
-0.000552502 
-0.000682899 
-0.000773575 
-0.000809517 
-0.000801054 
-0.000750005 
-0.00066693 
-0.00055479 
-0.000417744 
-0.00025568 
-6.78368e-05 
0.000148865 
0.00039881 
0.000688195 
0.00102467 
0.00141687 
0.00187371 
0.00240335 
0.00301201 
0.00370273 
0.00447447 
0.00532096 
0.00623036 
0.00718617 
0.00816914 
0.00915686 
0.0101268 
0.011055 
0.0119138 
0.0126746 
0.0133041 
0.0138069 
0.0141788 
0.0144033 
0.0144613 
0.0143368 
0.0140166 
0.0134918 
0.0127575 
0.011814 
0.0106676 
0.00933227 
0.00783177 
0.00619988 
0.00448031 
0.00272414 
0.000965332 
-0.000798085 
-0.00261673 
-0.00456194 
-0.0066411 
-0.00879624 
-0.0108508 
-0.0124696 
-0.0132638 
-0.0129964 
-0.0117171 
-0.0097062 
-0.00725781 
-0.00454814 
-0.0015806 
0.0015806 
0.000216435 
-0.000216435 
-0.000544512 
-0.000893277 
-0.00122051 
-0.00149865 
-0.00171961 
-0.00188014 
-0.00199109 
-0.00206224 
-0.00210587 
-0.00212962 
-0.00213939 
-0.00213786 
-0.00212595 
-0.00210262 
-0.00206485 
-0.00200751 
-0.00192332 
-0.0018032 
-0.00163669 
-0.00141297 
-0.00112203 
-0.000756091 
-0.000311058 
0.000212664 
0.000809501 
0.00146877 
0.00217586 
0.00291197 
0.00365858 
0.00439716 
0.00510991 
0.00578088 
0.006374 
0.00688752 
0.00730227 
0.00760343 
0.0077694 
0.00778305 
0.0076276 
0.00729123 
0.00676656 
0.00605236 
0.0051554 
0.00409122 
0.00288659 
0.00157819 
0.000210404 
-0.00117407 
-0.00256367 
-0.00399876 
-0.00555287 
-0.00728106 
-0.00916723 
-0.0111074 
-0.0128444 
-0.0139967 
-0.0142317 
-0.0134474 
-0.0118141 
-0.00962314 
-0.00711543 
-0.00442193 
-0.00153015 
0.00153015 
0.000319172 
-0.000319172 
-0.000839475 
-0.00136144 
-0.00184087 
-0.00225908 
-0.00260609 
-0.0028867 
-0.00311231 
-0.00329858 
-0.00345957 
-0.00360699 
-0.00374881 
-0.00389065 
-0.00403555 
-0.00418476 
-0.00433716 
-0.00448931 
-0.00463494 
-0.00476518 
-0.00486869 
-0.00493252 
-0.00494329 
-0.00488874 
-0.0047595 
-0.00455024 
-0.00425981 
-0.00389271 
-0.00345828 
-0.00297033 
-0.00244351 
-0.00189196 
-0.00132891 
-0.00075708 
-0.000204735 
0.000321733 
0.000778126 
0.0011522 
0.00141826 
0.00156031 
0.00155979 
0.00140401 
0.00108486 
0.000601284 
-3.88316e-05 
-0.000816204 
-0.00170082 
-0.00265456 
-0.00363876 
-0.00463469 
-0.0056635 
-0.00679252 
-0.00809671 
-0.00960759 
-0.0112813 
-0.0129553 
-0.0143115 
-0.0149778 
-0.0147181 
-0.013549 
-0.0116949 
-0.00940351 
-0.00687766 
-0.00424153 
-0.00146127 
0.00146127 
0.000415369 
-0.000415369 
-0.00111187 
-0.00179364 
-0.00241623 
-0.00296756 
-0.00343619 
-0.00383225 
-0.00416719 
-0.00446085 
-0.00472885 
-0.00498641 
-0.00524375 
-0.00550943 
-0.00578894 
-0.00608618 
-0.00640245 
-0.00673657 
-0.00708406 
-0.00743706 
-0.00778422 
-0.00811126 
-0.00840199 
-0.00863982 
-0.00880964 
-0.00889954 
-0.00890217 
-0.00881572 
-0.00864348 
-0.00839334 
-0.00807537 
-0.00769951 
-0.00727785 
-0.00681135 
-0.00632417 
-0.00581548 
-0.00533547 
-0.00490268 
-0.00454605 
-0.00428354 
-0.00413476 
-0.00411231 
-0.00422322 
-0.00446641 
-0.00483111 
-0.00529624 
-0.00583171 
-0.00640485 
-0.0069934 
-0.00760718 
-0.00829544 
-0.00913713 
-0.0101953 
-0.0114781 
-0.0129067 
-0.0142639 
-0.0152096 
-0.0154254 
-0.014778 
-0.0133572 
-0.0113865 
-0.00905059 
-0.00654557 
-0.00400695 
-0.00137356 
0.00137356 
0.000503974 
-0.000503974 
-0.00136125 
-0.00219047 
-0.00294717 
-0.0036248 
-0.00421031 
-0.00471707 
-0.00515596 
-0.00554942 
-0.00591427 
-0.00626851 
-0.00662459 
-0.00699384 
-0.00738432 
-0.00780271 
-0.00825305 
-0.00873692 
-0.00925228 
-0.00979321 
-0.0103494 
-0.0109063 
-0.011446 
-0.0119486 
-0.0123938 
-0.0127637 
-0.0130438 
-0.013225 
-0.0133039 
-0.0132822 
-0.0131648 
-0.0129578 
-0.0126705 
-0.0123055 
-0.0118877 
-0.0114151 
-0.0109322 
-0.0104604 
-0.010029 
-0.00965719 
-0.00936505 
-0.00916442 
-0.00906091 
-0.0090513 
-0.00912312 
-0.00925547 
-0.0094235 
-0.00960712 
-0.00980676 
-0.0100583 
-0.0104282 
-0.0109933 
-0.0118002 
-0.0128333 
-0.0139775 
-0.0149821 
-0.0155257 
-0.0153665 
-0.0144517 
-0.0128934 
-0.0108739 
-0.00854682 
-0.0061072 
-0.00371102 
-0.00126472 
0.00126472 
0.000584556 
-0.000584556 
-0.00158715 
-0.00255123 
-0.00343224 
-0.00422878 
-0.00492585 
-0.00553856 
-0.00607634 
-0.00656285 
-0.00701539 
-0.007454 
-0.00789302 
-0.00834625 
-0.00882421 
-0.00933634 
-0.00988957 
-0.0104885 
-0.0111341 
-0.0118231 
-0.0125474 
-0.0132935 
-0.0140432 
-0.0147744 
-0.015463 
-0.0160852 
-0.01662 
-0.0170508 
-0.0173668 
-0.0175632 
-0.0176396 
-0.0175986 
-0.017447 
-0.0171876 
-0.016844 
-0.0164144 
-0.0159392 
-0.0154398 
-0.0149439 
-0.0144705 
-0.0140384 
-0.0136581 
-0.0133338 
-0.013061 
-0.0128279 
-0.0126179 
-0.0124163 
-0.0122204 
-0.0120532 
-0.0119686 
-0.0120385 
-0.0123295 
-0.0128709 
-0.0136243 
-0.0144463 
-0.0150834 
-0.0152634 
-0.0148229 
-0.0137546 
-0.0121496 
-0.0101264 
-0.0078612 
-0.00554397 
-0.00334232 
-0.00113123 
0.00113123 
0.000656713 
-0.000656713 
-0.00178845 
-0.0028737 
-0.00386782 
-0.00477463 
-0.00557693 
-0.0062905 
-0.00692248 
-0.00749643 
-0.00802923 
-0.00854201 
-0.00905043 
-0.00957024 
-0.0101141 
-0.010694 
-0.0113196 
-0.0119986 
-0.0127353 
-0.0135298 
-0.0143769 
-0.0152656 
-0.0161789 
-0.0170943 
-0.0179856 
-0.0188246 
-0.0195843 
-0.0202408 
-0.0207758 
-0.0211772 
-0.0214388 
-0.0215594 
-0.0215422 
-0.0213904 
-0.021125 
-0.0207435 
-0.0202827 
-0.0197628 
-0.0192087 
-0.0186381 
-0.0180678 
-0.0175068 
-0.0169584 
-0.016419 
-0.0158804 
-0.015334 
-0.0147786 
-0.0142294 
-0.0137263 
-0.0133317 
-0.0131136 
-0.0131254 
-0.0133799 
-0.0138194 
-0.0142893 
-0.0145615 
-0.0144301 
-0.0137986 
-0.0126723 
-0.01109 
-0.00909626 
-0.00695626 
-0.00483294 
-0.00288775 
-0.000969121 
0.000969121 
0.000719909 
-0.000719909 
-0.00196337 
-0.00315436 
-0.0042484 
-0.00525485 
-0.00615439 
-0.00696285 
-0.00768431 
-0.00834109 
-0.00894863 
-0.00952807 
-0.0100956 
-0.0106681 
-0.0112599 
-0.011885 
-0.0125555 
-0.013282 
-0.0140721 
-0.0149294 
-0.0158526 
-0.016834 
-0.0178594 
-0.018908 
-0.0199531 
-0.0209644 
-0.0219102 
-0.0227606 
-0.0234897 
-0.0240778 
-0.0245122 
-0.0247865 
-0.0249001 
-0.0248546 
-0.0246682 
-0.0243369 
-0.023894 
-0.0233578 
-0.0227497 
-0.0220856 
-0.0213801 
-0.0206415 
-0.0198735 
-0.0190755 
-0.0182456 
-0.0173854 
-0.0165075 
-0.0156411 
-0.0148357 
-0.0141537 
-0.013654 
-0.0133765 
-0.013319 
-0.0134119 
-0.0135086 
-0.0134269 
-0.013031 
-0.0122772 
-0.0111659 
-0.00966548 
-0.00773037 
-0.00579701 
-0.00395382 
-0.00233622 
-0.000775231 
0.000775231 
0.000773438 
-0.000773438 
-0.00210958 
-0.00338873 
-0.00456695 
-0.00565981 
-0.00664617 
-0.00754176 
-0.00834719 
-0.00908257 
-0.00976094 
-0.0104023 
-0.0110223 
-0.0116382 
-0.0122649 
-0.0129179 
-0.013611 
-0.0143572 
-0.0151672 
-0.0160481 
-0.0170025 
-0.018027 
-0.0191112 
-0.0202375 
-0.0213814 
-0.0225125 
-0.0235969 
-0.0246002 
-0.02549 
-0.0262394 
-0.026828 
-0.0272432 
-0.0274793 
-0.027535 
-0.027425 
-0.0271435 
-0.0267203 
-0.0261706 
-0.025513 
-0.024761 
-0.0239281 
-0.0230225 
-0.0220499 
-0.0210144 
-0.0199216 
-0.0187836 
-0.0176238 
-0.0164803 
-0.0154049 
-0.0144542 
-0.0136765 
-0.0130984 
-0.0127055 
-0.0124257 
-0.0121358 
-0.0117085 
-0.011073 
-0.0102278 
-0.00917241 
-0.00781129 
-0.00598845 
-0.00436183 
-0.00289633 
-0.00168271 
-0.000548532 
0.000548532 
0.000816533 
-0.000816533 
-0.00222461 
-0.00357211 
-0.00481601 
-0.00597888 
-0.00703844 
-0.0080106 
-0.00889251 
-0.00970151 
-0.0104474 
-0.0111481 
-0.0118175 
-0.0124721 
-0.0131267 
-0.0137968 
-0.0144973 
-0.0152427 
-0.0160461 
-0.0169179 
-0.0178642 
-0.0188862 
-0.0199781 
-0.0211268 
-0.0223114 
-0.0235043 
-0.024672 
-0.0257781 
-0.0267859 
-0.027662 
-0.0283787 
-0.0289161 
-0.0292621 
-0.0294106 
-0.029372 
-0.0291382 
-0.0287353 
-0.0281755 
-0.0274746 
-0.0266447 
-0.0256982 
-0.0246446 
-0.0234928 
-0.022252 
-0.0209352 
-0.0195629 
-0.0181656 
-0.0167848 
-0.0154695 
-0.014268 
-0.0132172 
-0.0123312 
-0.0115875 
-0.01092 
-0.0102379 
-0.00946723 
-0.0085897 
-0.00763361 
-0.00662128 
-0.00541539 
-0.00385278 
-0.00265153 
-0.00166656 
-0.000932139 
-0.000291366 
0.000291366 
0.000848534 
-0.000848534 
-0.00230647 
-0.00370059 
-0.00498911 
-0.00620231 
-0.00731772 
-0.0083522 
-0.0092998 
-0.0101751 
-0.0109844 
-0.0117425 
-0.0124607 
-0.0131537 
-0.0138346 
-0.0145181 
-0.015219 
-0.0159521 
-0.0167318 
-0.0175708 
-0.0184788 
-0.0194607 
-0.0205158 
-0.0216361 
-0.0228057 
-0.0240014 
-0.0251929 
-0.0263447 
-0.0274187 
-0.0283776 
-0.0291872 
-0.0298205 
-0.0302579 
-0.0304874 
-0.0305132 
-0.0303243 
-0.0299431 
-0.0293784 
-0.0286438 
-0.0277503 
-0.0267105 
-0.0255354 
-0.0242373 
-0.0228305 
-0.021334 
-0.0197736 
-0.0181833 
-0.0166036 
-0.0150781 
-0.0136457 
-0.012332 
-0.0111404 
-0.0100446 
-0.00899102 
-0.00792283 
-0.00680919 
-0.00566943 
-0.00454623 
-0.00350105 
-0.00233835 
-0.00136691 
-0.000703327 
-0.000296863 
-0.000104718 
-1.11345e-05 
1.11345e-05 
0.00086908 
-0.00086908 
-0.00235427 
-0.00377232 
-0.00508272 
-0.00632391 
-0.00747424 
-0.00855256 
-0.00955076 
-0.0104813 
-0.0113468 
-0.0121589 
-0.0129257 
-0.0136589 
-0.0143692 
-0.015069 
-0.0157713 
-0.01649 
-0.0172395 
-0.0180335 
-0.0188841 
-0.0197998 
-0.0207843 
-0.0218347 
-0.0229409 
-0.0240852 
-0.0252423 
-0.0263805 
-0.0274635 
-0.0284529 
-0.0293112 
-0.0300054 
-0.0305089 
-0.0308025 
-0.0308833 
-0.030736 
-0.0303782 
-0.0298155 
-0.0290597 
-0.0281211 
-0.0270125 
-0.0257471 
-0.02434 
-0.0228095 
-0.0211786 
-0.0194759 
-0.0177355 
-0.0159949 
-0.0142907 
-0.0126523 
-0.0110952 
-0.00961458 
-0.00818483 
-0.00676864 
-0.00534149 
-0.00390979 
-0.00251197 
-0.00118479 
-2.11059e-05 
0.00101696 
0.00130713 
0.00136485 
0.00115302 
0.000762378 
0.000278892 
-0.000278892 
0.000878368 
-0.000878368 
-0.0023691 
-0.003789 
-0.00509853 
-0.00634423 
-0.00750612 
-0.00860615 
-0.00963533 
-0.010605 
-0.0115148 
-0.0123737 
-0.0131864 
-0.0139612 
-0.0147056 
-0.0154285 
-0.0161398 
-0.0168508 
-0.0175739 
-0.0183225 
-0.0191095 
-0.0199458 
-0.020839 
-0.0217912 
-0.0227978 
-0.023847 
-0.0249195 
-0.0259893 
-0.0270243 
-0.0279885 
-0.0288443 
-0.0295557 
-0.030091 
-0.0304244 
-0.0305453 
-0.0304337 
-0.0301006 
-0.0295477 
-0.0287849 
-0.0278217 
-0.0266714 
-0.0253485 
-0.0238707 
-0.0222587 
-0.0205376 
-0.0187366 
-0.0168881 
-0.015025 
-0.0131769 
-0.0113644 
-0.00959453 
-0.00785793 
-0.00613386 
-0.00440468 
-0.00267574 
-0.000965275 
0.000673778 
0.00217022 
0.0033852 
0.00408071 
0.00390078 
0.00338837 
0.00258884 
0.00161834 
0.000562979 
-0.000562979 
0.000877155 
-0.000877155 
-0.00235446 
-0.003757 
-0.00504548 
-0.00627373 
-0.00742386 
-0.00852179 
-0.00955898 
-0.010547 
-0.0114839 
-0.0123766 
-0.0132271 
-0.0140407 
-0.0148212 
-0.0155739 
-0.0163042 
-0.0170196 
-0.0177286 
-0.0184419 
-0.0191713 
-0.0199287 
-0.0207242 
-0.0215641 
-0.0224494 
-0.0233741 
-0.0243252 
-0.0252828 
-0.0262206 
-0.0271076 
-0.0279093 
-0.0285903 
-0.0291168 
-0.0294588 
-0.0295981 
-0.0295106 
-0.0291987 
-0.0286606 
-0.0279032 
-0.026935 
-0.025769 
-0.0244206 
-0.0229086 
-0.021255 
-0.0194853 
-0.0176278 
-0.015712 
-0.0137659 
-0.0118122 
-0.0098642 
-0.00792309 
-0.00597846 
-0.00401914 
-0.00204533 
-7.02599e-05 
0.0018821 
0.00370723 
0.00527062 
0.00637601 
0.0067353 
0.00619893 
0.00521742 
0.00390469 
0.00240758 
0.000825248 
-0.000825248 
0.000867242 
-0.000867242 
-0.00231694 
-0.00368825 
-0.00494111 
-0.0061349 
-0.00725368 
-0.00832755 
-0.00934951 
-0.0103326 
-0.0112749 
-0.0121824 
-0.0130556 
-0.0138977 
-0.0147097 
-0.0154931 
-0.0162493 
-0.0169806 
-0.0176908 
-0.0183856 
-0.0190734 
-0.0197643 
-0.0204691 
-0.0211972 
-0.0219542 
-0.0227404 
-0.0235488 
-0.0243658 
-0.0251714 
-0.0259403 
-0.026643 
-0.0272477 
-0.0277221 
-0.0280349 
-0.0281637 
-0.0280815 
-0.027782 
-0.0272589 
-0.0265154 
-0.0255582 
-0.0243992 
-0.0230535 
-0.0215401 
-0.0198808 
-0.0181005 
-0.0162254 
-0.0142815 
-0.0122917 
-0.010273 
-0.00823305 
-0.00616995 
-0.00407546 
-0.00194947 
0.000208018 
0.00238199 
0.004502 
0.00640951 
0.00793523 
0.00885035 
0.00893217 
0.00811247 
0.00676126 
0.0050318 
0.0030899 
0.00105294 
-0.00105294 
0.000849732 
-0.000849732 
-0.00226525 
-0.00359964 
-0.00481094 
-0.00596195 
-0.0070378 
-0.00807213 
-0.00905999 
-0.0100168 
-0.0109416 
-0.011841 
-0.0127155 
-0.0135675 
-0.0143962 
-0.0152012 
-0.0159802 
-0.0167315 
-0.0174532 
-0.0181457 
-0.0188114 
-0.0194559 
-0.0200877 
-0.0207167 
-0.0213519 
-0.0219989 
-0.0226576 
-0.0233208 
-0.0239748 
-0.0246 
-0.0251727 
-0.0256662 
-0.026052 
-0.026301 
-0.0263886 
-0.0262873 
-0.0259835 
-0.0254677 
-0.0247392 
-0.023802 
-0.022666 
-0.0213451 
-0.0198571 
-0.0182226 
-0.0164645 
-0.0146063 
-0.0126701 
-0.0106745 
-0.00863142 
-0.006545 
-0.00441212 
-0.00223004 
2.58662e-06 
0.00229132 
0.00458843 
0.00677985 
0.00867962 
0.0100981 
0.0108044 
0.0106516 
0.00960834 
0.00797978 
0.00593305 
0.00364147 
0.00123817 
-0.00123817 
0.000829075 
-0.000829075 
-0.00221179 
-0.00351218 
-0.00468637 
-0.0057973 
-0.00683009 
-0.00782018 
-0.00876445 
-0.00968063 
-0.0105694 
-0.0114391 
-0.0122909 
-0.0131278 
-0.0139494 
-0.0147545 
-0.0155396 
-0.0163004 
-0.0170313 
-0.0177273 
-0.0183848 
-0.0190028 
-0.0195843 
-0.0201358 
-0.0206665 
-0.0211856 
-0.0216994 
-0.0222081 
-0.0227049 
-0.023176 
-0.0236026 
-0.0239629 
-0.0242331 
-0.0243882 
-0.024405 
-0.0242592 
-0.0239324 
-0.0234123 
-0.0226943 
-0.02178 
-0.0206764 
-0.0193953 
-0.0179524 
-0.0163661 
-0.0146566 
-0.012844 
-0.0109469 
-0.00897953 
-0.00695051 
-0.0048615 
-0.00271082 
-0.000495769 
0.0017942 
0.00414513 
0.00647856 
0.00865707 
0.0104794 
0.011749 
0.0122566 
0.011905 
0.0106987 
0.00887215 
0.00660136 
0.00405533 
0.00137829 
-0.00137829 
0.000814718 
-0.000814718 
-0.00217006 
-0.00344845 
-0.00459982 
-0.00568467 
-0.0066866 
-0.00764055 
-0.00854439 
-0.00941713 
-0.0102611 
-0.0110861 
-0.0118949 
-0.012692 
-0.0134781 
-0.0142534 
-0.0150152 
-0.0157591 
-0.0164787 
-0.0171664 
-0.0178139 
-0.0184142 
-0.0189629 
-0.0194597 
-0.0199092 
-0.02032 
-0.0207021 
-0.0210632 
-0.0214048 
-0.0217208 
-0.0219978 
-0.0222181 
-0.022362 
-0.0224088 
-0.0223378 
-0.0221274 
-0.0217582 
-0.0212178 
-0.0204998 
-0.0196037 
-0.0185339 
-0.0172996 
-0.0159134 
-0.0143909 
-0.0127489 
-0.0110041 
-0.00917138 
-0.0072615 
-0.00528052 
-0.00322897 
-0.00110608 
0.00110005 
0.00339072 
0.00573017 
0.0080238 
0.0101203 
0.0118157 
0.0129181 
0.0132482 
0.0127364 
0.0114147 
0.00946005 
0.00704764 
0.00433609 
0.00147442 
-0.00147442 
0.000810941 
-0.000810941 
-0.00215368 
-0.00342821 
-0.0045789 
-0.00566012 
-0.00665328 
-0.00759029 
-0.0084689 
-0.00930789 
-0.0101105 
-0.0108874 
-0.0116426 
-0.0123821 
-0.0131084 
-0.0138238 
-0.0145279 
-0.0152188 
-0.015892 
-0.0165405 
-0.0171555 
-0.0177268 
-0.0182442 
-0.0186998 
-0.0190901 
-0.0194173 
-0.0196895 
-0.0199177 
-0.0201122 
-0.0202766 
-0.0204057 
-0.0204861 
-0.0205003 
-0.02043 
-0.0202576 
-0.0199679 
-0.0195434 
-0.0189713 
-0.0182445 
-0.017361 
-0.016323 
-0.0151372 
-0.0138132 
-0.0123634 
-0.0108012 
-0.00913976 
-0.00739057 
-0.0055617 
-0.00365708 
-0.00167721 
0.000384743 
0.00253955 
0.0047725 
0.00703642 
0.00922737 
0.0111893 
0.012726 
0.0136569 
0.0138325 
0.0131988 
0.0118039 
0.00978017 
0.00729609 
0.00449679 
0.00153059 
-0.00153059 
0.000815903 
-0.000815903 
-0.00217623 
-0.00346546 
-0.00464172 
-0.00574488 
-0.00675571 
-0.00770058 
-0.00857639 
-0.00940017 
-0.0101751 
-0.0109117 
-0.0116147 
-0.0122909 
-0.0129443 
-0.0135792 
-0.0141979 
-0.0148018 
-0.0153898 
-0.0159588 
-0.0165027 
-0.0170129 
-0.0174779 
-0.0178855 
-0.0182244 
-0.0184873 
-0.0186732 
-0.0187892 
-0.018848 
-0.0188633 
-0.0188428 
-0.0187833 
-0.018672 
-0.0184911 
-0.0182232 
-0.0178536 
-0.0173666 
-0.0167517 
-0.0160043 
-0.0151234 
-0.0141106 
-0.0129698 
-0.0117079 
-0.0103338 
-0.00885771 
-0.00728939 
-0.00563733 
-0.00390714 
-0.00210165 
-0.000217516 
0.00175579 
0.00381576 
0.00594063 
0.00807647 
0.0101162 
0.011907 
0.0132668 
0.0140303 
0.0140734 
0.0133511 
0.0119194 
0.00987539 
0.0073768 
0.0045548 
0.00155238 
-0.00155238 
0.000829936 
-0.000829936 
-0.00223539 
-0.00356694 
-0.00479293 
-0.00594239 
-0.00699526 
-0.00797196 
-0.00886776 
-0.0096971 
-0.0104624 
-0.0111733 
-0.0118344 
-0.0124526 
-0.0130331 
-0.0135812 
-0.0141015 
-0.0145979 
-0.0150731 
-0.0155281 
-0.0159619 
-0.0163702 
-0.0167455 
-0.0170769 
-0.0173508 
-0.0175531 
-0.0176726 
-0.0177044 
-0.0176532 
-0.0175332 
-0.0173626 
-0.0171548 
-0.0169099 
-0.0166134 
-0.0162445 
-0.015787 
-0.0152326 
-0.0145717 
-0.0138009 
-0.0129201 
-0.0119294 
-0.0108313 
-0.00963028 
-0.00833261 
-0.00694552 
-0.00547606 
-0.00393015 
-0.00231152 
-0.000620003 
0.00115274 
0.00300713 
0.00493515 
0.00691169 
0.00887926 
0.0107334 
0.0123301 
0.0135049 
0.0141091 
0.0140393 
0.0132553 
0.0118153 
0.00979057 
0.00732248 
0.00452955 
0.00154615 
-0.00154615 
0.000854582 
-0.000854582 
-0.00232631 
-0.00373093 
-0.00502548 
-0.00624133 
-0.00735489 
-0.00838197 
-0.00931577 
-0.0101678 
-0.0109395 
-0.0116392 
-0.0122711 
-0.0128422 
-0.0133578 
-0.0138241 
-0.0142471 
-0.0146323 
-0.0149851 
-0.0153096 
-0.0156089 
-0.0158838 
-0.0161325 
-0.0163494 
-0.0165251 
-0.0166461 
-0.0166965 
-0.0166609 
-0.0165293 
-0.0163018 
-0.015992 
-0.0156237 
-0.0152207 
-0.0147929 
-0.0143282 
-0.0138004 
-0.0131877 
-0.0124772 
-0.0116724 
-0.0107803 
-0.00980376 
-0.00874265 
-0.00759868 
-0.00637554 
-0.00507769 
-0.00370974 
-0.00227541 
-0.000775286 
0.000795214 
0.00243749 
0.00414717 
0.00591479 
0.00771293 
0.00948417 
0.0111307 
0.0125212 
0.0135097 
0.0139646 
0.0137978 
0.0129738 
0.0115416 
0.00956837 
0.00716485 
0.00444032 
0.00151837 
-0.00151837 
0.000888472 
-0.000888472 
-0.00244546 
-0.00394184 
-0.00532508 
-0.00662292 
-0.00780998 
-0.00890021 
-0.00988418 
-0.0107706 
-0.0115598 
-0.0122587 
-0.0128713 
-0.0134044 
-0.0138639 
-0.0142567 
-0.0145897 
-0.01487 
-0.0151043 
-0.0152989 
-0.0154593 
-0.0155898 
-0.0156927 
-0.0157681 
-0.0158128 
-0.0158197 
-0.0157769 
-0.0156689 
-0.0154779 
-0.0151884 
-0.0147934 
-0.0143005 
-0.0137345 
-0.0131289 
-0.0125082 
-0.0118665 
-0.0111745 
-0.0104064 
-0.00957049 
-0.00867683 
-0.00772026 
-0.00669795 
-0.00561131 
-0.00446224 
-0.00325394 
-0.00198874 
-0.00066759 
0.000712314 
0.00215067 
0.00364525 
0.0051914 
0.0067782 
0.00837771 
0.00993537 
0.0113627 
0.0125429 
0.0133487 
0.0136647 
0.0134144 
0.0125662 
0.0111573 
0.00925153 
0.00693597 
0.00430594 
0.00147536 
-0.00147536 
0.000930047 
-0.000930047 
-0.00258856 
-0.0041884 
-0.00567805 
-0.00706894 
-0.00834057 
-0.00950265 
-0.0105453 
-0.0114739 
-0.0122874 
-0.0129916 
-0.0135903 
-0.0140903 
-0.0144982 
-0.0148223 
-0.0150705 
-0.0152517 
-0.0153742 
-0.0154458 
-0.0154736 
-0.0154637 
-0.0154206 
-0.0153473 
-0.0152447 
-0.0151111 
-0.0149416 
-0.0147273 
-0.0144548 
-0.0141068 
-0.0136644 
-0.0131123 
-0.0124466 
-0.0116836 
-0.0108644 
-0.0100376 
-0.00924022 
-0.00843181 
-0.00754991 
-0.00663131 
-0.00568359 
-0.00469593 
-0.00366347 
-0.00258674 
-0.0014664 
-0.000302236 
0.000906461 
0.00215922 
0.00345409 
0.00478896 
0.00615885 
0.00755193 
0.00894128 
0.0102771 
0.0114815 
0.0124533 
0.0130827 
0.0132695 
0.0129463 
0.012084 
0.0107085 
0.00887693 
0.00666436 
0.00414352 
0.00142276 
-0.00142276 
0.00097844 
-0.00097844 
-0.00275147 
-0.00446641 
-0.00607103 
-0.00756777 
-0.00893415 
-0.0101765 
-0.0112855 
-0.0122627 
-0.013106 
-0.0138194 
-0.0144066 
-0.0148746 
-0.0152313 
-0.0154862 
-0.0156495 
-0.0157321 
-0.0157445 
-0.0156966 
-0.0155973 
-0.0154541 
-0.0152727 
-0.0150575 
-0.0148106 
-0.0145327 
-0.0142223 
-0.0138759 
-0.0134877 
-0.0130488 
-0.0125475 
-0.0119691 
-0.0112974 
-0.0105179 
-0.00962593 
-0.00863278 
-0.00757523 
-0.00650028 
-0.00548802 
-0.00456444 
-0.0036539 
-0.00270894 
-0.00173441 
-0.000729932 
0.000303221 
0.00136557 
0.00245577 
0.00357322 
0.00471668 
0.00588402 
0.00707001 
0.00826271 
0.00943732 
0.0105499 
0.0115338 
0.0123029 
0.0127636 
0.0128297 
0.0124413 
0.0115704 
0.0102332 
0.00847724 
0.00637047 
0.00396677 
0.00136517 
-0.00136517 
0.00103266 
-0.00103266 
-0.00293119 
-0.0047715 
-0.00649972 
-0.00811398 
-0.00958555 
-0.0109188 
-0.0121016 
-0.0131348 
-0.0140135 
-0.01474 
-0.0153175 
-0.0157531 
-0.016056 
-0.0162378 
-0.0163115 
-0.0162906 
-0.0161887 
-0.0160186 
-0.0157914 
-0.0155165 
-0.0152013 
-0.0148506 
-0.0144672 
-0.014052 
-0.0136038 
-0.0131198 
-0.0125957 
-0.0120258 
-0.0114033 
-0.0107202 
-0.00996672 
-0.0091307 
-0.00819866 
-0.00715577 
-0.00600949 
-0.00480182 
-0.00367218 
-0.00264015 
-0.00168756 
-0.000751087 
0.000182372 
0.00112126 
0.00206765 
0.00302352 
0.00398934 
0.00496578 
0.00595231 
0.00694718 
0.00794531 
0.00893554 
0.00989588 
0.0107887 
0.0115584 
0.0121326 
0.0124331 
0.0123855 
0.0119368 
0.0110591 
0.00976171 
0.00807824 
0.00607108 
0.00378757 
0.00130656 
-0.00130656 
0.00109171 
-0.00109171 
-0.00312535 
-0.00510045 
-0.00696253 
-0.0087031 
-0.0102929 
-0.0117269 
-0.012994 
-0.0140916 
-0.015013 
-0.0157579 
-0.0163282 
-0.016731 
-0.0169769 
-0.01708 
-0.0170565 
-0.016924 
-0.0166997 
-0.0164 
-0.0160393 
-0.0156294 
-0.0151793 
-0.0146951 
-0.0141802 
-0.0136354 
-0.0130595 
-0.0124493 
-0.0118007 
-0.0111085 
-0.0103676 
-0.00957367 
-0.00872417 
-0.00781958 
-0.00686665 
-0.00587554 
-0.00485932 
-0.0038038 
-0.00266482 
-0.00138419 
-0.000149708 
0.000961668 
0.00196958 
0.00290825 
0.0038007 
0.00466503 
0.00551147 
0.00634685 
0.00717438 
0.00799448 
0.00880359 
0.00959226 
0.010342 
0.0110215 
0.0115853 
0.0119738 
0.012122 
0.0119665 
0.0114602 
0.0105747 
0.00931412 
0.00769874 
0.00578491 
0.0036115 
0.00125142 
-0.00125142 
0.0011543 
-0.0011543 
-0.00333039 
-0.00544836 
-0.0074532 
-0.00933064 
-0.0110489 
-0.0125971 
-0.0139603 
-0.0151329 
-0.0161066 
-0.0168771 
-0.0174446 
-0.0178154 
-0.0180014 
-0.0180194 
-0.0178897 
-0.0176349 
-0.0172772 
-0.0168378 
-0.0163349 
-0.0157833 
-0.0151942 
-0.0145748 
-0.013929 
-0.0132576 
-0.0125586 
-0.0118286 
-0.0110627 
-0.0102559 
-0.0094036 
-0.00850267 
-0.00755237 
-0.00655466 
-0.00551564 
-0.00444468 
-0.00335595 
-0.00226061 
-0.0011406 
4.27654e-05 
0.00127661 
0.00245953 
0.00355057 
0.00453792 
0.00542956 
0.00624356 
0.00699788 
0.00770806 
0.0083849 
0.00903461 
0.00965793 
0.0102492 
0.0107944 
0.0112688 
0.0116361 
0.0118483 
0.0118519 
0.0115929 
0.01103 
0.0101343 
0.00890506 
0.00735256 
0.00552279 
0.0034472 
0.00119942 
-0.00119942 
0.00121862 
-0.00121862 
-0.0035413 
-0.00580764 
-0.00796226 
-0.00998593 
-0.0118436 
-0.01352 
-0.0149927 
-0.0162538 
-0.0172909 
-0.0180972 
-0.0186686 
-0.0190102 
-0.0191344 
-0.0190612 
-0.0188156 
-0.0184264 
-0.0179223 
-0.0173305 
-0.0166745 
-0.015973 
-0.0152393 
-0.014482 
-0.0137051 
-0.0129088 
-0.0120901 
-0.0112442 
-0.0103649 
-0.00944599 
-0.0084823 
-0.00747067 
-0.00641104 
-0.00530692 
-0.00416656 
-0.00300223 
-0.00183085 
-0.000669303 
0.000476841 
0.001585 
0.00269332 
0.00382704 
0.00492617 
0.00594811 
0.00686439 
0.00767099 
0.00837697 
0.0089985 
0.00955199 
0.0100507 
0.0105025 
0.0109079 
0.0112596 
0.0115402 
0.0117222 
0.0117679 
0.0116343 
0.0112759 
0.0106563 
0.00974669 
0.00854242 
0.00704529 
0.00529109 
0.00330445 
0.00114902 
-0.00114902 
0.00128212 
-0.00128212 
-0.0037508 
-0.0061669 
-0.00847507 
-0.0106521 
-0.0126596 
-0.0144761 
-0.016075 
-0.0174385 
-0.018553 
-0.0194076 
-0.019993 
-0.0203111 
-0.0203744 
-0.0202052 
-0.0198345 
-0.019298 
-0.0186329 
-0.0178744 
-0.0170527 
-0.0161914 
-0.0153069 
-0.0144088 
-0.013501 
-0.0125824 
-0.0116483 
-0.0106915 
-0.00970371 
-0.00867679 
-0.00760421 
-0.00648222 
-0.00531097 
-0.00409516 
-0.00284457 
-0.00157509 
-0.000308004 
0.000930481 
0.00212412 
0.00327574 
0.00437278 
0.00541205 
0.00640235 
0.00733704 
0.00819487 
0.00895679 
0.00961289 
0.010165 
0.0106226 
0.0109985 
0.0113042 
0.0115461 
0.0117238 
0.0118279 
0.0118399 
0.0117317 
0.0114699 
0.0110168 
0.0103409 
0.00941395 
0.00822828 
0.00677823 
0.00509183 
0.00318214 
0.00110932 
-0.00110932 
0.00134132 
-0.00134132 
-0.00394859 
-0.00650957 
-0.00896945 
-0.0113025 
-0.0134666 
-0.0154346 
-0.0171731 
-0.0186568 
-0.0198643 
-0.0207819 
-0.0213947 
-0.0216989 
-0.0217058 
-0.0214398 
-0.0209372 
-0.0202419 
-0.0194014 
-0.0184609 
-0.0174597 
-0.0164282 
-0.0153865 
-0.0143455 
-0.0133084 
-0.0122719 
-0.0112286 
-0.0101678 
-0.00907785 
-0.00794756 
-0.00676777 
-0.00553291 
-0.00424241 
-0.00290135 
-0.00152161 
-0.000125999 
0.00125546 
0.00259093 
0.00385985 
0.00504229 
0.00611683 
0.00709063 
0.00797638 
0.00878439 
0.00951681 
0.0101676 
0.0107275 
0.0111898 
0.0115538 
0.0118243 
0.0120092 
0.0121157 
0.0121472 
0.0121004 
0.0119647 
0.0117208 
0.0113442 
0.0108044 
0.0100751 
0.00912908 
0.00795694 
0.00654676 
0.00491987 
0.00307843 
0.00107815 
-0.00107815 
0.00139163 
-0.00139163 
-0.00412088 
-0.00681306 
-0.00941453 
-0.0118989 
-0.0142204 
-0.0163462 
-0.0182354 
-0.0198551 
-0.0211725 
-0.0221681 
-0.0228242 
-0.0231284 
-0.0230892 
-0.0227316 
-0.0220965 
-0.0212362 
-0.0202092 
-0.0190733 
-0.0178797 
-0.0166677 
-0.0154632 
-0.0142786 
-0.0131159 
-0.0119689 
-0.0108259 
-0.00967173 
-0.00848993 
-0.00726496 
-0.00598401 
-0.00463877 
-0.00322745 
-0.00175487 
-0.00023698 
0.001295 
0.00280528 
0.00425929 
0.00562338 
0.00686931 
0.00797461 
0.00892649 
0.00972951 
0.010402 
0.0109651 
0.0114363 
0.0118254 
0.0121352 
0.0123645 
0.0125123 
0.0125792 
0.0125671 
0.0124773 
0.0123077 
0.012052 
0.011697 
0.011225 
0.0106122 
0.00983713 
0.00887453 
0.0077141 
0.00633917 
0.0047654 
0.0029853 
0.00104909 
-0.00104909 
0.00142728 
-0.00142728 
-0.00425009 
-0.00704802 
-0.0097693 
-0.012389 
-0.0148585 
-0.0171398 
-0.0191842 
-0.0209486 
-0.022392 
-0.0234784 
-0.0241939 
-0.0245155 
-0.0244467 
-0.024012 
-0.0232547 
-0.022234 
-0.0210189 
-0.0196811 
-0.0182862 
-0.0168866 
-0.0155159 
-0.0141899 
-0.0129089 
-0.0116628 
-0.0104342 
-0.0092018 
-0.00794276 
-0.00663585 
-0.00526329 
-0.00381301 
-0.00228134 
-0.000672835 
0.000990191 
0.00266963 
0.00432607 
0.00591437 
0.00739059 
0.00871611 
0.00985884 
0.0107987 
0.0115348 
0.0120917 
0.0124939 
0.0127703 
0.0129496 
0.0130535 
0.0130948 
0.0130784 
0.013004 
0.0128685 
0.0126681 
0.0123969 
0.0120476 
0.0116086 
0.0110658 
0.0103998 
0.00959298 
0.00862209 
0.00747687 
0.00613741 
0.00461476 
0.00289395 
0.00101954 
-0.00101954 
0.00144143 
-0.00144143 
-0.00431501 
-0.00717843 
-0.00998247 
-0.012706 
-0.0152986 
-0.0177183 
-0.0199088 
-0.0218163 
-0.0233886 
-0.0245788 
-0.0253643 
-0.0257222 
-0.0256465 
-0.0251607 
-0.0243074 
-0.0231491 
-0.0217622 
-0.0202311 
-0.0186376 
-0.0170504 
-0.0155158 
-0.0140552 
-0.0126685 
-0.0113403 
-0.0100463 
-0.00875718 
-0.0074421 
-0.00607278 
-0.00462531 
-0.00308343 
-0.00144098 
0.000294152 
0.00209579 
0.00391803 
0.00571591 
0.00743526 
0.00902612 
0.0104427 
0.0116462 
0.0126103 
0.0133178 
0.013787 
0.0140478 
0.0141356 
0.0140935 
0.0139621 
0.0137737 
0.0135486 
0.0132953 
0.0130127 
0.0126938 
0.0123278 
0.0119025 
0.0114031 
0.0108149 
0.0101193 
0.00930016 
0.00833568 
0.00721562 
0.00591818 
0.00445085 
0.0027936 
0.000985749 
-0.000985749 
0.00142644 
-0.00142644 
-0.00429159 
-0.00716279 
-0.00999375 
-0.0127698 
-0.0154397 
-0.0179597 
-0.0202664 
-0.0222969 
-0.0239861 
-0.0252829 
-0.0261385 
-0.0265473 
-0.0264906 
-0.0259913 
-0.0250877 
-0.0238402 
-0.022326 
-0.0206367 
-0.0188686 
-0.0171093 
-0.0154234 
-0.0138433 
-0.0123705 
-0.0109848 
-0.00965322 
-0.00833669 
-0.0069948 
-0.00559094 
-0.00409431 
-0.00248454 
-0.000754557 
0.00108312 
0.00299562 
0.00493227 
0.00684136 
0.00866613 
0.0103544 
0.0118566 
0.0131288 
0.014134 
0.0148463 
0.0152639 
0.0154237 
0.0153594 
0.015123 
0.0147688 
0.0143466 
0.0138955 
0.0134396 
0.0129877 
0.0125359 
0.0120717 
0.0115781 
0.0110353 
0.010424 
0.00972272 
0.00891426 
0.00797617 
0.00689763 
0.00565567 
0.00425502 
0.00267291 
0.000944085 
-0.000944085 
0.00137434 
-0.00137434 
-0.00415449 
-0.00695667 
-0.00973757 
-0.0124911 
-0.0151671 
-0.0177225 
-0.0200892 
-0.0221978 
-0.0239712 
-0.0253552 
-0.0262682 
-0.0267306 
-0.0267169 
-0.0262495 
-0.0253605 
-0.0241014 
-0.0225404 
-0.020766 
-0.0188815 
-0.0169925 
-0.0151864 
-0.0135142 
-0.0119853 
-0.0105759 
-0.00924409 
-0.00793929 
-0.0066099 
-0.00521037 
-0.00370321 
-0.00206517 
-0.000292305 
0.00159721 
0.00356103 
0.00554703 
0.00750203 
0.00937306 
0.0111119 
0.0126703 
0.0140027 
0.0150627 
0.0158216 
0.0162389 
0.0163563 
0.0161991 
0.0158236 
0.0152939 
0.0146735 
0.0140181 
0.0133683 
0.0127469 
0.0121594 
0.0115968 
0.0110408 
0.0104673 
0.00985177 
0.00916775 
0.00839414 
0.00750604 
0.00649071 
0.00532412 
0.00400858 
0.00252059 
0.000890858 
-0.000890858 
0.0012776 
-0.0012776 
-0.00387931 
-0.00651676 
-0.00914905 
-0.0117806 
-0.0143639 
-0.0168602 
-0.0191998 
-0.0213106 
-0.0231059 
-0.0245212 
-0.0254741 
-0.0259752 
-0.0260223 
-0.0256332 
-0.0248371 
-0.0236692 
-0.0221789 
-0.0204369 
-0.0185397 
-0.0166025 
-0.0147359 
-0.0130185 
-0.011477 
-0.0100896 
-0.00880597 
-0.00756313 
-0.00629722 
-0.00495391 
-0.00349043 
-0.00188389 
-0.000137991 
0.00171985 
0.00364177 
0.00557844 
0.00748362 
0.00931515 
0.0110343 
0.0125985 
0.013963 
0.0150734 
0.0158992 
0.016361 
0.0164982 
0.0163236 
0.0158901 
0.0152665 
0.0145239 
0.0137298 
0.0129384 
0.0121859 
0.0114894 
0.0108478 
0.0102461 
0.00965964 
0.00906029 
0.0084169 
0.00770357 
0.00689175 
0.00596556 
0.00489975 
0.00369423 
0.00232613 
0.000822698 
-0.000822698 
0.00112986 
-0.00112986 
-0.00344538 
-0.00580599 
-0.00817202 
-0.01056 
-0.0129259 
-0.0152402 
-0.0174357 
-0.0194425 
-0.0211696 
-0.0225439 
-0.023494 
-0.0240025 
-0.0241139 
-0.0238421 
-0.023218 
-0.0222568 
-0.0209806 
-0.0194275 
-0.0176693 
-0.0158132 
-0.0139854 
-0.0122969 
-0.0108045 
-0.00949842 
-0.00832378 
-0.00720538 
-0.00606674 
-0.00484622 
-0.00349873 
-0.00200669 
-0.000385183 
0.00132712 
0.003085 
0.00484942 
0.00658895 
0.00827779 
0.00989002 
0.0113919 
0.0127407 
0.0138798 
0.0147738 
0.0153185 
0.0155304 
0.0154137 
0.0150113 
0.0143926 
0.0136307 
0.0127983 
0.0119568 
0.0111516 
0.0104097 
0.00973866 
0.00913033 
0.00856312 
0.00800899 
0.00743454 
0.00681018 
0.00610399 
0.00529662 
0.00436173 
0.00329664 
0.00208027 
0.000736589 
-0.000736589 
0.000926566 
-0.000926566 
-0.00283833 
-0.00479879 
-0.00676737 
-0.00877397 
-0.0107791 
-0.0127673 
-0.0146797 
-0.0164559 
-0.0180078 
-0.0192525 
-0.0201357 
-0.0206051 
-0.0207714 
-0.0206443 
-0.0202602 
-0.0196139 
-0.0186982 
-0.0175093 
-0.0160767 
-0.0144769 
-0.0128324 
-0.0112814 
-0.00992242 
-0.00877247 
-0.00778052 
-0.00686135 
-0.0059266 
-0.00491025 
-0.00376939 
-0.00249693 
-0.00112003 
0.000314577 
0.00177315 
0.00323678 
0.00469309 
0.00613477 
0.0075487 
0.0089113 
0.0101838 
0.0113135 
0.0122517 
0.0128977 
0.0132176 
0.0132196 
0.012929 
0.0124146 
0.0117457 
0.0109936 
0.0102198 
0.00947154 
0.00878055 
0.00816099 
0.00761157 
0.00711646 
0.0066512 
0.00618365 
0.00568323 
0.00511662 
0.00446181 
0.00369227 
0.0028028 
0.0017751 
0.00063008 
-0.00063008 
0.000665132 
-0.000665132 
-0.00205185 
-0.00348582 
-0.00492108 
-0.00640307 
-0.00789513 
-0.00940177 
-0.0108779 
-0.012282 
-0.01354 
-0.0145617 
-0.0153123 
-0.0156972 
-0.0159059 
-0.0159421 
-0.0158471 
-0.0155988 
-0.0151648 
-0.0145009 
-0.0135855 
-0.0124441 
-0.0111669 
-0.00989961 
-0.00878426 
-0.00788153 
-0.00715817 
-0.0065241 
-0.0058812 
-0.00516335 
-0.00433535 
-0.00340362 
-0.00240447 
-0.00137921 
-0.000346995 
0.000696745 
0.00176253 
0.00285832 
0.00398154 
0.00512015 
0.00624292 
0.00730725 
0.00825483 
0.00899898 
0.0094413 
0.00959897 
0.00948223 
0.00915982 
0.00869289 
0.00814401 
0.00756598 
0.00700019 
0.00647653 
0.00601114 
0.00560764 
0.00525642 
0.00493886 
0.0046274 
0.0042938 
0.0039064 
0.00344233 
0.00287675 
0.00220226 
0.00140461 
0.000501463 
-0.000501463 
0.00034391 
-0.00034391 
-0.00108723 
-0.00187589 
-0.00264746 
-0.00346847 
-0.00429935 
-0.00517031 
-0.00605416 
-0.00694239 
-0.00779339 
-0.0085147 
-0.00904598 
-0.00931773 
-0.00957784 
-0.00980223 
-0.0100312 
-0.01023 
-0.0103524 
-0.0103268 
-0.0100862 
-0.009596 
-0.00888839 
-0.00808217 
-0.0073469 
-0.00679808 
-0.00643904 
-0.0061841 
-0.00592889 
-0.00561236 
-0.00521205 
-0.00474735 
-0.00425572 
-0.00376012 
-0.00325792 
-0.00272614 
-0.0021385 
-0.00147696 
-0.000735891 
8.3547e-05 
0.000964396 
0.00187982 
0.0027692 
0.00357838 
0.00415632 
0.00450447 
0.00461616 
0.00456084 
0.00439391 
0.00416361 
0.00390648 
0.0036496 
0.00341448 
0.00321424 
0.00305441 
0.00293054 
0.00283062 
0.00273391 
0.00261736 
0.00245431 
0.00222341 
0.00190425 
0.00148758 
0.000965225 
0.000350285 
-0.000350285 
-4.06585e-05 
4.06585e-05 
5.09021e-05 
3.7885e-06 
6.44126e-06 
-4.19186e-05 
-8.79235e-05 
-0.000190412 
-0.000328937 
-0.000532817 
-0.000789384 
-0.0010521 
-0.00135899 
-0.00162744 
-0.0019943 
-0.00245531 
-0.00303408 
-0.00369754 
-0.00439743 
-0.00505612 
-0.0055806 
-0.00588439 
-0.00593086 
-0.00577472 
-0.00557652 
-0.00550125 
-0.00560802 
-0.0058297 
-0.00606053 
-0.00624948 
-0.00638979 
-0.00650868 
-0.00663419 
-0.00676529 
-0.00687574 
-0.00692894 
-0.00689243 
-0.00674169 
-0.00646252 
-0.00604833 
-0.00550386 
-0.00484325 
-0.00411409 
-0.00335034 
-0.00268309 
-0.00212015 
-0.00169301 
-0.0013718 
-0.00112276 
-0.000917929 
-0.000737916 
-0.000572045 
-0.000409571 
-0.000243015 
-6.70842e-05 
0.000117606 
0.000305711 
0.000484423 
0.000638119 
0.000747837 
0.000795747 
0.000768952 
0.000655868 
0.000457881 
0.000178467 
-0.000178467 
-0.000484979 
0.000484979 
0.00134642 
0.0021206 
0.00297352 
0.00377746 
0.00458823 
0.00533636 
0.00602857 
0.00661464 
0.00707406 
0.00735798 
0.00732268 
0.00700557 
0.00647426 
0.00573836 
0.00479984 
0.00368303 
0.00242977 
0.00110453 
-0.000197736 
-0.00135957 
-0.00228719 
-0.00295193 
-0.00345529 
-0.00398117 
-0.00465555 
-0.0054486 
-0.00625956 
-0.00705089 
-0.00783156 
-0.00862802 
-0.0094507 
-0.0102746 
-0.0110582 
-0.0117578 
-0.0123369 
-0.012766 
-0.0130231 
-0.0130928 
-0.0129701 
-0.0126595 
-0.0121883 
-0.0115793 
-0.0108935 
-0.0101181 
-0.00930968 
-0.00850586 
-0.00772793 
-0.00698147 
-0.00626693 
-0.00558663 
-0.00493965 
-0.00432395 
-0.00373555 
-0.00317226 
-0.00263344 
-0.00212314 
-0.00164825 
-0.00121781 
-0.000844277 
-0.000530596 
-0.000291647 
-0.000110323 
-7.77018e-06 
7.77018e-06 
-0.00097883 
0.00097883 
0.00277868 
0.00444518 
0.00619278 
0.00789016 
0.00957827 
0.0111885 
0.0127007 
0.0140472 
0.0151584 
0.015921 
0.0162162 
0.0159895 
0.0153377 
0.0143541 
0.0130741 
0.0115325 
0.00976898 
0.00783812 
0.00582053 
0.00382686 
0.00197827 
0.000373257 
-0.000985538 
-0.00224215 
-0.00358074 
-0.00503009 
-0.00650386 
-0.00797866 
-0.00947678 
-0.011015 
-0.0125834 
-0.0141385 
-0.0156306 
-0.0170136 
-0.0182486 
-0.0193025 
-0.0201477 
-0.0207618 
-0.0211285 
-0.0212359 
-0.0210783 
-0.0206404 
-0.0199084 
-0.0189121 
-0.0177274 
-0.016434 
-0.0151022 
-0.0137776 
-0.0124867 
-0.0112467 
-0.0100667 
-0.00895064 
-0.00789696 
-0.00690203 
-0.00596075 
-0.00506931 
-0.0042258 
-0.00342888 
-0.00268351 
-0.00198277 
-0.00134306 
-0.000732157 
-0.000206456 
0.000206456 
-0.00151553 
0.00151553 
0.00433297 
0.0069499 
0.0096057 
0.0121946 
0.0147326 
0.0171544 
0.0194113 
0.0214175 
0.0230667 
0.0242285 
0.0248036 
0.0247455 
0.024105 
0.0229777 
0.0214308 
0.0195213 
0.0172996 
0.0148218 
0.0121588 
0.00940585 
0.00668318 
0.00412204 
0.0018067 
-0.000303856 
-0.00239489 
-0.00456816 
-0.00676916 
-0.00898528 
-0.0112489 
-0.0135609 
-0.0158929 
-0.0181906 
-0.0204008 
-0.0224755 
-0.0243726 
-0.0260548 
-0.0274882 
-0.0286422 
-0.029487 
-0.0299894 
-0.0301104 
-0.0298021 
-0.0290231 
-0.0278447 
-0.0263509 
-0.0246438 
-0.022822 
-0.0209636 
-0.0191228 
-0.017335 
-0.0156214 
-0.0139932 
-0.0124532 
-0.0109979 
-0.00961956 
-0.00830832 
-0.00705468 
-0.00584841 
-0.0046866 
-0.00355532 
-0.00246985 
-0.00139406 
-0.000416805 
0.000416805 
-0.00208993 
0.00208993 
0.0059974 
0.00961222 
0.0131697 
0.0166126 
0.0199372 
0.0230809 
0.0259754 
0.0285229 
0.0306061 
0.0321021 
0.0329288 
0.0330489 
0.0324798 
0.0312979 
0.0295739 
0.0273758 
0.024764 
0.0217989 
0.0185502 
0.0151064 
0.0115809 
0.00811316 
0.0048336 
0.00178931 
-0.00112753 
-0.00406618 
-0.00703327 
-0.0100197 
-0.0130643 
-0.0161498 
-0.0192345 
-0.0222584 
-0.0251663 
-0.0279071 
-0.0304337 
-0.0327017 
-0.0346688 
-0.0362936 
-0.0375327 
-0.038337 
-0.0386541 
-0.0384369 
-0.0376513 
-0.0363706 
-0.0346747 
-0.0326739 
-0.0304796 
-0.0281905 
-0.0258823 
-0.0236087 
-0.0214046 
-0.0192901 
-0.0172734 
-0.0153533 
-0.0135211 
-0.0117637 
-0.0100663 
-0.00841287 
-0.00679464 
-0.00519531 
-0.00362896 
-0.00207001 
-0.000631342 
0.000631342 
-0.00269407 
0.00269407 
0.00775236 
0.0124032 
0.0168484 
0.0210873 
0.0251135 
0.0288714 
0.032287 
0.0352622 
0.0376858 
0.0394517 
0.0404883 
0.0407657 
0.0402882 
0.0391081 
0.0372817 
0.0348719 
0.0319418 
0.0285558 
0.0247853 
0.0207165 
0.0164583 
0.0121498 
0.00794679 
0.0039612 
0.000177131 
-0.00354023 
-0.00727898 
-0.0110327 
-0.01484 
-0.0186681 
-0.0224663 
-0.0261726 
-0.0297297 
-0.0330819 
-0.0361751 
-0.0389564 
-0.0413747 
-0.0433789 
-0.0449178 
-0.0459393 
-0.0463956 
-0.0462537 
-0.0454931 
-0.0441766 
-0.0423773 
-0.0402013 
-0.0377616 
-0.0351644 
-0.032498 
-0.0298296 
-0.0272059 
-0.024656 
-0.0221944 
-0.0198232 
-0.0175351 
-0.0153166 
-0.0131511 
-0.0110214 
-0.00891692 
-0.00682471 
-0.00476204 
-0.00272537 
-0.000839674 
0.000839674 
-0.00331364 
0.00331364 
0.00955908 
0.0152698 
0.0205904 
0.0255683 
0.0302119 
0.0344825 
0.038315 
0.0416228 
0.0443102 
0.0462881 
0.0474946 
0.0479012 
0.0475017 
0.0463297 
0.044427 
0.0418471 
0.0386495 
0.0348976 
0.0306632 
0.0260326 
0.0211131 
0.0160425 
0.0109866 
0.00610487 
0.00146288 
-0.00302054 
-0.00749613 
-0.01198 
-0.0164976 
-0.0210075 
-0.0254529 
-0.0297723 
-0.033906 
-0.0377939 
-0.0413754 
-0.0445904 
-0.0473807 
-0.0496902 
-0.0514657 
-0.0526588 
-0.0532315 
-0.0531647 
-0.0524495 
-0.051142 
-0.0493092 
-0.0470484 
-0.0444667 
-0.0416688 
-0.0387466 
-0.0357743 
-0.0328063 
-0.0298789 
-0.0270123 
-0.0242131 
-0.0214775 
-0.0187945 
-0.0161503 
-0.0135308 
-0.0109298 
-0.00834359 
-0.00579925 
-0.00331938 
-0.001029 
0.001029 
-0.00391895 
0.00391895 
0.0113316 
0.0180869 
