0 
-0.00127369 
-0.0010738 
0.00138704 
0.00518398 
0.00977453 
0.0148205 
0.0201017 
0.0254809 
0.0308786 
0.0362515 
0.0415779 
0.0468468 
0.0520497 
0.0571761 
0.0622102 
0.0671295 
0.0719045 
0.0764988 
0.0808698 
0.0849703 
0.0887497 
0.0921553 
0.0951347 
0.0976372 
0.0996163 
0.101033 
0.101858 
0.102075 
0.101669 
0.100634 
0.0989744 
0.0967074 
0.0938611 
0.0904772 
0.0866112 
0.0823323 
0.0777224 
0.0728746 
0.0678894 
0.0628712 
0.0579215 
0.0531312 
0.0485683 
0.044263 
0.0401957 
0.036302 
0.0325073 
0.0287763 
0.0251402 
0.0216756 
0.0184568 
0.0155255 
0.0128911 
0.0105467 
0.00848043 
0.00668094 
0.00513763 
0.00384019 
0.00277485 
0.00192639 
0.0012721 
0.000781211 
0.000415416 
0.000128731 
0 
0.00127369 
-0.00127369 
-0.0010738 
0.00138704 
0.00518398 
0.00977453 
0.0148205 
0.0201017 
0.0254809 
0.0308786 
0.0362515 
0.0415779 
0.0468468 
0.0520497 
0.0571761 
0.0622102 
0.0671295 
0.0719045 
0.0764988 
0.0808698 
0.0849703 
0.0887497 
0.0921553 
0.0951347 
0.0976372 
0.0996163 
0.101033 
0.101858 
0.102075 
0.101669 
0.100634 
0.0989744 
0.0967074 
0.0938611 
0.0904772 
0.0866112 
0.0823323 
0.0777224 
0.0728746 
0.0678894 
0.0628712 
0.0579215 
0.0531312 
0.0485683 
0.044263 
0.0401957 
0.036302 
0.0325073 
0.0287763 
0.0251402 
0.0216756 
0.0184568 
0.0155255 
0.0128911 
0.0105467 
0.00848043 
0.00668094 
0.00513763 
0.00384019 
0.00277485 
0.00192639 
0.0012721 
0.000781211 
0.000415416 
0.000128731 
-0.000128731 
-0.000143858 
0.000143858 
0.00266651 
0.00579275 
0.00966492 
0.0140615 
0.0187819 
0.0236735 
0.0286355 
0.0336104 
0.0385699 
0.0435024 
0.0484037 
0.0532701 
0.0580938 
0.062861 
0.0675498 
0.0721309 
0.0765674 
0.0808165 
0.0848299 
0.0885564 
0.0919426 
0.0949354 
0.0974831 
0.099537 
0.101056 
0.101989 
0.102309 
0.102005 
0.101064 
0.0994913 
0.0972998 
0.0945167 
0.0911818 
0.0873486 
0.0830846 
0.0784706 
0.0735981 
0.0685669 
0.0634793 
0.0584346 
0.053521 
0.0488055 
0.044323 
0.0400683 
0.0360021 
0.0320783 
0.0282809 
0.0246408 
0.0212146 
0.0180508 
0.0151719 
0.0125796 
0.0102662 
0.00822226 
0.00643896 
0.00490841 
0.00362304 
0.00257254 
0.00174419 
0.00111686 
0.000661759 
0.000339634 
0.000102612 
-0.000102612 
-0.00147149 
0.00147149 
0.00463683 
0.00809895 
0.0119498 
0.0161013 
0.0204219 
0.0248227 
0.0292477 
0.0336741 
0.038098 
0.0425249 
0.0469615 
0.0514101 
0.0558661 
0.0603156 
0.0647359 
0.0690953 
0.0733545 
0.0774675 
0.0813834 
0.0850483 
0.0884066 
0.0914037 
0.0939871 
0.0961085 
0.0977281 
0.0988025 
0.0992995 
0.0992028 
0.0984995 
0.0971867 
0.0952717 
0.0927723 
0.0897185 
0.0861533 
0.0821343 
0.0777334 
0.0730353 
0.0681344 
0.0631296 
0.0581182 
0.0531879 
0.0484079 
0.0438205 
0.0394359 
0.0352395 
0.0312149 
0.0273692 
0.0237372 
0.02036 
0.0172618 
0.0144469 
0.0119087 
0.00963897 
0.00763075 
0.00587922 
0.00438045 
0.00313037 
0.00212188 
0.001345 
0.000780252 
0.000404154 
0.000176737 
4.64267e-05 
-4.64267e-05 
-0.0015032 
0.0015032 
0.00498981 
0.00874315 
0.0125843 
0.0164868 
0.0203787 
0.0242462 
0.02809 
0.0319297 
0.0357908 
0.0396966 
0.0436636 
0.0476983 
0.0517959 
0.0559405 
0.0601055 
0.0642553 
0.0683464 
0.0723286 
0.0761474 
0.0797454 
0.0830642 
0.0860465 
0.0886383 
0.0907907 
0.0924643 
0.0936244 
0.0942426 
0.0943076 
0.0938085 
0.0927427 
0.091115 
0.0889372 
0.0862296 
0.0830232 
0.0793615 
0.0753021 
0.0709168 
0.066289 
0.0615095 
0.0566706 
0.0518575 
0.0471408 
0.0425678 
0.0381614 
0.0339282 
0.0298799 
0.0260471 
0.0224707 
0.0191778 
0.0161717 
0.0134412 
0.0109737 
0.00876088 
0.00679896 
0.00508672 
0.00362505 
0.00241574 
0.00145519 
0.000744566 
0.00027007 
9.76037e-06 
-7.55751e-05 
-4.16291e-05 
4.16291e-05 
-0.00150294 
0.00150294 
0.00503184 
0.00873536 
0.0123336 
0.0158372 
0.0192151 
0.0225101 
0.0257655 
0.0290338 
0.0323608 
0.035781 
0.039315 
0.0429687 
0.0467344 
0.0505924 
0.0545123 
0.0584548 
0.0623729 
0.066214 
0.0699209 
0.073434 
0.0766923 
0.0796365 
0.0822105 
0.0843641 
0.0860574 
0.0872598 
0.0879462 
0.0881119 
0.0877522 
0.0868698 
0.0854731 
0.0835737 
0.0811878 
0.0783378 
0.0750552 
0.0713832 
0.0673781 
0.0631092 
0.0586551 
0.0540987 
0.0495191 
0.0449838 
0.0405415 
0.0362228 
0.0320526 
0.0280687 
0.0243232 
0.0208593 
0.0176898 
0.0147997 
0.0121674 
0.00977761 
0.00762414 
0.0057072 
0.00403163 
0.00260451 
0.00143501 
0.000533786 
-9.07616e-05 
-0.000445189 
-0.000548511 
-0.000437914 
-0.000169552 
0.000169552 
-0.00138689 
0.00138689 
0.00472215 
0.00818085 
0.0113992 
0.0144317 
0.0172762 
0.0200178 
0.0227273 
0.0254778 
0.028325 
0.0313069 
0.0344426 
0.0377354 
0.0411744 
0.0447376 
0.0483929 
0.0521002 
0.0558121 
0.0594759 
0.0630343 
0.0664271 
0.0695928 
0.07247 
0.0750006 
0.077132 
0.0788221 
0.0800404 
0.0807611 
0.0809869 
0.0807198 
0.07997 
0.078752 
0.0770812 
0.0749738 
0.0724486 
0.069529 
0.066247 
0.0626451 
0.0587781 
0.0547109 
0.050514 
0.0462567 
0.0419989 
0.0377857 
0.0336521 
0.0296393 
0.0258085 
0.0222272 
0.0189348 
0.0159271 
0.0131749 
0.0106514 
0.00834262 
0.00624656 
0.00436993 
0.00272199 
0.0013229 
0.000190878 
-0.000640003 
-0.00116526 
-0.00138484 
-0.00129614 
-0.000931492 
-0.000346454 
0.000346454 
-0.00123986 
0.00123986 
0.00424002 
0.00729951 
0.0100373 
0.0125589 
0.0148785 
0.017106 
0.0193226 
0.0216081 
0.0240182 
0.0265881 
0.0293333 
0.0322544 
0.0353399 
0.0385687 
0.0419106 
0.0453279 
0.0487761 
0.052205 
0.0555597 
0.0587817 
0.06181 
0.0645826 
0.0670393 
0.0691245 
0.0707933 
0.0720137 
0.072757 
0.0730314 
0.0728445 
0.0722122 
0.0711546 
0.0696909 
0.0678391 
0.0656169 
0.0630439 
0.0601446 
0.0569518 
0.0535079 
0.0498649 
0.04608 
0.0422096 
0.0383022 
0.0343959 
0.0305285 
0.026757 
0.0231622 
0.0198173 
0.0167488 
0.0139342 
0.011335 
0.00892452 
0.00669406 
0.00464755 
0.00279728 
0.00116344 
-0.000219054 
-0.00130858 
-0.00208792 
-0.00252268 
-0.00259832 
-0.00228414 
-0.00159758 
-0.000589673 
0.000589673 
-0.00104941 
0.00104941 
0.00361083 
0.00618603 
0.0084067 
0.0104244 
0.0122546 
0.0140171 
0.0157891 
0.0176478 
0.0196421 
0.021802 
0.0241401 
0.0266567 
0.0293429 
0.0321817 
0.035148 
0.0382094 
0.0413265 
0.0444538 
0.047541 
0.0505334 
0.0533727 
0.0559974 
0.0583462 
0.0603608 
0.0619928 
0.0632068 
0.063969 
0.0642934 
0.0641922 
0.0636861 
0.0627978 
0.061548 
0.0599548 
0.0580354 
0.055807 
0.0532906 
0.0505123 
0.0475061 
0.0443125 
0.0409757 
0.0375379 
0.0340336 
0.0304928 
0.0269574 
0.0235005 
0.0202154 
0.0171681 
0.014363 
0.011761 
0.00932045 
0.00702028 
0.00485829 
0.00284592 
0.00100154 
-0.000630574 
-0.00200766 
-0.00309319 
-0.00384603 
-0.00421353 
-0.00414336 
-0.00356963 
-0.00247984 
-0.000917063 
0.000917063 
-0.000840756 
0.000840756 
0.00290852 
0.0049556 
0.00665854 
0.00819715 
0.00957744 
0.0109165 
0.0122778 
0.0137297 
0.0153116 
0.0170485 
0.0189519 
0.0210245 
0.0232622 
0.0256542 
0.0281825 
0.0308216 
0.0335389 
0.0362954 
0.0390469 
0.0417446 
0.0443348 
0.0467589 
0.0489563 
0.0508675 
0.0524415 
0.053639 
0.0544229 
0.054812 
0.0548213 
0.0544719 
0.0537847 
0.0527778 
0.0514673 
0.0498688 
0.0479987 
0.0458759 
0.0435236 
0.0409697 
0.0382458 
0.0353834 
0.0324095 
0.0293446 
0.0262126 
0.0230638 
0.0199859 
0.0170727 
0.0143678 
0.0118491 
0.00946596 
0.00718086 
0.00498105 
0.00287291 
0.00087235 
-0.000978673 
-0.00263382 
-0.0040506 
-0.00518018 
-0.00595132 
-0.0062844 
-0.00607098 
-0.00518911 
-0.00359309 
-0.00133037 
0.00133037 
-0.000621283 
0.000621283 
0.00217214 
0.00368269 
0.0048938 
0.00598722 
0.00695645 
0.00790527 
0.00887919 
0.00993434 
0.011101 
0.0124004 
0.0138444 
0.0154396 
0.0171878 
0.0190853 
0.0211218 
0.0232802 
0.0255356 
0.0278568 
0.0302066 
0.0325435 
0.0348209 
0.036986 
0.0389816 
0.0407493 
0.0422384 
0.0434058 
0.0442161 
0.0446919 
0.0448472 
0.0446972 
0.0442542 
0.0435297 
0.0425355 
0.0412853 
0.0397952 
0.0380842 
0.036174 
0.0340887 
0.0318517 
0.0294822 
0.0269923 
0.0243904 
0.0217007 
0.0189862 
0.0163427 
0.013847 
0.0115084 
0.00928028 
0.00710958 
0.00496809 
0.00285348 
0.000777227 
-0.0012283 
-0.00311519 
-0.00484226 
-0.00635577 
-0.00758376 
-0.00842345 
-0.00874509 
-0.00835002 
-0.00706447 
-0.00484501 
-0.0017829 
0.0017829 
-0.000401774 
0.000401774 
0.00143941 
0.00242784 
0.00318446 
0.00386648 
0.00445919 
0.0050442 
0.00564909 
0.00631621 
0.00706794 
0.00792287 
0.0088944 
0.00999262 
0.0112252 
0.0125953 
0.0141011 
0.015734 
0.0174781 
0.0193103 
0.0212014 
0.0231172 
0.0250201 
0.0268665 
0.0286054 
0.0301832 
0.0315505 
0.0326686 
0.0335204 
0.0341195 
0.0344665 
0.0345607 
0.0344022 
0.0339949 
0.0333467 
0.0324702 
0.0313819 
0.0301017 
0.0286507 
0.0270491 
0.0253121 
0.0234462 
0.0214501 
0.0193269 
0.0171089 
0.0148721 
0.0127056 
0.0106509 
0.00867919 
0.00672894 
0.00475417 
0.00273955 
0.000690142 
-0.00137349 
-0.00340932 
-0.0053763 
-0.00722868 
-0.00889724 
-0.0102763 
-0.0112083 
-0.0114651 
-0.0107537 
-0.00892481 
-0.00601316 
-0.00218373 
0.00218373 
-0.000187434 
0.000187434 
0.000733252 
0.00122953 
0.00157241 
0.00187566 
0.00212334 
0.00236863 
0.00262386 
0.00291659 
0.00326314 
0.00367966 
0.00418098 
0.00478004 
0.00548948 
0.00631868 
0.00727383 
0.00835531 
0.00955688 
0.0108645 
0.0122573 
0.0137088 
0.01519 
0.0166698 
0.018109 
0.0194637 
0.0206864 
0.0217545 
0.0226728 
0.0234219 
0.0239835 
0.0243398 
0.0244808 
0.0244043 
0.0241157 
0.023627 
0.0229552 
0.0221202 
0.0211415 
0.0200338 
0.0188023 
0.0174417 
0.0159421 
0.0143106 
0.0125938 
0.0108713 
0.00920398 
0.00758675 
0.0059603 
0.00426263 
0.00246178 
0.000553826 
-0.00145256 
-0.00352411 
-0.00562447 
-0.00771692 
-0.00974483 
-0.0116109 
-0.0131417 
-0.0140833 
-0.0140852 
-0.0128634 
-0.0104101 
-0.00687284 
-0.00246016 
0.00246016 
1.90646e-05 
-1.90646e-05 
6.81e-05 
0.000112269 
8.04647e-05 
3.70092e-05 
-3.08798e-05 
-0.00010064 
-0.000171768 
-0.000231848 
-0.000269351 
-0.000270909 
-0.000220968 
-0.000104737 
9.41016e-05 
0.000390268 
0.000797176 
0.00132395 
0.00197428 
0.00274429 
0.00362275 
0.0045914 
0.00562949 
0.00671793 
0.00783549 
0.00896236 
0.0100562 
0.0110966 
0.0120826 
0.0129676 
0.013724 
0.0143237 
0.0147495 
0.0149952 
0.0150633 
0.0149646 
0.0147151 
0.0143326 
0.0138317 
0.013219 
0.012489 
0.0116272 
0.0106244 
0.00950072 
0.00831351 
0.00712533 
0.00595018 
0.00473896 
0.00342011 
0.0019433 
0.00029244 
-0.00153387 
-0.0035122 
-0.00561318 
-0.00780892 
-0.010061 
-0.0122879 
-0.0143296 
-0.0158987 
-0.0166352 
-0.0161439 
-0.0143199 
-0.0113186 
-0.00734921 
-0.00260207 
0.00260207 
0.000222983 
-0.000222983 
-0.000554924 
-0.000911164 
-0.00128008 
-0.00163708 
-0.00199226 
-0.00235107 
-0.00272171 
-0.00310572 
-0.00349582 
-0.00388202 
-0.00424918 
-0.00458167 
-0.00486088 
-0.00506785 
-0.00518312 
-0.00518947 
-0.00507343 
-0.0048279 
-0.0044529 
-0.00395617 
-0.00335001 
-0.0026449 
-0.00185031 
-0.000959493 
6.64918e-06 
0.00102658 
0.00206035 
0.00304686 
0.00395953 
0.0047668 
0.00544817 
0.00599447 
0.00640572 
0.00668999 
0.00685973 
0.00692705 
0.00689835 
0.00676956 
0.00652678 
0.00615433 
0.00565312 
0.0050568 
0.00441576 
0.00375213 
0.00302864 
0.00217065 
0.00111348 
-0.000176305 
-0.0017054 
-0.00346148 
-0.00542247 
-0.00756841 
-0.0098764 
-0.0122923 
-0.0146794 
-0.0167722 
-0.0181633 
-0.0184608 
-0.0173682 
-0.0150361 
-0.0116746 
-0.00749475 
-0.00263523 
0.00263523 
0.000421655 
-0.000421655 
-0.00113148 
-0.00183787 
-0.00251002 
-0.00314793 
-0.00376216 
-0.00437981 
-0.00501724 
-0.00568804 
-0.00638963 
-0.00711604 
-0.00785357 
-0.00858695 
-0.00929647 
-0.00996025 
-0.0105539 
-0.0110527 
-0.0114339 
-0.0116789 
-0.0117753 
-0.0117179 
-0.0115077 
-0.0111477 
-0.010643 
-0.0099861 
-0.0091829 
-0.0082509 
-0.00721497 
-0.00616827 
-0.00513443 
-0.00414985 
-0.00323733 
-0.00240888 
-0.00166784 
-0.00101053 
-0.000430824 
7.4732e-05 
0.000502201 
0.000838295 
0.00106601 
0.00117834 
0.00118902 
0.00113074 
0.00102176 
0.000832893 
0.000491496 
-7.7968e-05 
-0.000922665 
-0.00205622 
-0.00347515 
-0.00516497 
-0.00711148 
-0.00930344 
-0.0117125 
-0.0142448 
-0.0166754 
-0.0186254 
-0.0196338 
-0.0193895 
-0.0177804 
-0.0151271 
-0.0115963 
-0.00738733 
-0.00258583 
0.00258583 
0.000605747 
-0.000605747 
-0.00165525 
-0.00267403 
-0.00361944 
-0.00450821 
-0.0053516 
-0.0061932 
-0.00705745 
-0.00796898 
-0.00893083 
-0.0099415 
-0.0109897 
-0.0120617 
-0.0131382 
-0.014196 
-0.0152079 
-0.0161434 
-0.0169716 
-0.0176631 
-0.0181928 
-0.0185421 
-0.0186989 
-0.0186562 
-0.0184131 
-0.0179666 
-0.0173247 
-0.0165127 
-0.0155297 
-0.0144696 
-0.0133565 
-0.0122303 
-0.0111162 
-0.0100303 
-0.0089809 
-0.00797125 
-0.00700394 
-0.00608522 
-0.00522757 
-0.00444734 
-0.00375749 
-0.00315642 
-0.00263037 
-0.00217197 
-0.00180895 
-0.00160872 
-0.00165126 
-0.0019931 
-0.00265975 
-0.00365191 
-0.00496264 
-0.00658135 
-0.00850325 
-0.0107196 
-0.0131804 
-0.0157282 
-0.0180425 
-0.0196765 
-0.0202122 
-0.0194809 
-0.0175461 
-0.0147399 
-0.0111884 
-0.00708556 
-0.0024719 
0.0024719 
0.000773851 
-0.000773851 
-0.00212839 
-0.00342759 
-0.00461902 
-0.00573074 
-0.00677363 
-0.00780337 
-0.00885196 
-0.00995431 
-0.0111198 
-0.012352 
-0.0136425 
-0.01498 
-0.0163467 
-0.0177204 
-0.0190728 
-0.0203707 
-0.0215775 
-0.0226554 
-0.0235688 
-0.0242864 
-0.0247838 
-0.0250439 
-0.0250578 
-0.0248214 
-0.0243413 
-0.0236486 
-0.0227331 
-0.0216841 
-0.0205207 
-0.0192832 
-0.0179979 
-0.0166849 
-0.0153585 
-0.0140294 
-0.0127089 
-0.0114106 
-0.0101511 
-0.00894522 
-0.00780232 
-0.00672438 
-0.00571822 
-0.00481453 
-0.00407697 
-0.00358409 
-0.00340045 
-0.00355868 
-0.0040681 
-0.00492351 
-0.00611906 
-0.00765088 
-0.00952084 
-0.011713 
-0.0141408 
-0.0165772 
-0.0186356 
-0.0198715 
-0.0199743 
-0.0189049 
-0.0168249 
-0.0139879 
-0.0105236 
-0.00662992 
-0.00230553 
0.00230553 
0.00092613 
-0.00092613 
-0.00255458 
-0.00410655 
-0.00551983 
-0.00682984 
-0.00804493 
-0.00922891 
-0.0104202 
-0.0116633 
-0.0129747 
-0.0143633 
-0.0158242 
-0.0173486 
-0.0189215 
-0.0205226 
-0.0221251 
-0.0236958 
-0.0251959 
-0.026583 
-0.0278136 
-0.0288468 
-0.0296469 
-0.030186 
-0.0304463 
-0.0304184 
-0.0301058 
-0.0295385 
-0.0287008 
-0.0276778 
-0.0264851 
-0.0251619 
-0.0237349 
-0.0222278 
-0.02066 
-0.0190489 
-0.0174119 
-0.0157674 
-0.0141335 
-0.0125267 
-0.0109625 
-0.00946117 
-0.00805985 
-0.00681942 
-0.00581572 
-0.00511562 
-0.00476027 
-0.00476345 
-0.00512535 
-0.0058397 
-0.00690399 
-0.00832065 
-0.0100927 
-0.0121882 
-0.0144798 
-0.0166886 
-0.0184126 
-0.0192662 
-0.0190548 
-0.0178162 
-0.0157159 
-0.0129399 
-0.00964589 
-0.0060461 
-0.00209465 
0.00209465 
0.0010638 
-0.0010638 
-0.0029382 
-0.00471847 
-0.00633242 
-0.00781975 
-0.00918385 
-0.0104927 
-0.0117893 
-0.0131268 
-0.0145294 
-0.0160117 
-0.0175729 
-0.0192067 
-0.0209006 
-0.0226372 
-0.0243928 
-0.0261365 
-0.0278307 
-0.0294324 
-0.0308948 
-0.0321709 
-0.0332169 
-0.0339954 
-0.0344786 
-0.0346487 
-0.0345024 
-0.0340637 
-0.033313 
-0.0323297 
-0.0311274 
-0.0297434 
-0.0282047 
-0.0265377 
-0.0247659 
-0.0229117 
-0.0209971 
-0.019045 
-0.0170787 
-0.0151236 
-0.0132113 
-0.0113858 
-0.00970727 
-0.00824732 
-0.007073 
-0.00623002 
-0.00573929 
-0.00560346 
-0.00581877 
-0.00638011 
-0.00728839 
-0.00854943 
-0.0101617 
-0.012074 
-0.014128 
-0.0160267 
-0.017401 
-0.0179482 
-0.0175614 
-0.0162921 
-0.0142629 
-0.0116249 
-0.00857646 
-0.00534741 
-0.00184348 
0.00184348 
0.00118806 
-0.00118806 
-0.00328306 
-0.00526965 
-0.00706589 
-0.00871349 
-0.0102086 
-0.0116194 
-0.0129909 
-0.0143834 
-0.015829 
-0.0173491 
-0.0189469 
-0.020619 
-0.022355 
-0.0241403 
-0.0259542 
-0.02777 
-0.0295537 
-0.0312647 
-0.0328575 
-0.0342835 
-0.035495 
-0.0364483 
-0.0371073 
-0.0374454 
-0.0374502 
-0.0371357 
-0.0364783 
-0.0355471 
-0.0343544 
-0.0329351 
-0.0313164 
-0.0295266 
-0.0275926 
-0.0255415 
-0.023401 
-0.021201 
-0.018975 
-0.0167628 
-0.0146135 
-0.0125877 
-0.010753 
-0.00917409 
-0.00789983 
-0.00695647 
-0.00635201 
-0.00608383 
-0.00614687 
-0.00653737 
-0.00725796 
-0.00831377 
-0.0096952 
-0.0113355 
-0.0130658 
-0.0146077 
-0.0156566 
-0.0159909 
-0.0155513 
-0.0143513 
-0.0124629 
-0.0100399 
-0.00731794 
-0.00453713 
-0.0015536 
0.0015536 
0.00129986 
-0.00129986 
-0.00359188 
-0.00576453 
-0.00772682 
-0.00952125 
-0.0111347 
-0.0126321 
-0.0140571 
-0.0154747 
-0.0169247 
-0.018436 
-0.0200172 
-0.0216676 
-0.0233787 
-0.0251378 
-0.0269271 
-0.0287238 
-0.0304984 
-0.0322153 
-0.0338328 
-0.0353052 
-0.0365853 
-0.0376274 
-0.0383909 
-0.0388425 
-0.0389615 
-0.0387501 
-0.0381817 
-0.0373092 
-0.0361431 
-0.0347145 
-0.0330508 
-0.0311819 
-0.0291383 
-0.0269525 
-0.0246597 
-0.0222993 
-0.0199164 
-0.0175636 
-0.0153009 
-0.0131927 
-0.0113006 
-0.00967439 
-0.00834526 
-0.00732653 
-0.00661948 
-0.00621937 
-0.00612047 
-0.00631913 
-0.00681688 
-0.00761433 
-0.00869331 
-0.00998067 
-0.01132 
-0.0124808 
-0.0132382 
-0.0134377 
-0.0130338 
-0.0119681 
-0.0102789 
-0.00816219 
-0.00586229 
-0.00361278 
-0.00122509 
0.00122509 
0.00139969 
-0.00139969 
-0.00386599 
-0.00620511 
-0.00831834 
-0.0102487 
-0.011973 
-0.0135492 
-0.015016 
-0.0164401 
-0.0178674 
-0.0193348 
-0.0208578 
-0.0224398 
-0.0240741 
-0.0257493 
-0.0274495 
-0.0291547 
-0.0308399 
-0.0324746 
-0.0340228 
-0.0354441 
-0.0366953 
-0.0377329 
-0.0385162 
-0.0390093 
-0.0391861 
-0.0390385 
-0.0385395 
-0.0377217 
-0.0365931 
-0.0351801 
-0.0335094 
-0.0316123 
-0.0295231 
-0.02728 
-0.0249255 
-0.0225074 
-0.0200794 
-0.0177 
-0.0154304 
-0.0133292 
-0.0114457 
-0.00981475 
-0.0084556 
-0.00737441 
-0.00656936 
-0.00603453 
-0.00576294 
-0.00574908 
-0.00599029 
-0.00647994 
-0.00719305 
-0.00806032 
-0.00895712 
-0.00971732 
-0.0102008 
-0.0103079 
-0.00999446 
-0.00909872 
-0.0076638 
-0.00596745 
-0.00420162 
-0.00257207 
-0.000858625 
0.000858625 
0.00148752 
-0.00148752 
-0.00410515 
-0.00659072 
-0.00883957 
-0.0108961 
-0.0127268 
-0.0143808 
-0.0158878 
-0.0173117 
-0.018702 
-0.0201033 
-0.0215392 
-0.0230192 
-0.0245398 
-0.026091 
-0.0276578 
-0.0292223 
-0.0307624 
-0.0322522 
-0.0336614 
-0.0349557 
-0.0360978 
-0.0370494 
-0.0377733 
-0.0382351 
-0.0384071 
-0.0382745 
-0.0378119 
-0.0370335 
-0.0359447 
-0.0345665 
-0.0329245 
-0.0310504 
-0.0289812 
-0.0267592 
-0.0244315 
-0.0220502 
-0.0196713 
-0.0173522 
-0.0151481 
-0.0131074 
-0.0112675 
-0.00965269 
-0.00827495 
-0.00713702 
-0.00623536 
-0.00556268 
-0.00510977 
-0.00486729 
-0.00482599 
-0.00497058 
-0.00527168 
-0.00567091 
-0.00608557 
-0.00641844 
-0.00661284 
-0.00662109 
-0.00641082 
-0.0056924 
-0.00458847 
-0.00345047 
-0.00234121 
-0.00142032 
-0.000457631 
0.000457631 
0.00156281 
-0.00156281 
-0.00430776 
-0.00691818 
-0.00928561 
-0.0114574 
-0.0133913 
-0.0151262 
-0.0166801 
-0.0181092 
-0.0194622 
-0.020789 
-0.0221219 
-0.0234787 
-0.0248616 
-0.0262634 
-0.0276705 
-0.0290659 
-0.0304297 
-0.0317391 
-0.0329686 
-0.0340893 
-0.0350704 
-0.0358796 
-0.036485 
-0.0368566 
-0.0369687 
-0.0368038 
-0.0363409 
-0.0355808 
-0.0345263 
-0.0331941 
-0.0316074 
-0.0297974 
-0.0278014 
-0.0256623 
-0.0234281 
-0.02115 
-0.0188807 
-0.0166718 
-0.0145698 
-0.0126131 
-0.0108301 
-0.0092382 
-0.00784565 
-0.00665317 
-0.00565577 
-0.00484427 
-0.00420639 
-0.00372754 
-0.00339073 
-0.00317161 
-0.00303818 
-0.00294619 
-0.00285496 
-0.00272661 
-0.00257838 
-0.00241863 
-0.00229975 
-0.00173186 
-0.00109572 
-0.000654147 
-0.000314832 
-0.000178874 
-3.11417e-05 
3.11417e-05 
0.00162466 
-0.00162466 
-0.00447129 
-0.00718264 
-0.00964848 
-0.0119213 
-0.0139526 
-0.0157724 
-0.0173851 
-0.018835 
-0.0201641 
-0.0214232 
-0.0226517 
-0.0238767 
-0.0251089 
-0.0263468 
-0.0275799 
-0.0287927 
-0.0299666 
-0.0310812 
-0.0321141 
-0.0330412 
-0.0338371 
-0.0344754 
-0.0349301 
-0.0351765 
-0.0351928 
-0.034962 
-0.0344679 
-0.0337043 
-0.0326734 
-0.0313882 
-0.0298697 
-0.0281466 
-0.0262541 
-0.0242329 
-0.0221276 
-0.0199848 
-0.0178511 
-0.01577 
-0.0137797 
-0.0119106 
-0.0101847 
-0.00861528 
-0.0072081 
-0.0059624 
-0.00487163 
-0.00392443 
-0.00310523 
-0.0023941 
-0.00176732 
-0.00119356 
-0.000638952 
-6.63491e-05 
0.000533602 
0.00115384 
0.0017115 
0.00216425 
0.00235005 
0.00266398 
0.00264723 
0.00231063 
0.00180909 
0.00111123 
0.000405218 
-0.000405218 
0.00167205 
-0.00167205 
-0.0045932 
-0.00737904 
-0.00991928 
-0.0122736 
-0.014391 
-0.0162954 
-0.0179784 
-0.01947 
-0.0208003 
-0.0220144 
-0.0231536 
-0.0242531 
-0.0253335 
-0.0264023 
-0.0274553 
-0.0284806 
-0.0294616 
-0.0303797 
-0.0312149 
-0.0319465 
-0.0325531 
-0.0330133 
-0.0333061 
-0.0334119 
-0.0333133 
-0.0329961 
-0.0324495 
-0.0316658 
-0.0306468 
-0.029403 
-0.0279528 
-0.0263215 
-0.0245407 
-0.0226465 
-0.0206779 
-0.0186753 
-0.0166777 
-0.0147211 
-0.0128364 
-0.011048 
-0.00937332 
-0.0078228 
-0.00640027 
-0.00510346 
-0.0039243 
-0.00284947 
-0.00186037 
-0.000933261 
-3.95729e-05 
0.000858405 
0.00179751 
0.00281171 
0.00389044 
0.00498426 
0.00596716 
0.00673309 
0.00715253 
0.00704106 
0.006365 
0.00525922 
0.00392377 
0.00238806 
0.000832597 
-0.000832597 
0.0017041 
-0.0017041 
-0.00467212 
-0.00750441 
-0.0100915 
-0.0125014 
-0.0146848 
-0.0166639 
-0.0184215 
-0.0199737 
-0.0213353 
-0.0225394 
-0.0236222 
-0.0246209 
-0.0255644 
-0.0264706 
-0.0273449 
-0.0281825 
-0.0289713 
-0.0296955 
-0.0303373 
-0.0308786 
-0.0313011 
-0.0315873 
-0.0317205 
-0.0316856 
-0.0314693 
-0.0310606 
-0.030452 
-0.0296376 
-0.028619 
-0.0274059 
-0.0260143 
-0.0244661 
-0.0227884 
-0.0210118 
-0.0191694 
-0.0172946 
-0.0154195 
-0.0135733 
-0.011781 
-0.0100622 
-0.00843094 
-0.00689514 
-0.00545693 
-0.00411271 
-0.00285306 
-0.00166311 
-0.000522545 
0.000594696 
0.00172319 
0.00290556 
0.00418024 
0.00557268 
0.00705511 
0.00853883 
0.00986516 
0.0108538 
0.0113849 
0.0109597 
0.00975172 
0.00797631 
0.00588865 
0.00357707 
0.00122969 
-0.00122969 
0.00172055 
-0.00172055 
-0.00470944 
-0.00756077 
-0.0101658 
-0.0126001 
-0.0148195 
-0.0168499 
-0.018671 
-0.0202897 
-0.0217067 
-0.0229394 
-0.0240113 
-0.0249536 
-0.0257967 
-0.026566 
-0.0272772 
-0.0279359 
-0.0285382 
-0.0290739 
-0.029529 
-0.0298881 
-0.0301355 
-0.0302564 
-0.0302371 
-0.0300657 
-0.0297321 
-0.0292286 
-0.0285506 
-0.0276968 
-0.0266683 
-0.0254741 
-0.0241278 
-0.022648 
-0.0210574 
-0.0193814 
-0.017647 
-0.0158812 
-0.0141101 
-0.0123572 
-0.0106425 
-0.00898191 
-0.00738639 
-0.00586185 
-0.00440887 
-0.00302282 
-0.00169329 
-0.000405111 
0.000862601 
0.00213982 
0.00346397 
0.0048788 
0.00642188 
0.00810777 
0.00989166 
0.0116501 
0.0131967 
0.0142915 
0.0147835 
0.0141614 
0.012575 
0.0102821 
0.0075813 
0.00461161 
0.00157649 
-0.00157649 
0.00172165 
-0.00172165 
-0.00471038 
-0.00755771 
-0.0101539 
-0.0125798 
-0.0147979 
-0.0168416 
-0.0186947 
-0.0203628 
-0.0218379 
-0.0231241 
-0.024229 
-0.0251701 
-0.0259698 
-0.0266525 
-0.0272394 
-0.0277453 
-0.028177 
-0.0285335 
-0.0288079 
-0.0289898 
-0.0290671 
-0.0290281 
-0.0288619 
-0.0285595 
-0.0281138 
-0.0275198 
-0.0267748 
-0.0258798 
-0.0248346 
-0.023648 
-0.0223322 
-0.0209033 
-0.0193803 
-0.0177839 
-0.0161363 
-0.0144589 
-0.0127722 
-0.0110952 
-0.00944388 
-0.00783066 
-0.00626414 
-0.00474842 
-0.00328285 
-0.0018622 
-0.000476036 
0.000890165 
0.00225974 
0.00366325 
0.00513808 
0.00672592 
0.00846043 
0.0103444 
0.0123177 
0.0142304 
0.0158737 
0.0169722 
0.0173309 
0.0165513 
0.0147242 
0.0120808 
0.00893046 
0.00544951 
0.00185979 
-0.00185979 
0.00171469 
-0.00171469 
-0.00468715 
-0.00751516 
-0.0100828 
-0.012472 
-0.0146503 
-0.0166601 
-0.0184946 
-0.0201662 
-0.0216683 
-0.0229993 
-0.0241552 
-0.0251384 
-0.0259565 
-0.0266226 
-0.027153 
-0.0275643 
-0.0278699 
-0.0280781 
-0.0281921 
-0.02821 
-0.0281268 
-0.0279354 
-0.0276286 
-0.0271996 
-0.0266432 
-0.0259558 
-0.0251362 
-0.0241868 
-0.023112 
-0.0219192 
-0.020619 
-0.0192247 
-0.0177521 
-0.0162178 
-0.0146393 
-0.013033 
-0.0114147 
-0.00979923 
-0.00819945 
-0.00662508 
-0.00508267 
-0.00357497 
-0.0021005 
-0.000654319 
0.000773352 
0.00219821 
0.00364331 
0.00513763 
0.00671623 
0.00841598 
0.010264 
0.0122516 
0.014306 
0.0162617 
0.0178962 
0.0189231 
0.0191237 
0.0182092 
0.0162278 
0.0133692 
0.00992138 
0.0060779 
0.00207504 
-0.00207504 
0.00170925 
-0.00170925 
-0.0046607 
-0.00746261 
-0.00999395 
-0.0123294 
-0.0144382 
-0.0163691 
-0.0181261 
-0.0197337 
-0.0211957 
-0.0225162 
-0.0236906 
-0.0247137 
-0.0255799 
-0.0262872 
-0.0268377 
-0.0272374 
-0.0274953 
-0.0276211 
-0.0276236 
-0.0275095 
-0.027283 
-0.026946 
-0.0264988 
-0.0259407 
-0.0252711 
-0.0244896 
-0.0235976 
-0.0225979 
-0.0214955 
-0.0202923 
-0.018998 
-0.0176249 
-0.0161867 
-0.0146968 
-0.0131694 
-0.0116172 
-0.0100514 
-0.00848388 
-0.00692466 
-0.00538134 
-0.00385881 
-0.00235915 
-0.000880287 
0.000581629 
0.00203741 
0.003502 
0.00499655 
0.00654696 
0.00818406 
0.00993799 
0.0118276 
0.0138338 
0.0158754 
0.0177819 
0.0193275 
0.0202339 
0.0202781 
0.0192521 
0.0171758 
0.0142011 
0.0105809 
0.00650787 
0.00222514 
-0.00222514 
0.00170791 
-0.00170791 
-0.00465646 
-0.00743663 
-0.00993741 
-0.012219 
-0.0142469 
-0.016071 
-0.0177024 
-0.0191776 
-0.0205149 
-0.0217328 
-0.0228378 
-0.0238306 
-0.0247048 
-0.0254506 
-0.026057 
-0.0265147 
-0.0268174 
-0.0269632 
-0.0269541 
-0.0267955 
-0.0264951 
-0.0260622 
-0.0255063 
-0.0248363 
-0.0240598 
-0.0231825 
-0.0222082 
-0.0211404 
-0.0199833 
-0.0187451 
-0.0174362 
-0.0160665 
-0.0146478 
-0.0131906 
-0.0117052 
-0.0101983 
-0.00867523 
-0.007147 
-0.00562178 
-0.00410533 
-0.00260145 
-0.00111197 
0.000365352 
0.00183447 
0.00330568 
0.00479199 
0.00631158 
0.00788615 
0.00954086 
0.0112981 
0.0131678 
0.0151226 
0.0170768 
0.0188639 
0.0202649 
0.0210211 
0.0209186 
0.0198035 
0.0176756 
0.0146555 
0.010959 
0.0067654 
0.00231801 
-0.00231801 
0.00171632 
-0.00171632 
-0.00468809 
-0.00747537 
-0.00996094 
-0.0122063 
-0.014164 
-0.0158803 
-0.0173679 
-0.0186695 
-0.0198149 
-0.0208377 
-0.0217609 
-0.0226016 
-0.0233665 
-0.0240539 
-0.0246538 
-0.0251505 
-0.0255254 
-0.0257601 
-0.0258393 
-0.0257521 
-0.0254942 
-0.0250675 
-0.0244803 
-0.0237463 
-0.0228831 
-0.0219103 
-0.0208464 
-0.0197071 
-0.0185038 
-0.0172448 
-0.015932 
-0.014568 
-0.0131655 
-0.0117307 
-0.0102726 
-0.00879806 
-0.00730668 
-0.00580728 
-0.00430732 
-0.00281236 
-0.00132447 
0.000153965 
0.00162628 
0.00309606 
0.0045719 
0.0060643 
0.00758772 
0.00915897 
0.0107968 
0.0125156 
0.0143166 
0.0161664 
0.0179791 
0.019598 
0.0208186 
0.0214084 
0.0211696 
0.0199826 
0.0178345 
0.0148175 
0.011114 
0.00688351 
0.00236405 
-0.00236405 
0.00173759 
-0.00173759 
-0.00476297 
-0.00759559 
-0.0100984 
-0.0123355 
-0.0142517 
-0.0158848 
-0.0172447 
-0.0183749 
-0.0193102 
-0.0200928 
-0.0207582 
-0.021339 
-0.0218598 
-0.0223372 
-0.0227781 
-0.023179 
-0.0235267 
-0.0238005 
-0.0239747 
-0.024023 
-0.0239208 
-0.0236489 
-0.0231956 
-0.0225584 
-0.0217451 
-0.0207739 
-0.0196711 
-0.0184674 
-0.0171911 
-0.0158627 
-0.014492 
-0.0130881 
-0.0116686 
-0.0102432 
-0.00881848 
-0.00738227 
-0.00591607 
-0.00444132 
-0.00296652 
-0.00149409 
-2.50593e-05 
0.00143961 
0.00290251 
0.00436639 
0.0058372 
0.00732226 
0.00883177 
0.0103772 
0.0119707 
0.0136189 
0.0153154 
0.0170228 
0.018658 
0.0200785 
0.0210991 
0.0215149 
0.0211482 
0.0199002 
0.0177513 
0.0147683 
0.0111043 
0.0068964 
0.00237431 
-0.00237431 
0.00177213 
-0.00177213 
-0.00488369 
-0.00779462 
-0.0103604 
-0.0126195 
-0.0145302 
-0.0161154 
-0.0173844 
-0.0183777 
-0.0191321 
-0.0196927 
-0.0201004 
-0.0203943 
-0.0206092 
-0.0207752 
-0.0209167 
-0.0210505 
-0.0211839 
-0.0213134 
-0.0214251 
-0.021496 
-0.0214964 
-0.0213932 
-0.0211532 
-0.020746 
-0.0201479 
-0.0193452 
-0.0183388 
-0.0171484 
-0.0158149 
-0.014398 
-0.0129654 
-0.0115671 
-0.0101979 
-0.00880886 
-0.00740207 
-0.00598956 
-0.00454638 
-0.00309047 
-0.00163081 
-0.000173819 
0.00128184 
0.00273543 
0.00418888 
0.00564385 
0.00710348 
0.00857175 
0.0100543 
0.0115574 
0.0130865 
0.0146414 
0.0162094 
0.0177512 
0.0191886 
0.0203951 
0.0212071 
0.0214468 
0.0209582 
0.0196522 
0.0175127 
0.0145796 
0.0109828 
0.00683607 
0.00235938 
-0.00235938 
0.00181951 
-0.00181951 
-0.00504645 
-0.00806648 
-0.0107277 
-0.013048 
-0.0149819 
-0.0165533 
-0.0177664 
-0.018662 
-0.0192788 
-0.0196657 
-0.0198669 
-0.0199243 
-0.0198742 
-0.0197495 
-0.0195794 
-0.0193901 
-0.0192037 
-0.019036 
-0.0188953 
-0.0187802 
-0.0186795 
-0.0185728 
-0.0184317 
-0.0182219 
-0.0179054 
-0.0174426 
-0.0167956 
-0.0159338 
-0.0148413 
-0.0135266 
-0.0120335 
-0.0104351 
-0.00883292 
-0.00731977 
-0.00593663 
-0.00459316 
-0.00313888 
-0.00167665 
-0.000242398 
0.00119215 
0.00262487 
0.00406112 
0.00550002 
0.00694103 
0.00838355 
0.00982742 
0.0112734 
0.0127222 
0.0141733 
0.0156203 
0.0170457 
0.0184097 
0.0196406 
0.0206278 
0.0212303 
0.0212951 
0.0206877 
0.0193233 
0.0171916 
0.0143127 
0.0107951 
0.00673059 
0.00232867 
-0.00232867 
0.0018783 
-0.0018783 
-0.00524607 
-0.00840114 
-0.0111832 
-0.0135957 
-0.0155783 
-0.0171604 
-0.0183412 
-0.0191636 
-0.0196703 
-0.019917 
-0.0199552 
-0.0198325 
-0.0195881 
-0.0192547 
-0.0188595 
-0.0184263 
-0.0179766 
-0.0175295 
-0.0171014 
-0.0167044 
-0.016345 
-0.016023 
-0.0157304 
-0.0154514 
-0.0151626 
-0.0148325 
-0.0144212 
-0.0138805 
-0.0131562 
-0.0121941 
-0.0109596 
-0.00945352 
-0.00777439 
-0.00605721 
-0.00459023 
-0.00318966 
-0.00174714 
-0.000301536 
0.00113135 
0.00255857 
0.00398242 
0.00540811 
0.00683574 
0.00826323 
0.00968711 
0.0111032 
0.0125076 
0.0138956 
0.015261 
0.0165926 
0.0178691 
0.0190515 
0.0200752 
0.020845 
0.0212414 
0.0211339 
0.0204076 
0.0189832 
0.0168489 
0.0140184 
0.0105794 
0.00660364 
0.00229022 
-0.00229022 
0.00194652 
-0.00194652 
-0.00547663 
-0.00878886 
-0.0117146 
-0.0142413 
-0.0162991 
-0.0179073 
-0.0190712 
-0.0198316 
-0.0202371 
-0.0203521 
-0.0202393 
-0.0199563 
-0.0195502 
-0.0190576 
-0.0185067 
-0.017919 
-0.0173119 
-0.0166999 
-0.016095 
-0.0155074 
-0.0149449 
-0.0144124 
-0.0139121 
-0.0134424 
-0.0129982 
-0.0125704 
-0.012145 
-0.0117019 
-0.0112129 
-0.0106396 
-0.00993816 
-0.00905861 
-0.00794418 
-0.00653149 
-0.00479166 
-0.00279917 
-0.00084238 
0.000938807 
0.00248176 
0.00394809 
0.00538131 
0.00680513 
0.00822583 
0.00964095 
0.0110452 
0.0124309 
0.0137897 
0.0151123 
0.0163875 
0.0175998 
0.0187256 
0.0197271 
0.0205471 
0.0211048 
0.0212998 
0.0210225 
0.020175 
0.0186845 
0.0165351 
0.0137367 
0.0103663 
0.00647471 
0.00225071 
-0.00225071 
0.00202153 
-0.00202153 
-0.00573059 
-0.00921803 
-0.0123068 
-0.0149678 
-0.0171216 
-0.0187729 
-0.0199318 
-0.0206367 
-0.0209421 
-0.0209217 
-0.0206514 
-0.0202021 
-0.0196319 
-0.0189853 
-0.018294 
-0.0175805 
-0.0168611 
-0.0161471 
-0.0154469 
-0.0147657 
-0.0141068 
-0.013471 
-0.0128574 
-0.0122634 
-0.0116855 
-0.0111193 
-0.0105598 
-0.0100007 
-0.00943209 
-0.00883608 
-0.00818482 
-0.0074386 
-0.00654309 
-0.00541094 
-0.00392182 
-0.00215953 
-0.000233982 
0.00163823 
0.00339772 
0.00505142 
0.00662334 
0.00813785 
0.00961245 
0.0110534 
0.0124606 
0.0138282 
0.0151474 
0.0164065 
0.0175915 
0.0186843 
0.0196603 
0.0204841 
0.0211055 
0.0214566 
0.0214546 
0.0210081 
0.0200347 
0.0184682 
0.016291 
0.0135011 
0.0101815 
0.00636039 
0.00221591 
-0.00221591 
0.00209992 
-0.00209992 
-0.00599829 
-0.00967405 
-0.0129413 
-0.0157549 
-0.0180228 
-0.0197363 
-0.0209006 
-0.0215561 
-0.0217608 
-0.0215982 
-0.0211591 
-0.0205298 
-0.0197823 
-0.018971 
-0.0181331 
-0.0172933 
-0.016467 
-0.015664 
-0.0148899 
-0.0141471 
-0.0134357 
-0.0127532 
-0.0120952 
-0.0114556 
-0.010827 
-0.0102016 
-0.00957155 
-0.00893046 
-0.00827225 
-0.00758892 
-0.00686383 
-0.00607052 
-0.00517811 
-0.00416612 
-0.0030311 
-0.00182436 
-0.000542397 
0.000981753 
0.00291029 
0.0049135 
0.00690697 
0.00879346 
0.0105641 
0.0122182 
0.0137642 
0.015207 
0.0165472 
0.0177804 
0.0188973 
0.0198835 
0.0207178 
0.0213699 
0.0217982 
0.0219471 
0.02175 
0.021132 
0.0200251 
0.0183701 
0.0161489 
0.013351 
0.0100494 
0.00627705 
0.00219104 
-0.00219104 
0.00217716 
-0.00217716 
-0.00626688 
-0.0101371 
-0.0135928 
-0.0165734 
-0.0189718 
-0.0207649 
-0.0219463 
-0.0225594 
-0.0226639 
-0.022353 
-0.0217334 
-0.020909 
-0.0199688 
-0.0189793 
-0.0179849 
-0.0170126 
-0.0160777 
-0.0151878 
-0.0143457 
-0.0135507 
-0.0127999 
-0.0120882 
-0.011409 
-0.010754 
-0.0101139 
-0.00947862 
-0.00883757 
-0.00818081 
-0.00749885 
-0.00678381 
-0.00602436 
-0.00520531 
-0.00430347 
-0.00330068 
-0.00216047 
-0.00092213 
0.00036149 
0.0018291 
0.00350942 
0.00535941 
0.00731208 
0.00928952 
0.0112332 
0.0130918 
0.0148318 
0.0164311 
0.0178759 
0.0191562 
0.020263 
0.0211854 
0.0219081 
0.0224092 
0.0226579 
0.0226125 
0.0222225 
0.0214293 
0.0201789 
0.0184207 
0.0161373 
0.0133132 
0.0100071 
0.00624236 
0.0021819 
-0.0021819 
0.00224744 
-0.00224744 
-0.00651951 
-0.0105808 
-0.014227 
-0.0173834 
-0.0199252 
-0.0218123 
-0.0230253 
-0.0236035 
-0.0236111 
-0.023148 
-0.0223383 
-0.0213054 
-0.0201579 
-0.0189772 
-0.0178166 
-0.0167063 
-0.015661 
-0.0146858 
-0.0137802 
-0.01294 
-0.0121587 
-0.0114282 
-0.010739 
-0.0100808 
-0.00944208 
-0.00881122 
-0.00817601 
-0.0075249 
-0.00684585 
-0.00612853 
-0.00535953 
-0.00452566 
-0.00360789 
-0.00259699 
-0.00147596 
-0.000261328 
0.00106175 
0.00254091 
0.00413737 
0.0058394 
0.0076599 
0.00958913 
0.011579 
0.0135654 
0.0154827 
0.0172748 
0.0188965 
0.0203141 
0.0215034 
0.0224469 
0.0231298 
0.0235365 
0.0236473 
0.0234357 
0.022868 
0.0219037 
0.0205039 
0.0186286 
0.0162646 
0.0133929 
0.0100644 
0.00627808 
0.00219282 
-0.00219282 
0.00230347 
-0.00230347 
-0.00673471 
-0.0109707 
-0.0147985 
-0.0181313 
-0.0208245 
-0.0228177 
-0.0240765 
-0.0246278 
-0.0245449 
-0.0239303 
-0.0229258 
-0.0216752 
-0.0203093 
-0.0189272 
-0.0175933 
-0.0163419 
-0.0151871 
-0.0141307 
-0.0131682 
-0.0122912 
-0.0114895 
-0.0107514 
-0.0100646 
-0.00941611 
-0.00879256 
-0.00818059 
-0.00756635 
-0.00693699 
-0.00627881 
-0.00558028 
-0.00482705 
-0.00400741 
-0.00310328 
-0.00210627 
-0.00099582 
0.000225617 
0.00155322 
0.00302135 
0.00462886 
0.00636687 
0.00821734 
0.0101494 
0.0121272 
0.0141125 
0.0160607 
0.0179216 
0.0196413 
0.0211682 
0.0224571 
0.0234712 
0.0241819 
0.0245671 
0.0246087 
0.0242882 
0.023586 
0.0224773 
0.0209396 
0.0189455 
0.0164889 
0.0135513 
0.0101787 
0.00635616 
0.0022238 
-0.0022238 
0.00233645 
-0.00233645 
-0.00688603 
-0.0112638 
-0.0152491 
-0.0187467 
-0.0215905 
-0.0236968 
-0.0250136 
-0.0255485 
-0.0253854 
-0.0246274 
-0.0234313 
-0.0219618 
-0.0203731 
-0.0187851 
-0.0172757 
-0.0158846 
-0.0146251 
-0.0134953 
-0.0124858 
-0.0115835 
-0.0107735 
-0.0100405 
-0.00936884 
-0.00874281 
-0.00814673 
-0.00756542 
-0.00698335 
-0.00638633 
-0.005759 
-0.00508832 
-0.00435821 
-0.00355623 
-0.00266476 
-0.00167423 
-0.000568848 
0.000657413 
0.00200761 
0.00350157 
0.00512715 
0.00687663 
0.00873455 
0.0106734 
0.0126563 
0.0146433 
0.0165971 
0.0184702 
0.0202137 
0.0217771 
0.0231117 
0.0241719 
0.0249177 
0.0253159 
0.0253408 
0.024972 
0.0241936 
0.02299 
0.0213502 
0.0192585 
0.0167174 
0.0137124 
0.0102879 
0.0064239 
0.00225119 
-0.00225119 
0.0023362 
-0.0023362 
-0.00694223 
-0.011408 
-0.0155071 
-0.0191398 
-0.0221189 
-0.0243358 
-0.0257174 
-0.0262521 
-0.0260241 
-0.025141 
-0.0237686 
-0.0220916 
-0.020287 
-0.0184982 
-0.0168189 
-0.015296 
-0.0139424 
-0.0127522 
-0.0117101 
-0.0107977 
-0.00999514 
-0.00928296 
-0.00864195 
-0.00805377 
-0.00750035 
-0.00696473 
-0.00642971 
-0.00587976 
-0.00529809 
-0.00467021 
-0.00397853 
-0.00320954 
-0.0023448 
-0.00137278 
-0.000278148 
0.000952354 
0.0023184 
0.00383673 
0.00550164 
0.00730626 
0.00922974 
0.0112411 
0.013298 
0.0153523 
0.0173484 
0.0192313 
0.020953 
0.0224726 
0.0237529 
0.0247588 
0.0254556 
0.025811 
0.0257956 
0.025384 
0.0245565 
0.0232964 
0.021595 
0.0194417 
0.0168445 
0.0137936 
0.0103341 
0.00644657 
0.00225686 
-0.00225686 
0.00229166 
-0.00229166 
-0.00686864 
-0.0113442 
-0.0154887 
-0.0192048 
-0.022286 
-0.0245992 
-0.0260468 
-0.0265951 
-0.0263229 
-0.0253447 
-0.0238272 
-0.0219713 
-0.0199745 
-0.0180038 
-0.0161714 
-0.0145338 
-0.0131045 
-0.0118731 
-0.0108182 
-0.00991536 
-0.00913945 
-0.00846654 
-0.00787389 
-0.00734037 
-0.00684561 
-0.0063709 
-0.00589741 
-0.00540834 
-0.00488541 
-0.00431248 
-0.00367031 
-0.00294371 
-0.00211342 
-0.00116548 
-8.53281e-05 
0.00114512 
0.00252838 
0.00407939 
0.0057929 
0.00766194 
0.00966453 
0.0117663 
0.0139182 
0.0160608 
0.0181278 
0.020052 
0.0217772 
0.0232574 
0.0244594 
0.0253579 
0.0259327 
0.0261661 
0.0260409 
0.0255385 
0.02464 
0.0233262 
0.0215848 
0.0194024 
0.0167858 
0.0137264 
0.0102694 
0.00639858 
0.00223582 
-0.00223582 
0.00219165 
-0.00219165 
-0.00662926 
-0.0110096 
-0.0151032 
-0.0188234 
-0.0219496 
-0.0243279 
-0.0258315 
-0.0264036 
-0.026112 
-0.0250821 
-0.0234703 
-0.0214871 
-0.0193434 
-0.0172291 
-0.015276 
-0.0135528 
-0.0120755 
-0.0108298 
-0.00978816 
-0.00891958 
-0.00819356 
-0.00758178 
-0.00705795 
-0.00659836 
-0.00618054 
-0.0057842 
-0.00538915 
-0.00497738 
-0.00452934 
-0.00402722 
-0.00345027 
-0.00278174 
-0.00200101 
-0.00109184 
-3.79193e-05 
0.00118178 
0.00257459 
0.0041562 
0.00592562 
0.00787643 
0.00998421 
0.0122086 
0.0144911 
0.0167603 
0.0189369 
0.0209412 
0.0227003 
0.0241538 
0.0252708 
0.0260335 
0.0264354 
0.0264783 
0.0261668 
0.0255015 
0.0244764 
0.0230774 
0.0212897 
0.0190941 
0.0164903 
0.0134651 
0.0100598 
0.00626017 
0.00218273 
-0.00218273 
0.002026 
-0.002026 
-0.00619024 
-0.0103432 
-0.0142591 
-0.0178718 
-0.0209561 
-0.0233445 
-0.0248796 
-0.0254806 
-0.0251968 
-0.0241727 
-0.0225393 
-0.0205066 
-0.0182884 
-0.0160925 
-0.0140705 
-0.0123057 
-0.0108194 
-0.00959511 
-0.00859935 
-0.00779503 
-0.00714624 
-0.00662047 
-0.0061882 
-0.00582342 
-0.0055019 
-0.00520213 
-0.00490282 
-0.00458497 
-0.00422794 
-0.0038123 
-0.00331612 
-0.00272116 
-0.00200529 
-0.00114987 
-0.000134846 
0.00106139 
0.00245533 
0.00406362 
0.00588962 
0.00792679 
0.0101475 
0.0125034 
0.0149249 
0.0173278 
0.0196199 
0.0217092 
0.0235115 
0.0249547 
0.0259984 
0.0266304 
0.0268514 
0.0266791 
0.0261414 
0.0252644 
0.0240651 
0.0225447 
0.0206941 
0.0184911 
0.0159267 
0.0129794 
0.009681 
0.00601641 
0.00209312 
-0.00209312 
0.00178695 
-0.00178695 
-0.00552448 
-0.00929406 
-0.0128763 
-0.0162361 
-0.0191553 
-0.021469 
-0.022992 
-0.0236196 
-0.0233725 
-0.0224247 
-0.0208642 
-0.0188869 
-0.0166956 
-0.0145074 
-0.0124907 
-0.0107457 
-0.00930235 
-0.00814445 
-0.00723439 
-0.00652958 
-0.00598929 
-0.00557735 
-0.00526157 
-0.00501418 
-0.00480975 
-0.00462602 
-0.00444103 
-0.00423522 
-0.00398709 
-0.00367595 
-0.00327927 
-0.00277743 
-0.00214654 
-0.00136515 
-0.00040847 
0.000746167 
0.00212476 
0.00374614 
0.00561771 
0.00773134 
0.0100532 
0.0125246 
0.0150642 
0.0175774 
0.019964 
0.0221257 
0.0239686 
0.0254191 
0.0264009 
0.0269159 
0.0269662 
0.0265828 
0.0258158 
0.024717 
0.0233291 
0.0216749 
0.0197582 
0.01756 
0.0150652 
0.012243 
0.00911262 
0.00565442 
0.00196282 
-0.00196282 
0.00147052 
-0.00147052 
-0.00461659 
-0.00783092 
-0.0109014 
-0.0138328 
-0.0164262 
-0.0185426 
-0.0199846 
-0.020629 
-0.0204496 
-0.0196586 
-0.0182838 
-0.0164901 
-0.0144539 
-0.0123891 
-0.0104756 
-0.00883009 
-0.00749491 
-0.0064581 
-0.00568034 
-0.00511514 
-0.00471803 
-0.00445003 
-0.00427715 
-0.00417065 
-0.0041046 
-0.00405664 
-0.00400475 
-0.00392928 
-0.00380828 
-0.00362046 
-0.00334333 
-0.00295584 
-0.00243239 
-0.00174821 
-0.000874048 
0.00021591 
0.00155407 
0.00316288 
0.0050504 
0.00720341 
0.00957807 
0.0121041 
0.0146915 
0.0172422 
0.0196575 
0.0218406 
0.0236948 
0.0251453 
0.0260838 
0.0265121 
0.0264302 
0.025877 
0.0249226 
0.0236419 
0.0221017 
0.0203467 
0.0183969 
0.0162412 
0.0138632 
0.011225 
0.00833308 
0.00516117 
0.00178756 
-0.00178756 
0.00107741 
-0.00107741 
-0.00346724 
-0.00595204 
-0.00832461 
-0.0106359 
-0.0127125 
-0.0144658 
-0.015718 
-0.0163629 
-0.0162946 
-0.015745 
-0.0146765 
-0.0132065 
-0.0114712 
-0.00966606 
-0.00797341 
-0.0065243 
-0.00537554 
-0.00452351 
-0.00393079 
-0.00354938 
-0.00333268 
-0.0032403 
-0.00323753 
-0.00329571 
-0.00338942 
-0.00349698 
-0.00359705 
-0.00367053 
-0.0036956 
-0.00365129 
-0.00351572 
-0.00326652 
-0.0028766 
-0.00231757 
-0.001557 
-0.000562517 
0.000696473 
0.00224788 
0.00409452 
0.00621222 
0.0085441 
0.0110109 
0.0135221 
0.0159886 
0.0183263 
0.0204502 
0.0222713 
0.0237047 
0.024635 
0.0250149 
0.0248572 
0.024203 
0.0231415 
0.0217664 
0.0201628 
0.0183925 
0.0164893 
0.0144515 
0.0122648 
0.00988853 
0.00731875 
0.00452333 
0.00156309 
-0.00156309 
0.000612511 
-0.000612511 
-0.00209387 
-0.00368981 
-0.00518959 
-0.00669856 
-0.00806647 
-0.0092727 
-0.0101733 
-0.0107761 
-0.0108746 
-0.0106409 
-0.00999168 
-0.00897967 
-0.00769285 
-0.00629262 
-0.00495123 
-0.00380771 
-0.00293397 
-0.00233786 
-0.00198761 
-0.00183682 
-0.00183913 
-0.00195439 
-0.00214868 
-0.00239465 
-0.00266856 
-0.00295042 
-0.00322045 
-0.00346081 
-0.00365059 
-0.00377032 
-0.00379914 
-0.00371389 
-0.00348645 
-0.00308572 
-0.00247609 
-0.00162159 
-0.000491795 
0.00093268 
0.00264789 
0.00461185 
0.00675619 
0.0090009 
0.011268 
0.0134929 
0.0156186 
0.0175807 
0.0193064 
0.0207003 
0.0216508 
0.022037 
0.0218825 
0.0212204 
0.0201622 
0.0188187 
0.0172866 
0.0156351 
0.0139048 
0.0120999 
0.0102101 
0.00819577 
0.00604694 
0.00372887 
0.00128577 
-0.00128577 
8.1485e-05 
-8.1485e-05 
-0.000526212 
-0.00111199 
-0.00159563 
-0.00215338 
-0.00264475 
-0.00313008 
-0.00350627 
-0.00397475 
-0.00430689 
-0.00443937 
-0.00428477 
-0.00383157 
-0.00311858 
-0.0022597 
-0.00140129 
-0.000678327 
-0.000173935 
9.04422e-05 
0.00013762 
9.56071e-06 
-0.000250203 
-0.000603897 
-0.00102054 
-0.00147573 
-0.00194855 
-0.00242173 
-0.00287819 
-0.00330209 
-0.00367451 
-0.00397862 
-0.00419512 
-0.00430105 
-0.00426825 
-0.00406414 
-0.00365171 
-0.00299423 
-0.00206465 
-0.000858187 
0.000598352 
0.00225137 
0.00402751 
0.00585992 
0.00769858 
0.0095161 
0.0112886 
0.0129777 
0.0145329 
0.015855 
0.0168451 
0.0172822 
0.0172062 
0.0166442 
0.015729 
0.0145797 
0.0132929 
0.0119337 
0.0105389 
0.00911413 
0.00765194 
0.00611845 
0.00450214 
0.00277099 
0.000954278 
-0.000954278 
-0.000502904 
0.000502904 
0.00119177 
0.0017008 
0.00232021 
0.00280959 
0.00327567 
0.00358943 
0.00373383 
0.00350581 
0.00304793 
0.00259539 
0.0022657 
0.00212541 
0.00219049 
0.00240515 
0.00266432 
0.0028529 
0.00288873 
0.0027413 
0.00242311 
0.00196816 
0.00141398 
0.000793149 
0.000131665 
-0.000550523 
-0.00123752 
-0.00191625 
-0.00257302 
-0.00319483 
-0.00376604 
-0.00427355 
-0.00470039 
-0.00502529 
-0.00522153 
-0.00525718 
-0.00509653 
-0.00470688 
-0.00407092 
-0.00320106 
-0.00214709 
-0.000977949 
0.000243017 
0.00147879 
0.00272341 
0.00398541 
0.00526997 
0.00656354 
0.00784152 
0.00901753 
0.0100419 
0.0106141 
0.0107027 
0.0103363 
0.00970486 
0.00893248 
0.00809041 
0.00722052 
0.00634413 
0.00546282 
0.00457233 
0.00364835 
0.00268243 
0.00165138 
0.000570412 
-0.000570412 
-0.0011245 
0.0011245 
0.00301754 
0.00468054 
0.00643037 
0.00799068 
0.00939296 
0.0104558 
0.0110613 
0.0111172 
0.0107235 
0.010085 
0.00936643 
0.00867922 
0.00809095 
0.00760873 
0.00718449 
0.00674252 
0.00621818 
0.00558202 
0.0048388 
0.0040122 
0.00313006 
0.00221666 
0.00129101 
0.000367011 
-0.000545619 
-0.00143988 
-0.00230738 
-0.00313828 
-0.00392172 
-0.00464924 
-0.00530738 
-0.00587834 
-0.0063388 
-0.00666035 
-0.00681263 
-0.00677247 
-0.00653857 
-0.00614327 
-0.00564919 
-0.00512282 
-0.00460561 
-0.0040948 
-0.00355781 
-0.00296035 
-0.00227802 
-0.00150625 
-0.000651336 
0.000226704 
0.00110865 
0.00173931 
0.00209611 
0.00216837 
0.00206985 
0.0019144 
0.00173474 
0.00154974 
0.00136493 
0.00118014 
0.000997869 
0.00080801 
0.000607586 
0.000389865 
0.000145019 
-0.000145019 
-0.00177273 
0.00177273 
0.00492533 
0.00778081 
0.010647 
0.0132471 
0.0155225 
0.0172658 
0.0183327 
0.0186978 
0.0184381 
0.0177244 
0.0167217 
0.0155644 
0.0143581 
0.0131683 
0.0120135 
0.0108753 
0.00972399 
0.00854139 
0.00732805 
0.00609666 
0.00486292 
0.0036402 
0.00243801 
0.00126225 
0.000116576 
-0.000998704 
-0.00208261 
-0.00312967 
-0.00413484 
-0.00509524 
-0.00600229 
-0.00684363 
-0.00760165 
-0.0082548 
-0.00878228 
-0.00917526 
-0.00945099 
-0.00965773 
-0.00985857 
-0.0100983 
-0.0103797 
-0.0106656 
-0.0109017 
-0.0110389 
-0.0110437 
-0.0109011 
-0.01061 
-0.0101984 
-0.00968334 
-0.00910288 
-0.0083825 
-0.00762743 
-0.00691622 
-0.0062282 
-0.00555958 
-0.00490567 
-0.0042649 
-0.00363217 
-0.00299453 
-0.00234373 
-0.00167799 
-0.000982832 
-0.000309603 
0.000309603 
-0.00244348 
0.00244348 
0.00690458 
0.0109776 
0.0149257 
0.0185037 
0.0215808 
0.0239493 
0.0254761 
0.0261625 
0.0260761 
0.0253474 
0.0241256 
0.0225524 
0.020762 
0.018873 
0.0169721 
0.0151061 
0.0132912 
0.011529 
0.00982001 
0.00816608 
0.00656934 
0.00503046 
0.00354801 
0.00211879 
0.000738672 
-0.000598519 
-0.00189894 
-0.00316421 
-0.00439553 
-0.00559653 
-0.006765 
-0.00789582 
-0.00897963 
-0.0100048 
-0.0109636 
-0.0118633 
-0.0127368 
-0.0136373 
-0.0146128 
-0.0156757 
-0.0167935 
-0.0179038 
-0.0189396 
-0.0198454 
-0.0205807 
-0.0211185 
-0.0214377 
-0.0215146 
-0.0212933 
-0.0206243 
-0.0195281 
-0.0181312 
-0.0165951 
-0.0150171 
-0.0134403 
-0.0118815 
-0.0103435 
-0.00881664 
-0.00727987 
-0.00571018 
-0.00410246 
-0.00242881 
-0.000784021 
0.000784021 
-0.00313639 
0.00313639 
0.00895474 
0.0142672 
0.019262 
0.0237473 
0.0275582 
0.0305053 
0.0324741 
0.0334713 
0.0335545 
0.0328247 
0.0314071 
0.0294412 
0.0270854 
0.0245087 
0.0218652 
0.0192691 
0.0167854 
0.0144394 
0.0122329 
0.0101576 
0.00820136 
0.00635139 
0.00459466 
0.00291833 
0.0013097 
-0.000243749 
-0.00175519 
-0.0032347 
-0.00469051 
-0.00613327 
-0.00756855 
-0.00900012 
-0.010429 
-0.0118559 
-0.0132875 
-0.0147458 
-0.016271 
-0.0179081 
-0.0196785 
-0.0215603 
-0.0234926 
-0.025398 
-0.0272011 
-0.0288373 
-0.0302508 
-0.0313904 
-0.0321984 
-0.0325998 
-0.0324907 
-0.0317206 
-0.0303441 
-0.0284671 
-0.0262706 
-0.0239132 
-0.0214919 
-0.0190536 
-0.0166145 
-0.014168 
-0.0116928 
-0.00916156 
-0.0065698 
-0.00389369 
-0.00126261 
0.00126261 
-0.00385159 
0.00385159 
0.0110756 
0.0176511 
0.0236706 
0.0290011 
0.0334839 
0.0369586 
0.0393297 
0.0406029 
0.0408219 
0.0400597 
0.0384196 
0.0360427 
0.0331155 
0.0298586 
0.0264914 
0.0231903 
0.0200648 
0.0171608 
0.0144807 
0.0120056 
0.00970938 
0.00756607 
0.00555125 
0.00364268 
0.00181935 
6.21146e-05 
-0.00164885 
-0.00333195 
-0.00500356 
-0.00668141 
-0.00838001 
-0.0101131 
-0.0118936 
-0.0137358 
-0.0156601 
-0.0176977 
-0.0198865 
-0.0222518 
-0.0247836 
-0.0274299 
-0.0301109 
-0.0327388 
-0.0352289 
-0.0375023 
-0.0394816 
-0.0410868 
-0.042228 
-0.0428064 
-0.0427205 
-0.0418625 
-0.0402902 
-0.0380855 
-0.0354159 
-0.0324496 
-0.0293133 
-0.0260819 
-0.0227906 
-0.0194454 
-0.0160348 
-0.0125401 
-0.00896597 
-0.00531057 
-0.00172471 
0.00172471 
-0.00458471 
0.00458471 
0.0132517 
0.0211114 
0.0281493 
0.0342831 
0.0393859 
0.0433337 
0.046049 
0.0475348 
0.0478105 
0.0469317 
0.0449934 
0.0421502 
0.0386272 
0.0346998 
0.030647 
0.0266959 
0.0229887 
0.0195836 
0.0164795 
0.0136465 
0.0110457 
0.00863917 
0.00639251 
0.00427497 
0.00225823 
0.000316508 
-0.00157588 
-0.00344506 
-0.00531609 
-0.00721363 
-0.00916168 
-0.0111845 
-0.0133075 
-0.0155582 
-0.0179682 
-0.0205716 
-0.0233941 
-0.0264347 
-0.0296525 
-0.0329719 
-0.0363003 
-0.0395421 
-0.0426031 
-0.0453891 
-0.0478033 
-0.0497451 
-0.0511093 
-0.0517962 
-0.0517194 
-0.050803 
-0.0491002 
-0.0466789 
-0.0436814 
-0.0402603 
-0.0365465 
-0.0326314 
-0.0285689 
-0.0243839 
-0.0200837 
-0.0156703 
-0.0111679 
-0.00660765 
-0.00214786 
0.00214786 
-0.00531985 
0.00531985 
0.0154314 
0.0245727 
0.0326223 
0.0395298 
0.0452062 
0.049564 
0.0525433 
0.0541447 
0.0543596 
0.0532423 
0.0508984 
0.0475168 
0.043375 
0.0388055 
0.0341357 
0.0296252 
0.0254308 
0.0216106 
0.0181556 
0.0150246 
0.0121683 
0.00953959 
0.00709624 
0.00480062 
0.00261849 
0.000518127 
-0.00153094 
-0.00356197 
-0.00560815 
-0.00770076 
-0.00987309 
-0.0121598 
-0.0145984 
-0.0172284 
-0.0200892 
-0.0232113 
-0.0266025 
-0.0302327 
-0.034033 
-0.0379102 
-0.0417631 
-0.0454913 
-0.0489937 
-0.0521663 
-0.0549006 
-0.0570857 
-0.0586115 
-0.0593825 
-0.0593247 
-0.0583807 
-0.0565981 
-0.0540337 
-0.0508045 
-0.0470411 
-0.0428662 
-0.0383773 
-0.0336436 
-0.0287111 
-0.023612 
-0.0183768 
-0.0130567 
-0.00771645 
-0.0025103 
0.0025103 
-0.00602352 
0.00602352 
0.0175095 
0.0278716 
