0 
-0.000811193 
7.97828e-05 
0.00350675 
0.00896367 
0.0159291 
0.0238675 
0.0323685 
0.0411135 
0.0498662 
0.0584499 
0.0667283 
0.0745908 
0.0819416 
0.0886933 
0.094764 
0.100077 
0.104564 
0.108168 
0.110849 
0.112597 
0.11342 
0.113347 
0.112421 
0.110702 
0.108271 
0.105222 
0.101661 
0.0976929 
0.093419 
0.0889227 
0.0842604 
0.0794535 
0.0744901 
0.0693416 
0.064 
0.058519 
0.0530275 
0.047694 
0.0426659 
0.0380294 
0.0338104 
0.0299956 
0.0265537 
0.0234475 
0.0206407 
0.0181008 
0.0158 
0.013715 
0.0118268 
0.0101203 
0.00858302 
0.00720491 
0.00597742 
0.00489319 
0.00394536 
0.00312742 
0.00243214 
0.00185081 
0.00137333 
0.000988074 
0.000681771 
0.000439378 
0.00024417 
7.80254e-05 
0 
0.000811193 
-0.000811193 
7.97828e-05 
0.00350675 
0.00896367 
0.0159291 
0.0238675 
0.0323685 
0.0411135 
0.0498662 
0.0584499 
0.0667283 
0.0745908 
0.0819416 
0.0886933 
0.094764 
0.100077 
0.104564 
0.108168 
0.110849 
0.112597 
0.11342 
0.113347 
0.112421 
0.110702 
0.108271 
0.105222 
0.101661 
0.0976929 
0.093419 
0.0889227 
0.0842604 
0.0794535 
0.0744901 
0.0693416 
0.064 
0.058519 
0.0530275 
0.047694 
0.0426659 
0.0380294 
0.0338104 
0.0299956 
0.0265537 
0.0234475 
0.0206407 
0.0181008 
0.0158 
0.013715 
0.0118268 
0.0101203 
0.00858302 
0.00720491 
0.00597742 
0.00489319 
0.00394536 
0.00312742 
0.00243214 
0.00185081 
0.00137333 
0.000988074 
0.000681771 
0.000439378 
0.00024417 
7.80254e-05 
-7.80254e-05 
0.000121656 
-0.000121656 
0.00292964 
0.00787323 
0.0142702 
0.0216879 
0.0297479 
0.0381508 
0.0466627 
0.0551069 
0.0633494 
0.0712839 
0.0788196 
0.0858737 
0.0923657 
0.0982163 
0.103348 
0.107687 
0.11117 
0.113747 
0.115382 
0.116061 
0.115811 
0.114672 
0.112703 
0.109987 
0.106622 
0.102718 
0.0983865 
0.0937368 
0.0888652 
0.0838453 
0.0787206 
0.0735019 
0.0681799 
0.0627558 
0.05728 
0.0518653 
0.0466557 
0.0417724 
0.0372805 
0.0331925 
0.0294889 
0.0261371 
0.0231017 
0.0203497 
0.0178519 
0.0155835 
0.0135235 
0.0116547 
0.009963 
0.00843692 
0.00706719 
0.00584617 
0.00476741 
0.00382494 
0.00301255 
0.00232345 
0.00175023 
0.00128298 
0.000910122 
0.000618361 
0.000392476 
0.000215339 
6.82914e-05 
-6.82914e-05 
-0.00158955 
0.00158955 
0.00649426 
0.0124315 
0.0191942 
0.0265709 
0.0343137 
0.0422238 
0.0501462 
0.0579657 
0.0655943 
0.0729586 
0.0799897 
0.0866172 
0.0927664 
0.0983584 
0.103312 
0.107548 
0.110993 
0.113586 
0.115279 
0.116017 
0.115821 
0.114713 
0.112741 
0.109979 
0.106519 
0.102467 
0.097937 
0.0930452 
0.0878995 
0.0825924 
0.0771925 
0.0717401 
0.0662543 
0.060758 
0.0553094 
0.0500109 
0.0449793 
0.0403018 
0.0360148 
0.0321131 
0.0285697 
0.0253509 
0.0224238 
0.0197589 
0.0173308 
0.0151178 
0.0131021 
0.0112686 
0.00960529 
0.00810259 
0.00675275 
0.00554938 
0.004487 
0.00356052 
0.00276474 
0.00209389 
0.00154045 
0.00109604 
0.000749667 
0.000488251 
0.000296376 
0.000156291 
4.83468e-05 
-4.83468e-05 
-0.00257332 
0.00257332 
0.00849556 
0.0149946 
0.0218666 
0.0289997 
0.036233 
0.0434623 
0.0506183 
0.0576552 
0.0645368 
0.0712244 
0.0776699 
0.0838125 
0.0895791 
0.0948874 
0.0996492 
0.103776 
0.107186 
0.109808 
0.11159 
0.112461 
0.112433 
0.111513 
0.109731 
0.107144 
0.10383 
0.0998817 
0.0954069 
0.0905187 
0.0853303 
0.0799468 
0.0744557 
0.0689227 
0.0633966 
0.0579291 
0.0525971 
0.0474996 
0.0427273 
0.0383301 
0.0343129 
0.0306526 
0.027316 
0.0242699 
0.0214851 
0.0189363 
0.0166024 
0.0144655 
0.0125108 
0.0107262 
0.00910215 
0.00763101 
0.006307 
0.00512549 
0.00408283 
0.0031756 
0.00240001 
0.00175211 
0.00122599 
0.000814474 
0.000507024 
0.000290928 
0.000150375 
6.64452e-05 
1.79557e-05 
-1.79557e-05 
-0.00281714 
0.00281714 
0.00914465 
0.0158571 
0.022579 
0.0292497 
0.0357883 
0.0421879 
0.0484652 
0.0546413 
0.0607258 
0.0667076 
0.0725514 
0.0781998 
0.0835766 
0.0885918 
0.0931479 
0.0971459 
0.100493 
0.103111 
0.104949 
0.105933 
0.106074 
0.105374 
0.10385 
0.101547 
0.0985266 
0.0948637 
0.0906498 
0.0859878 
0.0809863 
0.075752 
0.0703818 
0.0649585 
0.0595574 
0.0542619 
0.0491719 
0.0443855 
0.0399653 
0.0359232 
0.0322345 
0.0288619 
0.0257693 
0.0229268 
0.0203101 
0.0178991 
0.0156773 
0.0136309 
0.0117488 
0.010022 
0.00844377 
0.00700918 
0.00571489 
0.0045586 
0.00353902 
0.00265487 
0.00190491 
0.00128724 
0.000796871 
0.00042903 
0.000174216 
1.94712e-05 
-5.11751e-05 
-5.80367e-05 
-2.4282e-05 
2.4282e-05 
-0.0027893 
0.0027893 
0.00903772 
0.0155371 
0.0217768 
0.0277445 
0.0334294 
0.0389084 
0.0442672 
0.049576 
0.0548751 
0.0601683 
0.0654253 
0.0705871 
0.0755729 
0.080286 
0.0846199 
0.0884652 
0.0917193 
0.0942965 
0.0961445 
0.0971911 
0.0974531 
0.0969341 
0.0956541 
0.0936518 
0.0909763 
0.0876884 
0.0838619 
0.079583 
0.0749471 
0.0700525 
0.0649945 
0.0598648 
0.0547605 
0.0497953 
0.0450896 
0.0407349 
0.0367615 
0.0331444 
0.0298352 
0.0267885 
0.0239703 
0.0213563 
0.0189284 
0.0166725 
0.0145769 
0.0126324 
0.0108318 
0.0091695 
0.00764212 
0.00624758 
0.00498543 
0.00385604 
0.00286097 
0.00200194 
0.00127968 
0.000695949 
0.000248727 
-6.59337e-05 
-0.000255046 
-0.000332171 
-0.000313399 
-0.000220648 
-7.96135e-05 
7.96135e-05 
-0.00259807 
0.00259807 
0.00839884 
0.014336 
0.0198182 
0.0249055 
0.0296454 
0.0341765 
0.0386271 
0.0430947 
0.047633 
0.0522505 
0.0569171 
0.061573 
0.0661361 
0.0705076 
0.074576 
0.0782234 
0.0813367 
0.0838223 
0.085627 
0.0866836 
0.08702 
0.0866489 
0.0855954 
0.0838965 
0.081593 
0.0787327 
0.0753736 
0.0715843 
0.0674429 
0.0630332 
0.0584419 
0.0537643 
0.0491165 
0.0446381 
0.0404599 
0.0366537 
0.0332119 
0.0300769 
0.0271856 
0.0244925 
0.02197 
0.0196018 
0.0173771 
0.0152879 
0.0133281 
0.0114929 
0.00977913 
0.00818505 
0.0067104 
0.00535636 
0.00412543 
0.00302129 
0.00204881 
0.00121237 
0.000518414 
-2.91017e-05 
-0.000427079 
-0.000679758 
-0.0007923 
-0.000775561 
-0.000646102 
-0.000427843 
-0.000150345 
0.000150345 
-0.002292 
0.002292 
0.00736918 
0.0124838 
0.0170245 
0.0211385 
0.0249082 
0.0285065 
0.0320778 
0.0357273 
0.0395097 
0.0434331 
0.0474687 
0.0515603 
0.0556319 
0.0595904 
0.0633261 
0.0667167 
0.0696398 
0.0719934 
0.0737188 
0.0747482 
0.0751274 
0.0748837 
0.0740518 
0.0726673 
0.0707631 
0.0683743 
0.0655433 
0.0623213 
0.0587681 
0.0549504 
0.0509448 
0.0468504 
0.042802 
0.0389558 
0.0354349 
0.0322748 
0.0294272 
0.0268106 
0.0243588 
0.0220336 
0.0198179 
0.0177045 
0.0156905 
0.0137741 
0.0119544 
0.0102315 
0.0086059 
0.00707971 
0.00565605 
0.00433925 
0.00313553 
0.00205155 
0.00109693 
0.000280665 
-0.000384791 
-0.000893024 
-0.00124213 
-0.00142763 
-0.00145268 
-0.00132534 
-0.00106176 
-0.000688335 
-0.00023966 
0.00023966 
-0.00190489 
0.00190489 
0.0060684 
0.0101913 
0.0136998 
0.0168169 
0.0196327 
0.0223283 
0.0250438 
0.0278778 
0.0308805 
0.0340594 
0.037391 
0.0408285 
0.044308 
0.0477503 
0.0510563 
0.0541065 
0.0567729 
0.0589469 
0.0605604 
0.0615524 
0.0619877 
0.0619037 
0.0613354 
0.0603111 
0.0588536 
0.0569861 
0.0547374 
0.0521432 
0.0492462 
0.0460978 
0.0427688 
0.0393674 
0.036045 
0.0329584 
0.030198 
0.0277494 
0.0255272 
0.0234406 
0.0214313 
0.0194752 
0.0175672 
0.0157099 
0.0139077 
0.0121649 
0.0104856 
0.00887418 
0.00733514 
0.00587387 
0.00449674 
0.00321162 
0.00202747 
0.000956514 
1.17018e-05 
-0.000787285 
-0.00143338 
-0.0019115 
-0.00221457 
-0.00233124 
-0.00225935 
-0.00200373 
-0.00157929 
-0.00101517 
-0.000352366 
0.000352366 
-0.00146585 
0.00146585 
0.00460424 
0.00764737 
0.0101093 
0.0122505 
0.0141499 
0.0159748 
0.0178485 
0.0198549 
0.0220398 
0.024412 
0.0269575 
0.0296425 
0.0324183 
0.0352243 
0.0379824 
0.0405887 
0.0429207 
0.0448671 
0.0463451 
0.0473143 
0.0478574 
0.0480071 
0.0477808 
0.0471887 
0.0462396 
0.0449467 
0.0433281 
0.0414072 
0.0392133 
0.0367896 
0.03421 
0.0315979 
0.0291122 
0.0268839 
0.0249461 
0.0232306 
0.0216294 
0.0200582 
0.0184769 
0.0168781 
0.0152692 
0.0136614 
0.0120658 
0.0104921 
0.00894881 
0.00744408 
0.00598581 
0.0045825 
0.00324348 
0.0019797 
0.000804671 
-0.000263709 
-0.00120495 
-0.00200473 
-0.00264412 
-0.00310365 
-0.00336695 
-0.00341555 
-0.00323961 
-0.00283823 
-0.00222309 
-0.00142579 
-0.000495026 
0.000495026 
-0.00100022 
0.00100022 
0.00307105 
0.00501302 
0.00646663 
0.00767755 
0.00870886 
0.00969668 
0.0107422 
0.0119114 
0.0132476 
0.0147633 
0.0164571 
0.0183085 
0.0202843 
0.022341 
0.0244269 
0.0264719 
0.0283765 
0.0300317 
0.0313679 
0.0323947 
0.0331515 
0.033633 
0.0338281 
0.0337294 
0.0333364 
0.0326552 
0.0316964 
0.0304745 
0.0290122 
0.0273543 
0.0255893 
0.023854 
0.0222915 
0.0209751 
0.0198672 
0.0188579 
0.0178384 
0.0167457 
0.015563 
0.0142993 
0.0129726 
0.0116015 
0.0102023 
0.008789 
0.0073739 
0.0059681 
0.00458233 
0.00322752 
0.00191586 
0.000661306 
-0.000515392 
-0.00159397 
-0.00255444 
-0.00337563 
-0.0040297 
-0.00448854 
-0.00472661 
-0.00471461 
-0.00443174 
-0.00386777 
-0.00302808 
-0.00194536 
-0.000677291 
0.000677291 
-0.00052817 
0.00052817 
0.00154477 
0.00241575 
0.00292958 
0.00327045 
0.00349106 
0.00368382 
0.0039268 
0.00426832 
0.00475147 
0.0053945 
0.00620876 
0.00718799 
0.00831327 
0.00955531 
0.0108841 
0.0122753 
0.013688 
0.0150221 
0.0162692 
0.0174463 
0.018485 
0.0193428 
0.019987 
0.0203998 
0.0205751 
0.0205135 
0.0202196 
0.0197035 
0.0189899 
0.0181373 
0.0172516 
0.0164638 
0.0158661 
0.0154508 
0.0151181 
0.0147433 
0.014239 
0.013572 
0.0127479 
0.0117893 
0.0107219 
0.00956949 
0.00835224 
0.00708725 
0.00578932 
0.00447182 
0.00314725 
0.00182871 
0.000530257 
-0.000727791 
-0.00192398 
-0.00303785 
-0.00404367 
-0.00491191 
-0.00560657 
-0.00609025 
-0.00632548 
-0.00626846 
-0.00588206 
-0.005141 
-0.00403907 
-0.00260711 
-0.000912192 
0.000912192 
-6.15139e-05 
6.15139e-05 
7.80892e-05 
-5.07073e-05 
-0.00039298 
-0.000849038 
-0.00137237 
-0.00191922 
-0.00243321 
-0.00288049 
-0.00321749 
-0.00341866 
-0.00346028 
-0.00333338 
-0.00304011 
-0.00259374 
-0.00200951 
-0.00128149 
-0.000364572 
0.000710886 
0.00195754 
0.00326998 
0.00454483 
0.00572628 
0.00677472 
0.00766272 
0.00837702 
0.00891104 
0.00926508 
0.00945089 
0.00950386 
0.00950158 
0.00955112 
0.00973926 
0.0100758 
0.0104756 
0.0108078 
0.0109645 
0.0108932 
0.0105904 
0.0100792 
0.00939098 
0.0085562 
0.00760141 
0.00654901 
0.0054179 
0.00422432 
0.00298273 
0.00170685 
0.000410599 
-0.000887953 
-0.00216773 
-0.00340819 
-0.00458495 
-0.00566613 
-0.00661546 
-0.00738784 
-0.00793375 
-0.00820109 
-0.00812598 
-0.00764798 
-0.00671851 
-0.00531201 
-0.00345258 
-0.00121623 
0.00121623 
0.000399791 
-0.000399791 
-0.00130268 
-0.00232333 
-0.0034287 
-0.00459569 
-0.00578749 
-0.00700362 
-0.00820683 
-0.00937355 
-0.0104606 
-0.0114342 
-0.012259 
-0.0129084 
-0.0133628 
-0.0136107 
-0.0136433 
-0.0134428 
-0.0129462 
-0.0121396 
-0.011009 
-0.00967062 
-0.00825481 
-0.00682574 
-0.00543532 
-0.00412256 
-0.00290947 
-0.00180862 
-0.000819324 
7.88611e-05 
0.000934782 
0.00182669 
0.00282254 
0.00393044 
0.00507855 
0.00613972 
0.00699209 
0.00756462 
0.00784075 
0.00783935 
0.00759386 
0.00713971 
0.006509 
0.0057291 
0.00482308 
0.00381025 
0.00270713 
0.0015282 
0.000287089 
-0.00100152 
-0.00231754 
-0.00364265 
-0.0049545 
-0.00622519 
-0.00741813 
-0.00849006 
-0.00938649 
-0.0100431 
-0.0103904 
-0.0103367 
-0.00978775 
-0.00866032 
-0.0069003 
-0.0045198 
-0.00160439 
0.00160439 
0.000845033 
-0.000845033 
-0.00257118 
-0.0043633 
-0.00613733 
-0.00792304 
-0.0096967 
-0.011493 
-0.0132918 
-0.0150795 
-0.0168142 
-0.0184561 
-0.0199592 
-0.0212804 
-0.0223781 
-0.0232141 
-0.023753 
-0.0239597 
-0.02379 
-0.0232436 
-0.0223049 
-0.0210323 
-0.0195647 
-0.0179677 
-0.0163043 
-0.0146219 
-0.0129492 
-0.0113004 
-0.00967107 
-0.00803529 
-0.00634873 
-0.00457367 
-0.00271632 
-0.000843491 
0.00092311 
0.00245853 
0.00368058 
0.00455871 
0.00510281 
0.0053438 
0.0053187 
0.00506305 
0.00460814 
0.00398049 
0.00320237 
0.00229243 
0.00126595 
0.000136396 
-0.00108496 
-0.00238003 
-0.0037331 
-0.00512666 
-0.00653769 
-0.00793648 
-0.00928317 
-0.0105278 
-0.0116062 
-0.0124349 
-0.0129224 
-0.0129374 
-0.0123378 
-0.0109933 
-0.00881645 
-0.00580964 
-0.00207505 
0.00207505 
0.00125419 
-0.00125419 
-0.00370421 
-0.00616246 
-0.00851356 
-0.0108233 
-0.0130796 
-0.0153465 
-0.0176218 
-0.0199035 
-0.022153 
-0.0243276 
-0.026374 
-0.0282371 
-0.0298592 
-0.0311833 
-0.0321561 
-0.0327273 
-0.0328536 
-0.0325326 
-0.0317593 
-0.0305702 
-0.0290888 
-0.0273714 
-0.0254814 
-0.0234676 
-0.0213606 
-0.0191755 
-0.016911 
-0.0145549 
-0.0121 
-0.00957175 
-0.00704406 
-0.00463025 
-0.00245672 
-0.000614968 
0.00084998 
0.00194187 
0.0026862 
0.00311756 
0.00327174 
0.0031817 
0.00287615 
0.00237949 
0.00171224 
0.000890574 
-7.26672e-05 
-0.00116771 
-0.0023799 
-0.00369625 
-0.00510431 
-0.00658849 
-0.00812702 
-0.00969032 
-0.0112368 
-0.0127102 
-0.0140347 
-0.0151035 
-0.0157912 
-0.0159097 
-0.0152514 
-0.0136361 
-0.0109568 
-0.00722854 
-0.00258703 
0.00258703 
0.00161926 
-0.00161926 
-0.00469827 
-0.00772932 
-0.0105698 
-0.0133097 
-0.0159453 
-0.0185648 
-0.021185 
-0.0238174 
-0.0264304 
-0.0289816 
-0.0314147 
-0.0336679 
-0.0356742 
-0.0373648 
-0.0386742 
-0.0395419 
-0.0399217 
-0.039803 
-0.0391744 
-0.0380611 
-0.0365714 
-0.0347506 
-0.0326568 
-0.0303366 
-0.027823 
-0.0251391 
-0.0223022 
-0.019335 
-0.0162829 
-0.0132271 
-0.0102793 
-0.00756024 
-0.00516884 
-0.00315936 
-0.00154331 
-0.000303534 
0.000587577 
0.00116594 
0.00146388 
0.00151047 
0.00133101 
0.000946604 
0.00037484 
-0.000372853 
-0.00128602 
-0.00235398 
-0.00356644 
-0.00491559 
-0.00639299 
-0.00798677 
-0.00967879 
-0.011442 
-0.0132345 
-0.014994 
-0.0166273 
-0.0179948 
-0.0189109 
-0.0191102 
-0.0183145 
-0.0163207 
-0.0130493 
-0.00856727 
-0.00305658 
0.00305658 
0.00194022 
-0.00194022 
-0.00556067 
-0.00908086 
-0.012331 
-0.0154151 
-0.018332 
-0.0211886 
-0.024021 
-0.0268574 
-0.0296763 
-0.0324393 
-0.0350908 
-0.0375678 
-0.0398 
-0.0417142 
-0.0432382 
-0.0443048 
-0.0448623 
-0.0448908 
-0.0443697 
-0.0433154 
-0.0418136 
-0.0399012 
-0.0376302 
-0.0350477 
-0.0321956 
-0.0291153 
-0.0258544 
-0.0224765 
-0.0190695 
-0.0157436 
-0.012615 
-0.00978419 
-0.00731576 
-0.00523519 
-0.00353806 
-0.0022043 
-0.00120593 
-0.000513588 
-0.000100225 
5.9013e-05 
-1.43059e-05 
-0.00030305 
-0.00079426 
-0.00147826 
-0.00234678 
-0.00339234 
-0.00461053 
-0.00599892 
-0.00755444 
-0.00927113 
-0.011137 
-0.0131296 
-0.0152075 
-0.0172986 
-0.0192795 
-0.0209569 
-0.0220506 
-0.0222072 
-0.0211169 
-0.0186229 
-0.0147325 
-0.00958641 
-0.00339864 
0.00339864 
0.00222011 
-0.00222011 
-0.00630393 
-0.0102403 
-0.0138316 
-0.017187 
-0.0203012 
-0.023293 
-0.0262167 
-0.0291197 
-0.031995 
-0.0348117 
-0.0375179 
-0.0400526 
-0.0423475 
-0.0443303 
-0.0459286 
-0.0470738 
-0.0477113 
-0.047813 
-0.0473496 
-0.04633 
-0.0448141 
-0.0428336 
-0.0404375 
-0.037678 
-0.034611 
-0.0313006 
-0.0278232 
-0.0242716 
-0.0207533 
-0.01738 
-0.0142513 
-0.0114399 
-0.00898517 
-0.00689727 
-0.00516793 
-0.00377879 
-0.0027072 
-0.00193005 
-0.00142525 
-0.00117268 
-0.00115557 
-0.00136061 
-0.00177908 
-0.00240332 
-0.00322843 
-0.0042519 
-0.00547529 
-0.00690212 
-0.00853621 
-0.0103795 
-0.0124281 
-0.0146653 
-0.0170474 
-0.019482 
-0.0217928 
-0.0237002 
-0.0248173 
-0.0247278 
-0.023189 
-0.020157 
-0.015745 
-0.0101484 
-0.0035744 
0.0035744 
0.00246332 
-0.00246332 
-0.00694265 
-0.0112332 
-0.0151101 
-0.0186806 
-0.0219284 
-0.0249761 
-0.0278925 
-0.030746 
-0.0335487 
-0.0362819 
-0.0389006 
-0.0413481 
-0.0435605 
-0.0454706 
-0.0470106 
-0.0481156 
-0.0487323 
-0.0488288 
-0.0483729 
-0.0473654 
-0.0458438 
-0.0438372 
-0.0413944 
-0.0385744 
-0.0354466 
-0.032092 
-0.028604 
-0.0250858 
-0.0216432 
-0.0183737 
-0.0153552 
-0.0126387 
-0.0102497 
-0.00819381 
-0.00646465 
-0.00504859 
-0.00392916 
-0.00308885 
-0.00251091 
-0.00218008 
-0.00208412 
-0.00221359 
-0.00256275 
-0.00312703 
-0.00390567 
-0.00490163 
-0.00612223 
-0.00757752 
-0.00927921 
-0.0112384 
-0.0134598 
-0.0159305 
-0.0185961 
-0.021325 
-0.0238616 
-0.0258236 
-0.026755 
-0.0262499 
-0.0242271 
-0.0207568 
-0.0160259 
-0.0102483 
-0.00359054 
0.00359054 
0.00267434 
-0.00267434 
-0.00749096 
-0.012084 
-0.0162037 
-0.0199507 
-0.0232919 
-0.0263446 
-0.0291857 
-0.0319035 
-0.0345339 
-0.0370765 
-0.0394975 
-0.0417471 
-0.0437673 
-0.0454978 
-0.0468782 
-0.047851 
-0.0483681 
-0.0483976 
-0.04791 
-0.0468999 
-0.0453894 
-0.043407 
-0.0410017 
-0.0382367 
-0.035188 
-0.0319433 
-0.0285979 
-0.0252504 
-0.0219939 
-0.018908 
-0.0160526 
-0.0134663 
-0.0111692 
-0.00916771 
-0.00745932 
-0.00603587 
-0.00488651 
-0.00399897 
-0.00336142 
-0.00296295 
-0.00279535 
-0.00285265 
-0.00313166 
-0.00363143 
-0.00435545 
-0.0053117 
-0.00651284 
-0.00797543 
-0.00971915 
-0.0117637 
-0.0141205 
-0.016774 
-0.0196457 
-0.0225463 
-0.0251322 
-0.026945 
-0.0275329 
-0.0265846 
-0.0241851 
-0.0204653 
-0.0156463 
-0.00994541 
-0.00346975 
0.00346975 
0.00285702 
-0.00285702 
-0.00796068 
-0.0128128 
-0.0171426 
-0.0210429 
-0.0244601 
-0.0274973 
-0.03023 
-0.0327614 
-0.0351532 
-0.0374305 
-0.0395777 
-0.0415558 
-0.043314 
-0.044799 
-0.0459585 
-0.0467439 
-0.0471139 
-0.0470397 
-0.0464979 
-0.0454799 
-0.0439997 
-0.0420853 
-0.039784 
-0.0371584 
-0.0342831 
-0.0312419 
-0.0281226 
-0.0250114 
-0.021986 
-0.019111 
-0.0164347 
-0.0139894 
-0.0117942 
-0.00985779 
-0.00818196 
-0.00676334 
-0.00559585 
-0.00467181 
-0.00398341 
-0.00352356 
-0.0032873 
-0.00327161 
-0.0034757 
-0.00390216 
-0.00455805 
-0.00545538 
-0.00661118 
-0.00804757 
-0.00979065 
-0.0118662 
-0.014287 
-0.0170263 
-0.0199708 
-0.0228707 
-0.0253184 
-0.0268403 
-0.0270541 
-0.0257744 
-0.0231772 
-0.019407 
-0.0147061 
-0.00930293 
-0.00323285 
0.00323285 
0.00301408 
-0.00301408 
-0.0083601 
-0.0134329 
-0.0179467 
-0.0219873 
-0.0254808 
-0.0285093 
-0.0311359 
-0.0334685 
-0.0355912 
-0.0375595 
-0.0393849 
-0.0410466 
-0.0425042 
-0.0437115 
-0.044623 
-0.0451979 
-0.0454019 
-0.0452106 
-0.0446064 
-0.0435811 
-0.0421451 
-0.0403251 
-0.0381644 
-0.0357203 
-0.0330603 
-0.0302584 
-0.0273905 
-0.0245287 
-0.0217375 
-0.0190704 
-0.0165685 
-0.0142612 
-0.0121678 
-0.0102994 
-0.00866129 
-0.00725385 
-0.00607489 
-0.00512028 
-0.00438546 
-0.00386648 
-0.00356083 
-0.00346788 
-0.00358899 
-0.00392948 
-0.00449878 
-0.00531146 
-0.00638726 
-0.00775165 
-0.00943399 
-0.0114614 
-0.0138419 
-0.016531 
-0.0193822 
-0.0221062 
-0.0242803 
-0.0254747 
-0.0253995 
-0.0239605 
-0.0213435 
-0.0176961 
-0.0132877 
-0.00837063 
-0.00289559 
0.00289559 
0.00314686 
-0.00314686 
-0.0086937 
-0.0139502 
-0.0186232 
-0.0227944 
-0.0263737 
-0.0294193 
-0.0319729 
-0.0341328 
-0.0359944 
-0.0376416 
-0.0391206 
-0.0404391 
-0.0415747 
-0.0424904 
-0.0431463 
-0.0435067 
-0.0435426 
-0.0432335 
-0.0425661 
-0.0415353 
-0.0401489 
-0.0384312 
-0.0364198 
-0.0341642 
-0.0317219 
-0.0291555 
-0.0265281 
-0.0238998 
-0.0213244 
-0.0188474 
-0.0165052 
-0.0143253 
-0.0123274 
-0.0105244 
-0.00892396 
-0.00752935 
-0.00634115 
-0.00535789 
-0.00457746 
-0.00399835 
-0.00361976 
-0.00344284 
-0.00347041 
-0.00370928 
-0.00416971 
-0.00486695 
-0.00582108 
-0.00705762 
-0.00860471 
-0.0104854 
-0.0126977 
-0.0151812 
-0.0177715 
-0.020178 
-0.0220141 
-0.0229268 
-0.0226999 
-0.0212665 
-0.0187793 
-0.0154065 
-0.0114479 
-0.00718431 
-0.00246999 
0.00246999 
0.00325505 
-0.00325505 
-0.00896274 
-0.0143651 
-0.0191694 
-0.0234571 
-0.0271292 
-0.030224 
-0.0327569 
-0.0348035 
-0.0364528 
-0.0378043 
-0.0389377 
-0.039899 
-0.040696 
-0.0413091 
-0.0417058 
-0.0418534 
-0.0417253 
-0.0413028 
-0.0405743 
-0.039538 
-0.0381982 
-0.0365766 
-0.0347043 
-0.0326221 
-0.0303776 
-0.0280221 
-0.0256078 
-0.0231846 
-0.0207979 
-0.0184872 
-0.0162854 
-0.0142183 
-0.0123057 
-0.0105613 
-0.00899472 
-0.00761074 
-0.00641194 
-0.00539875 
-0.00457079 
-0.00392827 
-0.00347135 
-0.00320227 
-0.00312419 
-0.00324413 
-0.00357137 
-0.00411982 
-0.00490688 
-0.00595435 
-0.00728418 
-0.00891056 
-0.0108202 
-0.0129445 
-0.015126 
-0.0171132 
-0.0185937 
-0.0192999 
-0.0190524 
-0.0177529 
-0.0155189 
-0.0125728 
-0.00922351 
-0.00576937 
-0.00196568 
0.00196568 
0.00333748 
-0.00333748 
-0.00916759 
-0.0146761 
-0.0195781 
-0.0239581 
-0.0277169 
-0.0308821 
-0.0334471 
-0.0354584 
-0.0369811 
-0.0381081 
-0.038937 
-0.0395503 
-0.0399977 
-0.0402922 
-0.0404187 
-0.0403493 
-0.0400571 
-0.0395218 
-0.038731 
-0.0376838 
-0.036382 
-0.0348424 
-0.0330897 
-0.0311566 
-0.0290812 
-0.0269052 
-0.0246714 
-0.0224213 
-0.0201939 
-0.0180239 
-0.015941 
-0.0139695 
-0.0121292 
-0.0104339 
-0.00889415 
-0.0075158 
-0.00630264 
-0.00525629 
-0.00437737 
-0.00366711 
-0.00312579 
-0.00275591 
-0.00255987 
-0.00254359 
-0.00271374 
-0.00308071 
-0.00365632 
-0.00445489 
-0.00548788 
-0.00675744 
-0.00824008 
-0.00987033 
-0.0115207 
-0.0130101 
-0.014124 
-0.0146807 
-0.0145064 
-0.013424 
-0.0115533 
-0.00920799 
-0.00664254 
-0.00414688 
-0.00139207 
0.00139207 
0.00338662 
-0.00338662 
-0.00930731 
-0.0148845 
-0.0198472 
-0.0242839 
-0.028103 
-0.0313337 
-0.0339599 
-0.036005 
-0.0375025 
-0.0385174 
-0.039137 
-0.0394594 
-0.0395721 
-0.0395336 
-0.0393654 
-0.0390589 
-0.0385904 
-0.0379359 
-0.0370788 
-0.0360129 
-0.0347375 
-0.0332627 
-0.0316074 
-0.0297965 
-0.0278601 
-0.0258315 
-0.0237455 
-0.0216373 
-0.0195401 
-0.0174848 
-0.0154986 
-0.0136045 
-0.0118216 
-0.0101637 
-0.00864192 
-0.00726237 
-0.00602953 
-0.00494564 
-0.00401148 
-0.00322876 
-0.00259685 
-0.00211805 
-0.00179273 
-0.00162478 
-0.00161675 
-0.00177394 
-0.00210014 
-0.00259958 
-0.00327021 
-0.00410089 
-0.0050597 
-0.00609254 
-0.00711509 
-0.00803242 
-0.00873844 
-0.00914383 
-0.00907933 
-0.00825259 
-0.0068746 
-0.0053365 
-0.00374291 
-0.00234348 
-0.000761355 
0.000761355 
0.00341175 
-0.00341175 
-0.0093857 
-0.0150043 
-0.0199907 
-0.0244422 
-0.028276 
-0.0315338 
-0.0342067 
-0.0363122 
-0.0378619 
-0.0388866 
-0.0394388 
-0.0395976 
-0.0394586 
-0.0391157 
-0.0386392 
-0.0380632 
-0.0373869 
-0.0365898 
-0.0356486 
-0.0345468 
-0.0332811 
-0.0318513 
-0.0302703 
-0.0285554 
-0.026729 
-0.0248171 
-0.0228482 
-0.0208514 
-0.0188558 
-0.016889 
-0.0149764 
-0.0131395 
-0.0113977 
-0.00976393 
-0.00825034 
-0.00686237 
-0.00560451 
-0.0044791 
-0.00348603 
-0.00262705 
-0.00189967 
-0.00130538 
-0.000841685 
-0.000510286 
-0.000308504 
-0.000235664 
-0.000286183 
-0.000453196 
-0.00072004 
-0.00106266 
-0.0014413 
-0.00181513 
-0.00214089 
-0.00240693 
-0.00261102 
-0.00279148 
-0.00281496 
-0.00224923 
-0.00155927 
-0.00104163 
-0.000595479 
-0.00040421 
-9.21212e-05 
9.21212e-05 
0.00342779 
-0.00342779 
-0.00942937 
-0.0150654 
-0.0200484 
-0.0244751 
-0.0282694 
-0.0314892 
-0.0341459 
-0.0362727 
-0.0378825 
-0.0389881 
-0.0396055 
-0.0397703 
-0.039545 
-0.039017 
-0.0382833 
-0.0374279 
-0.0365013 
-0.0355155 
-0.0344544 
-0.0332938 
-0.0320167 
-0.0306128 
-0.0290836 
-0.0274398 
-0.0256966 
-0.0238733 
-0.0219924 
-0.0200785 
-0.018157 
-0.0162533 
-0.0143916 
-0.0125928 
-0.0108761 
-0.00925357 
-0.00773821 
-0.00633433 
-0.00504572 
-0.00387465 
-0.00281885 
-0.00188025 
-0.00105311 
-0.000339039 
0.000267477 
0.000768066 
0.0011716 
0.00148453 
0.00172147 
0.00189932 
0.00204765 
0.00220095 
0.00240614 
0.00269416 
0.00308103 
0.00351506 
0.00392316 
0.00415491 
0.0042172 
0.004367 
0.0041285 
0.00349054 
0.00267953 
0.0015993 
0.000589072 
-0.000589072 
0.00344172 
-0.00344172 
-0.00947466 
-0.0151205 
-0.0200841 
-0.0244603 
-0.0281695 
-0.0312808 
-0.0338296 
-0.0358789 
-0.0374689 
-0.0386244 
-0.0393512 
-0.0396497 
-0.0395308 
-0.0390313 
-0.0382202 
-0.0371898 
-0.0360347 
-0.0348244 
-0.0335879 
-0.0323174 
-0.0309873 
-0.0295767 
-0.0280707 
-0.0264701 
-0.0247814 
-0.0230172 
-0.0211945 
-0.0193338 
-0.0174577 
-0.0155896 
-0.0137532 
-0.0119691 
-0.0102584 
-0.00863214 
-0.00710537 
-0.00568003 
-0.00435714 
-0.00313909 
-0.00201955 
-0.00100126 
-7.4554e-05 
0.00075709 
0.0015068 
0.00217829 
0.00278557 
0.00334004 
0.00386363 
0.0043813 
0.004932 
0.00555753 
0.0063087 
0.00720973 
0.00825699 
0.0093568 
0.01038 
0.0111033 
0.0113934 
0.0109261 
0.00973994 
0.00796692 
0.00591191 
0.00356699 
0.00125204 
-0.00125204 
0.00345932 
-0.00345932 
-0.00954389 
-0.0152222 
-0.020175 
-0.024492 
-0.0280937 
-0.0310458 
-0.0334013 
-0.035254 
-0.0366838 
-0.0377543 
-0.0384969 
-0.0389143 
-0.0389895 
-0.0387046 
-0.0380611 
-0.0370958 
-0.0358824 
-0.0345163 
-0.0330859 
-0.031645 
-0.0302031 
-0.0287389 
-0.0272267 
-0.0256412 
-0.0239801 
-0.0222484 
-0.0204568 
-0.0186211 
-0.0167624 
-0.0149036 
-0.0130703 
-0.0112837 
-0.00956641 
-0.00792555 
-0.00637943 
-0.00492675 
-0.00356483 
-0.0022977 
-0.00111218 
-1.56589e-05 
0.00100718 
0.0019562 
0.00284807 
0.00368882 
0.00449607 
0.00528551 
0.00608428 
0.00692312 
0.00784637 
0.00889906 
0.0101299 
0.0115541 
0.0131458 
0.0147788 
0.0162667 
0.0173357 
0.0177068 
0.016773 
0.0148183 
0.0120674 
0.00889863 
0.0053888 
0.00186521 
-0.00186521 
0.00348336 
-0.00348336 
-0.00964673 
-0.0153904 
-0.0203726 
-0.0246477 
-0.0281463 
-0.030924 
-0.0330386 
-0.0346057 
-0.0357406 
-0.0365525 
-0.0371201 
-0.0374858 
-0.037653 
-0.0375932 
-0.0372619 
-0.0366212 
-0.0356629 
-0.0344232 
-0.0329789 
-0.031424 
-0.0298361 
-0.028251 
-0.0266623 
-0.0250436 
-0.0233677 
-0.0216276 
-0.019828 
-0.0179816 
-0.0161064 
-0.0142237 
-0.0123592 
-0.0105357 
-0.00878166 
-0.00710368 
-0.0055291 
-0.00405005 
-0.00265015 
-0.00133948 
-9.5674e-05 
0.00106946 
0.00218246 
0.00324337 
0.00427099 
0.0052736 
0.00627074 
0.00728101 
0.00833394 
0.00946312 
0.0107135 
0.0121283 
0.0137476 
0.0155731 
0.017554 
0.0195363 
0.0212864 
0.0224861 
0.0227706 
0.0215439 
0.0190424 
0.0155423 
0.0114699 
0.00697329 
0.00240113 
-0.00240113 
0.00351339 
-0.00351339 
-0.00978089 
-0.0156234 
-0.0206755 
-0.0249588 
-0.0283758 
-0.0309954 
-0.0328661 
-0.0341149 
-0.034881 
-0.0353084 
-0.0355182 
-0.0356006 
-0.0356079 
-0.035552 
-0.0354053 
-0.0351086 
-0.0345893 
-0.0337881 
-0.0326847 
-0.0313104 
-0.0297396 
-0.0280613 
-0.0263448 
-0.0246197 
-0.0228795 
-0.0211004 
-0.0192639 
-0.0173722 
-0.0154427 
-0.0135006 
-0.0115809 
-0.00971302 
-0.00792772 
-0.00621565 
-0.00461261 
-0.00310528 
-0.00166282 
-0.000312884 
0.000985783 
0.00221967 
0.00342033 
0.00458948 
0.005747 
0.00690312 
0.00807773 
0.00929067 
0.0105712 
0.0119523 
0.0134752 
0.0151765 
0.0170826 
0.0191784 
0.0213885 
0.0235367 
0.0253585 
0.0265021 
0.0265909 
0.0251396 
0.0222877 
0.0182782 
0.0135397 
0.00826934 
0.00284379 
-0.00284379 
0.00354594 
-0.00354594 
-0.00993495 
-0.0159017 
-0.0210572 
-0.0253903 
-0.0287705 
-0.0312592 
-0.0329099 
-0.0338518 
-0.0342421 
-0.0342484 
-0.034018 
-0.0336698 
-0.0332914 
-0.0329414 
-0.0326476 
-0.0324018 
-0.0321547 
-0.0318229 
-0.031309 
-0.0305321 
-0.0294539 
-0.0280892 
-0.0264938 
-0.0247389 
-0.0228845 
-0.020966 
-0.0190003 
-0.0169949 
-0.0149603 
-0.0129126 
-0.0108794 
-0.00888955 
-0.00698661 
-0.00516996 
-0.00352004 
-0.00200809 
-0.00053386 
0.000840263 
0.00217414 
0.0034608 
0.00473217 
0.00599502 
0.00726832 
0.00856323 
0.00989788 
0.0112909 
0.0127684 
0.0143593 
0.0160971 
0.0180081 
0.020102 
0.0223456 
0.0246425 
0.0268014 
0.0285458 
0.029516 
0.0293639 
0.0277117 
0.0246306 
0.0202991 
0.0151065 
0.00926989 
0.0031904 
-0.0031904 
0.00357497 
-0.00357497 
-0.01009 
-0.0161941 
-0.0214744 
-0.025887 
-0.0292692 
-0.0316582 
-0.0331148 
-0.0337753 
-0.0338127 
-0.0334189 
-0.0327612 
-0.0319714 
-0.031143 
-0.0303441 
-0.0296272 
-0.0290328 
-0.0285816 
-0.0282601 
-0.0280106 
-0.0277341 
-0.0273135 
-0.0266457 
-0.0256679 
-0.0243656 
-0.0227635 
-0.020908 
-0.0188526 
-0.0166524 
-0.0143688 
-0.0120727 
-0.0098555 
-0.00776812 
-0.00585517 
-0.00403299 
-0.00238328 
-0.000875815 
0.000623053 
0.00202061 
0.0033919 
0.00473013 
0.0060698 
0.00742143 
0.00880356 
0.0102273 
0.0117079 
0.0132608 
0.0149064 
0.0166671 
0.0185659 
0.0206163 
0.0228108 
0.0250992 
0.0273697 
0.0294249 
0.0309924 
0.031728 
0.031327 
0.0294897 
0.0262454 
0.0217145 
0.0162296 
0.0100026 
0.0034489 
-0.0034489 
0.00359229 
-0.00359229 
-0.010221 
-0.0164594 
-0.0218712 
-0.026381 
-0.0297904 
-0.0321098 
-0.033392 
-0.0337926 
-0.0334991 
-0.0327342 
-0.0316918 
-0.030519 
-0.0293094 
-0.0281168 
-0.0269746 
-0.0259127 
-0.0249657 
-0.0241715 
-0.0235581 
-0.0231234 
-0.0228194 
-0.0225532 
-0.0222091 
-0.0216812 
-0.0208969 
-0.0198218 
-0.01845 
-0.0167898 
-0.0148588 
-0.0126791 
-0.0102911 
-0.00777435 
-0.00529804 
-0.002981 
-0.00109756 
0.000405253 
0.00194102 
0.00338917 
0.00477179 
0.00612819 
0.00750028 
0.00891053 
0.0103763 
0.0119068 
0.0135118 
0.0152007 
0.0169855 
0.0188786 
0.0208906 
0.0230206 
0.0252449 
0.0274991 
0.0296616 
0.0315376 
0.0328697 
0.0333452 
0.0326971 
0.0306886 
0.0273171 
0.0226606 
0.0169958 
0.0105141 
0.00363371 
-0.00363371 
0.00358778 
-0.00358778 
-0.0102967 
-0.0166467 
-0.022179 
-0.0267899 
-0.0302409 
-0.0325132 
-0.0336409 
-0.0337974 
-0.0331901 
-0.0320742 
-0.0306784 
-0.029174 
-0.0276644 
-0.0261961 
-0.0247816 
-0.0234187 
-0.0221056 
-0.020851 
-0.019679 
-0.0186277 
-0.0177359 
-0.0170241 
-0.0164763 
-0.0160369 
-0.0156233 
-0.0151496 
-0.0145431 
-0.013743 
-0.0126999 
-0.0113508 
-0.00960985 
-0.00744093 
-0.00496745 
-0.00227209 
-8.09729e-05 
0.0016181 
0.00324318 
0.004723 
0.00613669 
0.00752622 
0.00894045 
0.0104098 
0.0119541 
0.0135822 
0.0152994 
0.0171078 
0.0190098 
0.0210065 
0.0230945 
0.0252585 
0.0274604 
0.0296248 
0.0316263 
0.0332787 
0.0343453 
0.0345525 
0.0336607 
0.0314899 
0.0280101 
0.0232694 
0.017497 
0.0108571 
0.00376182 
-0.00376182 
0.00354984 
-0.00354984 
-0.0102812 
-0.0166969 
-0.0223174 
-0.0270169 
-0.0305133 
-0.0327529 
-0.033746 
-0.0336745 
-0.032773 
-0.0313269 
-0.0296034 
-0.0278024 
-0.0260437 
-0.0243762 
-0.0228045 
-0.0213118 
-0.0198745 
-0.0184714 
-0.0170894 
-0.0157296 
-0.0144114 
-0.0131738 
-0.0120651 
-0.0111278 
-0.0103799 
-0.00980937 
-0.009373 
-0.00899927 
-0.00861748 
-0.00818096 
-0.00753146 
-0.00664383 
-0.00545376 
-0.00393702 
-0.00187021 
0.000858099 
0.00338399 
0.00558979 
0.00736415 
0.00893731 
0.0104545 
0.0119997 
0.0136161 
0.0153233 
0.0171286 
0.0190306 
0.0210228 
0.023094 
0.0252264 
0.0273898 
0.0295327 
0.0315715 
0.0333808 
0.0347868 
0.0355766 
0.0355139 
0.0343865 
0.0320504 
0.0284661 
0.0236586 
0.0178197 
0.0110842 
0.00385032 
-0.00385032 
0.00346593 
-0.00346593 
-0.0101351 
-0.0165431 
-0.022194 
-0.0269486 
-0.0304801 
-0.0326938 
-0.0335697 
-0.0332899 
-0.032123 
-0.0303786 
-0.0283629 
-0.0263038 
-0.024339 
-0.0225211 
-0.0208508 
-0.0193034 
-0.0178475 
-0.0164534 
-0.0150979 
-0.0137663 
-0.012453 
-0.0111632 
-0.00991356 
-0.00873569 
-0.00766884 
-0.00675449 
-0.00601268 
-0.00545146 
-0.00501355 
-0.00471385 
-0.00438671 
-0.00399515 
-0.00339612 
-0.00261037 
-0.00108524 
0.00110421 
0.00354851 
0.00590021 
0.00797734 
0.0098812 
0.011679 
0.0134465 
0.0152357 
0.0170816 
0.0190032 
0.0210043 
0.0230776 
0.0252052 
0.0273587 
0.0294957 
0.0315542 
0.0334449 
0.0350449 
0.0361943 
0.036704 
0.0363709 
0.0350118 
0.0324999 
0.0288025 
0.0239293 
0.0180416 
0.0112437 
0.00391536 
-0.00391536 
0.0033234 
-0.0033234 
-0.00981739 
-0.0161144 
-0.0217072 
-0.0264562 
-0.0299929 
-0.032178 
-0.0329525 
-0.0324897 
-0.0310993 
-0.0291058 
-0.0268516 
-0.0245891 
-0.0224719 
-0.0205559 
-0.0188372 
-0.0172841 
-0.0158575 
-0.0145217 
-0.0132479 
-0.0120175 
-0.0108209 
-0.00965894 
-0.00853673 
-0.00746456 
-0.00644777 
-0.00549949 
-0.00462645 
-0.00386445 
-0.00320003 
-0.00265273 
-0.00220909 
-0.0018289 
-0.00132347 
-0.000711506 
0.000183468 
0.00119906 
0.0024159 
0.00410658 
0.00639625 
0.00888928 
0.0114076 
0.0138405 
0.0161788 
0.018451 
0.0206913 
0.0229235 
0.0251562 
0.0273802 
0.0295695 
0.0316798 
0.033646 
0.0353784 
0.0367605 
0.0376477 
0.0378745 
0.0372671 
0.0356703 
0.0329682 
0.0291326 
0.0241769 
0.0182358 
0.0113813 
0.00397171 
-0.00397171 
0.00311079 
-0.00311079 
-0.00928952 
-0.0153415 
-0.0207537 
-0.0254021 
-0.0288875 
-0.0310281 
-0.0317169 
-0.031104 
-0.029549 
-0.0273782 
-0.0249623 
-0.0225718 
-0.0203726 
-0.0184219 
-0.016711 
-0.0152011 
-0.0138467 
-0.012607 
-0.0114484 
-0.0103482 
-0.00929105 
-0.00827233 
-0.00729139 
-0.00635725 
-0.00547409 
-0.00465341 
-0.00388376 
-0.0031715 
-0.00250078 
-0.00185319 
-0.00126754 
-0.000757499 
-0.00019623 
0.000394067 
0.00122602 
0.00220588 
0.00333005 
0.00489095 
0.00686939 
0.00916991 
0.011675 
0.0142802 
0.0169208 
0.0195552 
0.0221612 
0.0247207 
0.0272166 
0.0296263 
0.0319171 
0.0340428 
0.0359396 
0.037524 
0.0386905 
0.0393129 
0.0392504 
0.0383576 
0.036505 
0.0335934 
0.0295909 
0.0245053 
0.0184744 
0.0115383 
0.00403181 
-0.00403181 
0.00281954 
-0.00281954 
-0.00852081 
-0.0141659 
-0.0192414 
-0.0236559 
-0.026998 
-0.0290582 
-0.0296767 
-0.0289587 
-0.027318 
-0.0250676 
-0.0225929 
-0.0201735 
-0.0179809 
-0.0160723 
-0.0144336 
-0.0130203 
-0.0117813 
-0.0106719 
-0.00965521 
-0.00870565 
-0.00780506 
-0.00694586 
-0.00612253 
-0.00533882 
-0.00459131 
-0.00388692 
-0.00321593 
-0.00258457 
-0.00198064 
-0.00138373 
-0.000800634 
-0.000230137 
0.000382624 
0.0010627 
0.00187968 
0.00283861 
0.0040005 
0.0054374 
0.00713389 
0.00910069 
0.0113393 
0.0138363 
0.0165532 
0.0194237 
0.0223805 
0.025357 
0.0282853 
0.0310946 
0.0337142 
0.0360702 
0.0380839 
0.0396694 
0.0407313 
0.0411644 
0.0408567 
0.039696 
0.0375837 
0.0344432 
0.0302508 
0.0250041 
0.0188221 
0.0117473 
0.00410373 
-0.00410373 
0.00244579 
-0.00244579 
-0.0074946 
-0.012552 
-0.017108 
-0.0211198 
-0.0241848 
-0.0260968 
-0.0266556 
-0.0258952 
-0.0242691 
-0.022064 
-0.0196591 
-0.0173324 
-0.0152525 
-0.0134747 
-0.0119802 
-0.0107211 
-0.00964281 
-0.0086987 
-0.00785018 
-0.00707041 
-0.00633906 
-0.00564662 
-0.00498449 
-0.00435444 
-0.0037511 
-0.00317969 
-0.00262942 
-0.00210036 
-0.00158035 
-0.00105719 
-0.000526186 
1.13483e-05 
0.000603936 
0.00125662 
0.00203577 
0.00295757 
0.00404449 
0.00538581 
0.00699872 
0.00888553 
0.0110331 
0.0134282 
0.0160528 
0.0188813 
0.0218768 
0.0249924 
0.028152 
0.0312669 
0.03423 
0.036925 
0.0392308 
0.0410268 
0.0421978 
0.0426353 
0.0422402 
0.0409257 
0.0386239 
0.0352872 
0.0309121 
0.0255066 
0.0191786 
0.0119696 
0.0041775 
-0.0041775 
0.00199184 
-0.00199184 
-0.00621375 
-0.010498 
-0.0143405 
-0.0177589 
-0.0203752 
-0.0220271 
-0.0225205 
-0.0218041 
-0.0203102 
-0.0182965 
-0.0161099 
-0.0140144 
-0.0121658 
-0.0106156 
-0.00934225 
-0.00829699 
-0.00742499 
-0.00668025 
-0.00602467 
-0.00543196 
-0.00488155 
-0.00436349 
-0.00386779 
-0.00339426 
-0.00293574 
-0.00249495 
-0.00206228 
-0.00163732 
-0.00120937 
-0.00076862 
-0.000304604 
0.000189712 
0.00074328 
0.00137277 
0.00211665 
0.00299933 
0.00405459 
0.00532703 
0.00683289 
0.00859164 
0.0106104 
0.0128899 
0.0154191 
0.0181775 
0.0211343 
0.0242441 
0.0274465 
0.0306611 
0.0337821 
0.0366818 
0.0392176 
0.0412411 
0.0426076 
0.0431842 
0.0428585 
0.0415436 
0.0391844 
0.0357534 
0.0312685 
0.025755 
0.0193361 
0.0120503 
0.0042077 
-0.0042077 
0.00146661 
-0.00146661 
-0.00470352 
-0.00804399 
-0.0109895 
-0.0136297 
-0.015614 
-0.0168579 
-0.0172378 
-0.0166614 
-0.0154228 
-0.0137544 
-0.0119424 
-0.010223 
-0.00872864 
-0.00750485 
-0.00652941 
-0.00575658 
-0.0051348 
-0.00462164 
-0.00418204 
-0.00379211 
-0.00343287 
-0.00309507 
-0.00276909 
-0.0024542 
-0.00214356 
-0.00183879 
-0.00153129 
-0.00121941 
-0.000893034 
-0.000545339 
-0.000164298 
0.000256479 
0.000742684 
0.00130808 
0.00198692 
0.00280504 
0.00378838 
0.00498078 
0.00640403 
0.00807872 
0.0100146 
0.0122179 
0.0146866 
0.0174093 
0.0203605 
0.0234966 
0.0267523 
0.0300377 
0.0332383 
0.0362166 
0.0388251 
0.0409189 
0.0423546 
0.0429963 
0.0427242 
0.0414444 
0.0390984 
0.0356613 
0.0311597 
0.0256312 
0.0192112 
0.0119496 
0.00416133 
-0.00416133 
0.000884017 
-0.000884017 
-0.00300864 
-0.00526952 
-0.00716567 
-0.00887715 
-0.0100627 
-0.0107474 
-0.0109311 
-0.0105732 
-0.00969573 
-0.00850943 
-0.00721647 
-0.00600784 
-0.0049831 
-0.00417783 
-0.00357125 
-0.00312386 
-0.00279123 
-0.00253747 
-0.00233318 
-0.00215887 
-0.00199891 
-0.001846 
-0.00169229 
-0.00153718 
-0.00137492 
-0.00120647 
-0.00102487 
-0.000828561 
-0.000608995 
-0.000360237 
-7.08439e-05 
0.000267885 
0.000675702 
0.00116875 
0.0017744 
0.00251705 
0.00342312 
0.00452539 
0.00584661 
0.00741169 
0.00923873 
0.0113431 
0.013732 
0.0164029 
0.0193373 
0.0224945 
0.0258058 
0.0291713 
0.0324605 
0.035522 
0.0381903 
0.0403075 
0.0417362 
0.0423527 
0.0420524 
0.0407553 
0.0384115 
0.0349993 
0.0305464 
0.0250932 
0.0187784 
0.0116609 
0.00404907 
-0.00404907 
0.000258461 
-0.000258461 
-0.00118441 
-0.00228749 
-0.00302628 
-0.00370486 
-0.00396271 
-0.00401437 
-0.00395238 
-0.00380204 
-0.0033442 
-0.00272525 
-0.00205739 
-0.00146433 
-0.00100346 
-0.000693528 
-0.000515109 
-0.000436792 
-0.000424547 
-0.000451612 
-0.000496897 
-0.000546994 
-0.000591345 
-0.000625767 
-0.000645299 
-0.000650434 
-0.000637473 
-0.000607572 
-0.000555619 
-0.000480448 
-0.000374977 
-0.000234595 
-4.86957e-05 
0.000190863 
0.000502251 
0.000900354 
0.0014102 
0.00205431 
0.00285664 
0.00384817 
0.0050532 
0.00649933 
0.00821002 
0.0102083 
0.0125108 
0.0151246 
0.0180389 
0.0212164 
0.0245856 
0.0280369 
0.0314256 
0.0345795 
0.0373197 
0.0394529 
0.0408436 
0.0413796 
0.0409793 
0.0395946 
0.0372056 
0.0338092 
0.0294389 
0.0241336 
0.0180252 
0.0111738 
0.00386899 
-0.00386899 
-0.000391367 
0.000391367 
0.000704606 
0.000782932 
0.00124201 
0.00165032 
0.00231028 
0.00282713 
0.00314543 
0.00323679 
0.00333009 
0.00338709 
0.00338532 
0.00329552 
0.00312085 
0.00287399 
0.00257778 
0.00225491 
0.00192586 
0.00160506 
0.00130287 
0.00102488 
0.000775168 
0.000553953 
0.000362452 
0.000198486 
6.32825e-05 
-4.5024e-05 
-0.00012344 
-0.000171657 
-0.000184416 
-0.000158013 
-8.31926e-05 
4.80902e-05 
0.000252034 
0.000542676 
0.000941897 
0.00146957 
0.00214856 
0.00300713 
0.00407133 
0.00537247 
0.00694067 
0.00880748 
0.010999 
0.0135318 
0.0164025 
0.0195775 
0.0229828 
0.0265008 
0.0299727 
0.033211 
0.0360122 
0.0381759 
0.0395278 
0.039969 
0.0394386 
0.0379292 
0.0354661 
0.0320814 
0.0278253 
0.0227377 
0.0169378 
0.0104777 
0.00361779 
-0.00361779 
-0.00104287 
0.00104287 
0.00259542 
0.00384735 
0.00545898 
0.00692673 
0.00837577 
0.00939736 
0.0100109 
0.0101687 
0.010013 
0.00956358 
0.00889725 
0.00809815 
0.00725206 
0.0064168 
0.00562427 
0.0048878 
0.00421181 
0.0035959 
0.00303817 
0.00253515 
0.00208382 
0.00167975 
0.00132006 
0.00100033 
0.000719094 
0.000473246 
0.000263592 
8.9361e-05 
-4.60018e-05 
-0.000140043 
-0.000184708 
-0.000172766 
-8.9146e-05 
7.80965e-05 
0.000347949 
0.000738272 
0.00127075 
0.00197327 
0.0028734 
0.00400574 
0.00540609 
0.00711317 
0.00916118 
0.0115752 
0.0143586 
0.0174807 
0.0208663 
0.0243924 
0.0278928 
0.0311739 
0.0340139 
0.0362184 
0.0375355 
0.0378886 
0.0372321 
0.0356022 
0.0330783 
0.0297362 
0.0256516 
0.0208685 
0.0154914 
0.00955787 
0.0032905 
-0.0032905 
-0.0016807 
0.0016807 
0.00445035 
0.006844 
0.00950953 
0.0119381 
0.0140756 
0.0155929 
0.0165312 
0.0167877 
0.016428 
0.0155055 
0.0141953 
0.0127016 
0.0111997 
0.00979314 
0.00852175 
0.00738796 
0.0063797 
0.00548167 
0.00467991 
0.00396202 
0.00331809 
0.00273894 
0.00221776 
0.00174765 
0.00132453 
0.000943816 
0.000604186 
0.000303617 
4.36653e-05 
-0.00017459 
-0.000344097 
-0.00045829 
-0.000504339 
-0.000472929 
-0.000348306 
-0.000114103 
0.000250634 
0.00077265 
0.00148085 
0.00241302 
0.00360976 
0.00511468 
0.00696839 
0.00920255 
0.011825 
0.0148072 
0.0180734 
0.0215004 
0.0249253 
0.0281601 
0.0309842 
0.0332021 
0.0345076 
0.0348055 
0.0340651 
0.0323677 
0.029851 
0.0266374 
0.0228277 
0.01847 
0.0136529 
0.00839664 
0.00288173 
-0.00288173 
-0.00229848 
0.00229848 
0.00625511 
0.00974603 
0.0133521 
0.0166186 
0.0193773 
0.0213711 
0.0226181 
0.0229437 
0.0223599 
0.0209623 
0.0190323 
0.0168914 
0.0147931 
0.0128742 
0.0111755 
0.00968631 
0.00837905 
0.00722521 
0.00620047 
0.00528477 
0.00446224 
0.00371948 
0.00304619 
0.00243311 
0.00187381 
0.0013621 
0.000894726 
0.000468367 
8.26482e-05 
-0.00026269 
-0.000561082 
-0.000807574 
-0.000992917 
-0.00110995 
-0.0011457 
-0.00108494 
-0.00090889 
-0.000591515 
-0.000103439 
0.000595753 
0.00154689 
0.00279641 
0.00438993 
0.00636159 
0.00872026 
0.0114378 
0.0144397 
0.017609 
0.0207997 
0.0238472 
0.0265579 
0.0287462 
0.0300863 
0.0303809 
0.0296209 
0.0279481 
0.0255644 
0.0226278 
0.0192523 
0.015483 
0.0113911 
0.00697967 
0.00238762 
-0.00238762 
-0.00289274 
0.00289274 
0.00800519 
0.0125493 
0.0169952 
0.0209806 
0.0242938 
0.0267109 
0.0281924 
0.0284879 
0.0276002 
0.0257014 
0.0231888 
0.0204838 
0.01789 
0.0155547 
0.0135086 
0.0117266 
0.0101684 
0.00879583 
0.007577 
0.00648626 
0.00550336 
0.00461169 
0.00379819 
0.00305167 
0.00236369 
0.00172666 
0.00113557 
0.000585843 
7.50503e-05 
-0.000397818 
-0.000827015 
-0.00121089 
-0.00154387 
-0.00182011 
-0.00202928 
-0.00215815 
-0.0021895 
-0.00209952 
-0.00185907 
-0.00143165 
-0.000775516 
0.000156108 
0.00141088 
0.00301789 
0.0049855 
0.00728395 
0.00984123 
0.012556 
0.0153131 
0.0179875 
0.020438 
0.0225091 
0.0239152 
0.0242554 
0.0235631 
0.0220654 
0.0200161 
0.0175768 
0.0148515 
0.0118722 
0.00869332 
0.00530517 
0.00180911 
-0.00180911 
-0.00346047 
0.00346047 
0.00969427 
0.0152486 
0.0204554 
0.025054 
0.0288315 
0.0315643 
0.033134 
0.0332356 
0.0319326 
0.0295142 
0.026491 
0.0233472 
0.0203952 
0.0177657 
0.0154705 
0.0134712 
0.0117196 
0.0101722 
0.00879329 
0.0075542 
0.00643215 
0.00540858 
0.00446862 
0.00359972 
0.00279192 
0.00203645 
0.00132686 
0.000657367 
2.34602e-05 
-0.00057575 
-0.00113711 
-0.00166285 
-0.00214944 
-0.00259299 
-0.00298602 
-0.00331806 
-0.00357469 
-0.00373541 
-0.00377421 
-0.00365741 
-0.00334545 
-0.00279455 
-0.00196594 
-0.00083383 
0.000603039 
0.00231277 
0.00423163 
0.00628179 
0.00838614 
0.0104666 
0.0124482 
0.0142306 
0.0156706 
0.0160842 
0.0155949 
0.0145215 
0.0130994 
0.0114415 
0.00962117 
0.0076536 
0.00558239 
0.00339296 
0.00115488 
-0.00115488 
-0.00399324 
0.00399324 
0.0112969 
0.017807 
0.0237053 
0.0288118 
0.0329221 
0.0357934 
0.0372335 
0.0369471 
0.0351363 
0.0322336 
0.028831 
0.0254182 
0.0222706 
0.0194815 
0.0170415 
0.0149043 
0.0130198 
0.011344 
0.00984112 
0.00848217 
0.00724372 
0.00610662 
0.00505519 
0.00407615 
0.0031586 
0.00229287 
0.00147142 
0.000687168 
-6.59121e-05 
-0.000788648 
-0.00148223 
-0.00215125 
-0.00279405 
-0.00340963 
-0.0039937 
-0.00453944 
-0.00503639 
-0.00546899 
-0.0058163 
-0.00605045 
-0.00613767 
-0.00604059 
-0.00572621 
-0.00517566 
-0.00439665 
-0.00342288 
-0.00230316 
-0.00109235 
0.000164486 
0.00143433 
0.00268784 
0.00387531 
0.00487497 
0.00550995 
0.00563278 
0.00538532 
0.00494019 
0.00435245 
0.00367827 
0.00292523 
0.00213547 
0.00129823 
0.000447594 
-0.000447594 
-0.00447299 
0.00447299 
0.0127552 
0.0201305 
0.0266273 
0.0321061 
0.0363605 
0.0391262 
0.040185 
0.039355 
0.0370335 
0.0337785 
0.0301956 
0.0267137 
0.0235378 
0.0207184 
0.0182316 
0.0160311 
0.014071 
0.0123117 
0.0107202 
0.00926966 
0.00793763 
0.00670564 
0.00555815 
0.0044818 
0.00346525 
0.00249829 
0.00157264 
0.000679709 
-0.000186765 
-0.00102928 
-0.00185305 
-0.00266366 
-0.00346246 
-0.00425129 
-0.00502959 
-0.00579483 
-0.00654173 
-0.00726108 
-0.00793933 
-0.00855725 
-0.00909053 
-0.00951177 
-0.00979686 
-0.009933 
-0.00992655 
-0.00980293 
-0.009596 
-0.009335 
-0.00903459 
-0.00869691 
-0.00831761 
-0.00791777 
-0.00750519 
-0.00664125 
-0.00565945 
-0.00480677 
-0.00404654 
-0.00337385 
-0.00274009 
-0.00213594 
-0.0015212 
-0.000896967 
-0.000282212 
0.000282212 
-0.00487106 
0.00487106 
0.013975 
0.0220574 
0.0289956 
0.0346481 
0.038796 
0.0411814 
0.0416583 
0.0402622 
0.0375767 
0.0342068 
0.0306837 
0.0273284 
0.0242699 
0.0215276 
0.0190751 
0.0168744 
0.0148887 
0.0130856 
0.0114377 
0.00992167 
0.00851765 
0.00720876 
0.00598039 
0.00481969 
0.00371532 
0.00265691 
0.00163559 
0.000641455 
-0.000331235 
-0.00128815 
-0.00223732 
-0.00318515 
-0.00413643 
-0.00509593 
-0.00606714 
-0.00705236 
-0.00805223 
-0.00906498 
-0.010086 
-0.0111066 
-0.0121146 
-0.0130947 
-0.0140326 
-0.0149197 
-0.0157567 
-0.0165513 
-0.0173095 
-0.0180266 
-0.0186825 
-0.0192432 
-0.0196586 
-0.0198586 
-0.0196339 
-0.0186341 
-0.0170532 
-0.0152001 
-0.0132632 
-0.0113054 
-0.00931941 
-0.00730275 
-0.00523227 
-0.00310676 
-0.00100877 
0.00100877 
-0.00514891 
0.00514891 
0.0148291 
0.0233669 
0.0304958 
0.0360493 
0.0398125 
0.0416069 
0.0414692 
0.0396909 
0.0369318 
0.0337326 
0.0304895 
0.0274111 
0.0245724 
0.0219822 
0.019623 
0.0174699 
0.0154979 
0.0136837 
0.0120065 
0.0104478 
0.00899103 
0.00762177 
0.00632686 
0.00509442 
0.00391343 
0.00277376 
0.00166587 
0.000579396 
-0.000491504 
-0.00155556 
-0.00262279 
-0.00370083 
-0.00479769 
-0.00592116 
-0.00707891 
-0.00827822 
-0.00952605 
-0.0108285 
-0.0121906 
-0.0136154 
-0.0151036 
-0.0166526 
-0.018257 
-0.0199084 
-0.0215948 
-0.0232969 
-0.0249841 
-0.0266113 
-0.028118 
-0.029425 
-0.0304212 
-0.0309591 
-0.0307896 
-0.0296614 
-0.0276783 
-0.0250785 
-0.0221409 
-0.0190054 
-0.0157271 
-0.0123318 
-0.00883094 
-0.0052421 
-0.00170722 
0.00170722 
-0.00525889 
0.00525889 
0.0151661 
0.0238049 
0.0307892 
0.0359471 
0.0391282 
0.0403235 
0.0397813 
0.0379746 
0.0354678 
0.0326726 
0.0298486 
0.0271273 
0.0245612 
0.0221646 
0.0199344 
0.0178606 
0.01593 
0.014129 
0.0124437 
0.0108608 
0.00936769 
0.0079526 
0.00660423 
0.00531199 
0.0040654 
0.00285488 
0.00167013 
0.000501272 
-0.000658838 
-0.00182101 
-0.00299666 
-0.00419518 
-0.00542738 
-0.00670406 
-0.00803684 
-0.00943788 
-0.0109202 
-0.0124975 
-0.0141843 
-0.015995 
-0.0179429 
-0.0200375 
-0.0222806 
-0.0246612 
-0.02715 
-0.0296955 
-0.0322245 
-0.0346467 
-0.0368589 
-0.0387389 
-0.0401321 
-0.0408555 
-0.0406713 
-0.0394058 
-0.0371206 
-0.0339789 
-0.030244 
-0.0260993 
-0.0216581 
-0.0169905 
-0.0121552 
-0.00721176 
-0.00235025 
0.00235025 
-0.00514616 
0.00514616 
0.0148341 
0.0231563 
0.0296639 
0.0342411 
0.0368664 
0.037713 
0.0371521 
0.0356518 
0.0336234 
0.0313416 
0.0289778 
0.0266289 
0.0243461 
0.0221559 
0.02007 
0.0180918 
0.0162191 
0.0144471 
0.0127686 
0.0111755 
0.0096591 
0.00821041 
0.00682012 
0.00547908 
0.00417751 
0.00290643 
0.00165513 
0.00041443 
-0.000824684 
-0.00207423 
-0.00334672 
-0.00465346 
-0.0060076 
-0.00742279 
-0.00891418 
-0.0104983 
-0.0121935 
-0.0140202 
-0.0160011 
-0.0181606 
-0.020523 
-0.0231082 
-0.0259241 
-0.0289561 
-0.0321571 
-0.0354426 
-0.0386955 
-0.041779 
-0.0445481 
-0.0468481 
-0.0485045 
-0.0493313 
-0.0491158 
-0.0477243 
-0.0451938 
-0.0416402 
-0.0372795 
-0.0323041 
-0.0268668 
-0.0210852 
-0.0150715 
-0.00893987 
-0.00291481 
0.00291481 
-0.00477418 
0.00477418 
0.0137793 
0.0214323 
0.0272903 
0.0313353 
0.0336579 
0.0345146 
0.0342582 
0.0332447 
0.0317579 
0.0299807 
0.0280457 
0.0260404 
0.0240224 
0.0220299 
0.0200868 
0.0182073 
0.0163988 
0.0146637 
0.013001 
0.0114072 
0.00987731 
0.00840489 
0.00698265 
0.00560275 
0.00425634 
0.00293482 
0.00162769 
0.000326082 
-0.000980671 
-0.00230537 
-0.00366142 
-0.00506186 
-0.00652182 
-0.00805737 
-0.00968664 
-0.0114297 
-0.0133092 
-0.0153509 
-0.0175836 
-0.0200392 
-0.0227506 
-0.0257458 
-0.0290382 
-0.0326115 
-0.036405 
-0.0403065 
-0.0441591 
-0.0477808 
-0.0509858 
-0.0535934 
-0.0554231 
-0.0563011 
-0.0560437 
-0.0545405 
-0.0518079 
-0.0479296 
-0.0430791 
-0.0374412 
-0.0311912 
-0.0244888 
-0.0174962 
-0.0103812 
-0.00338821 
0.00338821 
-0.00419451 
0.00419451 
0.0122158 
0.0190653 
0.0243315 
0.0280594 
0.0303603 
0.0314622 
0.0316284 
0.0311067 
0.0300988 
0.0287495 
0.0271739 
0.025459 
0.0236687 
0.0218497 
0.0200348 
0.0182468 
0.0165 
0.014803 
0.0131598 
0.0115708 
0.010034 
0.00854547 
0.00709961 
0.0056898 
0.00430809 
0.00294612 
0.001594 
0.00024281 
-0.00111935 
-0.00250581 
-0.00393064 
-0.00540838 
-0.00695572 
-0.00859068 
-0.0103337 
-0.0122074 
-0.0142375 
-0.0164532 
-0.0188872 
-0.021576 
-0.0245575 
-0.0278653 
-0.0315176 
-0.0354998 
-0.0397458 
-0.0441269 
-0.0484568 
-0.0525138 
-0.0560717 
-0.0589201 
-0.0608731 
-0.0617717 
-0.0614649 
-0.0598602 
-0.0569584 
-0.0528223 
-0.047595 
-0.0414506 
-0.0345765 
-0.0271636 
-0.0194132 
-0.011533 
-0.00377232 
0.00377232 
-0.00357495 
0.00357495 
0.0106132 
0.0167599 
