0 
-0.00157617 
-0.00222694 
-0.00118053 
0.000900574 
0.00338504 
0.00613725 
0.00896273 
0.0118061 
0.0146177 
0.0173896 
0.0201248 
0.0228376 
0.0255457 
0.0282674 
0.0310194 
0.0338151 
0.036664 
0.039571 
0.0425363 
0.0455554 
0.0486187 
0.0517122 
0.0548171 
0.0579108 
0.060967 
0.0639562 
0.0668466 
0.0696047 
0.072196 
0.0745859 
0.0767401 
0.0786257 
0.0802119 
0.0814702 
0.0823755 
0.0829052 
0.0830443 
0.0827793 
0.0821002 
0.0810008 
0.0794786 
0.0775349 
0.0751749 
0.0724082 
0.0692496 
0.0657204 
0.0618495 
0.057675 
0.0532456 
0.0486217 
0.0438754 
0.0390904 
0.0343607 
0.0297878 
0.0254706 
0.0214851 
0.0178581 
0.014571 
0.0115972 
0.008926 
0.00654943 
0.00444179 
0.00255912 
0.000828726 
0 
0.00157617 
-0.00157617 
-0.00222694 
-0.00118053 
0.000900574 
0.00338504 
0.00613725 
0.00896273 
0.0118061 
0.0146177 
0.0173896 
0.0201248 
0.0228376 
0.0255457 
0.0282674 
0.0310194 
0.0338151 
0.036664 
0.039571 
0.0425363 
0.0455554 
0.0486187 
0.0517122 
0.0548171 
0.0579108 
0.060967 
0.0639562 
0.0668466 
0.0696047 
0.072196 
0.0745859 
0.0767401 
0.0786257 
0.0802119 
0.0814702 
0.0823755 
0.0829052 
0.0830443 
0.0827793 
0.0821002 
0.0810008 
0.0794786 
0.0775349 
0.0751749 
0.0724082 
0.0692496 
0.0657204 
0.0618495 
0.057675 
0.0532456 
0.0486217 
0.0438754 
0.0390904 
0.0343607 
0.0297878 
0.0254706 
0.0214851 
0.0178581 
0.014571 
0.0115972 
0.008926 
0.00654943 
0.00444179 
0.00255912 
0.000828726 
-0.000828726 
0.000403628 
-0.000403628 
0.000706902 
0.00190602 
0.00377778 
0.00596885 
0.00839238 
0.0108879 
0.0134025 
0.0158946 
0.0183578 
0.0207976 
0.0232292 
0.0256712 
0.0281423 
0.0306594 
0.0332364 
0.0358829 
0.038604 
0.0413999 
0.0442661 
0.0471928 
0.0501655 
0.0531651 
0.0561683 
0.059148 
0.0620739 
0.0649133 
0.067632 
0.0701947 
0.072566 
0.0747114 
0.0765974 
0.0781933 
0.0794706 
0.0804053 
0.0809728 
0.0811548 
0.0809384 
0.0803133 
0.079273 
0.0778153 
0.0759413 
0.073656 
0.0709686 
0.0678931 
0.0644495 
0.0606656 
0.056578 
0.0522343 
0.047694 
0.0430289 
0.0383228 
0.0336695 
0.0291683 
0.0249142 
0.0209781 
0.0173886 
0.0141383 
0.0112116 
0.00859805 
0.00628375 
0.00424135 
0.00243143 
0.000783573 
-0.000783573 
-0.000667979 
0.000667979 
0.00192222 
0.00341386 
0.00519821 
0.00719084 
0.00930531 
0.0114533 
0.0135986 
0.0157218 
0.0178267 
0.0199268 
0.0220418 
0.0241927 
0.026399 
0.0286776 
0.0310414 
0.0334989 
0.0360538 
0.0387047 
0.0414454 
0.0442646 
0.0471461 
0.0500693 
0.0530091 
0.055937 
0.0588212 
0.0616276 
0.0643207 
0.066864 
0.0692214 
0.0713572 
0.0732378 
0.0748319 
0.0761114 
0.0770526 
0.0776355 
0.0778434 
0.0776648 
0.077091 
0.076117 
0.0747415 
0.0729665 
0.0707967 
0.0682405 
0.0653099 
0.0620222 
0.0584011 
0.0544792 
0.0502997 
0.0459182 
0.0414039 
0.036839 
0.0323163 
0.027934 
0.0237841 
0.0199336 
0.0164121 
0.0132227 
0.0103647 
0.00783763 
0.00563264 
0.00373059 
0.00209902 
0.000665056 
-0.000665056 
-0.000639154 
0.000639154 
0.00215215 
0.0038537 
0.00565022 
0.00749186 
0.00933828 
0.0111592 
0.0129505 
0.0147197 
0.0164855 
0.0182712 
0.0201009 
0.0219971 
0.0239785 
0.02606 
0.0282516 
0.030559 
0.0329832 
0.0355203 
0.038162 
0.0408953 
0.0437025 
0.0465616 
0.0494465 
0.0523274 
0.0551716 
0.0579443 
0.0606089 
0.0631284 
0.0654657 
0.0675846 
0.069451 
0.0710331 
0.0723023 
0.0732349 
0.0738113 
0.0740162 
0.0738407 
0.0732784 
0.0723276 
0.0709904 
0.0692721 
0.0671804 
0.0647253 
0.0619192 
0.0587781 
0.0553225 
0.0515802 
0.0475886 
0.0433977 
0.0390714 
0.0346884 
0.0303391 
0.0261196 
0.0221182 
0.0183968 
0.0149839 
0.0118932 
0.00913992 
0.00673563 
0.00468072 
0.00297093 
0.00159102 
0.000479013 
-0.000479013 
-0.000645492 
0.000645492 
0.00226915 
0.00399958 
0.00567473 
0.00729972 
0.00885332 
0.010352 
0.0118132 
0.0132651 
0.0147367 
0.0162569 
0.0178509 
0.0195392 
0.0213373 
0.023256 
0.0253016 
0.0274764 
0.029779 
0.0322038 
0.0347416 
0.0373785 
0.0400968 
0.0428741 
0.0456842 
0.0484974 
0.0512806 
0.0539986 
0.0566149 
0.0590919 
0.0613922 
0.0634795 
0.0653189 
0.0668782 
0.0681284 
0.0690454 
0.0696091 
0.0698037 
0.0696218 
0.0690587 
0.0681155 
0.0667974 
0.0651132 
0.0630742 
0.0606935 
0.0579858 
0.0549678 
0.0516589 
0.048084 
0.044276 
0.0402794 
0.0361529 
0.0319705 
0.0278193 
0.0237917 
0.0199696 
0.0164064 
0.0131277 
0.0101577 
0.00752601 
0.00525538 
0.00336481 
0.00189074 
0.000841321 
0.000194584 
-0.000194584 
-0.000580022 
0.000580022 
0.00215398 
0.00380135 
0.00530552 
0.00670185 
0.00798595 
0.00920504 
0.0103909 
0.0115852 
0.0128217 
0.0141308 
0.015535 
0.0170511 
0.0186899 
0.0204581 
0.0223592 
0.0243935 
0.0265588 
0.0288496 
0.031257 
0.0337683 
0.0363664 
0.03903 
0.0417336 
0.0444477 
0.04714 
0.0497756 
0.0523179 
0.0547296 
0.0569734 
0.0590126 
0.060812 
0.0623389 
0.0635636 
0.0644613 
0.0650106 
0.0651943 
0.0650062 
0.0644427 
0.0635069 
0.0622066 
0.0605534 
0.0585615 
0.0562467 
0.0536263 
0.0507182 
0.0475423 
0.0441222 
0.0404883 
0.0366811 
0.0327553 
0.0287811 
0.0248418 
0.0210246 
0.0174014 
0.0140132 
0.0108817 
0.00804112 
0.00553038 
0.00338709 
0.00167215 
0.000469829 
-0.00016644 
-0.000195949 
0.000195949 
-0.000530249 
0.000530249 
0.00198445 
0.00345757 
0.0047336 
0.00588606 
0.00691788 
0.00789536 
0.00885392 
0.00984078 
0.0108878 
0.0120229 
0.0132633 
0.014621 
0.016103 
0.0177134 
0.0194541 
0.0213257 
0.0233264 
0.0254524 
0.0276963 
0.0300472 
0.0324897 
0.035004 
0.0375659 
0.0401472 
0.0427162 
0.0452387 
0.047679 
0.0500002 
0.0521651 
0.0541373 
0.0558813 
0.0573639 
0.0585545 
0.0594278 
0.0599615 
0.0601377 
0.0599507 
0.0593975 
0.0584822 
0.0572138 
0.0556052 
0.0536721 
0.051432 
0.0489037 
0.0461065 
0.0430612 
0.0397913 
0.036326 
0.0327045 
0.0289791 
0.0252176 
0.0214997 
0.017905 
0.0144911 
0.0112828 
0.00829883 
0.00558033 
0.00317314 
0.00114845 
-0.000369225 
-0.00125243 
-0.00137646 
-0.000649938 
0.000649938 
-0.000446285 
0.000446285 
0.00171281 
0.0029675 
0.00400456 
0.00492824 
0.0057416 
0.00652018 
0.00729573 
0.00811514 
0.00900436 
0.00998641 
0.0110732 
0.0122728 
0.0135898 
0.0150272 
0.0165875 
0.018272 
0.0200809 
0.0220121 
0.0240609 
0.0262184 
0.0284715 
0.0308024 
0.0331888 
0.035604 
0.0380177 
0.0403973 
0.0427078 
0.0449135 
0.0469779 
0.048865 
0.0505391 
0.0519666 
0.0531162 
0.0539619 
0.0544793 
0.0546501 
0.0544694 
0.0539353 
0.053053 
0.0518325 
0.0502868 
0.0484317 
0.0462846 
0.0438641 
0.04119 
0.0382832 
0.0351677 
0.0318732 
0.0284388 
0.0249167 
0.0213738 
0.017886 
0.0145221 
0.0113201 
0.00828732 
0.00544142 
0.00282832 
0.000513797 
-0.00135639 
-0.00262534 
-0.00307704 
-0.00253897 
-0.00102388 
0.00102388 
-0.00036315 
0.00036315 
0.0014117 
0.00241935 
0.00321518 
0.0039242 
0.00454508 
0.00515486 
0.00577644 
0.00645221 
0.00719977 
0.00803688 
0.00897042 
0.0100062 
0.0111474 
0.0123974 
0.0137594 
0.0152363 
0.0168302 
0.0185413 
0.0203672 
0.0223017 
0.0243344 
0.0264501 
0.0286288 
0.0308459 
0.0330734 
0.0352801 
0.0374329 
0.0394974 
0.0414385 
0.0432205 
0.044808 
0.0461671 
0.0472658 
0.048078 
0.0485776 
0.0487467 
0.048581 
0.0480795 
0.0472478 
0.0460957 
0.0446356 
0.0428819 
0.0408506 
0.0385591 
0.0360263 
0.0332727 
0.0303229 
0.0272077 
0.0239679 
0.0206574 
0.017343 
0.0140955 
0.0109685 
0.00797541 
0.00510834 
0.0023881 
-0.000123392 
-0.00229711 
-0.00394385 
-0.00480639 
-0.00464194 
-0.0033662 
-0.00124827 
0.00124827 
-0.000268841 
0.000268841 
0.00107801 
0.0018318 
0.00240078 
0.00291501 
0.00336794 
0.00383196 
0.00431926 
0.00486548 
0.0054794 
0.00617412 
0.0069526 
0.00781938 
0.008777 
0.00982941 
0.0109807 
0.0122352 
0.0135966 
0.0150675 
0.0166479 
0.0183344 
0.0201197 
0.0219916 
0.0239333 
0.0259229 
0.027935 
0.0299406 
0.031909 
0.0338075 
0.0356027 
0.03726 
0.0387443 
0.0400216 
0.04106 
0.0418331 
0.0423129 
0.0424824 
0.0423387 
0.0418825 
0.0411194 
0.0400577 
0.0387076 
0.0370807 
0.0351902 
0.033051 
0.0306803 
0.0280981 
0.0253296 
0.0224075 
0.0193756 
0.0162907 
0.0132192 
0.0102239 
0.00733719 
0.0045448 
0.00183227 
-0.000762007 
-0.00313299 
-0.00508895 
-0.00634634 
-0.00660514 
-0.00572929 
-0.00385389 
-0.0013886 
0.0013886 
-0.000176082 
0.000176082 
0.000741871 
0.00124414 
0.00160288 
0.0019373 
0.00223917 
0.00257091 
0.0029348 
0.00335825 
0.00384209 
0.00439538 
0.00501801 
0.00571367 
0.00648444 
0.00733461 
0.00826871 
0.00929208 
0.0104098 
0.0116263 
0.012944 
0.0143627 
0.0158782 
0.0174821 
0.0191611 
0.0208969 
0.022667 
0.0244454 
0.0262037 
0.0279119 
0.0295385 
0.0310503 
0.0324129 
0.0335925 
0.0345576 
0.0352825 
0.0357393 
0.0359138 
0.0358046 
0.0354121 
0.0347401 
0.0337936 
0.0325789 
0.0311037 
0.029378 
0.0274136 
0.0252257 
0.0228339 
0.0202645 
0.0175532 
0.0147475 
0.0119072 
0.00909732 
0.00636612 
0.00371805 
0.00111593 
-0.00144322 
-0.00388909 
-0.00605101 
-0.00764239 
-0.00832499 
-0.0078873 
-0.00638458 
-0.00414101 
-0.00147243 
0.00147243 
-8.21846e-05 
8.21846e-05 
0.00040753 
0.000669648 
0.000836615 
0.00100456 
0.0011682 
0.00137596 
0.00162296 
0.00192745 
0.0022841 
0.00269812 
0.00316709 
0.00369367 
0.00427933 
0.00492812 
0.00564454 
0.00643429 
0.00730339 
0.00825772 
0.00930204 
0.010439 
0.0116683 
0.0129853 
0.0143807 
0.0158405 
0.0173456 
0.0188737 
0.0203992 
0.0218948 
0.0233315 
0.0246784 
0.0259023 
0.0269691 
0.0278485 
0.028515 
0.0289451 
0.0291309 
0.0290713 
0.0287636 
0.0282061 
0.0273985 
0.0263422 
0.0250405 
0.0234999 
0.0217295 
0.019743 
0.0175601 
0.0152088 
0.0127288 
0.0101721 
0.00760049 
0.00507143 
0.00261294 
0.000198776 
-0.00222146 
-0.00461962 
-0.00686942 
-0.00870431 
-0.00977081 
-0.00977827 
-0.00869484 
-0.00674625 
-0.00429849 
-0.00151227 
0.00151227 
9.4871e-06 
-9.4871e-06 
8.58667e-05 
0.000123285 
0.000114367 
0.000126217 
0.00016003 
0.000248128 
0.000381932 
0.000569925 
0.000802785 
0.0010816 
0.00140214 
0.00176556 
0.00217239 
0.00262581 
0.00312963 
0.00368935 
0.00431138 
0.00500263 
0.00576979 
0.00661833 
0.00755142 
0.0085688 
0.00966565 
0.0108322 
0.0120541 
0.0133128 
0.0145863 
0.0158503 
0.0170783 
0.0182427 
0.0193129 
0.0202552 
0.0210395 
0.02164 
0.0220477 
0.022259 
0.0222674 
0.0220632 
0.021638 
0.0209856 
0.0201028 
0.0189892 
0.0176478 
0.0160859 
0.0143162 
0.0123597 
0.0102468 
0.00802194 
0.00573985 
0.00346224 
0.00123614 
-0.000945486 
-0.00314114 
-0.00538493 
-0.007597 
-0.00956574 
-0.0109428 
-0.011384 
-0.0107343 
-0.00914346 
-0.00691851 
-0.00435954 
-0.00152121 
0.00152121 
0.000105784 
-0.000105784 
-0.000225624 
-0.000389479 
-0.000559927 
-0.000693938 
-0.000784169 
-0.000813552 
-0.000791087 
-0.000717641 
-0.000604337 
-0.000454727 
-0.000274472 
-6.46722e-05 
0.000173812 
0.000442417 
0.000743982 
0.00108318 
0.00146618 
0.00190042 
0.00239398 
0.00295472 
0.00358928 
0.00430149 
0.00509118 
0.00595376 
0.00688003 
0.00785614 
0.00886395 
0.00988261 
0.0108884 
0.0118576 
0.0127642 
0.0135786 
0.014271 
0.0148124 
0.015211 
0.0154598 
0.0155455 
0.0154514 
0.0151636 
0.0146715 
0.0139675 
0.0130481 
0.0119137 
0.0105702 
0.00903047 
0.00731734 
0.0054632 
0.00351937 
0.00154513 
-0.000407001 
-0.00231646 
-0.00423677 
-0.00623307 
-0.00829265 
-0.0102653 
-0.0118531 
-0.0126798 
-0.0124881 
-0.0112864 
-0.00934363 
-0.00695738 
-0.00434463 
-0.00150702 
0.00150702 
0.000206164 
-0.000206164 
-0.0005232 
-0.000864529 
-0.00118549 
-0.0014567 
-0.00166764 
-0.0018123 
-0.00189955 
-0.00193753 
-0.00193845 
-0.00191028 
-0.00186018 
-0.00179204 
-0.00170853 
-0.00161026 
-0.00149592 
-0.00136226 
-0.00120392 
-0.00101362 
-0.000782505 
-0.000500914 
-0.000159535 
0.000249528 
0.000731193 
0.00128662 
0.00191212 
0.00259903 
0.00333369 
0.00409931 
0.00487525 
0.0056423 
0.00637919 
0.00706626 
0.00768025 
0.00818691 
0.00859357 
0.00888275 
0.00904262 
0.00905256 
0.00889668 
0.00856029 
0.00803271 
0.00730739 
0.00638257 
0.00526406 
0.00396628 
0.00251533 
0.000948731 
-0.000678901 
-0.00230904 
-0.00391538 
-0.00552183 
-0.00720673 
-0.0090088 
-0.0108547 
-0.0125183 
-0.0136456 
-0.0138981 
-0.0131467 
-0.0115341 
-0.00936694 
-0.00689343 
-0.00426956 
-0.00147436 
0.00147436 
0.00030305 
-0.00030305 
-0.000800503 
-0.00130328 
-0.00176588 
-0.00216754 
-0.00249605 
-0.00275288 
-0.00294695 
-0.0030916 
-0.00320018 
-0.00328431 
-0.00335291 
-0.00341276 
-0.0034685 
-0.0035231 
-0.00357738 
-0.00363003 
-0.00367709 
-0.00371201 
-0.00372572 
-0.0037073 
-0.00364508 
-0.00352761 
-0.00334492 
-0.00309037 
-0.00276193 
-0.00236262 
-0.00190086 
-0.00138871 
-0.000842777 
-0.000278423 
0.000286626 
0.000840747 
0.00137363 
0.00185696 
0.00228328 
0.0026163 
0.00284792 
0.00295565 
0.00292381 
0.0027358 
0.00237905 
0.00184537 
0.00113282 
0.000247316 
-0.000792855 
-0.00195672 
-0.00319947 
-0.00447221 
-0.00573845 
-0.00700648 
-0.00833508 
-0.0097989 
-0.0113935 
-0.0129808 
-0.0142718 
-0.0149059 
-0.014631 
-0.0134415 
-0.0115556 
-0.00925442 
-0.00674128 
-0.00414338 
-0.00142498 
0.00142498 
0.00039361 
-0.00039361 
-0.00105582 
-0.00170708 
-0.00230267 
-0.00282837 
-0.00327084 
-0.00363651 
-0.00393392 
-0.00417993 
-0.0043888 
-0.00457512 
-0.00474968 
-0.004922 
-0.00509907 
-0.00528654 
-0.00548772 
-0.00570375 
-0.00593272 
-0.00616951 
-0.00640555 
-0.00662925 
-0.0068267 
-0.00698299 
-0.00708376 
-0.00711702 
-0.0070748 
-0.00695409 
-0.00675744 
-0.00649175 
-0.00616826 
-0.00579891 
-0.00539674 
-0.00497298 
-0.00453074 
-0.00409413 
-0.00366395 
-0.00329477 
-0.00299618 
-0.00279529 
-0.002708 
-0.002752 
-0.00294005 
-0.00327988 
-0.0037713 
-0.0044051 
-0.00515976 
-0.00600234 
-0.00688938 
-0.0077877 
-0.00869069 
-0.00963983 
-0.0107101 
-0.0119518 
-0.013311 
-0.0145916 
-0.0154732 
-0.0156359 
-0.01493 
-0.0134381 
-0.011393 
-0.0090186 
-0.00650239 
-0.00396726 
-0.00135857 
0.00135857 
0.000476644 
-0.000476644 
-0.0012883 
-0.00207581 
-0.00279539 
-0.0034385 
-0.0039906 
-0.00446126 
-0.00485811 
-0.0052001 
-0.00550196 
-0.00578052 
-0.00604828 
-0.00631725 
-0.00659681 
-0.00689532 
-0.0072189 
-0.00757149 
-0.00795381 
-0.00836294 
-0.00879172 
-0.00922885 
-0.00965938 
-0.0100658 
-0.0104296 
-0.0107335 
-0.0109632 
-0.0111091 
-0.0111673 
-0.0111386 
-0.0110285 
-0.0108445 
-0.0105951 
-0.0102907 
-0.00993524 
-0.00955547 
-0.00914605 
-0.00876057 
-0.00841133 
-0.00812837 
-0.00792911 
-0.00783194 
-0.00784905 
-0.00798653 
-0.00824174 
-0.0086024 
-0.00904532 
-0.00953939 
-0.0100524 
-0.0105742 
-0.0111286 
-0.0117799 
-0.0126 
-0.013604 
-0.0146917 
-0.0156282 
-0.0160999 
-0.015857 
-0.0148389 
-0.0131662 
-0.0110471 
-0.0086464 
-0.00616734 
-0.00373538 
-0.00127292 
0.00127292 
0.000551603 
-0.000551603 
-0.00149712 
-0.00240811 
-0.00324157 
-0.00399445 
-0.00465077 
-0.00522198 
-0.00571416 
-0.00614708 
-0.0065353 
-0.0068971 
-0.00724624 
-0.00759686 
-0.0079605 
-0.00834817 
-0.00876877 
-0.00922929 
-0.00973351 
-0.0102813 
-0.0108679 
-0.0114834 
-0.0121129 
-0.0127374 
-0.0133355 
-0.013885 
-0.0143656 
-0.014761 
-0.0150601 
-0.0152573 
-0.0153524 
-0.0153482 
-0.0152502 
-0.0150662 
-0.0148008 
-0.0144808 
-0.0140996 
-0.013709 
-0.0133207 
-0.0129651 
-0.0126597 
-0.0124226 
-0.0122645 
-0.0121896 
-0.012193 
-0.012261 
-0.0123725 
-0.012504 
-0.0126417 
-0.0128002 
-0.0130276 
-0.0133964 
-0.013961 
-0.0147009 
-0.0154811 
-0.0160555 
-0.0161501 
-0.0155922 
-0.0143788 
-0.012622 
-0.0104824 
-0.00810917 
-0.00571697 
-0.00343681 
-0.00116441 
0.00116441 
0.000617993 
-0.000617993 
-0.0016809 
-0.00270123 
-0.00363677 
-0.00449007 
-0.00524363 
-0.00590994 
-0.00649294 
-0.00701209 
-0.00748108 
-0.00791866 
-0.00833931 
-0.00875863 
-0.00918989 
-0.00964637 
-0.0101396 
-0.0106795 
-0.0112731 
-0.0119237 
-0.0126295 
-0.0133832 
-0.0141714 
-0.0149751 
-0.0157713 
-0.0165341 
-0.0172381 
-0.0178602 
-0.0183823 
-0.0187918 
-0.0190823 
-0.0192517 
-0.0193022 
-0.0192391 
-0.0190669 
-0.0188112 
-0.0184637 
-0.0180747 
-0.0176543 
-0.0172315 
-0.0168227 
-0.0164445 
-0.0161058 
-0.015809 
-0.0155485 
-0.0153122 
-0.0150852 
-0.0148571 
-0.0146345 
-0.0144533 
-0.0143746 
-0.0144659 
-0.0147582 
-0.0152019 
-0.0156453 
-0.0158594 
-0.0156301 
-0.0148529 
-0.0135469 
-0.0117811 
-0.00965377 
-0.00737089 
-0.00512914 
-0.00305842 
-0.00102896 
0.00102896 
0.000675235 
-0.000675235 
-0.00183771 
-0.00295142 
-0.00397501 
-0.00491707 
-0.00575869 
-0.00651304 
-0.00718141 
-0.00778213 
-0.00832721 
-0.00883497 
-0.00931976 
-0.00979783 
-0.0102836 
-0.0107918 
-0.0113362 
-0.0119293 
-0.0125814 
-0.0132992 
-0.0140845 
-0.0149336 
-0.0158357 
-0.0167738 
-0.0177246 
-0.0186607 
-0.0195526 
-0.0203716 
-0.0210926 
-0.021696 
-0.0221685 
-0.0225028 
-0.022697 
-0.0227535 
-0.0226757 
-0.0224868 
-0.0221762 
-0.0217926 
-0.021344 
-0.0208567 
-0.0203454 
-0.0198247 
-0.0193019 
-0.0187788 
-0.0182512 
-0.0177119 
-0.0171556 
-0.0165872 
-0.0160312 
-0.0155368 
-0.015167 
-0.0149761 
-0.0149723 
-0.0150879 
-0.0151746 
-0.0150428 
-0.0145454 
-0.0136319 
-0.012317 
-0.0106033 
-0.00851671 
-0.00639597 
-0.00438253 
-0.002588 
-0.000862844 
0.000862844 
0.000722655 
-0.000722655 
-0.00196535 
-0.00315435 
-0.00424943 
-0.0052658 
-0.00618351 
-0.00701643 
-0.00776307 
-0.00844001 
-0.00905694 
-0.00963081 
-0.010175 
-0.0107055 
-0.0112367 
-0.0117844 
-0.0123634 
-0.0129882 
-0.0136719 
-0.0144244 
-0.0152514 
-0.0161531 
-0.0171228 
-0.0181466 
-0.0192033 
-0.0202657 
-0.0213023 
-0.0222806 
-0.0231692 
-0.0239417 
-0.0245775 
-0.0250632 
-0.0253919 
-0.0255623 
-0.0255761 
-0.0254531 
-0.0251806 
-0.0248044 
-0.0243297 
-0.0237801 
-0.0231682 
-0.0225067 
-0.0218023 
-0.0210576 
-0.0202724 
-0.0194463 
-0.0185853 
-0.0177079 
-0.0168509 
-0.016068 
-0.0154158 
-0.0149318 
-0.0146067 
-0.0143671 
-0.0140851 
-0.0136227 
-0.0128977 
-0.0119007 
-0.0106389 
-0.00903806 
-0.00702667 
-0.00515769 
-0.00346238 
-0.00201759 
-0.000663932 
0.000663932 
0.000759617 
-0.000759617 
-0.00206177 
-0.00330604 
-0.00445353 
-0.00552675 
-0.00650536 
-0.00740432 
-0.00821951 
-0.00896564 
-0.00964957 
-0.0102862 
-0.0108872 
-0.0114671 
-0.0120396 
-0.0126199 
-0.0132231 
-0.0138647 
-0.0145595 
-0.0153201 
-0.0161558 
-0.0170711 
-0.0180638 
-0.0191243 
-0.0202354 
-0.0213721 
-0.0225036 
-0.0235954 
-0.0246122 
-0.0255213 
-0.026295 
-0.0269131 
-0.0273626 
-0.0276374 
-0.0277361 
-0.0276748 
-0.0274391 
-0.0270705 
-0.0265718 
-0.0259633 
-0.025256 
-0.0244611 
-0.023586 
-0.0226358 
-0.0216151 
-0.0205318 
-0.0194016 
-0.0182529 
-0.0171281 
-0.0160779 
-0.0151479 
-0.0143598 
-0.0136932 
-0.0130802 
-0.0124236 
-0.011638 
-0.0106974 
-0.00962254 
-0.0084272 
-0.00698464 
-0.00515216 
-0.00364491 
-0.00236603 
-0.00134685 
-0.000432894 
0.000432894 
0.000785689 
-0.000785689 
-0.00212569 
-0.00340385 
-0.00458274 
-0.0056927 
-0.0067138 
-0.0076628 
-0.00853352 
-0.00933899 
-0.0100832 
-0.0107787 
-0.0114346 
-0.0120634 
-0.0126768 
-0.0132884 
-0.0139122 
-0.0145633 
-0.0152569 
-0.0160073 
-0.0168267 
-0.0177235 
-0.0187 
-0.019752 
-0.0208671 
-0.0220248 
-0.0231971 
-0.0243505 
-0.0254481 
-0.026453 
-0.0273317 
-0.0280566 
-0.0286079 
-0.0289733 
-0.0291475 
-0.0291415 
-0.0289397 
-0.0285787 
-0.0280589 
-0.0273978 
-0.0266048 
-0.0256911 
-0.0246651 
-0.0235353 
-0.0223117 
-0.0210094 
-0.0196513 
-0.0182707 
-0.0169097 
-0.0156116 
-0.0144096 
-0.0133125 
-0.0122958 
-0.0113041 
-0.0102747 
-0.00916742 
-0.00799626 
-0.00679622 
-0.00561689 
-0.00427787 
-0.00289336 
-0.00187019 
-0.0011109 
-0.000587593 
-0.000174694 
0.000174694 
0.000800814 
-0.000800814 
-0.00215725 
-0.00344777 
-0.00463635 
-0.00576139 
-0.00680413 
-0.00778402 
-0.00869368 
-0.00954512 
-0.0103398 
-0.011088 
-0.011796 
-0.0124736 
-0.0131298 
-0.0137755 
-0.0144221 
-0.0150829 
-0.0157717 
-0.0165033 
-0.0172913 
-0.018147 
-0.0190774 
-0.0200832 
-0.0211577 
-0.022286 
-0.0234453 
-0.0246054 
-0.0257307 
-0.0267834 
-0.0277259 
-0.0285246 
-0.0291529 
-0.0295914 
-0.029829 
-0.0298708 
-0.0296999 
-0.029347 
-0.028811 
-0.0281066 
-0.0272428 
-0.0262306 
-0.0250804 
-0.0238041 
-0.0224164 
-0.0209373 
-0.0193939 
-0.01782 
-0.0162534 
-0.0147284 
-0.0132665 
-0.011868 
-0.0105094 
-0.00915234 
-0.00776699 
-0.00634729 
-0.00493743 
-0.00356954 
-0.0023267 
-0.00104223 
-0.000361724 
8.53218e-05 
0.000252911 
0.000229353 
9.98442e-05 
-9.98442e-05 
0.00080557 
-0.00080557 
-0.0021587 
-0.00344168 
-0.00461952 
-0.00573838 
-0.00678124 
-0.00777107 
-0.0087003 
-0.00958085 
-0.0104124 
-0.0112034 
-0.0119574 
-0.0126818 
-0.0133821 
-0.0140659 
-0.014741 
-0.0154172 
-0.0161056 
-0.0168191 
-0.0175712 
-0.0183748 
-0.0192401 
-0.0201728 
-0.0211719 
-0.0222288 
-0.0233266 
-0.0244407 
-0.0255396 
-0.0265874 
-0.0275458 
-0.0283778 
-0.0290509 
-0.0295391 
-0.0298245 
-0.0299048 
-0.0297619 
-0.029419 
-0.028874 
-0.0281391 
-0.027223 
-0.0261371 
-0.0248938 
-0.0235075 
-0.0219964 
-0.0203834 
-0.0186962 
-0.0169667 
-0.0152263 
-0.0135003 
-0.0118013 
-0.0101248 
-0.00845333 
-0.00676695 
-0.00506689 
-0.00337636 
-0.00174695 
-0.00021387 
0.00111064 
0.002092 
0.00220815 
0.00206569 
0.00164768 
0.00105944 
0.000376363 
-0.000376363 
0.000801044 
-0.000801044 
-0.00213465 
-0.00339406 
-0.00454463 
-0.00563931 
-0.00666298 
-0.00764258 
-0.0085713 
-0.00946196 
-0.0103134 
-0.011133 
-0.0119225 
-0.0126869 
-0.0134287 
-0.0141521 
-0.0148606 
-0.0155597 
-0.0162563 
-0.0169595 
-0.0176806 
-0.0184319 
-0.0192255 
-0.0200708 
-0.020972 
-0.0219269 
-0.0229251 
-0.0239485 
-0.0249716 
-0.0259628 
-0.0268866 
-0.0277059 
-0.0283852 
-0.0288934 
-0.0292062 
-0.0293126 
-0.0291931 
-0.0288617 
-0.0283155 
-0.0275642 
-0.0266162 
-0.0254833 
-0.024179 
-0.0227198 
-0.0211254 
-0.0194196 
-0.0176289 
-0.0157813 
-0.0139018 
-0.0120082 
-0.0101069 
-0.00819294 
-0.00625768 
-0.00430221 
-0.00235233 
-0.000435036 
0.00138369 
0.00301831 
0.00427681 
0.00486659 
0.00458664 
0.0039355 
0.00297986 
0.00185367 
0.000639857 
-0.000639857 
0.000789385 
-0.000789385 
-0.00209259 
-0.00331847 
-0.00443187 
-0.00549078 
-0.00648164 
-0.00743515 
-0.00834585 
-0.00922824 
-0.0100813 
-0.0109121 
-0.0117216 
-0.0125131 
-0.0132871 
-0.0140448 
-0.0147861 
-0.0155119 
-0.0162243 
-0.0169274 
-0.0176279 
-0.0183355 
-0.0190614 
-0.019817 
-0.0206109 
-0.0214465 
-0.0223203 
-0.0232208 
-0.0241291 
-0.0250196 
-0.0258617 
-0.0266214 
-0.0272638 
-0.0277555 
-0.028068 
-0.0281827 
-0.028078 
-0.0277576 
-0.0272172 
-0.0264633 
-0.0255037 
-0.0243498 
-0.0230158 
-0.0215189 
-0.0198793 
-0.0181196 
-0.0162643 
-0.0143369 
-0.0123568 
-0.0103362 
-0.00827862 
-0.00618137 
-0.00404787 
-0.00189547 
0.000249517 
0.00235201 
0.00428758 
0.00590646 
0.00697403 
0.00724346 
0.00663847 
0.00557099 
0.00416207 
0.00256382 
0.000876103 
-0.000876103 
0.000771617 
-0.000771617 
-0.00204144 
-0.00323223 
-0.00430762 
-0.00532852 
-0.006282 
-0.00720158 
-0.00808328 
-0.00894343 
-0.00978174 
-0.010606 
-0.0114167 
-0.012217 
-0.0130062 
-0.0137839 
-0.0145476 
-0.0152949 
-0.0160233 
-0.0167318 
-0.0174217 
-0.0180975 
-0.018767 
-0.0194405 
-0.0201289 
-0.0208403 
-0.0215776 
-0.0223365 
-0.0231046 
-0.0238627 
-0.0245862 
-0.0252461 
-0.0258111 
-0.0262492 
-0.0265302 
-0.0266302 
-0.0265248 
-0.026209 
-0.0256762 
-0.0249295 
-0.0239749 
-0.022823 
-0.0214873 
-0.0199845 
-0.018334 
-0.0165569 
-0.0146744 
-0.0127061 
-0.0106669 
-0.00856547 
-0.00640487 
-0.0041868 
-0.00192637 
0.000363873 
0.00265566 
0.00486362 
0.00681402 
0.00832968 
0.00917024 
0.00916769 
0.00830541 
0.00691446 
0.00514556 
0.00316021 
0.00107541 
-0.00107541 
0.00075253 
-0.00075253 
-0.00199334 
-0.00315558 
-0.00420183 
-0.00519285 
-0.00611529 
-0.00700364 
-0.00785496 
-0.00868692 
-0.00950016 
-0.0103032 
-0.0110972 
-0.0118853 
-0.0126673 
-0.0134422 
-0.0142073 
-0.0149584 
-0.0156908 
-0.0163995 
-0.0170805 
-0.0177326 
-0.0183578 
-0.0189623 
-0.0195555 
-0.0201479 
-0.020748 
-0.0213583 
-0.021974 
-0.0225821 
-0.0231634 
-0.0236944 
-0.0241486 
-0.0244977 
-0.0247138 
-0.0247715 
-0.0246457 
-0.0243236 
-0.0237957 
-0.0230611 
-0.0221236 
-0.0209916 
-0.0196773 
-0.0181959 
-0.016565 
-0.0148033 
-0.012929 
-0.0109581 
-0.00890225 
-0.00676829 
-0.00455999 
-0.0022858 
4.24333e-05 
0.00241925 
0.00478176 
0.00700343 
0.00889046 
0.0102522 
0.0108708 
0.0106394 
0.00957905 
0.00794662 
0.00590953 
0.00362813 
0.00123274 
-0.00123274 
0.000740802 
-0.000740802 
-0.00196047 
-0.00310872 
-0.00414308 
-0.00512171 
-0.00602956 
-0.00689988 
-0.00772992 
-0.00853755 
-0.00932405 
-0.0100984 
-0.0108624 
-0.01162 
-0.0123715 
-0.0131173 
-0.0138553 
-0.0145824 
-0.0152935 
-0.0159825 
-0.0166426 
-0.0172678 
-0.0178539 
-0.0184007 
-0.0189124 
-0.0193978 
-0.0198674 
-0.0203302 
-0.0207894 
-0.0212396 
-0.0216678 
-0.0220549 
-0.0223791 
-0.0226167 
-0.0227432 
-0.0227345 
-0.0225657 
-0.0222202 
-0.0216872 
-0.0209623 
-0.0200466 
-0.0189458 
-0.0176696 
-0.0162309 
-0.0146447 
-0.0129269 
-0.0110927 
-0.00915499 
-0.00712332 
-0.00500347 
-0.00280171 
-0.000526017 
0.00182308 
0.00421954 
0.0065705 
0.0087305 
0.0104983 
0.0116832 
0.012102 
0.0116846 
0.0104766 
0.00867629 
0.0064551 
0.00396623 
0.00134729 
-0.00134729 
0.000739788 
-0.000739788 
-0.00195429 
-0.00310812 
-0.0041536 
-0.00514319 
-0.00605952 
-0.00693233 
-0.00775824 
-0.00855397 
-0.00932082 
-0.0100676 
-0.0107965 
-0.011512 
-0.0122155 
-0.0129087 
-0.0135915 
-0.0142629 
-0.01492 
-0.0155581 
-0.0161709 
-0.0167507 
-0.0172894 
-0.0177807 
-0.0182217 
-0.0186145 
-0.0189671 
-0.0192906 
-0.0195953 
-0.0198855 
-0.0201561 
-0.0203933 
-0.0205777 
-0.0206886 
-0.0207057 
-0.020609 
-0.0203781 
-0.0199946 
-0.0194461 
-0.0187261 
-0.0178328 
-0.0167691 
-0.0155419 
-0.0141613 
-0.0126392 
-0.0109885 
-0.00922152 
-0.00734866 
-0.00537783 
-0.00331433 
-0.00116562 
0.00107155 
0.0033876 
0.00573374 
0.00800439 
0.0100443 
0.0116561 
0.0126594 
0.0129044 
0.0123427 
0.0110345 
0.00912982 
0.00679838 
0.0041825 
0.00142141 
-0.00142141 
0.0007476 
-0.0007476 
-0.00198644 
-0.00316436 
-0.00424616 
-0.00527065 
-0.00621985 
-0.00711771 
-0.00795979 
-0.00876047 
-0.00952049 
-0.0102479 
-0.0109446 
-0.0116155 
-0.0122626 
-0.012889 
-0.0134964 
-0.0140862 
-0.0146587 
-0.0152124 
-0.015744 
-0.0162478 
-0.0167158 
-0.017139 
-0.0175085 
-0.0178186 
-0.0180692 
-0.0182669 
-0.0184236 
-0.018552 
-0.0186591 
-0.0187411 
-0.018784 
-0.018768 
-0.0186736 
-0.018483 
-0.0181777 
-0.0177409 
-0.0171632 
-0.0164381 
-0.0155622 
-0.0145357 
-0.0133623 
-0.0120489 
-0.0106043 
-0.00903821 
-0.00736016 
-0.00557829 
-0.00369883 
-0.00172736 
0.000336146 
0.00249476 
0.00472217 
0.00695951 
0.00909524 
0.0109733 
0.0124084 
0.0132351 
0.0133325 
0.0126635 
0.0112964 
0.00934226 
0.00696344 
0.00429056 
0.00145948 
-0.00145948 
0.000764016 
-0.000764016 
-0.00205367 
-0.00328103 
-0.00442121 
-0.00550197 
-0.00650476 
-0.00744745 
-0.00832405 
-0.00914604 
-0.00991321 
-0.0106323 
-0.011305 
-0.0119357 
-0.0125272 
-0.013083 
-0.0136066 
-0.0141012 
-0.0145696 
-0.015014 
-0.0154349 
-0.0158306 
-0.0161969 
-0.0165264 
-0.0168094 
-0.0170355 
-0.0171959 
-0.0172873 
-0.0173145 
-0.0172901 
-0.0172304 
-0.0171466 
-0.0170374 
-0.0168872 
-0.0166742 
-0.0163786 
-0.01599 
-0.0154942 
-0.0148825 
-0.0141484 
-0.0132874 
-0.0122978 
-0.0111807 
-0.00994014 
-0.00858186 
-0.00711279 
-0.00553985 
-0.00386893 
-0.00210524 
-0.000249751 
0.00170274 
0.00374131 
0.00583341 
0.00791559 
0.00987619 
0.0115654 
0.0128145 
0.013475 
0.0134484 
0.0127038 
0.0113116 
0.00935375 
0.00697925 
0.00430748 
0.00146704 
-0.00146704 
0.000790128 
-0.000790128 
-0.00214994 
-0.00345463 
-0.00467002 
-0.00582362 
-0.00689501 
-0.00789701 
-0.00882176 
-0.00967772 
-0.0104636 
-0.0111845 
-0.011842 
-0.0124398 
-0.0129811 
-0.0134699 
-0.0139105 
-0.0143077 
-0.0146661 
-0.0149902 
-0.0152839 
-0.0155494 
-0.015787 
-0.0159941 
-0.0161646 
-0.0162891 
-0.0163558 
-0.0163533 
-0.0162741 
-0.0161195 
-0.0159016 
-0.0156408 
-0.0153566 
-0.0150554 
-0.0147245 
-0.0143374 
-0.0138719 
-0.0133119 
-0.0126545 
-0.0119017 
-0.0110493 
-0.0100932 
-0.00903173 
-0.00786598 
-0.00659895 
-0.00523482 
-0.00377802 
-0.00223243 
-0.000599659 
0.00112553 
0.002938 
0.00482164 
0.00674242 
0.00863543 
0.010394 
0.0118795 
0.0129412 
0.0134479 
0.0133173 
0.0125233 
0.0111275 
0.00920488 
0.00687578 
0.00425136 
0.00145015 
-0.00145015 
0.000824819 
-0.000824819 
-0.00227141 
-0.00367085 
-0.00497805 
-0.00621763 
-0.00736762 
-0.00843889 
-0.00942109 
-0.0103198 
-0.0111325 
-0.0118629 
-0.0125118 
-0.0130829 
-0.0135794 
-0.014006 
-0.014368 
-0.0146711 
-0.0149214 
-0.0151254 
-0.0152886 
-0.0154163 
-0.0155121 
-0.0155776 
-0.015612 
-0.0156108 
-0.0155659 
-0.0154657 
-0.0152971 
-0.0150488 
-0.0147166 
-0.0143082 
-0.0138451 
-0.0133546 
-0.0128548 
-0.0123379 
-0.0117761 
-0.0111473 
-0.0104517 
-0.00968928 
-0.00885095 
-0.0079313 
-0.00692748 
-0.00583893 
-0.00466669 
-0.00341278 
-0.00207927 
-0.000666482 
0.000828981 
0.00240529 
0.0040531 
0.00575608 
0.00747973 
0.00916119 
0.0107023 
0.0119781 
0.0128565 
0.0132223 
0.013005 
0.0121822 
0.0108026 
0.00893921 
0.00668515 
0.00414089 
0.00141508 
-0.00141508 
0.000866387 
-0.000866387 
-0.00241428 
-0.00391786 
-0.00533234 
-0.00666742 
-0.00790498 
-0.00905303 
-0.0100999 
-0.011048 
-0.0118936 
-0.0126386 
-0.0132833 
-0.0138312 
-0.0142859 
-0.0146528 
-0.0149383 
-0.0151496 
-0.0152947 
-0.0153812 
-0.0154166 
-0.0154078 
-0.0153604 
-0.0152785 
-0.0151646 
-0.0150185 
-0.0148375 
-0.0146153 
-0.0143421 
-0.0140053 
-0.0135909 
-0.0130884 
-0.0124973 
-0.0118329 
-0.0111302 
-0.0104287 
-0.00975467 
-0.00907173 
-0.00832061 
-0.00753141 
-0.00670216 
-0.00581777 
-0.0048714 
-0.0038609 
-0.00278533 
-0.001644 
-0.000435768 
0.000842343 
0.002189 
0.00359964 
0.00506556 
0.00657033 
0.00808067 
0.00953824 
0.0108555 
0.0119225 
0.0126245 
0.0128615 
0.0125717 
0.0117347 
0.0103865 
0.00859468 
0.0064371 
0.0039937 
0.00136766 
-0.00136766 
0.000913938 
-0.000913938 
-0.00257439 
-0.0041915 
-0.00572063 
-0.00716234 
-0.00849718 
-0.00972921 
-0.0108482 
-0.0118523 
-0.0127364 
-0.0135006 
-0.0141445 
-0.0146709 
-0.0150841 
-0.0153905 
-0.0155982 
-0.0157163 
-0.0157548 
-0.0157236 
-0.0156322 
-0.0154891 
-0.0153014 
-0.0150746 
-0.0148126 
-0.0145173 
-0.0141888 
-0.0138249 
-0.0134219 
-0.0129733 
-0.0124706 
-0.0119033 
-0.0112598 
-0.010531 
-0.00971653 
-0.00883008 
-0.00790644 
-0.0069927 
-0.00614855 
-0.00536552 
-0.0045701 
-0.00373157 
-0.0028486 
-0.00191941 
-0.000942158 
8.61893e-05 
0.00116758 
0.00230241 
0.00348856 
0.00472227 
0.00599535 
0.00729186 
0.00858096 
0.00981048 
0.0109043 
0.0117677 
0.0123022 
0.0124212 
0.0120695 
0.0112275 
0.00992015 
0.00820515 
0.00615343 
0.00382392 
0.00131268 
-0.00131268 
0.000966595 
-0.000966595 
-0.00274893 
-0.00448837 
-0.00613884 
-0.00769799 
-0.00913962 
-0.0104656 
-0.0116639 
-0.0127319 
-0.0136613 
-0.01445 
-0.0150964 
-0.0156028 
-0.0159737 
-0.0162169 
-0.0163425 
-0.0163622 
-0.0162887 
-0.016135 
-0.015913 
-0.0156336 
-0.0153055 
-0.0149357 
-0.0145287 
-0.0140871 
-0.0136113 
-0.0131002 
-0.0125515 
-0.0119618 
-0.0113267 
-0.0106412 
-0.00989922 
-0.00909231 
-0.00821096 
-0.00724424 
-0.00620454 
-0.00513122 
-0.00417041 
-0.00329841 
-0.00248894 
-0.00167641 
-0.000849297 
1.22569e-06 
0.000880273 
0.00179206 
0.00273851 
0.00372104 
0.00473875 
0.00578855 
0.00686294 
0.00794713 
0.00901356 
0.010017 
0.0108928 
0.0115606 
0.0119371 
0.0119471 
0.0115413 
0.0106991 
0.0094377 
0.00780006 
0.00585239 
0.00364529 
0.00125443 
-0.00125443 
0.00102339 
-0.00102339 
-0.00293566 
-0.00480524 
-0.00658594 
-0.00826952 
-0.00982952 
-0.0112595 
-0.0125477 
-0.0136885 
-0.0146717 
-0.015492 
-0.0161457 
-0.0166342 
-0.016962 
-0.0171384 
-0.0171759 
-0.0170895 
-0.0168957 
-0.016611 
-0.0162511 
-0.0158296 
-0.0153575 
-0.0148432 
-0.0142922 
-0.0137074 
-0.0130896 
-0.0124377 
-0.0117497 
-0.0110231 
-0.0102558 
-0.00944669 
-0.00859706 
-0.00771088 
-0.00679665 
-0.00586465 
-0.00492024 
-0.0039472 
-0.00289184 
-0.0017566 
-0.000711868 
0.000216869 
0.00106716 
0.0018787 
0.00267456 
0.00347216 
0.00428088 
0.00510666 
0.00595136 
0.00681359 
0.0076873 
0.00855948 
0.00940643 
0.0101899 
0.0108562 
0.0113383 
0.0115659 
0.0114744 
0.0110193 
0.0101786 
0.00896301 
0.00740134 
0.00555436 
0.00346414 
0.00119742 
-0.00119742 
0.00108308 
-0.00108308 
-0.00313118 
-0.00513751 
-0.00705574 
-0.00887283 
-0.0105605 
-0.0121074 
-0.0134969 
-0.0147215 
-0.0157692 
-0.0166302 
-0.0172983 
-0.0177726 
-0.0180575 
-0.0181635 
-0.018106 
-0.0179043 
-0.0175795 
-0.017153 
-0.0166451 
-0.0160729 
-0.0154502 
-0.0147872 
-0.0140903 
-0.0133624 
-0.012604 
-0.0118137 
-0.0109892 
-0.0101281 
-0.0092294 
-0.00829358 
-0.00732403 
-0.00632688 
-0.00531201 
-0.00429114 
-0.00327776 
-0.00227435 
-0.00125396 
-0.000183437 
0.000898628 
0.00190578 
0.00281519 
0.00363614 
0.00438914 
0.00509855 
0.00578366 
0.006459 
0.00713298 
0.00780873 
0.00848352 
0.00914746 
0.00978129 
0.0103537 
0.0108208 
0.0111274 
0.0112151 
0.0110282 
0.0105267 
0.00968691 
0.00851398 
0.00702569 
0.00527178 
0.00328833 
0.00114242 
-0.00114242 
0.00114397 
-0.00114397 
-0.00333073 
-0.00547785 
-0.00753911 
-0.00949752 
-0.0113224 
-0.0129985 
-0.0145034 
-0.0158256 
-0.0169495 
-0.0178632 
-0.018555 
-0.0190211 
-0.019265 
-0.0192982 
-0.019139 
-0.0188118 
-0.0183437 
-0.0177626 
-0.0170943 
-0.0163611 
-0.0155801 
-0.0147633 
-0.0139177 
-0.0130461 
-0.012148 
-0.0112206 
-0.0102604 
-0.00926426 
-0.00823077 
-0.00716108 
-0.00606006 
-0.00493621 
-0.00380252 
-0.00267581 
-0.00157339 
-0.000511395 
0.000505159 
0.00146643 
0.00244014 
0.00342049 
0.00434704 
0.00518942 
0.00593636 
0.00659898 
0.00719557 
0.00774626 
0.00826715 
0.00876863 
0.00925412 
0.00971911 
0.0101501 
0.0105228 
0.0108026 
0.0109448 
0.0109013 
0.0106242 
0.0100775 
0.00923669 
0.00810148 
0.00668077 
0.00501306 
0.00312934 
0.00108729 
-0.00108729 
0.00120366 
-0.00120366 
-0.0035274 
-0.0058154 
-0.008022 
-0.0101273 
-0.012098 
-0.0139141 
-0.0155496 
-0.0169836 
-0.0181984 
-0.0191782 
-0.0199061 
-0.0203733 
-0.0205809 
-0.0205408 
-0.0202747 
-0.0198123 
-0.0191881 
-0.0184381 
-0.0175958 
-0.0166897 
-0.0157416 
-0.0147656 
-0.0137692 
-0.0127543 
-0.0117183 
-0.0106564 
-0.00956263 
-0.00843215 
-0.00726249 
-0.00605491 
-0.00481557 
-0.00355533 
-0.00229163 
-0.00104761 
0.000150992 
0.00127834 
0.00232892 
0.00330976 
0.00422239 
0.00508007 
0.00589552 
0.00665656 
0.00734421 
0.00794822 
0.00846975 
0.00891988 
0.00931336 
0.00966386 
0.00998026 
0.0102643 
0.0105091 
0.0106981 
0.0108053 
0.0107958 
0.0106304 
0.0102685 
0.00967796 
0.00883345 
0.00773074 
0.0063705 
0.00478282 
0.00298766 
0.00103969 
-0.00103969 
0.00125886 
-0.00125886 
-0.00371146 
-0.00613443 
-0.00848316 
-0.0107362 
-0.0128579 
-0.0148234 
-0.0166009 
-0.0181637 
-0.0194849 
-0.0205455 
-0.0213241 
-0.0218046 
-0.0219844 
-0.0218748 
-0.0215001 
-0.0208957 
-0.0201043 
-0.0191716 
-0.0181411 
-0.0170499 
-0.0159256 
-0.0147856 
-0.0136376 
-0.0124817 
-0.0113123 
-0.0101207 
-0.00889754 
-0.00763467 
-0.00632743 
-0.00497622 
-0.00358766 
-0.00217496 
-0.000761575 
0.000617891 
0.00192824 
0.00314328 
0.00424779 
0.0052275 
0.00608076 
0.00683571 
0.00751328 
0.00812978 
0.00868619 
0.00917715 
0.00959642 
0.00994348 
0.0102238 
0.0104463 
0.0106197 
0.010749 
0.0108325 
0.0108607 
0.0108156 
0.0106708 
0.0103958 
0.00995648 
0.00932465 
0.00847487 
0.00739994 
0.00609342 
0.00457838 
0.00286364 
0.00100112 
-0.00100112 
0.00130528 
-0.00130528 
-0.00386998 
-0.00641359 
-0.00889315 
-0.0112874 
-0.0135584 
-0.0156771 
-0.0176056 
-0.0193098 
-0.0207537 
-0.0219086 
-0.022753 
-0.0232616 
-0.0234264 
-0.0232568 
-0.0227786 
-0.022032 
-0.0210682 
-0.0199434 
-0.0187133 
-0.0174261 
-0.0161179 
-0.0148107 
-0.0135127 
-0.0122213 
-0.0109267 
-0.00961465 
-0.0082704 
-0.00688154 
-0.00544 
-0.00394476 
-0.00240264 
-0.000829976 
0.000739271 
0.00226009 
0.00369841 
0.00502014 
0.00619683 
0.00721106 
0.00805467 
0.00873649 
0.0092825 
0.00972388 
0.0100873 
0.0103911 
0.0106423 
0.0108415 
0.0109882 
0.0110833 
0.0111291 
0.0111275 
0.0110775 
0.0109729 
0.0108014 
0.0105437 
0.0101762 
0.00967092 
0.00900373 
0.00814981 
0.00710001 
0.00584214 
0.00439321 
0.00275211 
0.000965954 
-0.000965954 
0.00133758 
-0.00133758 
-0.00398658 
-0.00662543 
-0.00921338 
-0.0117314 
-0.0141398 
-0.016406 
-0.0184858 
-0.0203361 
-0.0219127 
-0.0231744 
-0.024096 
-0.0246481 
-0.0248142 
-0.0246014 
-0.0240349 
-0.0231583 
-0.0220291 
-0.0207136 
-0.0192806 
-0.0177921 
-0.0162962 
-0.0148221 
-0.0133798 
-0.0119635 
-0.0105571 
-0.00913936 
-0.00768816 
-0.00618521 
-0.00461797 
-0.00298381 
-0.00128898 
0.000442872 
0.00216777 
0.00384035 
0.00541927 
0.0068597 
0.00812539 
0.00918834 
0.0100316 
0.0106547 
0.0110898 
0.0113711 
0.0115355 
0.0116204 
0.0116541 
0.0116533 
0.0116248 
0.0115685 
0.0114815 
0.0113595 
0.0111973 
0.0109869 
0.0107176 
0.0103735 
0.009936 
0.00938169 
0.00869017 
0.00783777 
0.00681439 
0.00560352 
0.0042171 
0.00264591 
0.000931747 
-0.000931747 
0.00134946 
-0.00134946 
-0.00404168 
-0.00673647 
-0.00939578 
-0.0120048 
-0.0145232 
-0.0169157 
-0.0191319 
-0.0211208 
-0.0228276 
-0.024204 
-0.0252053 
-0.0258127 
-0.0259976 
-0.0257654 
-0.0251392 
-0.0241625 
-0.0228952 
-0.0214104 
-0.0197882 
-0.018106 
-0.0164275 
-0.0147937 
-0.013219 
-0.0116949 
-0.0101979 
-0.00869717 
-0.00716145 
-0.00556524 
-0.00389111 
-0.00213501 
-0.000304764 
0.00156743 
0.00343168 
0.00524237 
0.00694876 
0.0085031 
0.00986272 
0.0109931 
0.0118696 
0.0124801 
0.0128407 
0.0129919 
0.0129746 
0.0128403 
0.0126364 
0.0124005 
0.0121564 
0.0119138 
0.0116718 
0.0114229 
0.0111562 
0.0108588 
0.0105167 
0.0101133 
0.00963121 
0.00904949 
0.00835006 
0.00751036 
0.0065199 
0.00535935 
0.00403654 
0.00253634 
0.000895386 
-0.000895386 
0.00133394 
-0.00133394 
-0.00401326 
-0.0067086 
-0.00938473 
-0.0120331 
-0.0146136 
-0.0170902 
-0.0194076 
-0.0215079 
-0.0233251 
-0.0248044 
-0.0258794 
-0.0265431 
-0.0267621 
-0.026539 
-0.0258952 
-0.0248697 
-0.0235195 
-0.0219168 
-0.0201477 
-0.0183027 
-0.0164637 
-0.0146892 
-0.0130036 
-0.0113982 
-0.0098413 
-0.00829043 
-0.0067033 
-0.00504641 
-0.00329792 
-0.0014533 
0.000473151 
0.00244423 
0.00440642 
0.00631289 
0.00811176 
0.00975576 
0.0112 
0.0124052 
0.0133354 
0.0139701 
0.0142988 
0.0143689 
0.0142169 
0.0139019 
0.0134843 
0.0130194 
0.0125505 
0.0121036 
0.0116884 
0.011301 
0.0109287 
0.0105538 
0.0101571 
0.00971797 
0.00921675 
0.00863169 
0.00794505 
0.00713454 
0.00618924 
0.00508815 
0.00383591 
0.00241376 
0.00085371 
-0.00085371 
0.00128385 
-0.00128385 
-0.00387844 
-0.00650156 
-0.00912049 
-0.0117346 
-0.014305 
-0.0167974 
-0.0191533 
-0.02131 
-0.0231924 
-0.0247348 
-0.0258718 
-0.026577 
-0.0268386 
-0.0266529 
-0.0260438 
-0.025042 
-0.0236944 
-0.0220626 
-0.0202279 
-0.0182863 
-0.0163367 
-0.0144599 
-0.0126992 
-0.011051 
-0.00947693 
-0.00792137 
-0.00632941 
-0.00465973 
-0.00288775 
-0.00101175 
0.000945376 
0.00294152 
0.00492639 
0.00685488 
0.00868142 
0.0103641 
0.0118601 
0.0131288 
0.0141243 
0.0148228 
0.0151757 
0.0152302 
0.0150124 
0.0145831 
0.014011 
0.0133641 
0.0127017 
0.0120673 
0.0114849 
0.0109605 
0.0104853 
0.0100408 
0.00960389 
0.00914891 
0.0086519 
0.0080879 
0.00743723 
0.00667655 
0.00579389 
0.00476726 
0.0035988 
0.00226816 
0.000803401 
-0.000803401 
0.00119247 
-0.00119247 
-0.00361555 
-0.00607682 
-0.00854518 
-0.0110292 
-0.0134921 
-0.0159045 
-0.0182075 
-0.0203368 
-0.0222125 
-0.0237593 
-0.0249226 
-0.0256375 
-0.0259366 
-0.0258112 
-0.0252919 
-0.0243994 
-0.0231651 
-0.0216288 
-0.0198534 
-0.0179263 
-0.0159547 
-0.0140431 
-0.0122627 
-0.0106255 
-0.0090912 
-0.00759083 
-0.00605601 
-0.00443919 
-0.00271605 
-0.000891818 
0.00100164 
0.0029209 
0.00482543 
0.006679 
0.00844777 
0.0100994 
0.0115967 
0.0128994 
0.0139542 
0.0147332 
0.0151533 
0.0152537 
0.0150482 
0.014591 
0.0139533 
0.0132086 
0.0124271 
0.0116648 
0.0109596 
0.0103294 
0.00977397 
0.00927866 
0.00882023 
0.00837019 
0.00790048 
0.00738212 
0.00679207 
0.00610488 
0.00530668 
0.00437482 
0.00330929 
0.00208989 
0.000741319 
-0.000741319 
0.00105428 
-0.00105428 
-0.00320666 
-0.00540226 
-0.00761016 
-0.00984889 
-0.0120848 
-0.0142964 
-0.0164289 
-0.0184213 
-0.0201958 
-0.0216693 
-0.0228002 
-0.0234812 
-0.0237986 
-0.0237463 
-0.0233659 
-0.022669 
-0.0216687 
-0.0203752 
-0.0188194 
-0.0170624 
-0.015203 
-0.0133612 
-0.0116427 
-0.0100889 
-0.00866692 
-0.00729708 
-0.00589774 
-0.00441814 
-0.00283827 
-0.00117278 
0.000538923 
0.00225929 
0.003965 
0.00563421 
0.00724782 
0.00878532 
0.0102175 
0.0115057 
0.0125949 
0.0134484 
0.0139686 
0.0141636 
0.0140419 
0.013644 
0.0130403 
0.0123033 
0.0115064 
0.0107118 
0.009966 
0.00929668 
0.00871285 
0.00820695 
0.00775962 
0.00734314 
0.0069278 
0.00648184 
0.00597902 
0.00539156 
0.00470321 
0.00389098 
0.00295285 
0.00187009 
0.000664599 
-0.000664599 
0.000865427 
-0.000865427 
-0.00263978 
-0.00445671 
-0.00628333 
-0.00814893 
-0.010023 
-0.0118963 
-0.013723 
-0.0154526 
-0.0170156 
-0.0183252 
-0.0193374 
-0.0199477 
-0.020254 
-0.0202808 
-0.0200776 
-0.0196499 
-0.0189942 
-0.0180892 
-0.0169263 
-0.0155247 
-0.0139524 
-0.0123261 
-0.0107821 
-0.00940447 
-0.0081834 
-0.00703443 
-0.00586436 
-0.00462353 
-0.0033 
-0.0019174 
-0.000515502 
0.000880237 
0.00226751 
0.00364405 
0.00500502 
0.00634177 
0.00763379 
0.00884648 
0.00992865 
0.0108299 
0.0114577 
0.0117715 
0.011785 
0.0115204 
0.011045 
0.010425 
0.00972989 
0.00902004 
0.00834295 
0.0077308 
0.00719915 
0.00674771 
0.00636336 
0.00602255 
0.00569732 
0.0053559 
0.00497047 
0.00451203 
0.00396223 
0.00329847 
0.00251675 
0.00160107 
0.000570823 
-0.000570823 
0.000623748 
-0.000623748 
-0.00191013 
-0.00323385 
-0.00455588 
-0.00591786 
-0.00729076 
-0.00868167 
-0.0100584 
-0.0113888 
-0.0126211 
-0.0136716 
-0.014496 
-0.0149927 
-0.0152644 
-0.0153759 
-0.0153785 
-0.0152735 
-0.0150444 
-0.0146451 
-0.0140295 
-0.013168 
-0.0120792 
-0.0108475 
-0.00962234 
-0.00853489 
-0.00761764 
-0.00679242 
-0.00595771 
-0.00506971 
-0.00412686 
-0.00315722 
-0.00219014 
-0.00123203 
-0.000270856 
0.000711225 
0.00172526 
0.00277114 
0.00383811 
0.00489955 
0.00591557 
0.00682555 
0.00755248 
0.00799406 
0.00817158 
0.00809322 
0.00782525 
0.00742328 
0.00694599 
0.00644348 
0.00595617 
0.00551392 
0.00513417 
0.00482161 
0.00456958 
0.00436068 
0.00417175 
0.00397416 
0.00374118 
0.0034448 
0.00306564 
0.00258282 
0.00199053 
0.00127666 
0.000458191 
-0.000458191 
0.000327939 
-0.000327939 
-0.00101966 
-0.00174318 
-0.00244381 
-0.00318042 
-0.00392012 
-0.00469043 
-0.00547541 
-0.00627104 
-0.00705925 
-0.00777242 
-0.00834728 
-0.00867553 
-0.00891503 
-0.00913371 
-0.0093742 
-0.00962816 
-0.00987304 
-0.0100494 
-0.0100867 
-0.00991356 
-0.00949237 
-0.00884854 
-0.00811107 
-0.00744642 
-0.00694647 
-0.00655578 
-0.0061692 
-0.00575297 
-0.00531546 
-0.00488142 
-0.0044614 
-0.00403984 
-0.00359136 
-0.00308761 
-0.00250685 
-0.00184117 
-0.0010914 
-0.000276349 
0.000584168 
0.00143021 
0.00221456 
0.00279077 
0.00316293 
0.00332292 
0.00333322 
0.00324073 
0.00308809 
0.0029091 
0.00272964 
0.00257119 
0.00244813 
0.00236701 
0.0023263 
0.00231529 
0.00231739 
0.00230975 
0.00226937 
0.00217197 
0.00199874 
0.00173275 
0.00136624 
0.000892957 
0.000326151 
-0.000326151 
-2.6139e-05 
2.6139e-05 
2.85243e-05 
-9.51349e-06 
9.19501e-06 
-4.59145e-06 
-4.59322e-06 
-4.07682e-05 
-0.000106465 
-0.000222184 
-0.000407019 
-0.000615801 
-0.000867335 
-0.00110435 
-0.00139347 
-0.00178218 
-0.0023044 
-0.0029437 
-0.00367849 
-0.00445045 
-0.00518351 
-0.00578262 
-0.00616457 
-0.0062843 
-0.00621142 
-0.00611437 
-0.00615002 
-0.00630579 
-0.00647944 
-0.00664914 
-0.00683014 
-0.0070353 
-0.00725399 
-0.0074521 
-0.00759241 
-0.00764088 
-0.00757165 
-0.00736781 
-0.00702148 
-0.00654066 
-0.00593706 
-0.00525303 
-0.00452237 
-0.00386214 
-0.00327661 
-0.0028002 
-0.00241237 
-0.00208983 
-0.00181162 
-0.00156104 
-0.00132802 
-0.00110176 
-0.00087337 
-0.000636737 
-0.000389783 
-0.000136966 
0.000112586 
0.0003435 
0.000538712 
0.000680235 
0.000751228 
0.000741277 
0.000639935 
0.000449633 
0.000175832 
-0.000175832 
-0.00043616 
0.00043616 
0.00122171 
0.0019398 
0.00274545 
0.00352329 
0.00432447 
0.00508916 
0.0058138 
0.0064608 
0.00699147 
0.00738517 
0.00753155 
0.00736164 
0.00695276 
0.00633254 
0.00549666 
0.00446076 
0.00324576 
0.00189813 
0.000482141 
-0.000903567 
-0.00215002 
-0.00315859 
-0.00391145 
-0.00452854 
-0.00521578 
-0.00602307 
-0.00686035 
-0.0077161 
-0.00860808 
-0.00953105 
-0.0104558 
-0.0113359 
-0.0121292 
-0.0127976 
-0.0133106 
-0.0136441 
-0.0137817 
-0.0137179 
-0.0134559 
-0.0130204 
-0.012432 
-0.011745 
-0.0109513 
-0.0101101 
-0.00926197 
-0.00843334 
-0.00763533 
-0.00687148 
-0.00614525 
-0.00545593 
-0.00480052 
-0.00417468 
-0.0035743 
-0.00299859 
-0.00244952 
-0.00193365 
-0.0014604 
-0.00103942 
-0.000683956 
-0.000395737 
-0.00018926 
-4.70468e-05 
1.36108e-05 
-1.36108e-05 
-0.000892959 
0.000892959 
0.00254272 
0.00408165 
0.00571435 
0.00732014 
0.00894012 
0.0105143 
0.0120213 
0.0134063 
0.0146043 
0.0155275 
0.0160514 
0.0160757 
0.015617 
0.0147966 
0.0136582 
0.0122378 
0.0105642 
0.00867842 
0.00663401 
0.00451211 
0.00241835 
0.000469427 
-0.00122925 
-0.00269643 
-0.00414227 
-0.0056911 
-0.00727926 
-0.00889961 
-0.010569 
-0.012262 
-0.0139363 
-0.0155392 
-0.0170259 
-0.0183559 
-0.0194953 
-0.0204151 
-0.0210919 
-0.0215089 
-0.0216527 
-0.0215162 
-0.0210843 
-0.0203475 
-0.019343 
-0.0181478 
-0.016841 
-0.0154923 
-0.014149 
-0.0128398 
-0.0115835 
-0.0103896 
-0.00926191 
-0.0081991 
-0.00719687 
-0.00625072 
-0.00535665 
-0.00451299 
-0.00372077 
-0.00298066 
-0.00230002 
-0.00167194 
-0.00111345 
-0.000591768 
-0.000158804 
0.000158804 
-0.00139121 
0.00139121 
0.00398082 
0.00639538 
0.00886822 
0.0113012 
0.0137153 
0.0160539 
0.0182752 
0.0203077 
0.0220594 
0.0234115 
0.0242394 
0.0244695 
0.0240831 
0.0231772 
0.0218209 
0.020076 
0.0179901 
0.0156099 
0.0129877 
0.0101919 
0.00731296 
0.00446653 
0.00178365 
-0.000642921 
-0.0029419 
-0.0053001 
-0.00770379 
-0.0101405 
-0.0126249 
-0.0151128 
-0.0175549 
-0.0198951 
-0.0220867 
-0.0240863 
-0.0258562 
-0.0273622 
-0.0285732 
-0.0294591 
-0.0299869 
-0.0301183 
-0.0298106 
-0.0290323 
-0.0278593 
-0.0263768 
-0.0246851 
-0.0228796 
-0.0210371 
-0.0192121 
-0.0174409 
-0.0157457 
-0.0141379 
-0.0126211 
-0.0111925 
-0.0098458 
-0.00857267 
-0.00736469 
-0.00621521 
-0.00511676 
-0.0040699 
-0.00306172 
-0.00210894 
-0.00117428 
-0.000342183 
0.000342183 
-0.00192713 
0.00192713 
0.00552833 
0.00886573 
0.0121745 
0.0154023 
0.0185536 
0.0215756 
0.0244109 
0.0269763 
0.0291659 
0.0308587 
0.0319424 
0.032362 
0.0320833 
0.0311718 
0.0296905 
0.0277076 
0.0252819 
0.0224672 
0.0193187 
0.0159021 
0.0123002 
0.00862287 
0.00500379 
0.0015798 
-0.00164448 
-0.00485203 
-0.00810681 
-0.0113815 
-0.0146884 
-0.0179684 
-0.0211688 
-0.0242313 
-0.0271061 
-0.0297453 
-0.0321053 
-0.034145 
-0.0358241 
-0.0371004 
-0.0379271 
-0.0382553 
-0.0380442 
-0.0372683 
-0.0360052 
-0.0343375 
-0.0323736 
-0.0302221 
-0.0279784 
-0.0257175 
-0.0234928 
-0.0213399 
-0.0192797 
-0.0173216 
-0.0154661 
-0.0137069 
-0.0120332 
-0.0104321 
-0.00889127 
-0.00739741 
-0.00594541 
-0.00452047 
-0.00313846 
-0.00177192 
-0.000530147 
0.000530147 
-0.00249412 
0.00249412 
0.00717007 
0.0114712 
0.015606 
0.0195777 
0.0233892 
0.0269949 
0.0303325 
0.0333157 
0.0358398 
0.0377947 
0.0390835 
0.0396583 
0.0394894 
0.0386131 
0.037075 
0.0349318 
0.0322415 
0.0290605 
0.0254474 
0.0214683 
0.0172032 
0.0127568 
0.00826416 
0.00388135 
-0.000294959 
-0.00436381 
-0.00846948 
-0.0125722 
-0.0166778 
-0.0207189 
-0.0246405 
-0.0283823 
-0.0318901 
-0.0351103 
-0.0379922 
-0.0404872 
-0.0425475 
-0.0441251 
-0.0451721 
-0.0456453 
-0.0455182 
-0.0447774 
-0.0434897 
-0.0417312 
-0.0396078 
-0.0372301 
-0.0347016 
-0.032109 
-0.029519 
-0.0269785 
-0.0245178 
-0.0221529 
-0.0198881 
-0.0177188 
-0.0156339 
-0.0136188 
-0.0116584 
-0.00973728 
-0.0078482 
-0.00597955 
-0.00415002 
-0.00235384 
-0.000713584 
0.000713584 
-0.0030794 
0.0030794 
0.00887228 
0.014167 
0.0191211 
0.0237868 
0.0281811 
0.0322748 
0.0360127 
0.0393164 
0.0420924 
0.0442459 
0.0456943 
0.0463936 
0.0463133 
0.0454703 
0.0438939 
0.0416273 
0.0387209 
0.035228 
0.0312061 
0.0267217 
0.0218545 
0.0167084 
0.0114156 
0.00614481 
0.00104761 
-0.00386646 
-0.00878254 
-0.0136702 
-0.0185192 
-0.0232616 
-0.0278404 
-0.0321942 
-0.0362642 
-0.0399916 
-0.0433199 
-0.0461949 
-0.0485654 
-0.0503838 
-0.0516072 
-0.0522033 
-0.0521592 
-0.0514727 
-0.0502033 
-0.0484214 
-0.0462249 
-0.0437199 
-0.0410093 
-0.038184 
-0.0353172 
-0.0324641 
-0.0296617 
-0.026932 
-0.0242835 
-0.0217147 
-0.0192165 
-0.0167754 
-0.0143776 
-0.0120099 
-0.00966783 
-0.0073487 
-0.00508022 
-0.00288302 
-0.000880923 
0.000880923 
-0.00365507 
0.00365507 
0.010555 
0.0168377 
