0 
-0.00144024 
-0.00153877 
0.000386051 
0.0035177 
0.00724225 
0.011324 
0.0155625 
0.0198598 
0.0241587 
0.0284363 
0.0326882 
0.0369195 
0.0411383 
0.0453508 
0.0495589 
0.0537587 
0.0579393 
0.062083 
0.0661656 
0.0701568 
0.0740213 
0.0777192 
0.0812078 
0.0844424 
0.0873773 
0.0899676 
0.0921697 
0.0939434 
0.0952528 
0.0960687 
0.0963705 
0.0961412 
0.0953681 
0.094045 
0.092173 
0.0897609 
0.0868265 
0.0833977 
0.079514 
0.0752273 
0.070603 
0.0657193 
0.0606659 
0.0555421 
0.0504524 
0.0455009 
0.0407813 
0.0363607 
0.0322585 
0.028438 
0.0248308 
0.0213899 
0.0181247 
0.0150872 
0.0123286 
0.00987563 
0.00773344 
0.00589675 
0.00435503 
0.00309372 
0.00208883 
0.0013095 
0.000708012 
0.000220873 
0 
0.00144024 
-0.00144024 
-0.00153877 
0.000386051 
0.0035177 
0.00724225 
0.011324 
0.0155625 
0.0198598 
0.0241587 
0.0284363 
0.0326882 
0.0369195 
0.0411383 
0.0453508 
0.0495589 
0.0537587 
0.0579393 
0.062083 
0.0661656 
0.0701568 
0.0740213 
0.0777192 
0.0812078 
0.0844424 
0.0873773 
0.0899676 
0.0921697 
0.0939434 
0.0952528 
0.0960687 
0.0963705 
0.0961412 
0.0953681 
0.094045 
0.092173 
0.0897609 
0.0868265 
0.0833977 
0.079514 
0.0752273 
0.070603 
0.0657193 
0.0606659 
0.0555421 
0.0504524 
0.0455009 
0.0407813 
0.0363607 
0.0322585 
0.028438 
0.0248308 
0.0213899 
0.0181247 
0.0150872 
0.0123286 
0.00987563 
0.00773344 
0.00589675 
0.00435503 
0.00309372 
0.00208883 
0.0013095 
0.000708012 
0.000220873 
-0.000220873 
1.13e-06 
-1.13e-06 
0.00198248 
0.00432905 
0.00734237 
0.0107919 
0.0145128 
0.0183619 
0.0222589 
0.0261606 
0.0300522 
0.0339351 
0.0378185 
0.0417132 
0.0456274 
0.0495641 
0.0535199 
0.0574842 
0.0614392 
0.0653604 
0.0692167 
0.072972 
0.0765859 
0.0800147 
0.083213 
0.0861346 
0.0887341 
0.0909681 
0.0927955 
0.094181 
0.0950855 
0.0954798 
0.0953469 
0.0946725 
0.093449 
0.0916763 
0.0893621 
0.0865223 
0.0831829 
0.0793812 
0.0751672 
0.0706043 
0.0657692 
0.0607504 
0.0556455 
0.0505568 
0.0455843 
0.0408169 
0.0363181 
0.0321122 
0.0281799 
0.0244796 
0.0209862 
0.0177133 
0.0146985 
0.0119732 
0.00955151 
0.00743435 
0.00561815 
0.00409527 
0.00285609 
0.00188313 
0.00114709 
0.000602297 
0.000183709 
-0.000183709 
-0.00118061 
0.00118061 
0.00357178 
0.0061873 
0.00914553 
0.0123566 
0.0157093 
0.01912 
0.0225429 
0.0259626 
0.0293832 
0.032819 
0.0362874 
0.0398037 
0.0433782 
0.0470143 
0.0507076 
0.0544459 
0.0582091 
0.0619701 
0.0656956 
0.0693468 
0.0728809 
0.0762522 
0.0794132 
0.0823164 
0.0849152 
0.0871657 
0.0890277 
0.0904666 
0.0914518 
0.0919535 
0.0919564 
0.0914456 
0.090413 
0.0888562 
0.0867789 
0.0841916 
0.0811129 
0.0775722 
0.0736108 
0.069284 
0.0646613 
0.0598256 
0.0548701 
0.0498933 
0.0449924 
0.0402533 
0.0357395 
0.0314812 
0.0274756 
0.0237062 
0.0201716 
0.0168939 
0.0139012 
0.0112095 
0.00882279 
0.00674059 
0.00496211 
0.00348647 
0.00230885 
0.00141294 
0.000779826 
0.0003653 
0.000100421 
-0.000100421 
-0.00111419 
0.00111419 
0.00376655 
0.00664781 
0.0096045 
0.0126081 
0.0155971 
0.0185583 
0.0214921 
0.0244188 
0.0273652 
0.03036 
0.033428 
0.0365872 
0.0398477 
0.0432107 
0.0466689 
0.0502064 
0.0538001 
0.0574195 
0.0610283 
0.0645851 
0.0680446 
0.0713589 
0.0744788 
0.077355 
0.0799396 
0.0821876 
0.0840583 
0.0855174 
0.0865381 
0.0870954 
0.087179 
0.0867788 
0.0858902 
0.084514 
0.0826544 
0.08032 
0.0775244 
0.074289 
0.0706446 
0.066635 
0.0623178 
0.0577652 
0.0530616 
0.0482984 
0.0435677 
0.0389519 
0.0345131 
0.0302853 
0.0262789 
0.0225002 
0.0189707 
0.0157222 
0.0127756 
0.0101344 
0.00779547 
0.00575805 
0.00402682 
0.00260395 
0.00149725 
0.000707419 
0.000218953 
-4.52533e-06 
-3.22889e-05 
3.22889e-05 
-0.00112473 
0.00112473 
0.00382729 
0.00666899 
0.00942238 
0.0120968 
0.0146638 
0.0171585 
0.0196141 
0.0220768 
0.0245891 
0.0271877 
0.0298998 
0.0327423 
0.035722 
0.0388366 
0.042075 
0.0454187 
0.0488417 
0.0523118 
0.055791 
0.0592367 
0.0626026 
0.0658398 
0.0688983 
0.0717276 
0.0742788 
0.0765057 
0.0783668 
0.0798271 
0.0808613 
0.081445 
0.0815728 
0.0812398 
0.080447 
0.0792008 
0.0775102 
0.0753856 
0.0728404 
0.0698913 
0.066562 
0.0628854 
0.0589071 
0.0546868 
0.050297 
0.0458192 
0.041337 
0.0369262 
0.0326444 
0.0285256 
0.0245898 
0.0208642 
0.017391 
0.0142079 
0.0113283 
0.00874538 
0.00645322 
0.00445476 
0.00275945 
0.00138987 
0.000366669 
-0.000284538 
-0.000581087 
-0.00054401 
-0.000229885 
0.000229885 
-0.00102018 
0.00102018 
0.00357918 
0.00624128 
0.00870223 
0.0110121 
0.0131633 
0.0152266 
0.017256 
0.0193142 
0.0214507 
0.0237045 
0.0261004 
0.0286518 
0.0313619 
0.0342254 
0.0372297 
0.0403553 
0.0435765 
0.0468613 
0.0501725 
0.053468 
0.0567023 
0.059827 
0.0627921 
0.0655472 
0.0680425 
0.0702306 
0.0720684 
0.0735191 
0.0745571 
0.0751549 
0.0753116 
0.0750262 
0.0743053 
0.0731614 
0.0716084 
0.069661 
0.0673342 
0.064644 
0.0616097 
0.0582573 
0.0546224 
0.0507532 
0.0467105 
0.0425642 
0.038387 
0.0342448 
0.0301864 
0.0262426 
0.0224415 
0.0188286 
0.015462 
0.0123799 
0.00958476 
0.00706372 
0.00481092 
0.00283767 
0.00116727 
-0.000144185 
-0.00106655 
-0.00157827 
-0.00165506 
-0.00128547 
-0.000507012 
0.000507012 
-0.00091552 
0.00091552 
0.00322864 
0.00558623 
0.00767823 
0.00959817 
0.0113493 
0.0130229 
0.0146791 
0.016386 
0.0181918 
0.020132 
0.0222268 
0.0244858 
0.0269101 
0.029494 
0.032226 
0.0350884 
0.038058 
0.0411054 
0.0441957 
0.0472894 
0.0503429 
0.0533096 
0.056141 
0.0587871 
0.0611979 
0.0633248 
0.0651232 
0.0665542 
0.0675913 
0.0682035 
0.0683929 
0.0681607 
0.0675172 
0.0664788 
0.0650629 
0.0632875 
0.0611695 
0.0587258 
0.0559742 
0.0529368 
0.0496431 
0.0461327 
0.0424559 
0.0386713 
0.0348395 
0.031013 
0.0272287 
0.0235119 
0.0198987 
0.0164512 
0.0132356 
0.0102815 
0.00757992 
0.00511367 
0.00288436 
0.000913995 
-0.000728593 
-0.00199958 
-0.00285381 
-0.00323499 
-0.00306426 
-0.00226975 
-0.000877587 
0.000877587 
-0.000771843 
0.000771843 
0.00275693 
0.00475 
0.0064533 
0.00799811 
0.00938667 
0.0107187 
0.0120495 
0.013445 
0.0149466 
0.016584 
0.0183731 
0.0203213 
0.0224298 
0.0246951 
0.0271088 
0.0296574 
0.0323216 
0.0350763 
0.0378904 
0.040728 
0.0435488 
0.0463093 
0.0489635 
0.0514631 
0.0537584 
0.0558005 
0.0575431 
0.058945 
0.0599777 
0.0606057 
0.0608341 
0.0606666 
0.0601165 
0.0592019 
0.0579414 
0.0563535 
0.0544554 
0.0522643 
0.0497977 
0.0470762 
0.0441261 
0.0409815 
0.0376849 
0.0342843 
0.030827 
0.0273499 
0.0238758 
0.0204254 
0.017044 
0.0138065 
0.0107761 
0.00796599 
0.00535506 
0.00292863 
0.000697644 
-0.00127217 
-0.00292469 
-0.00420613 
-0.00503269 
-0.00528583 
-0.00479275 
-0.00344843 
-0.00130998 
0.00130998 
-0.000620223 
0.000620223 
0.00223771 
0.00383308 
0.0051497 
0.0063412 
0.00740198 
0.00842984 
0.0094681 
0.0105751 
0.0117828 
0.0131153 
0.014585 
0.0161991 
0.0179608 
0.0198699 
0.0219226 
0.0241102 
0.0264189 
0.0288285 
0.0313131 
0.0338412 
0.0363771 
0.0388812 
0.0413113 
0.0436219 
0.0457649 
0.0476916 
0.049355 
0.0507128 
0.0517342 
0.0523814 
0.0526615 
0.05258 
0.0521509 
0.0513911 
0.0503171 
0.0489453 
0.0472916 
0.0453723 
0.0432049 
0.0408102 
0.0382135 
0.0354459 
0.0325441 
0.0295461 
0.0264851 
0.0233807 
0.0202417 
0.0170876 
0.0139751 
0.0109837 
0.0081608 
0.00549718 
0.00296507 
0.000554291 
-0.00168565 
-0.00369667 
-0.00541918 
-0.00675735 
-0.00755876 
-0.00760525 
-0.00663352 
-0.00462181 
-0.00171533 
0.00171533 
-0.000459258 
0.000459258 
0.0016901 
0.00288292 
0.00383494 
0.00470127 
0.00546704 
0.00622004 
0.00698839 
0.00782018 
0.00873762 
0.00976026 
0.0108984 
0.01216 
0.013551 
0.0150748 
0.0167325 
0.0185209 
0.0204318 
0.0224512 
0.0245589 
0.0267291 
0.0289311 
0.0311304 
0.0332895 
0.0353671 
0.0373181 
0.0390951 
0.0406518 
0.0419466 
0.0429465 
0.0436139 
0.0439587 
0.0439877 
0.043712 
0.043143 
0.0422918 
0.0411697 
0.0397897 
0.0381671 
0.0363196 
0.0342691 
0.0320414 
0.0296664 
0.0271755 
0.024597 
0.0219481 
0.019231 
0.0164438 
0.0136106 
0.0107986 
0.00807911 
0.00547147 
0.00294529 
0.00046983 
-0.0019385 
-0.00422436 
-0.00632958 
-0.00815931 
-0.00953295 
-0.0101937 
-0.00981466 
-0.00821011 
-0.0055363 
-0.00200842 
0.00200842 
-0.000299319 
0.000299319 
0.00114549 
0.00194622 
0.00256178 
0.00312814 
0.00362559 
0.00412489 
0.0046394 
0.00520528 
0.00583617 
0.00654774 
0.00734909 
0.00824935 
0.00925658 
0.0103779 
0.0116186 
0.0129809 
0.0144627 
0.0160565 
0.0177489 
0.0195203 
0.0213459 
0.0231967 
0.0250403 
0.0268407 
0.028558 
0.0301473 
0.0315645 
0.0327705 
0.033733 
0.0344261 
0.034858 
0.0350303 
0.0349443 
0.0346016 
0.0340055 
0.0331623 
0.0320822 
0.0307794 
0.0292729 
0.0275861 
0.0257461 
0.0237815 
0.0217182 
0.0195729 
0.0173458 
0.0150235 
0.0126004 
0.0101108 
0.00762507 
0.00519045 
0.002792 
0.000383506 
-0.0020547 
-0.00448556 
-0.00685441 
-0.00907283 
-0.0109635 
-0.0122197 
-0.0124988 
-0.0114855 
-0.00926313 
-0.00608863 
-0.00217345 
0.00217345 
-0.00014234 
0.00014234 
0.000617758 
0.00104811 
0.00135691 
0.00164642 
0.00189822 
0.00216095 
0.00243595 
0.00274629 
0.00309881 
0.00350547 
0.0039746 
0.00451581 
0.0051389 
0.00585352 
0.00666886 
0.00759192 
0.00862669 
0.0097725 
0.0110232 
0.0123663 
0.0137837 
0.0152521 
0.0167441 
0.0182298 
0.0196771 
0.0210465 
0.0222973 
0.0233933 
0.0243097 
0.0250431 
0.0255856 
0.0259262 
0.0260521 
0.0259549 
0.0256311 
0.0250829 
0.0243184 
0.023352 
0.0222039 
0.0208992 
0.0194655 
0.017929 
0.0163076 
0.0146039 
0.0128014 
0.0108765 
0.00882944 
0.00670516 
0.00456244 
0.00241031 
0.000202052 
-0.00211482 
-0.00453252 
-0.00700653 
-0.00946203 
-0.0117348 
-0.0135232 
-0.0144207 
-0.014111 
-0.0124583 
-0.00979525 
-0.00633145 
-0.00223863 
0.00223863 
9.37407e-06 
-9.37407e-06 
0.000117835 
0.000205743 
0.000234902 
0.000268663 
0.00029406 
0.000335589 
0.000385937 
0.000454482 
0.000542861 
0.000658991 
0.000810367 
0.00100628 
0.00125738 
0.00157494 
0.001971 
0.00245676 
0.00304178 
0.00373214 
0.00452926 
0.00542867 
0.00641961 
0.00748525 
0.00860327 
0.00974973 
0.0109024 
0.0120335 
0.0131121 
0.0141019 
0.0149852 
0.0157716 
0.0164276 
0.0169332 
0.017265 
0.0174079 
0.0173533 
0.0171004 
0.016656 
0.0160347 
0.0152576 
0.0143505 
0.0133394 
0.0122448 
0.0110734 
0.00981178 
0.00843005 
0.00690433 
0.0052473 
0.00350557 
0.00170809 
-0.000180773 
-0.00223102 
-0.00447129 
-0.00687664 
-0.00938809 
-0.0118728 
-0.0140539 
-0.0155216 
-0.0158785 
-0.0149478 
-0.0128425 
-0.00992689 
-0.0063492 
-0.00223146 
0.00223146 
0.000161172 
-0.000161172 
-0.000355001 
-0.000573013 
-0.000798473 
-0.000999332 
-0.00118329 
-0.00134817 
-0.00150684 
-0.00166302 
-0.00181903 
-0.00197161 
-0.00211453 
-0.00223969 
-0.00233654 
-0.00239312 
-0.00239554 
-0.00232929 
-0.00218003 
-0.00193539 
-0.00158655 
-0.00112988 
-0.000568292 
8.89389e-05 
0.000827071 
0.0016284 
0.0024782 
0.00336188 
0.00426986 
0.00517271 
0.00604523 
0.00687969 
0.00762907 
0.00827347 
0.00878516 
0.00914546 
0.00934345 
0.0093759 
0.00924869 
0.00897605 
0.0085789 
0.00808117 
0.00750394 
0.00685773 
0.00613461 
0.00530664 
0.00433815 
0.00321584 
0.00196355 
0.000611122 
-0.000861378 
-0.00252348 
-0.00443591 
-0.00660309 
-0.00898587 
-0.0114888 
-0.0138887 
-0.0158042 
-0.0167957 
-0.0165809 
-0.0151581 
-0.0128002 
-0.00976863 
-0.00620167 
-0.00216992 
0.00216992 
0.000312131 
-0.000312131 
-0.00079833 
-0.0012864 
-0.00174474 
-0.00216014 
-0.00253798 
-0.00289306 
-0.00324305 
-0.00360268 
-0.00397828 
-0.0043714 
-0.00477787 
-0.00519153 
-0.00560276 
-0.00599983 
-0.00636789 
-0.00669011 
-0.00694814 
-0.00712391 
-0.00720143 
-0.00716882 
-0.00702023 
-0.00675628 
-0.00638257 
-0.00590935 
-0.00534653 
-0.00470375 
-0.00397839 
-0.00318426 
-0.00234574 
-0.00148511 
-0.000664765 
9.52397e-05 
0.000764389 
0.00132141 
0.00175486 
0.00206123 
0.00224639 
0.00232389 
0.00231233 
0.00223032 
0.00208944 
0.00188631 
0.00159804 
0.00118843 
0.00062776 
-8.42818e-05 
-0.000927611 
-0.00191052 
-0.00309613 
-0.00456063 
-0.00634111 
-0.00842348 
-0.0107477 
-0.0131591 
-0.0153429 
-0.0168662 
-0.0173461 
-0.0166551 
-0.0149209 
-0.0124442 
-0.00939461 
-0.00592762 
-0.00206605 
0.00206605 
0.000454511 
-0.000454511 
-0.0012069 
-0.00193907 
-0.00261176 
-0.00322413 
-0.00378016 
-0.00430701 
-0.00482693 
-0.00536397 
-0.00592897 
-0.00652839 
-0.00716075 
-0.00782241 
-0.00850549 
-0.0091995 
-0.00988983 
-0.0105586 
-0.0111846 
-0.0117451 
-0.0122173 
-0.0125811 
-0.0128204 
-0.0129255 
-0.0128927 
-0.0127239 
-0.0124233 
-0.011998 
-0.0114493 
-0.0107847 
-0.0100287 
-0.00918634 
-0.00833299 
-0.00748796 
-0.00668574 
-0.00594829 
-0.00528974 
-0.00471448 
-0.00421764 
-0.00378823 
-0.00341304 
-0.00308277 
-0.0027989 
-0.00257904 
-0.00245538 
-0.00246191 
-0.00261581 
-0.00291489 
-0.0033665 
-0.00402019 
-0.00495703 
-0.00623786 
-0.007877 
-0.00984511 
-0.0120501 
-0.0142717 
-0.016136 
-0.0172248 
-0.0172599 
-0.016243 
-0.0143482 
-0.011843 
-0.00884946 
-0.00555151 
-0.00192738 
0.00192738 
0.000586394 
-0.000586394 
-0.00158133 
-0.00253655 
-0.00340711 
-0.00420064 
-0.00491945 
-0.00559931 
-0.00626634 
-0.00695259 
-0.00767377 
-0.00844131 
-0.00925685 
-0.0101196 
-0.011024 
-0.0119615 
-0.012919 
-0.0138791 
-0.0148194 
-0.0157142 
-0.0165357 
-0.0172562 
-0.0178508 
-0.0182993 
-0.0185878 
-0.0187089 
-0.0186603 
-0.0184445 
-0.0180647 
-0.0175284 
-0.016865 
-0.0160671 
-0.015209 
-0.0143071 
-0.013397 
-0.0125 
-0.0116314 
-0.0107977 
-0.00999786 
-0.00922649 
-0.00847913 
-0.00775821 
-0.00707787 
-0.00646493 
-0.00595227 
-0.00556619 
-0.00531925 
-0.00522537 
-0.00532657 
-0.0056967 
-0.00641037 
-0.00750578 
-0.00897987 
-0.0107869 
-0.0127975 
-0.0147425 
-0.016236 
-0.016924 
-0.0166349 
-0.0154448 
-0.0135 
-0.0110316 
-0.008156 
-0.00508646 
-0.00175799 
0.00175799 
0.000707458 
-0.000707458 
-0.00192348 
-0.00308351 
-0.0041371 
-0.00509789 
-0.00596536 
-0.00678065 
-0.00757266 
-0.00838012 
-0.00922378 
-0.0101201 
-0.0110741 
-0.012088 
-0.0131588 
-0.0142806 
-0.0154425 
-0.0166289 
-0.0178184 
-0.0189845 
-0.0200964 
-0.0211213 
-0.0220268 
-0.0227833 
-0.023367 
-0.0237607 
-0.0239545 
-0.0239457 
-0.023736 
-0.0233323 
-0.0227648 
-0.0220212 
-0.021172 
-0.0202302 
-0.0192296 
-0.0181907 
-0.0171297 
-0.0160558 
-0.0149734 
-0.0138851 
-0.0127965 
-0.0117208 
-0.0106806 
-0.00970562 
-0.00882534 
-0.00806323 
-0.00744143 
-0.00699929 
-0.00680309 
-0.00692835 
-0.00742976 
-0.00832479 
-0.00959736 
-0.0111842 
-0.0129259 
-0.0145346 
-0.0156569 
-0.0160228 
-0.0155395 
-0.0143016 
-0.0123888 
-0.0100141 
-0.00731823 
-0.00453546 
-0.00155886 
0.00155886 
0.000818165 
-0.000818165 
-0.00223545 
-0.00358361 
-0.00480666 
-0.00592252 
-0.00692646 
-0.00786207 
-0.00875946 
-0.00966254 
-0.010597 
-0.0115842 
-0.012633 
-0.0137486 
-0.0149303 
-0.0161749 
-0.0174746 
-0.0188164 
-0.0201814 
-0.0215447 
-0.0228754 
-0.0241385 
-0.0252966 
-0.0263134 
-0.0271558 
-0.0277973 
-0.0282189 
-0.0284106 
-0.0283697 
-0.0281009 
-0.0276322 
-0.0269497 
-0.0261186 
-0.0251499 
-0.0240749 
-0.022913 
-0.0216819 
-0.0203943 
-0.0190608 
-0.0176921 
-0.0163028 
-0.0149136 
-0.0135514 
-0.012246 
-0.011027 
-0.00992452 
-0.0089786 
-0.00824866 
-0.00780658 
-0.0077131 
-0.0080003 
-0.00866982 
-0.00969526 
-0.0109989 
-0.012408 
-0.01365 
-0.0144332 
-0.0145685 
-0.0140063 
-0.0128081 
-0.0109903 
-0.00877197 
-0.00632628 
-0.00389401 
-0.00132881 
0.00132881 
0.000918936 
-0.000918936 
-0.00251862 
-0.00403899 
-0.00541874 
-0.00667895 
-0.00780941 
-0.00885355 
-0.00984068 
-0.0108181 
-0.0118158 
-0.0128601 
-0.0139638 
-0.015135 
-0.0163754 
-0.0176843 
-0.0190563 
-0.020482 
-0.0219459 
-0.0234264 
-0.024895 
-0.0263174 
-0.0276553 
-0.0288682 
-0.0299171 
-0.030767 
-0.0313902 
-0.0317677 
-0.0318896 
-0.0317556 
-0.0313883 
-0.030773 
-0.0299692 
-0.0289871 
-0.0278553 
-0.0265932 
-0.0252202 
-0.0237527 
-0.022207 
-0.0206008 
-0.0189552 
-0.0172958 
-0.0156525 
-0.0140578 
-0.0125472 
-0.0111634 
-0.00996099 
-0.00900574 
-0.00835906 
-0.00806038 
-0.00812243 
-0.00853541 
-0.00926489 
-0.010226 
-0.0112539 
-0.0121182 
-0.0126029 
-0.0125856 
-0.0120291 
-0.0109319 
-0.00925521 
-0.0072732 
-0.00516327 
-0.00315385 
-0.00106577 
0.00106577 
0.00100995 
-0.00100995 
-0.00277336 
-0.00445001 
-0.00597377 
-0.00736852 
-0.00861768 
-0.0097622 
-0.0108283 
-0.0118645 
-0.012904 
-0.0139776 
-0.0151024 
-0.0162894 
-0.0175428 
-0.0188637 
-0.0202491 
-0.0216924 
-0.0231819 
-0.0247001 
-0.0262227 
-0.0277191 
-0.0291528 
-0.0304833 
-0.031669 
-0.0326698 
-0.0334506 
-0.0339842 
-0.0342517 
-0.0342455 
-0.03398 
-0.0334382 
-0.0326726 
-0.0316927 
-0.0305253 
-0.02919 
-0.027708 
-0.0260992 
-0.0243846 
-0.0225874 
-0.0207337 
-0.0188538 
-0.0169817 
-0.0151561 
-0.0134214 
-0.0118302 
-0.010442 
-0.00931511 
-0.00849243 
-0.00799301 
-0.00781497 
-0.00793991 
-0.00832809 
-0.00889695 
-0.00950728 
-0.0099878 
-0.0102003 
-0.010076 
-0.00957887 
-0.0086221 
-0.00713232 
-0.00548777 
-0.00381479 
-0.00230824 
-0.000768429 
0.000768429 
0.00109101 
-0.00109101 
-0.0029989 
-0.00481502 
-0.00646935 
-0.00798887 
-0.00935029 
-0.0105903 
-0.0117298 
-0.0128159 
-0.0138831 
-0.014966 
-0.0160858 
-0.017257 
-0.0184863 
-0.0197764 
-0.0211261 
-0.0225311 
-0.0239828 
-0.0254677 
-0.0269664 
-0.0284532 
-0.029896 
-0.0312579 
-0.0324982 
-0.0335759 
-0.0344517 
-0.0350923 
-0.0354711 
-0.035572 
-0.0353995 
-0.0349337 
-0.0342162 
-0.0332556 
-0.0320764 
-0.0306982 
-0.0291438 
-0.0274363 
-0.0256006 
-0.0236645 
-0.0216591 
-0.0196196 
-0.0175859 
-0.0156034 
-0.0137229 
-0.0119995 
-0.010487 
-0.00922862 
-0.00824821 
-0.00754858 
-0.00711712 
-0.00692865 
-0.0069412 
-0.00708266 
-0.00725046 
-0.00733648 
-0.00727637 
-0.00704713 
-0.00662116 
-0.00581801 
-0.00458712 
-0.0034031 
-0.00227907 
-0.00135796 
-0.000438237 
0.000438237 
0.00116155 
-0.00116155 
-0.00319337 
-0.00513049 
-0.0069002 
-0.00853349 
-0.0100008 
-0.0113337 
-0.0125456 
-0.0136794 
-0.0147684 
-0.0158495 
-0.0169474 
-0.0180805 
-0.0192583 
-0.0204855 
-0.0217625 
-0.0230866 
-0.0244513 
-0.0258466 
-0.0272573 
-0.0286628 
-0.0300367 
-0.0313474 
-0.0325586 
-0.0336316 
-0.0345276 
-0.0352106 
-0.0356492 
-0.0358204 
-0.0357185 
-0.0353205 
-0.0346542 
-0.0337263 
-0.0325575 
-0.0311673 
-0.0295794 
-0.0278192 
-0.0259152 
-0.0238992 
-0.0218072 
-0.0196792 
-0.0175601 
-0.015499 
-0.0135474 
-0.0117554 
-0.0101648 
-0.00880263 
-0.00767692 
-0.00677875 
-0.00608756 
-0.00557274 
-0.00519249 
-0.00488921 
-0.00459906 
-0.00427155 
-0.00390887 
-0.00352992 
-0.00316576 
-0.00248404 
-0.0016468 
-0.00104953 
-0.000580609 
-0.000318596 
-8.18299e-05 
8.18299e-05 
0.0012207 
-0.0012207 
-0.00335411 
-0.00539144 
-0.00725862 
-0.00899202 
-0.0105572 
-0.0119804 
-0.0132666 
-0.0144516 
-0.0155649 
-0.0166426 
-0.017712 
-0.0187949 
-0.0199043 
-0.0210476 
-0.0222269 
-0.0234409 
-0.0246852 
-0.0259519 
-0.0272291 
-0.0285008 
-0.0297459 
-0.0309386 
-0.0320485 
-0.033042 
-0.0338836 
-0.0345387 
-0.034975 
-0.0351658 
-0.0350977 
-0.0347463 
-0.0341241 
-0.0332343 
-0.0320933 
-0.0307191 
-0.0291355 
-0.0273693 
-0.0254517 
-0.0234177 
-0.0213066 
-0.0191616 
-0.0170295 
-0.0149584 
-0.0129953 
-0.0111806 
-0.00954307 
-0.00809592 
-0.00683609 
-0.00574656 
-0.004801 
-0.00396505 
-0.00320003 
-0.00246573 
-0.00172849 
-0.000975214 
-0.000259761 
0.000374578 
0.000805523 
0.00134017 
0.00155921 
0.00148632 
0.00122576 
0.000776406 
0.000288017 
-0.000288017 
0.00126746 
-0.00126746 
-0.00347819 
-0.00559235 
-0.00753569 
-0.00935154 
-0.0110026 
-0.0125112 
-0.0138734 
-0.0151166 
-0.016263 
-0.0173452 
-0.0183902 
-0.0194222 
-0.0204575 
-0.0215067 
-0.0225746 
-0.023662 
-0.0247661 
-0.0258812 
-0.0269981 
-0.028104 
-0.0291825 
-0.0302128 
-0.0311705 
-0.0320281 
-0.0327554 
-0.0333218 
-0.0336976 
-0.033856 
-0.0337787 
-0.0334418 
-0.0328453 
-0.0319887 
-0.0308835 
-0.0295457 
-0.0279977 
-0.0262666 
-0.0243844 
-0.0223875 
-0.0203162 
-0.0182139 
-0.0161252 
-0.0140938 
-0.0121586 
-0.0103498 
-0.00868501 
-0.00716747 
-0.00578694 
-0.0045214 
-0.00334113 
-0.0022115 
-0.0010977 
3.21576e-05 
0.00119044 
0.00235599 
0.0034405 
0.00435275 
0.00497763 
0.00520007 
0.00479924 
0.00404434 
0.00305088 
0.0018749 
0.000655031 
-0.000655031 
0.00130093 
-0.00130093 
-0.0035633 
-0.00572872 
-0.00772349 
-0.0095992 
-0.0113182 
-0.0129014 
-0.0143373 
-0.0156446 
-0.0168361 
-0.0179377 
-0.0189727 
-0.0199649 
-0.0209326 
-0.0218896 
-0.0228438 
-0.023799 
-0.0247551 
-0.0257088 
-0.0266533 
-0.0275791 
-0.0284731 
-0.029319 
-0.0300974 
-0.0307861 
-0.0313607 
-0.0317957 
-0.0320655 
-0.0321463 
-0.0320189 
-0.0316627 
-0.0310687 
-0.0302336 
-0.0291642 
-0.0278737 
-0.0263821 
-0.0247154 
-0.0229044 
-0.0209845 
-0.0189943 
-0.0169742 
-0.014964 
-0.0130007 
-0.0111148 
-0.00932747 
-0.00764808 
-0.00607358 
-0.00458958 
-0.00317151 
-0.00178899 
-0.000407452 
0.00100838 
0.00248781 
0.00401971 
0.00554144 
0.00692821 
0.00803581 
0.00873415 
0.00866633 
0.00779244 
0.00643279 
0.00477062 
0.00291119 
0.00100024 
-0.00100024 
0.00132056 
-0.00132056 
-0.00360875 
-0.00579899 
-0.00781811 
-0.00972641 
-0.0114886 
-0.0131268 
-0.0146255 
-0.0159959 
-0.0172414 
-0.0183789 
-0.0194247 
-0.0203987 
-0.0213182 
-0.0221982 
-0.0230495 
-0.023879 
-0.02469 
-0.0254825 
-0.0262533 
-0.026996 
-0.0277011 
-0.0283563 
-0.0289464 
-0.0294537 
-0.029859 
-0.0301419 
-0.0302816 
-0.0302581 
-0.0300534 
-0.0296503 
-0.0290362 
-0.0282065 
-0.027165 
-0.025922 
-0.0244948 
-0.0229064 
-0.021185 
-0.0193626 
-0.017474 
-0.0155544 
-0.0136377 
-0.0117537 
-0.00992547 
-0.00816708 
-0.00648256 
-0.00486516 
-0.00329848 
-0.00175735 
-0.000211986 
0.00137563 
0.00303968 
0.00479895 
0.00661993 
0.00840357 
0.00999021 
0.0111887 
0.011835 
0.011547 
0.0103232 
0.00848695 
0.00627137 
0.00382381 
0.00130521 
-0.00130521 
0.0013266 
-0.0013266 
-0.00361679 
-0.00580689 
-0.00782332 
-0.00973425 
-0.0115084 
-0.0131723 
-0.0147103 
-0.0161299 
-0.0174272 
-0.0186102 
-0.0196863 
-0.0206683 
-0.0215688 
-0.0224006 
-0.0231746 
-0.0238998 
-0.0245823 
-0.0252261 
-0.025832 
-0.0263982 
-0.0269198 
-0.0273884 
-0.027793 
-0.0281202 
-0.0283545 
-0.0284797 
-0.0284791 
-0.0283366 
-0.0280374 
-0.0275687 
-0.0269186 
-0.0260812 
-0.0250583 
-0.0238577 
-0.0224932 
-0.0209846 
-0.0193559 
-0.0176349 
-0.0158512 
-0.0140344 
-0.012212 
-0.0104074 
-0.00863767 
-0.00691198 
-0.00523091 
-0.00358582 
-0.00195985 
-0.000328609 
0.00133921 
0.00308071 
0.00492604 
0.0068818 
0.00889434 
0.0108353 
0.0125163 
0.0137129 
0.0142253 
0.0137485 
0.0122866 
0.0101154 
0.00748463 
0.00457234 
0.0015572 
-0.0015572 
0.00131959 
-0.00131959 
-0.00359312 
-0.00576319 
-0.00775384 
-0.00963879 
-0.0113911 
-0.0130437 
-0.0145847 
-0.0160226 
-0.0173507 
-0.0185711 
-0.0196836 
-0.0206926 
-0.0216033 
-0.0224228 
-0.023158 
-0.0238162 
-0.0244041 
-0.0249274 
-0.025391 
-0.0257977 
-0.026148 
-0.0264395 
-0.0266663 
-0.0268199 
-0.026889 
-0.0268614 
-0.0267239 
-0.0264641 
-0.0260696 
-0.0255301 
-0.0248354 
-0.0239796 
-0.0229643 
-0.0217954 
-0.0204843 
-0.0190468 
-0.0175028 
-0.0158752 
-0.0141884 
-0.0124664 
-0.0107311 
-0.00900041 
-0.00728691 
-0.00559642 
-0.00392747 
-0.00227084 
-0.0006103 
0.00107871 
0.00282613 
0.00466561 
0.00662121 
0.00868724 
0.0107937 
0.0127918 
0.0144743 
0.0156011 
0.0159567 
0.0153218 
0.0136956 
0.0113057 
0.00839027 
0.0051412 
0.00175082 
-0.00175082 
0.00130359 
-0.00130359 
-0.003549 
-0.00568712 
-0.00763727 
-0.00947454 
-0.0111751 
-0.0127782 
-0.0142779 
-0.0156882 
-0.0170049 
-0.0182296 
-0.0193588 
-0.0203911 
-0.0213247 
-0.0221592 
-0.022895 
-0.0235334 
-0.0240767 
-0.0245286 
-0.0248939 
-0.0251781 
-0.0253865 
-0.0255228 
-0.0255884 
-0.0255812 
-0.0254957 
-0.0253233 
-0.0250543 
-0.0246784 
-0.0241862 
-0.0235698 
-0.0228244 
-0.0219442 
-0.0209295 
-0.0197842 
-0.0185168 
-0.0171396 
-0.0156684 
-0.0141219 
-0.0125196 
-0.0108808 
-0.00922258 
-0.00755884 
-0.00589884 
-0.00424618 
-0.00259847 
-0.000946708 
0.000725199 
0.00243984 
0.00422407 
0.00610662 
0.00810397 
0.0101992 
0.0123108 
0.0142796 
0.015891 
0.0169052 
0.0171083 
0.0163464 
0.014612 
0.0120928 
0.00900361 
0.00553534 
0.00188708 
-0.00188708 
0.00129002 
-0.00129002 
-0.0035016 
-0.00560578 
-0.00751251 
-0.00929306 
-0.010924 
-0.012448 
-0.0138654 
-0.0151974 
-0.0164466 
-0.0176196 
-0.0187155 
-0.019733 
-0.0206677 
-0.0215147 
-0.0222678 
-0.022921 
-0.0234692 
-0.0239086 
-0.0242383 
-0.0244599 
-0.0245782 
-0.0246002 
-0.0245335 
-0.0243842 
-0.0241556 
-0.0238471 
-0.0234546 
-0.0229719 
-0.0223923 
-0.0217092 
-0.0209178 
-0.0200114 
-0.0189905 
-0.0178586 
-0.0166224 
-0.0152916 
-0.0138782 
-0.0123974 
-0.010865 
-0.00929621 
-0.00770467 
-0.0061009 
-0.00449193 
-0.00288004 
-0.00126251 
0.000369689 
0.0020311 
0.00374064 
0.00552174 
0.00739689 
0.00937469 
0.0114289 
0.0134717 
0.0153428 
0.0168306 
0.0177071 
0.0177706 
0.0169112 
0.0151137 
0.0125337 
0.00936015 
0.00577299 
0.00197145 
-0.00197145 
0.00128275 
-0.00128275 
-0.00347311 
-0.00554968 
-0.00742407 
-0.0091547 
-0.0107164 
-0.012151 
-0.0134624 
-0.0146779 
-0.0158077 
-0.0168666 
-0.0178612 
-0.0187961 
-0.0196713 
-0.0204832 
-0.0212251 
-0.0218873 
-0.0224583 
-0.0229264 
-0.0232808 
-0.0235132 
-0.02362 
-0.0236023 
-0.0234668 
-0.0232237 
-0.0228847 
-0.0224597 
-0.0219544 
-0.0213692 
-0.0207005 
-0.0199435 
-0.019095 
-0.0181552 
-0.0171235 
-0.0160003 
-0.0147891 
-0.0134959 
-0.0121291 
-0.0107022 
-0.00922811 
-0.00771886 
-0.00618572 
-0.00463664 
-0.00307744 
-0.00150961 
7.00708e-05 
0.00166949 
0.00329973 
0.00497682 
0.00671957 
0.00854386 
0.0104509 
0.0124076 
0.0143248 
0.0160482 
0.0173772 
0.0181026 
0.0180399 
0.017106 
0.0152821 
0.0126931 
0.00950466 
0.00587937 
0.00201188 
-0.00201188 
0.00128285 
-0.00128285 
-0.00348054 
-0.00554887 
-0.00741219 
-0.00911461 
-0.0106262 
-0.0119843 
-0.013193 
-0.014282 
-0.0152668 
-0.0161694 
-0.0170046 
-0.0177862 
-0.0185227 
-0.0192187 
-0.0198736 
-0.020482 
-0.0210331 
-0.0215127 
-0.0219034 
-0.0221872 
-0.0223473 
-0.0223709 
-0.0222517 
-0.0219913 
-0.0215995 
-0.0210926 
-0.0204895 
-0.0198069 
-0.0190552 
-0.0182372 
-0.0173508 
-0.0163913 
-0.0153519 
-0.0142319 
-0.0130349 
-0.0117677 
-0.0104342 
-0.00904681 
-0.00761767 
-0.00615673 
-0.00467337 
-0.00317381 
-0.00166284 
-0.000140875 
0.00139476 
0.00294892 
0.00453051 
0.0061521 
0.00782731 
0.00956562 
0.0113619 
0.013179 
0.0149303 
0.0164723 
0.0176215 
0.0181892 
0.0180124 
0.0170161 
0.015196 
0.0126358 
0.00948407 
0.0058821 
0.00201731 
-0.00201731 
0.00129504 
-0.00129504 
-0.00352855 
-0.00562605 
-0.00750329 
-0.00920849 
-0.0107008 
-0.012013 
-0.0131463 
-0.0141296 
-0.0149804 
-0.0157244 
-0.0163816 
-0.0169728 
-0.017515 
-0.0180224 
-0.0185045 
-0.0189657 
-0.0194044 
-0.0198128 
-0.020177 
-0.0204779 
-0.0206926 
-0.0207971 
-0.0207684 
-0.0205891 
-0.0202505 
-0.0197559 
-0.0191213 
-0.0183725 
-0.0175385 
-0.0166413 
-0.0156906 
-0.0146828 
-0.0136186 
-0.0124983 
-0.011318 
-0.0100735 
-0.00876425 
-0.00740917 
-0.0060197 
-0.00460162 
-0.00316423 
-0.00171153 
-0.000247701 
0.00122677 
0.00271165 
0.00421031 
0.00572918 
0.00727681 
0.00886173 
0.0104876 
0.0121442 
0.013793 
0.0153525 
0.0166935 
0.0176522 
0.0180613 
0.0177791 
0.0167337 
0.0149312 
0.012425 
0.00934412 
0.00580862 
0.00199675 
-0.00199675 
0.0013201 
-0.0013201 
-0.00361819 
-0.00577959 
-0.00770517 
-0.00944373 
-0.01095 
-0.0122512 
-0.0133458 
-0.0142605 
-0.0150131 
-0.0156299 
-0.0161335 
-0.0165475 
-0.0168934 
-0.017191 
-0.0174575 
-0.0177066 
-0.0179473 
-0.018183 
-0.0184109 
-0.0186214 
-0.0187982 
-0.0189186 
-0.0189551 
-0.0188773 
-0.0186554 
-0.0182654 
-0.0176953 
-0.0169516 
-0.0160625 
-0.0150751 
-0.0140432 
-0.0130018 
-0.0119546 
-0.0108489 
-0.00967296 
-0.00844377 
-0.00715154 
-0.00581411 
-0.0044493 
-0.00306338 
-0.00166336 
-0.000251509 
0.0011683 
0.00259381 
0.00402367 
0.00545977 
0.00690554 
0.00836564 
0.00984391 
0.0113391 
0.0128373 
0.0143004 
0.0156542 
0.0167849 
0.01755 
0.017803 
0.0174215 
0.0163367 
0.0145565 
0.0121171 
0.00912615 
0.00568403 
0.00195845 
-0.00195845 
0.00135721 
-0.00135721 
-0.00374772 
-0.00599892 
-0.00800924 
-0.00980597 
-0.0113548 
-0.0126731 
-0.0137599 
-0.014639 
-0.015329 
-0.0158571 
-0.0162473 
-0.0165249 
-0.0167127 
-0.0168327 
-0.0169043 
-0.0169451 
-0.0169697 
-0.0169892 
-0.0170106 
-0.0170356 
-0.0170606 
-0.0170758 
-0.0170646 
-0.0170041 
-0.0168645 
-0.0166114 
-0.016209 
-0.0156264 
-0.0148472 
-0.0138794 
-0.0127635 
-0.011567 
-0.0103634 
-0.00919971 
-0.0080436 
-0.00683261 
-0.00552627 
-0.00419616 
-0.00286505 
-0.0015134 
-0.00015268 
0.00121915 
0.0025938 
0.00396867 
0.00534056 
0.006709 
0.00807429 
0.00943741 
0.0107981 
0.0121511 
0.0134804 
0.0147494 
0.0158925 
0.0168115 
0.0173847 
0.0174853 
0.0170081 
0.0158879 
0.0141287 
0.0117594 
0.00886552 
0.00552991 
0.00190972 
-0.00190972 
0.00140549 
-0.00140549 
-0.003912 
-0.00627642 
-0.00839345 
-0.0102753 
-0.0118862 
-0.0132421 
-0.0143404 
-0.0152038 
-0.0158519 
-0.016314 
-0.0166172 
-0.0167895 
-0.0168562 
-0.0168404 
-0.0167625 
-0.0166404 
-0.0164895 
-0.0163224 
-0.0161487 
-0.015975 
-0.0158046 
-0.0156368 
-0.0154674 
-0.0152873 
-0.0150818 
-0.0148292 
-0.0144999 
-0.0140561 
-0.0134557 
-0.0126585 
-0.0116425 
-0.0104201 
-0.0090713 
-0.00770766 
-0.00648813 
-0.00525553 
-0.00395975 
-0.00263046 
-0.00130245 
3.04862e-05 
0.00136471 
0.00270141 
0.00403412 
0.00535962 
0.00667303 
0.00797134 
0.00925191 
0.0105125 
0.0117493 
0.0129544 
0.0141105 
0.0151837 
0.0161172 
0.016828 
0.0172136 
0.0171658 
0.0165943 
0.0154381 
0.0136956 
0.0113889 
0.00859072 
0.00536394 
0.00185655 
-0.00185655 
0.00146363 
-0.00146363 
-0.00410666 
-0.00660419 
-0.00884614 
-0.0108348 
-0.0125245 
-0.0139337 
-0.0150553 
-0.0159129 
-0.0165266 
-0.0169287 
-0.017151 
-0.0172263 
-0.0171842 
-0.0170513 
-0.01685 
-0.0165994 
-0.0163151 
-0.0160094 
-0.0156914 
-0.0153675 
-0.0150411 
-0.0147134 
-0.0143835 
-0.0140487 
-0.0137047 
-0.0133449 
-0.0129592 
-0.0125328 
-0.0120439 
-0.0114631 
-0.0107542 
-0.00987388 
-0.00877995 
-0.00744679 
-0.00590445 
-0.00422822 
-0.00256865 
-0.00105531 
0.000279103 
0.00160316 
0.00291178 
0.0042169 
0.00551061 
0.00678817 
0.00804281 
0.0092691 
0.0104619 
0.0116161 
0.0127255 
0.0137801 
0.0147623 
0.015642 
0.0163705 
0.0168788 
0.0170822 
0.0168894 
0.0162231 
0.0150266 
0.0132933 
0.0110359 
0.00832456 
0.00520037 
0.00180385 
-0.00180385 
0.00153021 
-0.00153021 
-0.0043277 
-0.00697611 
-0.00936094 
-0.011473 
-0.0132612 
-0.0147351 
-0.0158908 
-0.0167487 
-0.0173303 
-0.0176707 
-0.0178073 
-0.0177793 
-0.0176225 
-0.017369 
-0.0170453 
-0.0166731 
-0.0162695 
-0.0158472 
-0.0154154 
-0.0149796 
-0.0145422 
-0.0141032 
-0.0136602 
-0.0132093 
-0.0127459 
-0.0122647 
-0.0117598 
-0.0112237 
-0.0106458 
-0.0100102 
-0.00929473 
-0.00846777 
-0.00748786 
-0.00630127 
-0.00486223 
-0.00324677 
-0.00154888 
7.02685e-05 
0.00158527 
0.00302192 
0.00439384 
0.00572139 
0.00700866 
0.00825698 
0.00946281 
0.0106215 
0.0117274 
0.0127744 
0.0137551 
0.0146586 
0.0154686 
0.0161583 
0.0166875 
0.0169997 
0.0170258 
0.0166898 
0.0159261 
0.0146825 
0.0129484 
0.0107278 
0.00808388 
0.00505132 
0.00175556 
-0.00175556 
0.00160338 
-0.00160338 
-0.00457003 
-0.00738473 
-0.00992857 
-0.0121806 
-0.0140843 
-0.0156375 
-0.0168388 
-0.0177034 
-0.0182548 
-0.0185301 
-0.0185731 
-0.0184303 
-0.0181461 
-0.0177597 
-0.0173032 
-0.0168024 
-0.0162766 
-0.0157397 
-0.0152013 
-0.0146668 
-0.0141379 
-0.0136136 
-0.0130904 
-0.0125626 
-0.0120235 
-0.0114657 
-0.0108815 
-0.0102626 
-0.00960006 
-0.00888218 
-0.00809466 
-0.00722075 
-0.00624797 
-0.00517232 
-0.0040155 
-0.00279869 
-0.00150719 
5.75573e-06 
0.00180954 
0.00358312 
0.00527644 
0.00684352 
0.00829081 
0.00962601 
0.0108597 
0.0119984 
0.0130453 
0.0140004 
0.0148602 
0.0156174 
0.0162588 
0.0167632 
0.0170985 
0.0172197 
0.0170718 
0.0165925 
0.0157268 
0.0144272 
0.0126806 
0.0104829 
0.00788694 
0.00492544 
0.00171567 
-0.00171567 
0.00168074 
-0.00168074 
-0.00482702 
-0.0078203 
-0.0105371 
-0.0129453 
-0.0149806 
-0.0166313 
-0.0178883 
-0.0187678 
-0.0192919 
-0.0194994 
-0.0194405 
-0.0191705 
-0.0187436 
-0.0182085 
-0.017605 
-0.0169641 
-0.016308 
-0.0156523 
-0.0150067 
-0.0143765 
-0.0137627 
-0.0131633 
-0.0125736 
-0.0119867 
-0.0113945 
-0.0107879 
-0.0101572 
-0.00949275 
-0.00878453 
-0.00802198 
-0.00719388 
-0.00628789 
-0.00529264 
-0.00419855 
-0.00300485 
-0.00174025 
-0.0004389 
0.00100295 
0.00260162 
0.00429874 
0.00602286 
0.00770831 
0.00930293 
0.0107744 
0.0121075 
0.0132972 
0.0143448 
0.0152531 
0.016024 
0.0166565 
0.0171443 
0.0174741 
0.0176236 
0.0175595 
0.0172401 
0.016616 
0.0156421 
0.0142759 
0.012504 
0.0103141 
0.00775337 
0.00483474 
0.00168754 
-0.00168754 
0.00175898 
-0.00175898 
-0.00508933 
-0.00826852 
-0.0111684 
-0.0137466 
-0.0159289 
-0.0176932 
-0.0190198 
-0.0199244 
-0.0204267 
-0.020566 
-0.0203983 
-0.0199886 
-0.0194031 
-0.0187022 
-0.0179356 
-0.0171411 
-0.016345 
-0.0155646 
-0.0148099 
-0.0140852 
-0.0133906 
-0.0127224 
-0.0120745 
-0.0114384 
-0.0108041 
-0.0101609 
-0.00949732 
-0.00880174 
-0.00806247 
-0.00726773 
-0.00640587 
-0.00546579 
-0.00443934 
-0.0033218 
-0.00211651 
-0.000834356 
0.000522862 
0.00198574 
0.00350031 
0.00506704 
0.00671688 
0.00839879 
0.010059 
0.0116373 
0.0130875 
0.0143775 
0.0154895 
0.0164161 
0.0171567 
0.0177128 
0.0180848 
0.0182685 
0.0182525 
0.0180167 
0.0175327 
0.0167643 
0.015677 
0.0142341 
0.0124231 
0.0102267 
0.0076836 
0.00479561 
0.00167274 
-0.00167274 
0.00183362 
-0.00183362 
-0.00534411 
-0.00870932 
-0.0117967 
-0.0145544 
-0.0168971 
-0.0187904 
-0.0202037 
-0.0211448 
-0.0216334 
-0.0217071 
-0.0214265 
-0.0208669 
-0.0201077 
-0.0192236 
-0.018277 
-0.0173148 
-0.0163686 
-0.0154576 
-0.0145919 
-0.0137746 
-0.0130039 
-0.0122742 
-0.0115772 
-0.0109022 
-0.0102374 
-0.00956987 
-0.00888635 
-0.00817346 
-0.00741786 
-0.00660665 
-0.00572756 
-0.00476973 
-0.00372419 
-0.00258578 
-0.00135057 
-2.86434e-05 
0.00137074 
0.00285965 
0.00442586 
0.00604933 
0.00770113 
0.00934774 
0.010966 
0.0125236 
0.0139827 
0.0153046 
0.0164556 
0.0174106 
0.0181542 
0.0186791 
0.018983 
0.0190647 
0.0189208 
0.0185419 
0.0179129 
0.0170102 
0.0158109 
0.0142855 
0.0124243 
0.0102067 
0.00766517 
0.00478941 
0.00167664 
-0.00167664 
0.00189882 
-0.00189882 
-0.0055742 
-0.0091153 
-0.0123855 
-0.0153255 
-0.0178376 
-0.019873 
-0.0213894 
-0.0223815 
-0.0228679 
-0.0228836 
-0.022491 
-0.0217758 
-0.020831 
-0.0197484 
-0.0186058 
-0.0174622 
-0.0163562 
-0.0153097 
-0.0143325 
-0.0134259 
-0.0125855 
-0.011803 
-0.0110671 
-0.0103647 
-0.00968128 
-0.00900149 
-0.00830969 
-0.00759026 
-0.0068276 
-0.00600679 
-0.00511382 
-0.00413671 
-0.00306578 
-0.00189513 
-0.000622086 
0.000750564 
0.00221113 
0.00376336 
0.00537787 
0.00703241 
0.00869889 
0.0103408 
0.0119387 
0.0134624 
0.0148839 
0.0161734 
0.0173019 
0.0182416 
0.0189698 
0.0194697 
0.019731 
0.0197481 
0.0195178 
0.0190355 
0.0182946 
0.0172821 
0.015985 
0.0143822 
0.0124679 
0.0102211 
0.00766967 
0.00479385 
0.00168228 
-0.00168228 
0.00194723 
-0.00194723 
-0.00575757 
-0.00945054 
-0.0128864 
-0.0160006 
-0.0186826 
-0.0208688 
-0.0225014 
-0.0235621 
-0.024061 
-0.0240324 
-0.0235362 
-0.0226675 
-0.0215324 
-0.0202413 
-0.0188903 
-0.0175539 
-0.0162804 
-0.0150956 
-0.0140088 
-0.0130187 
-0.0121177 
-0.0112937 
-0.0105321 
-0.0098165 
-0.00912924 
-0.00845229 
-0.00776726 
-0.00705604 
-0.00630048 
-0.00548333 
-0.00458849 
-0.00360219 
-0.00251288 
-0.00131248 
1.53601e-06 
0.00143344 
0.00296542 
0.00459579 
0.00629761 
0.00804198 
0.00978962 
0.0114983 
0.0131259 
0.014635 
0.016 
0.0172039 
0.0182325 
0.0190718 
0.0197073 
0.0201249 
0.0203118 
0.0202577 
0.0199546 
0.0193956 
0.0185748 
0.0174833 
0.0161138 
0.0144513 
0.0124942 
0.0102228 
0.00766216 
0.00478734 
0.0016807 
-0.0016807 
0.00197001 
-0.00197001 
-0.00586725 
-0.00967029 
-0.0132374 
-0.0165027 
-0.0193429 
-0.0216801 
-0.0234377 
-0.0245845 
-0.0251114 
-0.0250582 
-0.0244764 
-0.0234681 
-0.02215 
-0.0206506 
-0.0190866 
-0.0175518 
-0.0161075 
-0.0147851 
-0.0135941 
-0.01253 
-0.0115808 
-0.01073 
-0.00995866 
-0.00924652 
-0.00857247 
-0.00791522 
-0.00725333 
-0.00656577 
-0.00583142 
-0.00503027 
-0.00414355 
-0.00315515 
-0.0020509 
-0.000820501 
0.000540783 
0.00203762 
0.00365568 
0.00538629 
0.00719684 
0.00905017 
0.0108982 
0.012688 
0.0143671 
0.015889 
0.0172247 
0.018355 
0.0192715 
0.0199711 
0.0204544 
0.020722 
0.0207725 
0.0206011 
0.0202005 
0.0195609 
0.0186732 
0.0175257 
0.0161109 
0.0144146 
0.0124369 
0.0101591 
0.00760509 
0.00474803 
0.00166555 
-0.00166555 
0.00195708 
-0.00195708 
-0.00587198 
-0.00972171 
-0.0133644 
-0.0167373 
-0.0197066 
-0.0221812 
-0.0240631 
-0.0253096 
-0.0258779 
-0.0258245 
-0.0251866 
-0.0240686 
-0.0225929 
-0.0209026 
-0.0191351 
-0.0174066 
-0.0157955 
-0.0143425 
-0.013058 
-0.0119343 
-0.0109538 
-0.0100949 
-0.00933362 
-0.00864524 
-0.00800477 
-0.0073874 
-0.0067684 
-0.0061236 
-0.00542869 
-0.00466069 
-0.00379789 
-0.00282126 
-0.00171301 
-0.000460277 
0.000946795 
0.00251155 
0.00422384 
0.00606879 
0.00800946 
0.00999923 
0.0119788 
0.0138843 
0.0156525 
0.0172268 
0.0185605 
0.0196302 
0.0204323 
0.020972 
0.0212632 
0.0213249 
0.0211743 
0.0208227 
0.0202732 
0.0195201 
0.0185524 
0.017354 
0.0159118 
0.0142074 
0.0122376 
0.00998276 
0.0074644 
0.00465608 
0.00163098 
-0.00163098 
0.00189768 
-0.00189768 
-0.00573763 
-0.00954595 
-0.0131828 
-0.0165943 
-0.0196395 
-0.0222166 
-0.0242058 
-0.0255478 
-0.0261752 
-0.0261473 
-0.0254953 
-0.0243168 
-0.022733 
-0.0208942 
-0.0189549 
-0.0170545 
-0.0152934 
-0.0137259 
-0.0123661 
-0.0112032 
-0.010214 
-0.00937049 
-0.0086431 
-0.00800234 
-0.00741895 
-0.00686444 
-0.00631059 
-0.00572996 
-0.00509494 
-0.00437944 
-0.00355854 
-0.00260956 
-0.00151058 
-0.000245025 
0.00120206 
0.00283462 
0.00464433 
0.00661016 
0.00868747 
0.0108187 
0.0129337 
0.0149585 
0.0168205 
0.0184528 
0.0198026 
0.0208289 
0.0215345 
0.0219257 
0.0220241 
0.0218636 
0.0214809 
0.0209081 
0.0201664 
0.0192626 
0.0181912 
0.0169345 
0.0154735 
0.0137826 
0.0118513 
0.00965529 
0.00721171 
0.00449456 
0.00157183 
-0.00157183 
0.00178116 
-0.00178116 
-0.00542965 
-0.00908218 
-0.0126032 
-0.0159544 
-0.0189922 
-0.0216092 
-0.0236648 
-0.0250823 
-0.0257761 
-0.0257979 
-0.0251841 
-0.0240145 
-0.0224012 
-0.0204886 
-0.0184398 
-0.0164148 
-0.0145392 
-0.0128868 
-0.0114799 
-0.0103065 
-0.00933759 
-0.00853859 
-0.00787378 
-0.00730856 
-0.00680939 
-0.00634408 
-0.00588098 
-0.00538943 
-0.00483862 
-0.00419944 
-0.00344351 
-0.00254386 
-0.00147404 
-0.000212775 
0.00125872 
0.00294635 
0.0048396 
0.00690926 
0.00910091 
0.0113467 
0.0135688 
0.0156882 
0.0176284 
0.0193175 
0.0206982 
0.0217078 
0.022341 
0.0226072 
0.0225321 
0.0221625 
0.0215522 
0.0207531 
0.0198067 
0.0187368 
0.0175491 
0.0162305 
0.0147593 
0.0131031 
0.0112425 
0.00914618 
0.00682402 
0.00424946 
0.00148369 
-0.00148369 
0.00159808 
-0.00159808 
-0.00491663 
-0.00827369 
-0.0115398 
-0.0146993 
-0.0176121 
-0.0201736 
-0.0222269 
-0.0236783 
-0.0244302 
-0.0245183 
-0.0239995 
-0.0229261 
-0.0213905 
-0.0195147 
-0.0174567 
-0.0153883 
-0.0134601 
-0.011771 
-0.0103582 
-0.00921266 
-0.00830085 
-0.00758156 
-0.00701291 
-0.00655518 
-0.00617074 
-0.00582396 
-0.00548002 
-0.0051053 
-0.00466618 
-0.00413073 
-0.003467 
-0.0026434 
-0.0016289 
-0.000397373 
0.00107093 
0.00278233 
0.00471905 
0.00684007 
0.00908067 
0.011367 
0.0136212 
0.015768 
0.0177342 
0.0194499 
0.0208479 
0.0218651 
0.0224571 
0.0226438 
0.0224456 
0.021918 
0.0211288 
0.0201464 
0.0190303 
0.0178211 
0.0165386 
0.015178 
0.0137202 
0.0121293 
0.0103784 
0.00842875 
0.00628162 
0.00390868 
0.00136266 
-0.00136266 
0.00134143 
-0.00134143 
-0.00417453 
-0.00707562 
-0.00992196 
-0.0127272 
-0.0153627 
-0.0177391 
-0.0196922 
-0.0211098 
-0.0218883 
-0.0220467 
-0.0216796 
-0.0208007 
-0.0194726 
-0.0177779 
-0.0158503 
-0.0138588 
-0.0119726 
-0.0103193 
-0.00895855 
-0.00789082 
-0.00708135 
-0.00648351 
-0.00604959 
-0.00573527 
-0.00549931 
-0.00530324 
-0.00510961 
-0.00488244 
-0.004586 
-0.004186 
-0.00364708 
-0.00293328 
-0.0020096 
-0.000846569 
0.000572063 
0.002247 
0.00414816 
0.00622022 
0.00839296 
0.0105961 
0.0127628 
0.0148327 
0.0167449 
0.0184371 
0.0198345 
0.0208797 
0.0214692 
0.021634 
0.0213822 
0.0207756 
0.019893 
0.0188145 
0.0176123 
0.0163398 
0.0150281 
0.0136823 
0.0122889 
0.010813 
0.00922372 
0.00747723 
0.00556653 
0.00346154 
0.00120527 
-0.00120527 
0.00100748 
-0.00100748 
-0.00319084 
-0.00546406 
-0.00770839 
-0.00997252 
-0.0121445 
-0.0141674 
-0.015888 
-0.0171821 
-0.017942 
-0.0181657 
-0.018001 
-0.017415 
-0.016433 
-0.0150837 
-0.0134578 
-0.0117009 
-0.0099872 
-0.00847036 
-0.00723935 
-0.00631256 
-0.00565976 
-0.00523154 
-0.00497565 
-0.00484403 
-0.00479286 
-0.00478178 
-0.00477161 
-0.00472489 
-0.00460498 
-0.00437595 
-0.00399975 
-0.00343715 
-0.00265075 
-0.00161207 
-0.000312692 
0.00123067 
0.00297401 
0.00485155 
0.00679864 
0.00876144 
0.0106959 
0.0125652 
0.0143266 
0.0159287 
0.017294 
0.0183686 
0.0189979 
0.0192056 
0.0189838 
0.0183962 
0.0175319 
0.0164785 
0.0153144 
0.014098 
0.0128665 
0.0116318 
0.0103864 
0.00909982 
0.00774137 
0.00626656 
0.00466243 
0.00289875 
0.00100868 
-0.00100868 
0.000596276 
-0.000596276 
-0.00196753 
-0.00344344 
-0.00490053 
-0.00642823 
-0.00793052 
-0.00939908 
-0.0107131 
-0.0117751 
-0.0124663 
-0.0127502 
-0.0128355 
-0.0126294 
-0.0121197 
-0.0112774 
-0.0101355 
-0.00879574 
-0.00741603 
-0.00616524 
-0.00516316 
-0.00445473 
-0.00402213 
-0.0038178 
-0.00378711 
-0.00387999 
-0.00405153 
-0.00426088 
-0.0044684 
-0.0046365 
-0.00472923 
-0.00471021 
-0.00454021 
-0.00417885 
-0.00358987 
-0.00275161 
-0.00166971 
-0.000384712 
0.00104331 
0.00255372 
0.00410261 
0.00566344 
0.00722253 
0.00876896 
0.0102798 
0.0117154 
0.0130058 
0.0140947 
0.014799 
0.0150953 
0.0149808 
0.0145162 
0.0137986 
0.0129153 
0.0119422 
0.0109333 
0.00992407 
0.00892771 
0.00794128 
0.00694048 
0.00589878 
0.004776 
0.00355683 
0.00221412 
0.000771436 
-0.000771436 
0.000107477 
-0.000107477 
-0.000517719 
-0.00105327 
-0.00155572 
-0.00216908 
-0.00279939 
-0.00349812 
-0.00417417 
-0.00480852 
-0.00541955 
-0.00584273 
-0.00621318 
-0.0064484 
-0.00649845 
-0.00629069 
-0.00579637 
-0.00505635 
-0.00418783 
-0.00335481 
-0.00270105 
-0.00230251 
-0.00216233 
-0.00224115 
-0.00248556 
-0.00284584 
-0.00327814 
-0.00374309 
-0.00420218 
-0.00461954 
-0.00496195 
-0.00519436 
-0.00527879 
-0.00517715 
-0.00485967 
-0.0043185 
-0.00357947 
-0.00270074 
-0.00174949 
-0.000768905 
0.000227244 
0.00124845 
0.00231209 
0.00342502 
0.00458153 
0.00575477 
0.00689624 
0.00794848 
0.00876284 
0.00920169 
0.00926479 
0.00901321 
0.00856553 
0.00800329 
0.00738701 
0.00675289 
0.00612432 
0.00551018 
0.00490943 
0.00430465 
0.00367654 
0.00299445 
0.00224418 
0.00140615 
0.000493927 
-0.000493927 
-0.000451443 
0.000451443 
0.00112709 
0.00164311 
0.002215 
0.00264788 
0.00302657 
0.00325188 
0.00336312 
0.00329049 
0.00287935 
0.00229756 
0.00163602 
0.000949572 
0.000312511 
-0.000178897 
-0.000442562 
-0.000452203 
-0.000263717 
-8.53743e-06 
0.000163318 
0.000147813 
-8.45261e-05 
-0.000509203 
-0.00107939 
-0.00174946 
-0.00247886 
-0.00323247 
-0.00397494 
-0.00467428 
-0.00530257 
-0.00582845 
-0.00621847 
-0.00644144 
-0.00648026 
-0.00634669 
-0.00608691 
-0.00576578 
-0.00543469 
-0.00510731 
-0.0047649 
-0.0043703 
-0.00388887 
-0.00330315 
-0.00260647 
-0.00181246 
-0.000944783 
-5.68264e-05 
0.000769654 
0.00135354 
0.00169986 
0.00182455 
0.00182451 
0.00176216 
0.00167626 
0.00158094 
0.00148442 
0.00138911 
0.00129568 
0.00119483 
0.00107729 
0.000926272 
0.000730396 
0.000484065 
0.00018238 
-0.00018238 
-0.00106488 
0.00106488 
0.00292676 
0.00458168 
0.00628963 
0.00783199 
0.00925289 
0.0104242 
0.0112971 
0.0117422 
0.0116501 
0.0110861 
0.0102204 
0.00916567 
0.00800749 
0.00685321 
0.00581608 
0.00498038 
0.00436158 
0.00388888 
0.00343668 
0.0028904 
0.00219618 
0.00135865 
0.000412139 
-0.000606087 
-0.00166389 
-0.00273472 
-0.00378789 
-0.004798 
-0.00574504 
-0.00660423 
-0.00735051 
-0.00796438 
-0.00844628 
-0.00882845 
-0.00916921 
-0.009524 
-0.00991376 
-0.0103163 
-0.0106853 
-0.0109715 
-0.011136 
-0.0111538 
-0.0110104 
-0.0107061 
-0.0102527 
-0.00968233 
-0.00903973 
-0.00835554 
-0.00762384 
-0.0069236 
-0.0062635 
-0.00563716 
-0.00503282 
-0.00445091 
-0.00389273 
-0.00335856 
-0.00284425 
-0.00234842 
-0.00186857 
-0.00140438 
-0.00096457 
-0.000535129 
-0.000154928 
0.000154928 
-0.00172027 
0.00172027 
0.00485001 
0.00770757 
0.0105652 
0.0132158 
0.015642 
0.0176973 
0.0192588 
0.0201891 
0.0204271 
0.0200119 
0.0190837 
0.0177759 
0.0161984 
0.0144681 
0.0127136 
0.0110572 
0.00957818 
0.00827838 
0.00708456 
0.00589837 
0.00465429 
0.00333713 
0.00196495 
0.000563128 
-0.000848356 
-0.00225698 
-0.0036414 
-0.00498436 
-0.00627677 
-0.0075035 
-0.00865147 
-0.00971674 
-0.0107185 
-0.0117039 
-0.0127289 
-0.0138246 
-0.014977 
-0.0161368 
-0.0172441 
-0.0182454 
-0.019099 
-0.0197743 
-0.0202494 
-0.0205097 
-0.0205433 
-0.0203371 
-0.0198416 
-0.0190023 
-0.0178767 
-0.0165767 
-0.0152021 
-0.0138168 
-0.0124509 
-0.0111219 
-0.00983916 
-0.00860446 
-0.00741037 
-0.00624519 
-0.00509535 
-0.00394495 
-0.00279923 
-0.00162905 
-0.000512495 
0.000512495 
-0.00240984 
0.00240984 
0.00687544 
0.0109785 
0.0149673 
0.0186762 
0.0220327 
0.0248808 
0.0270686 
0.0284711 
0.0290547 
0.0288457 
0.0279432 
0.0264783 
0.0245717 
0.0223486 
0.0199469 
0.0175129 
0.0151749 
0.0130044 
0.0109956 
0.00908984 
0.00722756 
0.00537957 
0.00354521 
0.00173221 
-5.07234e-05 
-0.00180753 
-0.00353424 
-0.00522295 
-0.00687791 
-0.00849675 
-0.0100811 
-0.0116442 
-0.0132206 
-0.0148614 
-0.0166062 
-0.0184548 
-0.0203636 
-0.022267 
-0.0240996 
-0.0258051 
-0.0273363 
-0.0286532 
-0.0297191 
-0.0304973 
-0.030942 
-0.0309934 
-0.0305509 
-0.0295685 
-0.028131 
-0.0263505 
-0.0243659 
-0.0222915 
-0.020202 
-0.0181397 
-0.0161264 
-0.0141683 
-0.0122574 
-0.010376 
-0.00850318 
-0.00661397 
-0.00471049 
-0.00276257 
-0.000881261 
0.000881261 
-0.0031275 
0.0031275 
0.0089862 
0.0143644 
0.0194534 
0.0241454 
0.0283416 
0.0318897 
0.0346419 
0.0364903 
0.0374072 
0.0374142 
0.0365847 
0.0350314 
0.0328695 
0.0302252 
0.0272425 
0.0240848 
0.0209179 
0.0178746 
0.01502 
0.0123503 
0.00982786 
0.00741817 
0.00510275 
0.0028688 
0.000709025 
-0.0013968 
-0.00346358 
-0.0054993 
-0.00752135 
-0.00954325 
-0.0115824 
-0.0136678 
-0.0158423 
-0.0181488 
-0.0206012 
-0.0231692 
-0.0257893 
-0.028388 
-0.0308963 
-0.0332517 
-0.0353967 
-0.0372756 
-0.0388317 
-0.0400037 
-0.040721 
-0.0409083 
-0.0404777 
-0.0394055 
-0.0377641 
-0.0356559 
-0.0332257 
-0.0306084 
-0.0279076 
-0.0251898 
-0.0224925 
-0.0198303 
-0.0171994 
-0.0145826 
-0.0119583 
-0.0093017 
-0.00661634 
-0.0038871 
-0.00124642 
0.00124642 
-0.0038646 
0.0038646 
0.0111573 
0.0178287 
0.0239889 
0.0295875 
0.0345325 
0.0386926 
0.0419419 
0.04419 
0.0454111 
0.0456223 
0.0448747 
0.0432583 
0.0408762 
0.0378521 
0.0343348 
0.0305018 
0.0265495 
0.0226623 
0.0189718 
0.015534 
0.0123441 
0.00936995 
0.00657719 
0.00393219 
0.00140681 
-0.00103469 
-0.00342528 
-0.00579496 
-0.00817352 
-0.0105923 
-0.0130838 
-0.0156892 
-0.0184503 
-0.0213919 
-0.0244994 
-0.0277185 
-0.0309741 
-0.0341889 
-0.0372895 
-0.0402051 
-0.0428648 
-0.0451968 
-0.0471271 
-0.0485795 
-0.0494764 
-0.0497483 
-0.04933 
-0.0482113 
-0.0464529 
-0.0441448 
-0.0414198 
-0.0384108 
-0.0352312 
-0.0319624 
-0.0286557 
-0.0253366 
-0.02201 
-0.0186667 
-0.0152922 
-0.0118722 
-0.00841951 
-0.00494533 
-0.00159004 
0.00159004 
-0.00460472 
0.00460472 
0.0133395 
0.0213021 
0.0285098 
0.0349543 
0.0405728 
0.0452691 
0.0489475 
0.0515369 
0.053013 
0.0533835 
0.052683 
0.0509845 
0.0483788 
0.0449857 
0.0409588 
0.0364897 
0.0318016 
0.0271225 
0.0226421 
0.0184738 
0.0146482 
0.0111402 
0.00790105 
0.00487655 
0.00201669 
-0.000729791 
-0.0034135 
-0.00608812 
-0.00879563 
-0.0115854 
-0.0145035 
-0.0175975 
-0.0209 
-0.0244119 
-0.0280915 
-0.0318678 
-0.0356597 
-0.0393884 
-0.0429766 
-0.0463459 
-0.0494151 
-0.0521004 
-0.0543173 
-0.0559827 
-0.0570195 
-0.0573674 
-0.0569779 
-0.055849 
-0.0540347 
-0.0516133 
-0.0487 
-0.0454152 
-0.0418689 
-0.0381477 
-0.0343122 
-0.030399 
-0.0264254 
-0.0223956 
-0.0183104 
-0.0141736 
-0.0100159 
-0.00587688 
-0.00189295 
0.00189295 
-0.00531429 
0.00531429 
0.0154311 
0.0246327 
