0 
-0.00151713 
-0.00181752 
-0.000239825 
0.00250222 
0.00572955 
0.00927825 
0.0129433 
0.0166487 
0.0203426 
0.0240096 
0.0276509 
0.0312771 
0.0349021 
0.038539 
0.0421973 
0.0458817 
0.0495908 
0.053317 
0.0570466 
0.0607596 
0.0644309 
0.0680303 
0.0715235 
0.0748732 
0.0780396 
0.0809817 
0.0836583 
0.0860287 
0.088054 
0.089698 
0.0909286 
0.0917167 
0.0920431 
0.0918909 
0.0912464 
0.0901012 
0.0884522 
0.0863018 
0.083659 
0.0805401 
0.0769703 
0.0729851 
0.068632 
0.0639709 
0.059075 
0.05403 
0.0489321 
0.0438852 
0.0389959 
0.0343624 
0.0300553 
0.0260939 
0.0224422 
0.0190461 
0.0158842 
0.012981 
0.0103746 
0.00808815 
0.00612342 
0.00447077 
0.00310822 
0.00200322 
0.00110746 
0.0003499 
0 
0.00151713 
-0.00151713 
-0.00181752 
-0.000239825 
0.00250222 
0.00572955 
0.00927825 
0.0129433 
0.0166487 
0.0203426 
0.0240096 
0.0276509 
0.0312771 
0.0349021 
0.038539 
0.0421973 
0.0458817 
0.0495908 
0.053317 
0.0570466 
0.0607596 
0.0644309 
0.0680303 
0.0715235 
0.0748732 
0.0780396 
0.0809817 
0.0836583 
0.0860287 
0.088054 
0.089698 
0.0909286 
0.0917167 
0.0920431 
0.0918909 
0.0912464 
0.0901012 
0.0884522 
0.0863018 
0.083659 
0.0805401 
0.0769703 
0.0729851 
0.068632 
0.0639709 
0.059075 
0.05403 
0.0489321 
0.0438852 
0.0389959 
0.0343624 
0.0300553 
0.0260939 
0.0224422 
0.0190461 
0.0158842 
0.012981 
0.0103746 
0.00808815 
0.00612342 
0.00447077 
0.00310822 
0.00200322 
0.00110746 
0.0003499 
-0.0003499 
0.000137784 
-0.000137784 
0.00151675 
0.00340737 
0.00594985 
0.00888606 
0.0120739 
0.0153661 
0.0186936 
0.0220159 
0.0253228 
0.0286193 
0.0319187 
0.035237 
0.0385884 
0.0419835 
0.0454274 
0.0489189 
0.0524505 
0.0560081 
0.0595717 
0.0631153 
0.0666081 
0.0700149 
0.0732977 
0.0764158 
0.0793275 
0.081991 
0.0843654 
0.0864118 
0.0880936 
0.0893789 
0.090236 
0.0906364 
0.0905639 
0.0900039 
0.0889472 
0.0873901 
0.0853344 
0.0827878 
0.0797652 
0.0762902 
0.0723962 
0.0681286 
0.0635457 
0.0587193 
0.0537338 
0.0486843 
0.0436726 
0.038801 
0.0341621 
0.0298222 
0.0258052 
0.0220927 
0.0186541 
0.0154817 
0.0125957 
0.0100191 
0.00776356 
0.00582725 
0.00420295 
0.00287508 
0.00181779 
0.000985435 
0.000306405 
-0.000306405 
-0.000990945 
0.000990945 
0.00293418 
0.00509172 
0.00756914 
0.0102782 
0.01312 
0.0160083 
0.0189018 
0.0217851 
0.0246633 
0.0275524 
0.0304724 
0.0334429 
0.0364798 
0.0395939 
0.0427893 
0.0460636 
0.0494074 
0.0528046 
0.0562329 
0.0596641 
0.0630653 
0.0663992 
0.0696258 
0.0727028 
0.0755868 
0.078235 
0.0806055 
0.0826589 
0.0843593 
0.0856753 
0.086581 
0.0870503 
0.0870688 
0.086623 
0.0857042 
0.0843088 
0.082437 
0.080094 
0.0772904 
0.0740439 
0.0703816 
0.0663416 
0.0619753 
0.0573485 
0.0525407 
0.0476432 
0.0427545 
0.0379737 
0.0333897 
0.029067 
0.025034 
0.0212879 
0.0178204 
0.0146409 
0.0117706 
0.0092244 
0.00700764 
0.0051198 
0.00356152 
0.00231989 
0.00137856 
0.000698481 
0.000204418 
-0.000204418 
-0.000912657 
0.000912657 
0.00310731 
0.0055125 
0.00799601 
0.0105238 
0.0130411 
0.0155298 
0.0179885 
0.0204341 
0.0228913 
0.0253884 
0.0279518 
0.0306032 
0.0333582 
0.0362253 
0.0392059 
0.0422944 
0.0454784 
0.0487391 
0.0520515 
0.0553852 
0.0587052 
0.0619726 
0.0651456 
0.0681804 
0.0710326 
0.0736581 
0.076014 
0.0780601 
0.07976 
0.0810823 
0.082003 
0.0824991 
0.0825606 
0.082178 
0.0813468 
0.0800673 
0.0783429 
0.0761797 
0.0735873 
0.0705798 
0.0671775 
0.0634104 
0.0593202 
0.0549625 
0.050408 
0.0457405 
0.0410525 
0.0364383 
0.031982 
0.0277453 
0.0237587 
0.020032 
0.0165784 
0.0134241 
0.0105933 
0.00809461 
0.00593136 
0.00410483 
0.00262341 
0.00149384 
0.000712957 
0.000250408 
4.06529e-05 
-4.06529e-05 
-0.000927365 
0.000927365 
0.00319001 
0.00557679 
0.00788795 
0.0101306 
0.0122788 
0.0143602 
0.0164015 
0.0184428 
0.0205222 
0.0226751 
0.0249293 
0.0273052 
0.029815 
0.0324634 
0.0352483 
0.0381611 
0.0411871 
0.0443058 
0.047491 
0.0507115 
0.0539315 
0.0571117 
0.0602096 
0.0631812 
0.0659815 
0.0685656 
0.0708901 
0.0729138 
0.0745998 
0.0759157 
0.0768384 
0.0773442 
0.0774264 
0.077079 
0.0763023 
0.0751015 
0.0734849 
0.0714625 
0.0690461 
0.0662493 
0.0630896 
0.0595906 
0.0557854 
0.0517198 
0.0474539 
0.0430618 
0.0386278 
0.0342382 
0.0299703 
0.0258792 
0.0219944 
0.018336 
0.0149368 
0.011837 
0.00906087 
0.00661297 
0.00449597 
0.00272153 
0.00132208 
0.000330462 
-0.000239711 
-0.000408385 
-0.000206325 
0.000206325 
-0.000834971 
0.000834971 
0.00298958 
0.00523611 
0.00730509 
0.0092411 
0.0110355 
0.0127498 
0.0144282 
0.016126 
0.0178871 
0.0197487 
0.0217363 
0.0238663 
0.0261467 
0.028579 
0.0311589 
0.0338769 
0.0367181 
0.0396625 
0.0426846 
0.0457541 
0.0488361 
0.0518919 
0.0548798 
0.0577563 
0.0604765 
0.0629956 
0.0652697 
0.0672567 
0.0689186 
0.0702216 
0.0711421 
0.0716527 
0.07175 
0.0714303 
0.0706976 
0.0695619 
0.0680361 
0.0661343 
0.0638716 
0.0612631 
0.0583256 
0.0550793 
0.0515516 
0.0477802 
0.0438162 
0.0397239 
0.0355778 
0.0314546 
0.0274212 
0.0235225 
0.0197844 
0.0162366 
0.0129284 
0.00990839 
0.00719658 
0.00479278 
0.0027074 
0.000978381 
-0.0003209 
-0.00116506 
-0.00150489 
-0.00130373 
-0.000546584 
0.000546584 
-0.000753901 
0.000753901 
0.00271389 
0.00470927 
0.00646873 
0.00807709 
0.00953494 
0.0109228 
0.0122898 
0.0136963 
0.0151849 
0.0167892 
0.0185298 
0.0204186 
0.0224608 
0.0246565 
0.0270016 
0.0294878 
0.0321022 
0.034827 
0.0376391 
0.0405104 
0.043408 
0.0462949 
0.0491311 
0.0518743 
0.0544807 
0.0569061 
0.059106 
0.0610381 
0.0626628 
0.063945 
0.0648603 
0.0653788 
0.0654984 
0.0652168 
0.0645402 
0.0634813 
0.0620556 
0.06028 
0.0581717 
0.0557478 
0.0530254 
0.050024 
0.0467678 
0.0432896 
0.0396335 
0.0358555 
0.0320206 
0.028194 
0.0244287 
0.0207565 
0.0171986 
0.0137944 
0.010606 
0.00768117 
0.0050298 
0.00265211 
0.00058092 
-0.00109644 
-0.00232619 
-0.00304175 
-0.00311973 
-0.0024281 
-0.000965925 
0.000965925 
-0.000635154 
0.000635154 
0.00232595 
0.00401896 
0.00545435 
0.00675127 
0.00790915 
0.00901692 
0.0101193 
0.011275 
0.0125199 
0.0138824 
0.0153778 
0.0170151 
0.0187983 
0.0207283 
0.022803 
0.025017 
0.0273607 
0.0298199 
0.0323748 
0.0350005 
0.0376671 
0.0403401 
0.0429821 
0.045553 
0.0480108 
0.0503124 
0.052414 
0.0542724 
0.0558473 
0.0571018 
0.05801 
0.0585383 
0.0586866 
0.0584543 
0.0578498 
0.0568873 
0.0555828 
0.0539535 
0.052017 
0.0497905 
0.0472915 
0.0445392 
0.0415571 
0.0383755 
0.0350343 
0.0315832 
0.0280776 
0.0245698 
0.021096 
0.017673 
0.014319 
0.0110838 
0.00803505 
0.00520872 
0.00260273 
0.00022974 
-0.00182572 
-0.00350285 
-0.0046976 
-0.00525732 
-0.00494579 
-0.00360622 
-0.00137703 
0.00137703 
-0.000512798 
0.000512798 
0.00189999 
0.00326037 
0.00437267 
0.00537693 
0.00626613 
0.00712843 
0.00799773 
0.00892632 
0.009941 
0.0110643 
0.0123073 
0.0136778 
0.01518 
0.0168168 
0.0185891 
0.0204949 
0.0225288 
0.0246806 
0.0269347 
0.0292703 
0.0316611 
0.0340763 
0.0364815 
0.0388396 
0.0411116 
0.0432561 
0.0452303 
0.0469914 
0.0484984 
0.0497135 
0.050609 
0.0511502 
0.0513379 
0.0511729 
0.0506645 
0.0498261 
0.0486723 
0.0472184 
0.0454801 
0.0434736 
0.041216 
0.0387269 
0.0360299 
0.033155 
0.0301402 
0.0270299 
0.0238703 
0.0206986 
0.0175318 
0.0143723 
0.0112396 
0.00819306 
0.00529425 
0.00255791 
-2.29491e-05 
-0.0023945 
-0.00448208 
-0.00618045 
-0.00727987 
-0.00751977 
-0.00660002 
-0.00456646 
-0.00168325 
0.00168325 
-0.000380671 
0.000380671 
0.00144514 
0.00246794 
0.00327617 
0.00401241 
0.00466222 
0.00530587 
0.00596384 
0.00667946 
0.00746997 
0.00835299 
0.00933658 
0.0104281 
0.0116331 
0.0129565 
0.0144022 
0.015972 
0.0176645 
0.019474 
0.02139 
0.0233962 
0.0254711 
0.0275879 
0.0297161 
0.0318224 
0.0338711 
0.0358241 
0.0376405 
0.0392784 
0.040697 
0.0418591 
0.0427348 
0.043289 
0.0435252 
0.0434458 
0.0430595 
0.042376 
0.0414055 
0.0401589 
0.0386486 
0.0368883 
0.0348948 
0.032688 
0.0302931 
0.027741 
0.0250687 
0.0223161 
0.0195187 
0.016696 
0.0138453 
0.0109583 
0.00806117 
0.00521725 
0.00246836 
-0.000195099 
-0.00276044 
-0.00516005 
-0.00728059 
-0.0089059 
-0.0097063 
-0.00938062 
-0.00775977 
-0.00517808 
-0.00186288 
0.00186288 
-0.00024975 
0.00024975 
0.000991358 
0.0016839 
0.00221112 
0.00270002 
0.0031329 
0.00357597 
0.00403689 
0.0045483 
0.00511888 
0.00576206 
0.00648373 
0.0072913 
0.00819118 
0.00919025 
0.0102949 
0.0115102 
0.0128389 
0.0142802 
0.0158286 
0.0174734 
0.0191981 
0.0209809 
0.0227959 
0.0246137 
0.0264031 
0.0281296 
0.0297558 
0.0312413 
0.0325465 
0.0336358 
0.0344794 
0.0350495 
0.0353504 
0.0353829 
0.0351495 
0.0346528 
0.0338965 
0.032886 
0.0316299 
0.0301401 
0.0284327 
0.026529 
0.0244561 
0.0222466 
0.0199365 
0.0175601 
0.0151396 
0.0126745 
0.0101437 
0.00753637 
0.00488783 
0.00225444 
-0.000355333 
-0.00296184 
-0.0055257 
-0.00793858 
-0.0099876 
-0.0113246 
-0.011588 
-0.010574 
-0.00841339 
-0.0054896 
-0.0019488 
0.0019488 
-0.000120185 
0.000120185 
0.000548345 
0.00092779 
0.00119843 
0.00145853 
0.00169274 
0.00194866 
0.00222382 
0.00253905 
0.00289617 
0.00330458 
0.00376857 
0.00429521 
0.00489141 
0.00556517 
0.00632476 
0.007178 
0.00813133 
0.00918859 
0.0103499 
0.0116103 
0.012959 
0.01438 
0.0158526 
0.017352 
0.0188511 
0.0203203 
0.0217274 
0.0230348 
0.0242048 
0.0252033 
0.0260043 
0.0265984 
0.0269833 
0.027152 
0.027096 
0.0268086 
0.0262868 
0.0255313 
0.0245473 
0.0233456 
0.0219426 
0.0203615 
0.0186316 
0.0167865 
0.01486 
0.0128775 
0.010845 
0.00874057 
0.00653088 
0.00421095 
0.00182294 
-0.000602335 
-0.00309392 
-0.00565384 
-0.00819862 
-0.010535 
-0.0123267 
-0.0131632 
-0.0127816 
-0.0111793 
-0.0086954 
-0.00559137 
-0.00197009 
0.00197009 
5.50807e-06 
-5.50807e-06 
0.000126342 
0.000214788 
0.000250528 
0.000297879 
0.000347741 
0.000427133 
0.000526785 
0.000655113 
0.00080882 
0.000992952 
0.00121038 
0.00146718 
0.00177014 
0.00212753 
0.00254874 
0.00304353 
0.00362151 
0.00429085 
0.00505689 
0.00592054 
0.00687775 
0.00791929 
0.00903013 
0.0101907 
0.011378 
0.0125674 
0.0137338 
0.0148463 
0.015872 
0.0167759 
0.0175397 
0.0181727 
0.0186534 
0.0189658 
0.0190912 
0.0190161 
0.0187319 
0.0182358 
0.017531 
0.0166275 
0.0155427 
0.0143017 
0.0129353 
0.0114766 
0.00995384 
0.00837948 
0.00673943 
0.00499333 
0.00310544 
0.00108408 
-0.00103885 
-0.00327566 
-0.00566422 
-0.00816436 
-0.0106232 
-0.0127384 
-0.0140951 
-0.0143328 
-0.0133661 
-0.0113699 
-0.0087113 
-0.00554405 
-0.00194361 
0.00194361 
0.000132853 
-0.000132853 
-0.00027601 
-0.000448821 
-0.000628357 
-0.000777967 
-0.000900663 
-0.000988568 
-0.00105459 
-0.00110231 
-0.00113854 
-0.00116322 
-0.00117502 
-0.00116966 
-0.00114114 
-0.0010817 
-0.00098169 
-0.000830187 
-0.000615299 
-0.000325529 
4.937e-05 
0.000516617 
0.00107942 
0.00173567 
0.00247705 
0.00328985 
0.00415591 
0.00505511 
0.00596989 
0.00687929 
0.00776521 
0.00859381 
0.00934177 
0.0100148 
0.0105803 
0.0110206 
0.0113113 
0.0114343 
0.0113773 
0.0111346 
0.0107079 
0.0101074 
0.00935163 
0.00846679 
0.00748361 
0.00643129 
0.00532751 
0.00416684 
0.00291557 
0.00152329 
-3.82891e-05 
-0.00175449 
-0.00362424 
-0.00569354 
-0.00797505 
-0.0103704 
-0.0126395 
-0.0143929 
-0.0152196 
-0.0148903 
-0.0134874 
-0.0112679 
-0.00852968 
-0.00538543 
-0.00187999 
0.00187999 
0.000261561 
-0.000261561 
-0.000656541 
-0.00106087 
-0.00143918 
-0.00177117 
-0.00205663 
-0.00230214 
-0.0025234 
-0.00273384 
-0.00294353 
-0.00315743 
-0.00337626 
-0.00359818 
-0.00381861 
-0.00403101 
-0.00422619 
-0.00439282 
-0.00451749 
-0.00458587 
-0.00458364 
-0.00449757 
-0.00431757 
-0.00403851 
-0.00366119 
-0.00319235 
-0.0026439 
-0.00203128 
-0.0013671 
-0.00066594 
6.95488e-05 
0.000819551 
0.00156038 
0.00227106 
0.00290914 
0.00345839 
0.00389385 
0.00419569 
0.00435024 
0.00435045 
0.00419808 
0.00390376 
0.00348696 
0.00297365 
0.00239126 
0.00176015 
0.00108185 
0.000330372 
-0.000544758 
-0.00159009 
-0.00282069 
-0.00423573 
-0.00587361 
-0.00778194 
-0.00992876 
-0.0121491 
-0.0141227 
-0.0154296 
-0.0157334 
-0.0149533 
-0.0132698 
-0.0109492 
-0.00819552 
-0.00513965 
-0.00178663 
0.00178663 
0.00038441 
-0.00038441 
-0.00101004 
-0.00162485 
-0.00218825 
-0.00269039 
-0.00312908 
-0.00352112 
-0.00388481 
-0.00424154 
-0.00460486 
-0.00498454 
-0.00538391 
-0.00580396 
-0.00624215 
-0.00669382 
-0.00715105 
-0.007603 
-0.00803555 
-0.00843212 
-0.00877448 
-0.00904434 
-0.00922517 
-0.00930433 
-0.00927453 
-0.00913465 
-0.00888917 
-0.00854718 
-0.0081176 
-0.00761168 
-0.00703172 
-0.00638657 
-0.00569431 
-0.00497158 
-0.00428097 
-0.00363926 
-0.00307468 
-0.00260737 
-0.00225121 
-0.00201299 
-0.0018901 
-0.00187113 
-0.00193695 
-0.00206482 
-0.00223553 
-0.00244336 
-0.0027061 
-0.00306648 
-0.00357883 
-0.00427868 
-0.00517985 
-0.00631059 
-0.00773083 
-0.00946495 
-0.0114298 
-0.013398 
-0.0150028 
-0.0158534 
-0.0157199 
-0.0146345 
-0.0128023 
-0.0104519 
-0.00773573 
-0.00482005 
-0.00166785 
0.00166785 
0.000499044 
-0.000499044 
-0.00133614 
-0.00214482 
-0.00288116 
-0.00354266 
-0.00412525 
-0.00465261 
-0.00514502 
-0.00563019 
-0.00612528 
-0.00664465 
-0.00719463 
-0.00777921 
-0.00839829 
-0.0090496 
-0.00972723 
-0.0104218 
-0.0111198 
-0.0118038 
-0.0124531 
-0.0130454 
-0.013558 
-0.0139708 
-0.0142682 
-0.0144403 
-0.0144833 
-0.0143988 
-0.0141909 
-0.0138669 
-0.0134309 
-0.0128919 
-0.0122728 
-0.0115746 
-0.0108627 
-0.0101542 
-0.00948052 
-0.00886185 
-0.0083123 
-0.00783815 
-0.00743661 
-0.00709721 
-0.00680445 
-0.00654335 
-0.00630778 
-0.00610919 
-0.00598146 
-0.00597405 
-0.00613461 
-0.00649235 
-0.00707596 
-0.00794005 
-0.00914205 
-0.0106707 
-0.0123959 
-0.0140475 
-0.0152573 
-0.0157041 
-0.015256 
-0.0140024 
-0.0121139 
-0.00978562 
-0.00715752 
-0.00443034 
-0.00152488 
0.00152488 
0.000604837 
-0.000604837 
-0.00163568 
-0.00262361 
-0.00352166 
-0.00433289 
-0.0050507 
-0.00570292 
-0.00631083 
-0.00690694 
-0.00751185 
-0.00814426 
-0.00881372 
-0.00952727 
-0.0102875 
-0.0110947 
-0.0119455 
-0.012833 
-0.0137452 
-0.0146656 
-0.0155727 
-0.0164416 
-0.0172452 
-0.0179569 
-0.018553 
-0.0190147 
-0.0193295 
-0.0194913 
-0.0194988 
-0.0193555 
-0.0190654 
-0.0186367 
-0.0180951 
-0.0174344 
-0.0167187 
-0.0159616 
-0.0151945 
-0.0144365 
-0.0137017 
-0.0129962 
-0.0123186 
-0.0116623 
-0.0110187 
-0.0103843 
-0.00976749 
-0.00919422 
-0.00870658 
-0.00835214 
-0.00817187 
-0.00819996 
-0.00848529 
-0.00909302 
-0.0100603 
-0.0113399 
-0.0127681 
-0.0140628 
-0.0148934 
-0.0150227 
-0.0143861 
-0.013076 
-0.0111924 
-0.00893716 
-0.00645319 
-0.00396619 
-0.00135645 
0.00135645 
0.000701831 
-0.000701831 
-0.00190954 
-0.00306287 
-0.00411179 
-0.00506383 
-0.00590902 
-0.00667707 
-0.0073889 
-0.00808024 
-0.00877465 
-0.00949479 
-0.0102534 
-0.0110607 
-0.0119217 
-0.0128396 
-0.0138138 
-0.0148401 
-0.0159094 
-0.0170073 
-0.0181135 
-0.0192026 
-0.0202453 
-0.0212103 
-0.022067 
-0.0227885 
-0.0233532 
-0.0237466 
-0.0239607 
-0.0239944 
-0.02385 
-0.0235349 
-0.0230751 
-0.0224593 
-0.0217493 
-0.020955 
-0.0201057 
-0.0192191 
-0.018309 
-0.0173827 
-0.0164419 
-0.0154862 
-0.0145164 
-0.0135412 
-0.0125811 
-0.0116707 
-0.0108533 
-0.0101729 
-0.00967032 
-0.00939164 
-0.00939844 
-0.00974869 
-0.0104521 
-0.0114336 
-0.0125163 
-0.0134369 
-0.0139274 
-0.0138298 
-0.0131108 
-0.0118325 
-0.01 
-0.0078766 
-0.00560506 
-0.00341794 
-0.00115968 
0.00115968 
0.000790044 
-0.000790044 
-0.0021579 
-0.00346264 
-0.00465134 
-0.00573551 
-0.00670106 
-0.00757763 
-0.00838428 
-0.0091582 
-0.00992499 
-0.0107107 
-0.0115311 
-0.0123994 
-0.0133233 
-0.0143084 
-0.0153567 
-0.0164672 
-0.017634 
-0.018846 
-0.0200859 
-0.0213298 
-0.0225487 
-0.0237091 
-0.0247762 
-0.0257164 
-0.0264999 
-0.0271034 
-0.0275111 
-0.0277152 
-0.0277142 
-0.027513 
-0.0271358 
-0.0265692 
-0.025871 
-0.0250481 
-0.0241274 
-0.0231251 
-0.0220553 
-0.0209275 
-0.0197483 
-0.0185244 
-0.0172665 
-0.0159931 
-0.0147328 
-0.0135238 
-0.0124082 
-0.0114294 
-0.0106339 
-0.0100771 
-0.00981994 
-0.0099013 
-0.0103053 
-0.0109421 
-0.0116423 
-0.0121861 
-0.0123784 
-0.0121265 
-0.011401 
-0.0102144 
-0.00847869 
-0.00656471 
-0.00459129 
-0.00277414 
-0.000931325 
0.000931325 
0.000869277 
-0.000869277 
-0.00237999 
-0.00382126 
-0.00513772 
-0.0063449 
-0.00742415 
-0.00840356 
-0.00929872 
-0.0101464 
-0.0109728 
-0.0118066 
-0.0126663 
-0.0135676 
-0.0145209 
-0.0155339 
-0.0166112 
-0.0177546 
-0.0189615 
-0.0202246 
-0.0215303 
-0.0228587 
-0.0241829 
-0.0254707 
-0.0266856 
-0.02779 
-0.0287481 
-0.0295287 
-0.0301074 
-0.0304687 
-0.0306045 
-0.0305154 
-0.0302214 
-0.0297074 
-0.0290268 
-0.0281848 
-0.0272057 
-0.0261052 
-0.0248983 
-0.0235974 
-0.0222146 
-0.0207636 
-0.0192629 
-0.0177382 
-0.0162226 
-0.0147553 
-0.013379 
-0.0121397 
-0.0110889 
-0.0102829 
-0.0097698 
-0.00956558 
-0.00963568 
-0.00988854 
-0.0101801 
-0.0103474 
-0.0102685 
-0.00990268 
-0.00921894 
-0.00815984 
-0.00657695 
-0.00497067 
-0.00339618 
-0.00202705 
-0.000669613 
0.000669613 
0.000939025 
-0.000939025 
-0.00257404 
-0.00413536 
-0.00556585 
-0.00688558 
-0.00807143 
-0.00914897 
-0.0101288 
-0.0110454 
-0.011924 
-0.0127942 
-0.0136767 
-0.0145896 
-0.0155454 
-0.0165539 
-0.017622 
-0.0187536 
-0.0199495 
-0.0212058 
-0.0225133 
-0.0238564 
-0.0252129 
-0.0265536 
-0.0278441 
-0.0290462 
-0.0301207 
-0.031031 
-0.0317452 
-0.0322394 
-0.0324979 
-0.0325145 
-0.0323025 
-0.0318452 
-0.0311902 
-0.0303414 
-0.0293214 
-0.0281454 
-0.0268303 
-0.0253917 
-0.0238464 
-0.0222142 
-0.0205194 
-0.0187922 
-0.0170686 
-0.0153893 
-0.0137986 
-0.012345 
-0.0110798 
-0.0100504 
-0.00928583 
-0.00878108 
-0.00849128 
-0.00833386 
-0.00820087 
-0.00798836 
-0.00764073 
-0.00716046 
-0.00653013 
-0.00561257 
-0.00426474 
-0.00308549 
-0.00201868 
-0.00117772 
-0.000375801 
0.000375801 
0.000998504 
-0.000998504 
-0.00273756 
-0.00440023 
-0.00592852 
-0.00734798 
-0.00863165 
-0.00980228 
-0.0108646 
-0.0118487 
-0.012777 
-0.0136785 
-0.0145746 
-0.0154853 
-0.0164249 
-0.017405 
-0.0184345 
-0.0195193 
-0.0206627 
-0.021864 
-0.023118 
-0.0244138 
-0.025734 
-0.0270548 
-0.0283457 
-0.0295714 
-0.0306931 
-0.031672 
-0.0324714 
-0.0330608 
-0.0334164 
-0.0335241 
-0.0333888 
-0.032991 
-0.0323699 
-0.0315288 
-0.0304882 
-0.0292637 
-0.0278736 
-0.0263366 
-0.0246735 
-0.0229086 
-0.0210704 
-0.0191927 
-0.0173135 
-0.0154753 
-0.0137234 
-0.0121052 
-0.0106649 
-0.009435 
-0.00842463 
-0.0076131 
-0.00695255 
-0.00637546 
-0.00581197 
-0.00521026 
-0.00457056 
-0.00393266 
-0.00332841 
-0.00250992 
-0.00157366 
-0.00094229 
-0.000484772 
-0.000242436 
-5.65182e-05 
5.65182e-05 
0.00104678 
-0.00104678 
-0.00286766 
-0.00461048 
-0.00621725 
-0.00772019 
-0.00908975 
-0.0103463 
-0.0114884 
-0.0125405 
-0.0135203 
-0.014454 
-0.0153624 
-0.0162656 
-0.0171794 
-0.018117 
-0.0190887 
-0.0201025 
-0.0211637 
-0.0222745 
-0.0234328 
-0.0246319 
-0.0258594 
-0.0270968 
-0.0283193 
-0.0294963 
-0.0305929 
-0.0315713 
-0.0323941 
-0.0330267 
-0.0334396 
-0.0336117 
-0.0335382 
-0.0331969 
-0.0326155 
-0.0317961 
-0.0307562 
-0.0295117 
-0.0280817 
-0.0264874 
-0.0247527 
-0.0229053 
-0.0209771 
-0.019004 
-0.017026 
-0.0150857 
-0.0132271 
-0.0114914 
-0.00991155 
-0.00850328 
-0.0072594 
-0.00614947 
-0.00512817 
-0.00414577 
-0.00317134 
-0.00218606 
-0.00122442 
-0.000342949 
0.000362813 
0.00107606 
0.00136268 
0.00136997 
0.00115104 
0.000745342 
0.000275694 
-0.000275694 
0.00108295 
-0.00108295 
-0.00296173 
-0.00476115 
-0.00642387 
-0.00798994 
-0.00942887 
-0.0107601 
-0.0119763 
-0.0130961 
-0.0141308 
-0.0151021 
-0.0160279 
-0.0169271 
-0.0178154 
-0.0187068 
-0.0196128 
-0.0205432 
-0.021505 
-0.022503 
-0.023538 
-0.0246068 
-0.0257014 
-0.0268082 
-0.0279079 
-0.0289758 
-0.0299823 
-0.0308939 
-0.0316756 
-0.0322928 
-0.0327136 
-0.0329118 
-0.0328742 
-0.0325761 
-0.0320323 
-0.0312425 
-0.0302208 
-0.0289821 
-0.0275457 
-0.0259342 
-0.0241737 
-0.0222941 
-0.0203292 
-0.0183164 
-0.0162955 
-0.0143076 
-0.0123915 
-0.0105796 
-0.00889174 
-0.00732955 
-0.00587469 
-0.00449283 
-0.00314706 
-0.00180536 
-0.000454825 
0.00089865 
0.00218312 
0.00331142 
0.00417668 
0.00461814 
0.00431937 
0.00369116 
0.00280168 
0.00173502 
0.000605369 
-0.000605369 
0.00110641 
-0.00110641 
-0.00301833 
-0.00484931 
-0.00654288 
-0.00814763 
-0.00963396 
-0.0110222 
-0.0123009 
-0.0134835 
-0.0145746 
-0.0155899 
-0.0165423 
-0.0174478 
-0.0183201 
-0.0191726 
-0.020017 
-0.0208639 
-0.0217222 
-0.0225986 
-0.0234972 
-0.0244179 
-0.0253567 
-0.0263042 
-0.0272461 
-0.0281632 
-0.0290314 
-0.029823 
-0.0305074 
-0.031053 
-0.031429 
-0.0316079 
-0.0315708 
-0.0312927 
-0.0307752 
-0.0300153 
-0.0290225 
-0.0278097 
-0.0263955 
-0.0248025 
-0.0230576 
-0.0211917 
-0.019239 
-0.0172364 
-0.0152219 
-0.013232 
-0.0112986 
-0.00944414 
-0.00767725 
-0.00598939 
-0.0043565 
-0.00274643 
-0.00112972 
0.000518271 
0.00220378 
0.00387907 
0.00542345 
0.00670731 
0.00758167 
0.00773269 
0.00701959 
0.00584095 
0.00434777 
0.0026647 
0.000914597 
-0.000914597 
0.00111704 
-0.00111704 
-0.00303807 
-0.00487586 
-0.00657433 
-0.00819049 
-0.0096972 
-0.0111178 
-0.0124393 
-0.0136714 
-0.0148132 
-0.0158744 
-0.0168619 
-0.0177868 
-0.0186589 
-0.0194891 
-0.0202874 
-0.0210639 
-0.021828 
-0.0225882 
-0.0233511 
-0.0241202 
-0.0248952 
-0.0256713 
-0.0264388 
-0.027183 
-0.0278853 
-0.0285232 
-0.0290717 
-0.0295038 
-0.0297923 
-0.0299109 
-0.0298386 
-0.0295509 
-0.0290402 
-0.028301 
-0.0273382 
-0.0261623 
-0.0247896 
-0.0232417 
-0.0215449 
-0.0197291 
-0.0178271 
-0.0158736 
-0.0139023 
-0.0119442 
-0.0100233 
-0.00815342 
-0.00633466 
-0.0045528 
-0.00278267 
-0.000996052 
0.000838069 
0.0027386 
0.00468503 
0.00658859 
0.00829326 
0.00962808 
0.0104019 
0.0103109 
0.00928409 
0.00767823 
0.00569014 
0.00347982 
0.00118676 
-0.00118676 
0.00111562 
-0.00111562 
-0.00302468 
-0.0048474 
-0.00652688 
-0.00812726 
-0.00962462 
-0.011047 
-0.0123825 
-0.0136402 
-0.0148158 
-0.0159143 
-0.0169373 
-0.0178903 
-0.0187781 
-0.019607 
-0.0203832 
-0.0211141 
-0.0218074 
-0.0224715 
-0.0231144 
-0.0237427 
-0.0243603 
-0.0249671 
-0.0255584 
-0.0261246 
-0.0266515 
-0.0271215 
-0.0275142 
-0.0278076 
-0.0279787 
-0.0280049 
-0.0278659 
-0.0275411 
-0.0270167 
-0.0262851 
-0.0253475 
-0.024211 
-0.0228898 
-0.021403 
-0.0197746 
-0.0180324 
-0.0162061 
-0.0143264 
-0.012422 
-0.0105174 
-0.00862986 
-0.00676618 
-0.00492152 
-0.00307926 
-0.00121595 
0.000698215 
0.00269262 
0.00477123 
0.00688684 
0.00891994 
0.0106874 
0.011988 
0.0126042 
0.0123035 
0.0110484 
0.00913483 
0.00677345 
0.0041465 
0.00141095 
-0.00141095 
0.00110303 
-0.00110303 
-0.0029852 
-0.0047773 
-0.00641986 
-0.00798179 
-0.009442 
-0.0108339 
-0.0121488 
-0.0133982 
-0.0145775 
-0.01569 
-0.016734 
-0.0177108 
-0.0186205 
-0.0194639 
-0.0202424 
-0.020958 
-0.0216143 
-0.0222162 
-0.0227705 
-0.0232845 
-0.0237651 
-0.0242172 
-0.024642 
-0.0250357 
-0.0253899 
-0.0256916 
-0.0259252 
-0.0260728 
-0.0261157 
-0.0260352 
-0.0258129 
-0.0254312 
-0.0248747 
-0.0241355 
-0.0232123 
-0.0221102 
-0.0208402 
-0.0194187 
-0.0178666 
-0.016208 
-0.0144687 
-0.0126744 
-0.0108485 
-0.0090096 
-0.00716933 
-0.00532999 
-0.0034841 
-0.00161527 
0.00030029 
0.00229305 
0.00438178 
0.00655734 
0.00875144 
0.0108225 
0.0125695 
0.0137774 
0.0142248 
0.0137506 
0.0123283 
0.0102048 
0.00758289 
0.00465243 
0.00158276 
-0.00158276 
0.00108303 
-0.00108303 
-0.00293136 
-0.00468597 
-0.00628349 
-0.00779377 
-0.00919726 
-0.0105316 
-0.0117924 
-0.0129955 
-0.0141392 
-0.0152283 
-0.0162613 
-0.0172382 
-0.0181565 
-0.0190134 
-0.0198055 
-0.0205294 
-0.021182 
-0.0217624 
-0.0222718 
-0.0227142 
-0.023096 
-0.0234244 
-0.023706 
-0.0239443 
-0.0241379 
-0.0242804 
-0.0243607 
-0.0243649 
-0.0242776 
-0.0240836 
-0.0237676 
-0.0233169 
-0.0227174 
-0.0219603 
-0.0210429 
-0.0199681 
-0.0187442 
-0.0173849 
-0.0159077 
-0.0143327 
-0.0126814 
-0.0109746 
-0.0092306 
-0.00746326 
-0.00568007 
-0.00388062 
-0.00205684 
-0.000192147 
0.00173834 
0.00375735 
0.00587499 
0.00807053 
0.0102604 
0.0122905 
0.0139532 
0.0150335 
0.015321 
0.0147089 
0.0131709 
0.010916 
0.00813123 
0.00500183 
0.00170309 
-0.00170309 
0.00106653 
-0.00106653 
-0.0028792 
-0.00459969 
-0.0061559 
-0.00761475 
-0.00895604 
-0.0102191 
-0.0114029 
-0.0125281 
-0.0135975 
-0.0146203 
-0.0155981 
-0.0165331 
-0.0174239 
-0.0182677 
-0.019059 
-0.0197908 
-0.020455 
-0.0210436 
-0.0215498 
-0.0219699 
-0.0223038 
-0.0225557 
-0.0227331 
-0.0228445 
-0.022897 
-0.0228932 
-0.0228302 
-0.0227 
-0.0224913 
-0.0221917 
-0.0217882 
-0.0212694 
-0.0206228 
-0.0198398 
-0.0189185 
-0.0178606 
-0.0166728 
-0.0153663 
-0.0139556 
-0.012457 
-0.0108879 
-0.00926457 
-0.00760113 
-0.00590759 
-0.00418873 
-0.00244284 
-0.000661473 
0.00117363 
0.0030806 
0.00507634 
0.00716337 
0.00931092 
0.0114266 
0.0133533 
0.014886 
0.0158195 
0.0159633 
0.0152394 
0.0136352 
0.0113129 
0.00844713 
0.00520975 
0.0017765 
-0.0017765 
0.00105861 
-0.00105861 
-0.00284763 
-0.00454544 
-0.00607655 
-0.00749836 
-0.00878878 
-0.00998521 
-0.0110884 
-0.0121219 
-0.0130929 
-0.0140154 
-0.0148957 
-0.0157411 
-0.0165542 
-0.0173358 
-0.0180829 
-0.0187893 
-0.0194457 
-0.0200403 
-0.0205601 
-0.0209927 
-0.0213279 
-0.0215603 
-0.0216903 
-0.0217244 
-0.0216733 
-0.0215483 
-0.0213577 
-0.0211032 
-0.0207798 
-0.0203777 
-0.0198861 
-0.0192951 
-0.0185985 
-0.0177873 
-0.0168581 
-0.0158112 
-0.0146516 
-0.0133894 
-0.0120362 
-0.0106054 
-0.00911082 
-0.00756505 
-0.0059791 
-0.0043602 
-0.00271158 
-0.00103055 
0.000693135 
0.00247284 
0.00432124 
0.00625041 
0.00825586 
0.0102996 
0.0122865 
0.0140634 
0.0154362 
0.0162141 
0.0162307 
0.0154183 
0.0137861 
0.0114485 
0.00856771 
0.00529741 
0.00180969 
-0.00180969 
0.00105851 
-0.00105851 
-0.00285374 
-0.00454732 
-0.0060781 
-0.00748809 
-0.00875272 
-0.00990468 
-0.0109443 
-0.0118954 
-0.0127679 
-0.0135789 
-0.0143392 
-0.0150607 
-0.0157516 
-0.0164183 
-0.0170632 
-0.0176854 
-0.0182794 
-0.0188358 
-0.0193409 
-0.0197782 
-0.0201299 
-0.0203796 
-0.0205145 
-0.020529 
-0.0204262 
-0.0202177 
-0.0199202 
-0.0195499 
-0.0191168 
-0.0186212 
-0.0180557 
-0.0174094 
-0.0166726 
-0.015834 
-0.0148917 
-0.0138473 
-0.0127046 
-0.0114738 
-0.0101659 
-0.0087917 
-0.00736217 
-0.00588699 
-0.00437463 
-0.00283039 
-0.00125615 
0.000352827 
0.00200367 
0.00370441 
0.00546489 
0.00729178 
0.00917495 
0.0110723 
0.0128907 
0.0144866 
0.0156819 
0.0163031 
0.0162068 
0.0153298 
0.0136946 
0.0113808 
0.00853409 
0.005289 
0.00181044 
-0.00181044 
0.00106896 
-0.00106896 
-0.00289939 
-0.00462158 
-0.00617842 
-0.00760663 
-0.00887646 
-0.0100153 
-0.0110215 
-0.0119174 
-0.0127133 
-0.0134274 
-0.014073 
-0.014665 
-0.0152156 
-0.0157359 
-0.0162342 
-0.0167162 
-0.0171833 
-0.0176328 
-0.0180572 
-0.0184437 
-0.0187751 
-0.0190307 
-0.0191884 
-0.0192283 
-0.0191365 
-0.0189096 
-0.0185569 
-0.0180989 
-0.0175612 
-0.0169638 
-0.0163129 
-0.0155998 
-0.0148113 
-0.0139419 
-0.0129861 
-0.0119404 
-0.0108085 
-0.0096038 
-0.00833541 
-0.00701111 
-0.00564059 
-0.00423083 
-0.0027892 
-0.00131916 
0.000179168 
0.00170862 
0.00327182 
0.00487477 
0.00652396 
0.00822106 
0.00995186 
0.0116729 
0.0132969 
0.0146932 
0.0157025 
0.01617 
0.0159724 
0.01505 
0.0134289 
0.0111654 
0.00838657 
0.00520859 
0.00178667 
-0.00178667 
0.00109191 
-0.00109191 
-0.00298298 
-0.00476944 
-0.00637895 
-0.00785364 
-0.00915689 
-0.0103127 
-0.0113165 
-0.0121884 
-0.0129383 
-0.0135842 
-0.01414 
-0.0146219 
-0.0150438 
-0.0154196 
-0.0157612 
-0.0160787 
-0.0163796 
-0.0166682 
-0.0169449 
-0.0172054 
-0.0174405 
-0.0176352 
-0.0177692 
-0.017818 
-0.0177553 
-0.0175578 
-0.0172114 
-0.0167174 
-0.0160968 
-0.0153863 
-0.0146269 
-0.013842 
-0.0130255 
-0.0121427 
-0.0111727 
-0.0101218 
-0.00899011 
-0.00779538 
-0.00655198 
-0.00526673 
-0.00394629 
-0.0025958 
-0.00122052 
0.000178158 
0.00159848 
0.00304013 
0.00450449 
0.00599548 
0.00751607 
0.00906388 
0.0106221 
0.0121483 
0.0135632 
0.014751 
0.0155726 
0.0158913 
0.0156012 
0.0146456 
0.0130477 
0.010852 
0.00816205 
0.00507855 
0.00174584 
-0.00174584 
0.00112587 
-0.00112587 
-0.00310261 
-0.00497628 
-0.00666908 
-0.00821103 
-0.00957044 
-0.0107654 
-0.0117901 
-0.0126619 
-0.0133905 
-0.0139934 
-0.0144854 
-0.0148831 
-0.0152016 
-0.0154559 
-0.0156595 
-0.0158245 
-0.0159612 
-0.016078 
-0.0161805 
-0.0162713 
-0.0163495 
-0.0164102 
-0.0164432 
-0.0164326 
-0.0163564 
-0.0161873 
-0.0158959 
-0.0154561 
-0.0148545 
-0.0140987 
-0.0132237 
-0.0122844 
-0.011333 
-0.0103826 
-0.00939459 
-0.00832637 
-0.00717684 
-0.00599277 
-0.00478186 
-0.00353573 
-0.00226482 
-0.000969989 
0.000342403 
0.00166979 
0.00300781 
0.00435553 
0.0057131 
0.00708204 
0.00846222 
0.00984823 
0.011222 
0.0125438 
0.0137439 
0.0147217 
0.0153579 
0.0155336 
0.0151569 
0.014175 
0.0126032 
0.0104819 
0.00789182 
0.00491801 
0.00169437 
-0.00169437 
0.00116972 
-0.00116972 
-0.00325296 
-0.0052324 
-0.00702965 
-0.0086579 
-0.0100909 
-0.0113396 
-0.0123999 
-0.0132855 
-0.0140062 
-0.0145799 
-0.0150223 
-0.0153516 
-0.0155847 
-0.0157378 
-0.0158259 
-0.0158625 
-0.0158591 
-0.0158252 
-0.0157685 
-0.015694 
-0.0156047 
-0.0155011 
-0.0153809 
-0.0152384 
-0.0150635 
-0.01484 
-0.0145452 
-0.0141499 
-0.0136208 
-0.0129281 
-0.0120575 
-0.0110255 
-0.00989708 
-0.00875586 
-0.00768944 
-0.00660434 
-0.00544415 
-0.00424734 
-0.00304121 
-0.00182222 
-0.000590183 
0.000655187 
0.00190718 
0.00316225 
0.00441579 
0.00566608 
0.00691174 
0.00815212 
0.00938471 
0.0106021 
0.0117862 
0.0129011 
0.0138867 
0.0146578 
0.0151135 
0.0151517 
0.0146926 
0.0136868 
0.0121416 
0.01009 
0.00760322 
0.00474349 
0.00163784 
-0.00163784 
0.00122248 
-0.00122248 
-0.00342998 
-0.00553227 
-0.00744788 
-0.00918209 
-0.0107005 
-0.0120158 
-0.0131209 
-0.0140283 
-0.014747 
-0.0152954 
-0.0156911 
-0.0159549 
-0.0161062 
-0.0161643 
-0.0161465 
-0.0160682 
-0.0159426 
-0.0157805 
-0.0155902 
-0.0153776 
-0.0151461 
-0.0148973 
-0.0146309 
-0.014345 
-0.0140362 
-0.0136989 
-0.0133244 
-0.0128998 
-0.0124067 
-0.0118208 
-0.0111125 
-0.0102495 
-0.00920764 
-0.00798354 
-0.00661713 
-0.00516696 
-0.00374569 
-0.00245942 
-0.00128352 
-9.15154e-05 
0.00110077 
0.00229748 
0.00348883 
0.00467099 
0.00583855 
0.00698868 
0.00811865 
0.00922612 
0.010307 
0.0113527 
0.0123463 
0.0132561 
0.0140317 
0.0146021 
0.0148834 
0.0147887 
0.014249 
0.013218 
0.011696 
0.00970723 
0.00731613 
0.00456807 
0.00158064 
-0.00158064 
0.00128294 
-0.00128294 
-0.0036303 
-0.00587035 
-0.0079189 
-0.00977252 
-0.0113914 
-0.0127852 
-0.0139441 
-0.0148798 
-0.0156 
-0.0161233 
-0.0164698 
-0.0166633 
-0.0167274 
-0.0166852 
-0.0165578 
-0.0163639 
-0.0161192 
-0.0158363 
-0.0155249 
-0.0151916 
-0.0148402 
-0.0144719 
-0.0140859 
-0.0136795 
-0.013249 
-0.0127894 
-0.0122944 
-0.0117561 
-0.011164 
-0.010504 
-0.0097582 
-0.00890253 
-0.0079081 
-0.00674183 
-0.00538667 
-0.00390405 
-0.00240217 
-0.000993225 
0.000313658 
0.00156332 
0.00276848 
0.00394412 
0.00509029 
0.00620719 
0.00729169 
0.00834147 
0.00935379 
0.0103257 
0.0112526 
0.012126 
0.0129306 
0.0136395 
0.0142113 
0.014588 
0.0147009 
0.0144769 
0.0138564 
0.0127961 
0.011291 
0.00935506 
0.00704541 
0.00440266 
0.00152629 
-0.00152629 
0.00134976 
-0.00134976 
-0.00385036 
-0.0062417 
-0.00843713 
-0.0104238 
-0.0121599 
-0.0136431 
-0.014867 
-0.0158379 
-0.0165636 
-0.0170619 
-0.0173554 
-0.0174715 
-0.0174388 
-0.0172859 
-0.0170389 
-0.0167208 
-0.0163508 
-0.0159442 
-0.0155125 
-0.0150633 
-0.014601 
-0.0141268 
-0.0136396 
-0.0131357 
-0.0126102 
-0.0120568 
-0.0114681 
-0.0108359 
-0.0101509 
-0.00940266 
-0.00858045 
-0.00767461 
-0.00668246 
-0.00560922 
-0.0044785 
-0.00329428 
-0.00203196 
-0.000548119 
0.00108552 
0.00263438 
0.00406842 
0.00538138 
0.00659029 
0.00770945 
0.00875073 
0.0097218 
0.010627 
0.0114678 
0.0122425 
0.0129452 
0.0135637 
0.0140768 
0.0144513 
0.0146409 
0.0145904 
0.0142391 
0.0135359 
0.0124401 
0.0109436 
0.00904957 
0.00680896 
0.00425312 
0.00147907 
-0.00147907 
0.00142122 
-0.00142122 
-0.00408549 
-0.00663961 
-0.00899454 
-0.0111288 
-0.0129954 
-0.0145844 
-0.0158843 
-0.0168996 
-0.0176366 
-0.0181114 
-0.0183486 
-0.0183796 
-0.0182392 
-0.0179626 
-0.0175827 
-0.0171282 
-0.0166229 
-0.0160853 
-0.0155289 
-0.0149627 
-0.0143915 
-0.0138165 
-0.013236 
-0.0126458 
-0.0120396 
-0.0114099 
-0.0107483 
-0.0100458 
-0.00929288 
-0.00848033 
-0.00759956 
-0.006643 
-0.00560645 
-0.00448927 
-0.00330105 
-0.00206496 
-0.000794585 
0.000585203 
0.00208627 
0.00362681 
0.00513958 
0.00656828 
0.00788151 
0.00906762 
0.0101282 
0.0110711 
0.0119054 
0.0126391 
0.0132771 
0.0138194 
0.0142601 
0.0145847 
0.0147691 
0.0147781 
0.0145682 
0.0140902 
0.0133009 
0.0121625 
0.0106647 
0.00880176 
0.00661731 
0.00412917 
0.00143944 
-0.00143944 
0.00149491 
-0.00149491 
-0.00432893 
-0.00705391 
-0.00957847 
-0.0118732 
-0.0138846 
-0.0155954 
-0.0169846 
-0.0180563 
-0.0188125 
-0.0192679 
-0.0194472 
-0.0193865 
-0.019127 
-0.0187124 
-0.0181842 
-0.0175788 
-0.0169257 
-0.0162477 
-0.0155607 
-0.0148747 
-0.0141949 
-0.0135221 
-0.0128537 
-0.012184 
-0.0115057 
-0.0108093 
-0.010085 
-0.00932196 
-0.00850961 
-0.00763779 
-0.00669792 
-0.00568338 
-0.00459236 
-0.00342625 
-0.00219589 
-0.00091288 
0.000416278 
0.00179903 
0.00319009 
0.00462327 
0.00609737 
0.00755011 
0.00892998 
0.0101925 
0.0113128 
0.0122809 
0.0130981 
0.0137716 
0.0143103 
0.0147208 
0.0150052 
0.015158 
0.0151653 
0.0150029 
0.0146392 
0.0140356 
0.0131567 
0.0119681 
0.0104583 
0.00861525 
0.00647356 
0.00404242 
0.00140852 
-0.00140852 
0.00156747 
-0.00156747 
-0.00457108 
-0.00746968 
-0.0101697 
-0.0126348 
-0.0148043 
-0.0166516 
-0.018148 
-0.019289 
-0.0200755 
-0.0205184 
-0.0206415 
-0.0204844 
-0.0200957 
-0.0195287 
-0.0188357 
-0.0180629 
-0.017248 
-0.0164188 
-0.0155942 
-0.0147854 
-0.0139975 
-0.0132303 
-0.0124797 
-0.0117385 
-0.010997 
-0.0102441 
-0.00946755 
-0.00865486 
-0.00779379 
-0.0068731 
-0.00588359 
-0.00481859 
-0.00367535 
-0.00245483 
-0.00116282 
0.000184684 
0.00157225 
0.00299971 
0.00445236 
0.00590248 
0.00732521 
0.00870672 
0.0100285 
0.011261 
0.0123741 
0.0133421 
0.0141493 
0.0147897 
0.0152653 
0.0155817 
0.0157444 
0.015755 
0.015609 
0.0152932 
0.0147874 
0.0140635 
0.0130946 
0.0118502 
0.0103193 
0.00848434 
0.00637335 
0.00398354 
0.00139341 
-0.00139341 
0.00163435 
-0.00163435 
-0.00479865 
-0.00786574 
-0.0107404 
-0.0133807 
-0.015718 
-0.0177159 
-0.0193362 
-0.0205628 
-0.0213933 
-0.0218352 
-0.021908 
-0.0216543 
-0.0211293 
-0.0203974 
-0.0195234 
-0.0185664 
-0.0175744 
-0.0165825 
-0.0156133 
-0.0146791 
-0.0137845 
-0.0129275 
-0.0121021 
-0.0112984 
-0.0105042 
-0.00970544 
-0.00888719 
-0.00803425 
-0.00713179 
-0.00616646 
-0.00512724 
-0.0040063 
-0.00280019 
-0.00150939 
-0.000142732 
0.00128721 
0.00275754 
0.00425808 
0.00575331 
0.00721572 
0.00862081 
0.00995777 
0.0112118 
0.012368 
0.0134094 
0.0143168 
0.0150724 
0.0156629 
0.0160809 
0.0163248 
0.0163969 
0.0162997 
0.0160333 
0.0155924 
0.0149663 
0.0141364 
0.0130843 
0.0117844 
0.0102272 
0.00839211 
0.00630111 
0.00394122 
0.00138332 
-0.00138332 
0.00168965 
-0.00168965 
-0.00499404 
-0.00821348 
-0.0112518 
-0.0140636 
-0.0165721 
-0.0187307 
-0.0204892 
-0.0218207 
-0.0227105 
-0.0231667 
-0.0232012 
-0.0228571 
-0.0221955 
-0.0212913 
-0.0202238 
-0.0190674 
-0.0178839 
-0.016718 
-0.0155977 
-0.0145367 
-0.0135384 
-0.0125987 
-0.0117082 
-0.010854 
-0.0100202 
-0.00918955 
-0.00834354 
-0.00746368 
-0.00653201 
-0.00553245 
-0.00445144 
-0.00327932 
-0.00201044 
-0.000644963 
0.000808663 
0.0023352 
0.00390924 
0.00550767 
0.00709415 
0.00863128 
0.0100834 
0.011419 
0.0126191 
0.0136776 
0.014594 
0.0153668 
0.0159927 
0.0164659 
0.01678 
0.0169293 
0.0169105 
0.0167214 
0.0163605 
0.0158239 
0.0151054 
0.0141926 
0.0130733 
0.0117271 
0.0101467 
0.00831009 
0.00623506 
0.00390065 
0.00137128 
-0.00137128 
0.00172606 
-0.00172606 
-0.00513501 
-0.00847608 
-0.0116531 
-0.0146201 
-0.0172929 
-0.0196145 
-0.0215208 
-0.0229727 
-0.0239394 
-0.0244277 
-0.0244427 
-0.0240235 
-0.0232355 
-0.022162 
-0.020897 
-0.0195319 
-0.0181459 
-0.0167973 
-0.0155216 
-0.0143348 
-0.0132387 
-0.012226 
-0.0112834 
-0.0103936 
-0.00953661 
-0.00869073 
-0.00783336 
-0.00694192 
-0.00599454 
-0.00497163 
-0.00385618 
-0.00263586 
-0.00130163 
0.000145245 
0.00170069 
0.00334087 
0.0050401 
0.006762 
0.00845992 
0.0100862 
0.0115952 
0.0129462 
0.0141167 
0.0150994 
0.0158967 
0.0165164 
0.0169696 
0.0172674 
0.0174168 
0.0174207 
0.0172775 
0.0169831 
0.016532 
0.0159169 
0.01513 
0.0141598 
0.0129964 
0.011622 
0.0100313 
0.00820175 
0.00614847 
0.00384575 
0.00135244 
-0.00135244 
0.00173493 
-0.00173493 
-0.00519488 
-0.00860861 
-0.0118811 
-0.0149695 
-0.0177831 
-0.0202557 
-0.0223085 
-0.0238873 
-0.0249492 
-0.0254879 
-0.0255086 
-0.0250407 
-0.0241515 
-0.0229286 
-0.0214778 
-0.0199077 
-0.0183175 
-0.0167833 
-0.0153522 
-0.0140444 
-0.0128605 
-0.011789 
-0.0108114 
-0.00990529 
-0.00904553 
-0.00820542 
-0.00735742 
-0.00647431 
-0.00552967 
-0.00449974 
-0.00336327 
-0.00210412 
-0.000709884 
0.000820088 
0.00248129 
0.00424673 
0.00608341 
0.00794407 
0.00977338 
0.0115135 
0.0131094 
0.0145131 
0.0156876 
0.0166149 
0.0173026 
0.0177645 
0.018023 
0.0181056 
0.018038 
0.0178396 
0.0175212 
0.0170841 
0.0165228 
0.0158263 
0.0149821 
0.0139744 
0.0127905 
0.0114117 
0.00983185 
0.00802814 
0.00601336 
0.00375981 
0.00132159 
-0.00132159 
0.00170669 
-0.00170669 
-0.00514356 
-0.00855941 
-0.0118618 
-0.0150147 
-0.0179234 
-0.0205143 
-0.0226953 
-0.0243954 
-0.0255634 
-0.0261654 
-0.0262197 
-0.0257403 
-0.0247937 
-0.0234646 
-0.0218649 
-0.0201158 
-0.018337 
-0.0166264 
-0.0150483 
-0.013631 
-0.0123749 
-0.011264 
-0.0102737 
-0.00937542 
-0.00853799 
-0.00772902 
-0.00691541 
-0.00606465 
-0.00514527 
-0.00412857 
-0.00298842 
-0.00170367 
-0.000259271 
0.00134966 
0.0031137 
0.00500299 
0.00697444 
0.00897073 
0.0109279 
0.0127803 
0.0144659 
0.0159278 
0.017124 
0.0180169 
0.0186195 
0.018945 
0.0190214 
0.0188882 
0.0185878 
0.0181586 
0.0176292 
0.0170142 
0.0163156 
0.0155234 
0.0146214 
0.0135878 
0.0124039 
0.0110458 
0.00950376 
0.00775296 
0.00580343 
0.00362719 
0.00127385 
-0.00127385 
0.00163142 
-0.00163142 
-0.00494934 
-0.00827311 
-0.0115141 
-0.0146475 
-0.0175773 
-0.0202271 
-0.0224939 
-0.0242899 
-0.0255602 
-0.026226 
-0.0263383 
-0.0258925 
-0.0249511 
-0.023588 
-0.0219098 
-0.0200414 
-0.0181179 
-0.0162609 
-0.0145584 
-0.0130529 
-0.0117484 
-0.0106246 
-0.00965023 
-0.00878967 
-0.00800517 
-0.00725802 
-0.00650906 
-0.00572014 
-0.0048544 
-0.0038777 
-0.00275842 
-0.00147023 
3.90857e-06 
0.00167109 
0.00351492 
0.00549882 
0.00756912 
0.0096612 
0.0117075 
0.0136407 
0.0153967 
0.0169158 
0.0181488 
0.0190456 
0.019597 
0.0198225 
0.0197497 
0.0194279 
0.0189133 
0.0182611 
0.0175181 
0.0167156 
0.0158676 
0.0149711 
0.0140105 
0.0129601 
0.0117946 
0.0104832 
0.00900946 
0.00734502 
0.00549577 
0.00343411 
0.00120485 
-0.00120485 
0.00149975 
-0.00149975 
-0.00458171 
-0.00769547 
-0.010757 
-0.013757 
-0.0166025 
-0.0192192 
-0.0214979 
-0.0233365 
-0.0246692 
-0.0253965 
-0.0255787 
-0.0252152 
-0.0243567 
-0.0230597 
-0.021412 
-0.0195265 
-0.0175423 
-0.0156012 
-0.0138191 
-0.0122619 
-0.0109432 
-0.00984168 
-0.00891929 
-0.00813288 
-0.00743774 
-0.00678859 
-0.00613993 
-0.0054479 
-0.00467022 
-0.00376706 
-0.00270135 
-0.00144258 
2.64649e-05 
0.00170892 
0.00357943 
0.00559091 
0.00768174 
0.0097868 
0.0118429 
0.0137892 
0.0155658 
0.0171153 
0.0183785 
0.0193056 
0.0198446 
0.0200246 
0.0198633 
0.0194151 
0.0187461 
0.0179245 
0.0170119 
0.016055 
0.0150814 
0.0140981 
0.013095 
0.0120464 
0.010923 
0.00968773 
0.00831711 
0.00677797 
0.00507088 
0.00316868 
0.00111081 
-0.00111081 
0.00130387 
-0.00130387 
-0.00401484 
-0.00677967 
-0.00951895 
-0.0122432 
-0.0148664 
-0.0173242 
-0.0195067 
-0.0213019 
-0.0226323 
-0.023395 
-0.0236439 
-0.0234054 
-0.0227135 
-0.0216032 
-0.0201285 
-0.0183725 
-0.0164594 
-0.0145386 
-0.0127539 
-0.0112026 
-0.0099186 
-0.00888489 
-0.00805881 
-0.00738999 
-0.00682682 
-0.00631761 
-0.00581058 
-0.00525653 
-0.00460826 
-0.00382065 
-0.00285218 
-0.00167105 
-0.000263758 
0.00136012 
0.0031645 
0.00509176 
0.00708007 
0.00907459 
0.0110263 
0.012888 
0.0146113 
0.0161447 
0.0174219 
0.0183976 
0.0189671 
0.019163 
0.0189884 
0.0184986 
0.0177662 
0.0168673 
0.0158733 
0.0148412 
0.0138095 
0.0127949 
0.0117948 
0.0107877 
0.00974398 
0.00862369 
0.00739776 
0.00602895 
0.00451218 
0.00282086 
0.000988489 
-0.000988489 
0.00103838 
-0.00103838 
-0.00323115 
-0.00549363 
-0.00774929 
-0.010032 
-0.0122668 
-0.0144092 
-0.016357 
-0.0179959 
-0.0192367 
-0.0199821 
-0.0202762 
-0.0201931 
-0.0197463 
-0.018947 
-0.0178055 
-0.0163583 
-0.0146925 
-0.0129441 
-0.0112737 
-0.00981429 
-0.0086318 
-0.00772378 
-0.00704741 
-0.00654677 
-0.00616417 
-0.0058422 
-0.00552341 
-0.00515426 
-0.00468374 
-0.0040628 
-0.00324813 
-0.0022113 
-0.000948735 
0.00050985 
0.00211716 
0.00381365 
0.00554906 
0.0072901 
0.00900885 
0.0106769 
0.0122609 
0.0137165 
0.0149766 
0.015995 
0.0166314 
0.0168995 
0.0167903 
0.0163529 
0.0156653 
0.0148068 
0.0138526 
0.0128629 
0.0118807 
0.0109288 
0.0100112 
0.00911241 
0.00820625 
0.0072538 
0.00622384 
0.0050777 
0.00380556 
0.00238231 
0.000835262 
-0.000835262 
0.000700832 
-0.000700832 
-0.00222432 
-0.00382687 
-0.0054293 
-0.00709239 
-0.00875323 
-0.0103976 
-0.0119452 
-0.0132961 
-0.0143441 
-0.0150029 
-0.0153179 
-0.0154107 
-0.015273 
-0.0148918 
-0.0142333 
-0.0132797 
-0.0120625 
-0.0106782 
-0.00928122 
-0.00803325 
-0.0070411 
-0.00633031 
-0.00586632 
-0.0055912 
-0.00544304 
-0.00536024 
-0.00528079 
-0.00514859 
-0.0049109 
-0.00451729 
-0.00392721 
-0.0031217 
-0.00211448 
-0.000952766 
0.000303322 
0.00160915 
0.00294079 
0.00429088 
0.00565469 
0.00702289 
0.00837775 
0.00968336 
0.0108809 
0.0119159 
0.012644 
0.0130176 
0.0130371 
0.012741 
0.0122115 
0.0115242 
0.01075 
0.00994418 
0.00914642 
0.00837971 
0.00765153 
0.0069519 
0.00626044 
0.00554328 
0.00477099 
0.00390747 
0.00294005 
0.0018472 
0.000649677 
-0.000649677 
0.000289272 
-0.000289272 
-0.000997985 
-0.00179583 
-0.00258217 
-0.00345282 
-0.00435012 
-0.00529801 
-0.00624887 
-0.00714191 
-0.00790518 
-0.00843837 
-0.0087588 
-0.00905255 
-0.00926972 
-0.0093783 
-0.00931219 
-0.00900558 
-0.00842812 
-0.00761407 
-0.00668123 
-0.0057974 
-0.00510883 
-0.00468166 
-0.00450156 
-0.00451494 
-0.00465906 
-0.00487036 
-0.00508425 
-0.00524465 
-0.00530014 
-0.00520297 
-0.00492135 
-0.0044525 
-0.0038302 
-0.00311202 
-0.0023523 
-0.00157391 
-0.000769317 
7.58904e-05 
0.00097991 
0.00195011 
0.00298022 
0.00404515 
0.00510481 
0.00610051 
0.00692607 
0.00744336 
0.007646 
0.00756253 
0.00729133 
0.0069022 
0.00645236 
0.0059806 
0.00551385 
0.00506852 
0.00465143 
0.0042566 
0.00387032 
0.00346684 
0.00302219 
0.00250748 
0.00190935 
0.00121301 
0.000431678 
-0.000431678 
-0.000195227 
0.000195227 
0.000432011 
0.00055671 
0.000720397 
0.000784944 
0.000809958 
0.000739994 
0.000591699 
0.000380236 
8.93479e-05 
-0.000329926 
-0.000775634 
-0.00131563 
-0.00191517 
-0.00253627 
-0.00310653 
-0.00353264 
-0.00373296 
-0.00367132 
-0.0033991 
-0.00305503 
-0.00280617 
-0.00276362 
-0.00294664 
-0.00331538 
-0.0038113 
-0.00437235 
-0.00493408 
-0.00544375 
-0.00585534 
-0.00612885 
-0.00624749 
-0.00622875 
-0.0061224 
-0.00598347 
-0.00584142 
-0.00568884 
-0.00549524 
-0.00522899 
-0.00486157 
-0.00437568 
-0.00376806 
-0.00305077 
-0.00224495 
-0.00140093 
-0.000578521 
6.47394e-05 
0.00051757 
0.000772907 
0.000902577 
0.000960134 
0.000982553 
0.000989577 
0.000991578 
0.00099538 
0.00100505 
0.00101766 
0.00102685 
0.00101708 
0.00097277 
0.000876332 
0.000714642 
0.000484851 
0.000185467 
-0.000185467 
-0.000742805 
0.000742805 
0.00203568 
0.0031783 
0.00437725 
0.00546808 
0.00649639 
0.00738938 
0.00812461 
0.00865493 
0.008888 
0.00868035 
0.00813152 
0.00736849 
0.00641783 
0.00532238 
0.00414799 
0.00299144 
0.00196208 
0.00115493 
0.000600027 
0.00022618 
-0.000117347 
-0.000573791 
-0.00120529 
-0.00199769 
-0.00290352 
-0.00386754 
-0.00482876 
-0.00574173 
-0.00657059 
-0.00728831 
-0.00789735 
-0.0084339 
-0.00895256 
-0.0094905 
-0.0100456 
-0.0105827 
-0.0110555 
-0.0114234 
-0.0116548 
-0.0117281 
-0.0116306 
-0.0113616 
-0.0109306 
-0.0103681 
-0.00971301 
-0.00901923 
-0.00826907 
-0.00753128 
-0.00682839 
-0.00616167 
-0.00552386 
-0.00491187 
-0.00432709 
-0.00376993 
-0.00323828 
-0.0027314 
-0.0022478 
-0.0017908 
-0.00136575 
-0.000975812 
-0.000634191 
-0.000325823 
-8.21208e-05 
8.21208e-05 
-0.00134078 
0.00134078 
0.00378303 
0.00601981 
0.00829409 
0.0104431 
0.0124797 
0.0143165 
0.0158827 
0.0170708 
0.0177561 
0.0178538 
0.0173889 
0.0164969 
0.0152686 
0.0137675 
0.0120634 
0.0102475 
0.00843363 
0.00674597 
0.00527982 
0.00404852 
0.00296111 
0.00187858 
0.000705094 
-0.000578026 
-0.00194599 
-0.00335963 
-0.00476498 
-0.00612811 
-0.0074282 
-0.0086553 
-0.0098315 
-0.0110041 
-0.0122183 
-0.0134838 
-0.0147689 
-0.0160216 
-0.0171896 
-0.0182299 
-0.0191079 
-0.0197963 
-0.0202745 
-0.0205286 
-0.0205485 
-0.0203267 
-0.0198368 
-0.0190456 
-0.0179886 
-0.016757 
-0.0154419 
-0.0141082 
-0.0127911 
-0.0115107 
-0.0102797 
-0.00910505 
-0.00798673 
-0.00692068 
-0.0058985 
-0.00491173 
-0.00395486 
-0.00301726 
-0.00211045 
-0.00120429 
-0.000367496 
0.000367496 
-0.00197987 
0.00197987 
0.00565031 
0.0090367 
0.0123875 
0.0155716 
0.0185632 
0.0212625 
0.0235612 
0.0253252 
0.0264342 
0.0268354 
0.0265342 
0.0256305 
0.0242273 
0.0224104 
0.0202611 
0.0178709 
0.0153525 
0.01284 
0.0104671 
0.00831875 
0.00638325 
0.00456317 
0.00275592 
0.000915919 
-0.000958511 
-0.00285533 
-0.004738 
-0.00658579 
-0.00839778 
-0.0101828 
-0.0119786 
-0.0138323 
-0.0157689 
-0.0177689 
-0.0197806 
-0.0217438 
-0.0236039 
-0.025315 
-0.0268371 
-0.0281349 
-0.0291761 
-0.029929 
-0.0303555 
-0.0304073 
-0.0300111 
-0.0291197 
-0.0278094 
-0.0261749 
-0.0243364 
-0.0224001 
-0.0204421 
-0.0185107 
-0.0166349 
-0.0148299 
-0.0130997 
-0.0114387 
-0.00983392 
-0.00826824 
-0.0067272 
-0.00519099 
-0.00366807 
-0.00212574 
-0.000665325 
0.000665325 
-0.00265257 
0.00265257 
0.00761749 
0.0121928 
0.0165987 
0.0207566 
0.0246156 
0.0280697 
0.030996 
0.0332621 
0.0347615 
0.0354578 
0.0353496 
0.0345017 
0.0330089 
0.0309612 
0.0284475 
0.025562 
0.0224175 
0.0191515 
0.0159184 
0.0128549 
0.0100263 
0.00740039 
0.00489482 
0.0024456 
3.15586e-05 
-0.00236482 
-0.00474153 
-0.00709158 
-0.00943694 
-0.0118048 
-0.0142406 
-0.016781 
-0.0194251 
-0.0221303 
-0.0248333 
-0.0274705 
-0.0299845 
-0.0323229 
-0.0344362 
-0.0362764 
-0.0377954 
-0.0389415 
-0.0396554 
-0.039873 
-0.0395249 
-0.0385801 
-0.0371106 
-0.0352039 
-0.0329871 
-0.0305836 
-0.0280958 
-0.0255964 
-0.0231323 
-0.0207296 
-0.0183984 
-0.0161349 
-0.013925 
-0.011748 
-0.00958515 
-0.00741445 
-0.00524353 
-0.00305232 
-0.000964308 
0.000964308 
-0.00334877 
0.00334877 
0.009657 
0.0154465 
0.0208797 
0.0259341 
0.0305587 
0.0346553 
0.0381079 
0.0408001 
0.0426425 
0.0436019 
0.0436788 
0.0429165 
0.0413887 
0.039175 
0.0363633 
0.0330505 
0.0293511 
0.0254051 
0.0213786 
0.0174426 
0.0137268 
0.0102717 
0.00703744 
0.00395809 
0.000991913 
-0.00190482 
-0.00476859 
-0.0076176 
-0.0104936 
-0.0134406 
-0.0165024 
-0.0196973 
-0.0229995 
-0.0263507 
-0.0296821 
-0.0329279 
-0.0360256 
-0.0389139 
-0.0415316 
-0.0438169 
-0.0457077 
-0.0471401 
-0.0480487 
-0.0483745 
-0.0480662 
-0.0471062 
-0.0455557 
-0.0434927 
-0.0410368 
-0.038311 
-0.0354269 
-0.0324712 
-0.0295046 
-0.0265642 
-0.0236676 
-0.020816 
-0.0179985 
-0.0151974 
-0.0123959 
-0.00957814 
-0.00675726 
-0.00393692 
-0.00124985 
0.00124985 
-0.00405157 
0.00405157 
0.0117204 
0.0187299 
0.0251646 
0.0310464 
0.036345 
0.0409865 
0.0448769 
0.0479232 
0.0500528 
0.0512356 
0.0514675 
0.0507751 
0.0492157 
0.0468575 
0.0437831 
0.0400889 
0.0358903 
0.0313304 
0.0265832 
0.021843 
0.0172883 
0.0130283 
0.00907634 
0.005381 
0.00187974 
-0.00149382 
-0.00481257 
-0.0081321 
-0.0115091 
-0.0150009 
-0.018641 
-0.0224261 
-0.0263091 
-0.0302227 
-0.0340963 
-0.0378621 
-0.0414523 
-0.0447976 
-0.0478267 
-0.0504676 
-0.0526489 
-0.0543019 
-0.0553626 
-0.0557808 
-0.0555212 
-0.0545757 
-0.0529991 
-0.0508612 
-0.0482682 
-0.045334 
-0.0421671 
-0.0388581 
-0.0354751 
-0.0320635 
-0.0286489 
-0.02524 
-0.0218339 
-0.0184212 
-0.0149948 
-0.0115521 
-0.00811944 
-0.00472726 
-0.0015054 
0.0015054 
-0.00472794 
0.00472794 
0.0137099 
0.0218978 
