0 
-0.00147851 
-0.00166724 
9.93112e-05 
0.00305232 
0.00654667 
0.0103802 
0.0143513 
0.0183722 
0.0223888 
0.0263821 
0.0303506 
0.0343023 
0.0382483 
0.0421983 
0.0461579 
0.0501275 
0.0541007 
0.0580646 
0.0619998 
0.065881 
0.0696773 
0.0733532 
0.0768697 
0.0801852 
0.0832566 
0.0860401 
0.0884929 
0.090574 
0.0922453 
0.093473 
0.0942286 
0.0944928 
0.0942486 
0.0934832 
0.0921897 
0.0903675 
0.0880228 
0.0851697 
0.0818311 
0.0780406 
0.0738436 
0.0692983 
0.0644761 
0.0594609 
0.0543475 
0.0492386 
0.04424 
0.0394525 
0.0349574 
0.0307937 
0.0269434 
0.0233467 
0.0199524 
0.0167597 
0.0138109 
0.0111517 
0.00880559 
0.00677669 
0.00505722 
0.00363431 
0.00248418 
0.00157523 
0.000859663 
0.000269631 
0 
0.00147851 
-0.00147851 
-0.00166724 
9.93112e-05 
0.00305232 
0.00654667 
0.0103802 
0.0143513 
0.0183722 
0.0223888 
0.0263821 
0.0303506 
0.0343023 
0.0382483 
0.0421983 
0.0461579 
0.0501275 
0.0541007 
0.0580646 
0.0619998 
0.065881 
0.0696773 
0.0733532 
0.0768697 
0.0801852 
0.0832566 
0.0860401 
0.0884929 
0.090574 
0.0922453 
0.093473 
0.0942286 
0.0944928 
0.0942486 
0.0934832 
0.0921897 
0.0903675 
0.0880228 
0.0851697 
0.0818311 
0.0780406 
0.0738436 
0.0692983 
0.0644761 
0.0594609 
0.0543475 
0.0492386 
0.04424 
0.0394525 
0.0349574 
0.0307937 
0.0269434 
0.0233467 
0.0199524 
0.0167597 
0.0138109 
0.0111517 
0.00880559 
0.00677669 
0.00505722 
0.00363431 
0.00248418 
0.00157523 
0.000859663 
0.000269631 
-0.000269631 
6.06925e-05 
-6.06925e-05 
0.00177291 
0.00390874 
0.00670243 
0.00991189 
0.0133827 
0.0169707 
0.0206007 
0.0242311 
0.0278495 
0.0314593 
0.035072 
0.038701 
0.0423576 
0.0460486 
0.0497748 
0.05353 
0.0573013 
0.0610692 
0.0648075 
0.0684848 
0.0720649 
0.0755078 
0.0787713 
0.0818114 
0.084584 
0.0870458 
0.0891559 
0.0908756 
0.0921718 
0.093008 
0.0933572 
0.0932029 
0.092531 
0.0913336 
0.089609 
0.0873625 
0.0846065 
0.0813623 
0.0776615 
0.0735472 
0.0690758 
0.0643171 
0.0593537 
0.054279 
0.0491938 
0.0442006 
0.039395 
0.0348532 
0.0306151 
0.0266755 
0.0229987 
0.0195568 
0.0163561 
0.0134275 
0.010799 
0.00848236 
0.00647848 
0.00478134 
0.00338239 
0.00226497 
0.00140168 
0.000745817 
0.000229363 
-0.000229363 
-0.00109505 
0.00109505 
0.00327931 
0.0056802 
0.00841343 
0.0113891 
0.0145018 
0.0176671 
0.0208412 
0.0240092 
0.0271757 
0.0303563 
0.0335698 
0.0368339 
0.0401618 
0.0435604 
0.0470296 
0.0505619 
0.0541422 
0.0577487 
0.061353 
0.0649211 
0.0684146 
0.0717914 
0.0750072 
0.0780165 
0.0807737 
0.0832347 
0.0853582 
0.0871062 
0.0884465 
0.0893505 
0.0897916 
0.0897547 
0.0892263 
0.0881982 
0.0866679 
0.0846375 
0.0821151 
0.079116 
0.0756645 
0.0717962 
0.0675594 
0.0630169 
0.0582455 
0.0533339 
0.0483794 
0.043481 
0.0387313 
0.0342039 
0.0299414 
0.0259505 
0.0222179 
0.0187393 
0.0155324 
0.0126223 
0.010024 
0.00774182 
0.00577621 
0.00412673 
0.00279158 
0.00175518 
0.00100094 
0.00048582 
0.000137507 
-0.000137507 
-0.00101899 
0.00101899 
0.003458 
0.00611714 
0.00885238 
0.0116328 
0.0144 
0.0171388 
0.0198489 
0.0225493 
0.0252661 
0.0280282 
0.0308612 
0.0337854 
0.0368135 
0.0399504 
0.0431931 
0.0465308 
0.0499452 
0.0534115 
0.0568984 
0.0603697 
0.0637844 
0.0670987 
0.0702664 
0.0732404 
0.0759739 
0.0784216 
0.0805411 
0.0822942 
0.0836489 
0.0845795 
0.0850639 
0.0850917 
0.0846538 
0.0837462 
0.0823696 
0.0805281 
0.0782291 
0.0754845 
0.0723124 
0.0687392 
0.0648031 
0.0605557 
0.0560632 
0.0514057 
0.0466731 
0.0419587 
0.0373507 
0.0329197 
0.028709 
0.0247342 
0.0210017 
0.0175301 
0.014349 
0.01148 
0.00892821 
0.0066927 
0.00477684 
0.00318315 
0.00192076 
0.00099303 
0.0003912 
7.9303e-05 
-9.41487e-06 
9.41487e-06 
-0.00103195 
0.00103195 
0.00352845 
0.00615665 
0.00870234 
0.0111738 
0.0135435 
0.0158435 
0.0181038 
0.0203681 
0.022677 
0.0250668 
0.0275654 
0.0301916 
0.0329548 
0.0358563 
0.0388896 
0.0420408 
0.0452893 
0.0486085 
0.0519658 
0.0553238 
0.0586408 
0.0618721 
0.0649709 
0.0678894 
0.0705799 
0.0729963 
0.0750951 
0.0768375 
0.0781906 
0.0791301 
0.0796338 
0.0796961 
0.0793119 
0.0784828 
0.0772151 
0.0755174 
0.0734001 
0.0708758 
0.0679599 
0.0646731 
0.0610447 
0.0571154 
0.0529401 
0.0485873 
0.0441369 
0.0396739 
0.035279 
0.0310168 
0.0269275 
0.0230326 
0.0193559 
0.0159366 
0.0128135 
0.0100026 
0.00750155 
0.00530922 
0.00343163 
0.00188936 
0.00070919 
-7.96251e-05 
-0.000479564 
-0.000515194 
-0.000229725 
0.000229725 
-0.000932511 
0.000932511 
0.00330146 
0.00576834 
0.00804502 
0.0101792 
0.0121624 
0.0140613 
0.0159252 
0.0178135 
0.0197735 
0.0218434 
0.0240485 
0.026404 
0.0289156 
0.0315814 
0.0343929 
0.0373356 
0.0403888 
0.0435264 
0.0467164 
0.0499221 
0.0531028 
0.0562145 
0.0592107 
0.0620439 
0.0646663 
0.067031 
0.0690936 
0.0708137 
0.0721571 
0.0730986 
0.0736133 
0.0736993 
0.0733551 
0.072587 
0.0714067 
0.0698279 
0.0678652 
0.0655333 
0.062848 
0.0598272 
0.0564946 
0.0528828 
0.0490363 
0.0450129 
0.0408816 
0.0367169 
0.0325891 
0.0285529 
0.0246423 
0.0208824 
0.017313 
0.0139898 
0.0109541 
0.00821416 
0.00576209 
0.00359996 
0.00174746 
0.00025566 
-0.000822278 
-0.00147014 
-0.00164602 
-0.0013293 
-0.000537203 
0.000537203 
-0.000838922 
0.000838922 
0.00298582 
0.00517308 
0.0071088 
0.00888248 
0.0104958 
0.012035 
0.0135549 
0.0151203 
0.0167767 
0.0185591 
0.020488 
0.0225744 
0.0248215 
0.0272266 
0.0297819 
0.0324744 
0.0352859 
0.0381925 
0.0411648 
0.0441683 
0.0471644 
0.0501108 
0.0529628 
0.0556739 
0.0581967 
0.0604841 
0.0624907 
0.0641745 
0.0654998 
0.0664403 
0.0669684 
0.0670843 
0.0667887 
0.0660907 
0.0650053 
0.0635496 
0.0617408 
0.0595962 
0.0571326 
0.0543675 
0.0513218 
0.0480233 
0.0445094 
0.0408288 
0.0370403 
0.0332069 
0.0293859 
0.0256187 
0.0219303 
0.0183496 
0.0149313 
0.0117409 
0.00881359 
0.00614645 
0.00373044 
0.00157679 
-0.000256055 
-0.00170194 
-0.00271648 
-0.00323585 
-0.0031608 
-0.00238764 
-0.00093548 
0.00093548 
-0.000706973 
0.000706973 
0.00255353 
0.00440568 
0.00598342 
0.00741235 
0.00869294 
0.00991979 
0.0111432 
0.0124257 
0.0138063 
0.0153143 
0.0169653 
0.018768 
0.0207249 
0.0228348 
0.0250928 
0.0274892 
0.0300096 
0.032634 
0.0353367 
0.0380867 
0.0408483 
0.0435823 
0.0462465 
0.0487966 
0.0511866 
0.0533695 
0.0552994 
0.0569331 
0.0582328 
0.0591701 
0.0597138 
0.0598669 
0.0596319 
0.0590208 
0.0580499 
0.0567371 
0.0551002 
0.0531567 
0.0509236 
0.0484186 
0.0456619 
0.0426789 
0.0395028 
0.0361761 
0.0327484 
0.0292707 
0.025785 
0.0223168 
0.0188822 
0.0155157 
0.0122845 
0.00925395 
0.00644366 
0.00384055 
0.00143709 
-0.000717142 
-0.00255129 
-0.0040087 
-0.00499785 
-0.00538049 
-0.00495358 
-0.00358504 
-0.00136603 
0.00136603 
-0.000569212 
0.000569212 
0.00207853 
0.00356394 
0.00478542 
0.00589007 
0.00687114 
0.00782183 
0.00878089 
0.00980391 
0.0109205 
0.0121543 
0.013517 
0.0150165 
0.0166564 
0.0184385 
0.0203614 
0.0224198 
0.024604 
0.0268987 
0.0292829 
0.0317298 
0.0342081 
0.0366822 
0.0391134 
0.0414605 
0.04368 
0.0457259 
0.0475525 
0.0491159 
0.0503773 
0.0513061 
0.0518696 
0.0520725 
0.0519188 
0.0514211 
0.0505947 
0.0494554 
0.0480192 
0.046302 
0.0443199 
0.0420906 
0.0396347 
0.0369772 
0.0341497 
0.0311901 
0.02814 
0.0250374 
0.0219072 
0.018758 
0.0155999 
0.012476 
0.00946056 
0.00660538 
0.00390943 
0.00134939 
-0.00105354 
-0.00323375 
-0.00512803 
-0.00663406 
-0.00757312 
-0.00770011 
-0.00672692 
-0.00467207 
-0.00172802 
0.00172802 
-0.000421996 
0.000421996 
0.00157516 
0.00268909 
0.003575 
0.00438189 
0.0050946 
0.00579728 
0.0065143 
0.00729159 
0.0081491 
0.00910556 
0.0101703 
0.0113513 
0.0126542 
0.0140837 
0.0156422 
0.0173292 
0.01914 
0.0210647 
0.0230876 
0.0251874 
0.0273375 
0.0295069 
0.0316613 
0.0337634 
0.0357732 
0.0376473 
0.0393407 
0.0408104 
0.0420178 
0.04293 
0.043515 
0.0437798 
0.04373 
0.0433758 
0.0427279 
0.0417968 
0.0405941 
0.0391324 
0.0374266 
0.0354943 
0.0333571 
0.0310413 
0.028578 
0.0260018 
0.023346 
0.0206342 
0.0178727 
0.0150549 
0.0121908 
0.00933382 
0.00655412 
0.00387792 
0.0012802 
-0.00125342 
-0.00367855 
-0.00592938 
-0.00790424 
-0.00940014 
-0.0101243 
-0.00974984 
-0.00810472 
-0.00543485 
-0.00196285 
0.00196285 
-0.000275905 
0.000275905 
0.00107398 
0.00182548 
0.00240157 
0.00293374 
0.00340279 
0.00387719 
0.00436746 
0.00490814 
0.00551058 
0.00618945 
0.00695247 
0.00780801 
0.00876352 
0.00982617 
0.011002 
0.0122949 
0.0137053 
0.0152289 
0.0168564 
0.0185723 
0.0203559 
0.0221811 
0.0240181 
0.0258344 
0.0275948 
0.0292598 
0.0307867 
0.032134 
0.0332652 
0.0341484 
0.0347605 
0.0351081 
0.0351926 
0.0350159 
0.0345802 
0.0338889 
0.0329484 
0.0317682 
0.030362 
0.028748 
0.0269497 
0.0249948 
0.0229147 
0.02074 
0.0184942 
0.0161845 
0.0137984 
0.01132 
0.00876597 
0.00619644 
0.00366234 
0.0011555 
-0.00136476 
-0.00389034 
-0.00636392 
-0.0086871 
-0.0106629 
-0.0119563 
-0.0122133 
-0.0111683 
-0.00894347 
-0.00585347 
-0.00208338 
0.00208338 
-0.00013205 
0.00013205 
0.000586874 
0.000995502 
0.00128892 
0.00156728 
0.00181323 
0.00207475 
0.00235119 
0.00266458 
0.0030194 
0.00342645 
0.00389221 
0.00442517 
0.00503384 
0.00572724 
0.00651432 
0.00740267 
0.00839771 
0.00950114 
0.01071 
0.0120157 
0.0134039 
0.0148539 
0.0163408 
0.0178371 
0.0193134 
0.020737 
0.0220685 
0.0232696 
0.0243052 
0.0251518 
0.0258043 
0.0262571 
0.0265007 
0.0265246 
0.0263216 
0.0258885 
0.0252273 
0.0243453 
0.0232558 
0.0219783 
0.0205378 
0.018964 
0.0172869 
0.0155312 
0.0137077 
0.0118053 
0.0097962 
0.00766385 
0.00543659 
0.00316882 
0.000877862 
-0.00148291 
-0.00394515 
-0.0064751 
-0.00898847 
-0.0113041 
-0.0130978 
-0.0139544 
-0.0135871 
-0.011929 
-0.00932762 
-0.0060117 
-0.00212203 
0.00212203 
7.20505e-06 
-7.20505e-06 
0.000124329 
0.000215212 
0.000250421 
0.000293636 
0.000333349 
0.000395098 
0.000470429 
0.000568207 
0.00068772 
0.000835548 
0.00101704 
0.00124002 
0.00151334 
0.00184694 
0.00225175 
0.00273846 
0.0033169 
0.00399438 
0.00477453 
0.00565615 
0.00663163 
0.00768669 
0.00880241 
0.00995645 
0.011125 
0.0122843 
0.013404 
0.0144527 
0.015394 
0.016215 
0.0169211 
0.0174857 
0.0178896 
0.0181126 
0.0181404 
0.0179652 
0.0175856 
0.0170075 
0.0162443 
0.0153168 
0.0142513 
0.0130773 
0.0118212 
0.0104979 
0.00910212 
0.00760526 
0.00597204 
0.00419447 
0.00230896 
0.0003477 
-0.00172314 
-0.00396171 
-0.00637315 
-0.00889513 
-0.0113816 
-0.0135381 
-0.0149478 
-0.0152293 
-0.0142627 
-0.0121856 
-0.00938057 
-0.00598453 
-0.00210103 
0.00210103 
0.000147257 
-0.000147257 
-0.000314676 
-0.00050835 
-0.000708987 
-0.000882416 
-0.00103443 
-0.00116031 
-0.00127319 
-0.00137687 
-0.00147584 
-0.00156838 
-0.00165053 
-0.00171601 
-0.00175639 
-0.00176169 
-0.00171993 
-0.00161817 
-0.001443 
-0.00118214 
-0.000825765 
-0.000368454 
0.000190237 
0.000844304 
0.00158223 
0.00238709 
0.00323999 
0.00412525 
0.00502521 
0.00592579 
0.0067936 
0.00760994 
0.00836609 
0.00902518 
0.00956676 
0.00996692 
0.0102072 
0.0102763 
0.0101705 
0.00989492 
0.00946301 
0.00889605 
0.00822028 
0.00746193 
0.00663939 
0.00575374 
0.00478158 
0.00368237 
0.00242495 
0.00101452 
-0.000521864 
-0.00219581 
-0.00407442 
-0.00620147 
-0.0085504 
-0.0110157 
-0.0133622 
-0.0151994 
-0.0161009 
-0.0158143 
-0.0143866 
-0.0120869 
-0.00919041 
-0.00582006 
-0.00203444 
0.00203444 
0.000287517 
-0.000287517 
-0.000727923 
-0.00117332 
-0.00159063 
-0.00196332 
-0.00229436 
-0.00259481 
-0.0028817 
-0.00316933 
-0.00346593 
-0.0037747 
-0.00409378 
-0.00441907 
-0.00474335 
-0.00505736 
-0.00534893 
-0.00560374 
-0.00580557 
-0.00593781 
-0.00598489 
-0.00593453 
-0.00577863 
-0.00551409 
-0.00514431 
-0.00467897 
-0.00413128 
-0.00351208 
-0.00283272 
-0.00209261 
-0.00131184 
-0.000509471 
0.000283921 
0.00102101 
0.00167932 
0.00223418 
0.00266582 
0.00296259 
0.00312009 
0.00314336 
0.00304598 
0.00284844 
0.00257379 
0.00224088 
0.00185514 
0.00140052 
0.00083894 
0.000127575 
-0.00075217 
-0.00178956 
-0.00298898 
-0.00440596 
-0.00611088 
-0.00811921 
-0.0103708 
-0.0127005 
-0.0147871 
-0.0162016 
-0.0165865 
-0.0158428 
-0.0141283 
-0.0117272 
-0.0088191 
-0.0055497 
-0.00193211 
0.00193211 
0.000420537 
-0.000420537 
-0.00111024 
-0.00178383 
-0.00240169 
-0.00295868 
-0.00345606 
-0.00391625 
-0.0043599 
-0.00481006 
-0.00527904 
-0.00577495 
-0.0062986 
-0.00684857 
-0.00741954 
-0.00800386 
-0.0085901 
-0.00916369 
-0.00970672 
-0.0101991 
-0.01062 
-0.0109497 
-0.0111718 
-0.0112748 
-0.0112533 
-0.0111082 
-0.0108453 
-0.0104713 
-0.00999509 
-0.00941743 
-0.00875041 
-0.00801107 
-0.0072176 
-0.00643334 
-0.00568033 
-0.00498891 
-0.00437969 
-0.00386466 
-0.00344796 
-0.00312451 
-0.00288176 
-0.00270263 
-0.0025713 
-0.00248107 
-0.00244252 
-0.00248671 
-0.00265656 
-0.00298575 
-0.00348414 
-0.00415751 
-0.00504932 
-0.00623538 
-0.00776774 
-0.00963215 
-0.0117307 
-0.0138362 
-0.0155759 
-0.0165457 
-0.0164946 
-0.0154437 
-0.0135823 
-0.0111568 
-0.00830047 
-0.00519186 
-0.00179984 
0.00179984 
0.000544197 
-0.000544197 
-0.00146179 
-0.00234475 
-0.00314883 
-0.00387682 
-0.00452814 
-0.00513298 
-0.00571498 
-0.00630445 
-0.00691801 
-0.00756862 
-0.00826021 
-0.00899427 
-0.00976786 
-0.0105755 
-0.0114076 
-0.0122505 
-0.013086 
-0.0138922 
-0.0146445 
-0.0153173 
-0.0158864 
-0.0163315 
-0.0166374 
-0.0167959 
-0.0168044 
-0.0166642 
-0.0163806 
-0.0159567 
-0.0154039 
-0.0147448 
-0.0139821 
-0.0131822 
-0.0123634 
-0.0115582 
-0.0107876 
-0.0100647 
-0.0093942 
-0.00877262 
-0.00819124 
-0.00764011 
-0.0071145 
-0.00662194 
-0.00618676 
-0.00584694 
-0.00564085 
-0.00559331 
-0.00572046 
-0.0060571 
-0.00667335 
-0.00764068 
-0.00898483 
-0.0106639 
-0.0125422 
-0.0143484 
-0.0157049 
-0.0162763 
-0.0159133 
-0.0146992 
-0.0127892 
-0.0103978 
-0.00764931 
-0.0047549 
-0.00164023 
0.00164023 
0.000658038 
-0.000658038 
-0.00178396 
-0.00285989 
-0.0038372 
-0.00472443 
-0.00551828 
-0.0062537 
-0.00695625 
-0.00766205 
-0.00839211 
-0.00916412 
-0.00998539 
-0.0108604 
-0.0117889 
-0.012768 
-0.0137904 
-0.0148446 
-0.0159139 
-0.0169762 
-0.018005 
-0.0189711 
-0.019844 
-0.0205952 
-0.0212007 
-0.0216423 
-0.0219089 
-0.0219955 
-0.0219031 
-0.0216348 
-0.0212005 
-0.0206259 
-0.0199051 
-0.0191043 
-0.0182372 
-0.017335 
-0.0164179 
-0.0154995 
-0.0145864 
-0.013679 
-0.012775 
-0.0118743 
-0.0109842 
-0.0101243 
-0.00932646 
-0.00862805 
-0.0080616 
-0.00765326 
-0.00743778 
-0.00747489 
-0.00784028 
-0.00858596 
-0.00971221 
-0.0111534 
-0.0127454 
-0.0142031 
-0.0151858 
-0.0154425 
-0.0148953 
-0.0136378 
-0.0117485 
-0.00944477 
-0.00686313 
-0.00423785 
-0.00145315 
0.00145315 
0.000762331 
-0.000762331 
-0.0020783 
-0.00333198 
-0.00447037 
-0.00550635 
-0.00643274 
-0.00728665 
-0.00809407 
-0.00889539 
-0.00971565 
-0.0105771 
-0.0114907 
-0.0124639 
-0.013499 
-0.0145958 
-0.0157497 
-0.0169522 
-0.0181891 
-0.0194402 
-0.0206797 
-0.0218768 
-0.0229975 
-0.0240075 
-0.0248745 
-0.0255713 
-0.0260775 
-0.0263802 
-0.0264746 
-0.0263612 
-0.0260481 
-0.0255612 
-0.0248896 
-0.0240972 
-0.0231937 
-0.0222083 
-0.0211598 
-0.0200629 
-0.018927 
-0.0177581 
-0.0165618 
-0.0153479 
-0.0141339 
-0.0129467 
-0.0118202 
-0.0107898 
-0.00988827 
-0.00915306 
-0.00863789 
-0.00841226 
-0.00853963 
-0.00904797 
-0.0099169 
-0.0110639 
-0.0123137 
-0.0133997 
-0.0140442 
-0.014076 
-0.0134523 
-0.0122385 
-0.010427 
-0.00827187 
-0.00592753 
-0.00363332 
-0.0012364 
0.0012364 
0.000857305 
-0.000857305 
-0.0023456 
-0.00376218 
-0.00504983 
-0.00622495 
-0.00727549 
-0.00823838 
-0.00913826 
-0.010018 
-0.0109059 
-0.0118285 
-0.0128004 
-0.013832 
-0.0149281 
-0.0160909 
-0.0173186 
-0.0186058 
-0.0199415 
-0.021309 
-0.0226851 
-0.0240403 
-0.0253401 
-0.026547 
-0.0276235 
-0.0285348 
-0.0292516 
-0.0297524 
-0.0300245 
-0.0300628 
-0.0298715 
-0.029474 
-0.0288568 
-0.0280803 
-0.0271517 
-0.0260979 
-0.0249369 
-0.0236851 
-0.0223554 
-0.0209597 
-0.0195113 
-0.0180281 
-0.0165345 
-0.0150612 
-0.013643 
-0.0123167 
-0.0111223 
-0.01011 
-0.00934271 
-0.00888338 
-0.00877433 
-0.0090216 
-0.00959022 
-0.0103901 
-0.0112554 
-0.0119631 
-0.0123102 
-0.0121908 
-0.01157 
-0.0104516 
-0.00876966 
-0.00684307 
-0.00482279 
-0.00293137 
-0.000987306 
0.000987306 
0.000942958 
-0.000942958 
-0.00258569 
-0.00414987 
-0.00557456 
-0.00687951 
-0.0080471 
-0.00911217 
-0.010096 
-0.0110419 
-0.0119802 
-0.012941 
-0.0139425 
-0.0149982 
-0.0161152 
-0.0172978 
-0.0185466 
-0.019859 
-0.0212276 
-0.0226395 
-0.0240757 
-0.0255101 
-0.0269106 
-0.0282403 
-0.0294594 
-0.0305286 
-0.0314117 
-0.0320789 
-0.032509 
-0.032689 
-0.0326169 
-0.0323103 
-0.0317534 
-0.0310019 
-0.0300615 
-0.0289577 
-0.0277082 
-0.0263311 
-0.0248434 
-0.0232621 
-0.0216069 
-0.0199017 
-0.0181753 
-0.0164617 
-0.0147985 
-0.0132276 
-0.0117975 
-0.0105648 
-0.00958866 
-0.00891512 
-0.00856418 
-0.00852473 
-0.00875312 
-0.00916206 
-0.00961193 
-0.00993816 
-0.0100138 
-0.00978471 
-0.00921678 
-0.00823361 
-0.00672616 
-0.00512954 
-0.00353436 
-0.00212506 
-0.000704417 
0.000704417 
0.00101894 
-0.00101894 
-0.00279734 
-0.00449259 
-0.00604089 
-0.00746574 
-0.00874382 
-0.0099065 
-0.0109699 
-0.0119751 
-0.0129529 
-0.0139359 
-0.0149453 
-0.0159979 
-0.0171033 
-0.0182675 
-0.0194932 
-0.0207799 
-0.0221234 
-0.0235146 
-0.0249389 
-0.0263751 
-0.0277956 
-0.0291667 
-0.0304503 
-0.031606 
-0.0325943 
-0.0333793 
-0.0339321 
-0.0342315 
-0.0342673 
-0.0340488 
-0.0335577 
-0.0328418 
-0.0319061 
-0.0307743 
-0.0294646 
-0.0279969 
-0.0263914 
-0.0246697 
-0.0228565 
-0.0209803 
-0.0190741 
-0.0171755 
-0.0153267 
-0.013575 
-0.0119726 
-0.0105734 
-0.00942317 
-0.00854788 
-0.00794842 
-0.00760152 
-0.0074601 
-0.00744822 
-0.00746257 
-0.00739961 
-0.0072032 
-0.00686308 
-0.00635812 
-0.00552139 
-0.00426632 
-0.00312119 
-0.00206176 
-0.00121577 
-0.000389266 
0.000389266 
0.00108458 
-0.00108458 
-0.00297832 
-0.00478619 
-0.00644255 
-0.0079756 
-0.00935688 
-0.0106136 
-0.0117551 
-0.0128183 
-0.0138316 
-0.0148285 
-0.0158328 
-0.0168638 
-0.0179337 
-0.0190509 
-0.0202195 
-0.021441 
-0.0227134 
-0.0240309 
-0.0253828 
-0.026753 
-0.0281191 
-0.0294528 
-0.0307202 
-0.0318838 
-0.032904 
-0.033743 
-0.0343668 
-0.0347475 
-0.034867 
-0.0347246 
-0.034299 
-0.0336266 
-0.0327116 
-0.0315752 
-0.0302357 
-0.0287146 
-0.0270346 
-0.0252212 
-0.0233031 
-0.0213128 
-0.0192875 
-0.0172686 
-0.0153018 
-0.0134363 
-0.0117212 
-0.0102003 
-0.00890242 
-0.00783537 
-0.00698559 
-0.0063219 
-0.00579766 
-0.00535253 
-0.00492112 
-0.00445431 
-0.00395956 
-0.00346184 
-0.00299625 
-0.00226912 
-0.00142353 
-0.000852556 
-0.000431815 
-0.00022036 
-4.8805e-05 
4.8805e-05 
0.00113896 
-0.00113896 
-0.00312582 
-0.00502539 
-0.00677133 
-0.00839784 
-0.00987261 
-0.011219 
-0.0124387 
-0.0135623 
-0.0146136 
-0.0156244 
-0.0166194 
-0.0176199 
-0.0186408 
-0.0196925 
-0.0207812 
-0.02191 
-0.0230789 
-0.0242846 
-0.0255196 
-0.0267721 
-0.0280247 
-0.0292549 
-0.0304346 
-0.031531 
-0.0325086 
-0.0333306 
-0.033962 
-0.0343716 
-0.0345353 
-0.0344437 
-0.0340728 
-0.0334448 
-0.0325619 
-0.0314418 
-0.0301022 
-0.0285651 
-0.0268553 
-0.0250011 
-0.0230344 
-0.0209911 
-0.0189115 
-0.0168392 
-0.0148202 
-0.0129006 
-0.0111215 
-0.00951321 
-0.00808891 
-0.00684235 
-0.0057503 
-0.00477739 
-0.00388023 
-0.00301867 
-0.00215841 
-0.00128286 
-0.000445882 
0.000306774 
0.000862323 
0.00145325 
0.00166378 
0.00158515 
0.00129927 
0.000826875 
0.000303993 
-0.000303993 
0.00118109 
-0.00118109 
-0.00323696 
-0.00520479 
-0.00701846 
-0.00871954 
-0.0102738 
-0.011702 
-0.0129985 
-0.0141864 
-0.0152826 
-0.0163146 
-0.0173053 
-0.0182769 
-0.0192458 
-0.0202246 
-0.0212218 
-0.0222425 
-0.0232886 
-0.0243591 
-0.0254492 
-0.0265506 
-0.0276501 
-0.0287303 
-0.0297688 
-0.0307388 
-0.0316101 
-0.0323504 
-0.0329271 
-0.033309 
-0.0334697 
-0.0333927 
-0.0330532 
-0.0324593 
-0.0316107 
-0.0305206 
-0.0292049 
-0.0276854 
-0.0259876 
-0.0241412 
-0.0221802 
-0.0201422 
-0.0180684 
-0.0160017 
-0.0139849 
-0.0120573 
-0.0102497 
-0.00857963 
-0.00704831 
-0.00564023 
-0.00432685 
-0.00307266 
-0.00184112 
-0.000603547 
0.000656398 
0.00192243 
0.00311015 
0.00412582 
0.00485677 
0.00515334 
0.00476561 
0.00402954 
0.0030416 
0.00187363 
0.000653122 
-0.000653122 
0.00121017 
-0.00121017 
-0.00330974 
-0.00532044 
-0.00717683 
-0.00892897 
-0.0105429 
-0.012039 
-0.0134058 
-0.014659 
-0.0158076 
-0.0168723 
-0.0178716 
-0.0188256 
-0.0197509 
-0.0206614 
-0.0215675 
-0.0224766 
-0.0233929 
-0.0243179 
-0.0252498 
-0.0261833 
-0.027109 
-0.0280135 
-0.0288795 
-0.0296856 
-0.0304072 
-0.0310175 
-0.0314881 
-0.0317912 
-0.031901 
-0.0317984 
-0.03146 
-0.030882 
-0.0300614 
-0.0290065 
-0.0277309 
-0.0262544 
-0.0246022 
-0.0228038 
-0.0208932 
-0.0189076 
-0.0168862 
-0.0148687 
-0.0128921 
-0.0109871 
-0.00917489 
-0.00746309 
-0.00584494 
-0.00429989 
-0.00279813 
-0.00130609 
0.000208885 
0.00177615 
0.00339016 
0.00499034 
0.00645654 
0.00764442 
0.00841447 
0.00842909 
0.00760313 
0.00629342 
0.00467199 
0.00285556 
0.000980027 
-0.000980027 
0.00122582 
-0.00122582 
-0.00334395 
-0.00537167 
-0.00724403 
-0.00901975 
-0.0106673 
-0.0122092 
-0.0136309 
-0.0149428 
-0.016146 
-0.0172535 
-0.0182771 
-0.0192321 
-0.0201325 
-0.0209915 
-0.02182 
-0.0226269 
-0.023419 
-0.0242005 
-0.024973 
-0.0257346 
-0.0264799 
-0.0271995 
-0.0278802 
-0.0285054 
-0.0290557 
-0.0295092 
-0.029843 
-0.0300333 
-0.0300577 
-0.0298964 
-0.0295287 
-0.028944 
-0.0281377 
-0.0271141 
-0.0258839 
-0.0244644 
-0.0228786 
-0.0211544 
-0.0193234 
-0.0174203 
-0.0154803 
-0.0135377 
-0.0116226 
-0.00975797 
-0.00795696 
-0.00622048 
-0.00453734 
-0.00288504 
-0.00123505 
0.00044677 
0.00219365 
0.00402534 
0.00591055 
0.00775174 
0.009394 
0.0106503 
0.0113433 
0.011133 
0.00998155 
0.00822612 
0.00608554 
0.00371526 
0.00126729 
-0.00126729 
0.00122853 
-0.00122853 
-0.00334241 
-0.00536334 
-0.00722576 
-0.00899595 
-0.0106461 
-0.0122033 
-0.0136537 
-0.0150052 
-0.0162535 
-0.0174048 
-0.0184634 
-0.0194382 
-0.0203377 
-0.0211715 
-0.0219486 
-0.0226774 
-0.0233656 
-0.0240198 
-0.0246446 
-0.0252425 
-0.0258125 
-0.0263499 
-0.0268462 
-0.027289 
-0.027663 
-0.027951 
-0.028134 
-0.0281929 
-0.028109 
-0.0278649 
-0.0274446 
-0.0268347 
-0.026029 
-0.0250289 
-0.0238423 
-0.0224835 
-0.0209723 
-0.0193335 
-0.0175953 
-0.0157878 
-0.0139414 
-0.0120841 
-0.0102396 
-0.00842423 
-0.00664548 
-0.00490022 
-0.00317531 
-0.00144857 
0.000308058 
0.00213042 
0.00404579 
0.0060607 
0.00812222 
0.0101039 
0.0118214 
0.0130585 
0.013607 
0.0132003 
0.0118209 
0.00975075 
0.00722211 
0.00441646 
0.00150337 
-0.00150337 
0.00121894 
-0.00121894 
-0.00331137 
-0.00530728 
-0.00713859 
-0.00887685 
-0.0104979 
-0.0120349 
-0.0134774 
-0.0148351 
-0.0161023 
-0.0172813 
-0.0183707 
-0.0193731 
-0.0202905 
-0.0211268 
-0.021886 
-0.0225728 
-0.0231928 
-0.023752 
-0.0242568 
-0.0247127 
-0.0251237 
-0.0254907 
-0.025811 
-0.0260777 
-0.0262803 
-0.0264057 
-0.026439 
-0.026365 
-0.0261684 
-0.0258344 
-0.0253497 
-0.0247013 
-0.0238832 
-0.0228955 
-0.021744 
-0.0204401 
-0.0190003 
-0.0174454 
-0.0157993 
-0.0140873 
-0.0123341 
-0.0105622 
-0.00878952 
-0.0070275 
-0.00527978 
-0.00354119 
-0.00179844 
-2.99817e-05 
0.00179299 
0.00370165 
0.00571672 
0.00783148 
0.00997547 
0.0120022 
0.013708 
0.0148637 
0.0152511 
0.0146813 
0.0131402 
0.0108617 
0.00806646 
0.00494638 
0.00168369 
-0.00168369 
0.0012009 
-0.0012009 
-0.00326222 
-0.00522315 
-0.00701124 
-0.00869923 
-0.0102654 
-0.0117482 
-0.0131424 
-0.0144628 
-0.0157064 
-0.0168762 
-0.0179693 
-0.0189847 
-0.0199197 
-0.0207724 
-0.0215406 
-0.022223 
-0.0228195 
-0.0233316 
-0.0237629 
-0.0241186 
-0.0244053 
-0.024629 
-0.0247935 
-0.0248992 
-0.024942 
-0.024914 
-0.0248042 
-0.0246002 
-0.0242897 
-0.0238608 
-0.0233042 
-0.0226104 
-0.0217726 
-0.0207898 
-0.0196656 
-0.0184085 
-0.0170318 
-0.0155526 
-0.0139906 
-0.0123663 
-0.0106996 
-0.00900786 
-0.00730476 
-0.00559812 
-0.00388934 
-0.0021726 
-0.000434956 
0.00134557 
0.00319326 
0.00513436 
0.00718234 
0.00931847 
0.0114598 
0.0134493 
0.0150762 
0.0161121 
0.0163452 
0.0156454 
0.0139961 
0.0115922 
0.00863414 
0.00531052 
0.00180951 
-0.00180951 
0.00118564 
-0.00118564 
-0.00321162 
-0.00513778 
-0.00688241 
-0.00851492 
-0.0100134 
-0.0114191 
-0.0127315 
-0.0139717 
-0.0151423 
-0.0162511 
-0.0172984 
-0.0182846 
-0.0192063 
-0.0200595 
-0.0208378 
-0.0215343 
-0.0221418 
-0.0226544 
-0.0230681 
-0.0233822 
-0.0235995 
-0.0237263 
-0.0237704 
-0.0237396 
-0.0236387 
-0.0234685 
-0.0232249 
-0.0229006 
-0.0224863 
-0.0219725 
-0.0213506 
-0.0206126 
-0.0197505 
-0.0187643 
-0.0176569 
-0.0164349 
-0.0151086 
-0.0136922 
-0.0122016 
-0.0106532 
-0.00906295 
-0.00744417 
-0.00580713 
-0.00415726 
-0.00249487 
-0.000813909 
0.000899195 
0.00266221 
0.00449539 
0.00641939 
0.00844004 
0.0105291 
0.0125965 
0.014484 
0.0159833 
0.0168779 
0.016971 
0.0161718 
0.0144588 
0.0119949 
0.00895845 
0.00552622 
0.00188607 
-0.00188607 
0.00117773 
-0.00117773 
-0.00318032 
-0.00508016 
-0.00679464 
-0.00838175 
-0.00981786 
-0.0111427 
-0.0123587 
-0.0134913 
-0.0145492 
-0.015547 
-0.0164912 
-0.0173878 
-0.0182381 
-0.019041 
-0.0197911 
-0.0204804 
-0.0210981 
-0.0216317 
-0.022069 
-0.0223991 
-0.0226151 
-0.022715 
-0.0227026 
-0.0225867 
-0.0223788 
-0.0220897 
-0.0217264 
-0.0212895 
-0.0207747 
-0.0201745 
-0.0194819 
-0.0186935 
-0.0178043 
-0.016812 
-0.0157165 
-0.0145222 
-0.0132365 
-0.0118719 
-0.0104416 
-0.00895859 
-0.0074357 
-0.00588326 
-0.00430933 
-0.00271787 
-0.00110853 
0.000525699 
0.00219531 
0.00391376 
0.00569783 
0.00756183 
0.00950456 
0.011491 
0.0134295 
0.0151671 
0.0165068 
0.0172488 
0.0172171 
0.0163373 
0.0146014 
0.0121282 
0.00908068 
0.00561701 
0.00192081 
-0.00192081 
0.00117727 
-0.00117727 
-0.00318565 
-0.00507792 
-0.00678518 
-0.00835027 
-0.00974601 
-0.0110076 
-0.0121371 
-0.0131616 
-0.0140938 
-0.0149534 
-0.0157533 
-0.0165067 
-0.0172223 
-0.0179057 
-0.0185582 
-0.0191767 
-0.019753 
-0.0202747 
-0.0207261 
-0.021089 
-0.0213456 
-0.0214805 
-0.0214841 
-0.0213541 
-0.0210972 
-0.0207276 
-0.0202635 
-0.0197216 
-0.0191121 
-0.0184369 
-0.0176908 
-0.0168676 
-0.0159585 
-0.0149568 
-0.0138653 
-0.0126883 
-0.0114305 
-0.0101037 
-0.00872006 
-0.00729049 
-0.00582541 
-0.0043327 
-0.00281893 
-0.00128677 
0.000265394 
0.00184251 
0.00345122 
0.00510242 
0.0068085 
0.0085777 
0.0104029 
0.0122451 
0.0140153 
0.0155711 
0.0167321 
0.0173174 
0.0171736 
0.0162312 
0.014498 
0.0120539 
0.00904495 
0.00560891 
0.00192219 
-0.00192219 
0.00118822 
-0.00118822 
-0.00323118 
-0.00515122 
-0.0068768 
-0.00845083 
-0.00983756 
-0.0110673 
-0.0121399 
-0.0130811 
-0.0139049 
-0.0146334 
-0.0152835 
-0.0158733 
-0.0164177 
-0.0169297 
-0.0174188 
-0.0178901 
-0.0183438 
-0.0187748 
-0.0191722 
-0.0195195 
-0.0197962 
-0.0199791 
-0.0200448 
-0.019974 
-0.0197548 
-0.0193871 
-0.0188835 
-0.0182678 
-0.0175675 
-0.0168043 
-0.0159866 
-0.0151085 
-0.0141643 
-0.0131508 
-0.0120642 
-0.0109005 
-0.00966229 
-0.0083665 
-0.00702373 
-0.00564118 
-0.00422861 
-0.00279155 
-0.00133595 
0.000137184 
0.00162771 
0.0031375 
0.00467134 
0.0062371 
0.00784255 
0.00949054 
0.0111694 
0.0128388 
0.0144155 
0.0157706 
0.0167435 
0.0171732 
0.0169269 
0.0159381 
0.0142217 
0.0118318 
0.0088945 
0.00552787 
0.00189866 
-0.00189866 
0.00121192 
-0.00121192 
-0.00331671 
-0.00529985 
-0.00707465 
-0.00868761 
-0.0100966 
-0.0113279 
-0.0123782 
-0.0132714 
-0.0140212 
-0.0146502 
-0.0151767 
-0.015621 
-0.016001 
-0.016334 
-0.0166347 
-0.0169154 
-0.0171844 
-0.0174459 
-0.0176988 
-0.017936 
-0.0181446 
-0.0183053 
-0.0183936 
-0.0183813 
-0.0182396 
-0.0179442 
-0.0174813 
-0.0168547 
-0.0160893 
-0.0152276 
-0.0143181 
-0.0133904 
-0.0124438 
-0.0114342 
-0.0103448 
-0.00918904 
-0.00796145 
-0.00668068 
-0.00536346 
-0.0040167 
-0.0026477 
-0.00126011 
0.000141861 
0.00155632 
0.00298067 
0.00441577 
0.00586449 
0.00733127 
0.00881967 
0.0103281 
0.0118416 
0.0133208 
0.0146902 
0.0158361 
0.0166185 
0.016896 
0.0165543 
0.0155297 
0.013837 
0.0115149 
0.00866857 
0.00539756 
0.00185811 
-0.00185811 
0.00124723 
-0.00124723 
-0.00344064 
-0.00551161 
-0.00736998 
-0.00904457 
-0.0105021 
-0.0117605 
-0.0128164 
-0.0136908 
-0.0143977 
-0.0149599 
-0.0153969 
-0.0157302 
-0.0159789 
-0.0161617 
-0.0162955 
-0.0163952 
-0.0164735 
-0.0165401 
-0.0166011 
-0.0166589 
-0.0167112 
-0.0167503 
-0.0167628 
-0.0167289 
-0.0166223 
-0.0164116 
-0.0160633 
-0.0155483 
-0.0148514 
-0.0139803 
-0.0129735 
-0.0118932 
-0.0108042 
-0.00973675 
-0.00865243 
-0.0074986 
-0.00625557 
-0.00498466 
-0.00370137 
-0.00239141 
-0.00106657 
0.00027454 
0.00162362 
0.00297757 
0.00433245 
0.00568782 
0.00704401 
0.00840233 
0.00976266 
0.0111199 
0.0124574 
0.013738 
0.0148949 
0.0158302 
0.016424 
0.016554 
0.0161212 
0.0150659 
0.0133969 
0.0111475 
0.00840031 
0.00523835 
0.00180736 
-0.00180736 
0.00129322 
-0.00129322 
-0.00359767 
-0.00577784 
-0.00774134 
-0.0095007 
-0.0110259 
-0.0123294 
-0.0134083 
-0.0142811 
-0.0149625 
-0.0154764 
-0.0158446 
-0.0160905 
-0.0162353 
-0.0162994 
-0.0163004 
-0.0162545 
-0.016175 
-0.0160731 
-0.0159572 
-0.0158331 
-0.0157036 
-0.0155686 
-0.0154246 
-0.0152642 
-0.0150748 
-0.0148373 
-0.0145253 
-0.0141046 
-0.0135371 
-0.012787 
-0.0118358 
-0.0106979 
-0.00944738 
-0.00818418 
-0.0070315 
-0.00586052 
-0.00461992 
-0.00334353 
-0.00206386 
-0.000776414 
0.000516826 
0.00181632 
0.00311474 
0.00440871 
0.00569333 
0.00696624 
0.00822545 
0.00946946 
0.0106952 
0.0118952 
0.0130523 
0.0141323 
0.0150778 
0.015806 
0.0162159 
0.0162028 
0.0156814 
0.0145959 
0.0129483 
0.010765 
0.00811718 
0.00506709 
0.00175213 
-0.00175213 
0.00134873 
-0.00134873 
-0.00378363 
-0.00609176 
-0.00817663 
-0.0100425 
-0.0116491 
-0.0130122 
-0.0141246 
-0.0150049 
-0.0156675 
-0.0161382 
-0.0164419 
-0.0166057 
-0.0166546 
-0.0166118 
-0.0164976 
-0.0163296 
-0.0161221 
-0.0158868 
-0.0156322 
-0.0153643 
-0.0150864 
-0.0147995 
-0.0145029 
-0.0141941 
-0.0138691 
-0.013522 
-0.0131432 
-0.0127187 
-0.0122285 
-0.0116452 
-0.0109351 
-0.0100592 
-0.00898334 
-0.00769288 
-0.00622482 
-0.00464652 
-0.00308809 
-0.00167181 
-0.000405801 
0.000863835 
0.00212446 
0.00338432 
0.00463395 
0.00586881 
0.00708255 
0.00827091 
0.00942983 
0.0105556 
0.0116431 
0.0126832 
0.0136592 
0.0145408 
0.0152795 
0.0158064 
0.016038 
0.0158857 
0.0152762 
0.0141573 
0.0125254 
0.0103973 
0.00784048 
0.00489735 
0.00169708 
-0.00169708 
0.00141245 
-0.00141245 
-0.0039949 
-0.00644761 
-0.00867055 
-0.0106577 
-0.0123635 
-0.0137978 
-0.0149538 
-0.0158478 
-0.0164944 
-0.0169209 
-0.0171562 
-0.0172322 
-0.0171791 
-0.017025 
-0.016794 
-0.0165067 
-0.0161795 
-0.0158253 
-0.0154532 
-0.0150693 
-0.0146764 
-0.0142748 
-0.0138627 
-0.0134368 
-0.0129924 
-0.0125246 
-0.0120271 
-0.011492 
-0.0109088 
-0.010262 
-0.00953129 
-0.00868812 
-0.00769649 
-0.00651275 
-0.00510499 
-0.00354364 
-0.00192754 
-0.000396419 
0.00103032 
0.00238795 
0.00368851 
0.00495075 
0.00617612 
0.00736538 
0.00851484 
0.00962082 
0.010679 
0.0116848 
0.0126322 
0.0135119 
0.0143083 
0.0149954 
0.0155332 
0.0158655 
0.0159241 
0.0156351 
0.0149358 
0.0137779 
0.012153 
0.0100692 
0.00758591 
0.00474051 
0.00164585 
-0.00164585 
0.00148281 
-0.00148281 
-0.00422714 
-0.00683919 
-0.00921547 
-0.0113393 
-0.0131613 
-0.0146797 
-0.0158906 
-0.0168048 
-0.0174383 
-0.0178187 
-0.0179793 
-0.0179579 
-0.0177914 
-0.0175141 
-0.0171559 
-0.0167414 
-0.01629 
-0.0158164 
-0.015331 
-0.0148401 
-0.0143466 
-0.0138503 
-0.0133486 
-0.0128366 
-0.0123084 
-0.0117568 
-0.0111743 
-0.0105525 
-0.00988193 
-0.00915111 
-0.00834716 
-0.00745637 
-0.00647084 
-0.00539132 
-0.00424119 
-0.00303462 
-0.00175104 
-0.000245564 
0.00149376 
0.00317598 
0.00475997 
0.00621712 
0.00755906 
0.00879667 
0.00994125 
0.011 
0.0119768 
0.0128724 
0.0136844 
0.0144065 
0.0150265 
0.0155237 
0.0158664 
0.0160098 
0.0158995 
0.0154745 
0.0146819 
0.0134773 
0.0118494 
0.00979698 
0.00737129 
0.00460367 
0.0016025 
-0.0016025 
0.00155775 
-0.00155775 
-0.00447476 
-0.00725836 
-0.00980155 
-0.0120777 
-0.0140309 
-0.0156507 
-0.0169271 
-0.0178703 
-0.0184947 
-0.0188281 
-0.018908 
-0.0187785 
-0.0184849 
-0.0180698 
-0.0175702 
-0.0170164 
-0.0164317 
-0.0158331 
-0.015232 
-0.0146353 
-0.0140457 
-0.0134625 
-0.0128822 
-0.012299 
-0.0117054 
-0.0110931 
-0.0104528 
-0.00977487 
-0.00904955 
-0.00826643 
-0.00741522 
-0.00648544 
-0.00546886 
-0.00436002 
-0.00316354 
-0.00190604 
-0.000612707 
0.000807601 
0.00236929 
0.0040048 
0.00564281 
0.00722106 
0.00869478 
0.0100404 
0.0112499 
0.0123245 
0.0132695 
0.0140904 
0.0147911 
0.0153717 
0.0158267 
0.0161428 
0.0162977 
0.016258 
0.0159818 
0.0154202 
0.0145294 
0.0132689 
0.0116264 
0.0095921 
0.00721116 
0.00449786 
0.00156904 
-0.00156904 
0.00163442 
-0.00163442 
-0.00472976 
-0.00769298 
-0.0104136 
-0.0128556 
-0.0149552 
-0.0166927 
-0.018048 
-0.0190311 
-0.0196531 
-0.0199409 
-0.0199354 
-0.0196879 
-0.019253 
-0.0186837 
-0.0180265 
-0.0173192 
-0.01659 
-0.0158588 
-0.0151382 
-0.0144351 
-0.0137519 
-0.0130868 
-0.0124349 
-0.0117891 
-0.0111403 
-0.0104784 
-0.00979231 
-0.00907084 
-0.00830252 
-0.00747599 
-0.00658075 
-0.00560739 
-0.00455055 
-0.00340816 
-0.00218717 
-0.000898562 
0.000453427 
0.00189009 
0.00335859 
0.00487074 
0.00645054 
0.00803841 
0.0095803 
0.0110216 
0.012325 
0.0134679 
0.0144413 
0.015245 
0.0158835 
0.0163615 
0.0166813 
0.0168386 
0.0168221 
0.0166103 
0.0161742 
0.0154765 
0.014483 
0.0131576 
0.0114882 
0.00945921 
0.00710724 
0.00443687 
0.00154692 
-0.00154692 
0.00170891 
-0.00170891 
-0.00498093 
-0.0081256 
-0.0110291 
-0.0136471 
-0.0159065 
-0.017777 
-0.0192289 
-0.0202643 
-0.0208932 
-0.02114 
-0.0210472 
-0.0206735 
-0.0200838 
-0.0193437 
-0.0185117 
-0.0176353 
-0.0167493 
-0.0158772 
-0.0150329 
-0.0142233 
-0.0134493 
-0.0127078 
-0.0119921 
-0.0112931 
-0.0105995 
-0.00989939 
-0.00917967 
-0.00842725 
-0.00762908 
-0.00677269 
-0.00584692 
-0.00484242 
-0.00375284 
-0.00257548 
-0.00131059 
2.91572e-05 
0.00143211 
0.00290436 
0.00443166 
0.0059901 
0.00755007 
0.00908566 
0.0105768 
0.0119925 
0.013298 
0.0144598 
0.0154517 
0.0162572 
0.0168692 
0.0172872 
0.0175136 
0.0175495 
0.0173923 
0.0170315 
0.0164506 
0.0156244 
0.0145283 
0.0131322 
0.0114254 
0.0093885 
0.00705134 
0.00440658 
0.00154229 
-0.00154229 
0.00177603 
-0.00177603 
-0.00521306 
-0.00853196 
-0.011616 
-0.0144142 
-0.0168432 
-0.0188605 
-0.0204258 
-0.0215287 
-0.0221771 
-0.0223921 
-0.022215 
-0.0217113 
-0.0209565 
-0.0200308 
-0.0190071 
-0.0179456 
-0.0168903 
-0.0158691 
-0.0148977 
-0.0139821 
-0.0131216 
-0.0123108 
-0.0115404 
-0.0107986 
-0.0100717 
-0.00934499 
-0.0086029 
-0.00782987 
-0.00701042 
-0.00612999 
-0.00517565 
-0.00413685 
-0.00300647 
-0.00178102 
-0.000462432 
0.00094299 
0.00241797 
0.00396054 
0.00553716 
0.00712251 
0.00868691 
0.010203 
0.011655 
0.0130179 
0.0142695 
0.0153853 
0.0163413 
0.0171161 
0.0176941 
0.0180659 
0.0182277 
0.0181787 
0.0179185 
0.0174432 
0.0167452 
0.0158095 
0.0146211 
0.0131567 
0.0114085 
0.00935526 
0.00702152 
0.00439014 
0.00154093 
-0.00154093 
0.00182913 
-0.00182913 
-0.00540627 
-0.00887976 
-0.0121307 
-0.0151037 
-0.0177047 
-0.0198786 
-0.0215712 
-0.0227601 
-0.0234431 
-0.0236406 
-0.0233889 
-0.0227586 
-0.0218352 
-0.0207139 
-0.0194848 
-0.0182244 
-0.0169882 
-0.0158111 
-0.0147105 
-0.0136916 
-0.0127512 
-0.0118805 
-0.0110672 
-0.0102959 
-0.00954996 
-0.00881134 
-0.00806159 
-0.00728223 
-0.00645497 
-0.00556272 
-0.00459024 
-0.00352514 
-0.00235815 
-0.00108396 
0.000295181 
0.00177732 
0.00333989 
0.00497261 
0.0066427 
0.00831597 
0.00995227 
0.0115116 
0.0129593 
0.0142706 
0.0154333 
0.0164387 
0.0172784 
0.017943 
0.0184223 
0.0187062 
0.0187866 
0.0186575 
0.0183147 
0.0177535 
0.0169691 
0.0159514 
0.0146918 
0.0131725 
0.0113895 
0.00932127 
0.00698917 
0.0043693 
0.00153501 
-0.00153501 
0.00186008 
-0.00186008 
-0.00553586 
-0.00912806 
-0.0125167 
-0.0156452 
-0.0184094 
-0.0207419 
-0.0225718 
-0.0238651 
-0.0245972 
-0.0247963 
-0.0244877 
-0.0237449 
-0.0226607 
-0.0213441 
-0.019904 
-0.0184357 
-0.0170108 
-0.0156737 
-0.0144449 
-0.0133284 
-0.0123177 
-0.0113999 
-0.0105583 
-0.00977373 
-0.00902546 
-0.00829189 
-0.00755099 
-0.00678085 
-0.00595979 
-0.00506765 
-0.00408616 
-0.0030004 
-0.00179788 
-0.000472103 
0.000978337 
0.0025473 
0.0042162 
0.00596381 
0.00774958 
0.00952925 
0.0112526 
0.0128696 
0.0143358 
0.015623 
0.0167162 
0.0176107 
0.0183077 
0.0188121 
0.0191295 
0.0192626 
0.0192109 
0.01897 
0.0185337 
0.0178937 
0.017042 
0.0159675 
0.0146623 
0.0131109 
0.0113108 
0.00924121 
0.00692152 
0.00432465 
0.00151881 
-0.00151881 
0.00185945 
-0.00185945 
-0.00557264 
-0.00922767 
-0.012705 
-0.015951 
-0.0188528 
-0.0213318 
-0.0232988 
-0.0247042 
-0.0255041 
-0.0257257 
-0.0253881 
-0.0245607 
-0.0233405 
-0.0218461 
-0.0202037 
-0.0185298 
-0.0169161 
-0.0154204 
-0.0140691 
-0.0128652 
-0.0117982 
-0.0108501 
-0.0099991 
-0.00922118 
-0.00849114 
-0.00778325 
-0.0070715 
-0.00633017 
-0.00553383 
-0.00465887 
-0.00368345 
-0.00258937 
-0.00135992 
1.288e-05 
0.00153673 
0.00320066 
0.00498743 
0.00686631 
0.00878964 
0.0107023 
0.0125431 
0.0142522 
0.015776 
0.0170708 
0.0181125 
0.018901 
0.0194442 
0.0197588 
0.0198671 
0.0197908 
0.0195458 
0.0191399 
0.0185722 
0.0178342 
0.0169142 
0.0157959 
0.0144669 
0.0129087 
0.0111171 
0.00907073 
0.00678678 
0.00423752 
0.00148663 
-0.00148663 
0.00181694 
-0.00181694 
-0.00548413 
-0.00912277 
-0.0126155 
-0.0159165 
-0.018907 
-0.0214991 
-0.0235854 
-0.0250991 
-0.0259813 
-0.0262461 
-0.0259158 
-0.0250477 
-0.0237386 
-0.0221085 
-0.0202962 
-0.0184381 
-0.0166492 
-0.0150064 
-0.0135455 
-0.0122707 
-0.011167 
-0.0102107 
-0.00937358 
-0.00862639 
-0.00793889 
-0.00728079 
-0.00662173 
-0.00593188 
-0.00518176 
-0.00434397 
-0.00339254 
-0.00230505 
-0.0010602 
0.000353245 
0.00194659 
0.00370743 
0.0056152 
0.00762939 
0.00969275 
0.0117395 
0.0136995 
0.0155042 
0.0170906 
0.0184096 
0.0194184 
0.0201218 
0.0205278 
0.0206591 
0.0205509 
0.0202423 
0.0197693 
0.0191578 
0.0184208 
0.017557 
0.0165552 
0.0153949 
0.0140568 
0.0125161 
0.0107625 
0.00877157 
0.00655698 
0.00409127 
0.00143339 
-0.00143339 
0.00172209 
-0.00172209 
-0.00523672 
-0.00875454 
-0.0121622 
-0.015427 
-0.0184281 
-0.0210726 
-0.0232373 
-0.0248369 
-0.0258035 
-0.0261258 
-0.0258432 
-0.0249934 
-0.0236678 
-0.0219759 
-0.0200591 
-0.0180673 
-0.0161394 
-0.0143765 
-0.0128303 
-0.0115096 
-0.0103962 
-0.00945961 
-0.00866532 
-0.00797779 
-0.00736154 
-0.0067815 
-0.0062028 
-0.00559138 
-0.00491368 
-0.00413827 
-0.00323465 
-0.00217538 
-0.000934533 
0.000503036 
0.00214966 
0.00399103 
0.00599877 
0.00812159 
0.0102934 
0.0124418 
0.0144926 
0.0163745 
0.018021 
0.0193755 
0.0203845 
0.0210302 
0.0213281 
0.0213017 
0.0209966 
0.0204671 
0.0197673 
0.0189424 
0.0180226 
0.0170193 
0.0159276 
0.014727 
0.0133931 
0.0118936 
0.0102101 
0.00831247 
0.00620886 
0.00387183 
0.00135465 
-0.00135465 
0.00156529 
-0.00156529 
-0.00479877 
-0.00806637 
-0.0112601 
-0.0143662 
-0.0172667 
-0.0198705 
-0.0220438 
-0.0236824 
-0.0247175 
-0.0250975 
-0.0249006 
-0.0241391 
-0.0228934 
-0.0212479 
-0.0193318 
-0.0172956 
-0.0152971 
-0.0134645 
-0.0118734 
-0.0105433 
-0.00945568 
-0.00857436 
-0.00785765 
-0.00726379 
-0.00675192 
-0.00628224 
-0.00581543 
-0.00531331 
-0.0047385 
-0.00405547 
-0.003229 
-0.0022264 
-0.00101766 
0.000414565 
0.00207996 
0.00395843 
0.00600966 
0.00817208 
0.0103753 
0.012548 
0.0146208 
0.0165265 
0.0182013 
0.0195797 
0.0206097 
0.0212303 
0.0214684 
0.0213385 
0.0208921 
0.0201954 
0.0193167 
0.0183179 
0.0172454 
0.0161247 
0.0149611 
0.0137388 
0.0124322 
0.0110038 
0.00942754 
0.00766689 
0.00572276 
0.00356717 
0.00124653 
-0.00124653 
0.00133888 
-0.00133888 
-0.00414457 
-0.00701104 
-0.00983624 
-0.0126309 
-0.0152862 
-0.0177224 
-0.0198033 
-0.0214052 
-0.022468 
-0.0228855 
-0.0228041 
-0.0222045 
-0.0211515 
-0.0196905 
-0.0179203 
-0.0159732 
-0.014013 
-0.0121931 
-0.0106192 
-0.00933095 
-0.0083154 
-0.00753277 
-0.00693487 
-0.00647394 
-0.00610402 
-0.00578103 
-0.00546152 
-0.00510375 
-0.0046671 
-0.00411222 
-0.00339951 
-0.00249163 
-0.00135652 
2.14866e-05 
0.00164254 
0.00347621 
0.00546793 
0.00755144 
0.00966198 
0.0117401 
0.0137308 
0.0155799 
0.0172304 
0.0186121 
0.0196774 
0.0203131 
0.0205486 
0.0203859 
0.0198787 
0.0191017 
0.0181332 
0.0170463 
0.015899 
0.0147281 
0.0135491 
0.0123533 
0.0111183 
0.00980533 
0.00838322 
0.00681072 
0.00508149 
0.00316696 
0.00110569 
-0.00110569 
0.00103804 
-0.00103804 
-0.00325813 
-0.00555886 
-0.00784202 
-0.0101477 
-0.0123815 
-0.0144882 
-0.0163425 
-0.0178067 
-0.0188233 
-0.0192534 
-0.0193041 
-0.018936 
-0.0181916 
-0.0170682 
-0.0156178 
-0.0139331 
-0.012163 
-0.0104754 
-0.00900838 
-0.00783153 
-0.00694646 
-0.00631463 
-0.00588326 
-0.00559944 
-0.00541302 
-0.00527646 
-0.00514296 
-0.00496817 
-0.00470934 
-0.00432409 
-0.00376955 
-0.00300574 
-0.00200259 
-0.000750994 
0.000728765 
0.00239429 
0.00418177 
0.00603141 
0.00789663 
0.00974 
0.0115284 
0.0132256 
0.0147838 
0.0161344 
0.0172265 
0.0179161 
0.0182068 
0.0180912 
0.0176177 
0.016869 
0.0159292 
0.0148766 
0.0137737 
0.0126625 
0.0115645 
0.0104782 
0.009386 
0.0082523 
0.00704496 
0.00572143 
0.00426992 
0.00266245 
0.000929432 
-0.000929432 
0.00066138 
-0.00066138 
-0.00213656 
-0.00370513 
-0.005266 
-0.00689301 
-0.00850731 
-0.0100912 
-0.0115511 
-0.0127579 
-0.0136396 
-0.0140487 
-0.0142466 
-0.0141701 
-0.0138362 
-0.013195 
-0.0122425 
-0.0110141 
-0.00961981 
-0.00822119 
-0.00698133 
-0.00600645 
-0.00532377 
-0.00490372 
-0.00469265 
-0.00463446 
-0.00467617 
-0.00476834 
-0.00486199 
-0.00491167 
-0.00487421 
-0.00470574 
-0.00436232 
-0.00380526 
-0.0030119 
-0.00198811 
-0.000774402 
0.00056801 
0.00198344 
0.00343453 
0.00490134 
0.00637385 
0.0078431 
0.00929072 
0.0106797 
0.0119519 
0.0130438 
0.0138176 
0.0142003 
0.0141999 
0.013854 
0.0132525 
0.0124781 
0.0116064 
0.0106952 
0.00978367 
0.00889397 
0.008028 
0.00717409 
0.00630243 
0.00538422 
0.00438035 
0.00327639 
0.00204763 
0.000716299 
-0.000716299 
0.00020762 
-0.00020762 
-0.000787716 
-0.0014767 
-0.00214624 
-0.00291443 
-0.00370847 
-0.004556 
-0.00540264 
-0.00616307 
-0.00684747 
-0.00727466 
-0.00763739 
-0.00789902 
-0.00804488 
-0.00799315 
-0.00768623 
-0.00709654 
-0.00627449 
-0.00534741 
-0.00448364 
-0.00382339 
-0.00342898 
-0.0032901 
-0.00335832 
-0.00357728 
-0.0038934 
-0.00425766 
-0.0046205 
-0.00493755 
-0.00516756 
-0.00526757 
-0.00519627 
-0.00492166 
-0.00443545 
-0.0037638 
-0.00296338 
-0.00209862 
-0.00120804 
-0.00029822 
0.000641363 
0.00162928 
0.00267433 
0.0037723 
0.00489825 
0.00601413 
0.00705357 
0.00791886 
0.00844061 
0.00861569 
0.00847551 
0.00812966 
0.00765764 
0.00712135 
0.0065618 
0.00600463 
0.00546584 
0.00494714 
0.00444161 
0.00392744 
0.00338255 
0.00277646 
0.00209497 
0.00132051 
0.000466466 
-0.000466466 
-0.000319023 
0.000319023 
0.000764636 
0.00107266 
0.00142572 
0.00165844 
0.00184071 
0.00190595 
0.0018701 
0.00174655 
0.00139843 
0.00090068 
0.000322371 
-0.000310026 
-0.000962139 
-0.00154258 
-0.00196258 
-0.0021427 
-0.00206426 
-0.0017937 
-0.00147346 
-0.00126044 
-0.00125385 
-0.00147299 
-0.00188288 
-0.00243172 
-0.00306822 
-0.0037469 
-0.00441987 
-0.00504654 
-0.00559058 
-0.00601327 
-0.00628061 
-0.00637355 
-0.00630362 
-0.0061167 
-0.00587487 
-0.00562424 
-0.00537299 
-0.00509908 
-0.00476772 
-0.00434526 
-0.00381315 
-0.00316515 
-0.00241265 
-0.00157401 
-0.000704811 
0.000143875 
0.000785963 
0.00121211 
0.00141876 
0.00148805 
0.00148335 
0.00144509 
0.00139428 
0.00133883 
0.00128608 
0.00123581 
0.00118604 
0.0011245 
0.00103872 
0.000911141 
0.000729162 
0.000488311 
0.000185192 
-0.000185192 
-0.000905606 
0.000905606 
0.00248444 
0.00388274 
0.00533463 
0.00664845 
0.00786907 
0.00890242 
0.00971 
0.0102112 
0.0102686 
0.00984966 
0.00911232 
0.00817009 
0.00707243 
0.00590634 
0.00477051 
0.0037761 
0.00300461 
0.00246608 
0.00207709 
0.00169563 
0.00119939 
0.000536524 
-0.000279052 
-0.00120849 
-0.00220863 
-0.00324022 
-0.00426051 
-0.0052356 
-0.00613761 
-0.00693597 
-0.007609 
-0.00815543 
-0.00860723 
-0.00902134 
-0.00944904 
-0.00990585 
-0.0103666 
-0.0107849 
-0.0111148 
-0.0113195 
-0.0113744 
-0.0112652 
-0.0109902 
-0.0105574 
-0.00999882 
-0.00935042 
-0.0086697 
-0.00793186 
-0.0072126 
-0.00653274 
-0.00588919 
-0.00527264 
-0.0046788 
-0.00411103 
-0.0035682 
-0.00305027 
-0.0025535 
-0.00207848 
-0.00162629 
-0.00119845 
-0.000806052 
-0.000434741 
-0.000120005 
0.000120005 
-0.00153909 
0.00153909 
0.00433971 
0.00689911 
0.00947738 
0.0118883 
0.0141305 
0.0160888 
0.0176632 
0.0187213 
0.0191581 
0.0189552 
0.0182167 
0.0170794 
0.0156322 
0.0139675 
0.0121899 
0.0104234 
0.00878897 
0.00736472 
0.00614367 
0.00503327 
0.00391618 
0.00271836 
0.00142916 
7.13503e-05 
-0.00132809 
-0.0027439 
-0.00414174 
-0.00549718 
-0.00679467 
-0.00801575 
-0.00915499 
-0.0102304 
-0.0112885 
-0.0123833 
-0.0135412 
-0.0147444 
-0.0159432 
-0.0170806 
-0.018107 
-0.018983 
-0.0196792 
-0.0201734 
-0.020451 
-0.0205007 
-0.0203134 
-0.0198575 
-0.0190822 
-0.0180207 
-0.0167724 
-0.0154357 
-0.0140787 
-0.0127377 
-0.0114313 
-0.0101727 
-0.00896639 
-0.00781136 
-0.00669898 
-0.00561857 
-0.00455998 
-0.0035098 
-0.0024763 
-0.00142994 
-0.000444549 
0.000444549 
-0.00221028 
0.00221028 
0.00630619 
0.010076 
0.0137709 
0.0172412 
0.0204376 
0.0232308 
0.0254848 
0.0270603 
0.0278777 
0.0279324 
0.0272828 
0.0260545 
0.0243519 
0.0222794 
0.0199471 
0.0174839 
0.0150314 
0.0127163 
0.0106048 
0.00867443 
0.00684278 
0.00503211 
0.00321021 
0.0013796 
-0.000446763 
-0.00226615 
-0.00406147 
-0.00581873 
-0.00753853 
-0.00921787 
-0.0108693 
-0.0125272 
-0.014242 
-0.0160511 
-0.0179506 
-0.0198954 
-0.0218223 
-0.02367 
-0.0253863 
-0.0269272 
-0.0282546 
-0.0293339 
-0.0301314 
-0.0306066 
-0.0307073 
-0.0303525 
-0.0294754 
-0.0281506 
-0.0264766 
-0.0245828 
-0.0225834 
-0.0205591 
-0.018558 
-0.0166083 
-0.0147224 
-0.0129003 
-0.011131 
-0.00939646 
-0.00767806 
-0.0059531 
-0.00422654 
-0.00246702 
-0.000781118 
0.000781118 
-0.00291182 
0.00291182 
0.00836414 
0.0133782 
0.018162 
0.0226211 
0.0266792 
0.0302043 
0.0330547 
0.0351041 
0.0362856 
0.0366009 
0.0360833 
0.0348371 
0.0329617 
0.0305628 
0.027754 
0.0246678 
0.0214586 
0.0182863 
0.015278 
0.0124852 
0.00988084 
0.00740437 
0.0050119 
0.00268234 
0.000411378 
-0.00181832 
-0.00401599 
-0.00618288 
-0.00833676 
-0.0104931 
-0.0126809 
-0.0149442 
-0.0173256 
-0.0198374 
-0.0224475 
-0.0250933 
-0.0277054 
-0.0302195 
-0.0325778 
-0.0347266 
-0.0366139 
-0.0381876 
-0.0393921 
-0.0401634 
-0.0404313 
-0.0401197 
-0.0391825 
-0.0376897 
-0.0357286 
-0.0334338 
-0.030937 
-0.0283462 
-0.0257354 
-0.02315 
-0.0206131 
-0.0181298 
-0.0156904 
-0.0132754 
-0.0108637 
-0.00843134 
-0.00598339 
-0.00350239 
-0.00111652 
0.00111652 
-0.00363405 
0.00363405 
0.0104865 
0.0167654 
0.022608 
0.0279765 
0.0327976 
0.0369532 
0.0403171 
0.0427833 
0.0442935 
0.0448502 
0.0444734 
0.0432426 
0.0412418 
0.0385707 
0.0353436 
0.0316966 
0.0277933 
0.0238177 
0.0199442 
0.0162923 
0.0128992 
0.00973753 
0.00676189 
0.00393164 
0.00121895 
-0.00141349 
-0.00400031 
-0.00656766 
-0.00914884 
-0.0117794 
-0.014501 
-0.0173585 
-0.020377 
-0.0235418 
-0.0267986 
-0.0300757 
-0.0333004 
-0.0364044 
-0.0393218 
-0.0419864 
-0.0443315 
-0.0462888 
-0.0477886 
-0.0487589 
-0.0491334 
-0.0488542 
-0.0478932 
-0.0463094 
-0.0441798 
-0.0416284 
-0.0387844 
-0.0357639 
-0.0326553 
-0.0295181 
-0.0263863 
-0.0232731 
-0.020175 
-0.0170776 
-0.0139648 
-0.0108206 
-0.00765763 
-0.00448335 
-0.00143433 
0.00143433 
-0.00436029 
0.00436029 
0.0126242 
0.0201685 
0.0270435 
0.0332549 
0.0387542 
0.0434534 
0.0472546 
0.0500746 
0.0518637 
0.0526215 
0.0523546 
0.0511249 
0.0490023 
0.046078 
0.0424645 
0.0383008 
0.0337591 
0.0290422 
0.0243615 
0.0198941 
0.01574 
0.0119133 
0.00837543 
0.00506961 
0.00194212 
-0.00106402 
-0.00400844 
-0.00694716 
-0.00992788 
-0.0130057 
-0.0162294 
-0.0196368 
-0.0232294 
-0.0269675 
-0.0307821 
-0.0345973 
-0.038339 
-0.0419349 
-0.0453114 
-0.0483923 
-0.0510992 
-0.0533539 
-0.0550797 
-0.0562045 
-0.05667 
-0.0564337 
-0.0554792 
-0.0538597 
-0.051643 
-0.0489377 
-0.0458614 
-0.0425254 
-0.0390217 
-0.0354177 
-0.0317568 
-0.0280618 
-0.0243394 
-0.0205867 
-0.0167997 
-0.0129786 
-0.00915138 
-0.00535299 
-0.00171651 
0.00171651 
-0.00505728 
0.00505728 
0.0146771 
0.0234381 
