0 
-0.00135069 
-0.00127504 
0.000962345 
0.00446789 
0.00867665 
0.0132916 
0.0181057 
0.0229997 
0.0279058 
0.0327912 
0.0376429 
0.0424582 
0.0472367 
0.0519761 
0.0566692 
0.0613018 
0.0658531 
0.0702949 
0.0745927 
0.0787064 
0.0825915 
0.0862005 
0.0894839 
0.0923923 
0.0948774 
0.0968941 
0.0984025 
0.0993706 
0.0997766 
0.0996038 
0.0988404 
0.0974827 
0.0955366 
0.093018 
0.0899538 
0.0863834 
0.0823591 
0.0779468 
0.0732252 
0.0682847 
0.0632243 
0.0581479 
0.0531588 
0.0483508 
0.0437964 
0.0395287 
0.0355283 
0.0317303 
0.028063 
0.0244989 
0.0210741 
0.0178585 
0.0149109 
0.0122588 
0.00990576 
0.00784513 
0.00606724 
0.00456234 
0.00331774 
0.00231706 
0.00153824 
0.00094906 
0.000506367 
0.000157037 
0 
0.00135069 
-0.00135069 
-0.00127504 
0.000962345 
0.00446789 
0.00867665 
0.0132916 
0.0181057 
0.0229997 
0.0279058 
0.0327912 
0.0376429 
0.0424582 
0.0472367 
0.0519761 
0.0566692 
0.0613018 
0.0658531 
0.0702949 
0.0745927 
0.0787064 
0.0825915 
0.0862005 
0.0894839 
0.0923923 
0.0948774 
0.0968941 
0.0984025 
0.0993706 
0.0997766 
0.0996038 
0.0988404 
0.0974827 
0.0955366 
0.093018 
0.0899538 
0.0863834 
0.0823591 
0.0779468 
0.0732252 
0.0682847 
0.0632243 
0.0581479 
0.0531588 
0.0483508 
0.0437964 
0.0395287 
0.0355283 
0.0317303 
0.028063 
0.0244989 
0.0210741 
0.0178585 
0.0149109 
0.0122588 
0.00990576 
0.00784513 
0.00606724 
0.00456234 
0.00331774 
0.00231706 
0.00153824 
0.00094906 
0.000506367 
0.000157037 
-0.000157037 
-9.56631e-05 
9.56631e-05 
0.0023879 
0.00517354 
0.00866064 
0.0126308 
0.0168986 
0.0213183 
0.0257987 
0.0302901 
0.0347711 
0.0392372 
0.0436908 
0.0481356 
0.0525715 
0.0569927 
0.061386 
0.0657305 
0.0699979 
0.0741531 
0.0781552 
0.0819592 
0.0855165 
0.0887773 
0.0916914 
0.0942103 
0.0962878 
0.0978832 
0.0989533 
0.0994626 
0.0993942 
0.0987336 
0.0974753 
0.0956234 
0.0931923 
0.0902069 
0.0867045 
0.0827354 
0.0783636 
0.0736664 
0.0687327 
0.0636604 
0.0585512 
0.0535054 
0.0486132 
0.0439441 
0.0395345 
0.0353784 
0.031436 
0.0276636 
0.0240508 
0.0206294 
0.0174489 
0.0145453 
0.0119325 
0.00960976 
0.00757133 
0.00581017 
0.00431981 
0.00309043 
0.00211103 
0.00136129 
0.000811197 
0.000418073 
0.00012638 
-0.00012638 
-0.00135057 
0.00135057 
0.00417576 
0.00725676 
0.0107045 
0.0144299 
0.0183103 
0.0222608 
0.0262306 
0.0302013 
0.0341736 
0.038158 
0.0421668 
0.0462089 
0.0502868 
0.0543951 
0.0585195 
0.062637 
0.0667169 
0.0707213 
0.0746068 
0.0783253 
0.0818263 
0.0850576 
0.0879679 
0.0905078 
0.0926314 
0.0942987 
0.0954753 
0.0961228 
0.0962251 
0.0957658 
0.0947363 
0.0931367 
0.0909748 
0.0882676 
0.0850433 
0.0813424 
0.0772198 
0.0727442 
0.067998 
0.0630736 
0.0580694 
0.0530828 
0.0482024 
0.0434982 
0.0390119 
0.034752 
0.0307025 
0.0268485 
0.0231994 
0.0197883 
0.0166477 
0.0137936 
0.0112271 
0.00894364 
0.00693963 
0.00521187 
0.00375827 
0.00257399 
0.00165045 
0.000970099 
0.000508916 
0.000225454 
5.94092e-05 
-5.94092e-05 
-0.00132603 
0.00132603 
0.00443817 
0.00779928 
0.0112395 
0.014733 
0.0182124 
0.0216657 
0.0250942 
0.0285189 
0.0319667 
0.0354643 
0.0390328 
0.0426844 
0.0464217 
0.0502368 
0.0541122 
0.0580213 
0.0619293 
0.0657948 
0.0695709 
0.0732065 
0.0766482 
0.0798416 
0.0827332 
0.085272 
0.0874116 
0.089112 
0.0903435 
0.0910733 
0.0912909 
0.0909841 
0.0901468 
0.0887802 
0.0868902 
0.0844886 
0.081595 
0.0782388 
0.0744617 
0.0703193 
0.0658815 
0.0612303 
0.0564561 
0.0516506 
0.0468995 
0.0422721 
0.0378141 
0.033545 
0.0294696 
0.0255999 
0.021966 
0.0186032 
0.01553 
0.0127454 
0.0102404 
0.00800863 
0.00604851 
0.00436117 
0.0029509 
0.00181597 
0.0009611 
0.000379035 
4.63134e-05 
-7.40053e-05 
-4.62231e-05 
4.62231e-05 
-0.00133017 
0.00133017 
0.00448378 
0.0077948 
0.0110068 
0.0141305 
0.0171361 
0.0200638 
0.022953 
0.025854 
0.028812 
0.0318633 
0.0350319 
0.0383296 
0.0417558 
0.045299 
0.0489379 
0.0526427 
0.0563758 
0.0600933 
0.0637463 
0.067282 
0.0706454 
0.0737805 
0.076632 
0.0791474 
0.0812792 
0.0829863 
0.084241 
0.085013 
0.0852968 
0.0850864 
0.084382 
0.0831898 
0.0815193 
0.0793822 
0.0767944 
0.0737776 
0.0703622 
0.0665905 
0.0625181 
0.0582135 
0.0537554 
0.0492265 
0.0447053 
0.0402575 
0.0359284 
0.0317447 
0.0277289 
0.0239179 
0.0203598 
0.0170892 
0.0141108 
0.01141 
0.00897223 
0.00679173 
0.00487184 
0.00321949 
0.00184677 
0.000769148 
1.07891e-06 
-0.000451497 
-0.000610668 
-0.000507343 
-0.00020125 
0.00020125 
-0.00121752 
0.00121752 
0.00419715 
0.00729092 
0.0101611 
0.0128612 
0.0153864 
0.017816 
0.0202134 
0.0226477 
0.0251724 
0.0278264 
0.0306323 
0.0335983 
0.0367208 
0.0399858 
0.0433704 
0.046844 
0.050369 
0.0539016 
0.0573933 
0.0607915 
0.0640415 
0.0670867 
0.0698709 
0.07234 
0.0744444 
0.0761411 
0.0774018 
0.0781944 
0.078517 
0.0783701 
0.0777603 
0.0767007 
0.0752059 
0.0732909 
0.0709717 
0.0682662 
0.0651977 
0.0617978 
0.0581096 
0.0541882 
0.050099 
0.0459131 
0.0416988 
0.0375136 
0.0333984 
0.0293837 
0.025508 
0.0218302 
0.0184102 
0.0152761 
0.0124182 
0.00981247 
0.00744343 
0.00530996 
0.00341982 
0.00179244 
0.000451284 
-0.000558945 
-0.00122674 
-0.001542 
-0.00149321 
-0.00110155 
-0.000417926 
0.000417926 
-0.00108907 
0.00108907 
0.00377256 
0.00650885 
0.00894868 
0.0111931 
0.0132507 
0.0152233 
0.0171824 
0.0192033 
0.0213385 
0.0236238 
0.0260776 
0.0287052 
0.0315015 
0.034453 
0.0375384 
0.0407295 
0.0439913 
0.0472827 
0.0505576 
0.053766 
0.0568544 
0.0597676 
0.0624491 
0.0648433 
0.0668989 
0.0685697 
0.0698263 
0.0706334 
0.0709912 
0.0709047 
0.0703851 
0.0694506 
0.0681202 
0.0664121 
0.0643433 
0.0619312 
0.0591954 
0.056161 
0.0528618 
0.0493418 
0.0456542 
0.041857 
0.0380059 
0.0341464 
0.0303118 
0.0265354 
0.0228713 
0.0193955 
0.0161702 
0.0132098 
0.0104905 
0.00798398 
0.00567847 
0.00357823 
0.00170223 
8.27432e-05 
-0.00121997 
-0.00218733 
-0.00277233 
-0.00294939 
-0.00266194 
-0.00190518 
-0.000716464 
0.000716464 
-0.000919697 
0.000919697 
0.0032144 
0.00552086 
0.00750265 
0.00930284 
0.0109298 
0.0124945 
0.0140638 
0.0157102 
0.0174795 
0.0194022 
0.0214926 
0.0237553 
0.0261865 
0.0287759 
0.0315068 
0.0343556 
0.0372921 
0.0402798 
0.0432768 
0.0462369 
0.0491104 
0.0518443 
0.0543832 
0.0566711 
0.0586548 
0.0602853 
0.0615305 
0.06235 
0.0627463 
0.0627282 
0.062311 
0.0615157 
0.0603627 
0.058871 
0.057058 
0.0549405 
0.0525365 
0.0498679 
0.0469628 
0.0438572 
0.0405936 
0.0372172 
0.0337693 
0.030281 
0.0267771 
0.023295 
0.0199045 
0.0166907 
0.0137059 
0.0109445 
0.00837159 
0.00595974 
0.00370443 
0.00161739 
-0.000262824 
-0.00188015 
-0.00319057 
-0.00415045 
-0.00468597 
-0.00472983 
-0.00416371 
-0.00294486 
-0.00110478 
0.00110478 
-0.000737112 
0.000737112 
0.00259606 
0.00443468 
0.00595988 
0.0073398 
0.00857394 
0.00977056 
0.0109836 
0.0122771 
0.0136874 
0.0152394 
0.0169455 
0.0188111 
0.0208362 
0.0230155 
0.0253381 
0.0277867 
0.0303372 
0.0329591 
0.0356161 
0.0382673 
0.0408678 
0.0433688 
0.0457179 
0.0478598 
0.0497406 
0.0513097 
0.0525323 
0.0533645 
0.0538106 
0.0538823 
0.0535961 
0.0529718 
0.0520275 
0.05078 
0.0492451 
0.0474388 
0.0453789 
0.043086 
0.0405857 
0.0379082 
0.0350873 
0.0321556 
0.0291387 
0.0260528 
0.0229164 
0.0197753 
0.0167121 
0.0138091 
0.0110956 
0.00854458 
0.00611486 
0.00378594 
0.00156062 
-0.00053147 
-0.00243298 
-0.00409869 
-0.00547186 
-0.00647514 
-0.00699435 
-0.00688927 
-0.00596271 
-0.00416015 
-0.00154819 
0.00154819 
-0.0005448 
0.0005448 
0.00194743 
0.00331208 
0.00440529 
0.00539644 
0.00627395 
0.00713412 
0.0080141 
0.00896649 
0.0100181 
0.0111896 
0.0124928 
0.0139353 
0.0155214 
0.0172514 
0.019121 
0.0211201 
0.0232316 
0.0254321 
0.0276918 
0.0299759 
0.0322456 
0.0344582 
0.0365661 
0.038517 
0.0402581 
0.0417394 
0.0429239 
0.0437673 
0.0442772 
0.0444665 
0.0443483 
0.0439352 
0.0432388 
0.0422705 
0.0410435 
0.039573 
0.0378768 
0.0359763 
0.0338959 
0.0316623 
0.0293008 
0.0268312 
0.024263 
0.0215997 
0.0188593 
0.0160997 
0.0134089 
0.0108503 
0.00842146 
0.00607715 
0.00377844 
0.00151324 
-0.000702442 
-0.00282064 
-0.0047928 
-0.00656599 
-0.00805748 
-0.00913997 
-0.00962752 
-0.00925994 
-0.00782864 
-0.00534559 
-0.00195852 
0.00195852 
-0.000353102 
0.000353102 
0.00130277 
0.00220647 
0.00290097 
0.00353331 
0.00408521 
0.00463308 
0.00519751 
0.00581805 
0.00651322 
0.00730048 
0.00819161 
0.00919665 
0.0103241 
0.0115795 
0.0129653 
0.0144784 
0.0161099 
0.017844 
0.0196582 
0.0215246 
0.0234109 
0.0252813 
0.0270958 
0.0288076 
0.0303667 
0.0317259 
0.0328485 
0.0337057 
0.0343048 
0.03465 
0.0347411 
0.0345786 
0.0341651 
0.0335068 
0.0326142 
0.0315024 
0.0301904 
0.0287008 
0.0270576 
0.0252834 
0.0233949 
0.021398 
0.0192874 
0.0170596 
0.0147402 
0.0123985 
0.0101135 
0.00791386 
0.00576462 
0.00361221 
0.00142562 
-0.00079724 
-0.00302329 
-0.00520642 
-0.00729993 
-0.00922997 
-0.0108633 
-0.0119821 
-0.0122905 
-0.0114489 
-0.00939489 
-0.00625947 
-0.00225416 
0.00225416 
-0.000165732 
0.000165732 
0.000680664 
0.00114975 
0.00148118 
0.00178291 
0.00203665 
0.00229317 
0.00255925 
0.00286033 
0.00320841 
0.00361784 
0.00410069 
0.00466868 
0.00533364 
0.00610575 
0.00699337 
0.00800073 
0.00912706 
0.0103651 
0.0117005 
0.0131127 
0.014576 
0.0160619 
0.0175399 
0.0189732 
0.0203177 
0.0215296 
0.0225783 
0.0234653 
0.0241788 
0.0247049 
0.025026 
0.0251311 
0.0250156 
0.0246815 
0.024138 
0.0234002 
0.0224885 
0.0214258 
0.0202348 
0.0189323 
0.0175242 
0.0160026 
0.0143516 
0.0125699 
0.0106962 
0.00880227 
0.0069388 
0.00509132 
0.00320148 
0.00121873 
-0.000879801 
-0.0030793 
-0.00534147 
-0.00762732 
-0.00987651 
-0.011967 
-0.0136667 
-0.0146399 
-0.0145146 
-0.0130527 
-0.0104141 
-0.00679959 
-0.00241672 
0.00241672 
1.49209e-05 
-1.49209e-05 
9.35973e-05 
0.000162512 
0.000164282 
0.000162321 
0.000142618 
0.000128193 
0.000115421 
0.000115153 
0.000134314 
0.000183786 
0.000275547 
0.000422059 
0.000637411 
0.000935253 
0.00132909 
0.00182985 
0.00244483 
0.0031757 
0.00401733 
0.00495752 
0.00597795 
0.0070566 
0.00817313 
0.00930479 
0.0104258 
0.0114973 
0.0124884 
0.0134169 
0.0142412 
0.0149366 
0.0154737 
0.0158344 
0.0160087 
0.0159958 
0.0158033 
0.0154462 
0.0149444 
0.0143198 
0.0135904 
0.0127644 
0.0118353 
0.0107833 
0.00959075 
0.00826767 
0.00686343 
0.00543336 
0.00398375 
0.00246152 
0.00080138 
-0.00104162 
-0.00307073 
-0.00526098 
-0.00758043 
-0.00998625 
-0.0123768 
-0.0145381 
-0.0161108 
-0.0166922 
-0.015963 
-0.0139355 
-0.0108859 
-0.00701175 
-0.00247162 
0.00247162 
0.000194175 
-0.000194175 
-0.000458296 
-0.000745029 
-0.00104137 
-0.00131959 
-0.00158973 
-0.00185428 
-0.0021242 
-0.00240236 
-0.00268598 
-0.00296826 
-0.00323807 
-0.00348321 
-0.00368857 
-0.00383808 
-0.00391424 
-0.00390028 
-0.00378137 
-0.0035469 
-0.00319225 
-0.00271986 
-0.00213908 
-0.00146497 
-0.000710722 
0.000110161 
0.000997226 
0.00193816 
0.00289409 
0.0038585 
0.00476738 
0.00559912 
0.00631909 
0.00690695 
0.00734958 
0.00764387 
0.00779581 
0.00781862 
0.00772976 
0.00754663 
0.00727928 
0.0069239 
0.00646217 
0.00586973 
0.00513709 
0.00428832 
0.00336794 
0.00239388 
0.00132498 
8.65307e-05 
-0.00138366 
-0.00310722 
-0.00507454 
-0.0072627 
-0.00964252 
-0.0121448 
-0.0145907 
-0.0166495 
-0.0178756 
-0.0179132 
-0.0166087 
-0.0141984 
-0.0109282 
-0.00697672 
-0.00244641 
0.00244641 
0.000370213 
-0.000370213 
-0.000971751 
-0.00157081 
-0.00213725 
-0.00266514 
-0.00316357 
-0.00365461 
-0.00415596 
-0.00468218 
-0.00523497 
-0.00581195 
-0.0064038 
-0.00699956 
-0.00758414 
-0.00814019 
-0.00864729 
-0.00908377 
-0.00942793 
-0.00966041 
-0.0097664 
-0.00973739 
-0.00957182 
-0.00927481 
-0.00885325 
-0.00831559 
-0.00765985 
-0.00687928 
-0.00600379 
-0.00504428 
-0.00408528 
-0.0031488 
-0.00227402 
-0.00148264 
-0.000789978 
-0.000200886 
0.00028858 
0.000688464 
0.0010105 
0.00126339 
0.00144627 
0.00154367 
0.00153106 
0.00138956 
0.00112327 
0.00075892 
0.000313065 
-0.000245879 
-0.000991297 
-0.00199641 
-0.00330183 
-0.00491287 
-0.00681671 
-0.00899512 
-0.0114079 
-0.0139325 
-0.0162929 
-0.018069 
-0.0188208 
-0.0183267 
-0.0166079 
-0.0139945 
-0.0106513 
-0.00675582 
-0.00235994 
0.00235994 
0.000534492 
-0.000534492 
-0.00144108 
-0.00232048 
-0.00313258 
-0.00388612 
-0.0045898 
-0.00528032 
-0.00598189 
-0.00671947 
-0.00749995 
-0.00832571 
-0.00919003 
-0.010084 
-0.0109937 
-0.011902 
-0.012787 
-0.0136239 
-0.0143852 
-0.0150439 
-0.015575 
-0.0159586 
-0.016181 
-0.0162353 
-0.0161192 
-0.0158345 
-0.0153829 
-0.0147634 
-0.0140063 
-0.0131045 
-0.0121399 
-0.0111386 
-0.0101418 
-0.00917301 
-0.00825007 
-0.00738059 
-0.00656462 
-0.00579809 
-0.0050777 
-0.00440676 
-0.00379751 
-0.00327123 
-0.00284977 
-0.00254151 
-0.00233789 
-0.00223201 
-0.00225022 
-0.00246089 
-0.00294277 
-0.00374962 
-0.00490176 
-0.0063962 
-0.00822269 
-0.0103623 
-0.0127464 
-0.0151833 
-0.0173154 
-0.0186979 
-0.0189754 
-0.018077 
-0.0161252 
-0.0134391 
-0.0101306 
-0.00638994 
-0.00222462 
0.00222462 
0.000685443 
-0.000685443 
-0.0018678 
-0.0030009 
-0.00403669 
-0.00499386 
-0.00588001 
-0.00674236 
-0.00761098 
-0.0085202 
-0.00948273 
-0.0105059 
-0.0115862 
-0.0127173 
-0.0138872 
-0.0150804 
-0.0162754 
-0.0174461 
-0.0185618 
-0.0195896 
-0.0204963 
-0.0212515 
-0.0218298 
-0.0222128 
-0.0223886 
-0.0223523 
-0.0221032 
-0.0216427 
-0.021003 
-0.0201751 
-0.019229 
-0.0181909 
-0.0170994 
-0.0159788 
-0.0148492 
-0.0137219 
-0.012603 
-0.0114965 
-0.0104087 
-0.00935266 
-0.00834766 
-0.00741471 
-0.00656995 
-0.00581936 
-0.00516892 
-0.00464606 
-0.00431228 
-0.00424638 
-0.00451197 
-0.00514029 
-0.00613837 
-0.00750127 
-0.00922142 
-0.01127 
-0.013539 
-0.0157744 
-0.0175803 
-0.0185511 
-0.0184474 
-0.017303 
-0.0152738 
-0.0126043 
-0.00941281 
-0.0059055 
-0.00204856 
0.00204856 
0.000823019 
-0.000823019 
-0.00225477 
-0.00361857 
-0.00485848 
-0.00599988 
-0.00704763 
-0.00805573 
-0.00905901 
-0.0101002 
-0.0111982 
-0.0123657 
-0.0136027 
-0.0149055 
-0.0162649 
-0.0176676 
-0.0190941 
-0.0205194 
-0.0219122 
-0.0232367 
-0.0244543 
-0.0255265 
-0.026418 
-0.0270993 
-0.0275482 
-0.0277517 
-0.0277046 
-0.0274081 
-0.0268907 
-0.026144 
-0.025229 
-0.0241714 
-0.0230063 
-0.0217578 
-0.020448 
-0.0190924 
-0.0177035 
-0.0162934 
-0.0148765 
-0.0134717 
-0.0121009 
-0.0107841 
-0.00953842 
-0.00838188 
-0.00734689 
-0.00649062 
-0.00588787 
-0.00560612 
-0.00568668 
-0.00614338 
-0.0069765 
-0.00818194 
-0.00975137 
-0.0116391 
-0.0137001 
-0.0156449 
-0.0170899 
-0.017706 
-0.0173559 
-0.0161139 
-0.0141093 
-0.0115271 
-0.0085216 
-0.00531702 
-0.00183622 
0.00183622 
0.000948098 
-0.000948098 
-0.00260532 
-0.00417921 
-0.00560586 
-0.00691488 
-0.00810639 
-0.00923774 
-0.0103467 
-0.0114832 
-0.0126727 
-0.0139335 
-0.0152692 
-0.016679 
-0.0181563 
-0.0196903 
-0.0212648 
-0.0228573 
-0.0244385 
-0.025973 
-0.0274205 
-0.028738 
-0.0298834 
-0.0308182 
-0.0315104 
-0.0319377 
-0.0320867 
-0.0319544 
-0.0315629 
-0.0309042 
-0.0300312 
-0.0289698 
-0.0277514 
-0.0264003 
-0.0249403 
-0.0233909 
-0.0217702 
-0.0200966 
-0.0183904 
-0.0166744 
-0.0149731 
-0.0133112 
-0.0117166 
-0.0102277 
-0.00889993 
-0.00780292 
-0.0070042 
-0.00655042 
-0.00646308 
-0.00674512 
-0.00739406 
-0.00840627 
-0.00976865 
-0.011418 
-0.0131871 
-0.0147873 
-0.0158861 
-0.0162389 
-0.0157734 
-0.0145482 
-0.0126375 
-0.0102105 
-0.00746149 
-0.00462835 
-0.00158902 
0.00158902 
0.00106152 
-0.00106152 
-0.00292213 
-0.00468721 
-0.00628506 
-0.00774782 
-0.00906906 
-0.0103061 
-0.0114974 
-0.0126983 
-0.0139406 
-0.0152487 
-0.0166304 
-0.0180876 
-0.019616 
-0.0212072 
-0.0228479 
-0.0245195 
-0.0261962 
-0.0278457 
-0.0294293 
-0.0309039 
-0.0322245 
-0.0333471 
-0.0342323 
-0.0348488 
-0.0351742 
-0.0351978 
-0.0349324 
-0.034368 
-0.0335484 
-0.0324997 
-0.03125 
-0.029824 
-0.0282468 
-0.0265413 
-0.0247303 
-0.0228372 
-0.0208873 
-0.0189085 
-0.0169319 
-0.0149928 
-0.0131345 
-0.0114122 
-0.00989093 
-0.00863537 
-0.00769516 
-0.00709681 
-0.00684793 
-0.00694542 
-0.0073851 
-0.00816173 
-0.00925517 
-0.0105908 
-0.0120009 
-0.0132302 
-0.0140189 
-0.0141968 
-0.0137194 
-0.0125896 
-0.0108293 
-0.00863439 
-0.00622378 
-0.00383611 
-0.0013064 
0.0013064 
0.00116387 
-0.00116387 
-0.00320683 
-0.00514507 
-0.00689976 
-0.00850472 
-0.00994553 
-0.0112764 
-0.0125337 
-0.0137757 
-0.01504 
-0.0163572 
-0.0177402 
-0.0191939 
-0.0207157 
-0.0222992 
-0.0239338 
-0.0256038 
-0.027288 
-0.0289586 
-0.030581 
-0.0321155 
-0.0335182 
-0.0347441 
-0.03575 
-0.0364984 
-0.0369591 
-0.037113 
-0.0369619 
-0.0364917 
-0.0357347 
-0.0347149 
-0.0334573 
-0.0319864 
-0.0303286 
-0.0285096 
-0.0265563 
-0.0244974 
-0.0223642 
-0.0201919 
-0.0180212 
-0.015899 
-0.0138802 
-0.0120261 
-0.0103977 
-0.00904487 
-0.00799865 
-0.00727064 
-0.0068599 
-0.00675946 
-0.00696269 
-0.00746021 
-0.00822515 
-0.00918101 
-0.0101811 
-0.0110258 
-0.0115361 
-0.0116014 
-0.0111804 
-0.0101938 
-0.00863486 
-0.00676845 
-0.00479521 
-0.00293467 
-0.000987462 
0.000987462 
0.00125532 
-0.00125532 
-0.00345973 
-0.00555308 
-0.00745052 
-0.00918756 
-0.010741 
-0.0121596 
-0.0134741 
-0.014743 
-0.0160081 
-0.017306 
-0.0186553 
-0.020065 
-0.0215345 
-0.0230589 
-0.024629 
-0.0262319 
-0.0278498 
-0.0294597 
-0.0310324 
-0.0325333 
-0.033923 
-0.0351591 
-0.0361992 
-0.0370036 
-0.0375377 
-0.0377755 
-0.0377089 
-0.0373193 
-0.0366256 
-0.0356464 
-0.0344029 
-0.0329187 
-0.0312208 
-0.0293378 
-0.0273005 
-0.0251432 
-0.022904 
-0.020626 
-0.0183581 
-0.0161545 
-0.0140733 
-0.0121716 
-0.0104984 
-0.00908761 
-0.00795588 
-0.00710537 
-0.00652968 
-0.00621838 
-0.00616073 
-0.00634134 
-0.0067287 
-0.00725382 
-0.00780562 
-0.00825009 
-0.00848896 
-0.00846076 
-0.0081278 
-0.00730947 
-0.00601035 
-0.00459238 
-0.00316993 
-0.00192264 
-0.000633123 
0.000633123 
0.00133557 
-0.00133557 
-0.00367984 
-0.00590922 
-0.00793439 
-0.00979338 
-0.0114545 
-0.0129591 
-0.0143296 
-0.0156211 
-0.0168763 
-0.0181374 
-0.0194291 
-0.0207656 
-0.0221495 
-0.0235774 
-0.0250412 
-0.0265296 
-0.0280274 
-0.0295153 
-0.0309693 
-0.0323604 
-0.033655 
-0.0348164 
-0.0358059 
-0.0365859 
-0.0371213 
-0.0373834 
-0.0373562 
-0.0370185 
-0.0363757 
-0.0354394 
-0.0342263 
-0.0327582 
-0.031062 
-0.0291682 
-0.0271115 
-0.0249307 
-0.0226694 
-0.020376 
-0.018103 
-0.0159054 
-0.0138367 
-0.0119444 
-0.0102642 
-0.00881738 
-0.00761116 
-0.00664188 
-0.00589918 
-0.0053686 
-0.00503393 
-0.00487282 
-0.00485123 
-0.00491298 
-0.00498823 
-0.00500752 
-0.00494805 
-0.00480095 
-0.00456049 
-0.00389587 
-0.00295139 
-0.00211714 
-0.0013627 
-0.00081044 
-0.000248601 
0.000248601 
0.00140393 
-0.00140393 
-0.003865 
-0.00620943 
-0.00834512 
-0.0103142 
-0.0120777 
-0.0136692 
-0.0151005 
-0.0164192 
-0.0176657 
-0.0188845 
-0.0201065 
-0.0213519 
-0.0226283 
-0.0239353 
-0.025266 
-0.0266103 
-0.0279546 
-0.0292823 
-0.0305734 
-0.0318038 
-0.032946 
-0.0339692 
-0.0348406 
-0.0355272 
-0.0359971 
-0.0362221 
-0.0361831 
-0.0358587 
-0.035244 
-0.0343435 
-0.0331691 
-0.0317401 
-0.0300824 
-0.0282272 
-0.0262108 
-0.0240746 
-0.0218643 
-0.0196292 
-0.0174205 
-0.0152882 
-0.0132777 
-0.0114257 
-0.00975743 
-0.00828532 
-0.00701089 
-0.0059267 
-0.00501895 
-0.00426879 
-0.00365407 
-0.00314575 
-0.0027102 
-0.00230591 
-0.00189804 
-0.00146585 
-0.00105157 
-0.000682881 
-0.000464192 
5.5732e-05 
0.00045802 
0.000588278 
0.000579401 
0.000373347 
0.000154654 
-0.000154654 
0.00145943 
-0.00145943 
-0.00401244 
-0.00644842 
-0.00867417 
-0.0107377 
-0.0125955 
-0.014274 
-0.0157737 
-0.0171316 
-0.0183811 
-0.0195652 
-0.0207184 
-0.0218672 
-0.0230256 
-0.0241979 
-0.0253804 
-0.0265645 
-0.0277382 
-0.0288868 
-0.0299928 
-0.0310364 
-0.0319949 
-0.0328434 
-0.0335551 
-0.0341027 
-0.0344593 
-0.0346002 
-0.0345058 
-0.034157 
-0.033543 
-0.0326635 
-0.0315267 
-0.0301491 
-0.0285545 
-0.0267729 
-0.02484 
-0.0227964 
-0.0206861 
-0.0185555 
-0.0164502 
-0.0144133 
-0.0124811 
-0.0106815 
-0.00903198 
-0.00753953 
-0.00620206 
-0.00500936 
-0.00394474 
-0.00298539 
-0.0021046 
-0.00126896 
-0.000444194 
0.000403354 
0.0012822 
0.00217501 
0.00299082 
0.00366022 
0.00404023 
0.00425222 
0.00399477 
0.00338592 
0.00257815 
0.00158218 
0.000560651 
-0.000560651 
0.00150106 
-0.00150106 
-0.00411962 
-0.0066212 
-0.0089128 
-0.0110501 
-0.0129881 
-0.0147489 
-0.0163229 
-0.0177347 
-0.0190067 
-0.0201758 
-0.0212755 
-0.0223364 
-0.0233788 
-0.0244135 
-0.0254421 
-0.0264597 
-0.0274566 
-0.0284199 
-0.0293346 
-0.0301838 
-0.0309488 
-0.0316091 
-0.0321434 
-0.0325296 
-0.032746 
-0.0327724 
-0.0325916 
-0.0321888 
-0.0315517 
-0.0306774 
-0.0295716 
-0.0282477 
-0.0267267 
-0.0250358 
-0.0232079 
-0.0212801 
-0.0192919 
-0.0172841 
-0.0152956 
-0.0133615 
-0.0115108 
-0.00976436 
-0.00813442 
-0.00662455 
-0.00523014 
-0.00393899 
-0.00273226 
-0.0015845 
-0.000466202 
0.000659804 
0.00183167 
0.00307945 
0.00438846 
0.00569995 
0.00688644 
0.0078154 
0.00837086 
0.00822083 
0.00738394 
0.00608409 
0.0045167 
0.00275064 
0.000950486 
-0.000950486 
0.00152805 
-0.00152805 
-0.00418526 
-0.00672511 
-0.00905525 
-0.0112399 
-0.013236 
-0.0150654 
-0.0167113 
-0.0181875 
-0.0195036 
-0.0206853 
-0.02176 
-0.0227571 
-0.0237009 
-0.0246085 
-0.0254883 
-0.026341 
-0.0271613 
-0.02794 
-0.0286645 
-0.0293209 
-0.0298936 
-0.0303659 
-0.030721 
-0.0309414 
-0.0310103 
-0.0309119 
-0.0306322 
-0.0301594 
-0.0294833 
-0.0285998 
-0.0275139 
-0.0262368 
-0.0247864 
-0.0231864 
-0.0214653 
-0.019655 
-0.0177894 
-0.0159025 
-0.0140264 
-0.0121894 
-0.0104141 
-0.00871634 
-0.00710479 
-0.00558045 
-0.00413703 
-0.00276101 
-0.00143228 
-0.000124541 
0.00119495 
0.0025676 
0.00403102 
0.00560779 
0.00726393 
0.00890141 
0.0103592 
0.0114461 
0.012026 
0.0116297 
0.0103554 
0.00848126 
0.00625864 
0.00380726 
0.00130337 
-0.00130337 
0.00154034 
-0.00154034 
-0.00421096 
-0.00676253 
-0.00910284 
-0.0113041 
-0.0133278 
-0.0151997 
-0.0169013 
-0.0184394 
-0.0198124 
-0.0210333 
-0.0221182 
-0.0230895 
-0.0239697 
-0.0247785 
-0.02553 
-0.0262319 
-0.0268853 
-0.0274864 
-0.0280272 
-0.0284975 
-0.0288851 
-0.0291768 
-0.029359 
-0.0294181 
-0.0293407 
-0.0291148 
-0.0287298 
-0.028177 
-0.0274512 
-0.0265481 
-0.025472 
-0.0242318 
-0.0228426 
-0.0213241 
-0.0196999 
-0.0179965 
-0.0162416 
-0.0144631 
-0.0126868 
-0.0109351 
-0.00922591 
-0.0075712 
-0.00597682 
-0.00444205 
-0.0029595 
-0.0015151 
-8.89706e-05 
0.00134647 
0.00282635 
0.00439225 
0.00607845 
0.00789672 
0.00979626 
0.0116471 
0.0132592 
0.0143957 
0.0148805 
0.0143036 
0.0127339 
0.0104418 
0.00770943 
0.00469849 
0.00160278 
-0.00160278 
0.00153823 
-0.00153823 
-0.00420183 
-0.00674306 
-0.00906794 
-0.0112544 
-0.0132694 
-0.0151461 
-0.0168695 
-0.0184463 
-0.0198687 
-0.0211394 
-0.0222624 
-0.0232486 
-0.024112 
-0.0248686 
-0.0255331 
-0.0261172 
-0.0266282 
-0.0270688 
-0.0274379 
-0.0277307 
-0.0279403 
-0.0280579 
-0.0280738 
-0.0279779 
-0.0277605 
-0.0274128 
-0.0269273 
-0.0262976 
-0.0255204 
-0.0245915 
-0.0235151 
-0.0222995 
-0.0209572 
-0.0195045 
-0.0179605 
-0.0163466 
-0.014685 
-0.0129977 
-0.0113055 
-0.00962608 
-0.00797329 
-0.0063562 
-0.0047786 
-0.00323862 
-0.00172838 
-0.000234489 
0.00126308 
0.00279245 
0.00438822 
0.006089 
0.0079237 
0.0098917 
0.0119278 
0.0138798 
0.0155372 
0.0166383 
0.0169756 
0.0162434 
0.0144816 
0.0119162 
0.00882535 
0.00539633 
0.00183962 
-0.00183962 
0.00152711 
-0.00152711 
-0.00416936 
-0.0066858 
-0.008977 
-0.0111223 
-0.0130932 
-0.0149304 
-0.0166271 
-0.018196 
-0.019631 
-0.0209317 
-0.0220938 
-0.0231175 
-0.0240053 
-0.0247632 
-0.0253994 
-0.0259228 
-0.0263418 
-0.0266633 
-0.0268922 
-0.0270307 
-0.0270791 
-0.0270351 
-0.0268946 
-0.0266521 
-0.0263009 
-0.0258346 
-0.0252475 
-0.0245355 
-0.0236974 
-0.0227338 
-0.0216478 
-0.0204459 
-0.0191383 
-0.0177376 
-0.0162589 
-0.0147184 
-0.0131333 
-0.0115214 
-0.00989895 
-0.00827999 
-0.00667543 
-0.00509198 
-0.00353208 
-0.00199333 
-0.000468135 
0.00105626 
0.00259976 
0.00418881 
0.00585533 
0.0076327 
0.00954285 
0.0115733 
0.0136475 
0.0156017 
0.0172155 
0.0182227 
0.0184052 
0.0175445 
0.0156578 
0.0129293 
0.00961169 
0.00589921 
0.0020128 
-0.0020128 
0.001518 
-0.001518 
-0.00413225 
-0.00661871 
-0.00886974 
-0.0109593 
-0.0128602 
-0.0146185 
-0.0162359 
-0.0177352 
-0.019119 
-0.0203922 
-0.0215513 
-0.0225925 
-0.0235102 
-0.0243002 
-0.0249596 
-0.0254875 
-0.0258855 
-0.0261567 
-0.0263056 
-0.0263379 
-0.0262594 
-0.0260755 
-0.0257903 
-0.0254064 
-0.024924 
-0.0243419 
-0.0236581 
-0.022871 
-0.0219798 
-0.0209852 
-0.0198862 
-0.0186894 
-0.0174038 
-0.0160398 
-0.0146094 
-0.0131253 
-0.0116 
-0.0100476 
-0.00848123 
-0.00691189 
-0.00534827 
-0.00379537 
-0.00225479 
-0.000724185 
0.000803728 
0.00234105 
0.00390593 
0.00552188 
0.00721643 
0.00901634 
0.0109356 
0.0129518 
0.0149813 
0.0168581 
0.0183627 
0.0192399 
0.0192758 
0.0183126 
0.0163512 
0.0135412 
0.010103 
0.00622365 
0.00212708 
-0.00212708 
0.00151344 
-0.00151344 
-0.00411527 
-0.00657554 
-0.00879391 
-0.0108295 
-0.012653 
-0.0143104 
-0.0158095 
-0.0171821 
-0.0184422 
-0.0196061 
-0.0206799 
-0.0216658 
-0.0225601 
-0.0233555 
-0.0240421 
-0.0246093 
-0.0250471 
-0.0253477 
-0.0255063 
-0.0255218 
-0.0253974 
-0.0251399 
-0.0247593 
-0.0242664 
-0.0236714 
-0.0229818 
-0.0222016 
-0.0213319 
-0.0203728 
-0.0193259 
-0.0181973 
-0.0169926 
-0.0157186 
-0.0143826 
-0.0129919 
-0.0115544 
-0.0100773 
-0.0085736 
-0.007054 
-0.00552698 
-0.00399983 
-0.00247648 
-0.000957999 
0.000557682 
0.00207726 
0.00361116 
0.00517497 
0.00678815 
0.00847284 
0.0102485 
0.0121209 
0.0140605 
0.0159806 
0.017721 
0.0190718 
0.0197978 
0.0196988 
0.0186562 
0.016659 
0.0138269 
0.0103491 
0.00639676 
0.00219087 
-0.00219087 
0.00151713 
-0.00151713 
-0.00413366 
-0.0065908 
-0.00879428 
-0.0107949 
-0.0125544 
-0.0141152 
-0.0154857 
-0.0167024 
-0.017788 
-0.0187702 
-0.0196677 
-0.0204958 
-0.0212619 
-0.0219674 
-0.0226065 
-0.023168 
-0.0236366 
-0.0239946 
-0.0242245 
-0.024311 
-0.0242429 
-0.0240153 
-0.0236301 
-0.0230968 
-0.0224306 
-0.0216507 
-0.0207765 
-0.0198239 
-0.0188036 
-0.017721 
-0.0165795 
-0.0153742 
-0.0141096 
-0.0127919 
-0.0114271 
-0.0100231 
-0.00858177 
-0.00711396 
-0.00563001 
-0.00413699 
-0.00264104 
-0.00114548 
0.000349444 
0.00184516 
0.00334705 
0.00486361 
0.00640711 
0.0079924 
0.0096357 
0.0113491 
0.0131311 
0.014947 
0.0167115 
0.0182754 
0.0194448 
0.0200089 
0.0197856 
0.0186803 
0.0166751 
0.0138625 
0.0104038 
0.00644959 
0.00221411 
-0.00221411 
0.00153374 
-0.00153374 
-0.00419356 
-0.00668744 
-0.00890258 
-0.010898 
-0.0126229 
-0.014114 
-0.0153769 
-0.0164478 
-0.0173532 
-0.0181269 
-0.018797 
-0.0193902 
-0.0199275 
-0.0204245 
-0.0208896 
-0.0213236 
-0.0217191 
-0.0220616 
-0.0223307 
-0.0225026 
-0.0225523 
-0.0224571 
-0.0221989 
-0.0217675 
-0.0211633 
-0.0203979 
-0.0194938 
-0.0184802 
-0.0173866 
-0.0162346 
-0.0150347 
-0.0137879 
-0.0125081 
-0.0112017 
-0.00986768 
-0.00849835 
-0.00708426 
-0.00564601 
-0.00419496 
-0.00273398 
-0.00126906 
0.000198419 
0.00166727 
0.00313807 
0.00461431 
0.00610192 
0.00760934 
0.00914655 
0.0107238 
0.0123463 
0.0140062 
0.0156661 
0.0172451 
0.0186083 
0.0195816 
0.0199794 
0.0196401 
0.0184801 
0.0164862 
0.0137196 
0.0103191 
0.0064132 
0.00220696 
-0.00220696 
0.00156341 
-0.00156341 
-0.00429818 
-0.0068619 
-0.0091312 
-0.0111508 
-0.0128766 
-0.014334 
-0.0155268 
-0.0164887 
-0.0172472 
-0.0178382 
-0.0182935 
-0.0186449 
-0.0189209 
-0.0191472 
-0.0193449 
-0.01953 
-0.019711 
-0.0198886 
-0.0200548 
-0.0201931 
-0.0202801 
-0.0202869 
-0.0201816 
-0.0199324 
-0.0195112 
-0.0188983 
-0.018088 
-0.0170936 
-0.0159509 
-0.0147149 
-0.0134477 
-0.0121927 
-0.0109567 
-0.00967956 
-0.00835983 
-0.00701334 
-0.00562281 
-0.00420423 
-0.00277339 
-0.00133571 
0.000105522 
0.00154874 
0.00299232 
0.0044363 
0.00588208 
0.00733261 
0.00879243 
0.0102668 
0.0117601 
0.0132719 
0.0147891 
0.0162736 
0.0176507 
0.0188013 
0.019573 
0.0198042 
0.0193546 
0.0181444 
0.0161683 
0.0134616 
0.0101421 
0.0063161 
0.00217883 
-0.00217883 
0.00160577 
-0.00160577 
-0.00444429 
-0.00710666 
-0.00946494 
-0.011541 
-0.0132985 
-0.0147542 
-0.0159116 
-0.0168027 
-0.0174562 
-0.0179104 
-0.0181997 
-0.0183582 
-0.018416 
-0.0184014 
-0.0183394 
-0.0182527 
-0.0181601 
-0.0180757 
-0.0180072 
-0.0179554 
-0.017913 
-0.0178646 
-0.0177874 
-0.0176519 
-0.0174227 
-0.0170615 
-0.0165299 
-0.0157957 
-0.0148422 
-0.0136775 
-0.0123444 
-0.0109168 
-0.00948414 
-0.00812281 
-0.00683477 
-0.00553752 
-0.00413478 
-0.00271582 
-0.0013153 
9.45215e-05 
0.00150554 
0.00292104 
0.00433666 
0.00575094 
0.00716201 
0.00856932 
0.00997324 
0.0113743 
0.012772 
0.0141605 
0.0155232 
0.0168228 
0.0179916 
0.0189267 
0.0194974 
0.0195644 
0.0190072 
0.0177496 
0.0157877 
0.0131434 
0.00991326 
0.0061832 
0.00213807 
-0.00213807 
0.00165977 
-0.00165977 
-0.00462725 
-0.0074139 
-0.00988517 
-0.0120501 
-0.0138599 
-0.0153377 
-0.016482 
-0.0173258 
-0.0179001 
-0.0182479 
-0.0184087 
-0.0184209 
-0.0183175 
-0.0181273 
-0.017875 
-0.0175825 
-0.0172688 
-0.0169501 
-0.0166397 
-0.0163467 
-0.0160758 
-0.0158264 
-0.0155923 
-0.0153608 
-0.0151124 
-0.01482 
-0.014448 
-0.0139521 
-0.0132825 
-0.0123911 
-0.0112488 
-0.00986241 
-0.00832308 
-0.0067583 
-0.0054021 
-0.00406634 
-0.00267974 
-0.001273 
0.000125431 
0.00152313 
0.00291747 
0.0043119 
0.00570344 
0.00708912 
0.00846465 
0.00982607 
0.0111697 
0.0124918 
0.0137872 
0.0150461 
0.0162495 
0.0173617 
0.0183229 
0.0190454 
0.0194191 
0.019325 
0.0186603 
0.0173539 
0.0153975 
0.0128087 
0.00966563 
0.00603504 
0.00209167 
-0.00209167 
0.0017238 
-0.0017238 
-0.00484209 
-0.00777473 
-0.0103806 
-0.0126554 
-0.0145402 
-0.0160568 
-0.0172021 
-0.0180096 
-0.0185136 
-0.0187629 
-0.0188051 
-0.018686 
-0.018445 
-0.0181146 
-0.0177211 
-0.0172859 
-0.016826 
-0.0163553 
-0.0158847 
-0.015422 
-0.0149727 
-0.0145393 
-0.0141218 
-0.0137178 
-0.0133222 
-0.0129273 
-0.0125211 
-0.0120862 
-0.0115975 
-0.0110212 
-0.0103168 
-0.00943588 
-0.00832497 
-0.00693542 
-0.0052681 
-0.00340896 
-0.00157032 
0.00010819 
0.00156712 
0.0029801 
0.00436742 
0.00574706 
0.00711843 
0.00847711 
0.00981683 
0.0111304 
0.0124106 
0.0136498 
0.014839 
0.0159653 
0.0170084 
0.0179349 
0.0186928 
0.0192083 
0.0193898 
0.0191375 
0.0183636 
0.0170025 
0.0150422 
0.0124921 
0.00942598 
0.00588837 
0.00204542 
-0.00204542 
0.0017959 
-0.0017959 
-0.00508319 
-0.00818059 
-0.0109405 
-0.0133441 
-0.0153263 
-0.0168946 
-0.0180527 
-0.0188302 
-0.0192654 
-0.0194131 
-0.0193307 
-0.0190738 
-0.0186908 
-0.018221 
-0.0176947 
-0.0171348 
-0.0165585 
-0.0159784 
-0.0154032 
-0.0148383 
-0.0142861 
-0.0137465 
-0.0132174 
-0.012695 
-0.0121747 
-0.0116515 
-0.01112 
-0.0105735 
-0.010002 
-0.00938842 
-0.0087079 
-0.00792374 
-0.00698589 
-0.0058198 
-0.00434316 
-0.00263865 
-0.00080212 
0.000969241 
0.00263496 
0.00420597 
0.00570143 
0.00714331 
0.00854343 
0.00990496 
0.011226 
0.0125007 
0.0137214 
0.0148786 
0.0159612 
0.0169549 
0.017839 
0.0185832 
0.0191431 
0.0194574 
0.0194513 
0.0190416 
0.0181544 
0.0167299 
0.0147536 
0.0122237 
0.00921495 
0.00575716 
0.0020041 
-0.0020041 
0.00187349 
-0.00187349 
-0.00534336 
-0.00862078 
-0.0115513 
-0.0141021 
-0.0161989 
-0.0178366 
-0.0190187 
-0.0197723 
-0.0201389 
-0.0201794 
-0.0199617 
-0.0195537 
-0.0190148 
-0.0183933 
-0.0177253 
-0.0170367 
-0.0163454 
-0.0156636 
-0.0149988 
-0.0143546 
-0.0137315 
-0.0131274 
-0.0125376 
-0.0119559 
-0.0113747 
-0.0107862 
-0.0101824 
-0.00955618 
-0.00890005 
-0.0082037 
-0.00745098 
-0.0066195 
-0.00568706 
-0.00463927 
-0.00348806 
-0.00226892 
-0.000978397 
0.000540616 
0.00242878 
0.0043457 
0.00622443 
0.00798567 
0.00962699 
0.0111501 
0.0125641 
0.0138741 
0.015082 
0.0161851 
0.0171772 
0.0180472 
0.0187784 
0.0193455 
0.0197126 
0.0198303 
0.0196388 
0.0190703 
0.0180633 
0.0165644 
0.014557 
0.0120333 
0.0090538 
0.00565482 
0.00197211 
-0.00197211 
0.00195314 
-0.00195314 
-0.00561299 
-0.00908074 
-0.0121949 
-0.0149091 
-0.0171374 
-0.0188633 
-0.0200796 
-0.0208167 
-0.0211158 
-0.0210436 
-0.0206796 
-0.0201052 
-0.0193938 
-0.018605 
-0.0177824 
-0.0169559 
-0.0161447 
-0.0153603 
-0.0146088 
-0.0138921 
-0.0132087 
-0.0125546 
-0.0119233 
-0.011307 
-0.0106964 
-0.0100815 
-0.00945218 
-0.00879848 
-0.00811086 
-0.00737971 
-0.00659311 
-0.00573643 
-0.00479205 
-0.00374375 
-0.002574 
-0.00131632 
-1.88067e-05 
0.00144432 
0.00309515 
0.00488707 
0.00675174 
0.00861567 
0.0104222 
0.0121249 
0.0136968 
0.015122 
0.0163926 
0.0175042 
0.0184532 
0.0192337 
0.0198356 
0.0202418 
0.020427 
0.0203548 
0.01998 
0.0192496 
0.0181145 
0.0165279 
0.0144742 
0.0119384 
0.00897359 
0.00559539 
0.00195485 
-0.00195485 
0.0020303 
-0.0020303 
-0.00587906 
-0.00954024 
-0.0128452 
-0.015735 
-0.0181097 
-0.0199391 
-0.0212043 
-0.0219335 
-0.0221687 
-0.0219804 
-0.0214604 
-0.020705 
-0.0198044 
-0.0188319 
-0.017841 
-0.0168667 
-0.0159297 
-0.0150408 
-0.0142043 
-0.0134197 
-0.0126829 
-0.0119876 
-0.0113252 
-0.0106858 
-0.0100582 
-0.00943074 
-0.00879152 
-0.00812878 
-0.00743071 
-0.00668587 
-0.00588131 
-0.00500398 
-0.00403989 
-0.00298081 
-0.0018198 
-0.000570264 
0.000774423 
0.00225651 
0.003829 
0.00548323 
0.00723895 
0.00907379 
0.0109357 
0.0127591 
0.0144853 
0.0160665 
0.017468 
0.0186673 
0.0196509 
0.0204103 
0.0209389 
0.0212276 
0.0212623 
0.0210208 
0.0204737 
0.0195835 
0.0183142 
0.0166278 
0.0145111 
0.0119452 
0.00897524 
0.00559972 
0.0019548 
-0.0019548 
0.00209905 
-0.00209905 
-0.00612435 
-0.00997214 
-0.0134669 
-0.0165383 
-0.019071 
-0.0210182 
-0.0223478 
-0.0230783 
-0.023256 
-0.0229521 
-0.0222697 
-0.0213217 
-0.0202167 
-0.0190453 
-0.0178732 
-0.0167422 
-0.0156748 
-0.014681 
-0.0137625 
-0.0129157 
-0.0121337 
-0.0114071 
-0.0107247 
-0.0100742 
-0.00944254 
-0.00881622 
-0.00818149 
-0.00752508 
-0.00683347 
-0.00609413 
-0.00529338 
-0.00441908 
-0.00345723 
-0.00239981 
-0.00123382 
3.50642e-05 
0.00140074 
0.00288783 
0.00449062 
0.00619512 
0.00797873 
0.00980695 
0.011646 
0.0134603 
0.0152086 
0.0168439 
0.0183199 
0.0195956 
0.0206385 
0.021425 
0.0219393 
0.0221702 
0.0221082 
0.0217409 
0.0210525 
0.0200206 
0.0186232 
0.0168325 
0.0146408 
0.0120278 
0.00903299 
0.00564211 
0.0019748 
-0.0019748 
0.00215198 
-0.00215198 
-0.00632685 
-0.0103409 
-0.0140124 
-0.0172623 
-0.0199579 
-0.0220333 
-0.0234414 
-0.0241858 
-0.0243159 
-0.0239024 
-0.0230576 
-0.0219112 
-0.0205916 
-0.0192095 
-0.0178461 
-0.0165519 
-0.0153522 
-0.0142555 
-0.0132605 
-0.0123597 
-0.0115425 
-0.0107959 
-0.0101056 
-0.00945657 
-0.00883332 
-0.00822026 
-0.00760167 
-0.00696251 
-0.00628733 
-0.00556185 
-0.00477067 
-0.00390082 
-0.00293798 
-0.00187339 
-0.000696626 
0.000594954 
0.00199913 
0.00352918 
0.00516614 
0.00689557 
0.00869676 
0.0105347 
0.0123732 
0.0141817 
0.0159213 
0.0175521 
0.019033 
0.0203238 
0.021387 
0.0221897 
0.0227058 
0.0229155 
0.0228051 
0.0223633 
0.0215805 
0.0204441 
0.0189436 
0.0170615 
0.0147969 
0.0121314 
0.0091014 
0.00568532 
0.00199364 
-0.00199364 
0.00218011 
-0.00218011 
-0.00645946 
-0.010602 
-0.0144209 
-0.0178317 
-0.0206837 
-0.0228911 
-0.0243883 
-0.0251626 
-0.0252591 
-0.0247502 
-0.0237526 
-0.0224119 
-0.0208761 
-0.0192789 
-0.0177196 
-0.0162604 
-0.0149304 
-0.013737 
-0.0126748 
-0.0117317 
-0.0108925 
-0.0101402 
-0.00945688 
-0.00882459 
-0.00822508 
-0.00764059 
-0.00705331 
-0.00644639 
-0.00580244 
-0.00510538 
-0.00433796 
-0.00348589 
-0.00253345 
-0.00146979 
-0.000284432 
0.00103282 
0.00247546 
0.00405341 
0.00575291 
0.00755767 
0.00943834 
0.0113557 
0.013265 
0.015117 
0.0168632 
0.0184638 
0.0198872 
0.0211063 
0.0220956 
0.0228299 
0.0232854 
0.0234404 
0.023276 
0.0227768 
0.0219306 
0.0207262 
0.019157 
0.0172114 
0.0148935 
0.0121885 
0.00913194 
0.00570013 
0.00199797 
-0.00199797 
0.00217322 
-0.00217322 
-0.00649053 
-0.0107023 
-0.0146185 
-0.0181539 
-0.021141 
-0.023474 
-0.025065 
-0.0258842 
-0.0259646 
-0.0253837 
-0.0242553 
-0.0227392 
-0.0209999 
-0.0191948 
-0.0174444 
-0.0158259 
-0.0143741 
-0.0130955 
-0.0119801 
-0.0110106 
-0.0101663 
-0.0094257 
-0.00876685 
-0.00816844 
-0.00760943 
-0.00706969 
-0.00652923 
-0.00596925 
-0.00537028 
-0.00471404 
-0.00398126 
-0.00315573 
-0.00222017 
-0.00116112 
3.19001e-05 
0.00137441 
0.00286174 
0.00450176 
0.00627906 
0.00817437 
0.0101534 
0.0121698 
0.0141684 
0.016089 
0.0178722 
0.0194711 
0.0208496 
0.0219836 
0.0228572 
0.0234589 
0.0237799 
0.0238109 
0.0235404 
0.0229548 
0.0220401 
0.0207814 
0.0191693 
0.017191 
0.0148507 
0.0121352 
0.00907967 
0.00566144 
0.0019814 
-0.0019814 
0.00212024 
-0.00212024 
-0.00638518 
-0.0105821 
-0.0145203 
-0.0181202 
-0.0212006 
-0.0236373 
-0.0253163 
-0.0261921 
-0.026275 
-0.0256549 
-0.0244341 
-0.0227811 
-0.020871 
-0.0188833 
-0.0169611 
-0.0152 
-0.0136435 
-0.0122984 
-0.0111501 
-0.0101753 
-0.00934738 
-0.00863962 
-0.00802591 
-0.00748147 
-0.00698241 
-0.00650627 
-0.0060309 
-0.00553559 
-0.00499874 
-0.00439991 
-0.00371778 
-0.00293413 
-0.00202941 
-0.000987338 
0.000205585 
0.00156701 
0.00309788 
0.00480502 
0.00667474 
0.00868426 
0.010792 
0.0129421 
0.0150674 
0.0170956 
0.018956 
0.0205855 
0.0219348 
0.0229824 
0.0237191 
0.0241458 
0.0242714 
0.0241071 
0.02366 
0.0229297 
0.0219081 
0.02058 
0.0189308 
0.0169416 
0.014611 
0.0119228 
0.00890892 
0.0055487 
0.00193822 
-0.00193822 
0.00201011 
-0.00201011 
-0.00610768 
-0.0101788 
-0.014035 
-0.0176107 
-0.020716 
-0.0232131 
-0.0249588 
-0.0258948 
-0.025997 
-0.02538 
-0.0241226 
-0.0223956 
-0.0203737 
-0.0182532 
-0.0161986 
-0.0143271 
-0.0126947 
-0.011311 
-0.0101575 
-0.00920454 
-0.00841921 
-0.00776941 
-0.00722465 
-0.00675675 
-0.00633904 
-0.00594688 
-0.0055561 
-0.00514417 
-0.00468745 
-0.00416339 
-0.00354882 
-0.00282326 
-0.00196449 
-0.000952858 
0.000229364 
0.00160199 
0.00317329 
0.0049498 
0.00691813 
0.00905006 
0.0112953 
0.0135867 
0.015845 
0.0179864 
0.0199289 
0.0215997 
0.0229369 
0.0239126 
0.0245217 
0.024771 
0.0246832 
0.0242897 
0.023621 
0.0226982 
0.0215293 
0.0201062 
0.018414 
0.0164273 
0.0141358 
0.011516 
0.00859286 
0.00534566 
0.00186353 
-0.00186353 
0.0018329 
-0.0018329 
-0.00562492 
-0.00943245 
-0.0130725 
-0.0165023 
-0.0195317 
-0.0220185 
-0.0237897 
-0.0247789 
-0.0249113 
-0.0243461 
-0.0231264 
-0.0214144 
-0.0193701 
-0.0171964 
-0.0150749 
-0.0131457 
-0.0114814 
-0.0100982 
-0.00897563 
-0.0080783 
-0.00736707 
-0.00680448 
-0.00635578 
-0.00598964 
-0.00567696 
-0.00539122 
-0.00510657 
-0.00479895 
-0.00444293 
-0.0040142 
-0.00348802 
-0.00284145 
-0.00204915 
-0.0010875 
6.61581e-05 
0.00143492 
0.00303368 
0.00486864 
0.00692485 
0.00916582 
0.0115306 
0.0139408 
0.0163083 
0.0185428 
0.0205571 
0.0222696 
0.0236166 
0.0245356 
0.0250345 
0.0251205 
0.0248274 
0.0242056 
0.023308 
0.0221788 
0.0208468 
0.0193181 
0.0175832 
0.0156146 
0.0133934 
0.0108869 
0.00810997 
0.00503893 
0.0017531 
-0.0017531 
0.00158115 
-0.00158115 
-0.00491091 
-0.00829442 
-0.0115561 
-0.0146851 
-0.0175013 
-0.0198743 
-0.0216054 
-0.0226223 
-0.0227893 
-0.022329 
-0.0212369 
-0.0196535 
-0.0177072 
-0.0155929 
-0.0135001 
-0.0115902 
-0.00995614 
-0.00862557 
-0.00757963 
-0.00677883 
-0.00617854 
-0.00573633 
-0.00541372 
-0.00517671 
-0.00499433 
-0.00483873 
-0.00468291 
-0.00450169 
-0.0042683 
-0.0039573 
-0.00354268 
-0.00299882 
-0.00229705 
-0.0014096 
-0.000308014 
0.00103243 
0.00263288 
0.00449627 
0.00660147 
0.0089003 
0.0113209 
0.0137782 
0.0161828 
0.018447 
0.0204859 
0.0222142 
0.023569 
0.0244518 
0.0248743 
0.0248389 
0.0243852 
0.0235796 
0.0224943 
0.0211948 
0.0197297 
0.0181219 
0.016372 
0.014455 
0.012347 
0.0100075 
0.00743992 
0.00461611 
0.00160285 
-0.00160285 
0.00125104 
-0.00125104 
-0.0039515 
-0.00673633 
-0.00943657 
-0.0120813 
-0.0145088 
-0.016623 
-0.0182176 
-0.0192156 
-0.0194272 
-0.019124 
-0.0182609 
-0.0169367 
-0.0152338 
-0.0133211 
-0.0113828 
-0.00959546 
-0.00807378 
-0.00686232 
-0.00594872 
-0.00529251 
-0.00484501 
-0.00455995 
-0.00439593 
-0.00431713 
-0.00429158 
-0.00429087 
-0.00428758 
-0.00425604 
-0.00416891 
-0.0040004 
-0.00372354 
-0.00331017 
-0.00272848 
-0.0019465 
-0.000930799 
0.00034376 
0.00189911 
0.00373109 
0.00580563 
0.00806171 
0.0104211 
0.0128014 
0.0151245 
0.0173176 
0.0193064 
0.0210116 
0.0223604 
0.0232452 
0.0236327 
0.023535 
0.0229909 
0.0220816 
0.0208944 
0.0195108 
0.0179945 
0.0163818 
0.0146841 
0.012882 
0.010951 
0.00884663 
0.00656208 
0.00406527 
0.00140894 
-0.00140894 
0.000843121 
-0.000843121 
-0.00274828 
-0.00475961 
-0.00670944 
-0.00867322 
-0.0105102 
-0.0121802 
-0.0134966 
-0.0144135 
-0.0146837 
-0.0145943 
-0.0140619 
-0.0131299 
-0.0118258 
-0.010275 
-0.00864035 
-0.00710246 
-0.00579538 
-0.00478408 
-0.00406851 
-0.00361151 
-0.0033631 
-0.00327471 
-0.00330337 
-0.00341264 
-0.00357075 
-0.00374975 
-0.00392277 
-0.00406448 
-0.00414798 
-0.00414811 
-0.00403743 
-0.00378584 
-0.00335912 
-0.00272157 
-0.00183782 
-0.00068191 
0.000754228 
0.00245791 
0.00437643 
0.00644019 
0.00857518 
0.0107155 
0.0128083 
0.0148058 
0.0166512 
0.0182776 
0.0196004 
0.0205155 
0.0209209 
0.0208387 
0.0202963 
0.0193907 
0.0182229 
0.0168839 
0.0154446 
0.0139475 
0.0124106 
0.0108208 
0.00915603 
0.00737232 
0.00545676 
0.00337565 
0.00116813 
-0.00116813 
0.000360259 
-0.000360259 
-0.00131749 
-0.00240064 
-0.00342492 
-0.00452299 
-0.00556679 
-0.00658951 
-0.007425 
-0.00815658 
-0.00854811 
-0.00872067 
-0.00860453 
-0.00817882 
-0.00741726 
-0.00638757 
-0.00521498 
-0.00406837 
-0.00309378 
-0.00237671 
-0.00193376 
-0.0017361 
-0.00173616 
-0.00188557 
-0.00214147 
-0.00246839 
-0.0028363 
-0.00321902 
-0.00359141 
-0.00392947 
-0.00420816 
-0.00440398 
-0.00448992 
-0.00443511 
-0.00420419 
-0.00375995 
-0.00306796 
-0.00210844 
-0.000889112 
0.000550441 
0.00214938 
0.00383962 
0.00556638 
0.00729403 
0.00900464 
0.0106788 
0.0122807 
0.0137609 
0.015029 
0.0159917 
0.0164571 
0.0164603 
0.0160193 
0.0152465 
0.0142493 
0.013118 
0.01192 
0.0106947 
0.00946052 
0.00820831 
0.00692072 
0.00555935 
0.00410957 
0.00254061 
0.000878957 
-0.000878957 
-0.000190753 
0.000190753 
0.000309327 
0.000271771 
0.000309137 
0.000221173 
0.000131433 
-7.12157e-05 
-0.000264474 
-0.000660141 
-0.00117964 
-0.00165634 
-0.00200017 
-0.00214677 
-0.00202709 
-0.00164903 
-0.00108609 
-0.000474724 
4.17767e-05 
0.000361657 
0.000450049 
0.000323545 
2.37271e-05 
-0.000404351 
-0.000920617 
-0.00149308 
-0.00209494 
-0.00270327 
-0.00329616 
-0.00385204 
-0.00434944 
-0.00476774 
-0.00508164 
-0.00526143 
-0.00527272 
-0.00508027 
-0.00465593 
-0.00399311 
-0.00311911 
-0.00209495 
-0.000989359 
0.000147534 
0.00129546 
0.00246096 
0.00365629 
0.00488546 
0.00613298 
0.00737092 
0.00851876 
0.00952268 
0.0101154 
0.0102816 
0.0100322 
0.00951518 
0.00884973 
0.00810794 
0.00733642 
0.00655838 
0.00578606 
0.00501211 
0.00422524 
0.00339736 
0.0025164 
0.00156002 
0.000542453 
-0.000542453 
-0.000796243 
0.000796243 
0.00208938 
0.00318405 
0.00435579 
0.00535993 
0.00627498 
0.00694764 
0.0073642 
0.007341 
0.0068815 
0.00619725 
0.00546251 
0.00477299 
0.00423166 
0.00388937 
0.00373379 
0.00368042 
0.0036108 
0.00342309 
0.00306819 
0.00254872 
0.00189632 
0.00114934 
0.00034165 
-0.000500314 
-0.00135596 
-0.00220834 
-0.0030395 
-0.0038318 
-0.00456912 
-0.00523505 
-0.00580788 
-0.00626139 
-0.00656528 
-0.00669094 
-0.00662263 
-0.00637291 
-0.00598901 
-0.00553887 
-0.00507886 
-0.00463023 
-0.00417392 
-0.00367132 
-0.00309077 
-0.00241366 
-0.00163955 
-0.000779309 
0.000110011 
0.0010052 
0.00167579 
0.00207646 
0.00221094 
0.00216335 
0.00204317 
0.00189264 
0.00173408 
0.00157197 
0.00141207 
0.00125011 
0.00108362 
0.000899336 
0.000689809 
0.000448373 
0.000167212 
-0.000167212 
-0.001442 
0.001442 
0.00398718 
0.00627655 
0.00860326 
0.0107104 
0.012599 
0.0140885 
0.0150597 
0.0153974 
0.0151266 
0.0144019 
0.0134022 
0.0122639 
0.0111159 
0.0100569 
0.00913509 
0.00832977 
0.00756885 
0.00677147 
0.00588786 
0.00490957 
0.00385536 
0.00275235 
0.00162537 
0.000493241 
-0.000631407 
-0.0017406 
-0.00282314 
-0.00386609 
-0.00486056 
-0.00579582 
-0.00665594 
-0.0074209 
-0.00806814 
-0.00858044 
-0.00895916 
-0.00923668 
-0.0094722 
-0.00972491 
-0.0100208 
-0.0103413 
-0.0106387 
-0.0108602 
-0.0109639 
-0.0109237 
-0.0107291 
-0.0103816 
-0.00991169 
-0.00933695 
-0.00871848 
-0.0080107 
-0.00728746 
-0.00660818 
-0.00596038 
-0.00533443 
-0.00472565 
-0.00413734 
-0.00356525 
-0.00300572 
-0.00244996 
-0.00189289 
-0.00133774 
-0.000770315 
-0.000236465 
0.000236465 
-0.00211906 
0.00211906 
0.00597978 
0.00950582 
0.0129716 
0.0161423 
0.01894 
0.0211718 
0.0226828 
0.0234031 
0.023365 
0.0226809 
0.0215176 
0.0200232 
0.018342 
0.0166056 
0.0149141 
0.0133138 
0.0117942 
0.0103141 
0.00883674 
0.00734851 
0.00585528 
0.00437021 
0.00290562 
0.00146909 
6.54632e-05 
-0.00130705 
-0.00264765 
-0.00394974 
-0.00521283 
-0.00643369 
-0.00760422 
-0.00871348 
-0.0097501 
-0.0107117 
-0.0116174 
-0.0125135 
-0.0134568 
-0.0144823 
-0.0155798 
-0.0167003 
-0.017779 
-0.0187559 
-0.0195854 
-0.020235 
-0.0206828 
-0.0209126 
-0.020908 
-0.0206296 
-0.0199644 
-0.0189216 
-0.0176137 
-0.0161749 
-0.0146983 
-0.0132277 
-0.011782 
-0.0103715 
-0.00899294 
-0.00763478 
-0.00627848 
-0.00490329 
-0.00350845 
-0.00206527 
-0.000660941 
0.000660941 
-0.00282302 
0.00282302 
0.00805553 
0.0128477 
0.0174208 
0.021588 
0.0252195 
0.0281251 
0.0301556 
0.0312587 
0.0314695 
0.0308733 
0.0296117 
0.0278272 
0.0256706 
0.0232969 
0.0208516 
0.0184451 
0.0161346 
0.0139302 
0.0118198 
0.00979103 
0.00783795 
0.00595816 
0.00414914 
0.00240538 
0.000721273 
-0.000914788 
-0.00251212 
-0.00407468 
-0.00561038 
-0.00712533 
-0.00862123 
-0.0100987 
-0.0115598 
-0.0130182 
-0.0145068 
-0.0160746 
-0.0177619 
-0.0195714 
-0.021461 
-0.0233612 
-0.0251988 
-0.0269092 
-0.0284387 
-0.0297411 
-0.0307734 
-0.0314872 
-0.0318186 
-0.031679 
-0.0309334 
-0.0296332 
-0.0278777 
-0.0258239 
-0.02362 
-0.0213638 
-0.0191068 
-0.0168733 
-0.0146661 
-0.0124714 
-0.0102667 
-0.00802416 
-0.00574126 
-0.00339072 
-0.00109349 
0.00109349 
-0.00355115 
0.00355115 
0.0102068 
0.0162896 
0.0219406 
0.0270319 
0.0314215 
0.034938 
0.0374517 
0.0389175 
0.0393663 
0.0388639 
0.0375248 
0.0354778 
0.032875 
0.0298911 
0.0267126 
0.0235104 
0.0204086 
0.0174729 
0.0147218 
0.0121481 
0.00973549 
0.00746541 
0.00531903 
0.00327689 
0.00132099 
-0.000569673 
-0.00241425 
-0.00422991 
-0.00603322 
-0.00784094 
-0.00966607 
-0.0115223 
-0.0134265 
-0.0154056 
-0.0174991 
-0.0197468 
-0.0221626 
-0.0247172 
-0.0273451 
-0.0299653 
-0.0324987 
-0.0348726 
-0.0370192 
-0.0388724 
-0.0403629 
-0.0414127 
-0.0419343 
-0.0418395 
-0.0410275 
-0.039554 
-0.037497 
-0.0350077 
-0.0322447 
-0.0293344 
-0.0263567 
-0.0233543 
-0.0203415 
-0.017311 
-0.0142445 
-0.0111186 
-0.00793592 
-0.00468763 
-0.00151591 
0.00151591 
-0.00429757 
0.00429757 
0.0124151 
0.0198076 
0.0265186 
0.032475 
0.037556 
0.0416228 
0.04457 
0.0463575 
0.0470072 
0.0465637 
0.0451202 
0.042793 
0.0397372 
0.036149 
0.0322554 
0.0282834 
0.0244193 
0.0207806 
0.0174154 
0.0143222 
0.0114747 
0.00883786 
0.00637656 
0.00405737 
0.00184979 
-0.000276489 
-0.00235009 
-0.0044019 
-0.00645764 
-0.00854513 
-0.0106897 
-0.0129187 
-0.0152628 
-0.0177581 
-0.0204418 
-0.0233345 
-0.0264203 
-0.0296429 
-0.0329214 
-0.0361682 
-0.0392984 
-0.0422292 
-0.0448778 
-0.0471586 
-0.0489837 
-0.0502607 
-0.0509012 
-0.0508314 
-0.0499798 
-0.0483984 
-0.0461522 
-0.043373 
-0.0402069 
-0.0367838 
-0.0331984 
-0.0295096 
-0.0257463 
-0.0219152 
-0.0180114 
-0.0140271 
-0.00997969 
-0.00588992 
-0.0019075 
0.0019075 
-0.00504681 
0.00504681 
0.0146316 
0.0233322 
0.0310901 
0.0378703 
0.0435888 
0.0481466 
0.0514646 
0.0535089 
0.0542901 
0.0538338 
0.0522193 
0.0495571 
0.046013 
0.041812 
0.0372237 
0.0325273 
0.0279617 
0.0236861 
0.0197704 
0.016215 
0.0129824 
0.0100222 
0.00728417 
0.00472198 
0.00229393 
-3.90608e-05 
-0.00231427 
-0.00457526 
-0.0068572 
-0.00919865 
-0.0116374 
-0.014214 
-0.0169709 
-0.0199481 
-0.0231727 
-0.0266405 
-0.0303065 
-0.0340938 
-0.0379116 
-0.0416693 
-0.0452774 
-0.0486457 
-0.0516802 
-0.0542834 
-0.0563568 
-0.0578036 
-0.0585398 
-0.0585038 
-0.0576424 
-0.0560035 
-0.0536428 
-0.0506709 
-0.0472141 
-0.0433931 
-0.039306 
-0.0350225 
-0.0305871 
-0.0260246 
-0.0213508 
-0.0165821 
-0.0117583 
-0.00693159 
-0.00224733 
0.00224733 
-0.00576551 
0.00576551 
0.0167532 
0.026707 
