0 
-0.00142173 
-0.00148077 
0.000514267 
0.00372726 
0.0075568 
0.0117529 
0.0161146 
0.0205396 
0.0249686 
0.0293769 
0.0337585 
0.0381171 
0.0424589 
0.0467888 
0.0511066 
0.0554064 
0.0596751 
0.0638929 
0.0680333 
0.0720638 
0.075947 
0.0796414 
0.0831025 
0.0862843 
0.0891404 
0.0916252 
0.0936955 
0.0953119 
0.09644 
0.0970546 
0.097137 
0.0966716 
0.0956485 
0.0940655 
0.0919283 
0.0892509 
0.0860577 
0.082384 
0.0782778 
0.0737999 
0.0690246 
0.0640382 
0.058937 
0.0538243 
0.0488048 
0.0439772 
0.0394205 
0.0351747 
0.0312251 
0.0275099 
0.0239638 
0.0205678 
0.0173599 
0.0143999 
0.0117307 
0.0093685 
0.00731252 
0.00555546 
0.00408624 
0.00288953 
0.00194178 
0.00121199 
0.000652904 
0.000203286 
0 
0.00142173 
-0.00142173 
-0.00148077 
0.000514267 
0.00372726 
0.0075568 
0.0117529 
0.0161146 
0.0205396 
0.0249686 
0.0293769 
0.0337585 
0.0381171 
0.0424589 
0.0467888 
0.0511066 
0.0554064 
0.0596751 
0.0638929 
0.0680333 
0.0720638 
0.075947 
0.0796414 
0.0831025 
0.0862843 
0.0891404 
0.0916252 
0.0936955 
0.0953119 
0.09644 
0.0970546 
0.097137 
0.0966716 
0.0956485 
0.0940655 
0.0919283 
0.0892509 
0.0860577 
0.082384 
0.0782778 
0.0737999 
0.0690246 
0.0640382 
0.058937 
0.0538243 
0.0488048 
0.0439772 
0.0394205 
0.0351747 
0.0312251 
0.0275099 
0.0239638 
0.0205678 
0.0173599 
0.0143999 
0.0117307 
0.0093685 
0.00731252 
0.00555546 
0.00408624 
0.00288953 
0.00194178 
0.00121199 
0.000652904 
0.000203286 
-0.000203286 
-2.33017e-05 
2.33017e-05 
0.00207467 
0.00451701 
0.00763167 
0.0111923 
0.0150293 
0.0189995 
0.0230206 
0.0270479 
0.0310657 
0.0350741 
0.0390812 
0.0430963 
0.0471261 
0.0511717 
0.0552279 
0.0592817 
0.0633133 
0.0672955 
0.0711955 
0.0749748 
0.0785912 
0.0819996 
0.0851532 
0.0880052 
0.0905097 
0.0926233 
0.0943053 
0.0955221 
0.0962288 
0.0964084 
0.0960429 
0.0951204 
0.0936376 
0.0915987 
0.0890164 
0.0859129 
0.0823217 
0.0782885 
0.0738722 
0.0691455 
0.0641932 
0.0591105 
0.0539984 
0.0489587 
0.0440852 
0.0394528 
0.0351024 
0.0310314 
0.0272025 
0.0235769 
0.0201495 
0.0169516 
0.0140232 
0.011389 
0.00905646 
0.00702341 
0.00528519 
0.0038336 
0.00265867 
0.00174242 
0.0010548 
0.000551048 
0.000167559 
-0.000167559 
-0.00121868 
0.00121868 
0.0037041 
0.00641895 
0.0094814 
0.0128017 
0.0162661 
0.019791 
0.0233298 
0.0268665 
0.0304047 
0.0339582 
0.0375434 
0.0411744 
0.04486 
0.0486018 
0.0523935 
0.0562203 
0.0600602 
0.0638836 
0.0676549 
0.0713332 
0.0748739 
0.0782296 
0.0813518 
0.0841922 
0.0867041 
0.088844 
0.0905724 
0.0918577 
0.0926649 
0.0929716 
0.0927624 
0.0920249 
0.0907536 
0.0889494 
0.0866197 
0.0837799 
0.0804553 
0.0766829 
0.0725131 
0.0680106 
0.0632538 
0.0583329 
0.053345 
0.0483888 
0.0435553 
0.0389181 
0.0345215 
0.0303753 
0.0264647 
0.0227775 
0.019326 
0.0161396 
0.0132431 
0.0106461 
0.00834907 
0.00635077 
0.00465008 
0.00324546 
0.00213091 
0.00129002 
0.000702285 
0.000324229 
8.802e-05 
-8.802e-05 
-0.00115881 
0.00115881 
0.00390953 
0.00689332 
0.00995271 
0.01306 
0.0161525 
0.0192175 
0.0222558 
0.0252879 
0.0283409 
0.0314432 
0.0346191 
0.0378855 
0.0412509 
0.0447148 
0.0482678 
0.0518917 
0.055561 
0.0592427 
0.0628981 
0.0664837 
0.0699523 
0.0732543 
0.0763393 
0.0791572 
0.0816602 
0.0838036 
0.085548 
0.0868625 
0.0877186 
0.0880981 
0.0879906 
0.087388 
0.0862881 
0.0846934 
0.0826102 
0.0800499 
0.0770308 
0.0735797 
0.0697356 
0.0655508 
0.0610923 
0.0564402 
0.0516839 
0.0469161 
0.0422237 
0.0376784 
0.0333262 
0.0291859 
0.0252624 
0.0215688 
0.0181349 
0.0149901 
0.0121465 
0.00960178 
0.00735224 
0.00539778 
0.00374337 
0.00239053 
0.00134633 
0.000610229 
0.000163436 
-2.94295e-05 
-3.84079e-05 
3.84079e-05 
-0.00116805 
0.00116805 
0.00396628 
0.0069073 
0.00975749 
0.0125266 
0.0151859 
0.0177717 
0.0203185 
0.0228738 
0.0254807 
0.0281759 
0.0309862 
0.0339275 
0.0370053 
0.0402152 
0.0435443 
0.0469715 
0.0504684 
0.0540004 
0.0575269 
0.0610032 
0.0643807 
0.067609 
0.0706365 
0.0734121 
0.0758865 
0.0780141 
0.0797545 
0.0810769 
0.0819546 
0.0823718 
0.0823235 
0.081807 
0.0808263 
0.0793889 
0.0775046 
0.0751853 
0.0724462 
0.0693078 
0.0657991 
0.0619606 
0.0578461 
0.0535232 
0.0490704 
0.0445711 
0.040105 
0.0357384 
0.0315154 
0.0274603 
0.0235947 
0.0199551 
0.0165858 
0.0135135 
0.010739 
0.00825155 
0.00604709 
0.00413026 
0.00251161 
0.00121305 
0.000253174 
-0.00034544 
-0.000604315 
-0.000544616 
-0.000226028 
0.000226028 
-0.00106143 
0.00106143 
0.00370909 
0.0064622 
0.00900922 
0.0114012 
0.0136309 
0.0157712 
0.017878 
0.0200155 
0.0222342 
0.0245733 
0.0270572 
0.0296983 
0.0324985 
0.0354509 
0.0385408 
0.0417463 
0.0450393 
0.0483852 
0.0517442 
0.055072 
0.0583209 
0.0614408 
0.0643801 
0.067087 
0.0695114 
0.0716062 
0.0733293 
0.0746485 
0.0755355 
0.0759747 
0.0759656 
0.075511 
0.0746207 
0.0733081 
0.0715879 
0.0694748 
0.0669843 
0.0641339 
0.0609464 
0.0574531 
0.0536966 
0.0497322 
0.0456263 
0.0414509 
0.0372755 
0.0331571 
0.029134 
0.0252333 
0.0214918 
0.0179657 
0.0147079 
0.0117379 
0.00904502 
0.00661545 
0.00444725 
0.0025547 
0.000961965 
-0.000275656 
-0.0011351 
-0.00159458 
-0.00163557 
-0.00125293 
-0.000489344 
0.000489344 
-0.000951648 
0.000951648 
0.00334251 
0.00577969 
0.00794472 
0.0099329 
0.0117484 
0.0134849 
0.0152048 
0.0169778 
0.0188533 
0.0208668 
0.0230383 
0.0253768 
0.0278819 
0.0305467 
0.0333575 
0.0362948 
0.0393326 
0.042439 
0.0455769 
0.0487043 
0.0517753 
0.0547417 
0.057553 
0.0601578 
0.0625051 
0.0645465 
0.0662377 
0.0675449 
0.068438 
0.0688999 
0.0689336 
0.0685448 
0.0677476 
0.0665595 
0.0649985 
0.0630821 
0.0608273 
0.058251 
0.0553731 
0.0522192 
0.0488241 
0.0452331 
0.041501 
0.0376879 
0.0338504 
0.0300328 
0.0262646 
0.0225748 
0.0190149 
0.015656 
0.01255 
0.00970332 
0.00709649 
0.00471515 
0.00256693 
0.000676871 
-0.000884873 
-0.0020831 
-0.00287113 
-0.00319893 
-0.00299359 
-0.00219976 
-0.000845253 
0.000845253 
-0.000802511 
0.000802511 
0.00285245 
0.00491133 
0.00667317 
0.00827183 
0.00971064 
0.0110916 
0.0124727 
0.013921 
0.015479 
0.0171769 
0.01903 
0.0210455 
0.0232237 
0.0255597 
0.0280436 
0.0306598 
0.0333867 
0.0361968 
0.0390567 
0.0419281 
0.0447687 
0.0475332 
0.0501735 
0.0526396 
0.0548803 
0.0568464 
0.0584913 
0.0597794 
0.0606765 
0.0611641 
0.0612487 
0.0609389 
0.0602515 
0.0592056 
0.05782 
0.0561129 
0.0541013 
0.0518023 
0.0492345 
0.0464212 
0.0433922 
0.0401858 
0.0368472 
0.0334241 
0.0299584 
0.0264791 
0.0230062 
0.0195724 
0.0162435 
0.0130966 
0.0101717 
0.00745826 
0.00493086 
0.00258119 
0.000428259 
-0.00146051 
-0.00303382 
-0.00423983 
-0.00499662 
-0.00519818 
-0.00468205 
-0.0033585 
-0.00127323 
0.00127323 
-0.000644382 
0.000644382 
0.00231244 
0.003959 
0.00531969 
0.00655121 
0.00764878 
0.00871238 
0.00978751 
0.0109338 
0.012184 
0.0135628 
0.0150824 
0.01675 
0.018568 
0.0205355 
0.0226471 
0.0248928 
0.0272564 
0.0297156 
0.0322422 
0.0348027 
0.0373592 
0.0398706 
0.0422925 
0.0445775 
0.0466755 
0.0485371 
0.0501147 
0.0513711 
0.0522691 
0.0527897 
0.0529419 
0.0527358 
0.052188 
0.0513159 
0.0501362 
0.048665 
0.0469183 
0.0449128 
0.0426672 
0.0402042 
0.0375517 
0.034743 
0.0318152 
0.0288033 
0.0257333 
0.022618 
0.0194698 
0.0163293 
0.013273 
0.0103722 
0.00764427 
0.00506165 
0.00259921 
0.000257243 
-0.00190772 
-0.00384203 
-0.00548642 
-0.0067491 
-0.00748736 
-0.00750011 
-0.00653568 
-0.00455877 
-0.00169404 
0.00169404 
-0.000476903 
0.000476903 
0.00174386 
0.00297309 
0.00395532 
0.00484859 
0.00563844 
0.00641443 
0.00720647 
0.00806366 
0.00900922 
0.010063 
0.0112356 
0.0125353 
0.0139674 
0.0155352 
0.0172386 
0.0190731 
0.0210288 
0.0230897 
0.0252336 
0.0274326 
0.0296542 
0.0318623 
0.0340177 
0.036077 
0.0379926 
0.0397161 
0.0412007 
0.0424091 
0.0433016 
0.0438615 
0.0441002 
0.0440274 
0.0436548 
0.0429939 
0.0420557 
0.0408524 
0.039398 
0.0377086 
0.0358041 
0.0337077 
0.0314469 
0.0290517 
0.0265512 
0.0239673 
0.0213086 
0.0185734 
0.0157726 
0.0129573 
0.0102074 
0.00757321 
0.00504336 
0.00257869 
0.000158463 
-0.002189 
-0.00440818 
-0.00644327 
-0.00820218 
-0.00951616 
-0.0101449 
-0.00976929 
-0.00819538 
-0.00554217 
-0.00201494 
0.00201494 
-0.00031039 
0.00031039 
0.00117858 
0.00200157 
0.00263457 
0.0032158 
0.00372555 
0.00423573 
0.00476111 
0.00533859 
0.00598285 
0.00670999 
0.00752973 
0.00845146 
0.00948345 
0.0106326 
0.0119039 
0.0132985 
0.014813 
0.0164383 
0.018159 
0.0199537 
0.0217958 
0.0236549 
0.0254972 
0.0272854 
0.0289765 
0.0305239 
0.0318838 
0.03302 
0.033899 
0.0345119 
0.0348662 
0.0349628 
0.0348026 
0.0343877 
0.0337226 
0.0328152 
0.0316777 
0.0303266 
0.0287831 
0.0270722 
0.0252211 
0.0232562 
0.0211978 
0.0190531 
0.0168137 
0.0144687 
0.0120349 
0.0095734 
0.00715333 
0.00479072 
0.00244714 
7.89729e-05 
-0.00231757 
-0.00469924 
-0.00701363 
-0.00917644 
-0.0110203 
-0.0122551 
-0.0125463 
-0.0115614 
-0.00935823 
-0.00616643 
-0.00220473 
0.00220473 
-0.000147154 
0.000147154 
0.000631452 
0.00107088 
0.0013856 
0.00167895 
0.00193228 
0.00219459 
0.00246826 
0.00277687 
0.00312832 
0.00353512 
0.00400641 
0.00455231 
0.00518313 
0.00590875 
0.00673833 
0.00767849 
0.00873235 
0.009898 
0.0111677 
0.0125272 
0.0139565 
0.015431 
0.0169227 
0.0184011 
0.0198312 
0.0211711 
0.0223809 
0.0234264 
0.0242942 
0.0249806 
0.0254757 
0.0257653 
0.025838 
0.0256868 
0.0253106 
0.0247145 
0.0239097 
0.0229136 
0.0217488 
0.0204414 
0.0190175 
0.0174981 
0.0158921 
0.0141909 
0.0123725 
0.0104254 
0.00837828 
0.00629391 
0.00421259 
0.00211066 
-6.95032e-05 
-0.00236534 
-0.00475579 
-0.0071963 
-0.00961621 
-0.0118604 
-0.0136404 
-0.0145587 
-0.0142855 
-0.0126536 
-0.00997689 
-0.00645989 
-0.00228601 
0.00228601 
1.05073e-05 
-1.05073e-05 
0.000113654 
0.000198818 
0.000223644 
0.000251409 
0.000268685 
0.000299562 
0.000337378 
0.000391787 
0.000465532 
0.000567153 
0.000705117 
0.000889407 
0.00113144 
0.00144308 
0.00183682 
0.00232393 
0.00291371 
0.00361148 
0.00441751 
0.0053257 
0.00632339 
0.00739281 
0.00851094 
0.00965433 
0.0107996 
0.0119179 
0.012977 
0.0139404 
0.0148127 
0.0155797 
0.0162137 
0.0166895 
0.0169872 
0.0170937 
0.0170039 
0.0167206 
0.0162544 
0.0156233 
0.0148506 
0.0139618 
0.0129791 
0.0119148 
0.0107636 
0.00950224 
0.00810277 
0.00656297 
0.00492214 
0.00322677 
0.00147519 
-0.000392763 
-0.00243966 
-0.0046759 
-0.00707057 
-0.00956855 
-0.0120436 
-0.0142304 
-0.0157254 
-0.016126 
-0.015224 
-0.0131194 
-0.0101612 
-0.00650756 
-0.00228825 
0.00228825 
0.000167931 
-0.000167931 
-0.000375376 
-0.00060633 
-0.000845061 
-0.00106048 
-0.00126099 
-0.00144549 
-0.00162662 
-0.00180798 
-0.00199085 
-0.00217121 
-0.00234181 
-0.0024937 
-0.00261533 
-0.00269384 
-0.00271449 
-0.00266216 
-0.00252219 
-0.00228241 
-0.00193461 
-0.00147632 
-0.000911833 
-0.000251962 
0.000487231 
0.0012894 
0.00214057 
0.00302999 
0.00394643 
0.00485207 
0.00574047 
0.00657343 
0.00732147 
0.00795488 
0.00845154 
0.00879419 
0.00897568 
0.00899735 
0.00886909 
0.00860836 
0.00823717 
0.00777717 
0.00724279 
0.00663362 
0.00592979 
0.00509868 
0.00411677 
0.0029966 
0.00177511 
0.000462999 
-0.000991107 
-0.00266134 
-0.00459041 
-0.00676971 
-0.00916041 
-0.0116729 
-0.0140916 
-0.0160426 
-0.0170816 
-0.0169104 
-0.0154998 
-0.0131205 
-0.0100302 
-0.00637504 
-0.00223151 
0.00223151 
0.000324019 
-0.000324019 
-0.00083308 
-0.0013428 
-0.00182209 
-0.0022593 
-0.00266076 
-0.00304294 
-0.00342365 
-0.00381772 
-0.00423053 
-0.00466284 
-0.0051094 
-0.00556306 
-0.00601307 
-0.00644651 
-0.00684733 
-0.00719756 
-0.00747796 
-0.00767002 
-0.00775773 
-0.00772975 
-0.007581 
-0.00731347 
-0.00693454 
-0.00645334 
-0.0058786 
-0.00521645 
-0.0044611 
-0.00364082 
-0.0027642 
-0.00189061 
-0.00105372 
-0.000287331 
0.000385771 
0.000945678 
0.00138411 
0.0017021 
0.00190917 
0.00202116 
0.00205586 
0.00202695 
0.00193676 
0.00177039 
0.00149716 
0.0010853 
0.000524446 
-0.000167251 
-0.000976915 
-0.00194131 
-0.0031394 
-0.00463545 
-0.00644857 
-0.00855897 
-0.0109103 
-0.0133539 
-0.0155807 
-0.0171574 
-0.0176883 
-0.0170292 
-0.0152902 
-0.0127797 
-0.00966477 
-0.00610513 
-0.00212895 
0.00212895 
0.000470878 
-0.000470878 
-0.00125414 
-0.00201547 
-0.00271563 
-0.00335576 
-0.00394101 
-0.00450068 
-0.00505759 
-0.00563611 
-0.00624635 
-0.00689392 
-0.00757628 
-0.00828871 
-0.0090221 
-0.00976458 
-0.0105001 
-0.0112091 
-0.011869 
-0.012456 
-0.0129468 
-0.0133207 
-0.0135625 
-0.0136629 
-0.0136191 
-0.0134329 
-0.0131081 
-0.012651 
-0.0120592 
-0.0113553 
-0.0105429 
-0.00967012 
-0.00878244 
-0.0079128 
-0.00708711 
-0.00632607 
-0.00563965 
-0.00502922 
-0.00448761 
-0.0040034 
-0.00356658 
-0.00317498 
-0.00283987 
-0.00258711 
-0.00244905 
-0.0024478 
-0.00258417 
-0.00285458 
-0.00328714 
-0.0039522 
-0.00492821 
-0.00625779 
-0.00794303 
-0.00995427 
-0.012204 
-0.0144768 
-0.0163995 
-0.0175474 
-0.0176274 
-0.0166294 
-0.0147192 
-0.0121751 
-0.00911526 
-0.0057254 
-0.00198904 
0.00198904 
0.000606678 
-0.000606678 
-0.00163939 
-0.00263018 
-0.00353361 
-0.00435963 
-0.0051118 
-0.00582839 
-0.00653656 
-0.00726899 
-0.00804085 
-0.00886278 
-0.00973535 
-0.0106566 
-0.0116198 
-0.0126149 
-0.0136272 
-0.0146372 
-0.0156208 
-0.0165508 
-0.0173978 
-0.0181334 
-0.0187325 
-0.0191751 
-0.019448 
-0.019544 
-0.0194611 
-0.0192023 
-0.0187686 
-0.0181817 
-0.0174495 
-0.0166039 
-0.0156936 
-0.0147476 
-0.0137929 
-0.0128505 
-0.011932 
-0.0110417 
-0.0101778 
-0.00933701 
-0.00851961 
-0.00773547 
-0.00700595 
-0.00636043 
-0.00582589 
-0.00541734 
-0.00514289 
-0.00502905 
-0.00513772 
-0.00554806 
-0.00632057 
-0.00747705 
-0.00900861 
-0.010872 
-0.0129419 
-0.0149508 
-0.0165097 
-0.0172543 
-0.0170006 
-0.0158203 
-0.0138568 
-0.0113483 
-0.00840889 
-0.00525149 
-0.00181656 
0.00181656 
0.000731155 
-0.000731155 
-0.0019909 
-0.00319196 
-0.00428291 
-0.00527984 
-0.00618345 
-0.00703769 
-0.0078729 
-0.00872881 
-0.00962594 
-0.01058 
-0.0115951 
-0.0126721 
-0.0138069 
-0.0149919 
-0.0162147 
-0.0174575 
-0.018697 
-0.0199045 
-0.0210474 
-0.0220915 
-0.0230035 
-0.0237536 
-0.0243182 
-0.0246807 
-0.0248322 
-0.0247708 
-0.024498 
-0.0240323 
-0.0233852 
-0.022578 
-0.0216604 
-0.0206556 
-0.0195905 
-0.018486 
-0.0173554 
-0.0162075 
-0.0150472 
-0.0138806 
-0.0127183 
-0.011579 
-0.0104886 
-0.00947514 
-0.008562 
-0.00776901 
-0.00712536 
-0.0066861 
-0.0065266 
-0.00671448 
-0.00728758 
-0.00825232 
-0.00959146 
-0.0112451 
-0.0130564 
-0.0147364 
-0.0159253 
-0.0163421 
-0.0158866 
-0.0146503 
-0.0127231 
-0.010309 
-0.00755318 
-0.00468843 
-0.0016132 
0.0016132 
0.000844861 
-0.000844861 
-0.00231101 
-0.00370492 
-0.0049691 
-0.00612388 
-0.00716563 
-0.00814093 
-0.00908167 
-0.0100332 
-0.0110213 
-0.0120669 
-0.0131778 
-0.0143578 
-0.0156053 
-0.0169154 
-0.0182784 
-0.0196796 
-0.0210979 
-0.022506 
-0.0238708 
-0.0251555 
-0.0263214 
-0.0273314 
-0.0281525 
-0.0287585 
-0.0291316 
-0.029263 
-0.0291509 
-0.0288096 
-0.0282519 
-0.0274911 
-0.0265773 
-0.0255289 
-0.024372 
-0.0231274 
-0.0218113 
-0.0204368 
-0.0190162 
-0.0175638 
-0.016098 
-0.0146427 
-0.0132254 
-0.0118744 
-0.0106177 
-0.00949001 
-0.0085424 
-0.00784369 
-0.00746283 
-0.00744644 
-0.00781267 
-0.00855752 
-0.0096561 
-0.0110338 
-0.0125189 
-0.0138356 
-0.0146843 
-0.014866 
-0.0143275 
-0.013129 
-0.011299 
-0.00904313 
-0.00654089 
-0.00403337 
-0.00137819 
0.00137819 
0.000948304 
-0.000948304 
-0.00260138 
-0.00417166 
-0.00559577 
-0.00689709 
-0.00806625 
-0.00914967 
-0.0101787 
-0.0112026 
-0.0122519 
-0.0133526 
-0.0145167 
-0.0157509 
-0.0170557 
-0.0184288 
-0.0198633 
-0.0213477 
-0.0228646 
-0.0243897 
-0.0258926 
-0.0273368 
-0.0286822 
-0.0298874 
-0.0309128 
-0.0317238 
-0.0322936 
-0.0326048 
-0.0326488 
-0.032433 
-0.0319686 
-0.0312626 
-0.0303643 
-0.0292886 
-0.0280612 
-0.0267032 
-0.0252335 
-0.0236699 
-0.0220307 
-0.0203364 
-0.0186111 
-0.0168823 
-0.0151809 
-0.0135403 
-0.0119999 
-0.01061 
-0.009433 
-0.00853437 
-0.00796521 
-0.00775092 
-0.00789517 
-0.00838641 
-0.00919286 
-0.0102321 
-0.011339 
-0.0122787 
-0.0128275 
-0.0128541 
-0.0123203 
-0.0112238 
-0.00953874 
-0.00752019 
-0.00535651 
-0.00327884 
-0.00110979 
0.00110979 
0.00104175 
-0.00104175 
-0.00286266 
-0.004593 
-0.00616408 
-0.00760183 
-0.00889014 
-0.0100728 
-0.0111783 
-0.0122573 
-0.0133443 
-0.0144702 
-0.0156513 
-0.0168974 
-0.0182113 
-0.0195925 
-0.0210365 
-0.0225348 
-0.0240736 
-0.0256332 
-0.0271871 
-0.0287025 
-0.030141 
-0.0314611 
-0.0326203 
-0.0335786 
-0.0343018 
-0.0347637 
-0.0349476 
-0.0348521 
-0.0344826 
-0.0338403 
-0.0329706 
-0.0318867 
-0.0306134 
-0.0291727 
-0.0275859 
-0.0258748 
-0.0240626 
-0.0221749 
-0.0202406 
-0.0182923 
-0.0163668 
-0.0145065 
-0.0127616 
-0.01119 
-0.0098523 
-0.00879946 
-0.00806227 
-0.00764907 
-0.00755321 
-0.00775681 
-0.00822295 
-0.0088708 
-0.00956036 
-0.0101157 
-0.0103916 
-0.0103116 
-0.00983864 
-0.00888415 
-0.00739042 
-0.0057098 
-0.00398577 
-0.00241829 
-0.000806826 
0.000806826 
0.00112508 
-0.00112508 
-0.00309429 
-0.00496767 
-0.00667221 
-0.0082366 
-0.00963759 
-0.0109144 
-0.0120902 
-0.0132144 
-0.0143235 
-0.0154527 
-0.0166228 
-0.0178471 
-0.0191311 
-0.0204756 
-0.021878 
-0.0233319 
-0.0248269 
-0.0263474 
-0.0278718 
-0.0293723 
-0.0308152 
-0.032162 
-0.0333713 
-0.0344018 
-0.0352154 
-0.0357793 
-0.0360691 
-0.0360743 
-0.0357926 
-0.0352185 
-0.0343897 
-0.0333175 
-0.0320254 
-0.0305358 
-0.0288722 
-0.02706 
-0.0251264 
-0.0231021 
-0.0210213 
-0.0189227 
-0.0168502 
-0.0148533 
-0.012987 
-0.0113069 
-0.00986223 
-0.00868636 
-0.0077927 
-0.00717719 
-0.00682544 
-0.00671366 
-0.00680246 
-0.00702088 
-0.00726557 
-0.00742459 
-0.00742809 
-0.00724602 
-0.00684807 
-0.00605096 
-0.00481733 
-0.00359793 
-0.0024261 
-0.00145205 
-0.000470613 
0.000470613 
0.00119777 
-0.00119777 
-0.00329458 
-0.00529247 
-0.00711537 
-0.00879565 
-0.0103033 
-0.0116719 
-0.012917 
-0.0140838 
-0.0152082 
-0.0163282 
-0.0174687 
-0.0186474 
-0.0198726 
-0.0211471 
-0.0224695 
-0.0238353 
-0.0252361 
-0.0266598 
-0.0280891 
-0.0295017 
-0.0308695 
-0.0321592 
-0.033334 
-0.0343549 
-0.0351837 
-0.0357852 
-0.0361302 
-0.0362003 
-0.0359852 
-0.0354731 
-0.0346904 
-0.0336458 
-0.0323604 
-0.0308566 
-0.0291594 
-0.027297 
-0.0253004 
-0.023205 
-0.0210501 
-0.0188797 
-0.0167422 
-0.0146894 
-0.0127733 
-0.0110406 
-0.00952604 
-0.00824718 
-0.00720478 
-0.00638605 
-0.00577016 
-0.00532797 
-0.00501971 
-0.00478853 
-0.00457026 
-0.0043122 
-0.00401206 
-0.00368603 
-0.00336017 
-0.00269063 
-0.00184144 
-0.00121178 
-0.00070023 
-0.000394757 
-0.000107536 
0.000107536 
0.001259 
-0.001259 
-0.00346094 
-0.00556257 
-0.00748612 
-0.00926909 
-0.0108761 
-0.0123348 
-0.0136516 
-0.0148651 
-0.0160069 
-0.0171153 
-0.0182184 
-0.0193381 
-0.0204862 
-0.0216685 
-0.0228854 
-0.0241336 
-0.0254064 
-0.0266942 
-0.0279831 
-0.0292552 
-0.0304879 
-0.0316541 
-0.0327225 
-0.0336593 
-0.0344297 
-0.0349998 
-0.0353392 
-0.0354252 
-0.035242 
-0.034773 
-0.0340313 
-0.0330228 
-0.0317649 
-0.0302789 
-0.0285903 
-0.0267292 
-0.0247296 
-0.0226299 
-0.0204729 
-0.0183047 
-0.016174 
-0.0141294 
-0.0122153 
-0.0104667 
-0.0089053 
-0.00753709 
-0.00635427 
-0.00533783 
-0.00446177 
-0.00369271 
-0.00299375 
-0.00232414 
-0.0016505 
-0.000959936 
-0.000304966 
0.000273461 
0.000651316 
0.00117299 
0.00141485 
0.00136537 
0.00113836 
0.00072094 
0.000269862 
-0.000269862 
0.00130775 
-0.00130775 
-0.00359047 
-0.00577247 
-0.00777559 
-0.00964408 
-0.0113393 
-0.0128843 
-0.0142761 
-0.0155442 
-0.0167131 
-0.0178179 
-0.0188872 
-0.0199459 
-0.0210101 
-0.0220891 
-0.0231861 
-0.0242998 
-0.0254253 
-0.0265548 
-0.0276771 
-0.0287778 
-0.0298387 
-0.0308382 
-0.0317511 
-0.0325493 
-0.0332035 
-0.0336838 
-0.033962 
-0.0340146 
-0.0338229 
-0.0333678 
-0.0326519 
-0.0316777 
-0.0304588 
-0.0290143 
-0.0273692 
-0.0255536 
-0.0236025 
-0.0215552 
-0.0194544 
-0.017345 
-0.015272 
-0.0132773 
-0.0113958 
-0.00965227 
-0.0080583 
-0.00661224 
-0.00530091 
-0.0041012 
-0.00298386 
-0.00191437 
-0.000858573 
0.000216217 
0.00132113 
0.00243446 
0.00346582 
0.00432878 
0.00490483 
0.00510863 
0.00471987 
0.00397634 
0.00300178 
0.0018435 
0.000645269 
-0.000645269 
0.0013431 
-0.0013431 
-0.00368078 
-0.0059175 
-0.00797558 
-0.00990743 
-0.0116738 
-0.0132957 
-0.0147621 
-0.0160927 
-0.0173026 
-0.0184198 
-0.01947 
-0.0204785 
-0.0214644 
-0.0224408 
-0.0234146 
-0.0243878 
-0.025358 
-0.0263198 
-0.0272646 
-0.0281808 
-0.0290539 
-0.0298665 
-0.0305986 
-0.0312277 
-0.0317297 
-0.03208 
-0.0322546 
-0.032232 
-0.0319942 
-0.031523 
-0.0308132 
-0.029865 
-0.0286879 
-0.0272984 
-0.0257193 
-0.0239793 
-0.0221118 
-0.0201543 
-0.0181467 
-0.0161297 
-0.014142 
-0.0122177 
-0.0103834 
-0.00865534 
-0.00703857 
-0.0055267 
-0.00410346 
-0.00274357 
-0.00141676 
-8.7823e-05 
0.00127942 
0.00271384 
0.00420303 
0.0056847 
0.00703207 
0.00810276 
0.00877063 
0.0086746 
0.00779293 
0.00642789 
0.00476628 
0.00290684 
0.000999594 
-0.000999594 
0.00136443 
-0.00136443 
-0.00373098 
-0.00599576 
-0.00808166 
-0.0100498 
-0.0118631 
-0.0135436 
-0.0150755 
-0.0164703 
-0.0177329 
-0.0188818 
-0.0199358 
-0.0209166 
-0.0218434 
-0.0227315 
-0.0235915 
-0.0244293 
-0.0252463 
-0.0260405 
-0.0268065 
-0.027536 
-0.0282181 
-0.028839 
-0.029383 
-0.0298323 
-0.0301679 
-0.0303702 
-0.0304197 
-0.0302983 
-0.0299896 
-0.0294781 
-0.028755 
-0.0278196 
-0.0266786 
-0.0253456 
-0.0238405 
-0.0221888 
-0.0204205 
-0.0185692 
-0.01667 
-0.0147574 
-0.0128637 
-0.0110155 
-0.00923238 
-0.00752483 
-0.00589359 
-0.00432961 
-0.00281513 
-0.0013244 
0.000173039 
0.00171595 
0.00333971 
0.00506319 
0.00685212 
0.00860741 
0.0101681 
0.0113419 
0.0119713 
0.0116538 
0.0104072 
0.0085476 
0.00631351 
0.0038474 
0.00131387 
-0.00131387 
0.00137192 
-0.00137192 
-0.00374314 
-0.00601061 
-0.0080969 
-0.0100711 
-0.0119002 
-0.0136107 
-0.0151861 
-0.0166337 
-0.0179501 
-0.0191442 
-0.020225 
-0.0212075 
-0.022106 
-0.0229351 
-0.0237063 
-0.0244286 
-0.0251073 
-0.0257447 
-0.0263399 
-0.0268892 
-0.0273856 
-0.0278196 
-0.0281794 
-0.0284511 
-0.0286197 
-0.0286694 
-0.0285849 
-0.0283517 
-0.0279564 
-0.0273886 
-0.0266387 
-0.0257049 
-0.0245918 
-0.0233101 
-0.0218764 
-0.0203123 
-0.0186435 
-0.0168983 
-0.0151062 
-0.0132958 
-0.0114928 
-0.00971777 
-0.00798506 
-0.00630103 
-0.00466385 
-0.00306321 
-0.00148115 
0.000107482 
0.0017349 
0.00343903 
0.00525146 
0.00717938 
0.00916912 
0.0110916 
0.0127574 
0.0139386 
0.0144401 
0.0139365 
0.0124438 
0.0102358 
0.00757017 
0.0046223 
0.00157466 
-0.00157466 
0.00136603 
-0.00136603 
-0.00372277 
-0.00597243 
-0.00803534 
-0.00998615 
-0.0117966 
-0.0134997 
-0.0150827 
-0.0165537 
-0.0179057 
-0.0191408 
-0.0202595 
-0.0212675 
-0.0221715 
-0.0229803 
-0.0237026 
-0.0243465 
-0.0249191 
-0.0254258 
-0.0258703 
-0.026254 
-0.0265757 
-0.0268315 
-0.0270143 
-0.0271151 
-0.0271227 
-0.0270253 
-0.0268108 
-0.0264682 
-0.0259866 
-0.0253576 
-0.0245726 
-0.0236301 
-0.0225338 
-0.0212925 
-0.0199196 
-0.0184327 
-0.0168526 
-0.0152028 
-0.0135071 
-0.0117885 
-0.0100671 
-0.00835888 
-0.00667404 
-0.00501631 
-0.00338242 
-0.00176183 
-0.00013733 
0.00151649 
0.00323045 
0.00503936 
0.00696852 
0.00901323 
0.0111041 
0.0130911 
0.0147659 
0.0158836 
0.0162301 
0.0155699 
0.0139094 
0.0114748 
0.00851245 
0.00521398 
0.00177597 
-0.00177597 
0.00135104 
-0.00135104 
-0.00368111 
-0.00590033 
-0.00792415 
-0.00982868 
-0.0115891 
-0.0132449 
-0.01479 
-0.0162379 
-0.0175841 
-0.0188296 
-0.0199705 
-0.0210058 
-0.0219341 
-0.0227563 
-0.0234739 
-0.0240898 
-0.0246076 
-0.0250319 
-0.0253676 
-0.02562 
-0.0257935 
-0.0258906 
-0.0259115 
-0.0258532 
-0.0257095 
-0.0254723 
-0.0251323 
-0.0246805 
-0.0241089 
-0.0234121 
-0.0225859 
-0.021628 
-0.0205409 
-0.0193309 
-0.018008 
-0.016586 
-0.0150814 
-0.0135131 
-0.0119001 
-0.0102608 
-0.00861092 
-0.00696262 
-0.00532347 
-0.00369542 
-0.00207471 
-0.000451242 
0.00119205 
0.0028782 
0.00463546 
0.00649354 
0.00847011 
0.0105492 
0.0126504 
0.0146132 
0.0162216 
0.0172303 
0.0174243 
0.0166377 
0.0148673 
0.0122989 
0.00915474 
0.00562664 
0.00191859 
-0.00191859 
0.00133836 
-0.00133836 
-0.00363559 
-0.00582154 
-0.00780236 
-0.00965007 
-0.0113405 
-0.012917 
-0.0143801 
-0.0157514 
-0.0170333 
-0.0182322 
-0.0193463 
-0.0203738 
-0.0213099 
-0.0221494 
-0.0228867 
-0.0235166 
-0.0240349 
-0.0244394 
-0.0247301 
-0.02491 
-0.0249843 
-0.02496 
-0.0248442 
-0.0246424 
-0.024357 
-0.0239872 
-0.023529 
-0.0229771 
-0.0223256 
-0.0215699 
-0.0207064 
-0.0197298 
-0.0186439 
-0.0174537 
-0.0161672 
-0.0147953 
-0.0133504 
-0.0118476 
-0.0103025 
-0.00872941 
-0.00714095 
-0.0055463 
-0.00395119 
-0.00235667 
-0.000758814 
0.000852291 
0.00249154 
0.00417896 
0.00593909 
0.00779526 
0.00975719 
0.0117995 
0.0138356 
0.0157038 
0.0171909 
0.0180635 
0.0181172 
0.0172328 
0.0153982 
0.0127666 
0.00953299 
0.00587857 
0.00200795 
-0.00200795 
0.00133155 
-0.00133155 
-0.00360902 
-0.00576723 
-0.00771523 
-0.00951161 
-0.0111304 
-0.0126144 
-0.0139682 
-0.01522 
-0.0163807 
-0.0174655 
-0.0184807 
-0.0194305 
-0.0203138 
-0.0211266 
-0.0218609 
-0.0225068 
-0.0230529 
-0.0234878 
-0.0238017 
-0.0239879 
-0.0240442 
-0.0239732 
-0.0237826 
-0.023483 
-0.023086 
-0.0226011 
-0.0220334 
-0.0213833 
-0.0206478 
-0.0198233 
-0.0189089 
-0.0179057 
-0.0168151 
-0.0156392 
-0.0143823 
-0.0130512 
-0.0116543 
-0.0102052 
-0.0087166 
-0.00719975 
-0.00566513 
-0.00411971 
-0.00256829 
-0.00101133 
0.000555365 
0.00213977 
0.00375397 
0.00541499 
0.00714231 
0.00895257 
0.010848 
0.0127963 
0.0147092 
0.0164313 
0.0177604 
0.0184819 
0.0184082 
0.0174495 
0.0155871 
0.0129453 
0.00969333 
0.00599559 
0.00205215 
-0.00205215 
0.00133215 
-0.00133215 
-0.00361815 
-0.00576847 
-0.00770414 
-0.00947018 
-0.0110352 
-0.0124375 
-0.0136821 
-0.0148001 
-0.0158084 
-0.01673 
-0.0175806 
-0.0183743 
-0.0191194 
-0.0198198 
-0.020474 
-0.0210753 
-0.021612 
-0.0220689 
-0.0224282 
-0.0226722 
-0.022785 
-0.0227554 
-0.0225787 
-0.0222583 
-0.0218054 
-0.0212371 
-0.0205725 
-0.0198283 
-0.0190149 
-0.0181354 
-0.0171893 
-0.016172 
-0.0150784 
-0.0139101 
-0.0126711 
-0.0113687 
-0.0100065 
-0.00859693 
-0.00715176 
-0.00568039 
-0.00419165 
-0.00269106 
-0.00118239 
0.000334646 
0.00186281 
0.00340773 
0.00497922 
0.0065904 
0.00825541 
0.00998428 
0.0117727 
0.0135842 
0.0153328 
0.0168742 
0.0180229 
0.0185861 
0.0183966 
0.0173764 
0.015516 
0.012902 
0.00968425 
0.00600615 
0.00206043 
-0.00206043 
0.00134511 
-0.00134511 
-0.00366799 
-0.00584867 
-0.00779699 
-0.00956353 
-0.0111052 
-0.0124558 
-0.0136172 
-0.01462 
-0.0154834 
-0.0162346 
-0.0168953 
-0.0174876 
-0.0180292 
-0.0185348 
-0.0190137 
-0.0194699 
-0.0199007 
-0.0202968 
-0.0206432 
-0.0209194 
-0.0211019 
-0.0211665 
-0.021091 
-0.0208591 
-0.020464 
-0.0199107 
-0.0192166 
-0.0184085 
-0.0175156 
-0.01656 
-0.0155519 
-0.0144885 
-0.0133734 
-0.0122088 
-0.0109906 
-0.00971437 
-0.00837781 
-0.00700041 
-0.00559386 
-0.00416318 
-0.00271729 
-0.00125944 
0.000206973 
0.00168125 
0.0031639 
0.00465898 
0.00617342 
0.00771606 
0.00929575 
0.0109165 
0.0125687 
0.0142142 
0.0157721 
0.0171123 
0.0180693 
0.0184724 
0.0181757 
0.017105 
0.0152619 
0.012701 
0.00955256 
0.00593832 
0.00204195 
-0.00204195 
0.00137099 
-0.00137099 
-0.00376022 
-0.00600564 
-0.00800266 
-0.00980024 
-0.0113526 
-0.0126868 
-0.0138023 
-0.0147273 
-0.0154815 
-0.0160931 
-0.0165865 
-0.0169871 
-0.0173178 
-0.0175998 
-0.0178512 
-0.0180861 
-0.0183138 
-0.0185372 
-0.0187527 
-0.0189492 
-0.019109 
-0.0192079 
-0.0192172 
-0.0191058 
-0.0188438 
-0.018408 
-0.0177872 
-0.0169894 
-0.0160445 
-0.0150013 
-0.0139157 
-0.0128251 
-0.0117347 
-0.0105887 
-0.00937748 
-0.00811899 
-0.00680162 
-0.00544267 
-0.00406005 
-0.00265975 
-0.00124826 
0.00017257 
0.0015989 
0.00302885 
0.0044618 
0.00589985 
0.00734671 
0.00880709 
0.010285 
0.0117792 
0.0132762 
0.0147381 
0.016091 
0.0172205 
0.0179824 
0.0182273 
0.0178293 
0.016717 
0.0148956 
0.0124004 
0.00934078 
0.00581794 
0.00200524 
-0.00200524 
0.00140908 
-0.00140908 
-0.00389282 
-0.00622942 
-0.0083119 
-0.0101666 
-0.011759 
-0.0131059 
-0.0142075 
-0.0150893 
-0.0157717 
-0.0162842 
-0.016653 
-0.0169051 
-0.0170651 
-0.0171561 
-0.017199 
-0.0172124 
-0.0172119 
-0.0172094 
-0.0172118 
-0.0172209 
-0.0172322 
-0.017235 
-0.0172113 
-0.0171366 
-0.0169798 
-0.0167055 
-0.0162768 
-0.0156624 
-0.0148456 
-0.0138344 
-0.0126699 
-0.0114219 
-0.0101671 
-0.0089603 
-0.0077738 
-0.00654069 
-0.0052097 
-0.00385655 
-0.00250722 
-0.00113989 
0.000234451 
0.00161785 
0.00300267 
0.0043866 
0.00576673 
0.00714254 
0.00851431 
0.00988289 
0.0112479 
0.0126041 
0.0139353 
0.0152052 
0.0163481 
0.0172652 
0.0178333 
0.0179235 
0.0174274 
0.0162774 
0.0144756 
0.012049 
0.00908523 
0.00566724 
0.00195782 
-0.00195782 
0.00145852 
-0.00145852 
-0.00406078 
-0.00651272 
-0.00870294 
-0.0106433 
-0.0122953 
-0.0136764 
-0.0147842 
-0.0156436 
-0.0162763 
-0.0167144 
-0.0169875 
-0.0171259 
-0.0171563 
-0.0171034 
-0.0169884 
-0.0168304 
-0.0166454 
-0.0164469 
-0.0162451 
-0.0160472 
-0.0158564 
-0.0156723 
-0.01549 
-0.0152998 
-0.0150859 
-0.0148256 
-0.0144877 
-0.0140331 
-0.0134177 
-0.0125995 
-0.0115551 
-0.0102958 
-0.00890397 
-0.00749556 
-0.00624651 
-0.00498878 
-0.00367093 
-0.0023214 
-0.000974945 
0.000375275 
0.0017252 
0.00307652 
0.00442342 
0.00576269 
0.00708951 
0.0084006 
0.0096931 
0.0109643 
0.0122103 
0.0134226 
0.0145838 
0.0156599 
0.0165938 
0.0173019 
0.0176806 
0.0176198 
0.0170267 
0.0158379 
0.0140505 
0.0116851 
0.00881521 
0.00550435 
0.00190584 
-0.00190584 
0.00151793 
-0.00151793 
-0.00425966 
-0.00684729 
-0.00916428 
-0.0112118 
-0.0129415 
-0.0143729 
-0.0154993 
-0.0163465 
-0.0169374 
-0.0173076 
-0.017492 
-0.0175261 
-0.0174418 
-0.0172668 
-0.0170247 
-0.0167352 
-0.0164143 
-0.0160745 
-0.0157255 
-0.0153737 
-0.015023 
-0.0146745 
-0.0143275 
-0.0139793 
-0.0136253 
-0.0132587 
-0.0128692 
-0.0124413 
-0.0119526 
-0.011373 
-0.010665 
-0.00978386 
-0.00868428 
-0.00733545 
-0.0057625 
-0.00404452 
-0.00234276 
-0.000789314 
0.000573992 
0.00191994 
0.00324786 
0.00457129 
0.00588347 
0.00717962 
0.00845293 
0.00969748 
0.0109077 
0.0120778 
0.0132011 
0.0142669 
0.0152575 
0.0161419 
0.0168714 
0.0173763 
0.0175708 
0.0173623 
0.0166712 
0.0154391 
0.013658 
0.0113392 
0.00855429 
0.005344 
0.00185436 
-0.00185436 
0.00158579 
-0.00158579 
-0.00448518 
-0.00722666 
-0.00968886 
-0.0118608 
-0.0136888 
-0.015182 
-0.016338 
-0.0171792 
-0.0177303 
-0.0180304 
-0.018121 
-0.0180445 
-0.0178396 
-0.01754 
-0.0171731 
-0.0167612 
-0.0163213 
-0.0158663 
-0.0154052 
-0.0149435 
-0.0144836 
-0.0140251 
-0.0135657 
-0.0131014 
-0.0126274 
-0.0121386 
-0.011629 
-0.0110915 
-0.0105154 
-0.00988471 
-0.00917661 
-0.00835816 
-0.00738572 
-0.00620083 
-0.00475087 
-0.00311378 
-0.00138248 
0.000272798 
0.00182422 
0.00329337 
0.00469494 
0.00604974 
0.00736342 
0.00863755 
0.00986887 
0.0110523 
0.0121817 
0.0132503 
0.0142498 
0.0151688 
0.0159901 
0.0166865 
0.0172172 
0.017525 
0.0175402 
0.0171854 
0.0163936 
0.0151107 
0.0133254 
0.0110401 
0.00831988 
0.00519861 
0.00180749 
-0.00180749 
0.00166013 
-0.00166013 
-0.00473186 
-0.00764276 
-0.0102666 
-0.0125801 
-0.0145233 
-0.0160935 
-0.0172907 
-0.0181321 
-0.018645 
-0.0188711 
-0.0188592 
-0.0186602 
-0.0183216 
-0.0178847 
-0.0173829 
-0.016842 
-0.0162811 
-0.0157141 
-0.0151498 
-0.0145933 
-0.0140461 
-0.0135067 
-0.0129713 
-0.012434 
-0.0118879 
-0.0113252 
-0.0107384 
-0.0101193 
-0.00945927 
-0.00874668 
-0.00796671 
-0.00710132 
-0.00613596 
-0.00506433 
-0.0039068 
-0.00268748 
-0.00139459 
0.000120332 
0.00194717 
0.00375672 
0.00549479 
0.00710797 
0.00860045 
0.00997848 
0.0112523 
0.0124281 
0.0135087 
0.0144937 
0.015379 
0.0161567 
0.0168129 
0.0173259 
0.017663 
0.0177788 
0.0176176 
0.0171162 
0.0162184 
0.0148755 
0.0130734 
0.0108073 
0.00813081 
0.00507777 
0.00176923 
-0.00176923 
0.00173836 
-0.00173836 
-0.00499255 
-0.00808498 
-0.0108843 
-0.0133557 
-0.0154306 
-0.0170965 
-0.0183447 
-0.0191945 
-0.0196715 
-0.0198203 
-0.0196968 
-0.0193618 
-0.0188737 
-0.0182837 
-0.0176328 
-0.0169517 
-0.0162624 
-0.0155796 
-0.0149124 
-0.014265 
-0.0136381 
-0.013029 
-0.0124325 
-0.0118415 
-0.0112476 
-0.0106413 
-0.0100128 
-0.00935246 
-0.00865031 
-0.00789583 
-0.00707753 
-0.00618237 
-0.00519765 
-0.00411203 
-0.00292178 
-0.00165651 
-0.000354081 
0.00109468 
0.00270699 
0.00442789 
0.00618636 
0.00791525 
0.0095603 
0.0110857 
0.012473 
0.0137149 
0.0148105 
0.0157612 
0.0165677 
0.0172284 
0.0177363 
0.0180778 
0.01823 
0.0181595 
0.0178243 
0.0171742 
0.0161639 
0.0147496 
0.0129176 
0.0106546 
0.00800915 
0.00499384 
0.00174352 
-0.00174352 
0.00181692 
-0.00181692 
-0.00525718 
-0.0085379 
-0.0115226 
-0.0141655 
-0.0163875 
-0.018165 
-0.0194785 
-0.0203463 
-0.0207926 
-0.0208627 
-0.0206198 
-0.0201358 
-0.0194818 
-0.0187214 
-0.0179054 
-0.0170714 
-0.0162447 
-0.0154412 
-0.0146697 
-0.0139334 
-0.0132315 
-0.0125596 
-0.0119109 
-0.0112765 
-0.0106462 
-0.0100088 
-0.00935287 
-0.00866662 
-0.00793834 
-0.0071562 
-0.00630816 
-0.00538251 
-0.00436986 
-0.00326449 
-0.00206783 
-0.000790967 
0.000565666 
0.00203612 
0.00356694 
0.00515552 
0.00683225 
0.00855163 
0.0102605 
0.0118965 
0.0134102 
0.0147656 
0.015941 
0.0169257 
0.0177164 
0.0183127 
0.018714 
0.0189152 
0.018905 
0.0186631 
0.0181615 
0.0173637 
0.0162352 
0.014739 
0.0128626 
0.0105878 
0.00795491 
0.00496449 
0.00173198 
-0.00173198 
0.00189106 
-0.00189106 
-0.00551206 
-0.00898008 
-0.0121536 
-0.0149772 
-0.0173596 
-0.0192639 
-0.0206595 
-0.0215564 
-0.0219794 
-0.0219728 
-0.0216058 
-0.0209617 
-0.0201262 
-0.019178 
-0.0181807 
-0.0171805 
-0.0162073 
-0.0152784 
-0.0144019 
-0.0135795 
-0.0128082 
-0.0120814 
-0.01139 
-0.010723 
-0.0100682 
-0.00941242 
-0.00874227 
-0.00804435 
-0.00730526 
-0.00651204 
-0.00565204 
-0.00471391 
-0.00368758 
-0.002567 
-0.00134633 
-3.46155e-05 
0.00135979 
0.00285167 
0.00443005 
0.00607657 
0.00776314 
0.00945468 
0.0111259 
0.0127436 
0.0142692 
0.0156618 
0.0168846 
0.0179089 
0.0187154 
0.0192935 
0.0196383 
0.0197469 
0.019615 
0.0192333 
0.0185869 
0.0176528 
0.0164083 
0.0148247 
0.0128923 
0.0105906 
0.00795334 
0.00496909 
0.00173958 
-0.00173958 
0.00195463 
-0.00195463 
-0.00573908 
-0.00938256 
-0.0127391 
-0.0157451 
-0.0182961 
-0.02034 
-0.0218336 
-0.0227736 
-0.0231845 
-0.0231082 
-0.0226174 
-0.021807 
-0.020778 
-0.019627 
-0.0184331 
-0.0172543 
-0.0161264 
-0.0150687 
-0.014088 
-0.0131839 
-0.0123504 
-0.0115781 
-0.0108549 
-0.0101671 
-0.00949985 
-0.0088378 
-0.00816518 
-0.00746646 
-0.00672604 
-0.00592901 
-0.00506097 
-0.00410953 
-0.00306393 
-0.00191741 
-0.000665487 
0.000690388 
0.00214092 
0.00369213 
0.00531685 
0.00699447 
0.00869817 
0.0103904 
0.0120473 
0.0136388 
0.0151338 
0.0165004 
0.0177067 
0.0187226 
0.0195218 
0.0200841 
0.0203961 
0.0204495 
0.0202392 
0.0197598 
0.0190047 
0.0179611 
0.0166171 
0.0149523 
0.0129621 
0.0106258 
0.00797273 
0.00498257 
0.00174827 
-0.00174827 
0.00199992 
-0.00199992 
-0.00591515 
-0.00970762 
-0.0132277 
-0.0164066 
-0.0191257 
-0.0213171 
-0.0229214 
-0.0239218 
-0.024335 
-0.0242025 
-0.0235959 
-0.0226212 
-0.0213939 
-0.0200306 
-0.018629 
-0.0172619 
-0.0159737 
-0.0147861 
-0.0137049 
-0.0127263 
-0.0118408 
-0.011035 
-0.0102935 
-0.00959938 
-0.00893479 
-0.00828166 
-0.00762172 
-0.00693708 
-0.00620972 
-0.00542252 
-0.00455902 
-0.00360516 
-0.00254839 
-0.00137977 
-9.47643e-05 
0.00131254 
0.00282706 
0.00445012 
0.00615777 
0.00792377 
0.00971052 
0.0114753 
0.0131747 
0.0147667 
0.01622 
0.0175129 
0.018628 
0.0195487 
0.0202585 
0.0207413 
0.020982 
0.0209679 
0.0206891 
0.0201372 
0.0193055 
0.0181848 
0.0167686 
0.0150426 
0.0130066 
0.0106417 
0.00797515 
0.00498175 
0.00174834 
-0.00174834 
0.00201778 
-0.00201778 
-0.00601228 
-0.00990876 
-0.0135553 
-0.0168816 
-0.0197555 
-0.0220934 
-0.0238163 
-0.0248942 
-0.0253257 
-0.0251571 
-0.024453 
-0.0233284 
-0.0219106 
-0.0203359 
-0.0187232 
-0.0171642 
-0.0157146 
-0.0144003 
-0.013226 
-0.0121839 
-0.0112599 
-0.0104361 
-0.00969274 
-0.00900919 
-0.00836425 
-0.00773684 
-0.00710581 
-0.00645058 
-0.00575037 
-0.0049854 
-0.00413673 
-0.00318803 
-0.0021244 
-0.000934435 
0.00038794 
0.00185088 
0.00344206 
0.00515751 
0.00696851 
0.00884174 
0.0107314 
0.0125846 
0.0143472 
0.015967 
0.0174076 
0.0186435 
0.0196608 
0.0204529 
0.0210169 
0.0213517 
0.0214551 
0.0213216 
0.0209432 
0.0203097 
0.0194109 
0.0182348 
0.0167735 
0.0150135 
0.0129559 
0.0105831 
0.00792112 
0.00494379 
0.00173332 
-0.00173332 
0.00199788 
-0.00199788 
-0.00599829 
-0.00993148 
-0.0136451 
-0.0170724 
-0.0200697 
-0.0225392 
-0.0243792 
-0.025548 
-0.0260118 
-0.0258334 
-0.0250627 
-0.0238193 
-0.022237 
-0.0204691 
-0.0186562 
-0.0169118 
-0.0153075 
-0.0138761 
-0.0126216 
-0.0115321 
-0.0105877 
-0.00976531 
-0.00904018 
-0.00838753 
-0.00778249 
-0.00720073 
-0.00661807 
-0.0060111 
-0.00535606 
-0.00463042 
-0.00381253 
-0.00288333 
-0.00182463 
-0.000622205 
0.000734603 
0.00225373 
0.00392781 
0.00574802 
0.00768287 
0.00969061 
0.0117146 
0.013691 
0.0155541 
0.017242 
0.0187018 
0.0198975 
0.0208192 
0.0214665 
0.0218486 
0.0219817 
0.0218826 
0.0215636 
0.0210292 
0.020275 
0.0192906 
0.0180598 
0.0165693 
0.0148006 
0.0127511 
0.0104015 
0.00777588 
0.00484851 
0.00169727 
-0.00169727 
0.00192928 
-0.00192928 
-0.00583846 
-0.00971576 
-0.0134109 
-0.0168667 
-0.0199316 
-0.0224968 
-0.0244369 
-0.0256968 
-0.0262069 
-0.0260475 
-0.0252545 
-0.023944 
-0.0222483 
-0.0203303 
-0.0183493 
-0.016443 
-0.0147029 
-0.013173 
-0.0118587 
-0.010744 
-0.0098028 
-0.00900578 
-0.00832291 
-0.00772483 
-0.00718278 
-0.0066691 
-0.00615648 
-0.0056186 
-0.00502867 
-0.00436132 
-0.00359207 
-0.00269849 
-0.00165861 
-0.000454294 
0.000929929 
0.00250363 
0.00426279 
0.00619427 
0.0082604 
0.0104091 
0.0125728 
0.0146767 
0.0166449 
0.0184054 
0.0198983 
0.0210714 
0.0219148 
0.02243 
0.0226322 
0.0225506 
0.0222207 
0.0216759 
0.0209407 
0.0200254 
0.0189272 
0.0176303 
0.0161161 
0.0143588 
0.0123478 
0.010059 
0.00751112 
0.00467902 
0.0016351 
-0.0016351 
0.00180134 
-0.00180134 
-0.0054981 
-0.00920032 
-0.0127621 
-0.0161434 
-0.0191898 
-0.0217869 
-0.0237865 
-0.0251167 
-0.0256845 
-0.0255724 
-0.0248145 
-0.0235107 
-0.0217824 
-0.0197895 
-0.0177025 
-0.0156814 
-0.0138422 
-0.0122453 
-0.0109014 
-0.00979155 
-0.00888341 
-0.00814114 
-0.00752898 
-0.00701286 
-0.00656022 
-0.00614009 
-0.00572221 
-0.00527741 
-0.00477607 
-0.00419016 
-0.00349221 
-0.00265588 
-0.00165495 
-0.000466443 
0.000929242 
0.00254496 
0.00437675 
0.00640533 
0.00858423 
0.0108504 
0.0131269 
0.0153326 
0.0173867 
0.0192136 
0.0207446 
0.0219228 
0.0227085 
0.0231143 
0.0231558 
0.0228729 
0.0223177 
0.0215436 
0.0205958 
0.0195037 
0.0182779 
0.0169091 
0.0153778 
0.0136519 
0.0117117 
0.00952551 
0.00710409 
0.00442139 
0.00154241 
-0.00154241 
0.00160485 
-0.00160485 
-0.00494633 
-0.00832907 
-0.0116136 
-0.0147842 
-0.0176911 
-0.0202234 
-0.0222143 
-0.0235754 
-0.0241964 
-0.0241558 
-0.0234977 
-0.0222946 
-0.0206445 
-0.018688 
-0.0165933 
-0.0145364 
-0.0126588 
-0.0110435 
-0.00971227 
-0.00864644 
-0.00780839 
-0.00715583 
-0.00664729 
-0.00624415 
-0.00591026 
-0.00561175 
-0.00531567 
-0.00499039 
-0.00460384 
-0.00412565 
-0.00352531 
-0.00277232 
-0.00183597 
-0.000688169 
0.000693104 
0.00232258 
0.00419219 
0.00627223 
0.008505 
0.0108186 
0.0131332 
0.0153696 
0.0174511 
0.0193045 
0.0208545 
0.0220479 
0.0228009 
0.023138 
0.0230662 
0.0226313 
0.0218993 
0.0209397 
0.0198164 
0.0185766 
0.0172464 
0.0158269 
0.0143025 
0.0126389 
0.0108093 
0.00877418 
0.00653504 
0.0040635 
0.00141527 
-0.00141527 
0.00133325 
-0.00133325 
-0.00416046 
-0.00705927 
-0.00989712 
-0.01269 
-0.0153008 
-0.0176368 
-0.0195219 
-0.0208508 
-0.0214994 
-0.0215451 
-0.0210546 
-0.0200599 
-0.0186237 
-0.0168484 
-0.0148824 
-0.0129048 
-0.011079 
-0.00951539 
-0.00825393 
-0.00728181 
-0.00655861 
-0.00603656 
-0.00566897 
-0.00541322 
-0.00523018 
-0.00508373 
-0.00493885 
-0.00476201 
-0.00451948 
-0.00417908 
-0.00370741 
-0.00307004 
-0.00223199 
-0.00116127 
0.000163871 
0.00175416 
0.00359242 
0.00563344 
0.00781006 
0.0100493 
0.0122792 
0.0144341 
0.0164517 
0.0182677 
0.0198077 
0.0210168 
0.0217754 
0.0220931 
0.0219728 
0.0214609 
0.0206349 
0.0195765 
0.0183629 
0.0170544 
0.0156896 
0.01428 
0.0128169 
0.0112682 
0.00960345 
0.0077783 
0.00578552 
0.00359444 
0.00125016 
-0.00125016 
0.000983539 
-0.000983539 
-0.00313027 
-0.00537097 
-0.00757677 
-0.00980132 
-0.0119251 
-0.0138927 
-0.0155392 
-0.0167531 
-0.0173937 
-0.0175362 
-0.0172775 
-0.0166009 
-0.0155239 
-0.0140961 
-0.0124263 
-0.0106783 
-0.00902653 
-0.00760907 
-0.00649153 
-0.00567426 
-0.00511859 
-0.00477344 
-0.00458809 
-0.00451692 
-0.00451882 
-0.00455645 
-0.00459364 
-0.00459587 
-0.00452887 
-0.00435946 
-0.004052 
-0.00356894 
-0.00287222 
-0.00192922 
-0.000720916 
0.000746094 
0.00244309 
0.00430866 
0.00627431 
0.00827873 
0.0102705 
0.0122088 
0.014053 
0.0157513 
0.0172374 
0.0184429 
0.0192472 
0.0196002 
0.0195101 
0.0190144 
0.0182022 
0.0171642 
0.0159851 
0.0147309 
0.0134458 
0.0121482 
0.0108357 
0.00948095 
0.00805452 
0.00651147 
0.00483857 
0.00300465 
0.00104415 
-0.00104415 
0.000556277 
-0.000556277 
-0.00186025 
-0.00327404 
-0.0046621 
-0.00612233 
-0.00755088 
-0.00894646 
-0.0101745 
-0.0111685 
-0.0117698 
-0.012022 
-0.0120544 
-0.0117929 
-0.011209 
-0.0102936 
-0.00910005 
-0.00775589 
-0.006429 
-0.00527737 
-0.00439595 
-0.00380652 
-0.00347872 
-0.00336184 
-0.00340311 
-0.00355548 
-0.00377743 
-0.00403181 
-0.00428254 
-0.00449538 
-0.00463714 
-0.00467469 
-0.0045715 
-0.00428864 
-0.00378779 
-0.0030399 
-0.00203694 
-0.000804493 
0.00060356 
0.00212427 
0.00370231 
0.00530113 
0.00689993 
0.00848793 
0.0100472 
0.0115412 
0.0129172 
0.0140965 
0.014967 
0.0153948 
0.015404 
0.015021 
0.0143456 
0.0134711 
0.0124804 
0.0114357 
0.0103782 
0.00932682 
0.00828284 
0.0072249 
0.00612804 
0.00495198 
0.00368129 
0.00228784 
0.000795782 
-0.000795782 
5.23705e-05 
-5.23705e-05 
-0.000367095 
-0.000814793 
-0.00122093 
-0.00174303 
-0.00227679 
-0.00288864 
-0.00346704 
-0.00404719 
-0.00462067 
-0.00506525 
-0.00543112 
-0.0056497 
-0.00565284 
-0.0053825 
-0.00482926 
-0.0040656 
-0.00322995 
-0.00248387 
-0.0019478 
-0.0016705 
-0.00163753 
-0.00180399 
-0.00211801 
-0.00253327 
-0.00300992 
-0.00351293 
-0.00400788 
-0.00446247 
-0.00484657 
-0.00512869 
-0.00527351 
-0.00524353 
-0.00500457 
-0.00453763 
-0.0038526 
-0.00299503 
-0.00203331 
-0.00102505 
1.23994e-06 
0.00104465 
0.00212071 
0.00324146 
0.00440692 
0.00559595 
0.00677646 
0.00787212 
0.00881161 
0.00937002 
0.00954598 
0.00935978 
0.00893629 
0.00837233 
0.00773692 
0.00707338 
0.00640857 
0.00575455 
0.00511312 
0.00446894 
0.00380429 
0.00308874 
0.00230835 
0.00144273 
0.000505569 
-0.000505569 
-0.000518956 
0.000518956 
0.00131382 
0.00193956 
0.0026269 
0.00316747 
0.00365111 
0.00396224 
0.00414617 
0.00408641 
0.00365326 
0.00303494 
0.00234645 
0.00164747 
0.00102983 
0.000585407 
0.000381795 
0.000415037 
0.000599451 
0.000792695 
0.000861361 
0.000731154 
0.00039561 
-0.000111391 
-0.000743716 
-0.00145961 
-0.00222351 
-0.00300442 
-0.00377183 
-0.00449725 
-0.00515596 
-0.00572021 
-0.00615874 
-0.00643935 
-0.0065375 
-0.00645074 
-0.00621044 
-0.00587706 
-0.00551357 
-0.00515338 
-0.00479265 
-0.00439909 
-0.00393419 
-0.00337316 
-0.00270425 
-0.00193424 
-0.00107689 
-0.000191693 
0.000689603 
0.00134992 
0.00176664 
0.00193758 
0.00194869 
0.00188188 
0.00178302 
0.00167257 
0.00155916 
0.00144606 
0.00133523 
0.00121843 
0.00108801 
0.000927719 
0.000726899 
0.000479585 
0.000180209 
-0.000180209 
-0.00114196 
0.00114196 
0.00314252 
0.00492502 
0.00675927 
0.00841581 
0.00993484 
0.0111732 
0.0120717 
0.012487 
0.012337 
0.0117204 
0.0108095 
0.00971902 
0.00855191 
0.00742118 
0.00643365 
0.00565058 
0.00505589 
0.00455586 
0.00402903 
0.00338717 
0.00260314 
0.00169525 
0.000699379 
-0.000350975 
-0.00142888 
-0.00251238 
-0.00357582 
-0.00459702 
-0.00555908 
-0.00644048 
-0.00721733 
-0.0078671 
-0.00837997 
-0.00877344 
-0.00909666 
-0.00941168 
-0.00975944 
-0.0101373 
-0.0105072 
-0.010818 
-0.0110244 
-0.0110946 
-0.0110094 
-0.0107641 
-0.0103627 
-0.0098385 
-0.00921622 
-0.00856115 
-0.00783883 
-0.00712657 
-0.0064563 
-0.00582199 
-0.00521164 
-0.00462191 
-0.00405491 
-0.00351141 
-0.00298702 
-0.00247983 
-0.00198574 
-0.00150347 
-0.00104062 
-0.000583213 
-0.000171638 
0.000171638 
-0.00180481 
0.00180481 
0.00508919 
0.00808799 
0.0110762 
0.0138389 
0.0163483 
0.0184449 
0.0199956 
0.0208695 
0.0210284 
0.0205326 
0.019534 
0.0181659 
0.0165496 
0.0148115 
0.0130829 
0.0114732 
0.0100345 
0.00874012 
0.00750905 
0.00626014 
0.00495303 
0.00358825 
0.00218694 
0.000771606 
-0.00064133 
-0.00204399 
-0.00342042 
-0.00475582 
-0.0060438 
-0.00727174 
-0.00842642 
-0.00949884 
-0.0104967 
-0.0114554 
-0.0124309 
-0.0134707 
-0.0145828 
-0.0157315 
-0.0168583 
-0.0179039 
-0.0188198 
-0.0195701 
-0.0201292 
-0.0204795 
-0.0206078 
-0.0205026 
-0.0201292 
-0.0194083 
-0.0183614 
-0.0170943 
-0.0157199 
-0.014317 
-0.0129256 
-0.0115652 
-0.0102474 
-0.00897553 
-0.0077429 
-0.00653766 
-0.00534484 
-0.00414744 
-0.00294935 
-0.00172153 
-0.000544025 
0.000544025 
-0.00250034 
0.00250034 
0.00713405 
0.0113889 
0.015509 
0.0193229 
0.022746 
0.0256119 
0.0277646 
0.0290913 
0.0295781 
0.0292631 
0.0282616 
0.0267068 
0.0247275 
0.0224592 
0.020048 
0.0176387 
0.0153416 
0.0132015 
0.0111953 
0.00926932 
0.0073822 
0.00551942 
0.0036847 
0.00188361 
0.000121625 
-0.00160768 
-0.0033046 
-0.00496396 
-0.00659139 
-0.00818616 
-0.0097483 
-0.0112848 
-0.0128199 
-0.0143994 
-0.0160724 
-0.0178599 
-0.0197366 
-0.0216435 
-0.0235116 
-0.0252781 
-0.0268905 
-0.0283047 
-0.0294818 
-0.0303847 
-0.0309701 
-0.0311811 
-0.0309339 
-0.0301251 
-0.0288198 
-0.0271167 
-0.0251573 
-0.0230712 
-0.020948 
-0.0188384 
-0.0167693 
-0.0147502 
-0.0127748 
-0.010826 
-0.00888206 
-0.00691722 
-0.00493241 
-0.00289798 
-0.000927099 
0.000927099 
-0.00322306 
0.00322306 
0.00926179 
0.0148006 
0.0200211 
0.0248103 
0.0290588 
0.0326074 
0.0353088 
0.0370663 
0.037869 
0.037747 
0.0367889 
0.0351105 
0.0328353 
0.0301008 
0.027064 
0.0238963 
0.0207575 
0.01776 
0.0149467 
0.0123057 
0.00980656 
0.00742443 
0.00514457 
0.00295362 
0.000841431 
-0.0012129 
-0.00322576 
-0.00520793 
-0.00717666 
-0.00914594 
-0.0111305 
-0.0131535 
-0.0152512 
-0.0174692 
-0.0198377 
-0.0223471 
-0.0249459 
-0.0275611 
-0.0301189 
-0.0325519 
-0.0347986 
-0.0368008 
-0.0385005 
-0.0398368 
-0.0407397 
-0.0411316 
-0.0409309 
-0.0400621 
-0.0385887 
-0.036593 
-0.0342171 
-0.0316055 
-0.0288758 
-0.0261059 
-0.023341 
-0.0206007 
-0.0178844 
-0.0151766 
-0.0124558 
-0.00969724 
-0.00690382 
-0.0040617 
-0.0013053 
0.0013053 
-0.00396479 
0.00396479 
0.0114485 
0.0182888 
0.0245822 
0.0302727 
0.0352606 
0.0394107 
0.0425991 
0.0447448 
0.0458359 
0.0458947 
0.0449851 
0.0432019 
0.0406583 
0.0374916 
0.0338685 
0.029983 
0.0260372 
0.0222038 
0.0185908 
0.0152345 
0.0121235 
0.00922671 
0.00651134 
0.0039441 
0.00149591 
-0.00086806 
-0.00317989 
-0.00547051 
-0.00776858 
-0.0101044 
-0.0125077 
-0.0150155 
-0.0176695 
-0.0205044 
-0.0235245 
-0.0266918 
-0.0299368 
-0.0331797 
-0.0363429 
-0.0393523 
-0.0421351 
-0.0446175 
-0.0467237 
-0.0483759 
-0.049493 
-0.0499986 
-0.0498275 
-0.0489289 
-0.0473586 
-0.0451866 
-0.0425406 
-0.039558 
-0.0363623 
-0.0330456 
-0.0296679 
-0.0262611 
-0.0228347 
-0.0193821 
-0.0158904 
-0.0123461 
-0.00876279 
-0.00515336 
-0.00166005 
0.00166005 
-0.00470926 
0.00470926 
0.013645 
0.0217844 
0.0291288 
0.0356637 
0.0413207 
0.046001 
0.0496116 
0.0520878 
0.0534164 
0.0536077 
0.0527082 
0.0507966 
0.0479753 
0.044382 
0.0401937 
0.035627 
0.0309214 
0.0263019 
0.0219351 
0.0179042 
0.0142179 
0.0108417 
0.00772495 
0.00481464 
0.00206232 
-0.00058063 
-0.00316125 
-0.00573156 
-0.00833153 
-0.011008 
-0.0138049 
-0.0167696 
-0.0199414 
-0.0233366 
-0.0269316 
-0.030665 
-0.0344564 
-0.0382231 
-0.0418848 
-0.0453619 
-0.0485719 
-0.0514295 
-0.0538472 
-0.0557384 
-0.0570193 
-0.0576197 
-0.0574883 
-0.0565897 
-0.054975 
-0.0527051 
-0.0498895 
-0.0466499 
-0.0431027 
-0.0393431 
-0.0354396 
-0.0314359 
-0.0273543 
-0.0232031 
-0.0189857 
-0.0147082 
-0.0104026 
-0.00611111 
-0.00197176 
0.00197176 
-0.00542287 
0.00542287 
0.0157494 
0.0251347 
