0 
-0.000794187 
0.000122204 
0.00357035 
0.00906761 
0.0160944 
0.0241119 
0.0327034 
0.0415439 
0.0503907 
0.0590616 
0.0674157 
0.0753384 
0.0827309 
0.0895032 
0.0955721 
0.100861 
0.1053 
0.108837 
0.111433 
0.113084 
0.113803 
0.113622 
0.112588 
0.110767 
0.108243 
0.105115 
0.101487 
0.0974656 
0.093147 
0.0886064 
0.0838895 
0.0790064 
0.0739382 
0.0686619 
0.0631914 
0.0576132 
0.0520815 
0.0467683 
0.0418037 
0.0372517 
0.0331214 
0.0293911 
0.0260259 
0.0229879 
0.0202413 
0.0177544 
0.0155005 
0.0134571 
0.011606 
0.00993255 
0.0084249 
0.00707325 
0.00586932 
0.00480589 
0.0038763 
0.00307414 
0.00239222 
0.0018219 
0.00135321 
0.000974747 
0.000673445 
0.000434569 
0.000241759 
7.73047e-05 
0 
0.000794187 
-0.000794187 
0.000122204 
0.00357035 
0.00906761 
0.0160944 
0.0241119 
0.0327034 
0.0415439 
0.0503907 
0.0590616 
0.0674157 
0.0753384 
0.0827309 
0.0895032 
0.0955721 
0.100861 
0.1053 
0.108837 
0.111433 
0.113084 
0.113803 
0.113622 
0.112588 
0.110767 
0.108243 
0.105115 
0.101487 
0.0974656 
0.093147 
0.0886064 
0.0838895 
0.0790064 
0.0739382 
0.0686619 
0.0631914 
0.0576132 
0.0520815 
0.0467683 
0.0418037 
0.0372517 
0.0331214 
0.0293911 
0.0260259 
0.0229879 
0.0202413 
0.0177544 
0.0155005 
0.0134571 
0.011606 
0.00993255 
0.0084249 
0.00707325 
0.00586932 
0.00480589 
0.0038763 
0.00307414 
0.00239222 
0.0018219 
0.00135321 
0.000974747 
0.000673445 
0.000434569 
0.000241759 
7.73047e-05 
-7.73047e-05 
0.000137326 
-0.000137326 
0.00289652 
0.00787189 
0.0143307 
0.0218328 
0.0299912 
0.0384996 
0.0471177 
0.0556635 
0.0639981 
0.0720111 
0.0796083 
0.0867037 
0.0932147 
0.0990604 
0.104162 
0.108447 
0.111853 
0.114332 
0.115852 
0.116407 
0.116029 
0.114761 
0.112669 
0.109841 
0.106378 
0.102391 
0.0979939 
0.0932919 
0.0883759 
0.0833111 
0.0781309 
0.0728382 
0.0674255 
0.0619104 
0.05637 
0.0509384 
0.0457615 
0.0409453 
0.0365359 
0.0325321 
0.0289076 
0.0256275 
0.0226562 
0.0199611 
0.017514 
0.0152907 
0.013271 
0.0114383 
0.009779 
0.008282 
0.00693833 
0.00574061 
0.00468253 
0.00375821 
0.00296149 
0.00228567 
0.00172339 
0.0012648 
0.000898529 
0.000611489 
0.000388769 
0.000213616 
6.78052e-05 
-6.78052e-05 
-0.00156161 
0.00156161 
0.00648549 
0.0124815 
0.0193282 
0.0268045 
0.0346558 
0.0426775 
0.0507098 
0.0586326 
0.0663542 
0.0737974 
0.0808903 
0.0875596 
0.0937283 
0.0993158 
0.10424 
0.108421 
0.111786 
0.114277 
0.115845 
0.116444 
0.116101 
0.114841 
0.11272 
0.109816 
0.106227 
0.102064 
0.0974408 
0.0924738 
0.0872683 
0.0819113 
0.0764639 
0.070959 
0.0654155 
0.0598677 
0.0543931 
0.0491078 
0.0441266 
0.0395223 
0.0353161 
0.0314932 
0.0280225 
0.0248693 
0.0220011 
0.0193889 
0.0170082 
0.0148378 
0.0128603 
0.0110614 
0.00942938 
0.00795492 
0.00663053 
0.00544998 
0.00440789 
0.00349923 
0.00271885 
0.00206097 
0.00151814 
0.00108202 
0.000741746 
0.00048444 
0.000294985 
0.000156013 
4.83533e-05 
-4.83533e-05 
-0.00258503 
0.00258503 
0.00855986 
0.015133 
0.0220968 
0.0293334 
0.0366767 
0.0440169 
0.0512806 
0.058418 
0.0653898 
0.0721541 
0.0786599 
0.0848438 
0.0906306 
0.0959357 
0.10067 
0.104744 
0.108075 
0.110598 
0.112253 
0.112982 
0.1128 
0.111717 
0.109769 
0.107021 
0.103555 
0.0994699 
0.0948753 
0.0898873 
0.0846193 
0.0791733 
0.0736323 
0.0680571 
0.0624965 
0.0570111 
0.0516897 
0.0466357 
0.0419312 
0.0376121 
0.0336723 
0.0300838 
0.026812 
0.0238244 
0.0210922 
0.0185911 
0.0163004 
0.0142028 
0.0122838 
0.0105318 
0.0089374 
0.0074933 
0.00619385 
0.00503451 
0.00401169 
0.00312193 
0.00236147 
0.00172626 
0.00121041 
0.000806702 
0.000504689 
0.000291806 
0.000152543 
6.84028e-05 
1.87277e-05 
-1.87277e-05 
-0.00285144 
0.00285144 
0.00925578 
0.0160566 
0.0228778 
0.0296541 
0.0363006 
0.0428064 
0.0491853 
0.0554556 
0.0616244 
0.0676781 
0.0735791 
0.0792673 
0.0846639 
0.089677 
0.094207 
0.098154 
0.101425 
0.103947 
0.105662 
0.106508 
0.106498 
0.105635 
0.103945 
0.101475 
0.0982928 
0.0944785 
0.0901284 
0.0853492 
0.0802516 
0.0749421 
0.0695153 
0.064053 
0.0586333 
0.0533474 
0.0482999 
0.0435826 
0.0392431 
0.0352798 
0.0316622 
0.0283522 
0.0253154 
0.0225232 
0.0199523 
0.0175833 
0.0154 
0.0133892 
0.0115397 
0.00984316 
0.00829284 
0.00688397 
0.00561329 
0.00447852 
0.00347834 
0.00261137 
0.00187631 
0.00127107 
0.000790563 
0.000429934 
0.000179657 
2.69248e-05 
-4.39809e-05 
-5.29009e-05 
-2.24148e-05 
2.24148e-05 
-0.00283196 
0.00283196 
0.00917122 
0.015769 
0.0221118 
0.0281829 
0.0339694 
0.0395457 
0.0449964 
0.0503902 
0.0557657 
0.0611248 
0.066435 
0.0716347 
0.0766403 
0.0813526 
0.0856625 
0.0894596 
0.0926405 
0.0951246 
0.096854 
0.0977694 
0.0978873 
0.0972144 
0.0957751 
0.0936118 
0.0907778 
0.0873381 
0.0833716 
0.0789689 
0.0742285 
0.0692503 
0.0641304 
0.0589634 
0.0538537 
0.0489219 
0.0442852 
0.0400179 
0.0361306 
0.0325874 
0.0293392 
0.0263442 
0.0235715 
0.0209991 
0.0186096 
0.0163895 
0.0143275 
0.0124145 
0.0106433 
0.00900872 
0.00750733 
0.0061371 
0.00489759 
0.0037891 
0.00281309 
0.00197102 
0.00126356 
0.00069208 
0.000254332 
-5.37975e-05 
-0.000239445 
-0.000316055 
-0.000299501 
-0.000211237 
-7.62631e-05 
7.62631e-05 
-0.00264383 
0.00264383 
0.00854031 
0.0145779 
0.0201599 
0.0253425 
0.0301727 
0.0347887 
0.0393189 
0.0438606 
0.0484664 
0.0531432 
0.0578588 
0.0625509 
0.0671344 
0.0715073 
0.0755549 
0.079157 
0.0822 
0.0845957 
0.0862862 
0.0872191 
0.0874221 
0.0869101 
0.0857119 
0.0838662 
0.0814165 
0.0784144 
0.074922 
0.0710121 
0.0667662 
0.0622708 
0.0576163 
0.0529062 
0.048268 
0.0438454 
0.0397563 
0.0360465 
0.0326873 
0.0296151 
0.0267716 
0.0241175 
0.0216297 
0.0192939 
0.0170999 
0.0150403 
0.0131087 
0.0113007 
0.00961311 
0.00804411 
0.00659349 
0.00526237 
0.00405316 
0.00296941 
0.00201577 
0.00119635 
0.000517274 
-1.79996e-05 
-0.000406854 
-0.000653618 
-0.000763762 
-0.000748234 
-0.000623421 
-0.000412771 
-0.000145015 
0.000145015 
-0.00233685 
0.00233685 
0.00750649 
0.0127158 
0.0173462 
0.0215421 
0.0253874 
0.0290558 
0.0326932 
0.0364048 
0.0402452 
0.0442209 
0.0483011 
0.0524274 
0.0565206 
0.060484 
0.0642037 
0.067554 
0.0704111 
0.0726794 
0.0742948 
0.0752085 
0.0754665 
0.0750986 
0.0741407 
0.072629 
0.0705974 
0.0680837 
0.0651335 
0.0618013 
0.0581501 
0.0542504 
0.0501865 
0.0460706 
0.0420508 
0.0382815 
0.0348619 
0.0317965 
0.0290189 
0.0264488 
0.024029 
0.0217295 
0.0195373 
0.0174471 
0.0154561 
0.0135628 
0.0117662 
0.0100662 
0.00846341 
0.00695972 
0.00555818 
0.00426303 
0.0030803 
0.00201644 
0.00108079 
0.00028188 
-0.000368398 
-0.000864293 
-0.00120417 
-0.00138417 
-0.00140784 
-0.00128362 
-0.00102762 
-0.00066578 
-0.000231687 
0.000231687 
-0.00194592 
0.00194592 
0.0061918 
0.0103971 
0.0139797 
0.0171617 
0.0200363 
0.0227859 
0.0255529 
0.0284364 
0.0314866 
0.0347098 
0.0380807 
0.0415503 
0.0450519 
0.0485029 
0.0517992 
0.0548164 
0.057424 
0.0595196 
0.0610302 
0.0619185 
0.0622494 
0.0620612 
0.0613885 
0.0602588 
0.0586953 
0.056723 
0.0543728 
0.0516828 
0.0486987 
0.0454777 
0.0421026 
0.0386987 
0.0354284 
0.0324359 
0.0297783 
0.0274108 
0.0252386 
0.0231786 
0.0211848 
0.019241 
0.0173457 
0.0155026 
0.0137159 
0.01199 
0.0103287 
0.00873612 
0.00721658 
0.00577531 
0.00441854 
0.00315393 
0.00199028 
0.000939469 
1.41298e-05 
-0.000767075 
-0.00139719 
-0.00186224 
-0.00215541 
-0.00226652 
-0.00219404 
-0.00194356 
-0.00153019 
-0.000982674 
-0.000340833 
0.000340833 
-0.00150063 
0.00150063 
0.00470599 
0.00781423 
0.0103312 
0.0125185 
0.0144588 
0.0163209 
0.0182307 
0.0202732 
0.0224939 
0.0249008 
0.0274783 
0.0301906 
0.0329869 
0.035804 
0.0385589 
0.0411422 
0.0434271 
0.0453067 
0.0466944 
0.0475791 
0.0480412 
0.0481105 
0.0478025 
0.0471268 
0.0460932 
0.0447158 
0.0430142 
0.0410135 
0.0387467 
0.0362656 
0.0336607 
0.0310733 
0.0286638 
0.0265376 
0.024691 
0.0230328 
0.0214565 
0.0198912 
0.0183095 
0.0167105 
0.0151042 
0.0135022 
0.0119152 
0.0103525 
0.0088224 
0.00733256 
0.00589069 
0.00450506 
0.0031848 
0.00194069 
0.000785971 
-0.000261817 
-0.00118293 
-0.0019637 
-0.00258556 
-0.00303052 
-0.00328249 
-0.0033248 
-0.00314862 
-0.00275433 
-0.00215433 
-0.00137995 
-0.000478642 
0.000478642 
-0.00102699 
0.00102699 
0.0031458 
0.00513242 
0.00662045 
0.00785816 
0.00891205 
0.00992001 
0.010986 
0.0121767 
0.0135357 
0.0150749 
0.0167913 
0.0186627 
0.020654 
0.0227205 
0.0248079 
0.0268412 
0.0287145 
0.0303199 
0.0315962 
0.0325685 
0.0332711 
0.0336951 
0.0338294 
0.0336675 
0.0332099 
0.0324636 
0.0314399 
0.0301552 
0.0286376 
0.0269453 
0.0251854 
0.0235059 
0.0220368 
0.0208161 
0.0197741 
0.0187917 
0.0177709 
0.016665 
0.0154678 
0.0141931 
0.0128601 
0.0114872 
0.0100903 
0.00868271 
0.00727628 
0.00588172 
0.00450947 
0.00317022 
0.00187597 
0.000640504 
-0.000515711 
-0.00157311 
-0.00251214 
-0.00331234 
-0.00394638 
-0.00438805 
-0.00461228 
-0.00459215 
-0.00430854 
-0.00375332 
-0.00293333 
-0.0018815 
-0.000654217 
0.000654217 
-0.00054575 
0.00054575 
0.00158946 
0.00248315 
0.00301079 
0.00335931 
0.00358462 
0.00378073 
0.00402835 
0.0043765 
0.00486877 
0.00552281 
0.00634902 
0.00733937 
0.00847318 
0.00972047 
0.0110511 
0.0124427 
0.0138443 
0.0151537 
0.0163899 
0.017543 
0.0185532 
0.0193745 
0.0199777 
0.0203467 
0.0204766 
0.0203683 
0.0200277 
0.0194682 
0.0187235 
0.0178687 
0.0170243 
0.0163184 
0.0158156 
0.0154726 
0.0151709 
0.0147911 
0.0142623 
0.0135662 
0.0127162 
0.0117376 
0.0106565 
0.00949589 
0.00827534 
0.00701127 
0.00571795 
0.00440835 
0.00309466 
0.00178977 
0.000507604 
-0.000731606 
-0.00190704 
-0.00299857 
-0.00398084 
-0.00482517 
-0.00549618 
-0.00595877 
-0.00617618 
-0.00610762 
-0.00571867 
-0.00498732 
-0.00391008 
-0.00251891 
-0.000879888 
0.000879888 
-6.92282e-05 
6.92282e-05 
9.16179e-05 
-3.6381e-05 
-0.000384435 
-0.000851003 
-0.00138654 
-0.00194593 
-0.0024705 
-0.00292565 
-0.00326704 
-0.00346932 
-0.00350933 
-0.00337941 
-0.00308339 
-0.00263499 
-0.00204959 
-0.00131073 
-0.000377048 
0.000714946 
0.00198852 
0.0032971 
0.00456635 
0.00573236 
0.00676037 
0.00762466 
0.0083129 
0.00881969 
0.00914793 
0.00931573 
0.00937104 
0.00940539 
0.00952813 
0.00980702 
0.0102187 
0.0106537 
0.0109798 
0.0111038 
0.0109902 
0.0106468 
0.0101013 
0.00938629 
0.00853174 
0.00756343 
0.00650297 
0.00536858 
0.004176 
0.00293926 
0.00167184 
0.000387537 
-0.000895555 
-0.00215678 
-0.00337585 
-0.00452858 
-0.0055834 
-0.00650496 
-0.00724877 
-0.00776803 
-0.00801153 
-0.0079194 
-0.00743522 
-0.00651543 
-0.00513902 
-0.00333257 
-0.00117162 
0.00117162 
0.000402285 
-0.000402285 
-0.00131994 
-0.00236043 
-0.00348951 
-0.00468343 
-0.00590269 
-0.00714575 
-0.00837344 
-0.00956118 
-0.0106647 
-0.01165 
-0.0124815 
-0.0131331 
-0.0135859 
-0.0138286 
-0.0138517 
-0.0136308 
-0.0130973 
-0.0122505 
-0.0110656 
-0.00970978 
-0.00827594 
-0.00684014 
-0.00544848 
-0.00413825 
-0.00292997 
-0.00183331 
-0.000842377 
7.19082e-05 
0.000969146 
0.00193155 
0.00301293 
0.00419505 
0.00538123 
0.00643708 
0.00725187 
0.00777201 
0.00799449 
0.00794518 
0.00765983 
0.00717396 
0.00651891 
0.00572121 
0.00480315 
0.00378343 
0.00267807 
0.00150119 
0.000266274 
-0.00101184 
-0.00231337 
-0.0036201 
-0.00490966 
-0.00615419 
-0.00731728 
-0.00835659 
-0.00921808 
-0.0098407 
-0.010156 
-0.0100775 
-0.00951712 
-0.00839897 
-0.00667548 
-0.00436251 
-0.00154532 
0.00154532 
0.000857823 
-0.000857823 
-0.00261767 
-0.00444782 
-0.00626134 
-0.00808824 
-0.00990249 
-0.0117382 
-0.0135734 
-0.0153933 
-0.0171546 
-0.0188165 
-0.0203323 
-0.0216583 
-0.0227525 
-0.0235761 
-0.0240929 
-0.0242653 
-0.0240476 
-0.0234521 
-0.0224414 
-0.0211292 
-0.0196204 
-0.0179934 
-0.0163052 
-0.0146011 
-0.0129071 
-0.0112328 
-0.00956758 
-0.00787871 
-0.00611985 
-0.00426294 
-0.00233498 
-0.000423985 
0.00133759 
0.00283386 
0.00399762 
0.00481262 
0.00529751 
0.00548696 
0.00541884 
0.00512826 
0.00464572 
0.00399695 
0.00320354 
0.00228358 
0.00125192 
0.000121778 
-0.0010954 
-0.00238163 
-0.00372131 
-0.00509669 
-0.00648447 
-0.00785477 
-0.00916769 
-0.010374 
-0.0114098 
-0.0121956 
-0.0126412 
-0.012623 
-0.0120076 
-0.0106747 
-0.00854379 
-0.00562026 
-0.00200413 
0.00200413 
0.0012768 
-0.0012768 
-0.00377725 
-0.00628904 
-0.00869297 
-0.0110557 
-0.0133632 
-0.0156793 
-0.0180003 
-0.0203226 
-0.0226061 
-0.0248067 
-0.0268696 
-0.0287384 
-0.0303545 
-0.03166 
-0.0326009 
-0.0331259 
-0.0331923 
-0.0328103 
-0.031952 
-0.0307049 
-0.0291612 
-0.0273902 
-0.0254499 
-0.0233868 
-0.0212285 
-0.0189856 
-0.0166533 
-0.0142193 
-0.0116837 
-0.00908804 
-0.00652295 
-0.00411202 
-0.00197712 
-0.000196431 
0.00119921 
0.00222442 
0.00290828 
0.00328721 
0.00339707 
0.00327028 
0.00293488 
0.00241459 
0.00172939 
0.000894954 
-7.61971e-05 
-0.00117422 
-0.00238445 
-0.00369394 
-0.00508999 
-0.00655647 
-0.00807107 
-0.00960373 
-0.0111124 
-0.0125414 
-0.0138156 
-0.0148317 
-0.0154692 
-0.0155503 
-0.0148796 
-0.0132866 
-0.0106672 
-0.00703364 
-0.00251578 
0.00251578 
0.00165066 
-0.00165066 
-0.00479448 
-0.00789207 
-0.0107963 
-0.0135985 
-0.0162931 
-0.0189685 
-0.0216403 
-0.0243188 
-0.0269702 
-0.0295506 
-0.0320016 
-0.0342601 
-0.0362572 
-0.0379234 
-0.0391926 
-0.040004 
-0.040314 
-0.040122 
-0.0393951 
-0.0382063 
-0.0366342 
-0.0347366 
-0.0325668 
-0.0301703 
-0.0275778 
-0.0248113 
-0.0218894 
-0.0188409 
-0.0157228 
-0.0126297 
-0.00968099 
-0.00699642 
-0.00466363 
-0.00272417 
-0.00117871 
-5.56876e-06 
0.000825986 
0.00135273 
0.00160636 
0.00161545 
0.00140475 
0.000994896 
0.000402974 
-0.000359922 
-0.00128353 
-0.00235702 
-0.00357012 
-0.00491483 
-0.00638213 
-0.00795938 
-0.00962756 
-0.0113587 
-0.0131102 
-0.0148199 
-0.0163965 
-0.0177051 
-0.0185711 
-0.0187426 
-0.0179535 
-0.016003 
-0.0128038 
-0.00841212 
-0.00300259 
0.00300259 
0.00197927 
-0.00197927 
-0.00567653 
-0.00927391 
-0.0125964 
-0.0157495 
-0.0187305 
-0.0216467 
-0.0245334 
-0.0274177 
-0.0302763 
-0.0330686 
-0.0357373 
-0.0382173 
-0.0404367 
-0.042321 
-0.0437979 
-0.0447997 
-0.045278 
-0.0452213 
-0.044591 
-0.0434447 
-0.0418426 
-0.0398328 
-0.0374645 
-0.0347853 
-0.0318374 
-0.0286648 
-0.0253203 
-0.021876 
-0.0184294 
-0.015097 
-0.0119947 
-0.00921528 
-0.00681222 
-0.00480126 
-0.00317194 
-0.00190111 
-0.000959132 
-0.00031684 
5.27793e-05 
0.000174337 
6.91017e-05 
-0.000246387 
-0.000759734 
-0.00146127 
-0.0023428 
-0.00339676 
-0.00461869 
-0.00600569 
-0.00755394 
-0.00925642 
-0.0110999 
-0.0130606 
-0.0150963 
-0.0171354 
-0.0190589 
-0.0206827 
-0.0217426 
-0.0219007 
-0.0208483 
-0.0184166 
-0.0145945 
-0.00951031 
-0.00337505 
0.00337505 
0.00226566 
-0.00226566 
-0.0064361 
-0.0104582 
-0.0141284 
-0.0175572 
-0.0207381 
-0.0237904 
-0.026768 
-0.0297176 
-0.0326305 
-0.035474 
-0.0381942 
-0.0407281 
-0.0430057 
-0.0449534 
-0.0464988 
-0.0475729 
-0.0481241 
-0.0481313 
-0.047552 
-0.046427 
-0.0447977 
-0.0427059 
-0.0401999 
-0.0373344 
-0.0341685 
-0.0307708 
-0.0272242 
-0.0236282 
-0.020095 
-0.0167366 
-0.0136474 
-0.0108918 
-0.00850027 
-0.00647686 
-0.00480969 
-0.00347836 
-0.00245957 
-0.00172991 
-0.00126729 
-0.00105179 
-0.00106708 
-0.0013001 
-0.00174246 
-0.0023865 
-0.00322736 
-0.00426253 
-0.00549336 
-0.00692277 
-0.00855367 
-0.0103868 
-0.0124166 
-0.0146252 
-0.0169681 
-0.0193557 
-0.0216199 
-0.0234966 
-0.0246134 
-0.0245641 
-0.0230867 
-0.0201152 
-0.0157445 
-0.0101632 
-0.00358318 
0.00358318 
0.00251429 
-0.00251429 
-0.00708812 
-0.011471 
-0.0154317 
-0.0190785 
-0.0223937 
-0.0255005 
-0.0284679 
-0.0313639 
-0.0341997 
-0.0369547 
-0.0395822 
-0.0420238 
-0.044214 
-0.0460844 
-0.0475671 
-0.0485972 
-0.0491241 
-0.049121 
-0.048548 
-0.0474278 
-0.0457872 
-0.043664 
-0.0411089 
-0.0381848 
-0.0349654 
-0.0315369 
-0.0279974 
-0.0244535 
-0.0210118 
-0.0177667 
-0.0147898 
-0.0121254 
-0.00979309 
-0.00779455 
-0.00612089 
-0.00475719 
-0.00368636 
-0.0028905 
-0.00235287 
-0.00205834 
-0.00199488 
-0.00215326 
-0.00252787 
-0.00311419 
-0.00391157 
-0.00492296 
-0.00615542 
-0.00761836 
-0.0093226 
-0.0112779 
-0.0134875 
-0.0159373 
-0.0185739 
-0.0212716 
-0.0237871 
-0.025755 
-0.026723 
-0.026283 
-0.0243189 
-0.020884 
-0.0161542 
-0.0103431 
-0.00362659 
0.00362659 
0.00272979 
-0.00272979 
-0.00764714 
-0.0123378 
-0.0165446 
-0.0203696 
-0.0237778 
-0.026887 
-0.0297745 
-0.0325289 
-0.0351857 
-0.0377435 
-0.040167 
-0.0424049 
-0.044398 
-0.0460851 
-0.0474057 
-0.0483028 
-0.0487303 
-0.04866 
-0.0480593 
-0.0469361 
-0.0453086 
-0.0432129 
-0.0407011 
-0.037841 
-0.0347129 
-0.0314082 
-0.0280254 
-0.0246636 
-0.0214144 
-0.0183535 
-0.0155355 
-0.0129943 
-0.0107459 
-0.00879409 
-0.0071345 
-0.00575793 
-0.00465285 
-0.00380665 
-0.00320738 
-0.00284415 
-0.00270887 
-0.00279574 
-0.00310162 
-0.00362572 
-0.00437171 
-0.00534758 
-0.00656575 
-0.00804232 
-0.00979616 
-0.0118459 
-0.0142018 
-0.0168482 
-0.0197097 
-0.0226055 
-0.0252042 
-0.0270577 
-0.0277042 
-0.0268178 
-0.0244525 
-0.0207335 
-0.0158771 
-0.0101019 
-0.00352663 
0.00352663 
0.00291611 
-0.00291611 
-0.00812536 
-0.013079 
-0.0174987 
-0.021478 
-0.0249613 
-0.0280518 
-0.0308258 
-0.0333871 
-0.0357977 
-0.0380824 
-0.0402251 
-0.0421855 
-0.0439121 
-0.045351 
-0.0464501 
-0.0471611 
-0.0474447 
-0.0472748 
-0.0466275 
-0.045502 
-0.0439127 
-0.0418939 
-0.0394965 
-0.0367874 
-0.0338447 
-0.0307548 
-0.0276066 
-0.0244858 
-0.0214679 
-0.018614 
-0.0159686 
-0.0135605 
-0.0114062 
-0.00951217 
-0.00787884 
-0.00650184 
-0.00537447 
-0.00448864 
-0.00383636 
-0.00341051 
-0.00320619 
-0.0032205 
-0.0034528 
-0.00390591 
-0.00458713 
-0.0055086 
-0.00668729 
-0.00814511 
-0.00990773 
-0.0120003 
-0.0144353 
-0.0171869 
-0.0201463 
-0.0230718 
-0.0255627 
-0.0271445 
-0.0274162 
-0.026175 
-0.0235813 
-0.0197807 
-0.0150126 
-0.00950465 
-0.00330501 
0.00330501 
0.0030761 
-0.0030761 
-0.00853145 
-0.0137086 
-0.0183142 
-0.0224345 
-0.0259934 
-0.0290727 
-0.0317359 
-0.0340918 
-0.0362256 
-0.0381933 
-0.0400068 
-0.0416449 
-0.0430669 
-0.0442261 
-0.0450776 
-0.045581 
-0.0457037 
-0.0454231 
-0.0447229 
-0.0435992 
-0.0420651 
-0.0401521 
-0.0379071 
-0.0353908 
-0.0326734 
-0.0298304 
-0.026938 
-0.0240674 
-0.0212811 
-0.0186299 
-0.0161522 
-0.0138749 
-0.0118152 
-0.00998269 
-0.00838131 
-0.00701063 
-0.00586782 
-0.00494835 
-0.00424742 
-0.00376104 
-0.00348675 
-0.00342407 
-0.00357459 
-0.00394395 
-0.00454194 
-0.0053834 
-0.00648835 
-0.00788242 
-0.00959506 
-0.0116535 
-0.014066 
-0.01679 
-0.0196826 
-0.0224587 
-0.0246941 
-0.0259498 
-0.0259155 
-0.0244869 
-0.0218469 
-0.0181451 
-0.0136475 
-0.00860384 
-0.00297849 
0.00297849 
0.00321116 
-0.00321116 
-0.00887016 
-0.0142331 
-0.0189991 
-0.0232505 
-0.0268946 
-0.0299894 
-0.0325763 
-0.0347543 
-0.0366202 
-0.0382593 
-0.0397191 
-0.0410081 
-0.042104 
-0.0429701 
-0.0435667 
-0.0438589 
-0.0438191 
-0.043428 
-0.0426746 
-0.0415558 
-0.0400829 
-0.0382838 
-0.0361992 
-0.0338812 
-0.0313892 
-0.0287868 
-0.0261371 
-0.0234993 
-0.0209256 
-0.0184596 
-0.0161356 
-0.0139795 
-0.0120092 
-0.0102363 
-0.00866753 
-0.00730523 
-0.00614944 
-0.00519831 
-0.00444949 
-0.00390146 
-0.00355348 
-0.00340691 
-0.00346485 
-0.00373457 
-0.00422678 
-0.00495727 
-0.0059467 
-0.00722127 
-0.0088098 
-0.0107361 
-0.012999 
-0.0155395 
-0.0181942 
-0.0206709 
-0.0225745 
-0.0235386 
-0.023331 
-0.0218845 
-0.0193546 
-0.0159087 
-0.0118436 
-0.00743822 
-0.00255986 
0.00255986 
0.00332097 
-0.00332097 
-0.00914291 
-0.0146529 
-0.0195508 
-0.0239187 
-0.0276552 
-0.0307982 
-0.0333627 
-0.0354245 
-0.0370736 
-0.0384111 
-0.0395188 
-0.0404445 
-0.0411975 
-0.0417589 
-0.0420968 
-0.0421793 
-0.0419806 
-0.0414833 
-0.040678 
-0.0395636 
-0.0381482 
-0.0364558 
-0.0345199 
-0.0323836 
-0.0300955 
-0.0277079 
-0.0252726 
-0.0228389 
-0.0204511 
-0.0181473 
-0.0159589 
-0.0139103 
-0.0120201 
-0.010301 
-0.00876141 
-0.00740567 
-0.00623577 
-0.00525178 
-0.00445314 
-0.00384008 
-0.00341283 
-0.0031739 
-0.00312682 
-0.00327909 
-0.00364065 
-0.00422614 
-0.00505394 
-0.00614695 
-0.00752839 
-0.00921362 
-0.0111903 
-0.01339 
-0.0156531 
-0.0177212 
-0.0192687 
-0.0200145 
-0.0197686 
-0.01844 
-0.016149 
-0.0131126 
-0.00964179 
-0.00603531 
-0.0020594 
0.0020594 
0.00340423 
-0.00340423 
-0.00935027 
-0.0149667 
-0.0199624 
-0.0244219 
-0.0282442 
-0.0314567 
-0.0340527 
-0.0360784 
-0.0375991 
-0.0387092 
-0.039508 
-0.0400807 
-0.0404795 
-0.0407193 
-0.0407865 
-0.0406539 
-0.0402954 
-0.0396915 
-0.0388313 
-0.0377154 
-0.0363471 
-0.0347459 
-0.032938 
-0.0309576 
-0.0288438 
-0.0266387 
-0.024385 
-0.0221239 
-0.0198933 
-0.0177269 
-0.0156535 
-0.0136963 
-0.011874 
-0.0101995 
-0.0086828 
-0.00732897 
-0.00614142 
-0.00512146 
-0.00426958 
-0.00358705 
-0.00307424 
-0.00273397 
-0.00256902 
-0.0025859 
-0.002792 
-0.0031987 
-0.00381901 
-0.00466876 
-0.00576101 
-0.00709941 
-0.00866122 
-0.0103798 
-0.0121231 
-0.0136998 
-0.0148801 
-0.0154689 
-0.0152851 
-0.0141656 
-0.0122268 
-0.00977322 
-0.0070718 
-0.00441737 
-0.0014867 
0.0014867 
0.0034529 
-0.0034529 
-0.00949113 
-0.0151766 
-0.0202323 
-0.024747 
-0.0286277 
-0.0319039 
-0.03456 
-0.0366195 
-0.0381158 
-0.0391144 
-0.0397034 
-0.0399829 
-0.0400435 
-0.0399469 
-0.0397174 
-0.0393479 
-0.0388158 
-0.0380976 
-0.0371773 
-0.0360503 
-0.0347161 
-0.0331873 
-0.0314838 
-0.0296315 
-0.0276611 
-0.0256061 
-0.0235016 
-0.021382 
-0.0192801 
-0.017226 
-0.0152462 
-0.0133628 
-0.0115941 
-0.00995327 
-0.00845089 
-0.00709247 
-0.00588215 
-0.00482197 
-0.00391256 
-0.00315571 
-0.00255088 
-0.00210069 
-0.00180592 
-0.00167107 
-0.00169947 
-0.0018975 
-0.00227029 
-0.0028237 
-0.00355749 
-0.00446205 
-0.00550605 
-0.00663363 
-0.00775476 
-0.00876381 
-0.00953891 
-0.00997734 
-0.00990163 
-0.00903753 
-0.00757785 
-0.00591277 
-0.00417083 
-0.00261076 
-0.00085379 
0.00085379 
0.0034781 
-0.0034781 
-0.00956958 
-0.015297 
-0.0203755 
-0.0249031 
-0.0287954 
-0.0320952 
-0.034795 
-0.0369134 
-0.0384628 
-0.0394739 
-0.039999 
-0.0401177 
-0.0399275 
-0.0395252 
-0.038985 
-0.0383444 
-0.0376047 
-0.0367466 
-0.0357466 
-0.0345896 
-0.0332714 
-0.031794 
-0.0301706 
-0.0284193 
-0.0265628 
-0.0246272 
-0.0226409 
-0.0206328 
-0.0186315 
-0.016664 
-0.0147551 
-0.0129259 
-0.0111951 
-0.00957508 
-0.0080776 
-0.00670767 
-0.00546947 
-0.00436519 
-0.00339456 
-0.00255944 
-0.00185738 
-0.00129024 
-0.000855857 
-0.000556514 
-0.000390291 
-0.000357534 
-0.00045393 
-0.000674119 
-0.00100309 
-0.00141819 
-0.00188024 
-0.00234703 
-0.00277078 
-0.00313131 
-0.00341413 
-0.003642 
-0.00366242 
-0.00305825 
-0.00226448 
-0.00160667 
-0.0010066 
-0.00065882 
-0.000178916 
0.000178916 
0.00349431 
-0.00349431 
-0.00961432 
-0.0153592 
-0.0204338 
-0.0249344 
-0.0287837 
-0.0320405 
-0.0347185 
-0.0368534 
-0.0384606 
-0.0395536 
-0.0401485 
-0.0402801 
-0.0400105 
-0.0394278 
-0.0386319 
-0.0377108 
-0.0367193 
-0.0356721 
-0.0345545 
-0.033342 
-0.0320182 
-0.0305713 
-0.0290046 
-0.0273285 
-0.0255586 
-0.023714 
-0.0218171 
-0.019892 
-0.0179641 
-0.0160581 
-0.014198 
-0.0124041 
-0.0106956 
-0.00908385 
-0.00758168 
-0.00619301 
-0.00492137 
-0.00376892 
-0.00273319 
-0.00181624 
-0.00101231 
-0.000323365 
0.000255931 
0.000726608 
0.00109691 
0.00137237 
0.00156659 
0.00169521 
0.00178649 
0.00187376 
0.00200351 
0.00220743 
0.00250497 
0.00284958 
0.00317764 
0.00334644 
0.00338516 
0.00359927 
0.00347422 
0.0029701 
0.00230487 
0.00136887 
0.000511728 
-0.000511728 
0.0035084 
-0.0035084 
-0.00966143 
-0.0154177 
-0.0204723 
-0.0249211 
-0.028682 
-0.0318249 
-0.0343877 
-0.0364372 
-0.0380174 
-0.0391562 
-0.0398609 
-0.0401317 
-0.0399781 
-0.0394354 
-0.0385718 
-0.0374816 
-0.0362628 
-0.03499 
-0.0336959 
-0.0323744 
-0.0309996 
-0.0295502 
-0.0280103 
-0.026381 
-0.0246684 
-0.022885 
-0.0210474 
-0.0191758 
-0.0172926 
-0.0154208 
-0.0135839 
-0.0118025 
-0.0100973 
-0.00847903 
-0.00696273 
-0.00554996 
-0.00424148 
-0.00303965 
-0.00193775 
-0.000938763 
-3.29497e-05 
0.000776144 
0.00150138 
0.002146 
0.0027235 
0.00324459 
0.00373044 
0.00420509 
0.00470668 
0.00527622 
0.00596457 
0.00679658 
0.00777184 
0.00880013 
0.00976006 
0.0104302 
0.0106958 
0.0102901 
0.00919367 
0.00752964 
0.00559613 
0.0033737 
0.00118775 
-0.00118775 
0.00352598 
-0.00352598 
-0.00973255 
-0.0155236 
-0.0205697 
-0.0249582 
-0.0286096 
-0.0315888 
-0.0339514 
-0.0357952 
-0.0372051 
-0.0382494 
-0.0389633 
-0.0393514 
-0.0393967 
-0.0390793 
-0.0383982 
-0.0373877 
-0.0361217 
-0.0346982 
-0.0332103 
-0.0317168 
-0.03023 
-0.0287286 
-0.0271851 
-0.0255732 
-0.0238904 
-0.0221412 
-0.0203356 
-0.0184891 
-0.0166224 
-0.0147584 
-0.0129227 
-0.0111364 
-0.00942213 
-0.00778675 
-0.00624862 
-0.00480608 
-0.0034561 
-0.00220281 
-0.00103246 
4.70993e-05 
0.00105184 
0.00198127 
0.00285199 
0.00366964 
0.00445156 
0.00521295 
0.00598054 
0.00678456 
0.00766907 
0.00867878 
0.00986293 
0.0112374 
0.0127795 
0.0143659 
0.0158163 
0.0168607 
0.017229 
0.016324 
0.0144238 
0.0117459 
0.00866346 
0.00524369 
0.00181712 
-0.00181712 
0.00354954 
-0.00354954 
-0.00983626 
-0.015695 
-0.0207732 
-0.025122 
-0.0286686 
-0.0314709 
-0.0335876 
-0.0351381 
-0.0362435 
-0.0370182 
-0.0375463 
-0.037874 
-0.0380069 
-0.0379167 
-0.0375572 
-0.0368872 
-0.035895 
-0.0346147 
-0.0331237 
-0.0315198 
-0.0298857 
-0.0282614 
-0.0266412 
-0.0249976 
-0.0233013 
-0.0215446 
-0.0197315 
-0.0178739 
-0.0159899 
-0.0141004 
-0.0122314 
-0.0104056 
-0.00865189 
-0.00697658 
-0.00540741 
-0.00393617 
-0.00254587 
-0.00124688 
-1.61456e-05 
0.00113465 
0.00223239 
0.00327695 
0.00428712 
0.00527099 
0.00624797 
0.00723641 
0.00826581 
0.00936959 
0.0105929 
0.0119791 
0.013569 
0.0153654 
0.0173199 
0.0192812 
0.0210197 
0.0222204 
0.0225152 
0.0212985 
0.0188181 
0.015352 
0.0113265 
0.00688252 
0.00237109 
-0.00237109 
0.00357829 
-0.00357829 
-0.00996919 
-0.0159281 
-0.0210782 
-0.0254377 
-0.0289033 
-0.0315458 
-0.0334153 
-0.0346424 
-0.0353721 
-0.0357544 
-0.0359155 
-0.0359502 
-0.0359138 
-0.0358206 
-0.0356439 
-0.0353234 
-0.0347837 
-0.033961 
-0.0328313 
-0.0314244 
-0.0298161 
-0.0280998 
-0.0263498 
-0.024598 
-0.0228385 
-0.0210432 
-0.0191933 
-0.0172894 
-0.0153491 
-0.0133974 
-0.0114701 
-0.00959702 
-0.0078097 
-0.00609787 
-0.00449805 
-0.00299659 
-0.00156136 
-0.000221274 
0.00106665 
0.00228883 
0.00347719 
0.00463342 
0.00577752 
0.00691965 
0.00807976 
0.00927767 
0.0105428 
0.0119085 
0.0134163 
0.0151034 
0.0169969 
0.0190828 
0.0212876 
0.0234363 
0.025266 
0.0264258 
0.0265309 
0.0250815 
0.0222261 
0.0182169 
0.013488 
0.00823335 
0.00283195 
-0.00283195 
0.00360839 
-0.00360839 
-0.0101189 
-0.0162017 
-0.0214561 
-0.0258667 
-0.0292971 
-0.031807 
-0.0334535 
-0.0343696 
-0.0347186 
-0.034675 
-0.0343913 
-0.0339906 
-0.0335629 
-0.0331687 
-0.0328378 
-0.0325629 
-0.0322956 
-0.0319505 
-0.0314268 
-0.030639 
-0.0295451 
-0.0281587 
-0.0265374 
-0.024756 
-0.0228776 
-0.0209392 
-0.0189575 
-0.0169381 
-0.0148908 
-0.0128311 
-0.0107871 
-0.00878817 
-0.00687925 
-0.00505887 
-0.00340902 
-0.0019008 
-0.000432113 
0.000933849 
0.00225882 
0.00353595 
0.00479771 
0.00605098 
0.00731491 
0.00860071 
0.00992668 
0.0113117 
0.012782 
0.0143673 
0.0161015 
0.0180116 
0.020108 
0.0223582 
0.0246665 
0.0268418 
0.0286066 
0.0295989 
0.0294616 
0.0278051 
0.0247058 
0.0203507 
0.0151376 
0.00928429 
0.0031954 
-0.0031954 
0.00363342 
-0.00363342 
-0.0102651 
-0.0164827 
-0.0218608 
-0.026351 
-0.0297834 
-0.0321926 
-0.0336415 
-0.034272 
-0.0342635 
-0.0338157 
-0.0331025 
-0.0322597 
-0.0313829 
-0.0305405 
-0.0297852 
-0.029158 
-0.0286809 
-0.0283421 
-0.0280841 
-0.0278063 
-0.0273874 
-0.0267198 
-0.0257371 
-0.0244234 
-0.0228047 
-0.0209294 
-0.0188532 
-0.0166323 
-0.014328 
-0.0120131 
-0.00977714 
-0.00767467 
-0.00575258 
-0.00392437 
-0.00227324 
-0.00076882 
0.000725835 
0.00211704 
0.00348116 
0.00481196 
0.00614465 
0.00749003 
0.00886687 
0.0102864 
0.0117642 
0.0133158 
0.0149623 
0.0167266 
0.0186322 
0.0206933 
0.0229029 
0.0252109 
0.0275049 
0.0295867 
0.031181 
0.0319393 
0.0315489 
0.0297017 
0.0264292 
0.0218582 
0.0163303 
0.0100603 
0.00346855 
-0.00346855 
0.00364473 
-0.00364473 
-0.0103815 
-0.0167274 
-0.0222334 
-0.0268191 
-0.0302774 
-0.0326158 
-0.0338866 
-0.0342529 
-0.0339087 
-0.0330858 
-0.0319855 
-0.0307599 
-0.0295047 
-0.0282736 
-0.0270989 
-0.0260089 
-0.0250376 
-0.0242233 
-0.0235954 
-0.0231538 
-0.0228511 
-0.0225926 
-0.0222582 
-0.0217374 
-0.0209545 
-0.0198739 
-0.0184907 
-0.0168146 
-0.0148646 
-0.0126639 
-0.0102536 
-0.00771386 
-0.00521673 
-0.00288279 
-0.000990074 
0.000515922 
0.0020496 
0.00349283 
0.00486892 
0.00621906 
0.007586 
0.00899274 
0.0104569 
0.0119878 
0.0135955 
0.0152895 
0.0170825 
0.0189874 
0.0210151 
0.0231654 
0.0254147 
0.0276978 
0.0298921 
0.0318004 
0.0331618 
0.0336578 
0.0330165 
0.0309917 
0.0275845 
0.0228765 
0.0171521 
0.0106069 
0.00366542 
-0.00366542 
0.00363182 
-0.00363182 
-0.0104355 
-0.0168828 
-0.0225016 
-0.0271841 
-0.0306813 
-0.0329703 
-0.0340838 
-0.034202 
-0.0335404 
-0.0323634 
-0.0309081 
-0.0293512 
-0.0277985 
-0.0262963 
-0.0248556 
-0.0234723 
-0.0221424 
-0.0208728 
-0.0196869 
-0.018623 
-0.0177218 
-0.0170057 
-0.0164596 
-0.0160266 
-0.0156213 
-0.0151541 
-0.0145503 
-0.0137485 
-0.0127 
-0.0113427 
-0.00958954 
-0.00740293 
-0.00490778 
-0.00218405 
2.358e-05 
0.00172958 
0.00335598 
0.00483266 
0.00624126 
0.00762595 
0.00903691 
0.0105053 
0.0120514 
0.0136842 
0.0154092 
0.0172287 
0.0191455 
0.0211611 
0.0232723 
0.0254642 
0.0276983 
0.029898 
0.031936 
0.0336232 
0.0347189 
0.0349437 
0.0340535 
0.0318621 
0.0283407 
0.0235402 
0.0176963 
0.0109777 
0.00380312 
-0.00380312 
0.00358275 
-0.00358275 
-0.0103901 
-0.0168873 
-0.0225819 
-0.0273451 
-0.0308828 
-0.033136 
-0.0341121 
-0.0339995 
-0.0330421 
-0.0315343 
-0.0297523 
-0.0279014 
-0.0261035 
-0.024407 
-0.0228148 
-0.0213077 
-0.01986 
-0.0184484 
-0.0170581 
-0.0156887 
-0.014359 
-0.0131084 
-0.0119874 
-0.011041 
-0.0102896 
-0.00972142 
-0.00929219 
-0.00892749 
-0.00855371 
-0.00812595 
-0.00747999 
-0.00659228 
-0.00539728 
-0.0038738 
-0.00179371 
0.000953153 
0.00349323 
0.00570444 
0.00747759 
0.00904838 
0.0105643 
0.0121107 
0.0137314 
0.0154466 
0.0172637 
0.0191816 
0.0211941 
0.0232901 
0.0254517 
0.0276487 
0.0298287 
0.0319068 
0.033755 
0.0351963 
0.0360134 
0.0359648 
0.0348343 
0.0324737 
0.0288431 
0.02397 
0.0180513 
0.0112258 
0.00389905 
-0.00389905 
0.00348478 
-0.00348478 
-0.0102048 
-0.0166723 
-0.0223789 
-0.0271841 
-0.0307489 
-0.0329719 
-0.0338282 
-0.0335059 
-0.0322845 
-0.0304818 
-0.0284127 
-0.0263102 
-0.0243134 
-0.0224741 
-0.0207905 
-0.0192356 
-0.0177755 
-0.0163788 
-0.0150205 
-0.0136849 
-0.0123654 
-0.0110669 
-0.00980581 
-0.00861496 
-0.00753571 
-0.00661294 
-0.00586838 
-0.0053125 
-0.00488339 
-0.00460007 
-0.00428748 
-0.00391006 
-0.00331882 
-0.00254279 
-0.00101276 
0.00119341 
0.00365546 
0.00601663 
0.00809694 
0.0100025 
0.0118023 
0.0135739 
0.0153702 
0.017227 
0.0191636 
0.0211845 
0.0232822 
0.0254389 
0.0276261 
0.0298007 
0.0318995 
0.0338315 
0.035471 
0.0366546 
0.0371891 
0.0368667 
0.0355001 
0.0329603 
0.0292133 
0.0242702 
0.0182969 
0.011401 
0.00396966 
-0.00396966 
0.0033253 
-0.0033253 
-0.00983852 
-0.0161661 
-0.0217889 
-0.0265689 
-0.0301264 
-0.0323145 
-0.0330673 
-0.0325626 
-0.0311231 
-0.0290799 
-0.0267828 
-0.0244883 
-0.0223508 
-0.0204243 
-0.0187023 
-0.0171505 
-0.0157274 
-0.0143957 
-0.0131253 
-0.0118964 
-0.0106991 
-0.00953404 
-0.00840668 
-0.00732812 
-0.00630399 
-0.00534877 
-0.00446947 
-0.00370583 
-0.00304402 
-0.00250463 
-0.00207388 
-0.00171117 
-0.00122058 
-0.000622406 
0.00026355 
0.00127322 
0.00248967 
0.00419132 
0.00649922 
0.00900775 
0.0115397 
0.0139845 
0.0163354 
0.0186221 
0.0208805 
0.023135 
0.0253945 
0.0276503 
0.0298758 
0.0320258 
0.0340337 
0.035808 
0.0372288 
0.0381483 
0.0383968 
0.0377965 
0.0361885 
0.0334547 
0.0295671 
0.0245388 
0.0185081 
0.01155 
0.00403014 
-0.00403014 
0.00309324 
-0.00309324 
-0.00925361 
-0.0153002 
-0.0207089 
-0.0253609 
-0.0288481 
-0.0309827 
-0.0316483 
-0.0309972 
-0.0294032 
-0.0271973 
-0.0247553 
-0.0223502 
-0.0201469 
-0.0182004 
-0.0164989 
-0.0150012 
-0.0136597 
-0.012432 
-0.0112836 
-0.0101912 
-0.00913908 
-0.00812276 
-0.00714171 
-0.00620595 
-0.00532017 
-0.00449763 
-0.00372663 
-0.0030147 
-0.0023467 
-0.00170237 
-0.00112392 
-0.00062616 
-7.79793e-05 
0.000498379 
0.00131954 
0.0022902 
0.00341088 
0.00498034 
0.00697413 
0.00929291 
0.0118169 
0.0144408 
0.0171005 
0.0197553 
0.0223839 
0.0249692 
0.0274946 
0.0299376 
0.0322655 
0.0344311 
0.0363692 
0.0379939 
0.0391969 
0.0398485 
0.039804 
0.0389143 
0.0370467 
0.0340999 
0.0300416 
0.0248816 
0.0187585 
0.011715 
0.00409317 
-0.00409317 
0.00278079 
-0.00278079 
-0.00842153 
-0.0140195 
-0.0190509 
-0.0234333 
-0.0267501 
-0.0287905 
-0.0293844 
-0.0286361 
-0.0269722 
-0.0247081 
-0.0222309 
-0.01982 
-0.0176444 
-0.0157582 
-0.0141441 
-0.0127556 
-0.0115398 
-0.0104512 
-0.00945201 
-0.00851668 
-0.00762687 
-0.00677547 
-0.00595715 
-0.00517671 
-0.00443101 
-0.00372822 
-0.00305871 
-0.0024298 
-0.00183007 
-0.00123777 
-0.000661299 
-9.96725e-05 
0.000502778 
0.00117233 
0.00197985 
0.00293173 
0.00409073 
0.005529 
0.00723182 
0.00920996 
0.0114646 
0.0139818 
0.0167224 
0.0196196 
0.0226063 
0.0256162 
0.0285813 
0.0314307 
0.0340928 
0.0364927 
0.0385499 
0.0401761 
0.0412733 
0.0417329 
0.0414397 
0.040278 
0.0381467 
0.0349674 
0.0307159 
0.0253909 
0.0191139 
0.0119293 
0.00416708 
-0.00416708 
0.00238525 
-0.00238525 
-0.0073291 
-0.0122941 
-0.0167605 
-0.020698 
-0.0237019 
-0.0255726 
-0.0261047 
-0.0253277 
-0.0236999 
-0.0215091 
-0.0191311 
-0.0168413 
-0.0148034 
-0.0130688 
-0.0116161 
-0.0103953 
-0.00935128 
-0.00843684 
-0.00761329 
-0.00685406 
-0.00613901 
-0.0054593 
-0.0048067 
-0.00418399 
-0.00358619 
-0.0030197 
-0.00247398 
-0.00194964 
-0.00143516 
-0.000917781 
-0.000393811 
0.000135244 
0.000718543 
0.00136148 
0.00213174 
0.00304594 
0.00412789 
0.0054688 
0.0070856 
0.00898006 
0.0111391 
0.0135495 
0.0161936 
0.0190466 
0.0220718 
0.0252233 
0.0284246 
0.0315864 
0.0346 
0.0373471 
0.0397037 
0.0415464 
0.0427565 
0.0432223 
0.0428415 
0.0415244 
0.0392012 
0.0358229 
0.0313863 
0.0259 
0.0194748 
0.0121547 
0.0042416 
-0.0042416 
0.00191033 
-0.00191033 
-0.00598373 
-0.0101306 
-0.0138371 
-0.0171367 
-0.0196504 
-0.0212313 
-0.0216911 
-0.0209777 
-0.0195078 
-0.0175407 
-0.0154144 
-0.0133875 
-0.0116081 
-0.0101236 
-0.00890963 
-0.00791673 
-0.00708988 
-0.00638346 
-0.00575985 
-0.00519346 
-0.0046643 
-0.00416331 
-0.00368104 
-0.00321834 
-0.00276851 
-0.00233522 
-0.00190927 
-0.00149079 
-0.00106964 
-0.000635823 
-0.000179397 
0.000306626 
0.000851347 
0.0014718 
0.00220711 
0.00308222 
0.00413186 
0.00540113 
0.0069069 
0.00866898 
0.0106948 
0.0129855 
0.0155304 
0.0183098 
0.0212936 
0.0244371 
0.0276803 
0.0309425 
0.0341166 
0.0370729 
0.0396655 
0.041742 
0.0431537 
0.0437637 
0.0434558 
0.0421403 
0.0397603 
0.0362874 
0.0317403 
0.0261455 
0.0196294 
0.0122324 
0.00427119 
-0.00427119 
0.00136624 
-0.00136624 
-0.00441529 
-0.00757771 
-0.0103448 
-0.0128259 
-0.0146677 
-0.0158075 
-0.0161391 
-0.0155854 
-0.0143969 
-0.0128085 
-0.0110912 
-0.00947215 
-0.0080741 
-0.00693778 
-0.0060388 
-0.00533141 
-0.0047648 
-0.0042977 
-0.00389617 
-0.00353748 
-0.0032036 
-0.00288636 
-0.00257692 
-0.00227555 
-0.00197603 
-0.00168081 
-0.00138182 
-0.00107786 
-0.000759316 
-0.000419407 
-4.64941e-05 
0.000365649 
0.000842871 
0.001399 
0.00206881 
0.00287847 
0.00385457 
0.00504173 
0.00646213 
0.00813663 
0.0100754 
0.0122852 
0.0147648 
0.0175038 
0.0204778 
0.0236442 
0.0269385 
0.030271 
0.0335261 
0.0365646 
0.039234 
0.0413853 
0.0428707 
0.0435498 
0.0432991 
0.0420214 
0.0396567 
0.0361794 
0.031617 
0.0260089 
0.0194941 
0.0121244 
0.00422208 
-0.00422208 
0.000767445 
-0.000767445 
-0.0026717 
-0.00472288 
-0.00640507 
-0.00792567 
-0.00893158 
-0.00948532 
-0.00961056 
-0.00928797 
-0.00848278 
-0.00740375 
-0.00623578 
-0.00515578 
-0.00425159 
-0.00355293 
-0.00303746 
-0.00266645 
-0.00239721 
-0.00219566 
-0.00203416 
-0.00189478 
-0.00176321 
-0.00163339 
-0.00149843 
-0.00135873 
-0.00120928 
-0.00105179 
-0.000879878 
-0.000692439 
-0.000481409 
-0.000241024 
3.98473e-05 
0.000369704 
0.000768339 
0.00125189 
0.00184799 
0.0025813 
0.0034787 
0.00457332 
0.00588836 
0.00744908 
0.00927406 
0.0113793 
0.0137729 
0.0164535 
0.0194043 
0.0225862 
0.0259321 
0.0293425 
0.0326866 
0.0358103 
0.0385446 
0.0407246 
0.0422082 
0.0428666 
0.0425912 
0.041299 
0.0389388 
0.0354889 
0.0309781 
0.0254491 
0.0190441 
0.0118246 
0.00410567 
-0.00410567 
0.00012857 
-0.00012857 
-0.000810416 
-0.00168553 
-0.00218447 
-0.0026495 
-0.00270876 
-0.00263451 
-0.00251785 
-0.00238639 
-0.00200556 
-0.00150646 
-0.000983032 
-0.000539243 
-0.000218301 
-3.0916e-05 
4.43509e-05 
3.77544e-05 
-1.92882e-05 
-0.000102669 
-0.000193657 
-0.000280842 
-0.000355283 
-0.000414164 
-0.000453655 
-0.000475234 
-0.000476015 
-0.000457857 
-0.000416264 
-0.000350505 
-0.000253972 
-0.000122308 
5.47874e-05 
0.00028521 
0.000587095 
0.000975209 
0.00147477 
0.0021084 
0.00290033 
0.00388178 
0.00507727 
0.00651462 
0.00821769 
0.0102101 
0.0125097 
0.015125 
0.0180473 
0.0212418 
0.0246391 
0.0281313 
0.0315731 
0.0347906 
0.0376 
0.0398035 
0.0412558 
0.0418397 
0.0414688 
0.0400924 
0.0376898 
0.0342587 
0.0298345 
0.0244589 
0.0182674 
0.0113226 
0.00392015 
-0.00392015 
-0.000529217 
0.000529217 
0.00110099 
0.00141867 
0.00212521 
0.00275901 
0.0035983 
0.00422231 
0.00459766 
0.00469579 
0.00472478 
0.00466147 
0.00450616 
0.00425422 
0.00392699 
0.00354746 
0.00314109 
0.00272892 
0.00232806 
0.00194957 
0.00160095 
0.00128551 
0.00100549 
0.000759648 
0.000548013 
0.000367436 
0.000218307 
9.81007e-05 
9.18978e-06 
-4.85356e-05 
-7.02695e-05 
-5.26083e-05 
1.3362e-05 
0.000135432 
0.000329645 
0.000609906 
0.000998165 
0.00151423 
0.00218108 
0.00302693 
0.0040779 
0.00536542 
0.00691981 
0.00877326 
0.0109531 
0.0134776 
0.0163462 
0.0195284 
0.0229536 
0.0265062 
0.0300279 
0.0333297 
0.036203 
0.0384439 
0.0398638 
0.0403592 
0.0398636 
0.0383667 
0.0358938 
0.0324785 
0.0281742 
0.0230236 
0.01715 
0.0106076 
0.00366227 
-0.00366227 
-0.00118515 
0.00118515 
0.00300388 
0.00450032 
0.00635072 
0.00803544 
0.00963976 
0.0107651 
0.0114428 
0.0116112 
0.0113966 
0.0108264 
0.0100016 
0.00903504 
0.0080335 
0.00706532 
0.00616412 
0.00534055 
0.00459508 
0.00392367 
0.00332145 
0.00278261 
0.00230233 
0.00187472 
0.00149576 
0.00116009 
0.00086547 
0.000608152 
0.000388384 
0.00020497 
6.0939e-05 
-4.15867e-05 
-9.49307e-05 
-9.2171e-05 
-1.83854e-05 
0.000138181 
0.000396484 
0.00077418 
0.00129284 
0.00198008 
0.00286338 
0.00397719 
0.00535732 
0.00704311 
0.00906995 
0.0114649 
0.0142348 
0.0173528 
0.020748 
0.0243003 
0.0278449 
0.0311863 
0.0340989 
0.0363846 
0.0377761 
0.0381906 
0.0375755 
0.0359634 
0.0334344 
0.0300676 
0.0259424 
0.021106 
0.015667 
0.00966495 
0.00332703 
-0.00332703 
-0.00182574 
0.00182574 
0.00486627 
0.00750428 
0.0103916 
0.0130178 
0.0152963 
0.0169155 
0.0179157 
0.0181738 
0.017744 
0.0166909 
0.0152183 
0.0135604 
0.0119114 
0.0103821 
0.00901191 
0.00779954 
0.00672881 
0.00578091 
0.00493916 
0.00418907 
0.00351907 
0.00291871 
0.00238011 
0.00189556 
0.00146029 
0.00106912 
0.000720235 
0.000411214 
0.000143238 
-8.29448e-05 
-0.000260741 
-0.000383865 
-0.000439616 
-0.000418903 
-0.000306142 
-8.53247e-05 
0.000264152 
0.000768605 
0.00145662 
0.00236552 
0.00353583 
0.00501164 
0.00683462 
0.00903876 
0.0116357 
0.0146015 
0.0178658 
0.0213087 
0.024769 
0.0280569 
0.0309507 
0.0332462 
0.0346369 
0.0350037 
0.034311 
0.0326361 
0.0301198 
0.0268888 
0.0230484 
0.0186499 
0.0137856 
0.00847721 
0.00290916 
-0.00290916 
-0.00244427 
0.00244427 
0.00667515 
0.0104093 
0.0142191 
0.0176609 
0.0205491 
0.0226368 
0.0239295 
0.0242304 
0.02355 
0.0220061 
0.0199132 
0.0176206 
0.0153944 
0.0133729 
0.011593 
0.0100394 
0.00868075 
0.00748568 
0.00642772 
0.00548514 
0.00464076 
0.00388017 
0.00319219 
0.00256689 
0.00199724 
0.0014766 
0.00100126 
0.000567546 
0.000174782 
-0.000177675 
-0.000483715 
-0.000738526 
-0.000933024 
-0.00106042 
-0.00110803 
-0.00106115 
-0.00090139 
-0.000603344 
-0.000138188 
0.000533629 
0.001453 
0.00266635 
0.00422012 
0.00615142 
0.00847303 
0.0111624 
0.0141508 
0.0173243 
0.0205386 
0.0236272 
0.0263985 
0.0286577 
0.0300895 
0.0304582 
0.0297503 
0.0281044 
0.025728 
0.0227843 
0.0193915 
0.0155971 
0.0114754 
0.0070307 
0.00240502 
-0.00240502 
-0.00303823 
0.00303823 
0.00842705 
0.0132128 
0.0178474 
0.0219864 
0.0254125 
0.0279024 
0.0293956 
0.0296222 
0.028602 
0.0265421 
0.0238752 
0.0210426 
0.0183507 
0.0159408 
0.0138365 
0.0120082 
0.0104127 
0.00900961 
0.00776596 
0.00665496 
0.00565548 
0.00475019 
0.00392542 
0.00316947 
0.00247347 
0.00182944 
0.00123206 
0.000676414 
0.000159876 
-0.00031904 
-0.000754872 
-0.00114604 
-0.00148732 
-0.00177324 
-0.00199388 
-0.00213654 
-0.00218458 
-0.00211494 
-0.00189936 
-0.001502 
-0.000881759 
7.81511e-06 
0.00121564 
0.00277389 
0.00469492 
0.00695527 
0.00948837 
0.0121949 
0.0149607 
0.0176587 
0.0201526 
0.0222771 
0.0237768 
0.0241928 
0.023554 
0.0220884 
0.0200572 
0.0176255 
0.0149001 
0.0119145 
0.00872579 
0.00532495 
0.00181604 
-0.00181604 
-0.00360357 
0.00360357 
0.0101119 
0.0159039 
0.0212866 
0.0260165 
0.0298794 
0.0326448 
0.0341711 
0.0341478 
0.0326781 
0.0300963 
0.0269434 
0.0237098 
0.0206982 
0.0180269 
0.0156994 
0.0136738 
0.0119001 
0.0103341 
0.00893975 
0.0076878 
0.00655509 
0.00552268 
0.00457536 
0.00370024 
0.00288711 
0.00212693 
0.00141301 
0.000739324 
0.000101217 
-0.000502684 
-0.00106929 
-0.00160102 
-0.00209473 
-0.00254685 
-0.00295038 
-0.00329543 
-0.00356827 
-0.00374928 
-0.00381347 
-0.00372818 
-0.00345471 
-0.00294931 
-0.00217193 
-0.0010938 
0.000290548 
0.00195572 
0.00384142 
0.00587137 
0.00796756 
0.0100507 
0.01205 
0.0138557 
0.0153619 
0.0158485 
0.0154205 
0.0143924 
0.0130062 
0.0113756 
0.00957574 
0.00762286 
0.00556288 
0.00338183 
0.00115163 
-0.00115163 
-0.00412903 
0.00412903 
0.0116959 
0.0184316 
0.0244885 
0.0296967 
0.0338487 
0.0366912 
0.0380177 
0.0375541 
0.0355619 
0.0325188 
0.0290317 
0.0255782 
0.0224136 
0.0196161 
0.0171695 
0.0150255 
0.0131341 
0.0114518 
0.009943 
0.00857886 
0.00733596 
0.00619509 
0.00514047 
0.00415869 
0.00323874 
0.00237081 
0.00154721 
0.000760732 
5.17565e-06 
-0.000720599 
-0.00141776 
-0.0020912 
-0.00273954 
-0.0033621 
-0.00395508 
-0.00451222 
-0.00502382 
-0.00547528 
-0.00584681 
-0.00611174 
-0.00623742 
-0.00618671 
-0.00592531 
-0.00543099 
-0.00470618 
-0.0037802 
-0.00269896 
-0.00151635 
-0.000279486 
0.000975863 
0.00221796 
0.0034008 
0.00440526 
0.00509525 
0.00529368 
0.00510896 
0.00471979 
0.00417892 
0.00354546 
0.00282716 
0.00206879 
0.00125958 
0.000435528 
-0.000435528 
-0.00459354 
0.00459354 
0.0131107 
0.0206827 
0.0273059 
0.0328403 
0.0370728 
0.0397329 
0.0406122 
0.0395808 
0.0371016 
0.0337609 
0.030155 
0.0266852 
0.0235323 
0.0207341 
0.018263 
0.0160732 
0.0141203 
0.0123657 
0.0107775 
0.00932922 
0.00799888 
0.00676819 
0.00562174 
0.00454622 
0.00353031 
0.00256379 
0.00163831 
0.000745261 
-0.000121809 
-0.000965489 
-0.00179096 
-0.00260414 
-0.00340651 
-0.00420027 
-0.00498522 
-0.00575941 
-0.00651826 
-0.0072535 
-0.00795274 
-0.00859808 
-0.00916641 
-0.00963079 
-0.00996608 
-0.0101564 
-0.0102034 
-0.0101279 
-0.00996126 
-0.00973293 
-0.0094598 
-0.00914765 
-0.00879473 
-0.00841495 
-0.00802413 
-0.00715073 
-0.00611207 
-0.00519301 
-0.00436715 
-0.00363416 
-0.00294423 
-0.0022889 
-0.00162598 
-0.00095743 
-0.000301092 
0.000301092 
-0.00496532 
0.00496532 
0.0142515 
0.0224764 
0.0294835 
0.0351229 
0.0391707 
0.041379 
0.0416454 
0.0400761 
0.0373009 
0.0339219 
0.0304393 
0.0271412 
0.0241367 
0.0214381 
0.0190191 
0.0168436 
0.0148769 
0.0130886 
0.0114522 
0.00994529 
0.00854873 
0.00724599 
0.00602277 
0.00486642 
0.00376572 
0.00271039 
0.00169161 
0.000699525 
-0.000271736 
-0.0012278 
-0.00217666 
-0.00312494 
-0.00407754 
-0.00503944 
-0.00601448 
-0.00700536 
-0.00801336 
-0.00903751 
-0.0100742 
-0.0111162 
-0.0121523 
-0.0131681 
-0.0141485 
-0.0150827 
-0.0159675 
-0.0168071 
-0.0176052 
-0.0183575 
-0.0190456 
-0.0196373 
-0.0200832 
-0.020308 
-0.0201169 
-0.0191348 
-0.0175392 
-0.0156393 
-0.0136429 
-0.0116218 
-0.00957194 
-0.0074935 
-0.00536323 
-0.00318211 
-0.00103227 
0.00103227 
-0.00520309 
0.00520309 
0.014983 
0.0235782 
0.0306907 
0.0361465 
0.0397389 
0.0413269 
0.0410081 
0.0391429 
0.036385 
0.0332495 
0.0300942 
0.0271018 
0.0243362 
0.0218046 
0.0194913 
0.0173744 
0.015431 
0.0136398 
0.0119813 
0.0104378 
0.0089937 
0.00763507 
0.00634914 
0.00512437 
0.00394995 
0.00281596 
0.00171294 
0.000630651 
-0.000436736 
-0.00149786 
-0.00256266 
-0.00363888 
-0.00473454 
-0.00585758 
-0.00701583 
-0.00821687 
-0.00946805 
-0.0107761 
-0.0121468 
-0.0135844 
-0.0150906 
-0.0166638 
-0.0182989 
-0.0199863 
-0.0217118 
-0.0234537 
-0.0251793 
-0.0268429 
-0.0283845 
-0.0297263 
-0.0307585 
-0.0313322 
-0.0312079 
-0.0301113 
-0.0281396 
-0.0255183 
-0.0225366 
-0.019344 
-0.0160019 
-0.012541 
-0.00897475 
-0.00532464 
-0.00173291 
0.00173291 
-0.00525706 
0.00525706 
0.01515 
0.0237346 
0.0306042 
0.0355932 
0.0385804 
0.0396097 
0.0389788 
0.0371838 
0.0347542 
0.0320673 
0.0293536 
0.0267302 
0.0242459 
0.021916 
0.0197398 
0.0177099 
0.0158152 
0.0140437 
0.0123829 
0.0108204 
0.00934448 
0.00794397 
0.00660804 
0.00532651 
0.00408918 
0.00288676 
0.0017091 
0.000546509 
-0.00060805 
-0.00176522 
-0.00293631 
-0.00413066 
-0.00535903 
-0.00663222 
-0.00796188 
-0.00936026 
-0.0108405 
-0.0124167 
-0.0141038 
-0.0159168 
-0.0178701 
-0.0199744 
-0.0222328 
-0.0246349 
-0.0271514 
-0.0297301 
-0.0322959 
-0.0347565 
-0.0370073 
-0.0389272 
-0.0403635 
-0.0411331 
-0.0410038 
-0.0397809 
-0.0375232 
-0.0343808 
-0.0306194 
-0.0264292 
-0.0219305 
-0.0171995 
-0.0122993 
-0.00729428 
-0.00237587 
0.00237587 
-0.00507371 
0.00507371 
0.014614 
0.022769 
0.0290874 
0.0334768 
0.0359512 
0.0367209 
0.03617 
0.0347485 
0.0328342 
0.0306731 
0.0284219 
0.0261715 
0.0239724 
0.0218522 
0.0198249 
0.0178956 
0.016064 
0.0143264 
0.012677 
0.0111085 
0.00961308 
0.00818234 
0.00680751 
0.00547986 
0.00418996 
0.00292919 
0.001687 
0.000454514 
-0.000777136 
-0.00201972 
-0.00328555 
-0.00458582 
-0.00593351 
-0.00734213 
-0.0088267 
-0.0104036 
-0.0120911 
-0.0139096 
-0.0158818 
-0.0180323 
-0.0203863 
-0.0229648 
-0.0257781 
-0.0288145 
-0.0320297 
-0.0353405 
-0.0386287 
-0.0417541 
-0.0445682 
-0.0469154 
-0.0486224 
-0.0495037 
-0.0493502 
-0.0480103 
-0.0455189 
-0.0419801 
-0.0376092 
-0.0326022 
-0.0271178 
-0.02128 
-0.0152065 
-0.00901727 
-0.00293882 
0.00293882 
-0.00463181 
0.00463181 
0.0133746 
0.0207867 
0.0264364 
0.0303286 
0.0325714 
0.0334275 
0.0332344 
0.0323218 
0.0309492 
0.0292854 
0.0274552 
0.0255433 
0.023607 
0.021685 
0.0198026 
0.017975 
0.016211 
0.0145139 
0.0128837 
0.0113179 
0.00981195 
0.00836026 
0.00695597 
0.00559175 
0.00425909 
0.00294979 
0.00165356 
0.000361902 
-0.000935656 
-0.00225159 
-0.00359906 
-0.00499088 
-0.0064419 
-0.00796795 
-0.00958685 
-0.0113183 
-0.0131847 
-0.0152113 
-0.0174265 
-0.0198621 
-0.0225511 
-0.0255229 
-0.028794 
-0.0323527 
-0.0361442 
-0.0400608 
-0.0439462 
-0.0476144 
-0.0508737 
-0.0535387 
-0.0554279 
-0.0563677 
-0.0561779 
-0.0547335 
-0.0520487 
-0.0481974 
-0.0433509 
-0.0376954 
-0.0314109 
-0.0246625 
-0.0176184 
-0.010452 
-0.00341034 
0.00341034 
-0.00401182 
0.00401182 
0.0117175 
0.0183102 
0.023389 
0.0270073 
0.0292727 
0.0304014 
0.0306364 
0.0302062 
0.0292966 
0.0280469 
0.0265654 
0.0249371 
0.023225 
0.0214753 
0.0197216 
0.0179871 
0.0162869 
0.0146303 
0.0130221 
0.0114635 
0.00995301 
0.00848736 
0.00706147 
0.00566917 
0.00430292 
0.00295474 
0.00161504 
0.000275263 
-0.00107622 
-0.00245235 
-0.00386692 
-0.00533414 
-0.00687035 
-0.0084932 
-0.0102227 
-0.0120809 
-0.0140931 
-0.0162876 
-0.0186965 
-0.0213556 
-0.0243023 
-0.0275714 
-0.0311842 
-0.0351321 
-0.0393573 
-0.0437392 
-0.0480956 
-0.0522025 
-0.0558259 
-0.0587469 
-0.0607732 
-0.0617437 
-0.0615099 
-0.0599703 
-0.0571234 
-0.053024 
-0.0478128 
-0.0416638 
-0.0347676 
-0.0273198 
-0.0195265 
-0.0116006 
-0.00379418 
0.00379418 
-0.00339335 
0.00339335 
0.0101242 
0.0160317 
