0 
-0.00133468 
-0.00123162 
0.0010553 
0.00462332 
0.00891354 
0.0136197 
0.0185324 
0.0235288 
0.0285389 
0.0335277 
0.0384806 
0.0433932 
0.0482637 
0.053088 
0.057857 
0.062555 
0.0671593 
0.07164 
0.0759608 
0.08008 
0.0839518 
0.0875274 
0.0907566 
0.0935893 
0.0959773 
0.0978762 
0.0992475 
0.100063 
0.100302 
0.0999492 
0.0989963 
0.0974429 
0.0952993 
0.0925861 
0.0893362 
0.0855948 
0.0814211 
0.0768873 
0.0720782 
0.0670888 
0.062021 
0.0569791 
0.0520632 
0.0473588 
0.0429225 
0.0387654 
0.0348457 
0.0310887 
0.027435 
0.0238833 
0.02049 
0.0173274 
0.014445 
0.0118604 
0.0095716 
0.00757014 
0.0058458 
0.00438869 
0.00318579 
0.00222089 
0.00147193 
0.000906723 
0.000483169 
0.000149781 
0 
0.00133468 
-0.00133468 
-0.00123162 
0.0010553 
0.00462332 
0.00891354 
0.0136197 
0.0185324 
0.0235288 
0.0285389 
0.0335277 
0.0384806 
0.0433932 
0.0482637 
0.053088 
0.057857 
0.062555 
0.0671593 
0.07164 
0.0759608 
0.08008 
0.0839518 
0.0875274 
0.0907566 
0.0935893 
0.0959773 
0.0978762 
0.0992475 
0.100063 
0.100302 
0.0999492 
0.0989963 
0.0974429 
0.0952993 
0.0925861 
0.0893362 
0.0855948 
0.0814211 
0.0768873 
0.0720782 
0.0670888 
0.062021 
0.0569791 
0.0520632 
0.0473588 
0.0429225 
0.0387654 
0.0348457 
0.0310887 
0.027435 
0.0238833 
0.02049 
0.0173274 
0.014445 
0.0118604 
0.0095716 
0.00757014 
0.0058458 
0.00438869 
0.00318579 
0.00222089 
0.00147193 
0.000906723 
0.000483169 
0.000149781 
-0.000149781 
-0.00010802 
0.00010802 
0.00245071 
0.00530949 
0.0088779 
0.0129378 
0.0173005 
0.0218192 
0.0264007 
0.0309939 
0.035576 
0.0401411 
0.0446905 
0.0492262 
0.0537468 
0.0582447 
0.0627049 
0.0671048 
0.0714142 
0.0755964 
0.0796089 
0.0834051 
0.0869355 
0.0901493 
0.0929959 
0.0954267 
0.0973954 
0.0988633 
0.0997819 
0.100125 
0.099877 
0.0990255 
0.0975685 
0.0955147 
0.092883 
0.0897042 
0.0860216 
0.0818923 
0.077387 
0.0725888 
0.0675917 
0.0624961 
0.0574039 
0.0524117 
0.0476019 
0.0430304 
0.0387157 
0.0346348 
0.0307412 
0.0270009 
0.0234216 
0.0200478 
0.0169281 
0.0140912 
0.0115446 
0.00928434 
0.00730361 
0.00559499 
0.00415173 
0.00296389 
0.00202009 
0.00129968 
0.000772937 
0.000397657 
0.000120147 
-0.000120147 
-0.00137751 
0.00137751 
0.00427549 
0.00743671 
0.0109692 
0.0147839 
0.0187563 
0.0228009 
0.026866 
0.0309323 
0.0349997 
0.0390778 
0.0431778 
0.0473074 
0.0514675 
0.0556511 
0.0598421 
0.0640156 
0.0681392 
0.0721732 
0.0760724 
0.0797876 
0.0832669 
0.0864575 
0.0893077 
0.0917681 
0.0937932 
0.0953454 
0.096386 
0.0968835 
0.0968213 
0.0961856 
0.0949708 
0.0931799 
0.0908245 
0.0879267 
0.0845202 
0.0806523 
0.0763845 
0.0717923 
0.0669635 
0.0619939 
0.0569825 
0.0520236 
0.047199 
0.0425672 
0.0381558 
0.0339608 
0.0299629 
0.0261552 
0.022559 
0.0192114 
0.0161405 
0.0133562 
0.010856 
0.00863452 
0.00668768 
0.00501213 
0.00360541 
0.00246205 
0.00157317 
0.000920719 
0.00048072 
0.000211771 
5.56396e-05 
-5.56396e-05 
-0.00136314 
0.00136314 
0.00455424 
0.00799794 
0.0115222 
0.0151011 
0.0186665 
0.0222061 
0.0257212 
0.0292327 
0.0327674 
0.0363512 
0.0400045 
0.0437383 
0.0475538 
0.0514413 
0.0553816 
0.0593461 
0.0632982 
0.0671945 
0.0709865 
0.0746216 
0.0780452 
0.0812022 
0.0840386 
0.0865037 
0.0885518 
0.0901454 
0.091253 
0.0918479 
0.0919189 
0.0914554 
0.0904539 
0.088917 
0.0868531 
0.0842771 
0.0812129 
0.0776952 
0.0737721 
0.0695058 
0.0649724 
0.0602582 
0.0554552 
0.0506534 
0.0459327 
0.041353 
0.036949 
0.0327318 
0.0287068 
0.0248937 
0.0213281 
0.0180416 
0.015045 
0.012332 
0.00989297 
0.00772219 
0.00581829 
0.00418243 
0.00281848 
0.00172411 
0.00090351 
0.000347607 
3.34478e-05 
-7.69939e-05 
-4.59647e-05 
4.59647e-05 
-0.00136619 
0.00136619 
0.00459832 
0.00799129 
0.0112837 
0.0144864 
0.0175693 
0.0205733 
0.0235387 
0.0265165 
0.0295519 
0.0326809 
0.0359272 
0.0393012 
0.0428008 
0.0464131 
0.0501147 
0.0538739 
0.0576511 
0.0614004 
0.0650712 
0.0686092 
0.0719579 
0.0750604 
0.077861 
0.0803075 
0.0823529 
0.0839592 
0.0850981 
0.0857451 
0.0858957 
0.0855452 
0.084696 
0.0833555 
0.081534 
0.0792449 
0.0765063 
0.0733435 
0.0697921 
0.0659 
0.0617289 
0.0573523 
0.0528513 
0.048308 
0.0437965 
0.0393747 
0.0350797 
0.0309345 
0.0269665 
0.0232198 
0.0197414 
0.0165554 
0.0136564 
0.0110269 
0.00865366 
0.00653275 
0.00466821 
0.00306712 
0.00174125 
0.000704733 
-2.88766e-05 
-0.000457318 
-0.000601329 
-0.000494172 
-0.000194743 
0.000194743 
-0.00125258 
0.00125258 
0.00430615 
0.00747578 
0.0104181 
0.0131872 
0.0157785 
0.0182728 
0.0207351 
0.0232353 
0.0258275 
0.0285506 
0.0314264 
0.0344623 
0.0376531 
0.0409832 
0.0444279 
0.0479546 
0.0515235 
0.055089 
0.0586007 
0.0620044 
0.0652437 
0.068261 
0.0709992 
0.0734044 
0.0754274 
0.0770285 
0.0781788 
0.0788525 
0.0790513 
0.0787767 
0.0780379 
0.0768488 
0.0752243 
0.0731799 
0.0707322 
0.067901 
0.0647129 
0.0612043 
0.0574231 
0.0534295 
0.0492916 
0.0450805 
0.0408611 
0.0366844 
0.0325861 
0.0285984 
0.024769 
0.0211619 
0.017829 
0.0147825 
0.0120026 
0.00946533 
0.00715818 
0.0050826 
0.00324709 
0.00167156 
0.000378569 
-0.000589656 
-0.00122312 
-0.00151449 
-0.00145366 
-0.00106553 
-0.000402283 
0.000402283 
-0.00112013 
0.00112013 
0.00386917 
0.00667238 
0.00917381 
0.0114756 
0.0135874 
0.0156128 
0.0176254 
0.0197013 
0.021894 
0.0242391 
0.0267545 
0.0294446 
0.0323031 
0.0353148 
0.0384568 
0.0416988 
0.0450038 
0.0483287 
0.0516258 
0.0548429 
0.0579254 
0.0608161 
0.0634576 
0.0657941 
0.0677742 
0.0693552 
0.0705073 
0.0712013 
0.0714435 
0.0712395 
0.0706039 
0.0695557 
0.0681139 
0.0662962 
0.0641199 
0.0616028 
0.0587664 
0.0556392 
0.0522589 
0.0486734 
0.0449384 
0.0411118 
0.0372461 
0.0333817 
0.0295505 
0.0257933 
0.0221765 
0.0187773 
0.015642 
0.0127668 
0.0101202 
0.00767706 
0.00542984 
0.00338556 
0.00156383 
-1.82863e-06 
-0.0012555 
-0.00217919 
-0.00272782 
-0.00287945 
-0.00258238 
-0.00183859 
-0.000688481 
0.000688481 
-0.00094631 
0.00094631 
0.00329604 
0.00565801 
0.00768912 
0.00953432 
0.0112033 
0.012809 
0.0144204 
0.0161109 
0.0179272 
0.0198995 
0.0220421 
0.0243585 
0.0268442 
0.0294874 
0.0322698 
0.035166 
0.0381437 
0.0411646 
0.044185 
0.0471571 
0.0500292 
0.0527468 
0.0552528 
0.0574905 
0.0594063 
0.0609545 
0.0621022 
0.0628153 
0.0631048 
0.0629802 
0.06246 
0.0615657 
0.0603175 
0.0587339 
0.0568319 
0.0546285 
0.0521429 
0.049399 
0.0464279 
0.043268 
0.0399633 
0.0365581 
0.03309 
0.029587 
0.0260773 
0.0226119 
0.0192731 
0.0161402 
0.0132432 
0.0105591 
0.00805034 
0.00569515 
0.00349385 
0.00146049 
-0.00036435 
-0.0019276 
-0.00318669 
-0.00409902 
-0.00459396 
-0.00460982 
-0.00403877 
-0.00284621 
-0.00106476 
0.00106476 
-0.000758281 
0.000758281 
0.00266021 
0.00454186 
0.00610379 
0.00751664 
0.0087811 
0.0100073 
0.0112511 
0.0125775 
0.0140234 
0.015614 
0.0173614 
0.0192706 
0.0213407 
0.0235655 
0.0259327 
0.0284232 
0.0310113 
0.0336645 
0.0363449 
0.03901 
0.0416132 
0.0441039 
0.0464275 
0.0485279 
0.0503501 
0.0518467 
0.0529813 
0.053717 
0.0540682 
0.054047 
0.0536724 
0.052964 
0.0519397 
0.050616 
0.0490086 
0.0471337 
0.0450099 
0.0426593 
0.0401091 
0.0373907 
0.0345376 
0.0315801 
0.0285398 
0.0254326 
0.0222867 
0.0191658 
0.0161611 
0.0133398 
0.0107059 
0.0082199 
0.00584358 
0.00356374 
0.00138746 
-0.000651915 
-0.00249903 
-0.00410949 
-0.0054279 
-0.00637889 
-0.00685477 
-0.00672513 
-0.00580769 
-0.00404812 
-0.00150578 
0.00150578 
-0.000560362 
0.000560362 
0.00199348 
0.0033883 
0.00450599 
0.00551852 
0.0064152 
0.00729386 
0.00819335 
0.00916701 
0.0102424 
0.0114404 
0.0127728 
0.0142472 
0.0158673 
0.0176327 
0.0195382 
0.0215718 
0.0237153 
0.0259434 
0.0282246 
0.0305229 
0.032798 
0.0350054 
0.0370951 
0.0390136 
0.0407069 
0.0421277 
0.0432367 
0.0439984 
0.0444304 
0.0445445 
0.0443547 
0.0438732 
0.0431114 
0.0420813 
0.0407964 
0.0392727 
0.0375292 
0.0355879 
0.0334739 
0.0312132 
0.028829 
0.026337 
0.0237434 
0.0210559 
0.0183088 
0.0155784 
0.0129524 
0.0104704 
0.00810701 
0.00581241 
0.00355532 
0.00133088 
-0.000840003 
-0.00290833 
-0.00482743 
-0.00654418 
-0.00797809 
-0.0090087 
-0.0094618 
-0.00909167 
-0.00769295 
-0.00526107 
-0.00193021 
0.00193021 
-0.000362946 
0.000362946 
0.00133075 
0.0022521 
0.00295971 
0.0036027 
0.00416335 
0.00471914 
0.00529204 
0.00592218 
0.00662892 
0.00742996 
0.00833751 
0.00936163 
0.0105107 
0.0117901 
0.0132011 
0.0147399 
0.016396 
0.0181521 
0.0199844 
0.0218634 
0.0237557 
0.0256243 
0.0274272 
0.0291154 
0.0306384 
0.0319504 
0.0330155 
0.0338142 
0.0343583 
0.0346489 
0.0346859 
0.03447 
0.0340047 
0.0332977 
0.0323608 
0.0312105 
0.0298668 
0.0283527 
0.0266914 
0.0249031 
0.0229999 
0.020983 
0.0188461 
0.0165963 
0.0142799 
0.0119793 
0.00976076 
0.00762517 
0.00552255 
0.00340338 
0.00124634 
-0.000943667 
-0.00313012 
-0.00526786 
-0.00731071 
-0.00918613 
-0.0107674 
-0.0118519 
-0.0121551 
-0.0113464 
-0.00933661 
-0.00623653 
-0.00224995 
0.00224995 
-0.000170058 
0.000170058 
0.000691471 
0.00116648 
0.00150071 
0.00180328 
0.0020562 
0.00231072 
0.00257469 
0.00287401 
0.00322155 
0.00363207 
0.00411825 
0.0046921 
0.00536569 
0.00614915 
0.00705047 
0.00807322 
0.00921556 
0.0104689 
0.0118175 
0.0132394 
0.0147079 
0.0161941 
0.0176663 
0.0190854 
0.0204072 
0.0215873 
0.0226046 
0.0234622 
0.0241443 
0.024635 
0.024918 
0.0249836 
0.0248293 
0.0244595 
0.0238853 
0.0231237 
0.0221957 
0.0211242 
0.0199291 
0.018623 
0.0172058 
0.0156652 
0.0139897 
0.012195 
0.0103397 
0.00849643 
0.00669232 
0.00488921 
0.00302504 
0.00105935 
-0.00102125 
-0.00319569 
-0.00542549 
-0.00767257 
-0.00987784 
-0.0119255 
-0.0135965 
-0.0145721 
-0.0144787 
-0.0130656 
-0.0104548 
-0.00684112 
-0.00243462 
0.00243462 
1.58671e-05 
-1.58671e-05 
8.84927e-05 
0.000152765 
0.000148183 
0.000138291 
0.000109184 
8.37273e-05 
5.90884e-05 
4.64219e-05 
5.35942e-05 
9.20057e-05 
0.000174403 
0.000313754 
0.000524681 
0.000821137 
0.00121671 
0.00172207 
0.00234389 
0.00308282 
0.00393239 
0.00487919 
0.00590367 
0.0069842 
0.00810061 
0.00922982 
0.0103465 
0.0114063 
0.0123935 
0.013316 
0.0141281 
0.0148045 
0.0153186 
0.0156539 
0.0158033 
0.0157688 
0.0155604 
0.0151948 
0.0146925 
0.0140733 
0.0133515 
0.012529 
0.0115932 
0.0105238 
0.00931424 
0.00799428 
0.00662423 
0.00524558 
0.00383818 
0.00233623 
0.000681289 
-0.00115964 
-0.00318094 
-0.00535534 
-0.00765198 
-0.0100297 
-0.0123916 
-0.0145359 
-0.0161166 
-0.0167365 
-0.0160551 
-0.0140609 
-0.0110083 
-0.00710116 
-0.002505 
0.002505 
0.000200142 
-0.000200142 
-0.000477871 
-0.000778346 
-0.00108897 
-0.00138272 
-0.00166977 
-0.0019533 
-0.00224378 
-0.00254386 
-0.00284981 
-0.00315419 
-0.00344504 
-0.00370944 
-0.00393149 
-0.00409447 
-0.0041804 
-0.00417227 
-0.00405543 
-0.00381985 
-0.00346188 
-0.00298499 
-0.00239977 
-0.00172089 
-0.00096064 
-0.000130778 
0.000772381 
0.00172536 
0.00269915 
0.00367135 
0.00458336 
0.0054106 
0.00612293 
0.00670053 
0.00713384 
0.00742244 
0.00757477 
0.00760531 
0.00753062 
0.00736492 
0.00711294 
0.0067644 
0.00629753 
0.00569357 
0.00495883 
0.00413224 
0.00325435 
0.00231968 
0.00126793 
2.5115e-05 
-0.00145776 
-0.00319137 
-0.00516109 
-0.00734432 
-0.00971378 
-0.0122041 
-0.0146455 
-0.0167196 
-0.0179854 
-0.0180762 
-0.0168082 
-0.014404 
-0.0111048 
-0.00709704 
-0.0024898 
0.0024898 
0.000380779 
-0.000380779 
-0.00100416 
-0.00162466 
-0.00221214 
-0.00276192 
-0.00328353 
-0.00380017 
-0.00432933 
-0.00488546 
-0.00546937 
-0.00607796 
-0.006701 
-0.00732665 
-0.00793886 
-0.00851929 
-0.00904663 
-0.00949851 
-0.00985285 
-0.0100903 
-0.0101966 
-0.0101638 
-0.00999124 
-0.00968407 
-0.00924838 
-0.00869204 
-0.00800759 
-0.00719879 
-0.00628866 
-0.00530631 
-0.00433009 
-0.00338357 
-0.00250068 
-0.00170338 
-0.00100315 
-0.000402566 
0.000104111 
0.000527074 
0.000876037 
0.00115481 
0.00135693 
0.00146286 
0.00144993 
0.00131014 
0.00106133 
0.000732257 
0.000322549 
-0.000220879 
-0.000976636 
-0.00200687 
-0.00333882 
-0.00497048 
-0.00688752 
-0.00907349 
-0.0114913 
-0.0140244 
-0.0164067 
-0.018224 
-0.0190291 
-0.0185815 
-0.0168772 
-0.0142484 
-0.0108602 
-0.00689442 
-0.00240931 
0.00240931 
0.000549078 
-0.000549078 
-0.00148456 
-0.00239195 
-0.00323074 
-0.00401133 
-0.00474308 
-0.00546421 
-0.00619905 
-0.00697261 
-0.00779098 
-0.00865578 
-0.00955934 
-0.0104918 
-0.0114381 
-0.0123798 
-0.013294 
-0.0141545 
-0.0149332 
-0.0156022 
-0.0161367 
-0.0165167 
-0.0167291 
-0.0167672 
-0.0166286 
-0.0163155 
-0.0158266 
-0.0151688 
-0.0143677 
-0.013426 
-0.0124304 
-0.011403 
-0.0103817 
-0.00938995 
-0.00844222 
-0.00754456 
-0.00669625 
-0.00589439 
-0.0051386 
-0.00443678 
-0.0038054 
-0.00326538 
-0.00283218 
-0.00250405 
-0.00226866 
-0.00212998 
-0.0021336 
-0.00235731 
-0.00287289 
-0.00372003 
-0.00490933 
-0.00643421 
-0.00828518 
-0.0104459 
-0.0128519 
-0.0153181 
-0.0174928 
-0.0189288 
-0.0192564 
-0.0183876 
-0.0164326 
-0.0137179 
-0.0103558 
-0.00653759 
-0.00227703 
0.00227703 
0.000703514 
-0.000703514 
-0.00192075 
-0.00308733 
-0.00415439 
-0.00514259 
-0.00606032 
-0.00695663 
-0.0078621 
-0.00881128 
-0.00981623 
-0.0108835 
-0.0120086 
-0.0131842 
-0.0143973 
-0.0156306 
-0.0168616 
-0.0180625 
-0.0192013 
-0.020244 
-0.0211567 
-0.0219088 
-0.0224751 
-0.0228373 
-0.0229839 
-0.0229108 
-0.0226165 
-0.0221081 
-0.0214172 
-0.0205353 
-0.0195454 
-0.0184652 
-0.0173331 
-0.016173 
-0.0150026 
-0.0138324 
-0.0126689 
-0.0115178 
-0.0103885 
-0.00929678 
-0.0082631 
-0.0073052 
-0.00643323 
-0.00565017 
-0.00496889 
-0.00443187 
-0.0041118 
-0.00408426 
-0.00440032 
-0.00507948 
-0.00612324 
-0.00752581 
-0.00928167 
-0.011365 
-0.0136723 
-0.0159538 
-0.0178141 
-0.0188384 
-0.0187733 
-0.01764 
-0.0155979 
-0.0128922 
-0.00964333 
-0.00605569 
-0.00210181 
0.00210181 
0.000844085 
-0.000844085 
-0.00231575 
-0.00371758 
-0.00499245 
-0.00616782 
-0.00724936 
-0.00829319 
-0.00933501 
-0.010418 
-0.0115606 
-0.0127749 
-0.0140596 
-0.0154103 
-0.0168165 
-0.0182633 
-0.0197301 
-0.0211898 
-0.0226097 
-0.0239523 
-0.0251781 
-0.0262477 
-0.0271258 
-0.0277829 
-0.0281976 
-0.0283578 
-0.0282587 
-0.0279058 
-0.0273299 
-0.0265171 
-0.0255467 
-0.024433 
-0.0232128 
-0.0219102 
-0.0205457 
-0.0191351 
-0.0176915 
-0.0162289 
-0.0147636 
-0.0133156 
-0.0119058 
-0.0105519 
-0.00926992 
-0.00808269 
-0.00703372 
-0.00619032 
-0.0056275 
-0.0054023 
-0.00554394 
-0.00605859 
-0.00694426 
-0.00819778 
-0.00981344 
-0.0117486 
-0.0138613 
-0.0158634 
-0.0173664 
-0.0180297 
-0.0177053 
-0.016462 
-0.0144374 
-0.0118152 
-0.00875059 
-0.00546547 
-0.00188881 
0.00188881 
0.000971742 
-0.000971742 
-0.00267313 
-0.00428884 
-0.00575337 
-0.00709841 
-0.00832487 
-0.00949234 
-0.0106399 
-0.011818 
-0.0130521 
-0.0143598 
-0.0157438 
-0.0172021 
-0.018727 
-0.0203064 
-0.0219223 
-0.0235508 
-0.0251606 
-0.0267147 
-0.0281713 
-0.0294864 
-0.0306174 
-0.0315256 
-0.0321798 
-0.0325587 
-0.0326499 
-0.0324538 
-0.0319969 
-0.0312619 
-0.0303235 
-0.0291939 
-0.0279081 
-0.0264905 
-0.0249642 
-0.0233494 
-0.021665 
-0.0199308 
-0.0181682 
-0.0164004 
-0.0146519 
-0.0129484 
-0.011322 
-0.00981888 
-0.00850263 
-0.0074445 
-0.00670465 
-0.00631813 
-0.00629763 
-0.00664214 
-0.00734899 
-0.00841644 
-0.00983408 
-0.0115412 
-0.0133719 
-0.0150351 
-0.0161905 
-0.0165822 
-0.016132 
-0.0148977 
-0.0129639 
-0.0104945 
-0.00768518 
-0.00477263 
-0.00164006 
0.00164006 
0.0010874 
-0.0010874 
-0.00299576 
-0.00480585 
-0.00644395 
-0.00794418 
-0.0093007 
-0.0105732 
-0.0118015 
-0.0130422 
-0.0143272 
-0.0156803 
-0.0171085 
-0.0186125 
-0.0201868 
-0.0218216 
-0.0235025 
-0.0252087 
-0.026913 
-0.0285812 
-0.030173 
-0.0316441 
-0.0329486 
-0.0340424 
-0.0348864 
-0.0354504 
-0.0357132 
-0.0356669 
-0.0353294 
-0.0346804 
-0.0337867 
-0.0326598 
-0.0313327 
-0.02983 
-0.0281769 
-0.0263973 
-0.0245148 
-0.0225542 
-0.0205421 
-0.0185079 
-0.0164847 
-0.0145119 
-0.0126387 
-0.0109262 
-0.0094412 
-0.00824333 
-0.0073725 
-0.00684599 
-0.0066662 
-0.00682856 
-0.00732992 
-0.00816727 
-0.00932285 
-0.0107236 
-0.0122014 
-0.0134958 
-0.0143383 
-0.0145484 
-0.0140798 
-0.0129371 
-0.0111531 
-0.00891295 
-0.00644046 
-0.00397497 
-0.00135536 
0.00135536 
0.00119171 
-0.00119171 
-0.00328552 
-0.00527153 
-0.00706848 
-0.00871198 
-0.0101879 
-0.0115529 
-0.0128446 
-0.0141232 
-0.0154266 
-0.0167852 
-0.018211 
-0.0197078 
-0.0212719 
-0.0228954 
-0.0245663 
-0.0262674 
-0.0279758 
-0.029662 
-0.0312898 
-0.0328181 
-0.0342019 
-0.0353961 
-0.0363576 
-0.0370497 
-0.0374436 
-0.0375226 
-0.0372933 
-0.0367324 
-0.0358936 
-0.0347877 
-0.0334447 
-0.0318893 
-0.0301487 
-0.0282497 
-0.0262208 
-0.0240922 
-0.0218977 
-0.0196752 
-0.0174691 
-0.0153309 
-0.0133196 
-0.0114978 
-0.00992322 
-0.00863792 
-0.00766449 
-0.00700857 
-0.00666661 
-0.00663163 
-0.00689855 
-0.00746016 
-0.00829155 
-0.00931692 
-0.0103876 
-0.0112978 
-0.0118598 
-0.0119542 
-0.0115389 
-0.0105387 
-0.00895659 
-0.00704129 
-0.00500387 
-0.0030673 
-0.00103398 
0.00103398 
0.00128492 
-0.00128492 
-0.00354293 
-0.00568651 
-0.00762803 
-0.00940455 
-0.0109929 
-0.0124438 
-0.0137897 
-0.015091 
-0.0163903 
-0.0177245 
-0.0191116 
-0.0205594 
-0.0220661 
-0.0236254 
-0.0252267 
-0.0268556 
-0.0284928 
-0.0301136 
-0.0316874 
-0.0331781 
-0.0345454 
-0.0357465 
-0.0367389 
-0.0374837 
-0.0379474 
-0.0381064 
-0.0379567 
-0.0374728 
-0.036691 
-0.03562 
-0.0342857 
-0.0327126 
-0.0309288 
-0.0289646 
-0.0268531 
-0.0246309 
-0.022339 
-0.0200241 
-0.0177384 
-0.015539 
-0.0134849 
-0.0116307 
-0.0100197 
-0.00867867 
-0.00761822 
-0.00683715 
-0.00632804 
-0.00608108 
-0.00608719 
-0.00633286 
-0.00678804 
-0.00738383 
-0.00800665 
-0.00851632 
-0.00880672 
-0.00880875 
-0.00848339 
-0.00765256 
-0.00632957 
-0.00485801 
-0.00336867 
-0.00204776 
-0.00067658 
0.00067658 
0.00136678 
-0.00136678 
-0.00376714 
-0.00604905 
-0.00812009 
-0.0100196 
-0.0117155 
-0.0132508 
-0.0146496 
-0.0159688 
-0.0172527 
-0.0185439 
-0.0198672 
-0.0212358 
-0.0226509 
-0.0241079 
-0.0255972 
-0.0271059 
-0.0286175 
-0.0301113 
-0.0315616 
-0.0329384 
-0.0342071 
-0.0353303 
-0.0362696 
-0.0369877 
-0.0374508 
-0.037632 
-0.0375187 
-0.0370855 
-0.0363506 
-0.0353198 
-0.0340139 
-0.0324563 
-0.0306757 
-0.028705 
-0.026581 
-0.0243456 
-0.0220451 
-0.0197308 
-0.0174573 
-0.0152798 
-0.0132503 
-0.0114119 
-0.00979473 
-0.00841468 
-0.00727521 
-0.00637089 
-0.00569108 
-0.00522218 
-0.00494936 
-0.00485181 
-0.00489648 
-0.00502699 
-0.00517133 
-0.00525495 
-0.00524905 
-0.00513734 
-0.00490697 
-0.00423526 
-0.003262 
-0.00236998 
-0.00154737 
-0.000925644 
-0.000287957 
0.000287957 
0.00143663 
-0.00143663 
-0.00395611 
-0.00635527 
-0.00853868 
-0.0105495 
-0.0123482 
-0.0139693 
-0.0154261 
-0.016768 
-0.0180372 
-0.0192794 
-0.020526 
-0.0217966 
-0.0230979 
-0.0244278 
-0.0257782 
-0.0271374 
-0.0284903 
-0.0298192 
-0.0311025 
-0.0323152 
-0.0334287 
-0.034412 
-0.035232 
-0.0358563 
-0.036254 
-0.0363986 
-0.0362732 
-0.0358552 
-0.0351477 
-0.0341533 
-0.032888 
-0.0313728 
-0.0296362 
-0.0277117 
-0.0256382 
-0.0234595 
-0.0212235 
-0.0189811 
-0.0167838 
-0.0146802 
-0.0127129 
-0.0109142 
-0.00930482 
-0.00789359 
-0.00667976 
-0.00565491 
-0.00480525 
-0.00411265 
-0.00355599 
-0.00310723 
-0.00273302 
-0.00239171 
-0.00204762 
-0.00167685 
-0.00131771 
-0.000994566 
-0.000802883 
-0.000276123 
0.000171772 
0.00035913 
0.000414739 
0.000271486 
0.000120645 
-0.000120645 
0.0014935 
-0.0014935 
-0.00410712 
-0.00659995 
-0.00887536 
-0.0109823 
-0.0128761 
-0.014584 
-0.0161073 
-0.0174847 
-0.0187513 
-0.0199519 
-0.0211221 
-0.0222886 
-0.0234648 
-0.0246536 
-0.02585 
-0.027044 
-0.0282219 
-0.0293677 
-0.0304629 
-0.0314865 
-0.0324152 
-0.0332235 
-0.0338847 
-0.0343718 
-0.0346587 
-0.0347222 
-0.0345445 
-0.0341066 
-0.0334027 
-0.0324336 
-0.0312109 
-0.0297534 
-0.0280875 
-0.0262456 
-0.0242656 
-0.0221899 
-0.020064 
-0.0179343 
-0.0158459 
-0.0138394 
-0.0119485 
-0.0101973 
-0.00859992 
-0.00716117 
-0.00587738 
-0.00473774 
-0.00372556 
-0.00281853 
-0.0019905 
-0.00120845 
-0.000437912 
0.000355033 
0.00117864 
0.00201755 
0.00278172 
0.00340644 
0.00374293 
0.00397008 
0.00375632 
0.00319505 
0.00244125 
0.00149827 
0.000533169 
-0.000533169 
0.0015364 
-0.0015364 
-0.0042176 
-0.00677808 
-0.00912134 
-0.0113039 
-0.0132793 
-0.0150703 
-0.0166673 
-0.0180962 
-0.019381 
-0.0205603 
-0.0216694 
-0.0227399 
-0.0237922 
-0.0248365 
-0.0258732 
-0.0268957 
-0.0278928 
-0.0288505 
-0.0297524 
-0.0305807 
-0.031316 
-0.0319374 
-0.0324234 
-0.0327524 
-0.0329036 
-0.0328578 
-0.0325992 
-0.0321141 
-0.0313933 
-0.0304363 
-0.0292517 
-0.0278556 
-0.0262714 
-0.0245286 
-0.0226617 
-0.0207089 
-0.0187106 
-0.0167068 
-0.0147353 
-0.012829 
-0.0110143 
-0.00930934 
-0.00772408 
-0.00626035 
-0.00491249 
-0.0036678 
-0.00250732 
-0.00140587 
-0.000334128 
0.000745412 
0.00187078 
0.00307303 
0.0043375 
0.00560673 
0.00675361 
0.00764985 
0.00817933 
0.00802848 
0.00721621 
0.00594717 
0.004418 
0.00269001 
0.000930934 
-0.000930934 
0.00156452 
-0.00156452 
-0.00428624 
-0.00688691 
-0.00927067 
-0.0115025 
-0.013538 
-0.0153991 
-0.0170689 
-0.0185616 
-0.019888 
-0.0210754 
-0.0221528 
-0.0231517 
-0.0240971 
-0.0250064 
-0.0258873 
-0.0267396 
-0.0275564 
-0.0283268 
-0.0290373 
-0.0296726 
-0.0302165 
-0.0306521 
-0.0309623 
-0.03113 
-0.0311392 
-0.030975 
-0.0306245 
-0.0300775 
-0.0293253 
-0.0283673 
-0.0272108 
-0.0258695 
-0.0243635 
-0.0227183 
-0.0209638 
-0.0191326 
-0.0172587 
-0.0153754 
-0.0135136 
-0.0116995 
-0.00995372 
-0.00829021 
-0.0067158 
-0.00523022 
-0.00382629 
-0.00249001 
-0.00120111 
6.66967e-05 
0.00134661 
0.00268049 
0.004106 
0.00564688 
0.00726996 
0.00887816 
0.0103108 
0.0113784 
0.0119487 
0.0115415 
0.010273 
0.00841028 
0.00620596 
0.00377394 
0.0012929 
-0.0012929 
0.00157775 
-0.00157775 
-0.00431458 
-0.00692867 
-0.00932442 
-0.0115748 
-0.0136399 
-0.0155458 
-0.0172732 
-0.0188292 
-0.0202124 
-0.0214369 
-0.0225203 
-0.023487 
-0.0243609 
-0.025163 
-0.025908 
-0.0266028 
-0.0272478 
-0.0278375 
-0.0283629 
-0.0288122 
-0.0291725 
-0.0294301 
-0.0295712 
-0.0295822 
-0.0294507 
-0.0291654 
-0.0287167 
-0.0280981 
-0.0273046 
-0.0263353 
-0.0251965 
-0.0238995 
-0.0224611 
-0.0209026 
-0.0192487 
-0.0175262 
-0.015763 
-0.013986 
-0.0122199 
-0.0104858 
-0.00879974 
-0.0071723 
-0.00560796 
-0.00410496 
-0.0026551 
-0.00124389 
0.00014876 
0.00155098 
0.00299847 
0.00453343 
0.00619064 
0.00798276 
0.0098602 
0.0116936 
0.0132935 
0.0144215 
0.0149066 
0.0143179 
0.0127391 
0.0104392 
0.00770499 
0.00469386 
0.00160179 
-0.00160179 
0.00157637 
-0.00157637 
-0.0043077 
-0.00691291 
-0.00929478 
-0.0115319 
-0.0135902 
-0.0155029 
-0.0172547 
-0.018852 
-0.0202869 
-0.0215624 
-0.0226832 
-0.0236615 
-0.0245132 
-0.0252559 
-0.0259056 
-0.0264747 
-0.0269705 
-0.027395 
-0.0277458 
-0.0280169 
-0.0282001 
-0.0282858 
-0.028264 
-0.0281247 
-0.0278587 
-0.0274579 
-0.0269157 
-0.0262272 
-0.0253904 
-0.0244026 
-0.0232706 
-0.0220045 
-0.0206183 
-0.0191296 
-0.0175584 
-0.0159263 
-0.0142553 
-0.012567 
-0.010881 
-0.00921392 
-0.0075784 
-0.00598228 
-0.00442825 
-0.00291356 
-0.00142964 
3.72146e-05 
0.00150766 
0.00301047 
0.0045809 
0.00625827 
0.00807239 
0.0100234 
0.0120471 
0.0139917 
0.0156464 
0.0167463 
0.0170859 
0.0163416 
0.0145627 
0.0119758 
0.00886603 
0.00541897 
0.00184771 
-0.00184771 
0.00156612 
-0.00156612 
-0.00427722 
-0.00685884 
-0.00920817 
-0.0114052 
-0.0134205 
-0.0152951 
-0.0170223 
-0.0186145 
-0.0200655 
-0.0213744 
-0.0225373 
-0.0235545 
-0.0244297 
-0.0251702 
-0.0257858 
-0.0262869 
-0.0266831 
-0.0269816 
-0.0271869 
-0.0273005 
-0.0273216 
-0.0272468 
-0.0270714 
-0.0267891 
-0.0263938 
-0.0258795 
-0.0252415 
-0.0244765 
-0.0235855 
-0.0225696 
-0.021434 
-0.0201868 
-0.0188395 
-0.0174059 
-0.0159016 
-0.0143432 
-0.0127476 
-0.0111321 
-0.00951226 
-0.00790114 
-0.00630868 
-0.00474061 
-0.00319845 
-0.00167912 
-0.000174458 
0.00132881 
0.00285132 
0.00442018 
0.00606798 
0.00782885 
0.00972581 
0.011747 
0.0138168 
0.015771 
0.0173883 
0.0183983 
0.0185822 
0.0177085 
0.0157996 
0.0130405 
0.00969111 
0.00594578 
0.00202896 
-0.00202896 
0.00155781 
-0.00155781 
-0.0042422 
-0.00679464 
-0.00910459 
-0.0112463 
-0.0131917 
-0.0149875 
-0.016636 
-0.0181601 
-0.0195625 
-0.0208479 
-0.0220126 
-0.0230525 
-0.0239618 
-0.0247368 
-0.0253753 
-0.025878 
-0.0262477 
-0.0264888 
-0.026607 
-0.0266081 
-0.0264978 
-0.0262808 
-0.0259605 
-0.0255388 
-0.0250156 
-0.0243898 
-0.0236601 
-0.0228255 
-0.0218868 
-0.0208451 
-0.019701 
-0.018463 
-0.0171411 
-0.0157465 
-0.0142918 
-0.0127899 
-0.011253 
-0.00969487 
-0.00812802 
-0.00656265 
-0.00500662 
-0.00346422 
-0.00193622 
-0.000419805 
0.00109293 
0.00261471 
0.00416442 
0.00576612 
0.00744802 
0.00923759 
0.0111499 
0.013163 
0.015194 
0.0170757 
0.0185874 
0.019469 
0.0195045 
0.0185266 
0.0165395 
0.0136929 
0.0102137 
0.00628999 
0.00214999 
-0.00214999 
0.00155386 
-0.00155386 
-0.00422772 
-0.00675469 
-0.00903229 
-0.0111199 
-0.012987 
-0.0146806 
-0.0162091 
-0.0176053 
-0.0188838 
-0.0200615 
-0.0211443 
-0.0221343 
-0.0230269 
-0.0238143 
-0.0244864 
-0.0250327 
-0.0254439 
-0.025713 
-0.0258367 
-0.0258151 
-0.0256527 
-0.0253568 
-0.0249375 
-0.0244054 
-0.0237702 
-0.023039 
-0.0222158 
-0.0213019 
-0.0202983 
-0.019208 
-0.018038 
-0.0167952 
-0.0154872 
-0.0141223 
-0.0127084 
-0.0112533 
-0.00976389 
-0.00825272 
-0.00673007 
-0.00520378 
-0.00368043 
-0.00216341 
-0.000652991 
0.000853175 
0.00236255 
0.00388616 
0.00544021 
0.00704461 
0.00872213 
0.0104928 
0.0123634 
0.0143046 
0.0162301 
0.0179785 
0.0193378 
0.0200683 
0.0199667 
0.0189076 
0.016882 
0.0140094 
0.010484 
0.00647871 
0.00221917 
-0.00221917 
0.00155845 
-0.00155845 
-0.00424865 
-0.00677431 
-0.0090367 
-0.0110887 
-0.0128903 
-0.0144847 
-0.0158811 
-0.0171173 
-0.0182175 
-0.0192102 
-0.0201153 
-0.0209482 
-0.0217163 
-0.02242 
-0.0230529 
-0.0236027 
-0.0240534 
-0.024387 
-0.0245863 
-0.0246368 
-0.0245286 
-0.0242581 
-0.0238289 
-0.0232514 
-0.0225415 
-0.0217187 
-0.0208021 
-0.0198078 
-0.0187463 
-0.0176237 
-0.0164438 
-0.0152021 
-0.0139056 
-0.0125603 
-0.0111731 
-0.00975166 
-0.00829752 
-0.00682098 
-0.00533194 
-0.00383702 
-0.00234165 
-0.000848788 
0.00064201 
0.00213253 
0.00362888 
0.00514007 
0.00667881 
0.00826035 
0.0099014 
0.0116145 
0.0133988 
0.0152198 
0.0169922 
0.0185654 
0.0197434 
0.020311 
0.0200829 
0.0189595 
0.0169238 
0.0140679 
0.0105569 
0.0065435 
0.00224659 
-0.00224659 
0.00157598 
-0.00157598 
-0.00431136 
-0.00687538 
-0.0091501 
-0.0111962 
-0.0129613 
-0.0144828 
-0.0157669 
-0.0168515 
-0.0177646 
-0.0185417 
-0.0192124 
-0.0198044 
-0.0203396 
-0.0208337 
-0.0212948 
-0.0217228 
-0.0221092 
-0.0224383 
-0.0226885 
-0.0228353 
-0.0228539 
-0.0227219 
-0.0224225 
-0.0219473 
-0.0212979 
-0.0204877 
-0.01954 
-0.0184844 
-0.01735 
-0.0161586 
-0.0149206 
-0.013638 
-0.0123264 
-0.0109928 
-0.0096375 
-0.00825192 
-0.00682482 
-0.00537694 
-0.00391928 
-0.00245443 
-0.000987473 
0.000480366 
0.00194855 
0.00341814 
0.00489322 
0.00638 
0.00788728 
0.00942533 
0.0110047 
0.012631 
0.0142966 
0.0159643 
0.0175526 
0.0189254 
0.0199064 
0.0203061 
0.0199597 
0.018781 
0.016754 
0.0139419 
0.0104859 
0.0065161 
0.00224263 
-0.00224263 
0.00160661 
-0.00160661 
-0.00441915 
-0.00705454 
-0.00938511 
-0.0114544 
-0.0132188 
-0.0147032 
-0.0159126 
-0.016882 
-0.0176406 
-0.0182262 
-0.0186724 
-0.0190126 
-0.0192764 
-0.0194904 
-0.0196766 
-0.0198509 
-0.0200219 
-0.0201895 
-0.0203443 
-0.0204689 
-0.0205383 
-0.0205228 
-0.0203901 
-0.0201085 
-0.0196506 
-0.0189979 
-0.018146 
-0.0171094 
-0.0159252 
-0.0146496 
-0.0133457 
-0.0120583 
-0.0107929 
-0.00949028 
-0.00815033 
-0.0067881 
-0.0053848 
-0.00395657 
-0.00251813 
-0.00107496 
0.000370533 
0.00181683 
0.00326307 
0.00470967 
0.00615839 
0.00761239 
0.00907642 
0.0105559 
0.0120554 
0.0135745 
0.0151003 
0.0165945 
0.0179816 
0.0191414 
0.0199194 
0.0201505 
0.0196916 
0.0184606 
0.0164503 
0.0136963 
0.0103189 
0.00642566 
0.00221693 
-0.00221693 
0.00164999 
-0.00164999 
-0.00456861 
-0.00730466 
-0.00972538 
-0.0118516 
-0.013646 
-0.0151259 
-0.0162954 
-0.0171881 
-0.0178347 
-0.0182755 
-0.0185469 
-0.0186846 
-0.01872 
-0.0186823 
-0.0185976 
-0.0184892 
-0.0183766 
-0.0182744 
-0.0181905 
-0.0181252 
-0.0180706 
-0.0180102 
-0.0179201 
-0.0177696 
-0.0175229 
-0.0171411 
-0.0165858 
-0.0158249 
-0.0148419 
-0.0136449 
-0.0122768 
-0.0108119 
-0.00934235 
-0.00794821 
-0.00663949 
-0.00533113 
-0.00391589 
-0.00248595 
-0.00107691 
0.000339536 
0.00175629 
0.00317705 
0.00459823 
0.00601853 
0.00743634 
0.00885114 
0.0102634 
0.0116736 
0.0130811 
0.0144802 
0.0158539 
0.0171646 
0.0183439 
0.0192875 
0.0198627 
0.0199274 
0.0193586 
0.0180781 
0.0160806 
0.0133875 
0.0100976 
0.00629777 
0.00217802 
-0.00217802 
0.00170501 
-0.00170501 
-0.00475505 
-0.00761755 
-0.0101527 
-0.0123685 
-0.0142141 
-0.0157137 
-0.0168659 
-0.0177058 
-0.0182667 
-0.018594 
-0.0187297 
-0.0187139 
-0.018581 
-0.0183606 
-0.0180783 
-0.0177561 
-0.0174138 
-0.0170683 
-0.0167333 
-0.0164187 
-0.0161294 
-0.0158651 
-0.0156189 
-0.0153776 
-0.015121 
-0.014821 
-0.014441 
-0.0139358 
-0.0132546 
-0.0123478 
-0.0111854 
-0.00977288 
-0.00820303 
-0.00660582 
-0.00522592 
-0.00387547 
-0.00247593 
-0.00105955 
0.000347539 
0.00175286 
0.00315462 
0.00455663 
0.00595655 
0.00735154 
0.00873747 
0.0101103 
0.0114662 
0.0128013 
0.0141101 
0.0153826 
0.0165993 
0.0177238 
0.0186957 
0.0194258 
0.019802 
0.0197035 
0.0190248 
0.0176932 
0.0156994 
0.0130604 
0.00985588 
0.00615355 
0.00213309 
-0.00213309 
0.00177001 
-0.00177001 
-0.00497334 
-0.00798419 
-0.0106558 
-0.0129823 
-0.0149028 
-0.0164384 
-0.0175878 
-0.018386 
-0.0188702 
-0.0190921 
-0.0191024 
-0.0189493 
-0.0186737 
-0.0183092 
-0.0178825 
-0.0174152 
-0.0169244 
-0.0164242 
-0.0159257 
-0.0154374 
-0.014965 
-0.0145115 
-0.0140773 
-0.01366 
-0.0132545 
-0.0128528 
-0.0124427 
-0.0120061 
-0.0115173 
-0.0109416 
-0.0102379 
-0.00935729 
-0.0082452 
-0.00684949 
-0.00516498 
-0.0032769 
-0.00141154 
0.000290383 
0.00176834 
0.00319371 
0.0045919 
0.0059819 
0.00736457 
0.00873581 
0.0100895 
0.0114182 
0.0127146 
0.0139706 
0.0151767 
0.0163195 
0.017378 
0.0183179 
0.0190865 
0.0196085 
0.0197908 
0.0195316 
0.0187411 
0.0173525 
0.0153525 
0.0127507 
0.00962137 
0.00601029 
0.00208815 
-0.00208815 
0.00184288 
-0.00184288 
-0.00521752 
-0.00839545 
-0.011223 
-0.0136795 
-0.0156969 
-0.0172824 
-0.0184409 
-0.0192038 
-0.0196126 
-0.0197259 
-0.0196047 
-0.0193078 
-0.0188856 
-0.0183785 
-0.0178173 
-0.017225 
-0.0166185 
-0.0160104 
-0.0154092 
-0.0148204 
-0.0142464 
-0.0136874 
-0.0131414 
-0.0126048 
-0.0120731 
-0.0115413 
-0.0110042 
-0.0104552 
-0.00988437 
-0.00927446 
-0.00860004 
-0.00782376 
-0.00689446 
-0.00573453 
-0.00425424 
-0.00253682 
-0.000680141 
0.00111384 
0.00280112 
0.00439124 
0.00590441 
0.00736293 
0.00877992 
0.0101591 
0.0114989 
0.0127934 
0.0140346 
0.0152126 
0.0163157 
0.0173286 
0.0182302 
0.018989 
0.0195594 
0.0198792 
0.019872 
0.0194529 
0.0185466 
0.0170917 
0.0150732 
0.012489 
0.00941568 
0.00588242 
0.00204813 
-0.00204813 
0.0019209 
-0.0019209 
-0.00547994 
-0.00883992 
-0.01184 
-0.0144448 
-0.0165768 
-0.01823 
-0.0194087 
-0.0201423 
-0.0204758 
-0.0204744 
-0.0202109 
-0.0197566 
-0.0191739 
-0.0185122 
-0.0178081 
-0.0170874 
-0.0163675 
-0.0156602 
-0.0149726 
-0.0143081 
-0.013667 
-0.0130471 
-0.0124438 
-0.0118508 
-0.0112604 
-0.0106648 
-0.010056 
-0.0094272 
-0.00877106 
-0.0080777 
-0.00733084 
-0.00650716 
-0.00558277 
-0.00454174 
-0.0033933 
-0.00217587 
-0.000886853 
0.00063294 
0.00253105 
0.0044677 
0.00637292 
0.00816264 
0.00983315 
0.0113854 
0.0128284 
0.014167 
0.0154029 
0.016533 
0.0175505 
0.0184436 
0.0191947 
0.0197776 
0.0201553 
0.0202773 
0.0200827 
0.0195021 
0.0184731 
0.0169408 
0.0148883 
0.0123074 
0.00926055 
0.00578409 
0.00201759 
-0.00201759 
0.00200041 
-0.00200041 
-0.00575036 
-0.00930203 
-0.0124871 
-0.0152563 
-0.0175196 
-0.0192594 
-0.0204686 
-0.0211802 
-0.0214392 
-0.0213176 
-0.0209003 
-0.0202733 
-0.0195136 
-0.0186819 
-0.0178226 
-0.0169648 
-0.0161272 
-0.0153204 
-0.0145499 
-0.0138171 
-0.0131201 
-0.0124545 
-0.011814 
-0.0111904 
-0.0105744 
-0.00995604 
-0.00932495 
-0.00867128 
-0.00798551 
-0.00725832 
-0.00647787 
-0.00562929 
-0.00469387 
-0.0036547 
-0.00249062 
-0.00123625 
5.89769e-05 
0.00152356 
0.00318123 
0.00498626 
0.00687091 
0.00876049 
0.0105981 
0.0123358 
0.013945 
0.0154082 
0.0167162 
0.0178635 
0.0188453 
0.0196545 
0.0202802 
0.0207044 
0.0209008 
0.0208321 
0.0204522 
0.0197069 
0.0185464 
0.0169231 
0.014821 
0.0122248 
0.0091888 
0.00572999 
0.00200206 
-0.00200206 
0.00207664 
-0.00207664 
-0.006015 
-0.00976035 
-0.0131367 
-0.0160819 
-0.0184913 
-0.0203326 
-0.021587 
-0.0222851 
-0.0224731 
-0.0222275 
-0.0216466 
-0.0208324 
-0.019879 
-0.0188616 
-0.0178339 
-0.01683 
-0.0158696 
-0.0149622 
-0.0141111 
-0.013315 
-0.0125694 
-0.0118674 
-0.0112002 
-0.0105578 
-0.00992875 
-0.00930156 
-0.0086641 
-0.00800468 
-0.00731148 
-0.00657323 
-0.00577686 
-0.00490918 
-0.00395519 
-0.00290633 
-0.00175359 
-0.000511083 
0.000829601 
0.00231193 
0.00389074 
0.00555646 
0.00732685 
0.00918328 
0.0110743 
0.0129342 
0.014703 
0.0163305 
0.0177797 
0.0190256 
0.0200523 
0.0208496 
0.0214092 
0.0217209 
0.0217695 
0.0215321 
0.0209787 
0.0200711 
0.0187732 
0.0170462 
0.0148773 
0.0122473 
0.00920238 
0.00574116 
0.00200443 
-0.00200443 
0.00214337 
-0.00214337 
-0.00625583 
-0.0101863 
-0.0137516 
-0.016878 
-0.0194443 
-0.0214011 
-0.022716 
-0.0234094 
-0.0235327 
-0.0231634 
-0.0224126 
-0.0213998 
-0.0202381 
-0.0190205 
-0.0178127 
-0.0166549 
-0.0155682 
-0.0145607 
-0.0136328 
-0.0127799 
-0.0119942 
-0.0112659 
-0.0105835 
-0.00993447 
-0.00930561 
-0.00868343 
-0.00805414 
-0.00740452 
-0.00672107 
-0.0059914 
-0.00520166 
-0.00433973 
-0.00339076 
-0.00234653 
-0.00119243 
6.65407e-05 
0.00142458 
0.00290847 
0.00451351 
0.00622671 
0.00802669 
0.00987948 
0.0117504 
0.0136033 
0.0153961 
0.017081 
0.0186099 
0.0199395 
0.0210344 
0.0218683 
0.0224226 
0.0226841 
0.0226417 
0.0222819 
0.0215884 
0.0205384 
0.0191101 
0.0172756 
0.0150277 
0.0123464 
0.00927251 
0.00579139 
0.00202689 
-0.00202689 
0.00219289 
-0.00219289 
-0.00644989 
-0.0105429 
-0.0142821 
-0.0175849 
-0.0203121 
-0.0223943 
-0.0237834 
-0.0244841 
-0.0245524 
-0.0240657 
-0.0231455 
-0.0219287 
-0.0205495 
-0.0191212 
-0.0177245 
-0.016408 
-0.0151943 
-0.01409 
-0.0130917 
-0.0121909 
-0.0113757 
-0.0106328 
-0.00994748 
-0.0093045 
-0.00868823 
-0.00808318 
-0.00747363 
-0.0068447 
-0.00618099 
-0.00546843 
-0.00469147 
-0.00383715 
-0.00289045 
-0.00184236 
-0.000681246 
0.000596298 
0.00198928 
0.00351246 
0.00514844 
0.00688421 
0.00870032 
0.0105629 
0.0124354 
0.0142848 
0.0160727 
0.0177573 
0.0192954 
0.0206449 
0.0217657 
0.0226223 
0.0231857 
0.0234334 
0.0233492 
0.0229203 
0.022136 
0.0209832 
0.0194516 
0.0175241 
0.0152005 
0.0124633 
0.00935039 
0.00584032 
0.00204772 
-0.00204772 
0.002216 
-0.002216 
-0.00656921 
-0.0107839 
-0.014665 
-0.0181245 
-0.0210045 
-0.0232146 
-0.0246878 
-0.0254119 
-0.0254394 
-0.02485 
-0.0237705 
-0.022355 
-0.0207582 
-0.0191163 
-0.0175281 
-0.0160529 
-0.0147163 
-0.0135227 
-0.0124645 
-0.0115282 
-0.0106974 
-0.00995457 
-0.00928141 
-0.00865978 
-0.00807145 
-0.0074988 
-0.00692412 
-0.00633084 
-0.00570171 
-0.00502094 
-0.0042712 
-0.00343829 
-0.00250586 
-0.00146285 
-0.000297679 
0.00100058 
0.00242694 
0.00399286 
0.00568652 
0.0074937 
0.00938696 
0.0113286 
0.013274 
0.0151739 
0.0169772 
0.0186406 
0.0201289 
0.0214123 
0.0224631 
0.0232541 
0.0237593 
0.0239547 
0.0238197 
0.0233365 
0.0224918 
0.0212733 
0.0196743 
0.0176833 
0.0153055 
0.012527 
0.00938534 
0.00585747 
0.00205257 
-0.00205257 
0.00220222 
-0.00220222 
-0.00658141 
-0.0108549 
-0.0148243 
-0.0184013 
-0.0214106 
-0.0237408 
-0.025302 
-0.0260642 
-0.0260688 
-0.025401 
-0.0241859 
-0.0225923 
-0.0207923 
-0.0189462 
-0.0171737 
-0.0155478 
-0.0140987 
-0.0128291 
-0.0117263 
-0.0107714 
-0.00994244 
-0.00921731 
-0.00857386 
-0.00799073 
-0.00744697 
-0.00692272 
-0.00639823 
-0.00585513 
-0.0052742 
-0.0046376 
-0.00392602 
-0.00312344 
-0.00221208 
-0.00117834 
-1.07553e-05 
0.00130689 
0.00277166 
0.00439317 
0.00615848 
0.00805117 
0.0100396 
0.0120798 
0.0141173 
0.0160917 
0.0179409 
0.0196127 
0.021067 
0.0222751 
0.0232178 
0.0238809 
0.0242534 
0.0243247 
0.0240824 
0.0235118 
0.0225981 
0.0213255 
0.0196841 
0.017661 
0.0152612 
0.0124724 
0.00933158 
0.00581751 
0.0020353 
-0.0020353 
0.00214041 
-0.00214041 
-0.00645119 
-0.0106952 
-0.0146736 
-0.0183045 
-0.0213983 
-0.0238249 
-0.0254677 
-0.0262791 
-0.0262803 
-0.0255691 
-0.0242588 
-0.0225278 
-0.0205595 
-0.0185369 
-0.0166017 
-0.0148444 
-0.0133023 
-0.0119773 
-0.0108516 
-0.00990003 
-0.00909486 
-0.00840889 
-0.00781588 
-0.00729121 
-0.00681125 
-0.00635398 
-0.00589767 
-0.0054222 
-0.00490642 
-0.00433042 
-0.00367298 
-0.00291617 
-0.00204017 
-0.00102862 
0.000132604 
0.00146226 
0.00296278 
0.00464332 
0.00649338 
0.00849399 
0.0106073 
0.0127804 
0.0149472 
0.017035 
0.0189699 
0.0206853 
0.0221245 
0.0232591 
0.0240755 
0.0245712 
0.024752 
0.0246279 
0.0242059 
0.0234861 
0.0224611 
0.0211156 
0.0194353 
0.0174009 
0.0150113 
0.0122509 
0.00915359 
0.00569995 
0.0019902 
-0.0019902 
0.0020196 
-0.0020196 
-0.00614293 
-0.0102422 
-0.014121 
-0.0177127 
-0.0208194 
-0.0232969 
-0.024999 
-0.0258633 
-0.02588 
-0.0251703 
-0.0238241 
-0.0220214 
-0.0199462 
-0.0177989 
-0.0157429 
-0.0138889 
-0.0122849 
-0.0109342 
-0.00981453 
-0.00889421 
-0.00813941 
-0.00751774 
-0.00699882 
-0.00655486 
-0.00615969 
-0.00578932 
-0.00542022 
-0.00503064 
-0.00459761 
-0.00409921 
-0.00351254 
-0.00281761 
-0.00199219 
-0.00101673 
0.000127023 
0.00145972 
0.00299168 
0.00473222 
0.00667223 
0.00878858 
0.0110358 
0.01335 
0.015653 
0.0178599 
0.0198857 
0.0216522 
0.0230942 
0.0241691 
0.0248697 
0.0251976 
0.0251708 
0.0248191 
0.0241732 
0.0232558 
0.022077 
0.0206307 
0.0189029 
0.016869 
0.0145185 
0.0118284 
0.00882506 
0.00548878 
0.00191255 
-0.00191255 
0.00183019 
-0.00183019 
-0.00562438 
-0.00943714 
-0.0130777 
-0.0165037 
-0.0195184 
-0.0219736 
-0.0236931 
-0.0246038 
-0.0246505 
-0.0239957 
-0.0226918 
-0.0209097 
-0.0188194 
-0.0166289 
-0.0145191 
-0.0126227 
-0.0110025 
-0.00966678 
-0.00859031 
-0.00773557 
-0.00706275 
-0.00653442 
-0.0061163 
-0.00577775 
-0.00549045 
-0.00522878 
-0.00496779 
-0.00468441 
-0.00435409 
-0.0039533 
-0.00345781 
-0.00284541 
-0.00209103 
-0.00117148 
-6.33286e-05 
0.0012565 
0.00280628 
0.00459557 
0.00661526 
0.00883533 
0.0112001 
0.0136343 
0.0160499 
0.0183546 
0.0204579 
0.0222735 
0.0237348 
0.0247654 
0.025367 
0.025541 
0.0253153 
0.0247379 
0.0238617 
0.0227334 
0.0213851 
0.0198266 
0.0180509 
0.0160321 
0.0137517 
0.0111774 
0.00832468 
0.00517076 
0.00179803 
-0.00179803 
0.0015653 
-0.0015653 
-0.00487129 
-0.00823402 
-0.0114702 
-0.0145713 
-0.0173521 
-0.0196787 
-0.0213495 
-0.0222857 
-0.0223695 
-0.0218292 
-0.0206628 
-0.0190185 
-0.0170351 
-0.0149145 
-0.0128467 
-0.0109853 
-0.00941183 
-0.00814388 
-0.00715674 
-0.00640853 
-0.0058542 
-0.00545184 
-0.00516383 
-0.00495725 
-0.00480222 
-0.00467211 
-0.00454104 
-0.0043851 
-0.0041786 
-0.00389702 
-0.00351519 
-0.00300853 
-0.00234896 
-0.00150933 
-0.000460502 
0.000822564 
0.00236487 
0.00417448 
0.0062379 
0.00851424 
0.0109364 
0.0134206 
0.0158759 
0.018212 
0.0203401 
0.0221741 
0.0236394 
0.024649 
0.0251801 
0.0252403 
0.0248592 
0.0241 
0.0230352 
0.0217332 
0.020247 
0.0186041 
0.0168091 
0.0148397 
0.0126731 
0.0102693 
0.00763197 
0.00473335 
0.00164261 
-0.00164261 
0.00122195 
-0.00122195 
-0.00387216 
-0.0066092 
-0.00925618 
-0.0118459 
-0.0142132 
-0.0162623 
-0.0177868 
-0.0187123 
-0.018846 
-0.018481 
-0.0175581 
-0.0161853 
-0.0144548 
-0.012545 
-0.0106432 
-0.00891847 
-0.00747291 
-0.00633877 
-0.00549628 
-0.00490202 
-0.00450721 
-0.00426657 
-0.00414006 
-0.0040934 
-0.00409604 
-0.0041211 
-0.00414256 
-0.00413628 
-0.00407614 
-0.0039375 
-0.0036946 
-0.00332058 
-0.00278462 
-0.00205539 
-0.00109906 
0.000111444 
0.00160226 
0.00337684 
0.00541024 
0.0076481 
0.0100144 
0.0124254 
0.014799 
0.0170594 
0.0191303 
0.020934 
0.0223864 
0.0234018 
0.0238988 
0.0239005 
0.0234312 
0.022568 
0.0213998 
0.020011 
0.0184706 
0.0168202 
0.0150759 
0.0132218 
0.0112351 
0.00907186 
0.00672569 
0.00416437 
0.00144232 
-0.00144232 
0.000801636 
-0.000801636 
-0.0026318 
-0.00457007 
-0.00644022 
-0.00832299 
-0.0100748 
-0.0116597 
-0.0128932 
-0.0137459 
-0.0139582 
-0.0138309 
-0.0132583 
-0.0122916 
-0.0109687 
-0.0094273 
-0.00783683 
-0.00637202 
-0.0051535 
-0.00423202 
-0.00359821 
-0.00321108 
-0.00302056 
-0.0029796 
-0.00304717 
-0.00318881 
-0.0033745 
-0.00357819 
-0.00377463 
-0.00394025 
-0.00404952 
-0.00407867 
-0.00400182 
-0.00379042 
-0.00341156 
-0.00283022 
-0.00201027 
-0.000921696 
0.000448927 
0.00209936 
0.00398527 
0.00604093 
0.00819034 
0.0103626 
0.0124996 
0.0145515 
0.0164624 
0.0181694 
0.0195805 
0.0206183 
0.0211298 
0.0211474 
0.020679 
0.0198162 
0.0186639 
0.0173171 
0.0158527 
0.0143187 
0.0127377 
0.0111001 
0.00938585 
0.00755185 
0.00558552 
0.00345279 
0.00119385 
-0.00119385 
0.000307763 
-0.000307763 
-0.00116929 
-0.00215965 
-0.00308288 
-0.00407958 
-0.00501798 
-0.00593807 
-0.00667622 
-0.00735056 
-0.00772137 
-0.00788324 
-0.00774747 
-0.00729994 
-0.00652625 
-0.00550815 
-0.00438145 
-0.00331262 
-0.0024342 
-0.00181538 
-0.00146162 
-0.00133906 
-0.00139981 
-0.00159746 
-0.00189173 
-0.00224941 
-0.0026426 
-0.00304731 
-0.00344024 
-0.00379935 
-0.00410102 
-0.00432343 
-0.00444134 
-0.00442573 
-0.00424269 
-0.00385548 
-0.00322783 
-0.0023341 
-0.00117231 
0.000227028 
0.00180933 
0.00350433 
0.00525087 
0.00700547 
0.00874587 
0.0104527 
0.0120948 
0.0136272 
0.0149593 
0.0160242 
0.0165922 
0.0166887 
0.0163158 
0.0155783 
0.0145914 
0.0134503 
0.012229 
0.0109716 
0.00970039 
0.00840929 
0.00708282 
0.00568336 
0.00419679 
0.00259191 
0.000895767 
-0.000895767 
-0.000251726 
0.000251726 
0.000481076 
0.000549738 
0.000700475 
0.000725319 
0.000746274 
0.000648472 
0.000533767 
0.00017405 
-0.000337521 
-0.000812632 
-0.00115083 
-0.00128634 
-0.00115965 
-0.000791788 
-0.000269328 
0.000268799 
0.000689057 
0.000907721 
0.000903697 
0.000700433 
0.000340191 
-0.000134057 
-0.000685434 
-0.00128463 
-0.0019075 
-0.00253325 
-0.00314209 
-0.00371446 
-0.00423029 
-0.00467086 
-0.00501282 
-0.00522837 
-0.00528457 
-0.00514601 
-0.00478097 
-0.00417454 
-0.00334271 
-0.00233782 
-0.00122974 
-7.6825e-05 
0.00108957 
0.0022687 
0.00347286 
0.00470788 
0.00596565 
0.00721966 
0.00839958 
0.00946232 
0.0101519 
0.0104039 
0.0102149 
0.00971922 
0.00905582 
0.00830311 
0.00751347 
0.00671301 
0.00591605 
0.0051171 
0.0043063 
0.00345634 
0.00255574 
0.0015819 
0.000549231 
-0.000549231 
-0.000862442 
0.000862442 
0.00227587 
0.00348445 
0.00477267 
0.0058892 
0.00690438 
0.00766011 
0.00811824 
0.00810606 
0.00765436 
0.00697262 
0.00623796 
0.00555395 
0.005018 
0.00466953 
0.00448231 
0.00436623 
0.00420899 
0.00392472 
0.00348045 
0.00288756 
0.00217904 
0.00139097 
0.000554012 
-0.000308455 
-0.00117867 
-0.00204197 
-0.00288269 
-0.00368511 
-0.00443443 
-0.00511622 
-0.00571072 
-0.00619357 
-0.00653559 
-0.00670681 
-0.00668582 
-0.00647488 
-0.00611066 
-0.00565767 
-0.00517997 
-0.0047122 
-0.00424681 
-0.00374837 
-0.00318163 
-0.00252457 
-0.00176909 
-0.000927178 
-3.91146e-05 
0.000861288 
0.00159476 
0.00204288 
0.00222317 
0.00218973 
0.00207056 
0.00191539 
0.00175013 
0.00158085 
0.0014134 
0.00124453 
0.00107276 
0.000885572 
0.000676322 
0.000438322 
0.00016329 
-0.00016329 
-0.00151058 
0.00151058 
0.00418082 
0.00658663 
0.00902527 
0.011235 
0.013205 
0.0147485 
0.0157357 
0.016069 
0.0157899 
0.0150586 
0.0140541 
0.0129157 
0.0117694 
0.0107056 
0.00975986 
0.00890401 
0.00806942 
0.00718901 
0.00622817 
0.00518755 
0.00408779 
0.00295372 
0.00180675 
0.000662668 
-0.000468085 
-0.00157975 
-0.00266371 
-0.00370861 
-0.00470673 
-0.00564926 
-0.006522 
-0.00730656 
-0.00798075 
-0.00852458 
-0.00893183 
-0.00922432 
-0.00945456 
-0.00968567 
-0.00995731 
-0.010265 
-0.0105676 
-0.0108111 
-0.010949 
-0.0109503 
-0.0107993 
-0.0104958 
-0.0100615 
-0.00951805 
-0.00891836 
-0.0082312 
-0.00749763 
-0.0068046 
-0.00614541 
-0.00550879 
-0.00488907 
-0.00428856 
-0.00370377 
-0.00313046 
-0.00255906 
-0.00198371 
-0.00140661 
-0.000813488 
-0.000251367 
0.000251367 
-0.00218792 
0.00218792 
0.00617513 
0.00981647 
0.0133851 
0.0166431 
0.0195008 
0.0217602 
0.0232677 
0.0239694 
0.0239089 
0.023205 
0.0220239 
0.0205152 
0.0188229 
0.0170741 
0.0153609 
0.0137225 
0.0121486 
0.0106074 
0.00907391 
0.0075424 
0.00602042 
0.00451914 
0.00304774 
0.00161099 
0.000211608 
-0.00115353 
-0.00248564 
-0.00377994 
-0.00503653 
-0.00625391 
-0.00742535 
-0.00854102 
-0.00958901 
-0.0105628 
-0.0114734 
-0.0123586 
-0.0132747 
-0.0142672 
-0.0153417 
-0.0164595 
-0.0175576 
-0.0185723 
-0.0194523 
-0.0201608 
-0.0206727 
-0.0209707 
-0.0210375 
-0.0208417 
-0.0202732 
-0.0192993 
-0.0180234 
-0.016585 
-0.0150926 
-0.0135987 
-0.0121254 
-0.010684 
-0.00927264 
-0.0078798 
-0.00648647 
-0.00507124 
-0.00363235 
-0.00214125 
-0.00068672 
0.00068672 
-0.00289088 
0.00289088 
0.00824956 
0.0131542 
0.0178199 
0.0220577 
0.0257289 
0.0286413 
0.0306515 
0.0317206 
0.0318912 
0.0312562 
0.0299567 
0.0281364 
0.0259474 
0.0235457 
0.0210747 
0.0186404 
0.0162982 
0.0140616 
0.0119247 
0.00987951 
0.00792075 
0.00604425 
0.00424488 
0.00251519 
0.000847624 
-0.000769842 
-0.00234758 
-0.00389122 
-0.0054088 
-0.00690765 
-0.00839032 
-0.00985783 
-0.011311 
-0.0127585 
-0.0142264 
-0.0157595 
-0.0174042 
-0.0191772 
-0.02105 
-0.0229589 
-0.0248289 
-0.0265906 
-0.0281858 
-0.0295651 
-0.0306838 
-0.0314939 
-0.0319334 
-0.0319202 
-0.0313123 
-0.0301166 
-0.0284291 
-0.0263999 
-0.0241891 
-0.0219068 
-0.0196125 
-0.0173344 
-0.0150776 
-0.0128296 
-0.0105679 
-0.00826465 
-0.00591668 
-0.00349739 
-0.00112943 
0.00112943 
-0.00361758 
0.00361758 
0.0103985 
0.0165908 
0.0223253 
0.0274723 
0.0318845 
0.0353907 
0.037868 
0.0392825 
0.0396714 
0.0391059 
0.0377003 
0.035586 
0.0329203 
0.0298854 
0.0266727 
0.0234523 
0.0203447 
0.017412 
0.0146713 
0.0121147 
0.00972479 
0.00748121 
0.00536359 
0.0033515 
0.00142591 
-0.000433834 
-0.00224715 
-0.00403188 
-0.00580446 
-0.00758206 
-0.00937794 
-0.0112055 
-0.0130797 
-0.0150233 
-0.0170718 
-0.0192661 
-0.0216311 
-0.0241516 
-0.0267713 
-0.0294111 
-0.0319886 
-0.0344273 
-0.0366563 
-0.0386071 
-0.0402096 
-0.0413858 
-0.0420473 
-0.0421055 
-0.0414488 
-0.0401013 
-0.0381367 
-0.0356947 
-0.0329406 
-0.0300107 
-0.0269942 
-0.0239399 
-0.0208659 
-0.0177674 
-0.0146272 
-0.0114226 
-0.00815638 
-0.00482112 
-0.00156072 
0.00156072 
-0.00436271 
0.00436271 
0.0126047 
0.020104 
0.0268921 
0.0328931 
0.0379833 
0.0420258 
0.0449206 
0.0466373 
0.047201 
0.0466615 
0.0451129 
0.0426776 
0.0395216 
0.0358558 
0.031919 
0.0279413 
0.0241021 
0.0205077 
0.0171958 
0.0141583 
0.0113652 
0.00878038 
0.00636834 
0.00409597 
0.00193298 
-0.00014982 
-0.00218042 
-0.00418905 
-0.00620106 
-0.00824368 
-0.0103419 
-0.0125221 
-0.0148131 
-0.0172489 
-0.0198667 
-0.0226938 
-0.0257269 
-0.0289215 
-0.0322013 
-0.0354779 
-0.0386633 
-0.0416723 
-0.0444196 
-0.0468185 
-0.048779 
-0.0502068 
-0.0510092 
-0.0511081 
-0.0504213 
-0.0489778 
-0.0468384 
-0.0441236 
-0.040982 
-0.03755 
-0.0339303 
-0.0301882 
-0.0263577 
-0.0224488 
-0.0184588 
-0.0143818 
-0.0102363 
-0.00604505 
-0.00195951 
0.00195951 
-0.00511078 
0.00511078 
0.0148187 
0.0236238 
0.0314542 
0.038271 
0.0439883 
0.0485085 
0.0517565 
0.0537062 
0.0543682 
0.0537742 
0.0520067 
0.049188 
0.0455033 
0.0412 
0.0365657 
0.0318836 
0.0273811 
0.0231968 
0.0193811 
0.0159219 
0.0127765 
0.00989398 
0.00722539 
0.00472631 
0.00235663 
7.90582e-05 
-0.00214211 
-0.00434814 
-0.00657373 
-0.00885574 
-0.0112309 
-0.0137384 
-0.0164196 
-0.0193155 
-0.0224579 
-0.0258537 
-0.0294702 
-0.0332378 
-0.0370667 
-0.0408636 
-0.0445367 
-0.047994 
-0.0511403 
-0.0538768 
-0.0561023 
-0.0577164 
-0.0586283 
-0.0587702 
-0.0580798 
-0.0565856 
-0.0543405 
-0.0514451 
-0.0480261 
-0.0442077 
-0.0400937 
-0.03576 
-0.031256 
-0.0266108 
-0.0218434 
-0.0169727 
-0.0120409 
-0.00710252 
-0.00230467 
0.00230467 
-0.00582834 
0.00582834 
0.0169373 
0.0269926 
