0 
-0.00157198 
-0.002441 
-0.00176159 
-0.000137185 
0.00187095 
0.00412281 
0.00642901 
0.00874516 
0.0110197 
0.0132479 
0.0154308 
0.0175823 
0.019719 
0.0218592 
0.0240203 
0.0262176 
0.0284639 
0.0307689 
0.0331388 
0.0355762 
0.0380804 
0.0406464 
0.0432659 
0.0459265 
0.0486124 
0.0513043 
0.0539797 
0.0566137 
0.0591789 
0.0616468 
0.0639874 
0.066171 
0.0681678 
0.0699491 
0.0714879 
0.072759 
0.0737402 
0.0744115 
0.0747558 
0.0747618 
0.0744201 
0.0737242 
0.0726714 
0.0712616 
0.0694979 
0.0673857 
0.0649336 
0.062153 
0.0590586 
0.0556696 
0.0520101 
0.0481106 
0.044009 
0.0397511 
0.0353917 
0.0309943 
0.026631 
0.0223804 
0.0183201 
0.0145029 
0.0109411 
0.00760794 
0.0044683 
0.00146435 
0 
0.00157198 
-0.00157198 
-0.002441 
-0.00176159 
-0.000137185 
0.00187095 
0.00412281 
0.00642901 
0.00874516 
0.0110197 
0.0132479 
0.0154308 
0.0175823 
0.019719 
0.0218592 
0.0240203 
0.0262176 
0.0284639 
0.0307689 
0.0331388 
0.0355762 
0.0380804 
0.0406464 
0.0432659 
0.0459265 
0.0486124 
0.0513043 
0.0539797 
0.0566137 
0.0591789 
0.0616468 
0.0639874 
0.066171 
0.0681678 
0.0699491 
0.0714879 
0.072759 
0.0737402 
0.0744115 
0.0747558 
0.0747618 
0.0744201 
0.0737242 
0.0726714 
0.0712616 
0.0694979 
0.0673857 
0.0649336 
0.062153 
0.0590586 
0.0556696 
0.0520101 
0.0481106 
0.044009 
0.0397511 
0.0353917 
0.0309943 
0.026631 
0.0223804 
0.0183201 
0.0145029 
0.0109411 
0.00760794 
0.0044683 
0.00146435 
-0.00146435 
0.000618921 
-0.000618921 
0.000103382 
0.000873943 
0.00235686 
0.00409015 
0.00605151 
0.00806421 
0.0100907 
0.0120854 
0.0140444 
0.0159705 
0.0178777 
0.0197829 
0.0217043 
0.0236592 
0.025663 
0.0277284 
0.0298653 
0.0320798 
0.0343749 
0.0367495 
0.0391988 
0.0417141 
0.0442828 
0.0468884 
0.049511 
0.0521275 
0.054712 
0.0572365 
0.0596713 
0.061986 
0.0641499 
0.0661327 
0.0679053 
0.0694403 
0.0707126 
0.0716999 
0.0723838 
0.0727461 
0.0727744 
0.0724596 
0.0717954 
0.070779 
0.0694105 
0.0676933 
0.0656332 
0.0632386 
0.060521 
0.0574949 
0.054179 
0.050597 
0.0467789 
0.0427623 
0.0385934 
0.0343281 
0.0300316 
0.025778 
0.0216463 
0.017711 
0.0140191 
0.0105792 
0.00736208 
0.00432937 
0.00141998 
-0.00141998 
-0.000388665 
0.000388665 
0.00124501 
0.00231054 
0.00367882 
0.00523348 
0.00690877 
0.00861119 
0.0103108 
0.0119834 
0.013632 
0.0152659 
0.016902 
0.0185587 
0.0202544 
0.022006 
0.0238281 
0.0257321 
0.0277266 
0.0298164 
0.032003 
0.0342841 
0.0366535 
0.0391013 
0.0416134 
0.0441723 
0.0467568 
0.0493425 
0.0519024 
0.0544071 
0.0568261 
0.0591278 
0.0612806 
0.0632534 
0.0650167 
0.0665427 
0.067806 
0.0687846 
0.0694604 
0.0698184 
0.0698476 
0.0695398 
0.0688901 
0.0678972 
0.0665625 
0.0648905 
0.062888 
0.0605641 
0.0579301 
0.0550003 
0.051792 
0.0483274 
0.0446345 
0.0407492 
0.0367167 
0.0325929 
0.0284445 
0.024348 
0.0203843 
0.0166263 
0.0131162 
0.00986076 
0.00683369 
0.00400308 
0.00130782 
-0.00130782 
-0.000497922 
0.000497922 
0.00156899 
0.00281995 
0.00418511 
0.00559729 
0.00703233 
0.00844763 
0.00984067 
0.0112105 
0.0125719 
0.013942 
0.0153409 
0.0167878 
0.0183002 
0.0198929 
0.0215775 
0.023363 
0.025255 
0.027256 
0.0293655 
0.0315794 
0.0338905 
0.0362876 
0.038756 
0.0412772 
0.0438292 
0.0463869 
0.0489224 
0.0514058 
0.0538055 
0.0560893 
0.058225 
0.0601811 
0.0619273 
0.0634355 
0.0646801 
0.0656388 
0.0662936 
0.0666295 
0.0666361 
0.0663069 
0.0656386 
0.0646322 
0.0632919 
0.061625 
0.0596412 
0.0573522 
0.0547714 
0.051914 
0.0487975 
0.045443 
0.0418767 
0.0381322 
0.034253 
0.0302941 
0.0263232 
0.0224194 
0.0186653 
0.0151321 
0.0118562 
0.00884342 
0.0060734 
0.00352587 
0.00114078 
-0.00114078 
-0.000477118 
0.000477118 
0.00169833 
0.00301571 
0.00429227 
0.00552991 
0.00671537 
0.00785783 
0.00897185 
0.0100769 
0.0111957 
0.0123504 
0.0135615 
0.0148466 
0.0162195 
0.0176911 
0.0192693 
0.0209593 
0.0227642 
0.0246846 
0.0267186 
0.0288617 
0.031106 
0.0334406 
0.0358506 
0.0383178 
0.0408199 
0.0433317 
0.0458249 
0.0482691 
0.0506324 
0.0528821 
0.0549855 
0.0569107 
0.0586271 
0.0601062 
0.0613223 
0.0622527 
0.0628794 
0.0631868 
0.0631643 
0.0628063 
0.0621106 
0.0610798 
0.0597206 
0.0580427 
0.0560589 
0.0537836 
0.0512334 
0.0484257 
0.0453798 
0.0421172 
0.0386638 
0.035052 
0.0313242 
0.0275353 
0.0237545 
0.0200634 
0.0165462 
0.0132699 
0.0102635 
0.00753371 
0.00507205 
0.00287851 
0.000906451 
-0.000906451 
-0.00043155 
0.00043155 
0.00164236 
0.00291167 
0.00405568 
0.00510558 
0.00606621 
0.00697679 
0.00786471 
0.00876236 
0.00969586 
0.010689 
0.0117595 
0.012921 
0.0141829 
0.0155519 
0.0170325 
0.0186274 
0.0203384 
0.0221654 
0.0241066 
0.0261581 
0.0283128 
0.0305607 
0.0328875 
0.0352756 
0.0377032 
0.0401451 
0.0425729 
0.0449561 
0.0472625 
0.0494592 
0.0515132 
0.0533923 
0.0550656 
0.0565045 
0.057683 
0.0585779 
0.0591714 
0.0594461 
0.0593919 
0.0590033 
0.0582792 
0.0572236 
0.0558447 
0.0541544 
0.0521674 
0.0499011 
0.0473743 
0.0446069 
0.0416203 
0.0384373 
0.0350847 
0.0315954 
0.0280122 
0.0243914 
0.0208048 
0.0173375 
0.0140734 
0.011071 
0.00835043 
0.0059224 
0.00380029 
0.00202476 
0.000588671 
-0.000588671 
-0.000394793 
0.000394793 
0.00153029 
0.00267038 
0.00363131 
0.0044836 
0.0052375 
0.00595346 
0.00666141 
0.00739991 
0.00819307 
0.00906245 
0.0100208 
0.0110773 
0.012237 
0.0135036 
0.0148794 
0.0163665 
0.0179663 
0.0196794 
0.0215051 
0.0234405 
0.0254802 
0.0276151 
0.0298325 
0.0321153 
0.0344425 
0.0367892 
0.0391274 
0.0414264 
0.0436541 
0.0457775 
0.0477636 
0.0495802 
0.0511961 
0.0525825 
0.0537132 
0.0545645 
0.055119 
0.0553581 
0.0552723 
0.0548563 
0.0541096 
0.0530369 
0.0516474 
0.0499539 
0.0479726 
0.0457222 
0.0432234 
0.040498 
0.0375691 
0.0344615 
0.0312036 
0.0278298 
0.0243852 
0.0209295 
0.0175389 
0.0143019 
0.011298 
0.00857133 
0.00613149 
0.00399887 
0.00223718 
0.000952226 
0.000187767 
-0.000187767 
-0.000330203 
0.000330203 
0.00132436 
0.00229225 
0.00305958 
0.00372692 
0.0043059 
0.00486714 
0.00543722 
0.00605532 
0.0067399 
0.00750851 
0.00836842 
0.00932512 
0.0103808 
0.0115374 
0.0127968 
0.014161 
0.0156321 
0.0172118 
0.0189007 
0.0206976 
0.0225986 
0.0245962 
0.026679 
0.0288313 
0.0310329 
0.0332597 
0.0354841 
0.037676 
0.0398035 
0.0418339 
0.0437344 
0.0454729 
0.0470184 
0.0483416 
0.0494162 
0.0502182 
0.0507299 
0.0509312 
0.0508133 
0.0503716 
0.0496064 
0.0485236 
0.0471329 
0.0454479 
0.043485 
0.0412634 
0.038804 
0.0361297 
0.0332646 
0.0302351 
0.0270715 
0.0238109 
0.0205025 
0.0172113 
0.0140194 
0.0110169 
0.0082726 
0.00580766 
0.00362436 
0.0017804 
0.00042871 
-0.000264814 
-0.000254167 
0.000254167 
-0.00026792 
0.00026792 
0.00109081 
0.00185752 
0.0024271 
0.00292194 
0.00334964 
0.00378399 
0.00424331 
0.00476385 
0.00535629 
0.00603376 
0.0067986 
0.00765387 
0.0085999 
0.00963825 
0.0107705 
0.0119992 
0.0133273 
0.0147575 
0.0162918 
0.0179306 
0.0196717 
0.0215094 
0.0234341 
0.0254316 
0.027483 
0.0295653 
0.031652 
0.0337137 
0.0357193 
0.0376367 
0.0394336 
0.0410782 
0.0425395 
0.0437883 
0.0447978 
0.0455436 
0.0460083 
0.0461704 
0.0460225 
0.0455603 
0.0447848 
0.0437026 
0.0423237 
0.0406616 
0.0387325 
0.0365549 
0.0341497 
0.0315391 
0.0287479 
0.0258034 
0.0227381 
0.019593 
0.0164228 
0.0132998 
0.010313 
0.00755007 
0.00505682 
0.00283005 
0.000891452 
-0.000603248 
-0.00143585 
-0.00145263 
-0.000654573 
0.000654573 
-0.000194285 
0.000194285 
0.000822477 
0.00137967 
0.00176395 
0.00210405 
0.00240289 
0.00273107 
0.00309742 
0.00353323 
0.00404122 
0.00463074 
0.00530019 
0.00605127 
0.00688323 
0.00779739 
0.00879528 
0.00987982 
0.0110544 
0.0123228 
0.0136882 
0.0151525 
0.0167153 
0.018373 
0.0201178 
0.0219375 
0.0238153 
0.0257298 
0.0276557 
0.0295651 
0.031428 
0.0332132 
0.0348894 
0.0364252 
0.03779 
0.0389542 
0.0398911 
0.0405759 
0.040991 
0.041113 
0.0409367 
0.0404585 
0.0396807 
0.0386104 
0.0372573 
0.0356342 
0.0337559 
0.0316395 
0.0293043 
0.0267719 
0.0240665 
0.0212162 
0.0182564 
0.0152326 
0.0122076 
0.0092632 
0.00649287 
0.00397327 
0.00172 
-0.000274148 
-0.00190322 
-0.00293522 
-0.00314333 
-0.00244088 
-0.000952743 
0.000952743 
-0.000122937 
0.000122937 
0.000550034 
0.000897561 
0.00111089 
0.00130926 
0.00149377 
0.00172668 
0.00200845 
0.00236415 
0.00278964 
0.00329118 
0.00386413 
0.00450932 
0.00522505 
0.00601227 
0.00687215 
0.00780759 
0.00882219 
0.00992027 
0.011106 
0.0123827 
0.0137517 
0.0152115 
0.016757 
0.0183782 
0.0200607 
0.0217852 
0.0235287 
0.0252647 
0.0269649 
0.0285994 
0.0301381 
0.0315502 
0.0328055 
0.0338744 
0.0347299 
0.0353477 
0.0357092 
0.0357919 
0.035592 
0.0351067 
0.0343391 
0.0332958 
0.0319855 
0.0304192 
0.0286096 
0.0265716 
0.0243226 
0.0218825 
0.0192751 
0.0165294 
0.0136841 
0.0107916 
0.00792493 
0.00517378 
0.00263702 
0.000370355 
-0.00163993 
-0.00335578 
-0.0045678 
-0.00501148 
-0.00452305 
-0.00314952 
-0.00114708 
0.00114708 
-4.93361e-05 
4.93361e-05 
0.000275217 
0.000422653 
0.000482156 
0.000550562 
0.000631544 
0.000774819 
0.000975644 
0.00125198 
0.00159502 
0.00200814 
0.00248454 
0.00302414 
0.00362411 
0.00428467 
0.00500622 
0.00579119 
0.0066429 
0.00756585 
0.00856483 
0.00964433 
0.0108075 
0.0120553 
0.013385 
0.0147897 
0.0162577 
0.0177726 
0.0193137 
0.0208571 
0.0223761 
0.0238428 
0.0252282 
0.0265026 
0.0276365 
0.0286001 
0.0293661 
0.0299112 
0.0302156 
0.0302597 
0.0300419 
0.0295606 
0.0288187 
0.0278204 
0.0265719 
0.0250812 
0.0233582 
0.0214153 
0.0192674 
0.0169327 
0.0144347 
0.011804 
0.00908482 
0.00633588 
0.0036452 
0.00111814 
-0.00115219 
-0.00315961 
-0.00490908 
-0.00625546 
-0.00692054 
-0.00668331 
-0.00551209 
-0.00360606 
-0.00126868 
0.00126868 
2.27564e-05 
-2.27564e-05 
1.00111e-05 
-2.86447e-05 
-0.000108118 
-0.000160404 
-0.000176504 
-0.000121502 
-1.31917e-06 
0.000194227 
0.000454126 
0.000778605 
0.00115955 
0.00159554 
0.00208237 
0.00261907 
0.00320486 
0.00384116 
0.0045306 
0.00527731 
0.00608636 
0.00696316 
0.00791259 
0.00893781 
0.0100391 
0.0112127 
0.0124502 
0.0137386 
0.01506 
0.0163935 
0.0177149 
0.0189981 
0.0202157 
0.0213394 
0.0223406 
0.0231894 
0.0238582 
0.0243238 
0.0245672 
0.0245771 
0.0243531 
0.0238928 
0.0231955 
0.0222616 
0.0210935 
0.0196957 
0.0180752 
0.0162413 
0.014207 
0.011989 
0.00961103 
0.00710588 
0.00452412 
0.00194129 
-0.000533625 
-0.00278916 
-0.00478552 
-0.00653662 
-0.00796052 
-0.00881481 
-0.00882983 
-0.00789992 
-0.0061515 
-0.00388184 
-0.00134272 
0.00134272 
0.000102189 
-0.000102189 
-0.000248652 
-0.000449365 
-0.000654116 
-0.000818072 
-0.000927418 
-0.000960866 
-0.000922719 
-0.000810382 
-0.000634325 
-0.000398111 
-0.00011016 
0.000225783 
0.00060382 
0.0010215 
0.0014765 
0.00196878 
0.00249979 
0.00307282 
0.00369276 
0.00436565 
0.00509778 
0.00589457 
0.00675917 
0.00769122 
0.00868602 
0.00973429 
0.0108221 
0.0119316 
0.0130414 
0.0141279 
0.0151655 
0.0161275 
0.016987 
0.0177147 
0.018283 
0.0186663 
0.0188508 
0.0188368 
0.0186218 
0.0181993 
0.0175632 
0.0167091 
0.0156356 
0.0143438 
0.0128376 
0.0111236 
0.00921279 
0.00712051 
0.00487065 
0.00250421 
8.52879e-05 
-0.00228583 
-0.00449654 
-0.00647113 
-0.00820411 
-0.00966195 
-0.0106584 
-0.0109152 
-0.0102475 
-0.0087012 
-0.00652975 
-0.00403905 
-0.00138613 
0.00138613 
0.00018632 
-0.00018632 
-0.000493672 
-0.00083323 
-0.00115355 
-0.00142227 
-0.00162342 
-0.00174507 
-0.00179023 
-0.0017616 
-0.00166894 
-0.00151915 
-0.00132098 
-0.00108108 
-0.000806314 
-0.000501312 
-0.000170096 
0.000185346 
0.000564715 
0.000970052 
0.0014057 
0.00187786 
0.00239393 
0.00296124 
0.00358567 
0.00427032 
0.00501468 
0.00581378 
0.00665786 
0.00753298 
0.00842089 
0.00930094 
0.0101494 
0.0109417 
0.011653 
0.0122566 
0.012728 
0.0130356 
0.0131748 
0.0131528 
0.0129608 
0.0125872 
0.0120216 
0.0112558 
0.0102851 
0.00910705 
0.00772251 
0.00613458 
0.00435344 
0.00239566 
0.000288784 
-0.00191383 
-0.00412618 
-0.00624209 
-0.00817195 
-0.00987398 
-0.0113306 
-0.0124224 
-0.0128938 
-0.0125053 
-0.0112039 
-0.00917534 
-0.00673047 
-0.00411714 
-0.00140869 
0.00140869 
0.000266286 
-0.000266286 
-0.000717428 
-0.00118097 
-0.00160829 
-0.00197542 
-0.00226584 
-0.00247396 
-0.00260188 
-0.00265594 
-0.00264542 
-0.0025796 
-0.00246795 
-0.00231914 
-0.00214132 
-0.00194156 
-0.00172583 
-0.00149844 
-0.00126158 
-0.00101476 
-0.000754719 
-0.000475607 
-0.000169629 
0.000172024 
0.000557836 
0.000994612 
0.00148613 
0.00203207 
0.00262718 
0.00326186 
0.00392158 
0.00458913 
0.00524323 
0.00586171 
0.0064223 
0.00690226 
0.00728507 
0.00753738 
0.00765529 
0.00763759 
0.00747497 
0.00715305 
0.00666017 
0.00598462 
0.00511888 
0.00405784 
0.00279872 
0.00134325 
-0.000301509 
-0.00211286 
-0.0040513 
-0.00604981 
-0.00801709 
-0.00985494 
-0.0115037 
-0.0129334 
-0.0140723 
-0.0147193 
-0.0146104 
-0.0136021 
-0.0117787 
-0.0094163 
-0.00681249 
-0.00414057 
-0.00141343 
0.00141343 
0.000339461 
-0.000339461 
-0.000917814 
-0.00149171 
-0.00201644 
-0.00247487 
-0.00285053 
-0.00314226 
-0.00335129 
-0.00348621 
-0.0035558 
-0.00357102 
-0.00354192 
-0.00347901 
-0.00339196 
-0.00329003 
-0.00318124 
-0.00307217 
-0.00296708 
-0.00286748 
-0.0027716 
-0.00267447 
-0.00256826 
-0.00244315 
-0.0022883 
-0.00209347 
-0.00185075 
-0.00155583 
-0.00120912 
-0.000815719 
-0.000385958 
6.64889e-05 
0.000523948 
0.000967396 
0.001378 
0.00173505 
0.00203071 
0.00223985 
0.00235761 
0.00235662 
0.00223118 
0.00196433 
0.00154563 
0.000961303 
0.000200766 
-0.000743699 
-0.00187601 
-0.00319295 
-0.00468507 
-0.00632379 
-0.00806013 
-0.00981792 
-0.0115108 
-0.0130623 
-0.0144335 
-0.0155741 
-0.0163414 
-0.0164907 
-0.0158085 
-0.0142695 
-0.0120639 
-0.00949667 
-0.00680719 
-0.00411936 
-0.00140267 
0.00140267 
0.000404339 
-0.000404339 
-0.00109332 
-0.00176412 
-0.00237555 
-0.00291691 
-0.00337183 
-0.00374251 
-0.0040292 
-0.0042419 
-0.00438878 
-0.00448187 
-0.00453163 
-0.00454997 
-0.0045478 
-0.00453627 
-0.00452536 
-0.00452392 
-0.00453855 
-0.00457308 
-0.00462771 
-0.00469887 
-0.00477912 
-0.00485784 
-0.00492233 
-0.0049593 
-0.00495681 
-0.00490585 
-0.00480186 
-0.00464517 
-0.00444144 
-0.00420049 
-0.00393546 
-0.00366195 
-0.00339488 
-0.00315393 
-0.00294325 
-0.00278585 
-0.00267483 
-0.00265787 
-0.00274196 
-0.00294925 
-0.00329005 
-0.00377979 
-0.0044298 
-0.00524934 
-0.00624292 
-0.00740522 
-0.00872177 
-0.0101569 
-0.0116546 
-0.0131399 
-0.0145417 
-0.0158075 
-0.0168986 
-0.0177202 
-0.0180734 
-0.0177198 
-0.0165313 
-0.0145883 
-0.0121353 
-0.00945792 
-0.00672985 
-0.00405595 
-0.00137786 
0.00137786 
0.000460284 
-0.000460284 
-0.00124276 
-0.00199591 
-0.00268163 
-0.00329561 
-0.00382166 
-0.00426472 
-0.00462398 
-0.00491027 
-0.00513099 
-0.0052987 
-0.00542397 
-0.00551957 
-0.00559725 
-0.00566954 
-0.00574797 
-0.00584342 
-0.00596474 
-0.00611827 
-0.00630665 
-0.00652834 
-0.00677718 
-0.00704269 
-0.0073109 
-0.00756591 
-0.00779185 
-0.00797491 
-0.00810514 
-0.00817752 
-0.00819235 
-0.00815461 
-0.00807305 
-0.00795946 
-0.00782568 
-0.0076881 
-0.0075522 
-0.00744318 
-0.0073529 
-0.00732689 
-0.00737552 
-0.00752436 
-0.00778615 
-0.00817804 
-0.00871211 
-0.0093978 
-0.0102379 
-0.0112241 
-0.0123361 
-0.0135331 
-0.0147587 
-0.0159494 
-0.0170547 
-0.0180361 
-0.0188344 
-0.0193081 
-0.0192362 
-0.0184264 
-0.0168411 
-0.0146281 
-0.0120355 
-0.00930855 
-0.00657932 
-0.00394758 
-0.0013381 
0.0013381 
0.000506884 
-0.000506884 
-0.00136502 
-0.0021847 
-0.00293044 
-0.00360466 
-0.0041914 
-0.00469811 
-0.005123 
-0.00547737 
-0.00576773 
-0.00600676 
-0.00620469 
-0.00637459 
-0.00652841 
-0.00667935 
-0.00683987 
-0.00702234 
-0.00723758 
-0.00749436 
-0.00779806 
-0.00814976 
-0.00854539 
-0.00897556 
-0.00942609 
-0.0098793 
-0.010316 
-0.0107178 
-0.0110692 
-0.0113596 
-0.0115836 
-0.0117409 
-0.0118357 
-0.0118754 
-0.0118691 
-0.0118301 
-0.0117651 
-0.0117006 
-0.0116303 
-0.0115985 
-0.0116151 
-0.0117072 
-0.0118893 
-0.0121795 
-0.0125899 
-0.0131287 
-0.0137958 
-0.0145795 
-0.015455 
-0.0163813 
-0.0173099 
-0.0181946 
-0.0190025 
-0.0196949 
-0.0201834 
-0.0202964 
-0.0198272 
-0.0186487 
-0.016793 
-0.0144295 
-0.0117752 
-0.00903309 
-0.00634355 
-0.00378696 
-0.00128067 
0.00128067 
0.000543863 
-0.000543863 
-0.00145917 
-0.00232829 
-0.00311818 
-0.00383826 
-0.00447307 
-0.00503266 
-0.0055144 
-0.00593001 
-0.00628497 
-0.00659178 
-0.00685992 
-0.00710208 
-0.00732972 
-0.00755584 
-0.00779304 
-0.00805432 
-0.00835189 
-0.00869664 
-0.00909666 
-0.00955612 
-0.0100738 
-0.0106427 
-0.0112494 
-0.0118758 
-0.0125003 
-0.0131006 
-0.013656 
-0.0141499 
-0.0145711 
-0.0149137 
-0.015177 
-0.0153643 
-0.0154814 
-0.0155388 
-0.0155439 
-0.0155233 
-0.0154711 
-0.0154332 
-0.0154179 
-0.0154523 
-0.0155515 
-0.0157332 
-0.0160083 
-0.0163828 
-0.0168537 
-0.0174066 
-0.0180159 
-0.0186464 
-0.0192626 
-0.0198364 
-0.0203444 
-0.0207374 
-0.0209031 
-0.0206663 
-0.0198603 
-0.0184206 
-0.0164158 
-0.0139956 
-0.0113348 
-0.00861216 
-0.00600409 
-0.00356461 
-0.0012019 
0.0012019 
0.000571156 
-0.000571156 
-0.00152492 
-0.0024257 
-0.00324274 
-0.00399289 
-0.0046615 
-0.00526152 
-0.00578978 
-0.00625846 
-0.00667208 
-0.00704264 
-0.00737853 
-0.00769146 
-0.00799166 
-0.00829107 
-0.00860139 
-0.00893536 
-0.00930566 
-0.00972461 
-0.0102027 
-0.0107474 
-0.0113609 
-0.0120394 
-0.0127721 
-0.0135417 
-0.0143255 
-0.0150984 
-0.0158352 
-0.0165137 
-0.0171165 
-0.0176322 
-0.0180547 
-0.0183831 
-0.0186202 
-0.018773 
-0.0188486 
-0.0188724 
-0.0188378 
-0.0187923 
-0.0187429 
-0.0187158 
-0.0187258 
-0.0187888 
-0.0189139 
-0.0191048 
-0.019356 
-0.0196529 
-0.0199734 
-0.0202922 
-0.0205887 
-0.0208484 
-0.0210491 
-0.0211302 
-0.0209706 
-0.020416 
-0.0193511 
-0.0177572 
-0.0157042 
-0.0132922 
-0.0106668 
-0.00801527 
-0.00553977 
-0.00326889 
-0.00109773 
0.00109773 
0.000588984 
-0.000588984 
-0.00156297 
-0.00247783 
-0.00330501 
-0.00406905 
-0.00475652 
-0.0053837 
-0.00594717 
-0.00645982 
-0.00692523 
-0.00735478 
-0.00775545 
-0.00813748 
-0.00850924 
-0.0088808 
-0.00926207 
-0.00966446 
-0.0101001 
-0.0105817 
-0.0111215 
-0.0117299 
-0.0124129 
-0.0131707 
-0.0139963 
-0.0148747 
-0.0157843 
-0.0166986 
-0.0175889 
-0.018428 
-0.0191926 
-0.0198652 
-0.0204347 
-0.0208952 
-0.0212463 
-0.0214915 
-0.0216368 
-0.0217046 
-0.0216877 
-0.021633 
-0.0215466 
-0.0214531 
-0.0213659 
-0.021299 
-0.0212594 
-0.0212488 
-0.0212612 
-0.0212845 
-0.0213031 
-0.0213033 
-0.0212773 
-0.0212181 
-0.021101 
-0.0208594 
-0.0203821 
-0.0195524 
-0.0183058 
-0.0166499 
-0.0146291 
-0.012276 
-0.00970647 
-0.00720715 
-0.00492779 
-0.00288808 
-0.000964447 
0.000964447 
0.000597993 
-0.000597993 
-0.00157551 
-0.00248832 
-0.00331004 
-0.00407292 
-0.00476517 
-0.00540667 
-0.00599417 
-0.00654139 
-0.0070511 
-0.00753396 
-0.00799534 
-0.00844369 
-0.00888512 
-0.00932722 
-0.00977744 
-0.0102449 
-0.0107401 
-0.0112751 
-0.0118628 
-0.0125156 
-0.0132431 
-0.0140502 
-0.0149343 
-0.0158847 
-0.0168824 
-0.0179014 
-0.0189116 
-0.0198818 
-0.0207832 
-0.0215924 
-0.0222923 
-0.0228725 
-0.0233283 
-0.0236598 
-0.0238713 
-0.0239801 
-0.0239806 
-0.0239147 
-0.0237883 
-0.0236233 
-0.0234318 
-0.0232254 
-0.0230098 
-0.0227856 
-0.0225483 
-0.0222901 
-0.0220036 
-0.0216854 
-0.0213363 
-0.0209519 
-0.0205055 
-0.0199346 
-0.0191521 
-0.0180858 
-0.0167154 
-0.0150606 
-0.0131328 
-0.0108908 
-0.00841882 
-0.00616101 
-0.0041553 
-0.00241444 
-0.000800105 
0.000800105 
0.000599291 
-0.000599291 
-0.00156639 
-0.00246401 
-0.00326783 
-0.00401756 
-0.00470317 
-0.00534834 
-0.00595015 
-0.00652331 
-0.00706975 
-0.00759939 
-0.00811586 
-0.00862576 
-0.00913273 
-0.00964178 
-0.0101574 
-0.0106861 
-0.0112355 
-0.0118162 
-0.0124403 
-0.0131212 
-0.0138711 
-0.0146992 
-0.0156082 
-0.0165927 
-0.0176382 
-0.0187214 
-0.0198127 
-0.0208788 
-0.0218866 
-0.0228069 
-0.0236167 
-0.0242998 
-0.0248472 
-0.0252552 
-0.025526 
-0.0256707 
-0.0256859 
-0.0256062 
-0.025437 
-0.025197 
-0.0248967 
-0.0245458 
-0.0241491 
-0.0237076 
-0.0232197 
-0.0226827 
-0.0220966 
-0.0214655 
-0.0207943 
-0.0200792 
-0.0192951 
-0.0183923 
-0.0173152 
-0.0160337 
-0.0145608 
-0.0129215 
-0.0111058 
-0.00901959 
-0.00677282 
-0.0048625 
-0.00321891 
-0.0018468 
-0.000605075 
0.000605075 
0.000594506 
-0.000594506 
-0.00154122 
-0.002415 
-0.0031935 
-0.00392302 
-0.00459528 
-0.0052374 
-0.00584688 
-0.00643925 
-0.00701558 
-0.00758494 
-0.00814926 
-0.00871333 
-0.00927855 
-0.00984746 
-0.0104219 
-0.0110052 
-0.0116024 
-0.012221 
-0.0128716 
-0.0135669 
-0.0143206 
-0.015145 
-0.0160479 
-0.0170299 
-0.0180823 
-0.0191868 
-0.0203164 
-0.0214381 
-0.0225164 
-0.0235173 
-0.0244116 
-0.0251772 
-0.0257998 
-0.0262711 
-0.026591 
-0.0267645 
-0.0267896 
-0.0266931 
-0.0264793 
-0.0261634 
-0.0257541 
-0.0252597 
-0.0246848 
-0.0240319 
-0.0233022 
-0.0224982 
-0.0216253 
-0.0206913 
-0.019703 
-0.0186569 
-0.0175337 
-0.0163022 
-0.0149386 
-0.0134461 
-0.0118611 
-0.010211 
-0.00849461 
-0.00658228 
-0.0047729 
-0.00331774 
-0.00213139 
-0.00119317 
-0.000382754 
0.000382754 
0.000585564 
-0.000585564 
-0.00150697 
-0.00235407 
-0.0031063 
-0.00381515 
-0.00447359 
-0.00511143 
-0.00572632 
-0.00633422 
-0.00693521 
-0.00753736 
-0.00814101 
-0.00874934 
-0.00936193 
-0.00997942 
-0.0106014 
-0.0112289 
-0.011864 
-0.0125113 
-0.0131785 
-0.0138764 
-0.0146184 
-0.0154184 
-0.0162884 
-0.0172347 
-0.0182553 
-0.0193382 
-0.0204614 
-0.0215947 
-0.0227026 
-0.0237482 
-0.0246973 
-0.0255213 
-0.0261998 
-0.0267194 
-0.0270764 
-0.0272699 
-0.0272992 
-0.0271829 
-0.0269241 
-0.0265343 
-0.0260208 
-0.0253905 
-0.0246483 
-0.0237983 
-0.0228445 
-0.021793 
-0.0206521 
-0.0194315 
-0.0181379 
-0.01677 
-0.0153181 
-0.0137711 
-0.0121336 
-0.0104331 
-0.00871967 
-0.00702672 
-0.00539014 
-0.0037075 
-0.00252208 
-0.00159135 
-0.000934567 
-0.000477823 
-0.000141134 
0.000141134 
0.000574684 
-0.000574684 
-0.0014716 
-0.00229575 
-0.00302793 
-0.00372291 
-0.00437403 
-0.00501249 
-0.00563558 
-0.00625905 
-0.0068818 
-0.00751073 
-0.0081447 
-0.00878562 
-0.00943179 
-0.0100827 
-0.0107366 
-0.0113929 
-0.0120516 
-0.0127147 
-0.0133867 
-0.0140757 
-0.0147929 
-0.015552 
-0.0163673 
-0.0172497 
-0.0182039 
-0.0192252 
-0.0202982 
-0.0213978 
-0.0224911 
-0.0235412 
-0.0245104 
-0.0253648 
-0.0260774 
-0.0266285 
-0.0270098 
-0.0272145 
-0.0272424 
-0.0271044 
-0.0268025 
-0.0263445 
-0.0257362 
-0.0249835 
-0.0240917 
-0.023066 
-0.0219125 
-0.0206393 
-0.019256 
-0.0177723 
-0.0161956 
-0.0145287 
-0.0127736 
-0.0109397 
-0.00905546 
-0.0071659 
-0.0053326 
-0.00359934 
-0.00201794 
-0.000746121 
-0.000178009 
0.000198598 
0.000311311 
0.000262365 
0.000106902 
-0.000106902 
0.000563194 
-0.000563194 
-0.00144323 
-0.00225448 
-0.00297978 
-0.00367439 
-0.00433109 
-0.00498065 
-0.00561945 
-0.0062622 
-0.00690646 
-0.00755775 
-0.00821371 
-0.0088752 
-0.00953986 
-0.0102067 
-0.0108736 
-0.0115393 
-0.0122029 
-0.0128647 
-0.0135266 
-0.0141935 
-0.0148736 
-0.0155784 
-0.0163221 
-0.0171186 
-0.0179779 
-0.0189026 
-0.0198852 
-0.0209074 
-0.0219414 
-0.0229527 
-0.0239034 
-0.0247561 
-0.025478 
-0.0260425 
-0.0264354 
-0.0266433 
-0.0266653 
-0.0265055 
-0.0261645 
-0.0256471 
-0.0249576 
-0.0241009 
-0.0230824 
-0.0219078 
-0.0205845 
-0.0191211 
-0.0175274 
-0.0158133 
-0.0139876 
-0.0120593 
-0.0100438 
-0.00796957 
-0.00588662 
-0.00385679 
-0.00194303 
-0.000192197 
0.00123532 
0.00200613 
0.00209671 
0.00194418 
0.00154015 
0.000990055 
0.000348536 
-0.000348536 
0.000555545 
-0.000555545 
-0.00143036 
-0.00224379 
-0.0029803 
-0.00369279 
-0.00437223 
-0.00504715 
-0.00571245 
-0.00638097 
-0.00704888 
-0.00772017 
-0.0083915 
-0.00906292 
-0.00973182 
-0.0103972 
-0.0110573 
-0.0117114 
-0.0123584 
-0.0129983 
-0.0136315 
-0.0142606 
-0.0148903 
-0.015529 
-0.0161884 
-0.0168827 
-0.0176254 
-0.0184255 
-0.0192836 
-0.0201893 
-0.0211218 
-0.0220514 
-0.0229426 
-0.0237574 
-0.0244595 
-0.0250163 
-0.0254068 
-0.0256106 
-0.025624 
-0.025445 
-0.0250721 
-0.0245074 
-0.0237538 
-0.0228152 
-0.0216966 
-0.020404 
-0.0189448 
-0.0173278 
-0.0155627 
-0.0136598 
-0.0116311 
-0.0094933 
-0.00727555 
-0.00502488 
-0.00280937 
-0.000684942 
0.00126889 
0.0029488 
0.00409121 
0.00446176 
0.00416315 
0.00355112 
0.00268099 
0.00166692 
0.000572579 
-0.000572579 
0.000556646 
-0.000556646 
-0.00143949 
-0.00227413 
-0.00304239 
-0.00379282 
-0.00451355 
-0.00522922 
-0.00593297 
-0.00663506 
-0.00733039 
-0.00802136 
-0.00870387 
-0.00937732 
-0.0100391 
-0.0106883 
-0.0113241 
-0.0119465 
-0.0125554 
-0.0131515 
-0.0137352 
-0.0143078 
-0.0148719 
-0.0154325 
-0.0159975 
-0.0165789 
-0.0171905 
-0.0178455 
-0.0185521 
-0.0193088 
-0.0201029 
-0.0209114 
-0.0217032 
-0.0224428 
-0.0230933 
-0.0236184 
-0.0239907 
-0.0241823 
-0.0241847 
-0.0239898 
-0.0235941 
-0.0229966 
-0.0221986 
-0.0212028 
-0.0200135 
-0.0186364 
-0.0170788 
-0.0153491 
-0.0134573 
-0.0114152 
-0.00923919 
-0.00695414 
-0.00460352 
-0.00224747 
5.00977e-05 
0.00222945 
0.00415317 
0.0056581 
0.00649282 
0.00654611 
0.00592541 
0.00493686 
0.00367438 
0.00225975 
0.00076898 
-0.00076898 
0.000567522 
-0.000567522 
-0.00147614 
-0.0023517 
-0.0031718 
-0.00397904 
-0.00475802 
-0.00552843 
-0.0062816 
-0.00702491 
-0.00775214 
-0.00846414 
-0.00915621 
-0.00982715 
-0.0104743 
-0.0110972 
-0.0116954 
-0.01227 
-0.0128224 
-0.0133543 
-0.0138676 
-0.014364 
-0.0148452 
-0.0153141 
-0.0157753 
-0.0162366 
-0.0167093 
-0.0172075 
-0.0177441 
-0.0183266 
-0.0189523 
-0.0196062 
-0.0202633 
-0.0208917 
-0.0214566 
-0.0219213 
-0.022255 
-0.0224241 
-0.0224128 
-0.022207 
-0.0217992 
-0.0211853 
-0.0203645 
-0.019338 
-0.0181093 
-0.0166834 
-0.0150671 
-0.013269 
-0.0112996 
-0.00917313 
-0.00691095 
-0.00454618 
-0.00213396 
0.000274028 
0.00261311 
0.00477776 
0.00658893 
0.00787395 
0.00843111 
0.00822262 
0.00734525 
0.00606143 
0.00448722 
0.00274806 
0.000931215 
-0.000931215 
0.000586135 
-0.000586135 
-0.00154562 
-0.00247834 
-0.00336802 
-0.0042468 
-0.00509734 
-0.00593328 
-0.00674465 
-0.00753569 
-0.00829933 
-0.00903485 
-0.00973706 
-0.0104041 
-0.0110332 
-0.011624 
-0.0121765 
-0.0126925 
-0.0131746 
-0.0136263 
-0.014051 
-0.014452 
-0.0148323 
-0.0151942 
-0.0155406 
-0.0158758 
-0.0162067 
-0.0165444 
-0.0169025 
-0.0172945 
-0.017728 
-0.0181996 
-0.0186927 
-0.0191805 
-0.0196309 
-0.0200089 
-0.0202823 
-0.0204142 
-0.0203824 
-0.0201674 
-0.0197567 
-0.0191423 
-0.0183205 
-0.0172904 
-0.0160542 
-0.0146159 
-0.012982 
-0.0111611 
-0.00916517 
-0.00701094 
-0.00472425 
-0.00234723 
7.15432e-05 
0.00248857 
0.00480481 
0.00688016 
0.00853074 
0.00958915 
0.00990829 
0.00948375 
0.00841423 
0.00691102 
0.00510607 
0.00312262 
0.00105616 
-0.00105616 
0.000611435 
-0.000611435 
-0.0016437 
-0.00265015 
-0.00362312 
-0.00458442 
-0.00551572 
-0.00642493 
-0.00730098 
-0.00814516 
-0.00894958 
-0.00971196 
-0.0104266 
-0.0110907 
-0.0117013 
-0.0122578 
-0.0127605 
-0.0132117 
-0.0136149 
-0.0139749 
-0.0142971 
-0.0145868 
-0.014849 
-0.0150877 
-0.0153062 
-0.0155072 
-0.0156944 
-0.0158741 
-0.0160562 
-0.0162542 
-0.0164824 
-0.0167496 
-0.0170527 
-0.0173738 
-0.017684 
-0.0179495 
-0.0181392 
-0.0182185 
-0.0181589 
-0.0179354 
-0.0175303 
-0.0169306 
-0.016129 
-0.0151219 
-0.0139095 
-0.0124949 
-0.0108841 
-0.00908583 
-0.00711355 
-0.00498612 
-0.00273491 
-0.000399258 
0.00198539 
0.00435292 
0.00657865 
0.00851341 
0.009979 
0.0108236 
0.0109442 
0.0103509 
0.0091459 
0.00749291 
0.00553307 
0.00338364 
0.00114377 
-0.00114377 
0.000643706 
-0.000643706 
-0.00176116 
-0.00286032 
-0.00392741 
-0.0049778 
-0.00599595 
-0.00698388 
-0.00792974 
-0.00883199 
-0.00968182 
-0.0104752 
-0.0112057 
-0.0118695 
-0.012463 
-0.0129851 
-0.0134363 
-0.0138192 
-0.0141381 
-0.014399 
-0.0146088 
-0.0147749 
-0.0149046 
-0.0150045 
-0.0150799 
-0.0151348 
-0.0151724 
-0.0151957 
-0.0152096 
-0.0152226 
-0.0152477 
-0.0153002 
-0.0153919 
-0.0155224 
-0.0156737 
-0.0158135 
-0.0159067 
-0.0159171 
-0.0158171 
-0.0155808 
-0.0151848 
-0.014611 
-0.0138475 
-0.0128872 
-0.0117278 
-0.0103709 
-0.00882147 
-0.00708862 
-0.00518666 
-0.00313637 
-0.000970575 
0.00128684 
0.00358836 
0.0058458 
0.00793064 
0.00969168 
0.0109644 
0.0116164 
0.0115761 
0.0108589 
0.00956817 
0.00782806 
0.00578183 
0.00353845 
0.00119637 
-0.00119637 
0.00068238 
-0.00068238 
-0.00189412 
-0.00309921 
-0.00426778 
-0.00541374 
-0.00652318 
-0.00759477 
-0.00861556 
-0.00958131 
-0.010482 
-0.0113117 
-0.0120626 
-0.0127297 
-0.0133084 
-0.013797 
-0.0141959 
-0.0145079 
-0.0147382 
-0.014894 
-0.0149838 
-0.0150169 
-0.0150029 
-0.0149507 
-0.0148685 
-0.0147629 
-0.0146391 
-0.0145009 
-0.0143512 
-0.0141937 
-0.0140347 
-0.0138851 
-0.0137608 
-0.0136768 
-0.0136374 
-0.0136257 
-0.0136059 
-0.0135415 
-0.0134008 
-0.0131531 
-0.012772 
-0.0122347 
-0.0115251 
-0.0106326 
-0.0095521 
-0.00828308 
-0.00682955 
-0.00520015 
-0.00340919 
-0.001479 
0.000568931 
0.00270905 
0.00487625 
0.00697754 
0.00888572 
0.0104548 
0.0115377 
0.012021 
0.0118542 
0.0110535 
0.00971899 
0.00794702 
0.00587385 
0.00359941 
0.00121799 
-0.00121799 
0.000725408 
-0.000725408 
-0.00204065 
-0.00335393 
-0.00463331 
-0.00588192 
-0.0070871 
-0.00824827 
-0.00934992 
-0.0103859 
-0.0113442 
-0.0122168 
-0.0129942 
-0.0136692 
-0.0142363 
-0.0146927 
-0.0150384 
-0.0152767 
-0.0154138 
-0.0154583 
-0.0154205 
-0.015312 
-0.0151444 
-0.0149291 
-0.0146767 
-0.0143965 
-0.0140965 
-0.0137834 
-0.0134622 
-0.0131366 
-0.0128096 
-0.0124846 
-0.0121691 
-0.0118773 
-0.0116296 
-0.0114416 
-0.0113041 
-0.0111621 
-0.0109688 
-0.0107068 
-0.0103429 
-0.00984896 
-0.00920498 
-0.00839684 
-0.00741639 
-0.00626059 
-0.00493174 
-0.0034372 
-0.00179112 
-9.13693e-06 
0.00189359 
0.00387559 
0.00586831 
0.00777992 
0.00948867 
0.010859 
0.0117618 
0.0121004 
0.0118371 
0.0109885 
0.00964257 
0.00788683 
0.00583513 
0.0035817 
0.00121369 
-0.00121369 
0.000771831 
-0.000771831 
-0.00219653 
-0.00362095 
-0.0050158 
-0.00637515 
-0.00768335 
-0.00893963 
-0.0101298 
-0.0112438 
-0.0122683 
-0.0131921 
-0.0140034 
-0.0146927 
-0.0152524 
-0.0156784 
-0.0159703 
-0.0161316 
-0.0161698 
-0.0160954 
-0.0159212 
-0.0156613 
-0.0153301 
-0.0149414 
-0.0145081 
-0.0140415 
-0.0135523 
-0.01305 
-0.0125433 
-0.0120398 
-0.0115454 
-0.0110636 
-0.0105957 
-0.0101425 
-0.0097085 
-0.00930998 
-0.00897144 
-0.00871629 
-0.00850017 
-0.00824949 
-0.00791984 
-0.00748273 
-0.00691705 
-0.00620795 
-0.00534474 
-0.00432218 
-0.00314052 
-0.00180499 
-0.000325104 
0.00129171 
0.00301802 
0.00480879 
0.00659839 
0.00829836 
0.0097961 
0.0109691 
0.0117049 
0.0119213 
0.0115877 
0.0107206 
0.00939111 
0.00768641 
0.00569435 
0.00350182 
0.00118905 
-0.00118905 
0.000820957 
-0.000820957 
-0.00235926 
-0.00389896 
-0.00541022 
-0.00688666 
-0.0083071 
-0.00966681 
-0.0109533 
-0.0121552 
-0.0132558 
-0.0142411 
-0.0150958 
-0.0158074 
-0.0163655 
-0.0167641 
-0.0170018 
-0.0170827 
-0.0170156 
-0.0168134 
-0.0164922 
-0.0160695 
-0.015563 
-0.0149895 
-0.0143641 
-0.0137004 
-0.0130107 
-0.0123065 
-0.0115996 
-0.0109013 
-0.0102228 
-0.009573 
-0.0089575 
-0.00837628 
-0.00782217 
-0.00728855 
-0.00678416 
-0.00636886 
-0.00608739 
-0.00582741 
-0.00553388 
-0.00515879 
-0.00468142 
-0.00408315 
-0.00335103 
-0.00247682 
-0.00145749 
-0.000294091 
0.00101002 
0.00243904 
0.00396341 
0.00554048 
0.00710856 
0.00858533 
0.00986924 
0.0108517 
0.0114352 
0.0115494 
0.0111676 
0.0103044 
0.00901569 
0.00738235 
0.00547817 
0.00337558 
0.00114934 
-0.00114934 
0.00087168 
-0.00087168 
-0.00252629 
-0.00418377 
-0.00581525 
-0.00741125 
-0.00895145 
-0.0104253 
-0.011818 
-0.0131178 
-0.0143063 
-0.015365 
-0.0162748 
-0.0170187 
-0.017583 
-0.0179587 
-0.0181433 
-0.0181409 
-0.0179618 
-0.0176223 
-0.0171422 
-0.0165436 
-0.0158484 
-0.0150772 
-0.0142479 
-0.0133759 
-0.0124749 
-0.0115582 
-0.0106397 
-0.0097345 
-0.00885917 
-0.00802991 
-0.00726229 
-0.00656969 
-0.00595741 
-0.00541847 
-0.00492584 
-0.00444024 
-0.00395115 
-0.00355306 
-0.00322792 
-0.00289887 
-0.00251057 
-0.002031 
-0.00143896 
-0.000721452 
0.000128922 
0.00111387 
0.00222601 
0.00344891 
0.00475539 
0.00610571 
0.00744347 
0.00869417 
0.00976805 
0.0105702 
0.0110163 
0.0110454 
0.0106329 
0.00978921 
0.008559 
0.007009 
0.00521019 
0.00321802 
0.00109926 
-0.00109926 
0.000922763 
-0.000922763 
-0.00269399 
-0.00447028 
-0.00622361 
-0.00794297 
-0.00960757 
-0.011205 
-0.0127158 
-0.0141252 
-0.0154136 
-0.0165589 
-0.017537 
-0.0183254 
-0.0189056 
-0.0192651 
-0.0193993 
-0.019312 
-0.0190155 
-0.0185293 
-0.0178782 
-0.0170897 
-0.0161916 
-0.0152089 
-0.0141632 
-0.0130714 
-0.0119483 
-0.0108075 
-0.00966486 
-0.00853844 
-0.00744932 
-0.00641916 
-0.00547086 
-0.00462679 
-0.00390115 
-0.00329448 
-0.00278711 
-0.00232932 
-0.00186086 
-0.00141969 
-0.00105207 
-0.000736804 
-0.000420279 
-5.31487e-05 
0.00039783 
0.000954971 
0.00162917 
0.00242317 
0.00333092 
0.00433778 
0.00541892 
0.00653823 
0.00764521 
0.008674 
0.0095465 
0.0101806 
0.0105035 
0.0104615 
0.0100312 
0.00921786 
0.00805679 
0.0065991 
0.00491211 
0.00304137 
0.00104308 
-0.00104308 
0.000972461 
-0.000972461 
-0.0028574 
-0.0047505 
-0.00662508 
-0.00846935 
-0.0102625 
-0.0119898 
-0.0136298 
-0.0151615 
-0.0165622 
-0.0178073 
-0.0188673 
-0.0197134 
-0.0203209 
-0.0206728 
-0.0207616 
-0.0205905 
-0.0201734 
-0.0195334 
-0.0187008 
-0.0177098 
-0.0165951 
-0.0153881 
-0.0141144 
-0.0127933 
-0.0114392 
-0.0100656 
-0.00868872 
-0.00732919 
-0.00601249 
-0.00476514 
-0.00361791 
-0.00260377 
-0.00174429 
-0.00104767 
-0.000503412 
-8.65955e-05 
0.000242886 
0.000579715 
0.000928192 
0.00123996 
0.00151983 
0.00180397 
0.00213089 
0.0025329 
0.00302931 
0.00362879 
0.00432901 
0.00511821 
0.00597473 
0.00686654 
0.00774936 
0.00856595 
0.00924928 
0.00972886 
0.00994167 
0.00984001 
0.00940081 
0.00862429 
0.00753678 
0.0061771 
0.00460226 
0.00285561 
0.000984104 
-0.000984104 
0.00101846 
-0.00101846 
-0.00300965 
-0.00501326 
-0.00700432 
-0.00897144 
-0.0108938 
-0.0127552 
-0.0145314 
-0.0161972 
-0.017722 
-0.0190776 
-0.0202317 
-0.0211477 
-0.0217939 
-0.022148 
-0.0221991 
-0.0219491 
-0.021413 
-0.0206173 
-0.0195978 
-0.018396 
-0.0170548 
-0.0156135 
-0.0141039 
-0.0125476 
-0.0109587 
-0.00934866 
-0.00773316 
-0.00613473 
-0.00458305 
-0.00310898 
-0.00175349 
-0.000563934 
0.000429603 
0.00121246 
0.00179436 
0.00219734 
0.00246992 
0.00267672 
0.00287843 
0.00308747 
0.00328971 
0.00349011 
0.00370792 
0.00397097 
0.00430221 
0.00471621 
0.00521626 
0.00579523 
0.00643585 
0.0071108 
0.00778207 
0.00840075 
0.00890986 
0.00924923 
0.00936434 
0.00921233 
0.00877024 
0.00803362 
0.00702046 
0.00575976 
0.00429592 
0.00267066 
0.000923623 
-0.000923623 
0.00105777 
-0.00105777 
-0.00314179 
-0.00524364 
-0.00734048 
-0.00942256 
-0.0114693 
-0.0134633 
-0.0153775 
-0.0171821 
-0.0188408 
-0.0203143 
-0.0215686 
-0.0225628 
-0.0232569 
-0.0236225 
-0.0236456 
-0.0233265 
-0.0226805 
-0.0217364 
-0.0205345 
-0.0191232 
-0.0175542 
-0.0158764 
-0.0141295 
-0.0123395 
-0.0105202 
-0.00867954 
-0.00683109 
-0.00499902 
-0.00321648 
-0.00151831 
3.99803e-05 
0.00139767 
0.00253045 
0.00342381 
0.00407524 
0.00449769 
0.00472134 
0.00480842 
0.0048392 
0.00486818 
0.00491807 
0.00499113 
0.00508894 
0.00522242 
0.0054064 
0.00565456 
0.00597331 
0.00636012 
0.00680263 
0.00727887 
0.0077572 
0.00819657 
0.00854912 
0.00876372 
0.0087933 
0.00859911 
0.00815834 
0.00746238 
0.00652214 
0.00535734 
0.00400297 
0.00249233 
0.000863789 
-0.000863789 
0.00108674 
-0.00108674 
-0.00324254 
-0.00542257 
-0.00760637 
-0.00978708 
-0.0119447 
-0.0140609 
-0.0161058 
-0.0180448 
-0.0198349 
-0.0214306 
-0.0227817 
-0.0238543 
-0.0245991 
-0.0249828 
-0.0249886 
-0.0246155 
-0.0238785 
-0.0228069 
-0.0214432 
-0.0198404 
-0.0180578 
-0.0161546 
-0.0141812 
-0.0121706 
-0.0101373 
-0.00808551 
-0.00602482 
-0.00398146 
-0.00199045 
-9.3741e-05 
0.00163699 
0.00315418 
0.00443689 
0.0054583 
0.00620575 
0.00667804 
0.00689833 
0.00691333 
0.00680211 
0.00663494 
0.0064749 
0.00635518 
0.00628619 
0.0062704 
0.00630981 
0.00640862 
0.0065693 
0.0067896 
0.00706014 
0.00736346 
0.00767381 
0.00795731 
0.00817424 
0.00828149 
0.00823854 
0.00801039 
0.00757463 
0.0069192 
0.00604921 
0.00497588 
0.00372683 
0.00232471 
0.000808363 
-0.000808363 
0.0011011 
-0.0011011 
-0.0032986 
-0.00552713 
-0.00776871 
-0.0100205 
-0.0122632 
-0.0144784 
-0.0166331 
-0.0186879 
-0.0205927 
-0.0222948 
-0.023737 
-0.0248735 
-0.0256634 
-0.0260657 
-0.0260642 
-0.0256573 
-0.0248594 
-0.0236984 
-0.0222149 
-0.0204621 
-0.0185037 
-0.0164077 
-0.0142367 
-0.0120349 
-0.00982076 
-0.00759471 
-0.00536169 
-0.00315046 
-0.00099581 
0.00104807 
0.00291671 
0.00458058 
0.00600761 
0.00716543 
0.00803162 
0.00859102 
0.00885215 
0.00883758 
0.00863129 
0.00830292 
0.0079365 
0.00759583 
0.00731879 
0.00711997 
0.00699926 
0.00695204 
0.00697215 
0.00705206 
0.0071809 
0.00734275 
0.00751581 
0.00767193 
0.00777823 
0.00779853 
0.00769819 
0.00744573 
0.00701954 
0.00640499 
0.00560262 
0.00461626 
0.00346723 
0.00216883 
0.000757655 
-0.000757655 
0.00109613 
-0.00109613 
-0.0032951 
-0.00553146 
-0.00778933 
-0.0100707 
-0.0123573 
-0.014631 
-0.0168561 
-0.0189895 
-0.0209756 
-0.0227526 
-0.0242637 
-0.0254363 
-0.0262534 
-0.0266675 
-0.0266659 
-0.0262492 
-0.0254311 
-0.0242361 
-0.0226986 
-0.0208661 
-0.0187997 
-0.016572 
-0.0142577 
-0.0119156 
-0.00957357 
-0.00723063 
-0.00488694 
-0.00257322 
-0.000325409 
0.00179964 
0.00375935 
0.00552801 
0.00706948 
0.00835014 
0.00934043 
0.0100116 
0.0103619 
0.0103828 
0.0101514 
0.00972844 
0.00920521 
0.0086656 
0.00817526 
0.00777376 
0.00747429 
0.0072737 
0.00716024 
0.00711916 
0.00713415 
0.00718688 
0.00725621 
0.00731709 
0.00734153 
0.00729879 
0.00715925 
0.00689474 
0.00648485 
0.00591329 
0.00517716 
0.00427428 
0.00322047 
0.00202126 
0.000709575 
-0.000709575 
0.00106703 
-0.00106703 
-0.00321673 
-0.00540852 
-0.00762792 
-0.00988229 
-0.012154 
-0.0144264 
-0.0166621 
-0.0188154 
-0.0208264 
-0.0226275 
-0.0241548 
-0.0253407 
-0.0261536 
-0.0265675 
-0.0265696 
-0.0261689 
-0.0253788 
-0.0242194 
-0.0227152 
-0.0209008 
-0.0188265 
-0.0165613 
-0.0141879 
-0.011782 
-0.00938746 
-0.0070063 
-0.00463484 
-0.00230424 
-5.25134e-05 
0.00207588 
0.00405852 
0.00587054 
0.00747976 
0.00885275 
0.00995539 
0.0107477 
0.0112189 
0.0113264 
0.0111384 
0.0107005 
0.0101002 
0.00942897 
0.00876976 
0.00818618 
0.00771283 
0.00735944 
0.00711758 
0.00696938 
0.00689318 
0.00686597 
0.00686417 
0.00686286 
0.00683631 
0.00675725 
0.00659984 
0.00633872 
0.0059549 
0.00543124 
0.00476241 
0.00394169 
0.00298019 
0.00187741 
0.000662271 
-0.000662271 
0.00100932 
-0.00100932 
-0.00304907 
-0.00513267 
-0.00724582 
-0.00940135 
-0.0115823 
-0.0137744 
-0.0159403 
-0.0180341 
-0.0199942 
-0.0217517 
-0.0232378 
-0.0243984 
-0.0251699 
-0.0255657 
-0.0255727 
-0.0252131 
-0.0245017 
-0.0234549 
-0.0220842 
-0.0204061 
-0.0184511 
-0.016274 
-0.0139566 
-0.0115904 
-0.00924129 
-0.00692074 
-0.00462288 
-0.00237781 
-0.000221464 
0.00182003 
0.00374062 
0.00552117 
0.00713463 
0.0085505 
0.00973206 
0.0106315 
0.0112322 
0.0114634 
0.0113776 
0.0110033 
0.0104155 
0.00970418 
0.00895786 
0.00825533 
0.00765046 
0.00717063 
0.00681884 
0.0065813 
0.00643523 
0.00635409 
0.00631093 
0.00627885 
0.00623203 
0.00614459 
0.00599283 
0.00575343 
0.00540862 
0.00494103 
0.00434374 
0.00360691 
0.0027378 
0.00173164 
0.000613674 
-0.000613674 
0.000919344 
-0.000919344 
-0.00278026 
-0.00468264 
-0.00661092 
-0.00858326 
-0.0105832 
-0.0126005 
-0.0146 
-0.0165399 
-0.0183608 
-0.0199985 
-0.0213813 
-0.022468 
-0.023162 
-0.0235205 
-0.0235331 
-0.0232381 
-0.0226542 
-0.021795 
-0.0206591 
-0.0192424 
-0.0175486 
-0.0156074 
-0.0134875 
-0.0112887 
-0.00910286 
-0.00695838 
-0.00484927 
-0.00280282 
-0.000846111 
0.00101146 
0.00277572 
0.00444082 
0.00598399 
0.00738045 
0.00859273 
0.00956924 
0.0102851 
0.010652 
0.0107008 
0.0104491 
0.00995435 
0.00929886 
0.00856591 
0.00783821 
0.00718014 
0.00663367 
0.00621569 
0.00592208 
0.00573458 
0.00562711 
0.00557111 
0.00553771 
0.00549987 
0.00543156 
0.00530981 
0.00511235 
0.00482217 
0.00442202 
0.00390391 
0.00325623 
0.00248322 
0.00157765 
0.000561616 
-0.000561616 
0.000794616 
-0.000794616 
-0.00240245 
-0.00404448 
-0.00570231 
-0.00739927 
-0.00911901 
-0.0108578 
-0.0125852 
-0.0142683 
-0.0158554 
-0.0172919 
-0.0185076 
-0.0194621 
-0.0200658 
-0.0203704 
-0.0203943 
-0.0201871 
-0.0197751 
-0.01917 
-0.0183596 
-0.0173201 
-0.016027 
-0.0144766 
-0.0127109 
-0.0108245 
-0.00893397 
-0.00709194 
-0.00529472 
-0.00356415 
-0.00191331 
-0.000339833 
0.00117016 
0.00262858 
0.00401819 
0.00532128 
0.00650257 
0.00751151 
0.00830993 
0.00880974 
0.00900461 
0.00891265 
0.00857179 
0.00805574 
0.00743533 
0.00678733 
0.006176 
0.00564972 
0.00523585 
0.00494091 
0.00475498 
0.00465674 
0.00461951 
0.00461444 
0.00461388 
0.00459135 
0.0045238 
0.00438938 
0.00417132 
0.00385267 
0.00342462 
0.00287501 
0.00220571 
0.00140876 
0.000503834 
-0.000503834 
0.000633943 
-0.000633943 
-0.00191264 
-0.00321366 
-0.00451381 
-0.00584193 
-0.00718089 
-0.00853611 
-0.00988406 
-0.0112067 
-0.0124654 
-0.0136218 
-0.0146127 
-0.0153993 
-0.015896 
-0.016139 
-0.0161851 
-0.0160931 
-0.015895 
-0.0156004 
-0.0151883 
-0.0146202 
-0.0138475 
-0.0128315 
-0.0115764 
-0.010154 
-0.00869727 
-0.00728794 
-0.00592748 
-0.00462902 
-0.00339206 
-0.00220139 
-0.00103878 
0.000116337 
0.00126119 
0.00238686 
0.00346419 
0.00444956 
0.0052914 
0.0059068 
0.0062405 
0.00632458 
0.00617983 
0.00587156 
0.00545276 
0.0049865 
0.00452754 
0.00412164 
0.00380005 
0.00357692 
0.00345115 
0.0034089 
0.00342864 
0.00348452 
0.00355022 
0.00359981 
0.00361037 
0.00356042 
0.00343311 
0.00321207 
0.00288778 
0.00244855 
0.00189447 
0.00121836 
0.000438221 
-0.000438221 
0.000437066 
-0.000437066 
-0.00131258 
-0.00219584 
-0.00305556 
-0.00392767 
-0.004792 
-0.00566578 
-0.00653315 
-0.00739589 
-0.00823319 
-0.00903243 
-0.00974533 
-0.0103389 
-0.0107159 
-0.0109007 
-0.0109951 
-0.0110591 
-0.0111209 
-0.0111861 
-0.0112274 
-0.0111977 
-0.0110336 
-0.0106673 
-0.010063 
-0.00925009 
-0.00836269 
-0.00751243 
-0.00670873 
-0.00595307 
-0.00523483 
-0.00452502 
-0.00380159 
-0.0030399 
-0.00223096 
-0.00137431 
-0.000491248 
0.000391904 
0.00121729 
0.00192657 
0.00240316 
0.00267476 
0.00275501 
0.00270658 
0.0025635 
0.00236894 
0.00216116 
0.00197524 
0.00183949 
0.00177079 
0.00177468 
0.00184512 
0.00196772 
0.00212207 
0.00228552 
0.00243449 
0.00254727 
0.00260347 
0.00258644 
0.00248084 
0.00227647 
0.00196318 
0.00153944 
0.00100037 
0.000362843 
-0.000362843 
0.000203003 
-0.000203003 
-0.000606452 
-0.00100589 
-0.00135289 
-0.00169635 
-0.00200772 
-0.00231918 
-0.00261939 
-0.00293283 
-0.00325676 
-0.00361538 
-0.0039882 
-0.00436683 
-0.00459801 
-0.00475415 
-0.00495257 
-0.00523411 
-0.00561116 
-0.006083 
-0.00661824 
-0.00716841 
-0.00766604 
-0.00802694 
-0.00818225 
-0.00810646 
-0.0079119 
-0.0077357 
-0.00759782 
-0.00748546 
-0.0073814 
-0.00724653 
-0.0070536 
-0.00677105 
-0.00638351 
-0.0058826 
-0.00528062 
-0.00459499 
-0.00387369 
-0.00315623 
-0.00255029 
-0.00205783 
-0.00169549 
-0.00142113 
-0.00121675 
-0.0010607 
-0.000932381 
-0.000811213 
-0.000676075 
-0.000511537 
-0.000308299 
-6.59047e-05 
0.000208779 
0.000502133 
0.000797006 
0.00107398 
0.00131394 
0.00149868 
0.0016122 
0.00164125 
0.001575 
0.00140624 
0.00113152 
0.000749976 
0.000276773 
-0.000276773 
-7.16576e-05 
7.16576e-05 
0.000203064 
0.000336343 
0.000557803 
0.000795219 
0.00109023 
0.00139542 
0.00172056 
0.00202217 
0.00229159 
0.00247376 
0.00256947 
0.00253893 
0.00241953 
0.00216613 
0.00176863 
0.00119084 
0.000439919 
-0.00047985 
-0.00153622 
-0.00268573 
-0.00386715 
-0.00499299 
-0.00597679 
-0.00673741 
-0.00734 
-0.00793513 
-0.00855614 
-0.00917283 
-0.00976532 
-0.0102858 
-0.0107039 
-0.0109824 
-0.0110983 
-0.0110346 
-0.0107923 
-0.0103826 
-0.00984124 
-0.00920016 
-0.00852145 
-0.00780453 
-0.00710944 
-0.00644833 
-0.00583047 
-0.00525648 
-0.00472314 
-0.0042238 
-0.00374665 
-0.00328008 
-0.00281394 
-0.00234332 
-0.00186855 
-0.00139592 
-0.000935809 
-0.000501928 
-0.000109306 
0.000227229 
0.00049284 
0.000677791 
0.000770375 
0.000768029 
0.00066405 
0.000464094 
0.000179706 
-0.000179706 
-0.000385388 
0.000385388 
0.00110932 
0.00181642 
0.00264254 
0.00349448 
0.00441938 
0.00536363 
0.00632811 
0.00726181 
0.00813893 
0.00889591 
0.00950049 
0.00986964 
0.00987183 
0.00950246 
0.00885916 
0.00795074 
0.0067975 
0.00541568 
0.00383231 
0.00208551 
0.000223229 
-0.00167267 
-0.00351248 
-0.00517432 
-0.00665432 
-0.0080958 
-0.00954866 
-0.0109614 
-0.0123143 
-0.0135521 
-0.0146422 
-0.0155433 
-0.0162274 
-0.01667 
-0.0168594 
-0.0167927 
-0.0164823 
-0.0159391 
-0.0151947 
-0.0142732 
-0.0132512 
-0.0121893 
-0.0111332 
-0.0101093 
-0.00913315 
-0.00821207 
-0.00734472 
-0.0065253 
-0.0057455 
-0.00499837 
-0.00427962 
-0.00358925 
-0.00293106 
-0.00231223 
-0.00174239 
-0.00123127 
-0.000790745 
-0.000426738 
-0.00015137 
3.90012e-05 
0.000132369 
0.00014597 
7.65364e-05 
-7.65364e-05 
-0.000733132 
0.000733132 
0.00210558 
0.00342649 
0.00487609 
0.00635612 
0.00790796 
0.00947954 
0.0110574 
0.0125871 
0.0140224 
0.0152901 
0.0163157 
0.016983 
0.0171634 
0.0167922 
0.0159759 
0.0147757 
0.0132419 
0.0114087 
0.00930854 
0.00697874 
0.00446041 
0.00182012 
-0.000867184 
-0.00345935 
-0.00587145 
-0.00820979 
-0.0105445 
-0.0127981 
-0.0149522 
-0.0169444 
-0.0187404 
-0.0202965 
-0.0215805 
-0.022562 
-0.0232169 
-0.0235242 
-0.0234677 
-0.0230309 
-0.0222226 
-0.0211185 
-0.0198077 
-0.0183791 
-0.0169072 
-0.0154445 
-0.0140265 
-0.0126749 
-0.0113995 
-0.0102021 
-0.00907829 
-0.00802157 
-0.00702544 
-0.00608536 
-0.00519953 
-0.0043689 
-0.00359715 
-0.00288834 
-0.00224982 
-0.00168326 
-0.00119906 
-0.000787874 
-0.000465866 
-0.000201744 
-2.91923e-05 
2.91923e-05 
-0.00111389 
0.00111389 
0.00319278 
0.00516492 
0.0072413 
0.00934112 
0.0114925 
0.0136485 
0.0157813 
0.0178324 
0.0197378 
0.0214117 
0.0227529 
0.023636 
0.023958 
0.0236455 
0.0227614 
0.0213676 
0.0195316 
0.017306 
0.0147337 
0.011856 
0.00871434 
0.00536539 
0.00187314 
-0.00163916 
-0.00501406 
-0.0082755 
-0.0115174 
-0.0146331 
-0.0176035 
-0.020359 
-0.0228623 
-0.0250671 
-0.0269376 
-0.0284371 
-0.0295302 
-0.0301796 
-0.0303504 
-0.0300177 
-0.02919 
-0.0279661 
-0.0264418 
-0.0247225 
-0.0229018 
-0.0210541 
-0.019234 
-0.0174785 
-0.0158094 
-0.0142369 
-0.0127625 
-0.0113824 
-0.01009 
-0.00887829 
-0.00774141 
-0.00667498 
-0.00567692 
-0.00474567 
-0.00388326 
-0.00308722 
-0.00236464 
-0.00170275 
-0.00111962 
-0.000576201 
-0.000140513 
0.000140513 
-0.00152819 
0.00152819 
0.00437591 
0.00703804 
0.009737 
0.0124304 
0.0151354 
0.0178117 
0.0204213 
0.0229018 
0.0251775 
0.0271538 
0.0287215 
0.0297622 
0.0301911 
0.0299414 
0.0290439 
0.0275419 
0.0254954 
0.02296 
0.0199837 
0.0166118 
0.0128875 
0.00886745 
0.00461651 
0.000231863 
-0.00410756 
-0.00829757 
-0.0124463 
-0.0164222 
-0.0201986 
-0.0236995 
-0.0268818 
-0.0296959 
-0.0321015 
-0.0340571 
-0.0355218 
-0.0364535 
-0.0368163 
-0.0365941 
-0.0357992 
-0.0345285 
-0.0328788 
-0.0309626 
-0.0288845 
-0.0267341 
-0.0245816 
-0.0224779 
-0.0204567 
-0.0185376 
-0.016729 
-0.0150311 
-0.013439 
-0.0119452 
-0.0105413 
-0.00921873 
-0.00797069 
-0.0067906 
-0.0056755 
-0.00461938 
-0.00362571 
-0.00268154 
-0.0018054 
-0.000964944 
-0.000256473 
0.000256473 
-0.00197436 
0.00197436 
0.00565463 
0.00904896 
0.0123682 
0.0156198 
0.0188215 
0.0219426 
0.0249424 
0.0277571 
0.0303073 
0.0324968 
0.0342207 
0.0353733 
0.0358808 
0.0356875 
0.0348005 
0.0332422 
0.0310536 
0.0282811 
0.0249691 
0.0211632 
0.0169072 
0.0122597 
0.0072874 
0.00208988 
-0.00317557 
-0.00828508 
-0.0133155 
-0.0181279 
-0.022678 
-0.0268854 
-0.0306985 
-0.0340641 
-0.0369384 
-0.0392789 
-0.0410461 
-0.0422043 
-0.0427289 
-0.0426179 
-0.0418907 
-0.0406327 
-0.0389369 
-0.0369146 
-0.0346742 
-0.0323131 
-0.0299121 
-0.027533 
-0.0252198 
-0.0230008 
-0.0208912 
-0.0188963 
-0.0170139 
-0.0152369 
-0.0135559 
-0.0119598 
-0.0104383 
-0.00898139 
-0.0075823 
-0.00623316 
-0.00493539 
-0.00367975 
-0.00248758 
-0.00134664 
-0.00037114 
0.00037114 
-0.0024453 
0.0024453 
0.00701267 
0.0111813 
0.0151284 
0.0189082 
0.0225524 
0.0260468 
0.0293563 
0.0324221 
0.0351681 
0.0375039 
0.0393335 
0.0405641 
0.0411286 
0.040976 
0.040097 
0.0384965 
0.0361976 
0.0332321 
0.0296348 
0.0254457 
0.0207062 
0.0154786 
0.00982755 
0.0038745 
-0.00225251 
-0.00825038 
-0.0141145 
-0.0197176 
-0.0249899 
-0.0298494 
-0.0342353 
-0.0380919 
-0.041374 
-0.0440421 
-0.0460637 
-0.0474144 
-0.0480835 
-0.0480826 
-0.0474393 
-0.0462302 
-0.0445436 
-0.0424853 
-0.0401618 
-0.0376725 
-0.0351029 
-0.0325216 
-0.02998 
-0.0275133 
-0.0251427 
-0.0228779 
-0.0207197 
-0.0186627 
-0.0166972 
-0.0148117 
-0.012994 
-0.0112326 
-0.00951945 
-0.00784738 
-0.00621908 
-0.00463357 
-0.00312042 
-0.0016946 
-0.000476384 
0.000476384 
-0.00292005 
0.00292005 
0.00839191 
0.0133558 
